/*--------------------------------*- C++ -*----------------------------------*\
| =========                 |                                                 |
| \\      /  F ield         | foam-extend: Open Source CFD                    |
|  \\    /   O peration     | Version:     4.0                                |
|   \\  /    A nd           | Web:         http://www.foam-extend.org         |
|    \\/     M anipulation  |                                                 |
\*---------------------------------------------------------------------------*/
FoamFile
{
    version     2.0;
    format      ascii;
    class       volScalarField;
    location    "24";
    object      cMinus;
}
// * * * * * * * * * * * * * * * * * * * * * * * * * * * * * * * * * * * * * //

dimensions      [0 -3 0 0 0 0 0];

internalField   nonuniform List<scalar> 
6960
(
2.01168e-51
2.01168e-51
2.01168e-51
2.01168e-51
2.01168e-51
2.01168e-51
2.01168e-51
2.01168e-51
2.01168e-51
2.01168e-51
2.01168e-51
2.01168e-51
2.01168e-51
2.01168e-51
2.01168e-51
2.01168e-51
2.01168e-51
2.01168e-51
2.01168e-51
2.01168e-51
2.01168e-51
2.01168e-51
2.01168e-51
2.01168e-51
2.01168e-51
2.01168e-51
2.01168e-51
2.01168e-51
2.01168e-51
2.01168e-51
2.01168e-51
2.01168e-51
2.01168e-51
2.01168e-51
2.01168e-51
2.01168e-51
2.01168e-51
2.01168e-51
2.01168e-51
2.01168e-51
2.01168e-51
2.01168e-51
2.01168e-51
2.01168e-51
2.01168e-51
2.01168e-51
2.01168e-51
2.01168e-51
2.01168e-51
2.01168e-51
2.01168e-51
2.01168e-51
2.01168e-51
2.01168e-51
2.01168e-51
2.01168e-51
2.01168e-51
2.01168e-51
2.01168e-51
2.01168e-51
2.22749e-51
2.22749e-51
2.22749e-51
2.22749e-51
2.22749e-51
2.22749e-51
2.22749e-51
2.22749e-51
2.22749e-51
2.22749e-51
2.22749e-51
2.22749e-51
2.22749e-51
2.22749e-51
2.22749e-51
2.22749e-51
2.22749e-51
2.22749e-51
2.22749e-51
2.22749e-51
2.22749e-51
2.22749e-51
2.22749e-51
2.22749e-51
2.22749e-51
2.22749e-51
2.22749e-51
2.22749e-51
2.22749e-51
2.22749e-51
2.22749e-51
2.22749e-51
2.22749e-51
2.22749e-51
2.22749e-51
2.22749e-51
2.22749e-51
2.22749e-51
2.22749e-51
2.22749e-51
2.22749e-51
2.22749e-51
2.22749e-51
2.22749e-51
2.22749e-51
2.22749e-51
2.22749e-51
2.22749e-51
2.22749e-51
2.22749e-51
2.22749e-51
2.22749e-51
2.22749e-51
2.22749e-51
2.22749e-51
2.22749e-51
2.22749e-51
2.22749e-51
2.22749e-51
2.22749e-51
2.47403e-51
2.47403e-51
2.47403e-51
2.47403e-51
2.47403e-51
2.47403e-51
2.47403e-51
2.47403e-51
2.47403e-51
2.47403e-51
2.47403e-51
2.47403e-51
2.47403e-51
2.47403e-51
2.47403e-51
2.47403e-51
2.47403e-51
2.47403e-51
2.47403e-51
2.47403e-51
2.47403e-51
2.47403e-51
2.47403e-51
2.47403e-51
2.47403e-51
2.47403e-51
2.47403e-51
2.47403e-51
2.47403e-51
2.47403e-51
2.47403e-51
2.47403e-51
2.47403e-51
2.47403e-51
2.47403e-51
2.47403e-51
2.47403e-51
2.47403e-51
2.47403e-51
2.47403e-51
2.47403e-51
2.47403e-51
2.47403e-51
2.47403e-51
2.47403e-51
2.47403e-51
2.47403e-51
2.47403e-51
2.47403e-51
2.47403e-51
2.47403e-51
2.47403e-51
2.47403e-51
2.47403e-51
2.47403e-51
2.47403e-51
2.47403e-51
2.47403e-51
2.47403e-51
2.47403e-51
2.75653e-51
2.75653e-51
2.75653e-51
2.75653e-51
2.75653e-51
2.75653e-51
2.75653e-51
2.75653e-51
2.75653e-51
2.75653e-51
2.75653e-51
2.75653e-51
2.75653e-51
2.75653e-51
2.75653e-51
2.75653e-51
2.75653e-51
2.75653e-51
2.75653e-51
2.75653e-51
2.75653e-51
2.75653e-51
2.75653e-51
2.75653e-51
2.75653e-51
2.75653e-51
2.75653e-51
2.75653e-51
2.75653e-51
2.75653e-51
2.75653e-51
2.75653e-51
2.75653e-51
2.75653e-51
2.75653e-51
2.75653e-51
2.75653e-51
2.75653e-51
2.75653e-51
2.75653e-51
2.75653e-51
2.75653e-51
2.75653e-51
2.75653e-51
2.75653e-51
2.75653e-51
2.75653e-51
2.75653e-51
2.75653e-51
2.75653e-51
2.75653e-51
2.75653e-51
2.75653e-51
2.75653e-51
2.75653e-51
2.75653e-51
2.75653e-51
2.75653e-51
2.75653e-51
2.75653e-51
3.08129e-51
3.08129e-51
3.08129e-51
3.08129e-51
3.08129e-51
3.08129e-51
3.08129e-51
3.08129e-51
3.08129e-51
3.08129e-51
3.08129e-51
3.08129e-51
3.08129e-51
3.08129e-51
3.08129e-51
3.08129e-51
3.08129e-51
3.08129e-51
3.08129e-51
3.08129e-51
3.08129e-51
3.08129e-51
3.08129e-51
3.08129e-51
3.08129e-51
3.08129e-51
3.08129e-51
3.08129e-51
3.08129e-51
3.08129e-51
3.08129e-51
3.08129e-51
3.08129e-51
3.08129e-51
3.08129e-51
3.08129e-51
3.08129e-51
3.08129e-51
3.08129e-51
3.08129e-51
3.08129e-51
3.08129e-51
3.08129e-51
3.08129e-51
3.08129e-51
3.08129e-51
3.08129e-51
3.08129e-51
3.08129e-51
3.08129e-51
3.08129e-51
3.08129e-51
3.08129e-51
3.08129e-51
3.08129e-51
3.08129e-51
3.08129e-51
3.08129e-51
3.08129e-51
3.08129e-51
3.45586e-51
3.45586e-51
3.45586e-51
3.45586e-51
3.45586e-51
3.45586e-51
3.45586e-51
3.45586e-51
3.45586e-51
3.45586e-51
3.45586e-51
3.45586e-51
3.45586e-51
3.45586e-51
3.45586e-51
3.45586e-51
3.45586e-51
3.45586e-51
3.45586e-51
3.45586e-51
3.45586e-51
3.45586e-51
3.45586e-51
3.45586e-51
3.45586e-51
3.45586e-51
3.45586e-51
3.45586e-51
3.45586e-51
3.45586e-51
3.45586e-51
3.45586e-51
3.45586e-51
3.45586e-51
3.45586e-51
3.45586e-51
3.45586e-51
3.45586e-51
3.45586e-51
3.45586e-51
3.45586e-51
3.45586e-51
3.45586e-51
3.45586e-51
3.45586e-51
3.45586e-51
3.45586e-51
3.45586e-51
3.45586e-51
3.45586e-51
3.45586e-51
3.45586e-51
3.45586e-51
3.45586e-51
3.45586e-51
3.45586e-51
3.45586e-51
3.45586e-51
3.45586e-51
3.45586e-51
3.88935e-51
3.88935e-51
3.88935e-51
3.88935e-51
3.88935e-51
3.88935e-51
3.88935e-51
3.88935e-51
3.88935e-51
3.88935e-51
3.88935e-51
3.88935e-51
3.88935e-51
3.88935e-51
3.88935e-51
3.88935e-51
3.88935e-51
3.88935e-51
3.88935e-51
3.88935e-51
3.88935e-51
3.88935e-51
3.88935e-51
3.88935e-51
3.88935e-51
3.88935e-51
3.88935e-51
3.88935e-51
3.88935e-51
3.88935e-51
3.88935e-51
3.88935e-51
3.88935e-51
3.88935e-51
3.88935e-51
3.88935e-51
3.88935e-51
3.88935e-51
3.88935e-51
3.88935e-51
3.88935e-51
3.88935e-51
3.88935e-51
3.88935e-51
3.88935e-51
3.88935e-51
3.88935e-51
3.88935e-51
3.88935e-51
3.88935e-51
3.88935e-51
3.88935e-51
3.88935e-51
3.88935e-51
3.88935e-51
3.88935e-51
3.88935e-51
3.88935e-51
3.88935e-51
3.88935e-51
4.3928e-51
4.3928e-51
4.3928e-51
4.3928e-51
4.3928e-51
4.3928e-51
4.3928e-51
4.3928e-51
4.3928e-51
4.3928e-51
4.3928e-51
4.3928e-51
4.3928e-51
4.3928e-51
4.3928e-51
4.3928e-51
4.3928e-51
4.3928e-51
4.3928e-51
4.3928e-51
4.3928e-51
4.3928e-51
4.3928e-51
4.3928e-51
4.3928e-51
4.3928e-51
4.3928e-51
4.3928e-51
4.3928e-51
4.3928e-51
4.3928e-51
4.3928e-51
4.3928e-51
4.3928e-51
4.3928e-51
4.3928e-51
4.3928e-51
4.3928e-51
4.3928e-51
4.3928e-51
4.3928e-51
4.3928e-51
4.3928e-51
4.3928e-51
4.3928e-51
4.3928e-51
4.3928e-51
4.3928e-51
4.3928e-51
4.3928e-51
4.3928e-51
4.3928e-51
4.3928e-51
4.3928e-51
4.3928e-51
4.3928e-51
4.3928e-51
4.3928e-51
4.3928e-51
4.3928e-51
4.9796e-51
4.9796e-51
4.9796e-51
4.9796e-51
4.9796e-51
4.9796e-51
4.9796e-51
4.9796e-51
4.9796e-51
4.9796e-51
4.9796e-51
4.9796e-51
4.9796e-51
4.9796e-51
4.9796e-51
4.9796e-51
4.9796e-51
4.9796e-51
4.9796e-51
4.9796e-51
4.9796e-51
4.9796e-51
4.9796e-51
4.9796e-51
4.9796e-51
4.9796e-51
4.9796e-51
4.9796e-51
4.9796e-51
4.9796e-51
4.9796e-51
4.9796e-51
4.9796e-51
4.9796e-51
4.9796e-51
4.9796e-51
4.9796e-51
4.9796e-51
4.9796e-51
4.9796e-51
4.9796e-51
4.9796e-51
4.9796e-51
4.9796e-51
4.9796e-51
4.9796e-51
4.9796e-51
4.9796e-51
4.9796e-51
4.9796e-51
4.9796e-51
4.9796e-51
4.9796e-51
4.9796e-51
4.9796e-51
4.9796e-51
4.9796e-51
4.9796e-51
4.9796e-51
4.9796e-51
5.66612e-51
5.66612e-51
5.66612e-51
5.66612e-51
5.66612e-51
5.66612e-51
5.66612e-51
5.66612e-51
5.66612e-51
5.66612e-51
5.66612e-51
5.66612e-51
5.66612e-51
5.66612e-51
5.66612e-51
5.66612e-51
5.66612e-51
5.66612e-51
5.66612e-51
5.66612e-51
5.66612e-51
5.66612e-51
5.66612e-51
5.66612e-51
5.66612e-51
5.66612e-51
5.66612e-51
5.66612e-51
5.66612e-51
5.66612e-51
5.66612e-51
5.66612e-51
5.66612e-51
5.66612e-51
5.66612e-51
5.66612e-51
5.66612e-51
5.66612e-51
5.66612e-51
5.66612e-51
5.66612e-51
5.66612e-51
5.66612e-51
5.66612e-51
5.66612e-51
5.66612e-51
5.66612e-51
5.66612e-51
5.66612e-51
5.66612e-51
5.66612e-51
5.66612e-51
5.66612e-51
5.66612e-51
5.66612e-51
5.66612e-51
5.66612e-51
5.66612e-51
5.66612e-51
5.66612e-51
6.47237e-51
6.47237e-51
6.47237e-51
6.47237e-51
6.47237e-51
6.47237e-51
6.47237e-51
6.47237e-51
6.47237e-51
6.47237e-51
6.47237e-51
6.47237e-51
6.47237e-51
6.47237e-51
6.47237e-51
6.47237e-51
6.47237e-51
6.47237e-51
6.47237e-51
6.47237e-51
6.47237e-51
6.47237e-51
6.47237e-51
6.47237e-51
6.47237e-51
6.47237e-51
6.47237e-51
6.47237e-51
6.47237e-51
6.47237e-51
6.47237e-51
6.47237e-51
6.47237e-51
6.47237e-51
6.47237e-51
6.47237e-51
6.47237e-51
6.47237e-51
6.47237e-51
6.47237e-51
6.47237e-51
6.47237e-51
6.47237e-51
6.47237e-51
6.47237e-51
6.47237e-51
6.47237e-51
6.47237e-51
6.47237e-51
6.47237e-51
6.47237e-51
6.47237e-51
6.47237e-51
6.47237e-51
6.47237e-51
6.47237e-51
6.47237e-51
6.47237e-51
6.47237e-51
6.47237e-51
7.42299e-51
7.42299e-51
7.42299e-51
7.42299e-51
7.42299e-51
7.42299e-51
7.42299e-51
7.42299e-51
7.42299e-51
7.42299e-51
7.42299e-51
7.42299e-51
7.42299e-51
7.42299e-51
7.42299e-51
7.42299e-51
7.42299e-51
7.42299e-51
7.42299e-51
7.42299e-51
7.42299e-51
7.42299e-51
7.42299e-51
7.42299e-51
7.42299e-51
7.42299e-51
7.42299e-51
7.42299e-51
7.42299e-51
7.42299e-51
7.42299e-51
7.42299e-51
7.42299e-51
7.42299e-51
7.42299e-51
7.42299e-51
7.42299e-51
7.42299e-51
7.42299e-51
7.42299e-51
7.42299e-51
7.42299e-51
7.42299e-51
7.42299e-51
7.42299e-51
7.42299e-51
7.42299e-51
7.42299e-51
7.42299e-51
7.42299e-51
7.42299e-51
7.42299e-51
7.42299e-51
7.42299e-51
7.42299e-51
7.42299e-51
7.42299e-51
7.42299e-51
7.42299e-51
7.42299e-51
8.54841e-51
8.54841e-51
8.54841e-51
8.54841e-51
8.54841e-51
8.54841e-51
8.54841e-51
8.54841e-51
8.54841e-51
8.54841e-51
8.54841e-51
8.54841e-51
8.54841e-51
8.54841e-51
8.54841e-51
8.54841e-51
8.54841e-51
8.54841e-51
8.54841e-51
8.54841e-51
8.54841e-51
8.54841e-51
8.54841e-51
8.54841e-51
8.54841e-51
8.54841e-51
8.54841e-51
8.54841e-51
8.54841e-51
8.54841e-51
8.54841e-51
8.54841e-51
8.54841e-51
8.54841e-51
8.54841e-51
8.54841e-51
8.54841e-51
8.54841e-51
8.54841e-51
8.54841e-51
8.54841e-51
8.54841e-51
8.54841e-51
8.54841e-51
8.54841e-51
8.54841e-51
8.54841e-51
8.54841e-51
8.54841e-51
8.54841e-51
8.54841e-51
8.54841e-51
8.54841e-51
8.54841e-51
8.54841e-51
8.54841e-51
8.54841e-51
8.54841e-51
8.54841e-51
8.54841e-51
9.88636e-51
9.88636e-51
9.88636e-51
9.88636e-51
9.88636e-51
9.88636e-51
9.88636e-51
9.88636e-51
9.88636e-51
9.88636e-51
9.88636e-51
9.88636e-51
9.88636e-51
9.88636e-51
9.88636e-51
9.88636e-51
9.88636e-51
9.88636e-51
9.88636e-51
9.88636e-51
9.88636e-51
9.88636e-51
9.88636e-51
9.88636e-51
9.88636e-51
9.88636e-51
9.88636e-51
9.88636e-51
9.88636e-51
9.88636e-51
9.88636e-51
9.88636e-51
9.88636e-51
9.88636e-51
9.88636e-51
9.88636e-51
9.88636e-51
9.88636e-51
9.88636e-51
9.88636e-51
9.88636e-51
9.88636e-51
9.88636e-51
9.88636e-51
9.88636e-51
9.88636e-51
9.88636e-51
9.88636e-51
9.88636e-51
9.88636e-51
9.88636e-51
9.88636e-51
9.88636e-51
9.88636e-51
9.88636e-51
9.88636e-51
9.88636e-51
9.88636e-51
9.88636e-51
9.88636e-51
1.14839e-50
1.14839e-50
1.14839e-50
1.14839e-50
1.14839e-50
1.14839e-50
1.14839e-50
1.14839e-50
1.14839e-50
1.14839e-50
1.14839e-50
1.14839e-50
1.14839e-50
1.14839e-50
1.14839e-50
1.14839e-50
1.14839e-50
1.14839e-50
1.14839e-50
1.14839e-50
1.14839e-50
1.14839e-50
1.14839e-50
1.14839e-50
1.14839e-50
1.14839e-50
1.14839e-50
1.14839e-50
1.14839e-50
1.14839e-50
1.14839e-50
1.14839e-50
1.14839e-50
1.14839e-50
1.14839e-50
1.14839e-50
1.14839e-50
1.14839e-50
1.14839e-50
1.14839e-50
1.14839e-50
1.14839e-50
1.14839e-50
1.14839e-50
1.14839e-50
1.14839e-50
1.14839e-50
1.14839e-50
1.14839e-50
1.14839e-50
1.14839e-50
1.14839e-50
1.14839e-50
1.14839e-50
1.14839e-50
1.14839e-50
1.14839e-50
1.14839e-50
1.14839e-50
1.14839e-50
1.33998e-50
1.33998e-50
1.33998e-50
1.33998e-50
1.33998e-50
1.33998e-50
1.33998e-50
1.33998e-50
1.33998e-50
1.33998e-50
1.33998e-50
1.33998e-50
1.33998e-50
1.33998e-50
1.33998e-50
1.33998e-50
1.33998e-50
1.33998e-50
1.33998e-50
1.33998e-50
1.33998e-50
1.33998e-50
1.33998e-50
1.33998e-50
1.33998e-50
1.33998e-50
1.33998e-50
1.33998e-50
1.33998e-50
1.33998e-50
1.33998e-50
1.33998e-50
1.33998e-50
1.33998e-50
1.33998e-50
1.33998e-50
1.33998e-50
1.33998e-50
1.33998e-50
1.33998e-50
1.33998e-50
1.33998e-50
1.33998e-50
1.33998e-50
1.33998e-50
1.33998e-50
1.33998e-50
1.33998e-50
1.33998e-50
1.33998e-50
1.33998e-50
1.33998e-50
1.33998e-50
1.33998e-50
1.33998e-50
1.33998e-50
1.33998e-50
1.33998e-50
1.33998e-50
1.33998e-50
1.57081e-50
1.57081e-50
1.57081e-50
1.57081e-50
1.57081e-50
1.57081e-50
1.57081e-50
1.57081e-50
1.57081e-50
1.57081e-50
1.57081e-50
1.57081e-50
1.57081e-50
1.57081e-50
1.57081e-50
1.57081e-50
1.57081e-50
1.57081e-50
1.57081e-50
1.57081e-50
1.57081e-50
1.57081e-50
1.57081e-50
1.57081e-50
1.57081e-50
1.57081e-50
1.57081e-50
1.57081e-50
1.57081e-50
1.57081e-50
1.57081e-50
1.57081e-50
1.57081e-50
1.57081e-50
1.57081e-50
1.57081e-50
1.57081e-50
1.57081e-50
1.57081e-50
1.57081e-50
1.57081e-50
1.57081e-50
1.57081e-50
1.57081e-50
1.57081e-50
1.57081e-50
1.57081e-50
1.57081e-50
1.57081e-50
1.57081e-50
1.57081e-50
1.57081e-50
1.57081e-50
1.57081e-50
1.57081e-50
1.57081e-50
1.57081e-50
1.57081e-50
1.57081e-50
1.57081e-50
1.85025e-50
1.85025e-50
1.85025e-50
1.85025e-50
1.85025e-50
1.85025e-50
1.85025e-50
1.85025e-50
1.85025e-50
1.85025e-50
1.85025e-50
1.85025e-50
1.85025e-50
1.85025e-50
1.85025e-50
1.85025e-50
1.85025e-50
1.85025e-50
1.85025e-50
1.85025e-50
1.85025e-50
1.85025e-50
1.85025e-50
1.85025e-50
1.85025e-50
1.85025e-50
1.85025e-50
1.85025e-50
1.85025e-50
1.85025e-50
1.85025e-50
1.85025e-50
1.85025e-50
1.85025e-50
1.85025e-50
1.85025e-50
1.85025e-50
1.85025e-50
1.85025e-50
1.85025e-50
1.85025e-50
1.85025e-50
1.85025e-50
1.85025e-50
1.85025e-50
1.85025e-50
1.85025e-50
1.85025e-50
1.85025e-50
1.85025e-50
1.85025e-50
1.85025e-50
1.85025e-50
1.85025e-50
1.85025e-50
1.85025e-50
1.85025e-50
1.85025e-50
1.85025e-50
1.85025e-50
2.19017e-50
2.19017e-50
2.19017e-50
2.19017e-50
2.19017e-50
2.19017e-50
2.19017e-50
2.19017e-50
2.19017e-50
2.19017e-50
2.19017e-50
2.19017e-50
2.19017e-50
2.19017e-50
2.19017e-50
2.19017e-50
2.19017e-50
2.19017e-50
2.19017e-50
2.19017e-50
2.19017e-50
2.19017e-50
2.19017e-50
2.19017e-50
2.19017e-50
2.19017e-50
2.19017e-50
2.19017e-50
2.19017e-50
2.19017e-50
2.19017e-50
2.19017e-50
2.19017e-50
2.19017e-50
2.19017e-50
2.19017e-50
2.19017e-50
2.19017e-50
2.19017e-50
2.19017e-50
2.19017e-50
2.19017e-50
2.19017e-50
2.19017e-50
2.19017e-50
2.19017e-50
2.19017e-50
2.19017e-50
2.19017e-50
2.19017e-50
2.19017e-50
2.19017e-50
2.19017e-50
2.19017e-50
2.19017e-50
2.19017e-50
2.19017e-50
2.19017e-50
2.19017e-50
2.19017e-50
2.60574e-50
2.60574e-50
2.60574e-50
2.60574e-50
2.60574e-50
2.60574e-50
2.60574e-50
2.60574e-50
2.60574e-50
2.60574e-50
2.60574e-50
2.60574e-50
2.60574e-50
2.60574e-50
2.60574e-50
2.60574e-50
2.60574e-50
2.60574e-50
2.60574e-50
2.60574e-50
2.60574e-50
2.60574e-50
2.60574e-50
2.60574e-50
2.60574e-50
2.60574e-50
2.60574e-50
2.60574e-50
2.60574e-50
2.60574e-50
2.60574e-50
2.60574e-50
2.60574e-50
2.60574e-50
2.60574e-50
2.60574e-50
2.60574e-50
2.60574e-50
2.60574e-50
2.60574e-50
2.60574e-50
2.60574e-50
2.60574e-50
2.60574e-50
2.60574e-50
2.60574e-50
2.60574e-50
2.60574e-50
2.60574e-50
2.60574e-50
2.60574e-50
2.60574e-50
2.60574e-50
2.60574e-50
2.60574e-50
2.60574e-50
2.60574e-50
2.60574e-50
2.60574e-50
2.60574e-50
3.11644e-50
3.11644e-50
3.11644e-50
3.11644e-50
3.11644e-50
3.11644e-50
3.11644e-50
3.11644e-50
3.11644e-50
3.11644e-50
3.11644e-50
3.11644e-50
3.11644e-50
3.11644e-50
3.11644e-50
3.11644e-50
3.11644e-50
3.11644e-50
3.11644e-50
3.11644e-50
3.11644e-50
3.11644e-50
3.11644e-50
3.11644e-50
3.11644e-50
3.11644e-50
3.11644e-50
3.11644e-50
3.11644e-50
3.11644e-50
3.11644e-50
3.11644e-50
3.11644e-50
3.11644e-50
3.11644e-50
3.11644e-50
3.11644e-50
3.11644e-50
3.11644e-50
3.11644e-50
3.11644e-50
3.11644e-50
3.11644e-50
3.11644e-50
3.11644e-50
3.11644e-50
3.11644e-50
3.11644e-50
3.11644e-50
3.11644e-50
3.11644e-50
3.11644e-50
3.11644e-50
3.11644e-50
3.11644e-50
3.11644e-50
3.11644e-50
3.11644e-50
3.11644e-50
3.11644e-50
3.7474e-50
3.7474e-50
3.7474e-50
3.7474e-50
3.7474e-50
3.7474e-50
3.7474e-50
3.7474e-50
3.7474e-50
3.7474e-50
3.7474e-50
3.7474e-50
3.7474e-50
3.7474e-50
3.7474e-50
3.7474e-50
3.7474e-50
3.7474e-50
3.7474e-50
3.7474e-50
3.7474e-50
3.7474e-50
3.7474e-50
3.7474e-50
3.7474e-50
3.7474e-50
3.7474e-50
3.7474e-50
3.7474e-50
3.7474e-50
3.7474e-50
3.7474e-50
3.7474e-50
3.7474e-50
3.7474e-50
3.7474e-50
3.7474e-50
3.7474e-50
3.7474e-50
3.7474e-50
3.7474e-50
3.7474e-50
3.7474e-50
3.7474e-50
3.7474e-50
3.7474e-50
3.7474e-50
3.7474e-50
3.7474e-50
3.7474e-50
3.7474e-50
3.7474e-50
3.7474e-50
3.7474e-50
3.7474e-50
3.7474e-50
3.7474e-50
3.7474e-50
3.7474e-50
3.7474e-50
4.53122e-50
4.53122e-50
4.53122e-50
4.53122e-50
4.53122e-50
4.53122e-50
4.53122e-50
4.53122e-50
4.53122e-50
4.53122e-50
4.53122e-50
4.53122e-50
4.53122e-50
4.53122e-50
4.53122e-50
4.53122e-50
4.53122e-50
4.53122e-50
4.53122e-50
4.53122e-50
4.53122e-50
4.53122e-50
4.53122e-50
4.53122e-50
4.53122e-50
4.53122e-50
4.53122e-50
4.53122e-50
4.53122e-50
4.53122e-50
4.53122e-50
4.53122e-50
4.53122e-50
4.53122e-50
4.53122e-50
4.53122e-50
4.53122e-50
4.53122e-50
4.53122e-50
4.53122e-50
4.53122e-50
4.53122e-50
4.53122e-50
4.53122e-50
4.53122e-50
4.53122e-50
4.53122e-50
4.53122e-50
4.53122e-50
4.53122e-50
4.53122e-50
4.53122e-50
4.53122e-50
4.53122e-50
4.53122e-50
4.53122e-50
4.53122e-50
4.53122e-50
4.53122e-50
4.53122e-50
5.51047e-50
5.51047e-50
5.51047e-50
5.51047e-50
5.51047e-50
5.51047e-50
5.51047e-50
5.51047e-50
5.51047e-50
5.51047e-50
5.51047e-50
5.51047e-50
5.51047e-50
5.51047e-50
5.51047e-50
5.51047e-50
5.51047e-50
5.51047e-50
5.51047e-50
5.51047e-50
5.51047e-50
5.51047e-50
5.51047e-50
5.51047e-50
5.51047e-50
5.51047e-50
5.51047e-50
5.51047e-50
5.51047e-50
5.51047e-50
5.51047e-50
5.51047e-50
5.51047e-50
5.51047e-50
5.51047e-50
5.51047e-50
5.51047e-50
5.51047e-50
5.51047e-50
5.51047e-50
5.51047e-50
5.51047e-50
5.51047e-50
5.51047e-50
5.51047e-50
5.51047e-50
5.51047e-50
5.51047e-50
5.51047e-50
5.51047e-50
5.51047e-50
5.51047e-50
5.51047e-50
5.51047e-50
5.51047e-50
5.51047e-50
5.51047e-50
5.51047e-50
5.51047e-50
5.51047e-50
6.74103e-50
6.74103e-50
6.74103e-50
6.74103e-50
6.74103e-50
6.74103e-50
6.74103e-50
6.74103e-50
6.74103e-50
6.74103e-50
6.74103e-50
6.74103e-50
6.74103e-50
6.74103e-50
6.74103e-50
6.74103e-50
6.74103e-50
6.74103e-50
6.74103e-50
6.74103e-50
6.74103e-50
6.74103e-50
6.74103e-50
6.74103e-50
6.74103e-50
6.74103e-50
6.74103e-50
6.74103e-50
6.74103e-50
6.74103e-50
6.74103e-50
6.74103e-50
6.74103e-50
6.74103e-50
6.74103e-50
6.74103e-50
6.74103e-50
6.74103e-50
6.74103e-50
6.74103e-50
6.74103e-50
6.74103e-50
6.74103e-50
6.74103e-50
6.74103e-50
6.74103e-50
6.74103e-50
6.74103e-50
6.74103e-50
6.74103e-50
6.74103e-50
6.74103e-50
6.74103e-50
6.74103e-50
6.74103e-50
6.74103e-50
6.74103e-50
6.74103e-50
6.74103e-50
6.74103e-50
8.29671e-50
8.29671e-50
8.29671e-50
8.29671e-50
8.29671e-50
8.29671e-50
8.29671e-50
8.29671e-50
8.29671e-50
8.29671e-50
8.29671e-50
8.29671e-50
8.29671e-50
8.29671e-50
8.29671e-50
8.29671e-50
8.29671e-50
8.29671e-50
8.29671e-50
8.29671e-50
8.29671e-50
8.29671e-50
8.29671e-50
8.29671e-50
8.29671e-50
8.29671e-50
8.29671e-50
8.29671e-50
8.29671e-50
8.29671e-50
8.29671e-50
8.29671e-50
8.29671e-50
8.29671e-50
8.29671e-50
8.29671e-50
8.29671e-50
8.29671e-50
8.29671e-50
8.29671e-50
8.29671e-50
8.29671e-50
8.29671e-50
8.29671e-50
8.29671e-50
8.29671e-50
8.29671e-50
8.29671e-50
8.29671e-50
8.29671e-50
8.29671e-50
8.29671e-50
8.29671e-50
8.29671e-50
8.29671e-50
8.29671e-50
8.29671e-50
8.29671e-50
8.29671e-50
8.29671e-50
1.02756e-49
1.02756e-49
1.02756e-49
1.02756e-49
1.02756e-49
1.02756e-49
1.02756e-49
1.02756e-49
1.02756e-49
1.02756e-49
1.02756e-49
1.02756e-49
1.02756e-49
1.02756e-49
1.02756e-49
1.02756e-49
1.02756e-49
1.02756e-49
1.02756e-49
1.02756e-49
1.02756e-49
1.02756e-49
1.02756e-49
1.02756e-49
1.02756e-49
1.02756e-49
1.02756e-49
1.02756e-49
1.02756e-49
1.02756e-49
1.02756e-49
1.02756e-49
1.02756e-49
1.02756e-49
1.02756e-49
1.02756e-49
1.02756e-49
1.02756e-49
1.02756e-49
1.02756e-49
1.02756e-49
1.02756e-49
1.02756e-49
1.02756e-49
1.02756e-49
1.02756e-49
1.02756e-49
1.02756e-49
1.02756e-49
1.02756e-49
1.02756e-49
1.02756e-49
1.02756e-49
1.02756e-49
1.02756e-49
1.02756e-49
1.02756e-49
1.02756e-49
1.02756e-49
1.02756e-49
1.28091e-49
1.28091e-49
1.28091e-49
1.28091e-49
1.28091e-49
1.28091e-49
1.28091e-49
1.28091e-49
1.28091e-49
1.28091e-49
1.28091e-49
1.28091e-49
1.28091e-49
1.28091e-49
1.28091e-49
1.28091e-49
1.28091e-49
1.28091e-49
1.28091e-49
1.28091e-49
1.28091e-49
1.28091e-49
1.28091e-49
1.28091e-49
1.28091e-49
1.28091e-49
1.28091e-49
1.28091e-49
1.28091e-49
1.28091e-49
1.28091e-49
1.28091e-49
1.28091e-49
1.28091e-49
1.28091e-49
1.28091e-49
1.28091e-49
1.28091e-49
1.28091e-49
1.28091e-49
1.28091e-49
1.28091e-49
1.28091e-49
1.28091e-49
1.28091e-49
1.28091e-49
1.28091e-49
1.28091e-49
1.28091e-49
1.28091e-49
1.28091e-49
1.28091e-49
1.28091e-49
1.28091e-49
1.28091e-49
1.28091e-49
1.28091e-49
1.28091e-49
1.28091e-49
1.28091e-49
1.60738e-49
1.60738e-49
1.60738e-49
1.60738e-49
1.60738e-49
1.60738e-49
1.60738e-49
1.60738e-49
1.60738e-49
1.60738e-49
1.60738e-49
1.60738e-49
1.60738e-49
1.60738e-49
1.60738e-49
1.60738e-49
1.60738e-49
1.60738e-49
1.60738e-49
1.60738e-49
1.60738e-49
1.60738e-49
1.60738e-49
1.60738e-49
1.60738e-49
1.60738e-49
1.60738e-49
1.60738e-49
1.60738e-49
1.60738e-49
1.60738e-49
1.60738e-49
1.60738e-49
1.60738e-49
1.60738e-49
1.60738e-49
1.60738e-49
1.60738e-49
1.60738e-49
1.60738e-49
1.60738e-49
1.60738e-49
1.60738e-49
1.60738e-49
1.60738e-49
1.60738e-49
1.60738e-49
1.60738e-49
1.60738e-49
1.60738e-49
1.60738e-49
1.60738e-49
1.60738e-49
1.60738e-49
1.60738e-49
1.60738e-49
1.60738e-49
1.60738e-49
1.60738e-49
1.60738e-49
2.03096e-49
2.03096e-49
2.03096e-49
2.03096e-49
2.03096e-49
2.03096e-49
2.03096e-49
2.03096e-49
2.03096e-49
2.03096e-49
2.03096e-49
2.03096e-49
2.03096e-49
2.03096e-49
2.03096e-49
2.03096e-49
2.03096e-49
2.03096e-49
2.03096e-49
2.03096e-49
2.03096e-49
2.03096e-49
2.03096e-49
2.03096e-49
2.03096e-49
2.03096e-49
2.03096e-49
2.03096e-49
2.03096e-49
2.03096e-49
2.03096e-49
2.03096e-49
2.03096e-49
2.03096e-49
2.03096e-49
2.03096e-49
2.03096e-49
2.03096e-49
2.03096e-49
2.03096e-49
2.03096e-49
2.03096e-49
2.03096e-49
2.03096e-49
2.03096e-49
2.03096e-49
2.03096e-49
2.03096e-49
2.03096e-49
2.03096e-49
2.03096e-49
2.03096e-49
2.03096e-49
2.03096e-49
2.03096e-49
2.03096e-49
2.03096e-49
2.03096e-49
2.03096e-49
2.03096e-49
2.58438e-49
2.58438e-49
2.58438e-49
2.58438e-49
2.58438e-49
2.58438e-49
2.58438e-49
2.58438e-49
2.58438e-49
2.58438e-49
2.58438e-49
2.58438e-49
2.58438e-49
2.58438e-49
2.58438e-49
2.58438e-49
2.58438e-49
2.58438e-49
2.58438e-49
2.58438e-49
2.58438e-49
2.58438e-49
2.58438e-49
2.58438e-49
2.58438e-49
2.58438e-49
2.58438e-49
2.58438e-49
2.58438e-49
2.58438e-49
2.58438e-49
2.58438e-49
2.58438e-49
2.58438e-49
2.58438e-49
2.58438e-49
2.58438e-49
2.58438e-49
2.58438e-49
2.58438e-49
2.58438e-49
2.58438e-49
2.58438e-49
2.58438e-49
2.58438e-49
2.58438e-49
2.58438e-49
2.58438e-49
2.58438e-49
2.58438e-49
2.58438e-49
2.58438e-49
2.58438e-49
2.58438e-49
2.58438e-49
2.58438e-49
2.58438e-49
2.58438e-49
2.58438e-49
2.58438e-49
3.31269e-49
3.31269e-49
3.31269e-49
3.31269e-49
3.31269e-49
3.31269e-49
3.31269e-49
3.31269e-49
3.31269e-49
3.31269e-49
3.31269e-49
3.31269e-49
3.31269e-49
3.31269e-49
3.31269e-49
3.31269e-49
3.31269e-49
3.31269e-49
3.31269e-49
3.31269e-49
3.31269e-49
3.31269e-49
3.31269e-49
3.31269e-49
3.31269e-49
3.31269e-49
3.31269e-49
3.31269e-49
3.31269e-49
3.31269e-49
3.31269e-49
3.31269e-49
3.31269e-49
3.31269e-49
3.31269e-49
3.31269e-49
3.31269e-49
3.31269e-49
3.31269e-49
3.31269e-49
3.31269e-49
3.31269e-49
3.31269e-49
3.31269e-49
3.31269e-49
3.31269e-49
3.31269e-49
3.31269e-49
3.31269e-49
3.31269e-49
3.31269e-49
3.31269e-49
3.31269e-49
3.31269e-49
3.31269e-49
3.31269e-49
3.31269e-49
3.31269e-49
3.31269e-49
3.31269e-49
4.27828e-49
4.27828e-49
4.27828e-49
4.27828e-49
4.27828e-49
4.27828e-49
4.27828e-49
4.27828e-49
4.27828e-49
4.27828e-49
4.27828e-49
4.27828e-49
4.27828e-49
4.27828e-49
4.27828e-49
4.27828e-49
4.27828e-49
4.27828e-49
4.27828e-49
4.27828e-49
4.27828e-49
4.27828e-49
4.27828e-49
4.27828e-49
4.27828e-49
4.27828e-49
4.27828e-49
4.27828e-49
4.27828e-49
4.27828e-49
4.27828e-49
4.27828e-49
4.27828e-49
4.27828e-49
4.27828e-49
4.27828e-49
4.27828e-49
4.27828e-49
4.27828e-49
4.27828e-49
4.27828e-49
4.27828e-49
4.27828e-49
4.27828e-49
4.27828e-49
4.27828e-49
4.27828e-49
4.27828e-49
4.27828e-49
4.27828e-49
4.27828e-49
4.27828e-49
4.27828e-49
4.27828e-49
4.27828e-49
4.27828e-49
4.27828e-49
4.27828e-49
4.27828e-49
4.27828e-49
5.56831e-49
5.56831e-49
5.56831e-49
5.56831e-49
5.56831e-49
5.56831e-49
5.56831e-49
5.56831e-49
5.56831e-49
5.56831e-49
5.56831e-49
5.56831e-49
5.56831e-49
5.56831e-49
5.56831e-49
5.56831e-49
5.56831e-49
5.56831e-49
5.56831e-49
5.56831e-49
5.56831e-49
5.56831e-49
5.56831e-49
5.56831e-49
5.56831e-49
5.56831e-49
5.56831e-49
5.56831e-49
5.56831e-49
5.56831e-49
5.56831e-49
5.56831e-49
5.56831e-49
5.56831e-49
5.56831e-49
5.56831e-49
5.56831e-49
5.56831e-49
5.56831e-49
5.56831e-49
5.56831e-49
5.56831e-49
5.56831e-49
5.56831e-49
5.56831e-49
5.56831e-49
5.56831e-49
5.56831e-49
5.56831e-49
5.56831e-49
5.56831e-49
5.56831e-49
5.56831e-49
5.56831e-49
5.56831e-49
5.56831e-49
5.56831e-49
5.56831e-49
5.56831e-49
5.56831e-49
7.30548e-49
7.30548e-49
7.30548e-49
7.30548e-49
7.30548e-49
7.30548e-49
7.30548e-49
7.30548e-49
7.30548e-49
7.30548e-49
7.30548e-49
7.30548e-49
7.30548e-49
7.30548e-49
7.30548e-49
7.30548e-49
7.30548e-49
7.30548e-49
7.30548e-49
7.30548e-49
7.30548e-49
7.30548e-49
7.30548e-49
7.30548e-49
7.30548e-49
7.30548e-49
7.30548e-49
7.30548e-49
7.30548e-49
7.30548e-49
7.30548e-49
7.30548e-49
7.30548e-49
7.30548e-49
7.30548e-49
7.30548e-49
7.30548e-49
7.30548e-49
7.30548e-49
7.30548e-49
7.30548e-49
7.30548e-49
7.30548e-49
7.30548e-49
7.30548e-49
7.30548e-49
7.30548e-49
7.30548e-49
7.30548e-49
7.30548e-49
7.30548e-49
7.30548e-49
7.30548e-49
7.30548e-49
7.30548e-49
7.30548e-49
7.30548e-49
7.30548e-49
7.30548e-49
7.30548e-49
9.66389e-49
9.66389e-49
9.66389e-49
9.66389e-49
9.66389e-49
9.66389e-49
9.66389e-49
9.66389e-49
9.66389e-49
9.66389e-49
9.66389e-49
9.66389e-49
9.66389e-49
9.66389e-49
9.66389e-49
9.66389e-49
9.66389e-49
9.66389e-49
9.66389e-49
9.66389e-49
9.66389e-49
9.66389e-49
9.66389e-49
9.66389e-49
9.66389e-49
9.66389e-49
9.66389e-49
9.66389e-49
9.66389e-49
9.66389e-49
9.66389e-49
9.66389e-49
9.66389e-49
9.66389e-49
9.66389e-49
9.66389e-49
9.66389e-49
9.66389e-49
9.66389e-49
9.66389e-49
9.66389e-49
9.66389e-49
9.66389e-49
9.66389e-49
9.66389e-49
9.66389e-49
9.66389e-49
9.66389e-49
9.66389e-49
9.66389e-49
9.66389e-49
9.66389e-49
9.66389e-49
9.66389e-49
9.66389e-49
9.66389e-49
9.66389e-49
9.66389e-49
9.66389e-49
9.66389e-49
1.28927e-48
1.28927e-48
1.28927e-48
1.28927e-48
1.28927e-48
1.28927e-48
1.28927e-48
1.28927e-48
1.28927e-48
1.28927e-48
1.28927e-48
1.28927e-48
1.28927e-48
1.28927e-48
1.28927e-48
1.28927e-48
1.28927e-48
1.28927e-48
1.28927e-48
1.28927e-48
1.28927e-48
1.28927e-48
1.28927e-48
1.28927e-48
1.28927e-48
1.28927e-48
1.28927e-48
1.28927e-48
1.28927e-48
1.28927e-48
1.28927e-48
1.28927e-48
1.28927e-48
1.28927e-48
1.28927e-48
1.28927e-48
1.28927e-48
1.28927e-48
1.28927e-48
1.28927e-48
1.28927e-48
1.28927e-48
1.28927e-48
1.28927e-48
1.28927e-48
1.28927e-48
1.28927e-48
1.28927e-48
1.28927e-48
1.28927e-48
1.28927e-48
1.28927e-48
1.28927e-48
1.28927e-48
1.28927e-48
1.28927e-48
1.28927e-48
1.28927e-48
1.28927e-48
1.28927e-48
1.73517e-48
1.73517e-48
1.73517e-48
1.73517e-48
1.73517e-48
1.73517e-48
1.73517e-48
1.73517e-48
1.73517e-48
1.73517e-48
1.73517e-48
1.73517e-48
1.73517e-48
1.73517e-48
1.73517e-48
1.73517e-48
1.73517e-48
1.73517e-48
1.73517e-48
1.73517e-48
1.73517e-48
1.73517e-48
1.73517e-48
1.73517e-48
1.73517e-48
1.73517e-48
1.73517e-48
1.73517e-48
1.73517e-48
1.73517e-48
1.73517e-48
1.73517e-48
1.73517e-48
1.73517e-48
1.73517e-48
1.73517e-48
1.73517e-48
1.73517e-48
1.73517e-48
1.73517e-48
1.73517e-48
1.73517e-48
1.73517e-48
1.73517e-48
1.73517e-48
1.73517e-48
1.73517e-48
1.73517e-48
1.73517e-48
1.73517e-48
1.73517e-48
1.73517e-48
1.73517e-48
1.73517e-48
1.73517e-48
1.73517e-48
1.73517e-48
1.73517e-48
1.73517e-48
1.73517e-48
2.35647e-48
2.35647e-48
2.35647e-48
2.35647e-48
2.35647e-48
2.35647e-48
2.35647e-48
2.35647e-48
2.35647e-48
2.35647e-48
2.35647e-48
2.35647e-48
2.35647e-48
2.35647e-48
2.35647e-48
2.35647e-48
2.35647e-48
2.35647e-48
2.35647e-48
2.35647e-48
2.35647e-48
2.35647e-48
2.35647e-48
2.35647e-48
2.35647e-48
2.35647e-48
2.35647e-48
2.35647e-48
2.35647e-48
2.35647e-48
2.35647e-48
2.35647e-48
2.35647e-48
2.35647e-48
2.35647e-48
2.35647e-48
2.35647e-48
2.35647e-48
2.35647e-48
2.35647e-48
2.35647e-48
2.35647e-48
2.35647e-48
2.35647e-48
2.35647e-48
2.35647e-48
2.35647e-48
2.35647e-48
2.35647e-48
2.35647e-48
2.35647e-48
2.35647e-48
2.35647e-48
2.35647e-48
2.35647e-48
2.35647e-48
2.35647e-48
2.35647e-48
2.35647e-48
2.35647e-48
3.23019e-48
3.23019e-48
3.23019e-48
3.23019e-48
3.23019e-48
3.23019e-48
3.23019e-48
3.23019e-48
3.23019e-48
3.23019e-48
3.23019e-48
3.23019e-48
3.23019e-48
3.23019e-48
3.23019e-48
3.23019e-48
3.23019e-48
3.23019e-48
3.23019e-48
3.23019e-48
3.23019e-48
3.23019e-48
3.23019e-48
3.23019e-48
3.23019e-48
3.23019e-48
3.23019e-48
3.23019e-48
3.23019e-48
3.23019e-48
3.23019e-48
3.23019e-48
3.23019e-48
3.23019e-48
3.23019e-48
3.23019e-48
3.23019e-48
3.23019e-48
3.23019e-48
3.23019e-48
3.23019e-48
3.23019e-48
3.23019e-48
3.23019e-48
3.23019e-48
3.23019e-48
3.23019e-48
3.23019e-48
3.23019e-48
3.23019e-48
3.23019e-48
3.23019e-48
3.23019e-48
3.23019e-48
3.23019e-48
3.23019e-48
3.23019e-48
3.23019e-48
3.23019e-48
3.23019e-48
4.47061e-48
4.47061e-48
4.47061e-48
4.47061e-48
4.47061e-48
4.47061e-48
4.47061e-48
4.47061e-48
4.47061e-48
4.47061e-48
4.47061e-48
4.47061e-48
4.47061e-48
4.47061e-48
4.47061e-48
4.47061e-48
4.47061e-48
4.47061e-48
4.47061e-48
4.47061e-48
4.47061e-48
4.47061e-48
4.47061e-48
4.47061e-48
4.47061e-48
4.47061e-48
4.47061e-48
4.47061e-48
4.47061e-48
4.47061e-48
4.47061e-48
4.47061e-48
4.47061e-48
4.47061e-48
4.47061e-48
4.47061e-48
4.47061e-48
4.47061e-48
4.47061e-48
4.47061e-48
4.47061e-48
4.47061e-48
4.47061e-48
4.47061e-48
4.47061e-48
4.47061e-48
4.47061e-48
4.47061e-48
4.47061e-48
4.47061e-48
4.47061e-48
4.47061e-48
4.47061e-48
4.47061e-48
4.47061e-48
4.47061e-48
4.47061e-48
4.47061e-48
4.47061e-48
4.47061e-48
6.249e-48
6.249e-48
6.249e-48
6.249e-48
6.249e-48
6.249e-48
6.249e-48
6.249e-48
6.249e-48
6.249e-48
6.249e-48
6.249e-48
6.249e-48
6.249e-48
6.249e-48
6.249e-48
6.249e-48
6.249e-48
6.249e-48
6.249e-48
6.249e-48
6.249e-48
6.249e-48
6.249e-48
6.249e-48
6.249e-48
6.249e-48
6.249e-48
6.249e-48
6.249e-48
6.249e-48
6.249e-48
6.249e-48
6.249e-48
6.249e-48
6.249e-48
6.249e-48
6.249e-48
6.249e-48
6.249e-48
6.249e-48
6.249e-48
6.249e-48
6.249e-48
6.249e-48
6.249e-48
6.249e-48
6.249e-48
6.249e-48
6.249e-48
6.249e-48
6.249e-48
6.249e-48
6.249e-48
6.249e-48
6.249e-48
6.249e-48
6.249e-48
6.249e-48
6.249e-48
8.82459e-48
8.82459e-48
8.82459e-48
8.82459e-48
8.82459e-48
8.82459e-48
8.82459e-48
8.82459e-48
8.82459e-48
8.82459e-48
8.82459e-48
8.82459e-48
8.82459e-48
8.82459e-48
8.82459e-48
8.82459e-48
8.82459e-48
8.82459e-48
8.82459e-48
8.82459e-48
8.82459e-48
8.82459e-48
8.82459e-48
8.82459e-48
8.82459e-48
8.82459e-48
8.82459e-48
8.82459e-48
8.82459e-48
8.82459e-48
8.82459e-48
8.82459e-48
8.82459e-48
8.82459e-48
8.82459e-48
8.82459e-48
8.82459e-48
8.82459e-48
8.82459e-48
8.82459e-48
8.82459e-48
8.82459e-48
8.82459e-48
8.82459e-48
8.82459e-48
8.82459e-48
8.82459e-48
8.82459e-48
8.82459e-48
8.82459e-48
8.82459e-48
8.82459e-48
8.82459e-48
8.82459e-48
8.82459e-48
8.82459e-48
8.82459e-48
8.82459e-48
8.82459e-48
8.82459e-48
1.25939e-47
1.25939e-47
1.25939e-47
1.25939e-47
1.25939e-47
1.25939e-47
1.25939e-47
1.25939e-47
1.25939e-47
1.25939e-47
1.25939e-47
1.25939e-47
1.25939e-47
1.25939e-47
1.25939e-47
1.25939e-47
1.25939e-47
1.25939e-47
1.25939e-47
1.25939e-47
1.25939e-47
1.25939e-47
1.25939e-47
1.25939e-47
1.25939e-47
1.25939e-47
1.25939e-47
1.25939e-47
1.25939e-47
1.25939e-47
1.25939e-47
1.25939e-47
1.25939e-47
1.25939e-47
1.25939e-47
1.25939e-47
1.25939e-47
1.25939e-47
1.25939e-47
1.25939e-47
1.25939e-47
1.25939e-47
1.25939e-47
1.25939e-47
1.25939e-47
1.25939e-47
1.25939e-47
1.25939e-47
1.25939e-47
1.25939e-47
1.25939e-47
1.25939e-47
1.25939e-47
1.25939e-47
1.25939e-47
1.25939e-47
1.25939e-47
1.25939e-47
1.25939e-47
1.25939e-47
1.81699e-47
1.81699e-47
1.81699e-47
1.81699e-47
1.81699e-47
1.81699e-47
1.81699e-47
1.81699e-47
1.81699e-47
1.81699e-47
1.81699e-47
1.81699e-47
1.81699e-47
1.81699e-47
1.81699e-47
1.81699e-47
1.81699e-47
1.81699e-47
1.81699e-47
1.81699e-47
1.81699e-47
1.81699e-47
1.81699e-47
1.81699e-47
1.81699e-47
1.81699e-47
1.81699e-47
1.81699e-47
1.81699e-47
1.81699e-47
1.81699e-47
1.81699e-47
1.81699e-47
1.81699e-47
1.81699e-47
1.81699e-47
1.81699e-47
1.81699e-47
1.81699e-47
1.81699e-47
1.81699e-47
1.81699e-47
1.81699e-47
1.81699e-47
1.81699e-47
1.81699e-47
1.81699e-47
1.81699e-47
1.81699e-47
1.81699e-47
1.81699e-47
1.81699e-47
1.81699e-47
1.81699e-47
1.81699e-47
1.81699e-47
1.81699e-47
1.81699e-47
1.81699e-47
1.81699e-47
2.65108e-47
2.65108e-47
2.65108e-47
2.65108e-47
2.65108e-47
2.65108e-47
2.65108e-47
2.65108e-47
2.65108e-47
2.65108e-47
2.65108e-47
2.65108e-47
2.65108e-47
2.65108e-47
2.65108e-47
2.65108e-47
2.65108e-47
2.65108e-47
2.65108e-47
2.65108e-47
2.65108e-47
2.65108e-47
2.65108e-47
2.65108e-47
2.65108e-47
2.65108e-47
2.65108e-47
2.65108e-47
2.65108e-47
2.65108e-47
2.65108e-47
2.65108e-47
2.65108e-47
2.65108e-47
2.65108e-47
2.65108e-47
2.65108e-47
2.65108e-47
2.65108e-47
2.65108e-47
2.65108e-47
2.65108e-47
2.65108e-47
2.65108e-47
2.65108e-47
2.65108e-47
2.65108e-47
2.65108e-47
2.65108e-47
2.65108e-47
2.65108e-47
2.65108e-47
2.65108e-47
2.65108e-47
2.65108e-47
2.65108e-47
2.65108e-47
2.65108e-47
2.65108e-47
2.65108e-47
3.91315e-47
3.91315e-47
3.91315e-47
3.91315e-47
3.91315e-47
3.91315e-47
3.91315e-47
3.91315e-47
3.91315e-47
3.91315e-47
3.91315e-47
3.91315e-47
3.91315e-47
3.91315e-47
3.91315e-47
3.91315e-47
3.91315e-47
3.91315e-47
3.91315e-47
3.91315e-47
3.91315e-47
3.91315e-47
3.91315e-47
3.91315e-47
3.91315e-47
3.91315e-47
3.91315e-47
3.91315e-47
3.91315e-47
3.91315e-47
3.91315e-47
3.91315e-47
3.91315e-47
3.91315e-47
3.91315e-47
3.91315e-47
3.91315e-47
3.91315e-47
3.91315e-47
3.91315e-47
3.91315e-47
3.91315e-47
3.91315e-47
3.91315e-47
3.91315e-47
3.91315e-47
3.91315e-47
3.91315e-47
3.91315e-47
3.91315e-47
3.91315e-47
3.91315e-47
3.91315e-47
3.91315e-47
3.91315e-47
3.91315e-47
3.91315e-47
3.91315e-47
3.91315e-47
3.91315e-47
5.84556e-47
5.84556e-47
5.84556e-47
5.84556e-47
5.84556e-47
5.84556e-47
5.84556e-47
5.84556e-47
5.84556e-47
5.84556e-47
5.84556e-47
5.84556e-47
5.84556e-47
5.84556e-47
5.84556e-47
5.84556e-47
5.84556e-47
5.84556e-47
5.84556e-47
5.84556e-47
5.84556e-47
5.84556e-47
5.84556e-47
5.84556e-47
5.84556e-47
5.84556e-47
5.84556e-47
5.84556e-47
5.84556e-47
5.84556e-47
5.84556e-47
5.84556e-47
5.84556e-47
5.84556e-47
5.84556e-47
5.84556e-47
5.84556e-47
5.84556e-47
5.84556e-47
5.84556e-47
5.84556e-47
5.84556e-47
5.84556e-47
5.84556e-47
5.84556e-47
5.84556e-47
5.84556e-47
5.84556e-47
5.84556e-47
5.84556e-47
5.84556e-47
5.84556e-47
5.84556e-47
5.84556e-47
5.84556e-47
5.84556e-47
5.84556e-47
5.84556e-47
5.84556e-47
5.84556e-47
8.84078e-47
8.84078e-47
8.84078e-47
8.84078e-47
8.84078e-47
8.84078e-47
8.84078e-47
8.84078e-47
8.84078e-47
8.84078e-47
8.84078e-47
8.84078e-47
8.84078e-47
8.84078e-47
8.84078e-47
8.84078e-47
8.84078e-47
8.84078e-47
8.84078e-47
8.84078e-47
8.84078e-47
8.84078e-47
8.84078e-47
8.84078e-47
8.84078e-47
8.84078e-47
8.84078e-47
8.84078e-47
8.84078e-47
8.84078e-47
8.84078e-47
8.84078e-47
8.84078e-47
8.84078e-47
8.84078e-47
8.84078e-47
8.84078e-47
8.84078e-47
8.84078e-47
8.84078e-47
8.84078e-47
8.84078e-47
8.84078e-47
8.84078e-47
8.84078e-47
8.84078e-47
8.84078e-47
8.84078e-47
8.84078e-47
8.84078e-47
8.84078e-47
8.84078e-47
8.84078e-47
8.84078e-47
8.84078e-47
8.84078e-47
8.84078e-47
8.84078e-47
8.84078e-47
8.84078e-47
1.35423e-46
1.35423e-46
1.35423e-46
1.35423e-46
1.35423e-46
1.35423e-46
1.35423e-46
1.35423e-46
1.35423e-46
1.35423e-46
1.35423e-46
1.35423e-46
1.35423e-46
1.35423e-46
1.35423e-46
1.35423e-46
1.35423e-46
1.35423e-46
1.35423e-46
1.35423e-46
1.35423e-46
1.35423e-46
1.35423e-46
1.35423e-46
1.35423e-46
1.35423e-46
1.35423e-46
1.35423e-46
1.35423e-46
1.35423e-46
1.35423e-46
1.35423e-46
1.35423e-46
1.35423e-46
1.35423e-46
1.35423e-46
1.35423e-46
1.35423e-46
1.35423e-46
1.35423e-46
1.35423e-46
1.35423e-46
1.35423e-46
1.35423e-46
1.35423e-46
1.35423e-46
1.35423e-46
1.35423e-46
1.35423e-46
1.35423e-46
1.35423e-46
1.35423e-46
1.35423e-46
1.35423e-46
1.35423e-46
1.35423e-46
1.35423e-46
1.35423e-46
1.35423e-46
1.35423e-46
2.10191e-46
2.10191e-46
2.10191e-46
2.10191e-46
2.10191e-46
2.10191e-46
2.10191e-46
2.10191e-46
2.10191e-46
2.10191e-46
2.10191e-46
2.10191e-46
2.10191e-46
2.10191e-46
2.10191e-46
2.10191e-46
2.10191e-46
2.10191e-46
2.10191e-46
2.10191e-46
2.10191e-46
2.10191e-46
2.10191e-46
2.10191e-46
2.10191e-46
2.10191e-46
2.10191e-46
2.10191e-46
2.10191e-46
2.10191e-46
2.10191e-46
2.10191e-46
2.10191e-46
2.10191e-46
2.10191e-46
2.10191e-46
2.10191e-46
2.10191e-46
2.10191e-46
2.10191e-46
2.10191e-46
2.10191e-46
2.10191e-46
2.10191e-46
2.10191e-46
2.10191e-46
2.10191e-46
2.10191e-46
2.10191e-46
2.10191e-46
2.10191e-46
2.10191e-46
2.10191e-46
2.10191e-46
2.10191e-46
2.10191e-46
2.10191e-46
2.10191e-46
2.10191e-46
2.10191e-46
3.30706e-46
3.30706e-46
3.30706e-46
3.30706e-46
3.30706e-46
3.30706e-46
3.30706e-46
3.30706e-46
3.30706e-46
3.30706e-46
3.30706e-46
3.30706e-46
3.30706e-46
3.30706e-46
3.30706e-46
3.30706e-46
3.30706e-46
3.30706e-46
3.30706e-46
3.30706e-46
3.30706e-46
3.30706e-46
3.30706e-46
3.30706e-46
3.30706e-46
3.30706e-46
3.30706e-46
3.30706e-46
3.30706e-46
3.30706e-46
3.30706e-46
3.30706e-46
3.30706e-46
3.30706e-46
3.30706e-46
3.30706e-46
3.30706e-46
3.30706e-46
3.30706e-46
3.30706e-46
3.30706e-46
3.30706e-46
3.30706e-46
3.30706e-46
3.30706e-46
3.30706e-46
3.30706e-46
3.30706e-46
3.30706e-46
3.30706e-46
3.30706e-46
3.30706e-46
3.30706e-46
3.30706e-46
3.30706e-46
3.30706e-46
3.30706e-46
3.30706e-46
3.30706e-46
3.30706e-46
5.27681e-46
5.27681e-46
5.27681e-46
5.27681e-46
5.27681e-46
5.27681e-46
5.27681e-46
5.27681e-46
5.27681e-46
5.27681e-46
5.27681e-46
5.27681e-46
5.27681e-46
5.27681e-46
5.27681e-46
5.27681e-46
5.27681e-46
5.27681e-46
5.27681e-46
5.27681e-46
5.27681e-46
5.27681e-46
5.27681e-46
5.27681e-46
5.27681e-46
5.27681e-46
5.27681e-46
5.27681e-46
5.27681e-46
5.27681e-46
5.27681e-46
5.27681e-46
5.27681e-46
5.27681e-46
5.27681e-46
5.27681e-46
5.27681e-46
5.27681e-46
5.27681e-46
5.27681e-46
5.27681e-46
5.27681e-46
5.27681e-46
5.27681e-46
5.27681e-46
5.27681e-46
5.27681e-46
5.27681e-46
5.27681e-46
5.27681e-46
5.27681e-46
5.27681e-46
5.27681e-46
5.27681e-46
5.27681e-46
5.27681e-46
5.27681e-46
5.27681e-46
5.27681e-46
5.27681e-46
8.54289e-46
8.54289e-46
8.54289e-46
8.54289e-46
8.54289e-46
8.54289e-46
8.54289e-46
8.54289e-46
8.54289e-46
8.54289e-46
8.54289e-46
8.54289e-46
8.54289e-46
8.54289e-46
8.54289e-46
8.54289e-46
8.54289e-46
8.54289e-46
8.54289e-46
8.54289e-46
8.54289e-46
8.54289e-46
8.54289e-46
8.54289e-46
8.54289e-46
8.54289e-46
8.54289e-46
8.54289e-46
8.54289e-46
8.54289e-46
8.54289e-46
8.54289e-46
8.54289e-46
8.54289e-46
8.54289e-46
8.54289e-46
8.54289e-46
8.54289e-46
8.54289e-46
8.54289e-46
8.54289e-46
8.54289e-46
8.54289e-46
8.54289e-46
8.54289e-46
8.54289e-46
8.54289e-46
8.54289e-46
8.54289e-46
8.54289e-46
8.54289e-46
8.54289e-46
8.54289e-46
8.54289e-46
8.54289e-46
8.54289e-46
8.54289e-46
8.54289e-46
8.54289e-46
8.54289e-46
1.40395e-45
1.40395e-45
1.40395e-45
1.40395e-45
1.40395e-45
1.40395e-45
1.40395e-45
1.40395e-45
1.40395e-45
1.40395e-45
1.40395e-45
1.40395e-45
1.40395e-45
1.40395e-45
1.40395e-45
1.40395e-45
1.40395e-45
1.40395e-45
1.40395e-45
1.40395e-45
1.40395e-45
1.40395e-45
1.40395e-45
1.40395e-45
1.40395e-45
1.40395e-45
1.40395e-45
1.40395e-45
1.40395e-45
1.40395e-45
1.40395e-45
1.40395e-45
1.40395e-45
1.40395e-45
1.40395e-45
1.40395e-45
1.40395e-45
1.40395e-45
1.40395e-45
1.40395e-45
1.40395e-45
1.40395e-45
1.40395e-45
1.40395e-45
1.40395e-45
1.40395e-45
1.40395e-45
1.40395e-45
1.40395e-45
1.40395e-45
1.40395e-45
1.40395e-45
1.40395e-45
1.40395e-45
1.40395e-45
1.40395e-45
1.40395e-45
1.40395e-45
1.40395e-45
1.40395e-45
2.34334e-45
2.34334e-45
2.34334e-45
2.34334e-45
2.34334e-45
2.34334e-45
2.34334e-45
2.34334e-45
2.34334e-45
2.34334e-45
2.34334e-45
2.34334e-45
2.34334e-45
2.34334e-45
2.34334e-45
2.34334e-45
2.34334e-45
2.34334e-45
2.34334e-45
2.34334e-45
2.34334e-45
2.34334e-45
2.34334e-45
2.34334e-45
2.34334e-45
2.34334e-45
2.34334e-45
2.34334e-45
2.34334e-45
2.34334e-45
2.34334e-45
2.34334e-45
2.34334e-45
2.34334e-45
2.34334e-45
2.34334e-45
2.34334e-45
2.34334e-45
2.34334e-45
2.34334e-45
2.34334e-45
2.34334e-45
2.34334e-45
2.34334e-45
2.34334e-45
2.34334e-45
2.34334e-45
2.34334e-45
2.34334e-45
2.34334e-45
2.34334e-45
2.34334e-45
2.34334e-45
2.34334e-45
2.34334e-45
2.34334e-45
2.34334e-45
2.34334e-45
2.34334e-45
2.34334e-45
3.97446e-45
3.97446e-45
3.97446e-45
3.97446e-45
3.97446e-45
3.97446e-45
3.97446e-45
3.97446e-45
3.97446e-45
3.97446e-45
3.97446e-45
3.97446e-45
3.97446e-45
3.97446e-45
3.97446e-45
3.97446e-45
3.97446e-45
3.97446e-45
3.97446e-45
3.97446e-45
3.97446e-45
3.97446e-45
3.97446e-45
3.97446e-45
3.97446e-45
3.97446e-45
3.97446e-45
3.97446e-45
3.97446e-45
3.97446e-45
3.97446e-45
3.97446e-45
3.97446e-45
3.97446e-45
3.97446e-45
3.97446e-45
3.97446e-45
3.97446e-45
3.97446e-45
3.97446e-45
3.97446e-45
3.97446e-45
3.97446e-45
3.97446e-45
3.97446e-45
3.97446e-45
3.97446e-45
3.97446e-45
3.97446e-45
3.97446e-45
3.97446e-45
3.97446e-45
3.97446e-45
3.97446e-45
3.97446e-45
3.97446e-45
3.97446e-45
3.97446e-45
3.97446e-45
3.97446e-45
6.85364e-45
6.85364e-45
6.85364e-45
6.85364e-45
6.85364e-45
6.85364e-45
6.85364e-45
6.85364e-45
6.85364e-45
6.85364e-45
6.85364e-45
6.85364e-45
6.85364e-45
6.85364e-45
6.85364e-45
6.85364e-45
6.85364e-45
6.85364e-45
6.85364e-45
6.85364e-45
6.85364e-45
6.85364e-45
6.85364e-45
6.85364e-45
6.85364e-45
6.85364e-45
6.85364e-45
6.85364e-45
6.85364e-45
6.85364e-45
6.85364e-45
6.85364e-45
6.85364e-45
6.85364e-45
6.85364e-45
6.85364e-45
6.85364e-45
6.85364e-45
6.85364e-45
6.85364e-45
6.85364e-45
6.85364e-45
6.85364e-45
6.85364e-45
6.85364e-45
6.85364e-45
6.85364e-45
6.85364e-45
6.85364e-45
6.85364e-45
6.85364e-45
6.85364e-45
6.85364e-45
6.85364e-45
6.85364e-45
6.85364e-45
6.85364e-45
6.85364e-45
6.85364e-45
6.85364e-45
1.2023e-44
1.2023e-44
1.2023e-44
1.2023e-44
1.2023e-44
1.2023e-44
1.2023e-44
1.2023e-44
1.2023e-44
1.2023e-44
1.2023e-44
1.2023e-44
1.2023e-44
1.2023e-44
1.2023e-44
1.2023e-44
1.2023e-44
1.2023e-44
1.2023e-44
1.2023e-44
1.2023e-44
1.2023e-44
1.2023e-44
1.2023e-44
1.2023e-44
1.2023e-44
1.2023e-44
1.2023e-44
1.2023e-44
1.2023e-44
1.2023e-44
1.2023e-44
1.2023e-44
1.2023e-44
1.2023e-44
1.2023e-44
1.2023e-44
1.2023e-44
1.2023e-44
1.2023e-44
1.2023e-44
1.2023e-44
1.2023e-44
1.2023e-44
1.2023e-44
1.2023e-44
1.2023e-44
1.2023e-44
1.2023e-44
1.2023e-44
1.2023e-44
1.2023e-44
1.2023e-44
1.2023e-44
1.2023e-44
1.2023e-44
1.2023e-44
1.2023e-44
1.2023e-44
1.2023e-44
2.14687e-44
2.14687e-44
2.14687e-44
2.14687e-44
2.14687e-44
2.14687e-44
2.14687e-44
2.14687e-44
2.14687e-44
2.14687e-44
2.14687e-44
2.14687e-44
2.14687e-44
2.14687e-44
2.14687e-44
2.14687e-44
2.14687e-44
2.14687e-44
2.14687e-44
2.14687e-44
2.14687e-44
2.14687e-44
2.14687e-44
2.14687e-44
2.14687e-44
2.14687e-44
2.14687e-44
2.14687e-44
2.14687e-44
2.14687e-44
2.14687e-44
2.14687e-44
2.14687e-44
2.14687e-44
2.14687e-44
2.14687e-44
2.14687e-44
2.14687e-44
2.14687e-44
2.14687e-44
2.14687e-44
2.14687e-44
2.14687e-44
2.14687e-44
2.14687e-44
2.14687e-44
2.14687e-44
2.14687e-44
2.14687e-44
2.14687e-44
2.14687e-44
2.14687e-44
2.14687e-44
2.14687e-44
2.14687e-44
2.14687e-44
2.14687e-44
2.14687e-44
2.14687e-44
2.14687e-44
3.90461e-44
3.90461e-44
3.90461e-44
3.90461e-44
3.90461e-44
3.90461e-44
3.90461e-44
3.90461e-44
3.90461e-44
3.90461e-44
3.90461e-44
3.90461e-44
3.90461e-44
3.90461e-44
3.90461e-44
3.90461e-44
3.90461e-44
3.90461e-44
3.90461e-44
3.90461e-44
3.90461e-44
3.90461e-44
3.90461e-44
3.90461e-44
3.90461e-44
3.90461e-44
3.90461e-44
3.90461e-44
3.90461e-44
3.90461e-44
3.90461e-44
3.90461e-44
3.90461e-44
3.90461e-44
3.90461e-44
3.90461e-44
3.90461e-44
3.90461e-44
3.90461e-44
3.90461e-44
3.90461e-44
3.90461e-44
3.90461e-44
3.90461e-44
3.90461e-44
3.90461e-44
3.90461e-44
3.90461e-44
3.90461e-44
3.90461e-44
3.90461e-44
3.90461e-44
3.90461e-44
3.90461e-44
3.90461e-44
3.90461e-44
3.90461e-44
3.90461e-44
3.90461e-44
3.90461e-44
7.23778e-44
7.23778e-44
7.23778e-44
7.23778e-44
7.23778e-44
7.23778e-44
7.23778e-44
7.23778e-44
7.23778e-44
7.23778e-44
7.23778e-44
7.23778e-44
7.23778e-44
7.23778e-44
7.23778e-44
7.23778e-44
7.23778e-44
7.23778e-44
7.23778e-44
7.23778e-44
7.23778e-44
7.23778e-44
7.23778e-44
7.23778e-44
7.23778e-44
7.23778e-44
7.23778e-44
7.23778e-44
7.23778e-44
7.23778e-44
7.23778e-44
7.23778e-44
7.23778e-44
7.23778e-44
7.23778e-44
7.23778e-44
7.23778e-44
7.23778e-44
7.23778e-44
7.23778e-44
7.23778e-44
7.23778e-44
7.23778e-44
7.23778e-44
7.23778e-44
7.23778e-44
7.23778e-44
7.23778e-44
7.23778e-44
7.23778e-44
7.23778e-44
7.23778e-44
7.23778e-44
7.23778e-44
7.23778e-44
7.23778e-44
7.23778e-44
7.23778e-44
7.23778e-44
7.23778e-44
1.36831e-43
1.36831e-43
1.36831e-43
1.36831e-43
1.36831e-43
1.36831e-43
1.36831e-43
1.36831e-43
1.36831e-43
1.36831e-43
1.36831e-43
1.36831e-43
1.36831e-43
1.36831e-43
1.36831e-43
1.36831e-43
1.36831e-43
1.36831e-43
1.36831e-43
1.36831e-43
1.36831e-43
1.36831e-43
1.36831e-43
1.36831e-43
1.36831e-43
1.36831e-43
1.36831e-43
1.36831e-43
1.36831e-43
1.36831e-43
1.36831e-43
1.36831e-43
1.36831e-43
1.36831e-43
1.36831e-43
1.36831e-43
1.36831e-43
1.36831e-43
1.36831e-43
1.36831e-43
1.36831e-43
1.36831e-43
1.36831e-43
1.36831e-43
1.36831e-43
1.36831e-43
1.36831e-43
1.36831e-43
1.36831e-43
1.36831e-43
1.36831e-43
1.36831e-43
1.36831e-43
1.36831e-43
1.36831e-43
1.36831e-43
1.36831e-43
1.36831e-43
1.36831e-43
1.36831e-43
2.64015e-43
2.64015e-43
2.64015e-43
2.64015e-43
2.64015e-43
2.64015e-43
2.64015e-43
2.64015e-43
2.64015e-43
2.64015e-43
2.64015e-43
2.64015e-43
2.64015e-43
2.64015e-43
2.64015e-43
2.64015e-43
2.64015e-43
2.64015e-43
2.64015e-43
2.64015e-43
2.64015e-43
2.64015e-43
2.64015e-43
2.64015e-43
2.64015e-43
2.64015e-43
2.64015e-43
2.64015e-43
2.64015e-43
2.64015e-43
2.64015e-43
2.64015e-43
2.64015e-43
2.64015e-43
2.64015e-43
2.64015e-43
2.64015e-43
2.64015e-43
2.64015e-43
2.64015e-43
2.64015e-43
2.64015e-43
2.64015e-43
2.64015e-43
2.64015e-43
2.64015e-43
2.64015e-43
2.64015e-43
2.64015e-43
2.64015e-43
2.64015e-43
2.64015e-43
2.64015e-43
2.64015e-43
2.64015e-43
2.64015e-43
2.64015e-43
2.64015e-43
2.64015e-43
2.64015e-43
5.20301e-43
5.20301e-43
5.20301e-43
5.20301e-43
5.20301e-43
5.20301e-43
5.20301e-43
5.20301e-43
5.20301e-43
5.20301e-43
5.20301e-43
5.20301e-43
5.20301e-43
5.20301e-43
5.20301e-43
5.20301e-43
5.20301e-43
5.20301e-43
5.20301e-43
5.20301e-43
5.20301e-43
5.20301e-43
5.20301e-43
5.20301e-43
5.20301e-43
5.20301e-43
5.20301e-43
5.20301e-43
5.20301e-43
5.20301e-43
5.20301e-43
5.20301e-43
5.20301e-43
5.20301e-43
5.20301e-43
5.20301e-43
5.20301e-43
5.20301e-43
5.20301e-43
5.20301e-43
5.20301e-43
5.20301e-43
5.20301e-43
5.20301e-43
5.20301e-43
5.20301e-43
5.20301e-43
5.20301e-43
5.20301e-43
5.20301e-43
5.20301e-43
5.20301e-43
5.20301e-43
5.20301e-43
5.20301e-43
5.20301e-43
5.20301e-43
5.20301e-43
5.20301e-43
5.20301e-43
1.04811e-42
1.04811e-42
1.04811e-42
1.04811e-42
1.04811e-42
1.04811e-42
1.04811e-42
1.04811e-42
1.04811e-42
1.04811e-42
1.04811e-42
1.04811e-42
1.04811e-42
1.04811e-42
1.04811e-42
1.04811e-42
1.04811e-42
1.04811e-42
1.04811e-42
1.04811e-42
1.04811e-42
1.04811e-42
1.04811e-42
1.04811e-42
1.04811e-42
1.04811e-42
1.04811e-42
1.04811e-42
1.04811e-42
1.04811e-42
1.04811e-42
1.04811e-42
1.04811e-42
1.04811e-42
1.04811e-42
1.04811e-42
1.04811e-42
1.04811e-42
1.04811e-42
1.04811e-42
1.04811e-42
1.04811e-42
1.04811e-42
1.04811e-42
1.04811e-42
1.04811e-42
1.04811e-42
1.04811e-42
1.04811e-42
1.04811e-42
1.04811e-42
1.04811e-42
1.04811e-42
1.04811e-42
1.04811e-42
1.04811e-42
1.04811e-42
1.04811e-42
1.04811e-42
1.04811e-42
2.15994e-42
2.15994e-42
2.15994e-42
2.15994e-42
2.15994e-42
2.15994e-42
2.15994e-42
2.15994e-42
2.15994e-42
2.15994e-42
2.15994e-42
2.15994e-42
2.15994e-42
2.15994e-42
2.15994e-42
2.15994e-42
2.15994e-42
2.15994e-42
2.15994e-42
2.15994e-42
2.15994e-42
2.15994e-42
2.15994e-42
2.15994e-42
2.15994e-42
2.15994e-42
2.15994e-42
2.15994e-42
2.15994e-42
2.15994e-42
2.15994e-42
2.15994e-42
2.15994e-42
2.15994e-42
2.15994e-42
2.15994e-42
2.15994e-42
2.15994e-42
2.15994e-42
2.15994e-42
2.15994e-42
2.15994e-42
2.15994e-42
2.15994e-42
2.15994e-42
2.15994e-42
2.15994e-42
2.15994e-42
2.15994e-42
2.15994e-42
2.15994e-42
2.15994e-42
2.15994e-42
2.15994e-42
2.15994e-42
2.15994e-42
2.15994e-42
2.15994e-42
2.15994e-42
2.15994e-42
4.55757e-42
4.55757e-42
4.55757e-42
4.55757e-42
4.55757e-42
4.55757e-42
4.55757e-42
4.55757e-42
4.55757e-42
4.55757e-42
4.55757e-42
4.55757e-42
4.55757e-42
4.55757e-42
4.55757e-42
4.55757e-42
4.55757e-42
4.55757e-42
4.55757e-42
4.55757e-42
4.55757e-42
4.55757e-42
4.55757e-42
4.55757e-42
4.55757e-42
4.55757e-42
4.55757e-42
4.55757e-42
4.55757e-42
4.55757e-42
4.55757e-42
4.55757e-42
4.55757e-42
4.55757e-42
4.55757e-42
4.55757e-42
4.55757e-42
4.55757e-42
4.55757e-42
4.55757e-42
4.55757e-42
4.55757e-42
4.55757e-42
4.55757e-42
4.55757e-42
4.55757e-42
4.55757e-42
4.55757e-42
4.55757e-42
4.55757e-42
4.55757e-42
4.55757e-42
4.55757e-42
4.55757e-42
4.55757e-42
4.55757e-42
4.55757e-42
4.55757e-42
4.55757e-42
4.55757e-42
9.85549e-42
9.85549e-42
9.85549e-42
9.85549e-42
9.85549e-42
9.85549e-42
9.85549e-42
9.85549e-42
9.85549e-42
9.85549e-42
9.85549e-42
9.85549e-42
9.85549e-42
9.85549e-42
9.85549e-42
9.85549e-42
9.85549e-42
9.85549e-42
9.85549e-42
9.85549e-42
9.85549e-42
9.85549e-42
9.85549e-42
9.85549e-42
9.85549e-42
9.85549e-42
9.85549e-42
9.85549e-42
9.85549e-42
9.85549e-42
9.85549e-42
9.85549e-42
9.85549e-42
9.85549e-42
9.85549e-42
9.85549e-42
9.85549e-42
9.85549e-42
9.85549e-42
9.85549e-42
9.85549e-42
9.85549e-42
9.85549e-42
9.85549e-42
9.85549e-42
9.85549e-42
9.85549e-42
9.85549e-42
9.85549e-42
9.85549e-42
9.85549e-42
9.85549e-42
9.85549e-42
9.85549e-42
9.85549e-42
9.85549e-42
9.85549e-42
9.85549e-42
9.85549e-42
9.85549e-42
2.18623e-41
2.18623e-41
2.18623e-41
2.18623e-41
2.18623e-41
2.18623e-41
2.18623e-41
2.18623e-41
2.18623e-41
2.18623e-41
2.18623e-41
2.18623e-41
2.18623e-41
2.18623e-41
2.18623e-41
2.18623e-41
2.18623e-41
2.18623e-41
2.18623e-41
2.18623e-41
2.18623e-41
2.18623e-41
2.18623e-41
2.18623e-41
2.18623e-41
2.18623e-41
2.18623e-41
2.18623e-41
2.18623e-41
2.18623e-41
2.18623e-41
2.18623e-41
2.18623e-41
2.18623e-41
2.18623e-41
2.18623e-41
2.18623e-41
2.18623e-41
2.18623e-41
2.18623e-41
2.18623e-41
2.18623e-41
2.18623e-41
2.18623e-41
2.18623e-41
2.18623e-41
2.18623e-41
2.18623e-41
2.18623e-41
2.18623e-41
2.18623e-41
2.18623e-41
2.18623e-41
2.18623e-41
2.18623e-41
2.18623e-41
2.18623e-41
2.18623e-41
2.18623e-41
2.18623e-41
4.97994e-41
4.97994e-41
4.97994e-41
4.97994e-41
4.97994e-41
4.97994e-41
4.97994e-41
4.97994e-41
4.97994e-41
4.97994e-41
4.97994e-41
4.97994e-41
4.97994e-41
4.97994e-41
4.97994e-41
4.97994e-41
4.97994e-41
4.97994e-41
4.97994e-41
4.97994e-41
4.97994e-41
4.97994e-41
4.97994e-41
4.97994e-41
4.97994e-41
4.97994e-41
4.97994e-41
4.97994e-41
4.97994e-41
4.97994e-41
4.97994e-41
4.97994e-41
4.97994e-41
4.97994e-41
4.97994e-41
4.97994e-41
4.97994e-41
4.97994e-41
4.97994e-41
4.97994e-41
4.97994e-41
4.97994e-41
4.97994e-41
4.97994e-41
4.97994e-41
4.97994e-41
4.97994e-41
4.97994e-41
4.97994e-41
4.97994e-41
4.97994e-41
4.97994e-41
4.97994e-41
4.97994e-41
4.97994e-41
4.97994e-41
4.97994e-41
4.97994e-41
4.97994e-41
4.97994e-41
1.16609e-40
1.16609e-40
1.16609e-40
1.16609e-40
1.16609e-40
1.16609e-40
1.16609e-40
1.16609e-40
1.16609e-40
1.16609e-40
1.16609e-40
1.16609e-40
1.16609e-40
1.16609e-40
1.16609e-40
1.16609e-40
1.16609e-40
1.16609e-40
1.16609e-40
1.16609e-40
1.16609e-40
1.16609e-40
1.16609e-40
1.16609e-40
1.16609e-40
1.16609e-40
1.16609e-40
1.16609e-40
1.16609e-40
1.16609e-40
1.16609e-40
1.16609e-40
1.16609e-40
1.16609e-40
1.16609e-40
1.16609e-40
1.16609e-40
1.16609e-40
1.16609e-40
1.16609e-40
1.16609e-40
1.16609e-40
1.16609e-40
1.16609e-40
1.16609e-40
1.16609e-40
1.16609e-40
1.16609e-40
1.16609e-40
1.16609e-40
1.16609e-40
1.16609e-40
1.16609e-40
1.16609e-40
1.16609e-40
1.16609e-40
1.16609e-40
1.16609e-40
1.16609e-40
1.16609e-40
2.81007e-40
2.81007e-40
2.81007e-40
2.81007e-40
2.81007e-40
2.81007e-40
2.81007e-40
2.81007e-40
2.81007e-40
2.81007e-40
2.81007e-40
2.81007e-40
2.81007e-40
2.81007e-40
2.81007e-40
2.81007e-40
2.81007e-40
2.81007e-40
2.81007e-40
2.81007e-40
2.81007e-40
2.81007e-40
2.81007e-40
2.81007e-40
2.81007e-40
2.81007e-40
2.81007e-40
2.81007e-40
2.81007e-40
2.81007e-40
2.81007e-40
2.81007e-40
2.81007e-40
2.81007e-40
2.81007e-40
2.81007e-40
2.81007e-40
2.81007e-40
2.81007e-40
2.81007e-40
2.81007e-40
2.81007e-40
2.81007e-40
2.81007e-40
2.81007e-40
2.81007e-40
2.81007e-40
2.81007e-40
2.81007e-40
2.81007e-40
2.81007e-40
2.81007e-40
2.81007e-40
2.81007e-40
2.81007e-40
2.81007e-40
2.81007e-40
2.81007e-40
2.81007e-40
2.81007e-40
6.97755e-40
6.97755e-40
6.97755e-40
6.97755e-40
6.97755e-40
6.97755e-40
6.97755e-40
6.97755e-40
6.97755e-40
6.97755e-40
6.97755e-40
6.97755e-40
6.97755e-40
6.97755e-40
6.97755e-40
6.97755e-40
6.97755e-40
6.97755e-40
6.97755e-40
6.97755e-40
6.97755e-40
6.97755e-40
6.97755e-40
6.97755e-40
6.97755e-40
6.97755e-40
6.97755e-40
6.97755e-40
6.97755e-40
6.97755e-40
6.97755e-40
6.97755e-40
6.97755e-40
6.97755e-40
6.97755e-40
6.97755e-40
6.97755e-40
6.97755e-40
6.97755e-40
6.97755e-40
6.97755e-40
6.97755e-40
6.97755e-40
6.97755e-40
6.97755e-40
6.97755e-40
6.97755e-40
6.97755e-40
6.97755e-40
6.97755e-40
6.97755e-40
6.97755e-40
6.97755e-40
6.97755e-40
6.97755e-40
6.97755e-40
6.97755e-40
6.97755e-40
6.97755e-40
6.97755e-40
1.78752e-39
1.78752e-39
1.78752e-39
1.78752e-39
1.78752e-39
1.78752e-39
1.78752e-39
1.78752e-39
1.78752e-39
1.78752e-39
1.78752e-39
1.78752e-39
1.78752e-39
1.78752e-39
1.78752e-39
1.78752e-39
1.78752e-39
1.78752e-39
1.78752e-39
1.78752e-39
1.78752e-39
1.78752e-39
1.78752e-39
1.78752e-39
1.78752e-39
1.78752e-39
1.78752e-39
1.78752e-39
1.78752e-39
1.78752e-39
1.78752e-39
1.78752e-39
1.78752e-39
1.78752e-39
1.78752e-39
1.78752e-39
1.78752e-39
1.78752e-39
1.78752e-39
1.78752e-39
1.78752e-39
1.78752e-39
1.78752e-39
1.78752e-39
1.78752e-39
1.78752e-39
1.78752e-39
1.78752e-39
1.78752e-39
1.78752e-39
1.78752e-39
1.78752e-39
1.78752e-39
1.78752e-39
1.78752e-39
1.78752e-39
1.78752e-39
1.78752e-39
1.78752e-39
1.78752e-39
4.73109e-39
4.73109e-39
4.73109e-39
4.73109e-39
4.73109e-39
4.73109e-39
4.73109e-39
4.73109e-39
4.73109e-39
4.73109e-39
4.73109e-39
4.73109e-39
4.73109e-39
4.73109e-39
4.73109e-39
4.73109e-39
4.73109e-39
4.73109e-39
4.73109e-39
4.73109e-39
4.73109e-39
4.73109e-39
4.73109e-39
4.73109e-39
4.73109e-39
4.73109e-39
4.73109e-39
4.73109e-39
4.73109e-39
4.73109e-39
4.73109e-39
4.73109e-39
4.73109e-39
4.73109e-39
4.73109e-39
4.73109e-39
4.73109e-39
4.73109e-39
4.73109e-39
4.73109e-39
4.73109e-39
4.73109e-39
4.73109e-39
4.73109e-39
4.73109e-39
4.73109e-39
4.73109e-39
4.73109e-39
4.73109e-39
4.73109e-39
4.73109e-39
4.73109e-39
4.73109e-39
4.73109e-39
4.73109e-39
4.73109e-39
4.73109e-39
4.73109e-39
4.73109e-39
4.73109e-39
1.29561e-38
1.29561e-38
1.29561e-38
1.29561e-38
1.29561e-38
1.29561e-38
1.29561e-38
1.29561e-38
1.29561e-38
1.29561e-38
1.29561e-38
1.29561e-38
1.29561e-38
1.29561e-38
1.29561e-38
1.29561e-38
1.29561e-38
1.29561e-38
1.29561e-38
1.29561e-38
1.29561e-38
1.29561e-38
1.29561e-38
1.29561e-38
1.29561e-38
1.29561e-38
1.29561e-38
1.29561e-38
1.29561e-38
1.29561e-38
1.29561e-38
1.29561e-38
1.29561e-38
1.29561e-38
1.29561e-38
1.29561e-38
1.29561e-38
1.29561e-38
1.29561e-38
1.29561e-38
1.29561e-38
1.29561e-38
1.29561e-38
1.29561e-38
1.29561e-38
1.29561e-38
1.29561e-38
1.29561e-38
1.29561e-38
1.29561e-38
1.29561e-38
1.29561e-38
1.29561e-38
1.29561e-38
1.29561e-38
1.29561e-38
1.29561e-38
1.29561e-38
1.29561e-38
1.29561e-38
3.67683e-38
3.67683e-38
3.67683e-38
3.67683e-38
3.67683e-38
3.67683e-38
3.67683e-38
3.67683e-38
3.67683e-38
3.67683e-38
3.67683e-38
3.67683e-38
3.67683e-38
3.67683e-38
3.67683e-38
3.67683e-38
3.67683e-38
3.67683e-38
3.67683e-38
3.67683e-38
3.67683e-38
3.67683e-38
3.67683e-38
3.67683e-38
3.67683e-38
3.67683e-38
3.67683e-38
3.67683e-38
3.67683e-38
3.67683e-38
3.67683e-38
3.67683e-38
3.67683e-38
3.67683e-38
3.67683e-38
3.67683e-38
3.67683e-38
3.67683e-38
3.67683e-38
3.67683e-38
3.67683e-38
3.67683e-38
3.67683e-38
3.67683e-38
3.67683e-38
3.67683e-38
3.67683e-38
3.67683e-38
3.67683e-38
3.67683e-38
3.67683e-38
3.67683e-38
3.67683e-38
3.67683e-38
3.67683e-38
3.67683e-38
3.67683e-38
3.67683e-38
3.67683e-38
3.67683e-38
1.08319e-37
1.08319e-37
1.08319e-37
1.08319e-37
1.08319e-37
1.08319e-37
1.08319e-37
1.08319e-37
1.08319e-37
1.08319e-37
1.08319e-37
1.08319e-37
1.08319e-37
1.08319e-37
1.08319e-37
1.08319e-37
1.08319e-37
1.08319e-37
1.08319e-37
1.08319e-37
1.08319e-37
1.08319e-37
1.08319e-37
1.08319e-37
1.08319e-37
1.08319e-37
1.08319e-37
1.08319e-37
1.08319e-37
1.08319e-37
1.08319e-37
1.08319e-37
1.08319e-37
1.08319e-37
1.08319e-37
1.08319e-37
1.08319e-37
1.08319e-37
1.08319e-37
1.08319e-37
1.08319e-37
1.08319e-37
1.08319e-37
1.08319e-37
1.08319e-37
1.08319e-37
1.08319e-37
1.08319e-37
1.08319e-37
1.08319e-37
1.08319e-37
1.08319e-37
1.08319e-37
1.08319e-37
1.08319e-37
1.08319e-37
1.08319e-37
1.08319e-37
1.08319e-37
1.08319e-37
3.31865e-37
3.31865e-37
3.31865e-37
3.31865e-37
3.31865e-37
3.31865e-37
3.31865e-37
3.31865e-37
3.31865e-37
3.31865e-37
3.31865e-37
3.31865e-37
3.31865e-37
3.31865e-37
3.31865e-37
3.31865e-37
3.31865e-37
3.31865e-37
3.31865e-37
3.31865e-37
3.31865e-37
3.31865e-37
3.31865e-37
3.31865e-37
3.31865e-37
3.31865e-37
3.31865e-37
3.31865e-37
3.31865e-37
3.31865e-37
3.31865e-37
3.31865e-37
3.31865e-37
3.31865e-37
3.31865e-37
3.31865e-37
3.31865e-37
3.31865e-37
3.31865e-37
3.31865e-37
3.31865e-37
3.31865e-37
3.31865e-37
3.31865e-37
3.31865e-37
3.31865e-37
3.31865e-37
3.31865e-37
3.31865e-37
3.31865e-37
3.31865e-37
3.31865e-37
3.31865e-37
3.31865e-37
3.31865e-37
3.31865e-37
3.31865e-37
3.31865e-37
3.31865e-37
3.31865e-37
1.05952e-36
1.05952e-36
1.05952e-36
1.05952e-36
1.05952e-36
1.05952e-36
1.05952e-36
1.05952e-36
1.05952e-36
1.05952e-36
1.05952e-36
1.05952e-36
1.05952e-36
1.05952e-36
1.05952e-36
1.05952e-36
1.05952e-36
1.05952e-36
1.05952e-36
1.05952e-36
1.05952e-36
1.05952e-36
1.05952e-36
1.05952e-36
1.05952e-36
1.05952e-36
1.05952e-36
1.05952e-36
1.05952e-36
1.05952e-36
1.05952e-36
1.05952e-36
1.05952e-36
1.05952e-36
1.05952e-36
1.05952e-36
1.05952e-36
1.05952e-36
1.05952e-36
1.05952e-36
1.05952e-36
1.05952e-36
1.05952e-36
1.05952e-36
1.05952e-36
1.05952e-36
1.05952e-36
1.05952e-36
1.05952e-36
1.05952e-36
1.05952e-36
1.05952e-36
1.05952e-36
1.05952e-36
1.05952e-36
1.05952e-36
1.05952e-36
1.05952e-36
1.05952e-36
1.05952e-36
3.53259e-36
3.53259e-36
3.53259e-36
3.53259e-36
3.53259e-36
3.53259e-36
3.53259e-36
3.53259e-36
3.53259e-36
3.53259e-36
3.53259e-36
3.53259e-36
3.53259e-36
3.53259e-36
3.53259e-36
3.53259e-36
3.53259e-36
3.53259e-36
3.53259e-36
3.53259e-36
3.53259e-36
3.53259e-36
3.53259e-36
3.53259e-36
3.53259e-36
3.53259e-36
3.53259e-36
3.53259e-36
3.53259e-36
3.53259e-36
3.53259e-36
3.53259e-36
3.53259e-36
3.53259e-36
3.53259e-36
3.53259e-36
3.53259e-36
3.53259e-36
3.53259e-36
3.53259e-36
3.53259e-36
3.53259e-36
3.53259e-36
3.53259e-36
3.53259e-36
3.53259e-36
3.53259e-36
3.53259e-36
3.53259e-36
3.53259e-36
3.53259e-36
3.53259e-36
3.53259e-36
3.53259e-36
3.53259e-36
3.53259e-36
3.53259e-36
3.53259e-36
3.53259e-36
3.53259e-36
1.23293e-35
1.23293e-35
1.23293e-35
1.23293e-35
1.23293e-35
1.23293e-35
1.23293e-35
1.23293e-35
1.23293e-35
1.23293e-35
1.23293e-35
1.23293e-35
1.23293e-35
1.23293e-35
1.23293e-35
1.23293e-35
1.23293e-35
1.23293e-35
1.23293e-35
1.23293e-35
1.23293e-35
1.23293e-35
1.23293e-35
1.23293e-35
1.23293e-35
1.23293e-35
1.23293e-35
1.23293e-35
1.23293e-35
1.23293e-35
1.23293e-35
1.23293e-35
1.23293e-35
1.23293e-35
1.23293e-35
1.23293e-35
1.23293e-35
1.23293e-35
1.23293e-35
1.23293e-35
1.23293e-35
1.23293e-35
1.23293e-35
1.23293e-35
1.23293e-35
1.23293e-35
1.23293e-35
1.23293e-35
1.23293e-35
1.23293e-35
1.23293e-35
1.23293e-35
1.23293e-35
1.23293e-35
1.23293e-35
1.23293e-35
1.23293e-35
1.23293e-35
1.23293e-35
1.23293e-35
4.51614e-35
4.51614e-35
4.51614e-35
4.51614e-35
4.51614e-35
4.51614e-35
4.51614e-35
4.51614e-35
4.51614e-35
4.51614e-35
4.51614e-35
4.51614e-35
4.51614e-35
4.51614e-35
4.51614e-35
4.51614e-35
4.51614e-35
4.51614e-35
4.51614e-35
4.51614e-35
4.51614e-35
4.51614e-35
4.51614e-35
4.51614e-35
4.51614e-35
4.51614e-35
4.51614e-35
4.51614e-35
4.51614e-35
4.51614e-35
4.51614e-35
4.51614e-35
4.51614e-35
4.51614e-35
4.51614e-35
4.51614e-35
4.51614e-35
4.51614e-35
4.51614e-35
4.51614e-35
4.51614e-35
4.51614e-35
4.51614e-35
4.51614e-35
4.51614e-35
4.51614e-35
4.51614e-35
4.51614e-35
4.51614e-35
4.51614e-35
4.51614e-35
4.51614e-35
4.51614e-35
4.51614e-35
4.51614e-35
4.51614e-35
4.51614e-35
4.51614e-35
4.51614e-35
4.51614e-35
1.74111e-34
1.74111e-34
1.74111e-34
1.74111e-34
1.74111e-34
1.74111e-34
1.74111e-34
1.74111e-34
1.74111e-34
1.74111e-34
1.74111e-34
1.74111e-34
1.74111e-34
1.74111e-34
1.74111e-34
1.74111e-34
1.74111e-34
1.74111e-34
1.74111e-34
1.74111e-34
1.74111e-34
1.74111e-34
1.74111e-34
1.74111e-34
1.74111e-34
1.74111e-34
1.74111e-34
1.74111e-34
1.74111e-34
1.74111e-34
1.74111e-34
1.74111e-34
1.74111e-34
1.74111e-34
1.74111e-34
1.74111e-34
1.74111e-34
1.74111e-34
1.74111e-34
1.74111e-34
1.74111e-34
1.74111e-34
1.74111e-34
1.74111e-34
1.74111e-34
1.74111e-34
1.74111e-34
1.74111e-34
1.74111e-34
1.74111e-34
1.74111e-34
1.74111e-34
1.74111e-34
1.74111e-34
1.74111e-34
1.74111e-34
1.74111e-34
1.74111e-34
1.74111e-34
1.74111e-34
7.08748e-34
7.08748e-34
7.08748e-34
7.08748e-34
7.08748e-34
7.08748e-34
7.08748e-34
7.08748e-34
7.08748e-34
7.08748e-34
7.08748e-34
7.08748e-34
7.08748e-34
7.08748e-34
7.08748e-34
7.08748e-34
7.08748e-34
7.08748e-34
7.08748e-34
7.08748e-34
7.08748e-34
7.08748e-34
7.08748e-34
7.08748e-34
7.08748e-34
7.08748e-34
7.08748e-34
7.08748e-34
7.08748e-34
7.08748e-34
7.08748e-34
7.08748e-34
7.08748e-34
7.08748e-34
7.08748e-34
7.08748e-34
7.08748e-34
7.08748e-34
7.08748e-34
7.08748e-34
7.08748e-34
7.08748e-34
7.08748e-34
7.08748e-34
7.08748e-34
7.08748e-34
7.08748e-34
7.08748e-34
7.08748e-34
7.08748e-34
7.08748e-34
7.08748e-34
7.08748e-34
7.08748e-34
7.08748e-34
7.08748e-34
7.08748e-34
7.08748e-34
7.08748e-34
7.08748e-34
3.05703e-33
3.05703e-33
3.05703e-33
3.05703e-33
3.05703e-33
3.05703e-33
3.05703e-33
3.05703e-33
3.05703e-33
3.05703e-33
3.05703e-33
3.05703e-33
3.05703e-33
3.05703e-33
3.05703e-33
3.05703e-33
3.05703e-33
3.05703e-33
3.05703e-33
3.05703e-33
3.05703e-33
3.05703e-33
3.05703e-33
3.05703e-33
3.05703e-33
3.05703e-33
3.05703e-33
3.05703e-33
3.05703e-33
3.05703e-33
3.05703e-33
3.05703e-33
3.05703e-33
3.05703e-33
3.05703e-33
3.05703e-33
3.05703e-33
3.05703e-33
3.05703e-33
3.05703e-33
3.05703e-33
3.05703e-33
3.05703e-33
3.05703e-33
3.05703e-33
3.05703e-33
3.05703e-33
3.05703e-33
3.05703e-33
3.05703e-33
3.05703e-33
3.05703e-33
3.05703e-33
3.05703e-33
3.05703e-33
3.05703e-33
3.05703e-33
3.05703e-33
3.05703e-33
3.05703e-33
1.40273e-32
1.40273e-32
1.40273e-32
1.40273e-32
1.40273e-32
1.40273e-32
1.40273e-32
1.40273e-32
1.40273e-32
1.40273e-32
1.40273e-32
1.40273e-32
1.40273e-32
1.40273e-32
1.40273e-32
1.40273e-32
1.40273e-32
1.40273e-32
1.40273e-32
1.40273e-32
1.40273e-32
1.40273e-32
1.40273e-32
1.40273e-32
1.40273e-32
1.40273e-32
1.40273e-32
1.40273e-32
1.40273e-32
1.40273e-32
1.40273e-32
1.40273e-32
1.40273e-32
1.40273e-32
1.40273e-32
1.40273e-32
1.40273e-32
1.40273e-32
1.40273e-32
1.40273e-32
1.40273e-32
1.40273e-32
1.40273e-32
1.40273e-32
1.40273e-32
1.40273e-32
1.40273e-32
1.40273e-32
1.40273e-32
1.40273e-32
1.40273e-32
1.40273e-32
1.40273e-32
1.40273e-32
1.40273e-32
1.40273e-32
1.40273e-32
1.40273e-32
1.40273e-32
1.40273e-32
6.87813e-32
6.87813e-32
6.87813e-32
6.87813e-32
6.87813e-32
6.87813e-32
6.87813e-32
6.87813e-32
6.87813e-32
6.87813e-32
6.87813e-32
6.87813e-32
6.87813e-32
6.87813e-32
6.87813e-32
6.87813e-32
6.87813e-32
6.87813e-32
6.87813e-32
6.87813e-32
6.87813e-32
6.87813e-32
6.87813e-32
6.87813e-32
6.87813e-32
6.87813e-32
6.87813e-32
6.87813e-32
6.87813e-32
6.87813e-32
6.87813e-32
6.87813e-32
6.87813e-32
6.87813e-32
6.87813e-32
6.87813e-32
6.87813e-32
6.87813e-32
6.87813e-32
6.87813e-32
6.87813e-32
6.87813e-32
6.87813e-32
6.87813e-32
6.87813e-32
6.87813e-32
6.87813e-32
6.87813e-32
6.87813e-32
6.87813e-32
6.87813e-32
6.87813e-32
6.87813e-32
6.87813e-32
6.87813e-32
6.87813e-32
6.87813e-32
6.87813e-32
6.87813e-32
6.87813e-32
3.62259e-31
3.62259e-31
3.62259e-31
3.62259e-31
3.62259e-31
3.62259e-31
3.62259e-31
3.62259e-31
3.62259e-31
3.62259e-31
3.62259e-31
3.62259e-31
3.62259e-31
3.62259e-31
3.62259e-31
3.62259e-31
3.62259e-31
3.62259e-31
3.62259e-31
3.62259e-31
3.62259e-31
3.62259e-31
3.62259e-31
3.62259e-31
3.62259e-31
3.62259e-31
3.62259e-31
3.62259e-31
3.62259e-31
3.62259e-31
3.62259e-31
3.62259e-31
3.62259e-31
3.62259e-31
3.62259e-31
3.62259e-31
3.62259e-31
3.62259e-31
3.62259e-31
3.62259e-31
3.62259e-31
3.62259e-31
3.62259e-31
3.62259e-31
3.62259e-31
3.62259e-31
3.62259e-31
3.62259e-31
3.62259e-31
3.62259e-31
3.62259e-31
3.62259e-31
3.62259e-31
3.62259e-31
3.62259e-31
3.62259e-31
3.62259e-31
3.62259e-31
3.62259e-31
3.62259e-31
2.06157e-30
2.06157e-30
2.06157e-30
2.06157e-30
2.06157e-30
2.06157e-30
2.06157e-30
2.06157e-30
2.06157e-30
2.06157e-30
2.06157e-30
2.06157e-30
2.06157e-30
2.06157e-30
2.06157e-30
2.06157e-30
2.06157e-30
2.06157e-30
2.06157e-30
2.06157e-30
2.06157e-30
2.06157e-30
2.06157e-30
2.06157e-30
2.06157e-30
2.06157e-30
2.06157e-30
2.06157e-30
2.06157e-30
2.06157e-30
2.06157e-30
2.06157e-30
2.06157e-30
2.06157e-30
2.06157e-30
2.06157e-30
2.06157e-30
2.06157e-30
2.06157e-30
2.06157e-30
2.06157e-30
2.06157e-30
2.06157e-30
2.06157e-30
2.06157e-30
2.06157e-30
2.06157e-30
2.06157e-30
2.06157e-30
2.06157e-30
2.06157e-30
2.06157e-30
2.06157e-30
2.06157e-30
2.06157e-30
2.06157e-30
2.06157e-30
2.06157e-30
2.06157e-30
2.06157e-30
1.27648e-29
1.27648e-29
1.27648e-29
1.27648e-29
1.27648e-29
1.27648e-29
1.27648e-29
1.27648e-29
1.27648e-29
1.27648e-29
1.27648e-29
1.27648e-29
1.27648e-29
1.27648e-29
1.27648e-29
1.27648e-29
1.27648e-29
1.27648e-29
1.27648e-29
1.27648e-29
1.27648e-29
1.27648e-29
1.27648e-29
1.27648e-29
1.27648e-29
1.27648e-29
1.27648e-29
1.27648e-29
1.27648e-29
1.27648e-29
1.27648e-29
1.27648e-29
1.27648e-29
1.27648e-29
1.27648e-29
1.27648e-29
1.27648e-29
1.27648e-29
1.27648e-29
1.27648e-29
1.27648e-29
1.27648e-29
1.27648e-29
1.27648e-29
1.27648e-29
1.27648e-29
1.27648e-29
1.27648e-29
1.27648e-29
1.27648e-29
1.27648e-29
1.27648e-29
1.27648e-29
1.27648e-29
1.27648e-29
1.27648e-29
1.27648e-29
1.27648e-29
1.27648e-29
1.27648e-29
8.67026e-29
8.67026e-29
8.67026e-29
8.67026e-29
8.67026e-29
8.67026e-29
8.67026e-29
8.67026e-29
8.67026e-29
8.67026e-29
8.67026e-29
8.67026e-29
8.67026e-29
8.67026e-29
8.67026e-29
8.67026e-29
8.67026e-29
8.67026e-29
8.67026e-29
8.67026e-29
8.67026e-29
8.67026e-29
8.67026e-29
8.67026e-29
8.67026e-29
8.67026e-29
8.67026e-29
8.67026e-29
8.67026e-29
8.67026e-29
8.67026e-29
8.67026e-29
8.67026e-29
8.67026e-29
8.67026e-29
8.67026e-29
8.67026e-29
8.67026e-29
8.67026e-29
8.67026e-29
8.67026e-29
8.67026e-29
8.67026e-29
8.67026e-29
8.67026e-29
8.67026e-29
8.67026e-29
8.67026e-29
8.67026e-29
8.67026e-29
8.67026e-29
8.67026e-29
8.67026e-29
8.67026e-29
8.67026e-29
8.67026e-29
8.67026e-29
8.67026e-29
8.67026e-29
8.67026e-29
6.52441e-28
6.52441e-28
6.52441e-28
6.52441e-28
6.52441e-28
6.52441e-28
6.52441e-28
6.52441e-28
6.52441e-28
6.52441e-28
6.52441e-28
6.52441e-28
6.52441e-28
6.52441e-28
6.52441e-28
6.52441e-28
6.52441e-28
6.52441e-28
6.52441e-28
6.52441e-28
6.52441e-28
6.52441e-28
6.52441e-28
6.52441e-28
6.52441e-28
6.52441e-28
6.52441e-28
6.52441e-28
6.52441e-28
6.52441e-28
6.52441e-28
6.52441e-28
6.52441e-28
6.52441e-28
6.52441e-28
6.52441e-28
6.52441e-28
6.52441e-28
6.52441e-28
6.52441e-28
6.52441e-28
6.52441e-28
6.52441e-28
6.52441e-28
6.52441e-28
6.52441e-28
6.52441e-28
6.52441e-28
6.52441e-28
6.52441e-28
6.52441e-28
6.52441e-28
6.52441e-28
6.52441e-28
6.52441e-28
6.52441e-28
6.52441e-28
6.52441e-28
6.52441e-28
6.52441e-28
5.50571e-27
5.50571e-27
5.50571e-27
5.50571e-27
5.50571e-27
5.50571e-27
5.50571e-27
5.50571e-27
5.50571e-27
5.50571e-27
5.50571e-27
5.50571e-27
5.50571e-27
5.50571e-27
5.50571e-27
5.50571e-27
5.50571e-27
5.50571e-27
5.50571e-27
5.50571e-27
5.50571e-27
5.50571e-27
5.50571e-27
5.50571e-27
5.50571e-27
5.50571e-27
5.50571e-27
5.50571e-27
5.50571e-27
5.50571e-27
5.50571e-27
5.50571e-27
5.50571e-27
5.50571e-27
5.50571e-27
5.50571e-27
5.50571e-27
5.50571e-27
5.50571e-27
5.50571e-27
5.50571e-27
5.50571e-27
5.50571e-27
5.50571e-27
5.50571e-27
5.50571e-27
5.50571e-27
5.50571e-27
5.50571e-27
5.50571e-27
5.50571e-27
5.50571e-27
5.50571e-27
5.50571e-27
5.50571e-27
5.50571e-27
5.50571e-27
5.50571e-27
5.50571e-27
5.50571e-27
5.29033e-26
5.29033e-26
5.29033e-26
5.29033e-26
5.29033e-26
5.29033e-26
5.29033e-26
5.29033e-26
5.29033e-26
5.29033e-26
5.29033e-26
5.29033e-26
5.29033e-26
5.29033e-26
5.29033e-26
5.29033e-26
5.29033e-26
5.29033e-26
5.29033e-26
5.29033e-26
5.29033e-26
5.29033e-26
5.29033e-26
5.29033e-26
5.29033e-26
5.29033e-26
5.29033e-26
5.29033e-26
5.29033e-26
5.29033e-26
5.29033e-26
5.29033e-26
5.29033e-26
5.29033e-26
5.29033e-26
5.29033e-26
5.29033e-26
5.29033e-26
5.29033e-26
5.29033e-26
5.29033e-26
5.29033e-26
5.29033e-26
5.29033e-26
5.29033e-26
5.29033e-26
5.29033e-26
5.29033e-26
5.29033e-26
5.29033e-26
5.29033e-26
5.29033e-26
5.29033e-26
5.29033e-26
5.29033e-26
5.29033e-26
5.29033e-26
5.29033e-26
5.29033e-26
5.29033e-26
5.90435e-25
5.90435e-25
5.90435e-25
5.90435e-25
5.90435e-25
5.90435e-25
5.90435e-25
5.90435e-25
5.90435e-25
5.90435e-25
5.90435e-25
5.90435e-25
5.90435e-25
5.90435e-25
5.90435e-25
5.90435e-25
5.90435e-25
5.90435e-25
5.90435e-25
5.90435e-25
5.90435e-25
5.90435e-25
5.90435e-25
5.90435e-25
5.90435e-25
5.90435e-25
5.90435e-25
5.90435e-25
5.90435e-25
5.90435e-25
5.90435e-25
5.90435e-25
5.90435e-25
5.90435e-25
5.90435e-25
5.90435e-25
5.90435e-25
5.90435e-25
5.90435e-25
5.90435e-25
5.90435e-25
5.90435e-25
5.90435e-25
5.90435e-25
5.90435e-25
5.90435e-25
5.90435e-25
5.90435e-25
5.90435e-25
5.90435e-25
5.90435e-25
5.90435e-25
5.90435e-25
5.90435e-25
5.90435e-25
5.90435e-25
5.90435e-25
5.90435e-25
5.90435e-25
5.90435e-25
7.86225e-24
7.86225e-24
7.86225e-24
7.86225e-24
7.86225e-24
7.86225e-24
7.86225e-24
7.86225e-24
7.86225e-24
7.86225e-24
7.86225e-24
7.86225e-24
7.86225e-24
7.86225e-24
7.86225e-24
7.86225e-24
7.86225e-24
7.86225e-24
7.86225e-24
7.86225e-24
7.86225e-24
7.86225e-24
7.86225e-24
7.86225e-24
7.86225e-24
7.86225e-24
7.86225e-24
7.86225e-24
7.86225e-24
7.86225e-24
7.86225e-24
7.86225e-24
7.86225e-24
7.86225e-24
7.86225e-24
7.86225e-24
7.86225e-24
7.86225e-24
7.86225e-24
7.86225e-24
7.86225e-24
7.86225e-24
7.86225e-24
7.86225e-24
7.86225e-24
7.86225e-24
7.86225e-24
7.86225e-24
7.86225e-24
7.86225e-24
7.86225e-24
7.86225e-24
7.86225e-24
7.86225e-24
7.86225e-24
7.86225e-24
7.86225e-24
7.86225e-24
7.86225e-24
7.86225e-24
1.29809e-22
1.29809e-22
1.29809e-22
1.29809e-22
1.29809e-22
1.29809e-22
1.29809e-22
1.29809e-22
1.29809e-22
1.29809e-22
1.29809e-22
1.29809e-22
1.29809e-22
1.29809e-22
1.29809e-22
1.29809e-22
1.29809e-22
1.29809e-22
1.29809e-22
1.29809e-22
1.29809e-22
1.29809e-22
1.29809e-22
1.29809e-22
1.29809e-22
1.29809e-22
1.29809e-22
1.29809e-22
1.29809e-22
1.29809e-22
1.29809e-22
1.29809e-22
1.29809e-22
1.29809e-22
1.29809e-22
1.29809e-22
1.29809e-22
1.29809e-22
1.29809e-22
1.29809e-22
1.29809e-22
1.29809e-22
1.29809e-22
1.29809e-22
1.29809e-22
1.29809e-22
1.29809e-22
1.29809e-22
1.29809e-22
1.29809e-22
1.29809e-22
1.29809e-22
1.29809e-22
1.29809e-22
1.29809e-22
1.29809e-22
1.29809e-22
1.29809e-22
1.29809e-22
1.29809e-22
2.8208e-21
2.8208e-21
2.8208e-21
2.8208e-21
2.8208e-21
2.8208e-21
2.8208e-21
2.8208e-21
2.8208e-21
2.8208e-21
2.8208e-21
2.8208e-21
2.8208e-21
2.8208e-21
2.8208e-21
2.8208e-21
2.8208e-21
2.8208e-21
2.8208e-21
2.8208e-21
2.8208e-21
2.8208e-21
2.8208e-21
2.8208e-21
2.8208e-21
2.8208e-21
2.8208e-21
2.8208e-21
2.8208e-21
2.8208e-21
2.8208e-21
2.8208e-21
2.8208e-21
2.8208e-21
2.8208e-21
2.8208e-21
2.8208e-21
2.8208e-21
2.8208e-21
2.8208e-21
2.8208e-21
2.8208e-21
2.8208e-21
2.8208e-21
2.8208e-21
2.8208e-21
2.8208e-21
2.8208e-21
2.8208e-21
2.8208e-21
2.8208e-21
2.8208e-21
2.8208e-21
2.8208e-21
2.8208e-21
2.8208e-21
2.8208e-21
2.8208e-21
2.8208e-21
2.8208e-21
8.96772e-20
8.96772e-20
8.96772e-20
8.96772e-20
8.96772e-20
8.96772e-20
8.96772e-20
8.96772e-20
8.96772e-20
8.96772e-20
8.96772e-20
8.96772e-20
8.96772e-20
8.96772e-20
8.96772e-20
8.96772e-20
8.96772e-20
8.96772e-20
8.96772e-20
8.96772e-20
8.96772e-20
8.96772e-20
8.96772e-20
8.96772e-20
8.96772e-20
8.96772e-20
8.96772e-20
8.96772e-20
8.96772e-20
8.96772e-20
8.96772e-20
8.96772e-20
8.96772e-20
8.96772e-20
8.96772e-20
8.96772e-20
8.96772e-20
8.96772e-20
8.96772e-20
8.96772e-20
8.96772e-20
8.96772e-20
8.96772e-20
8.96772e-20
8.96772e-20
8.96772e-20
8.96772e-20
8.96772e-20
8.96772e-20
8.96772e-20
8.96772e-20
8.96772e-20
8.96772e-20
8.96772e-20
8.96772e-20
8.96772e-20
8.96772e-20
8.96772e-20
8.96772e-20
8.96772e-20
5.31125e-18
5.31125e-18
5.31125e-18
5.31125e-18
5.31125e-18
5.31125e-18
5.31125e-18
5.31125e-18
5.31125e-18
5.31125e-18
5.31125e-18
5.31125e-18
5.31125e-18
5.31125e-18
5.31125e-18
5.31125e-18
5.31125e-18
5.31125e-18
5.31125e-18
5.31125e-18
5.31125e-18
5.31125e-18
5.31125e-18
5.31125e-18
5.31125e-18
5.31125e-18
5.31125e-18
5.31125e-18
5.31125e-18
5.31125e-18
5.31125e-18
5.31125e-18
5.31125e-18
5.31125e-18
5.31125e-18
5.31125e-18
5.31125e-18
5.31125e-18
5.31125e-18
5.31125e-18
5.31125e-18
5.31125e-18
5.31125e-18
5.31125e-18
5.31125e-18
5.31125e-18
5.31125e-18
5.31125e-18
5.31125e-18
5.31125e-18
5.31125e-18
5.31125e-18
5.31125e-18
5.31125e-18
5.31125e-18
5.31125e-18
5.31125e-18
5.31125e-18
5.31125e-18
5.31125e-18
2.29658e-15
2.29658e-15
2.29658e-15
2.29658e-15
2.29658e-15
2.29658e-15
2.29658e-15
2.29658e-15
2.29658e-15
2.29658e-15
2.29658e-15
2.29658e-15
2.29658e-15
2.29658e-15
2.29658e-15
2.29658e-15
2.29658e-15
2.29658e-15
2.29658e-15
2.29658e-15
2.29658e-15
2.29658e-15
2.29658e-15
2.29658e-15
2.29658e-15
2.29658e-15
2.29658e-15
2.29658e-15
2.29658e-15
2.29658e-15
2.29658e-15
2.29658e-15
2.29658e-15
2.29658e-15
2.29658e-15
2.29658e-15
2.29658e-15
2.29658e-15
2.29658e-15
2.29658e-15
2.29658e-15
2.29658e-15
2.29658e-15
2.29658e-15
2.29658e-15
2.29658e-15
2.29658e-15
2.29658e-15
2.29658e-15
2.29658e-15
2.29658e-15
2.29658e-15
2.29658e-15
2.29658e-15
2.29658e-15
2.29658e-15
2.29658e-15
2.29658e-15
2.29658e-15
2.29658e-15
-1.8742e-13
-1.8742e-13
-1.8742e-13
-1.8742e-13
-1.8742e-13
-1.8742e-13
-1.8742e-13
-1.8742e-13
-1.8742e-13
-1.8742e-13
-1.8742e-13
-1.8742e-13
-1.8742e-13
-1.8742e-13
-1.8742e-13
-1.8742e-13
-1.8742e-13
-1.8742e-13
-1.8742e-13
-1.8742e-13
-1.8742e-13
-1.8742e-13
-1.8742e-13
-1.8742e-13
-1.8742e-13
-1.8742e-13
-1.8742e-13
-1.8742e-13
-1.8742e-13
-1.8742e-13
-1.8742e-13
-1.8742e-13
-1.8742e-13
-1.8742e-13
-1.8742e-13
-1.8742e-13
-1.8742e-13
-1.8742e-13
-1.8742e-13
-1.8742e-13
-1.8742e-13
-1.8742e-13
-1.8742e-13
-1.8742e-13
-1.8742e-13
-1.8742e-13
-1.8742e-13
-1.8742e-13
-1.8742e-13
-1.8742e-13
-1.8742e-13
-1.8742e-13
-1.8742e-13
-1.8742e-13
-1.8742e-13
-1.8742e-13
-1.8742e-13
-1.8742e-13
-1.8742e-13
-1.8742e-13
6.99112e-12
6.99112e-12
6.99112e-12
6.99112e-12
6.99112e-12
6.99112e-12
6.99112e-12
6.99112e-12
6.99112e-12
6.99112e-12
6.99112e-12
6.99112e-12
6.99112e-12
6.99112e-12
6.99112e-12
6.99112e-12
6.99112e-12
6.99112e-12
6.99112e-12
6.99112e-12
6.99112e-12
6.99112e-12
6.99112e-12
6.99112e-12
6.99112e-12
6.99112e-12
6.99112e-12
6.99112e-12
6.99112e-12
6.99112e-12
6.99112e-12
6.99112e-12
6.99112e-12
6.99112e-12
6.99112e-12
6.99112e-12
6.99112e-12
6.99112e-12
6.99112e-12
6.99112e-12
6.99112e-12
6.99112e-12
6.99112e-12
6.99112e-12
6.99112e-12
6.99112e-12
6.99112e-12
6.99112e-12
6.99112e-12
6.99112e-12
6.99112e-12
6.99112e-12
6.99112e-12
6.99112e-12
6.99112e-12
6.99112e-12
6.99112e-12
6.99112e-12
6.99112e-12
6.99112e-12
-1.69093e-10
-1.69093e-10
-1.69093e-10
-1.69093e-10
-1.69093e-10
-1.69093e-10
-1.69093e-10
-1.69093e-10
-1.69093e-10
-1.69093e-10
-1.69093e-10
-1.69093e-10
-1.69093e-10
-1.69093e-10
-1.69093e-10
-1.69093e-10
-1.69093e-10
-1.69093e-10
-1.69093e-10
-1.69093e-10
-1.69093e-10
-1.69093e-10
-1.69093e-10
-1.69093e-10
-1.69093e-10
-1.69093e-10
-1.69093e-10
-1.69093e-10
-1.69093e-10
-1.69093e-10
-1.69093e-10
-1.69093e-10
-1.69093e-10
-1.69093e-10
-1.69093e-10
-1.69093e-10
-1.69093e-10
-1.69093e-10
-1.69093e-10
-1.69093e-10
-1.69093e-10
-1.69093e-10
-1.69093e-10
-1.69093e-10
-1.69093e-10
-1.69093e-10
-1.69093e-10
-1.69093e-10
-1.69093e-10
-1.69093e-10
-1.69093e-10
-1.69093e-10
-1.69093e-10
-1.69093e-10
-1.69093e-10
-1.69093e-10
-1.69093e-10
-1.69093e-10
-1.69093e-10
-1.69093e-10
3.02725e-09
3.02725e-09
3.02725e-09
3.02725e-09
3.02725e-09
3.02725e-09
3.02725e-09
3.02725e-09
3.02725e-09
3.02725e-09
3.02725e-09
3.02725e-09
3.02725e-09
3.02725e-09
3.02725e-09
3.02725e-09
3.02725e-09
3.02725e-09
3.02725e-09
3.02725e-09
3.02725e-09
3.02725e-09
3.02725e-09
3.02725e-09
3.02725e-09
3.02725e-09
3.02725e-09
3.02725e-09
3.02725e-09
3.02725e-09
3.02725e-09
3.02725e-09
3.02725e-09
3.02725e-09
3.02725e-09
3.02725e-09
3.02725e-09
3.02725e-09
3.02725e-09
3.02725e-09
3.02725e-09
3.02725e-09
3.02725e-09
3.02725e-09
3.02725e-09
3.02725e-09
3.02725e-09
3.02725e-09
3.02725e-09
3.02725e-09
3.02725e-09
3.02725e-09
3.02725e-09
3.02725e-09
3.02725e-09
3.02725e-09
3.02725e-09
3.02725e-09
3.02725e-09
3.02725e-09
-4.30382e-08
-4.30382e-08
-4.30382e-08
-4.30382e-08
-4.30382e-08
-4.30382e-08
-4.30382e-08
-4.30382e-08
-4.30382e-08
-4.30382e-08
-4.30382e-08
-4.30382e-08
-4.30382e-08
-4.30382e-08
-4.30382e-08
-4.30382e-08
-4.30382e-08
-4.30382e-08
-4.30382e-08
-4.30382e-08
-4.30382e-08
-4.30382e-08
-4.30382e-08
-4.30382e-08
-4.30382e-08
-4.30382e-08
-4.30382e-08
-4.30382e-08
-4.30382e-08
-4.30382e-08
-4.30382e-08
-4.30382e-08
-4.30382e-08
-4.30382e-08
-4.30382e-08
-4.30382e-08
-4.30382e-08
-4.30382e-08
-4.30382e-08
-4.30382e-08
-4.30382e-08
-4.30382e-08
-4.30382e-08
-4.30382e-08
-4.30382e-08
-4.30382e-08
-4.30382e-08
-4.30382e-08
-4.30382e-08
-4.30382e-08
-4.30382e-08
-4.30382e-08
-4.30382e-08
-4.30382e-08
-4.30382e-08
-4.30382e-08
-4.30382e-08
-4.30382e-08
-4.30382e-08
-4.30382e-08
5.07627e-07
5.07627e-07
5.07627e-07
5.07627e-07
5.07627e-07
5.07627e-07
5.07627e-07
5.07627e-07
5.07627e-07
5.07627e-07
5.07627e-07
5.07627e-07
5.07627e-07
5.07627e-07
5.07627e-07
5.07627e-07
5.07627e-07
5.07627e-07
5.07627e-07
5.07627e-07
5.07627e-07
5.07627e-07
5.07627e-07
5.07627e-07
5.07627e-07
5.07627e-07
5.07627e-07
5.07627e-07
5.07627e-07
5.07627e-07
5.07627e-07
5.07627e-07
5.07627e-07
5.07627e-07
5.07627e-07
5.07627e-07
5.07627e-07
5.07627e-07
5.07627e-07
5.07627e-07
5.07627e-07
5.07627e-07
5.07627e-07
5.07627e-07
5.07627e-07
5.07627e-07
5.07627e-07
5.07627e-07
5.07627e-07
5.07627e-07
5.07627e-07
5.07627e-07
5.07627e-07
5.07627e-07
5.07627e-07
5.07627e-07
5.07627e-07
5.07627e-07
5.07627e-07
5.07627e-07
-5.11798e-06
-5.11798e-06
-5.11798e-06
-5.11798e-06
-5.11798e-06
-5.11798e-06
-5.11798e-06
-5.11798e-06
-5.11798e-06
-5.11798e-06
-5.11798e-06
-5.11798e-06
-5.11798e-06
-5.11798e-06
-5.11798e-06
-5.11798e-06
-5.11798e-06
-5.11798e-06
-5.11798e-06
-5.11798e-06
-5.11798e-06
-5.11798e-06
-5.11798e-06
-5.11798e-06
-5.11798e-06
-5.11798e-06
-5.11798e-06
-5.11798e-06
-5.11798e-06
-5.11798e-06
-5.11798e-06
-5.11798e-06
-5.11798e-06
-5.11798e-06
-5.11798e-06
-5.11798e-06
-5.11798e-06
-5.11798e-06
-5.11798e-06
-5.11798e-06
-5.11798e-06
-5.11798e-06
-5.11798e-06
-5.11798e-06
-5.11798e-06
-5.11798e-06
-5.11798e-06
-5.11798e-06
-5.11798e-06
-5.11798e-06
-5.11798e-06
-5.11798e-06
-5.11798e-06
-5.11798e-06
-5.11798e-06
-5.11798e-06
-5.11798e-06
-5.11798e-06
-5.11798e-06
-5.11798e-06
4.50774e-05
4.50774e-05
4.50774e-05
4.50774e-05
4.50774e-05
4.50774e-05
4.50774e-05
4.50774e-05
4.50774e-05
4.50774e-05
4.50774e-05
4.50774e-05
4.50774e-05
4.50774e-05
4.50774e-05
4.50774e-05
4.50774e-05
4.50774e-05
4.50774e-05
4.50774e-05
4.50774e-05
4.50774e-05
4.50774e-05
4.50774e-05
4.50774e-05
4.50774e-05
4.50774e-05
4.50774e-05
4.50774e-05
4.50774e-05
4.50774e-05
4.50774e-05
4.50774e-05
4.50774e-05
4.50774e-05
4.50774e-05
4.50774e-05
4.50774e-05
4.50774e-05
4.50774e-05
4.50774e-05
4.50774e-05
4.50774e-05
4.50774e-05
4.50774e-05
4.50774e-05
4.50774e-05
4.50774e-05
4.50774e-05
4.50774e-05
4.50774e-05
4.50774e-05
4.50774e-05
4.50774e-05
4.50774e-05
4.50774e-05
4.50774e-05
4.50774e-05
4.50774e-05
4.50774e-05
-0.000352622
-0.000352622
-0.000352622
-0.000352622
-0.000352622
-0.000352622
-0.000352622
-0.000352622
-0.000352622
-0.000352622
-0.000352622
-0.000352622
-0.000352622
-0.000352622
-0.000352622
-0.000352622
-0.000352622
-0.000352622
-0.000352622
-0.000352622
-0.000352622
-0.000352622
-0.000352622
-0.000352622
-0.000352622
-0.000352622
-0.000352622
-0.000352622
-0.000352622
-0.000352622
-0.000352622
-0.000352622
-0.000352622
-0.000352622
-0.000352622
-0.000352622
-0.000352622
-0.000352622
-0.000352622
-0.000352622
-0.000352622
-0.000352622
-0.000352622
-0.000352622
-0.000352622
-0.000352622
-0.000352622
-0.000352622
-0.000352622
-0.000352622
-0.000352622
-0.000352622
-0.000352622
-0.000352622
-0.000352622
-0.000352622
-0.000352622
-0.000352622
-0.000352622
-0.000352622
0.002482
0.002482
0.002482
0.002482
0.002482
0.002482
0.002482
0.002482
0.002482
0.002482
0.002482
0.002482
0.002482
0.002482
0.002482
0.002482
0.002482
0.002482
0.002482
0.002482
0.002482
0.002482
0.002482
0.002482
0.002482
0.002482
0.002482
0.002482
0.002482
0.002482
0.002482
0.002482
0.002482
0.002482
0.002482
0.002482
0.002482
0.002482
0.002482
0.002482
0.002482
0.002482
0.002482
0.002482
0.002482
0.002482
0.002482
0.002482
0.002482
0.002482
0.002482
0.002482
0.002482
0.002482
0.002482
0.002482
0.002482
0.002482
0.002482
0.002482
-0.0158857
-0.0158857
-0.0158857
-0.0158857
-0.0158857
-0.0158857
-0.0158857
-0.0158857
-0.0158857
-0.0158857
-0.0158857
-0.0158857
-0.0158857
-0.0158857
-0.0158857
-0.0158857
-0.0158857
-0.0158857
-0.0158857
-0.0158857
-0.0158857
-0.0158857
-0.0158857
-0.0158857
-0.0158857
-0.0158857
-0.0158857
-0.0158857
-0.0158857
-0.0158857
-0.0158857
-0.0158857
-0.0158857
-0.0158857
-0.0158857
-0.0158857
-0.0158857
-0.0158857
-0.0158857
-0.0158857
-0.0158857
-0.0158857
-0.0158857
-0.0158857
-0.0158857
-0.0158857
-0.0158857
-0.0158857
-0.0158857
-0.0158857
-0.0158857
-0.0158857
-0.0158857
-0.0158857
-0.0158857
-0.0158857
-0.0158857
-0.0158857
-0.0158857
-0.0158857
0.0932594
0.0932594
0.0932594
0.0932594
0.0932594
0.0932594
0.0932594
0.0932594
0.0932594
0.0932594
0.0932594
0.0932594
0.0932594
0.0932594
0.0932594
0.0932594
0.0932594
0.0932594
0.0932594
0.0932594
0.0932594
0.0932594
0.0932594
0.0932594
0.0932594
0.0932594
0.0932594
0.0932594
0.0932594
0.0932594
0.0932594
0.0932594
0.0932594
0.0932594
0.0932594
0.0932594
0.0932594
0.0932594
0.0932594
0.0932594
0.0932594
0.0932594
0.0932594
0.0932594
0.0932594
0.0932594
0.0932594
0.0932594
0.0932594
0.0932594
0.0932594
0.0932594
0.0932594
0.0932594
0.0932594
0.0932594
0.0932594
0.0932594
0.0932594
0.0932594
-0.50586
-0.50586
-0.50586
-0.50586
-0.50586
-0.50586
-0.50586
-0.50586
-0.50586
-0.50586
-0.50586
-0.50586
-0.50586
-0.50586
-0.50586
-0.50586
-0.50586
-0.50586
-0.50586
-0.50586
-0.50586
-0.50586
-0.50586
-0.50586
-0.50586
-0.50586
-0.50586
-0.50586
-0.50586
-0.50586
-0.50586
-0.50586
-0.50586
-0.50586
-0.50586
-0.50586
-0.50586
-0.50586
-0.50586
-0.50586
-0.50586
-0.50586
-0.50586
-0.50586
-0.50586
-0.50586
-0.50586
-0.50586
-0.50586
-0.50586
-0.50586
-0.50586
-0.50586
-0.50586
-0.50586
-0.50586
-0.50586
-0.50586
-0.50586
-0.50586
)
;

boundaryField
{
    top
    {
        type            fixedValue;
        value           uniform 1;
    }
    bottom
    {
        type            zeroIonicFlux;
        gradient        nonuniform List<scalar> 
60
(
-1.91319e-44
-1.91319e-44
-1.91319e-44
-1.91319e-44
-1.91319e-44
-1.91319e-44
-1.91319e-44
-1.91319e-44
-1.91319e-44
-1.91319e-44
-1.91319e-44
-1.91319e-44
-1.91319e-44
-1.91319e-44
-1.91319e-44
-1.91319e-44
-1.91319e-44
-1.91319e-44
-1.91319e-44
-1.91319e-44
-1.91319e-44
-1.91319e-44
-1.91319e-44
-1.91319e-44
-1.91319e-44
-1.91319e-44
-1.91319e-44
-1.91319e-44
-1.91319e-44
-1.91319e-44
-1.91319e-44
-1.91319e-44
-1.91319e-44
-1.91319e-44
-1.91319e-44
-1.91319e-44
-1.91319e-44
-1.91319e-44
-1.91319e-44
-1.91319e-44
-1.91319e-44
-1.91319e-44
-1.91319e-44
-1.91319e-44
-1.91319e-44
-1.91319e-44
-1.91319e-44
-1.91319e-44
-1.91319e-44
-1.91319e-44
-1.91319e-44
-1.91319e-44
-1.91319e-44
-1.91319e-44
-1.91319e-44
-1.91319e-44
-1.91319e-44
-1.91319e-44
-1.91319e-44
-1.91319e-44
)
;
        value           nonuniform List<scalar> 
60
(
1.91319e-51
1.91319e-51
1.91319e-51
1.91319e-51
1.91319e-51
1.91319e-51
1.91319e-51
1.91319e-51
1.91319e-51
1.91319e-51
1.91319e-51
1.91319e-51
1.91319e-51
1.91319e-51
1.91319e-51
1.91319e-51
1.91319e-51
1.91319e-51
1.91319e-51
1.91319e-51
1.91319e-51
1.91319e-51
1.91319e-51
1.91319e-51
1.91319e-51
1.91319e-51
1.91319e-51
1.91319e-51
1.91319e-51
1.91319e-51
1.91319e-51
1.91319e-51
1.91319e-51
1.91319e-51
1.91319e-51
1.91319e-51
1.91319e-51
1.91319e-51
1.91319e-51
1.91319e-51
1.91319e-51
1.91319e-51
1.91319e-51
1.91319e-51
1.91319e-51
1.91319e-51
1.91319e-51
1.91319e-51
1.91319e-51
1.91319e-51
1.91319e-51
1.91319e-51
1.91319e-51
1.91319e-51
1.91319e-51
1.91319e-51
1.91319e-51
1.91319e-51
1.91319e-51
1.91319e-51
)
;
    }
    wall
    {
        type            zeroGradient;
    }
    frontAndBack
    {
        type            empty;
    }
}


// ************************************************************************* //
