/*--------------------------------*- C++ -*----------------------------------*\
| =========                 |                                                 |
| \\      /  F ield         | foam-extend: Open Source CFD                    |
|  \\    /   O peration     | Version:     4.0                                |
|   \\  /    A nd           | Web:         http://www.foam-extend.org         |
|    \\/     M anipulation  |                                                 |
\*---------------------------------------------------------------------------*/
FoamFile
{
    version     2.0;
    format      ascii;
    class       volScalarField;
    location    "1170";
    object      psiE;
}
// * * * * * * * * * * * * * * * * * * * * * * * * * * * * * * * * * * * * * //

dimensions      [0 0 0 0 0 0 0];

internalField   nonuniform List<scalar> 
6960
(
0.317237
0.317237
0.317234
0.317232
0.31723
0.317229
0.317227
0.317226
0.317226
0.317225
0.317225
0.317224
0.317224
0.317223
0.317223
0.317223
0.317223
0.317223
0.317222
0.317222
0.317222
0.317222
0.317222
0.317222
0.317222
0.317222
0.317222
0.317222
0.317222
0.317222
0.317222
0.317222
0.317222
0.317222
0.317222
0.317222
0.317222
0.317222
0.317222
0.317222
0.317222
0.317222
0.317223
0.317223
0.317223
0.317223
0.317223
0.317224
0.317224
0.317225
0.317225
0.317226
0.317226
0.317227
0.317229
0.31723
0.317232
0.317234
0.317237
0.317237
0.746166
0.746159
0.746149
0.746139
0.746132
0.746126
0.746122
0.746118
0.746115
0.746113
0.746111
0.746109
0.746108
0.746107
0.746106
0.746105
0.746104
0.746104
0.746103
0.746103
0.746102
0.746102
0.746102
0.746101
0.746101
0.746101
0.746101
0.746101
0.746101
0.746101
0.746101
0.746101
0.746101
0.746101
0.746101
0.746101
0.746101
0.746102
0.746102
0.746102
0.746103
0.746103
0.746104
0.746104
0.746105
0.746106
0.746107
0.746108
0.746109
0.746111
0.746113
0.746115
0.746118
0.746122
0.746126
0.746132
0.746139
0.746149
0.746159
0.746166
1.07504
1.07502
1.07499
1.07498
1.07496
1.07495
1.07494
1.07494
1.07493
1.07493
1.07492
1.07492
1.07492
1.07492
1.07492
1.07491
1.07491
1.07491
1.07491
1.07491
1.07491
1.07491
1.07491
1.07491
1.07491
1.07491
1.07491
1.07491
1.07491
1.07491
1.07491
1.07491
1.07491
1.07491
1.07491
1.07491
1.07491
1.07491
1.07491
1.07491
1.07491
1.07491
1.07491
1.07491
1.07491
1.07492
1.07492
1.07492
1.07492
1.07492
1.07493
1.07493
1.07494
1.07494
1.07495
1.07496
1.07498
1.07499
1.07502
1.07504
1.33601
1.33596
1.33593
1.3359
1.33588
1.33587
1.33585
1.33585
1.33584
1.33583
1.33583
1.33582
1.33582
1.33581
1.33581
1.33581
1.33581
1.33581
1.3358
1.3358
1.3358
1.3358
1.3358
1.3358
1.3358
1.3358
1.3358
1.3358
1.3358
1.3358
1.3358
1.3358
1.3358
1.3358
1.3358
1.3358
1.3358
1.3358
1.3358
1.3358
1.3358
1.3358
1.33581
1.33581
1.33581
1.33581
1.33581
1.33582
1.33582
1.33583
1.33583
1.33584
1.33585
1.33585
1.33587
1.33588
1.3359
1.33593
1.33596
1.33601
1.54569
1.54562
1.54557
1.54554
1.54551
1.54549
1.54547
1.54546
1.54545
1.54544
1.54544
1.54543
1.54543
1.54542
1.54542
1.54542
1.54541
1.54541
1.54541
1.54541
1.54541
1.5454
1.5454
1.5454
1.5454
1.5454
1.5454
1.5454
1.5454
1.5454
1.5454
1.5454
1.5454
1.5454
1.5454
1.5454
1.5454
1.5454
1.5454
1.54541
1.54541
1.54541
1.54541
1.54541
1.54542
1.54542
1.54542
1.54543
1.54543
1.54544
1.54544
1.54545
1.54546
1.54547
1.54549
1.54551
1.54554
1.54557
1.54562
1.54569
1.71611
1.71602
1.71596
1.71592
1.71589
1.71586
1.71584
1.71583
1.71582
1.71581
1.7158
1.71579
1.71578
1.71578
1.71578
1.71577
1.71577
1.71577
1.71576
1.71576
1.71576
1.71576
1.71576
1.71576
1.71576
1.71576
1.71575
1.71575
1.71575
1.71575
1.71575
1.71575
1.71575
1.71575
1.71576
1.71576
1.71576
1.71576
1.71576
1.71576
1.71576
1.71576
1.71577
1.71577
1.71577
1.71578
1.71578
1.71578
1.71579
1.7158
1.71581
1.71582
1.71583
1.71584
1.71586
1.71589
1.71592
1.71596
1.71602
1.71611
1.85716
1.85705
1.85698
1.85693
1.8569
1.85687
1.85685
1.85683
1.85682
1.85681
1.8568
1.85679
1.85678
1.85678
1.85677
1.85677
1.85677
1.85676
1.85676
1.85676
1.85676
1.85676
1.85675
1.85675
1.85675
1.85675
1.85675
1.85675
1.85675
1.85675
1.85675
1.85675
1.85675
1.85675
1.85675
1.85675
1.85675
1.85675
1.85676
1.85676
1.85676
1.85676
1.85676
1.85677
1.85677
1.85677
1.85678
1.85678
1.85679
1.8568
1.85681
1.85682
1.85683
1.85685
1.85687
1.8569
1.85693
1.85698
1.85705
1.85716
1.97682
1.97669
1.97662
1.97657
1.97653
1.9765
1.97648
1.97646
1.97644
1.97643
1.97642
1.97641
1.9764
1.9764
1.97639
1.97639
1.97639
1.97638
1.97638
1.97638
1.97637
1.97637
1.97637
1.97637
1.97637
1.97637
1.97637
1.97637
1.97637
1.97637
1.97637
1.97637
1.97637
1.97637
1.97637
1.97637
1.97637
1.97637
1.97637
1.97637
1.97638
1.97638
1.97638
1.97639
1.97639
1.97639
1.9764
1.9764
1.97641
1.97642
1.97643
1.97644
1.97646
1.97648
1.9765
1.97653
1.97657
1.97662
1.97669
1.97682
2.08114
2.081
2.08092
2.08087
2.08083
2.08079
2.08077
2.08075
2.08073
2.08072
2.08071
2.0807
2.08069
2.08069
2.08068
2.08068
2.08067
2.08067
2.08067
2.08066
2.08066
2.08066
2.08066
2.08066
2.08066
2.08066
2.08066
2.08065
2.08065
2.08065
2.08065
2.08065
2.08065
2.08066
2.08066
2.08066
2.08066
2.08066
2.08066
2.08066
2.08066
2.08067
2.08067
2.08067
2.08068
2.08068
2.08069
2.08069
2.0807
2.08071
2.08072
2.08073
2.08075
2.08077
2.08079
2.08083
2.08087
2.08092
2.081
2.08114
2.17446
2.17431
2.17422
2.17417
2.17413
2.17409
2.17407
2.17405
2.17403
2.17402
2.17401
2.174
2.17399
2.17398
2.17398
2.17397
2.17397
2.17396
2.17396
2.17396
2.17396
2.17395
2.17395
2.17395
2.17395
2.17395
2.17395
2.17395
2.17395
2.17395
2.17395
2.17395
2.17395
2.17395
2.17395
2.17395
2.17395
2.17395
2.17395
2.17396
2.17396
2.17396
2.17396
2.17397
2.17397
2.17398
2.17398
2.17399
2.174
2.17401
2.17402
2.17403
2.17405
2.17407
2.17409
2.17413
2.17417
2.17422
2.17431
2.17446
2.25977
2.25961
2.25953
2.25947
2.25943
2.25939
2.25937
2.25934
2.25933
2.25931
2.2593
2.25929
2.25928
2.25928
2.25927
2.25927
2.25926
2.25926
2.25925
2.25925
2.25925
2.25925
2.25925
2.25924
2.25924
2.25924
2.25924
2.25924
2.25924
2.25924
2.25924
2.25924
2.25924
2.25924
2.25924
2.25924
2.25924
2.25925
2.25925
2.25925
2.25925
2.25925
2.25926
2.25926
2.25927
2.25927
2.25928
2.25928
2.25929
2.2593
2.25931
2.25933
2.25934
2.25937
2.25939
2.25943
2.25947
2.25953
2.25961
2.25977
2.33913
2.33897
2.33889
2.33883
2.33878
2.33875
2.33872
2.3387
2.33868
2.33867
2.33865
2.33864
2.33864
2.33863
2.33862
2.33862
2.33861
2.33861
2.33861
2.3386
2.3386
2.3386
2.3386
2.33859
2.33859
2.33859
2.33859
2.33859
2.33859
2.33859
2.33859
2.33859
2.33859
2.33859
2.33859
2.33859
2.33859
2.3386
2.3386
2.3386
2.3386
2.33861
2.33861
2.33861
2.33862
2.33862
2.33863
2.33864
2.33864
2.33865
2.33867
2.33868
2.3387
2.33872
2.33875
2.33878
2.33883
2.33889
2.33897
2.33913
2.41397
2.41381
2.41372
2.41366
2.41362
2.41358
2.41355
2.41353
2.41351
2.4135
2.41349
2.41348
2.41347
2.41346
2.41345
2.41345
2.41344
2.41344
2.41344
2.41343
2.41343
2.41343
2.41343
2.41343
2.41343
2.41342
2.41342
2.41342
2.41342
2.41342
2.41342
2.41342
2.41342
2.41342
2.41342
2.41343
2.41343
2.41343
2.41343
2.41343
2.41343
2.41344
2.41344
2.41344
2.41345
2.41345
2.41346
2.41347
2.41348
2.41349
2.4135
2.41351
2.41353
2.41355
2.41358
2.41362
2.41366
2.41372
2.41381
2.41397
2.48531
2.48516
2.48506
2.485
2.48496
2.48492
2.48489
2.48487
2.48485
2.48483
2.48482
2.48481
2.4848
2.4848
2.48479
2.48478
2.48478
2.48478
2.48477
2.48477
2.48477
2.48476
2.48476
2.48476
2.48476
2.48476
2.48476
2.48476
2.48476
2.48476
2.48476
2.48476
2.48476
2.48476
2.48476
2.48476
2.48476
2.48476
2.48476
2.48477
2.48477
2.48477
2.48478
2.48478
2.48478
2.48479
2.4848
2.4848
2.48481
2.48482
2.48483
2.48485
2.48487
2.48489
2.48492
2.48496
2.485
2.48506
2.48516
2.48531
2.55391
2.55376
2.55366
2.5536
2.55355
2.55352
2.55349
2.55346
2.55344
2.55343
2.55342
2.55341
2.5534
2.55339
2.55338
2.55338
2.55337
2.55337
2.55337
2.55336
2.55336
2.55336
2.55336
2.55335
2.55335
2.55335
2.55335
2.55335
2.55335
2.55335
2.55335
2.55335
2.55335
2.55335
2.55335
2.55335
2.55335
2.55336
2.55336
2.55336
2.55336
2.55337
2.55337
2.55337
2.55338
2.55338
2.55339
2.5534
2.55341
2.55342
2.55343
2.55344
2.55346
2.55349
2.55352
2.55355
2.5536
2.55366
2.55376
2.55391
2.62035
2.62019
2.6201
2.62004
2.61999
2.61995
2.61992
2.6199
2.61988
2.61986
2.61985
2.61984
2.61983
2.61982
2.61982
2.61981
2.61981
2.6198
2.6198
2.6198
2.61979
2.61979
2.61979
2.61979
2.61979
2.61978
2.61978
2.61978
2.61978
2.61978
2.61978
2.61978
2.61978
2.61978
2.61978
2.61979
2.61979
2.61979
2.61979
2.61979
2.6198
2.6198
2.6198
2.61981
2.61981
2.61982
2.61982
2.61983
2.61984
2.61985
2.61986
2.61988
2.6199
2.61992
2.61995
2.61999
2.62004
2.6201
2.62019
2.62035
2.68508
2.68493
2.68484
2.68477
2.68472
2.68469
2.68466
2.68463
2.68461
2.6846
2.68459
2.68457
2.68457
2.68456
2.68455
2.68454
2.68454
2.68454
2.68453
2.68453
2.68453
2.68452
2.68452
2.68452
2.68452
2.68452
2.68452
2.68452
2.68452
2.68452
2.68452
2.68452
2.68452
2.68452
2.68452
2.68452
2.68452
2.68452
2.68452
2.68453
2.68453
2.68453
2.68454
2.68454
2.68454
2.68455
2.68456
2.68457
2.68457
2.68459
2.6846
2.68461
2.68463
2.68466
2.68469
2.68472
2.68477
2.68484
2.68493
2.68508
2.74849
2.74834
2.74825
2.74818
2.74813
2.7481
2.74807
2.74804
2.74802
2.74801
2.74799
2.74798
2.74797
2.74796
2.74796
2.74795
2.74795
2.74794
2.74794
2.74794
2.74793
2.74793
2.74793
2.74793
2.74793
2.74792
2.74792
2.74792
2.74792
2.74792
2.74792
2.74792
2.74792
2.74792
2.74792
2.74793
2.74793
2.74793
2.74793
2.74793
2.74794
2.74794
2.74794
2.74795
2.74795
2.74796
2.74796
2.74797
2.74798
2.74799
2.74801
2.74802
2.74804
2.74807
2.7481
2.74813
2.74818
2.74825
2.74834
2.74849
2.81089
2.81074
2.81064
2.81058
2.81053
2.81049
2.81046
2.81043
2.81041
2.8104
2.81039
2.81037
2.81036
2.81036
2.81035
2.81034
2.81034
2.81033
2.81033
2.81033
2.81032
2.81032
2.81032
2.81032
2.81032
2.81032
2.81031
2.81031
2.81031
2.81031
2.81031
2.81031
2.81031
2.81031
2.81032
2.81032
2.81032
2.81032
2.81032
2.81032
2.81033
2.81033
2.81033
2.81034
2.81034
2.81035
2.81036
2.81036
2.81037
2.81039
2.8104
2.81041
2.81043
2.81046
2.81049
2.81053
2.81058
2.81064
2.81074
2.81089
2.87252
2.87238
2.87228
2.87222
2.87217
2.87213
2.8721
2.87207
2.87205
2.87204
2.87202
2.87201
2.872
2.87199
2.87199
2.87198
2.87198
2.87197
2.87197
2.87197
2.87196
2.87196
2.87196
2.87196
2.87195
2.87195
2.87195
2.87195
2.87195
2.87195
2.87195
2.87195
2.87195
2.87195
2.87195
2.87195
2.87196
2.87196
2.87196
2.87196
2.87197
2.87197
2.87197
2.87198
2.87198
2.87199
2.87199
2.872
2.87201
2.87202
2.87204
2.87205
2.87207
2.8721
2.87213
2.87217
2.87222
2.87228
2.87238
2.87252
2.93364
2.93349
2.9334
2.93333
2.93328
2.93324
2.93321
2.93319
2.93317
2.93315
2.93314
2.93312
2.93311
2.93311
2.9331
2.93309
2.93309
2.93308
2.93308
2.93308
2.93307
2.93307
2.93307
2.93307
2.93307
2.93306
2.93306
2.93306
2.93306
2.93306
2.93306
2.93306
2.93306
2.93306
2.93306
2.93307
2.93307
2.93307
2.93307
2.93307
2.93308
2.93308
2.93308
2.93309
2.93309
2.9331
2.93311
2.93311
2.93312
2.93314
2.93315
2.93317
2.93319
2.93321
2.93324
2.93328
2.93333
2.9334
2.93349
2.93364
2.99442
2.99428
2.99418
2.99411
2.99406
2.99402
2.99399
2.99397
2.99395
2.99393
2.99392
2.99391
2.9939
2.99389
2.99388
2.99388
2.99387
2.99387
2.99386
2.99386
2.99386
2.99385
2.99385
2.99385
2.99385
2.99385
2.99385
2.99384
2.99384
2.99384
2.99384
2.99384
2.99384
2.99385
2.99385
2.99385
2.99385
2.99385
2.99385
2.99386
2.99386
2.99386
2.99387
2.99387
2.99388
2.99388
2.99389
2.9939
2.99391
2.99392
2.99393
2.99395
2.99397
2.99399
2.99402
2.99406
2.99411
2.99418
2.99428
2.99442
3.05504
3.05491
3.05481
3.05474
3.05469
3.05465
3.05462
3.0546
3.05458
3.05456
3.05455
3.05454
3.05453
3.05452
3.05451
3.0545
3.0545
3.05449
3.05449
3.05449
3.05448
3.05448
3.05448
3.05448
3.05448
3.05447
3.05447
3.05447
3.05447
3.05447
3.05447
3.05447
3.05447
3.05447
3.05447
3.05448
3.05448
3.05448
3.05448
3.05448
3.05449
3.05449
3.05449
3.0545
3.0545
3.05451
3.05452
3.05453
3.05454
3.05455
3.05456
3.05458
3.0546
3.05462
3.05465
3.05469
3.05474
3.05481
3.05491
3.05504
3.11568
3.11554
3.11545
3.11538
3.11533
3.11529
3.11526
3.11523
3.11521
3.11519
3.11518
3.11517
3.11516
3.11515
3.11514
3.11514
3.11513
3.11513
3.11512
3.11512
3.11512
3.11511
3.11511
3.11511
3.11511
3.11511
3.1151
3.1151
3.1151
3.1151
3.1151
3.1151
3.1151
3.1151
3.11511
3.11511
3.11511
3.11511
3.11511
3.11512
3.11512
3.11512
3.11513
3.11513
3.11514
3.11514
3.11515
3.11516
3.11517
3.11518
3.11519
3.11521
3.11523
3.11526
3.11529
3.11533
3.11538
3.11545
3.11554
3.11568
3.17645
3.17632
3.17623
3.17616
3.17611
3.17607
3.17604
3.17601
3.17599
3.17597
3.17596
3.17595
3.17594
3.17593
3.17592
3.17591
3.17591
3.1759
3.1759
3.1759
3.17589
3.17589
3.17589
3.17589
3.17589
3.17588
3.17588
3.17588
3.17588
3.17588
3.17588
3.17588
3.17588
3.17588
3.17588
3.17589
3.17589
3.17589
3.17589
3.17589
3.1759
3.1759
3.1759
3.17591
3.17591
3.17592
3.17593
3.17594
3.17595
3.17596
3.17597
3.17599
3.17601
3.17604
3.17607
3.17611
3.17616
3.17623
3.17632
3.17645
3.23751
3.23738
3.23728
3.23722
3.23717
3.23713
3.23709
3.23707
3.23705
3.23703
3.23702
3.237
3.23699
3.23699
3.23698
3.23697
3.23697
3.23696
3.23696
3.23695
3.23695
3.23695
3.23695
3.23694
3.23694
3.23694
3.23694
3.23694
3.23694
3.23694
3.23694
3.23694
3.23694
3.23694
3.23694
3.23694
3.23694
3.23695
3.23695
3.23695
3.23695
3.23696
3.23696
3.23697
3.23697
3.23698
3.23699
3.23699
3.237
3.23702
3.23703
3.23705
3.23707
3.23709
3.23713
3.23717
3.23722
3.23728
3.23738
3.23751
3.29896
3.29884
3.29874
3.29868
3.29863
3.29859
3.29855
3.29853
3.29851
3.29849
3.29847
3.29846
3.29845
3.29844
3.29844
3.29843
3.29842
3.29842
3.29842
3.29841
3.29841
3.29841
3.2984
3.2984
3.2984
3.2984
3.2984
3.2984
3.2984
3.2984
3.2984
3.2984
3.2984
3.2984
3.2984
3.2984
3.2984
3.2984
3.29841
3.29841
3.29841
3.29842
3.29842
3.29842
3.29843
3.29844
3.29844
3.29845
3.29846
3.29847
3.29849
3.29851
3.29853
3.29855
3.29859
3.29863
3.29868
3.29874
3.29884
3.29896
3.36094
3.36081
3.36072
3.36065
3.3606
3.36056
3.36053
3.3605
3.36048
3.36046
3.36045
3.36044
3.36043
3.36042
3.36041
3.3604
3.3604
3.36039
3.36039
3.36038
3.36038
3.36038
3.36038
3.36037
3.36037
3.36037
3.36037
3.36037
3.36037
3.36037
3.36037
3.36037
3.36037
3.36037
3.36037
3.36037
3.36037
3.36038
3.36038
3.36038
3.36038
3.36039
3.36039
3.3604
3.3604
3.36041
3.36042
3.36043
3.36044
3.36045
3.36046
3.36048
3.3605
3.36053
3.36056
3.3606
3.36065
3.36072
3.36081
3.36094
3.42353
3.42341
3.42332
3.42325
3.4232
3.42316
3.42312
3.4231
3.42308
3.42306
3.42304
3.42303
3.42302
3.42301
3.42301
3.423
3.42299
3.42299
3.42298
3.42298
3.42298
3.42297
3.42297
3.42297
3.42297
3.42297
3.42297
3.42297
3.42296
3.42296
3.42296
3.42296
3.42297
3.42297
3.42297
3.42297
3.42297
3.42297
3.42297
3.42298
3.42298
3.42298
3.42299
3.42299
3.423
3.42301
3.42301
3.42302
3.42303
3.42304
3.42306
3.42308
3.4231
3.42312
3.42316
3.4232
3.42325
3.42332
3.42341
3.42353
3.48685
3.48673
3.48664
3.48657
3.48652
3.48648
3.48645
3.48642
3.4864
3.48638
3.48637
3.48635
3.48634
3.48634
3.48633
3.48632
3.48632
3.48631
3.48631
3.4863
3.4863
3.4863
3.48629
3.48629
3.48629
3.48629
3.48629
3.48629
3.48629
3.48629
3.48629
3.48629
3.48629
3.48629
3.48629
3.48629
3.48629
3.48629
3.4863
3.4863
3.4863
3.48631
3.48631
3.48632
3.48632
3.48633
3.48634
3.48634
3.48635
3.48637
3.48638
3.4864
3.48642
3.48645
3.48648
3.48652
3.48657
3.48664
3.48673
3.48685
3.55099
3.55088
3.55079
3.55072
3.55067
3.55063
3.5506
3.55057
3.55055
3.55053
3.55052
3.5505
3.55049
3.55048
3.55048
3.55047
3.55046
3.55046
3.55045
3.55045
3.55045
3.55044
3.55044
3.55044
3.55044
3.55044
3.55044
3.55044
3.55043
3.55043
3.55043
3.55043
3.55044
3.55044
3.55044
3.55044
3.55044
3.55044
3.55044
3.55045
3.55045
3.55045
3.55046
3.55046
3.55047
3.55048
3.55048
3.55049
3.5505
3.55052
3.55053
3.55055
3.55057
3.5506
3.55063
3.55067
3.55072
3.55079
3.55088
3.55099
3.61606
3.61595
3.61586
3.61579
3.61574
3.6157
3.61567
3.61564
3.61562
3.6156
3.61559
3.61557
3.61556
3.61555
3.61555
3.61554
3.61553
3.61553
3.61552
3.61552
3.61552
3.61551
3.61551
3.61551
3.61551
3.61551
3.61551
3.6155
3.6155
3.6155
3.6155
3.6155
3.6155
3.61551
3.61551
3.61551
3.61551
3.61551
3.61551
3.61552
3.61552
3.61552
3.61553
3.61553
3.61554
3.61555
3.61555
3.61556
3.61557
3.61559
3.6156
3.61562
3.61564
3.61567
3.6157
3.61574
3.61579
3.61586
3.61595
3.61606
3.68214
3.68203
3.68194
3.68188
3.68182
3.68178
3.68175
3.68172
3.6817
3.68169
3.68167
3.68166
3.68165
3.68164
3.68163
3.68162
3.68162
3.68161
3.68161
3.6816
3.6816
3.6816
3.68159
3.68159
3.68159
3.68159
3.68159
3.68159
3.68159
3.68159
3.68159
3.68159
3.68159
3.68159
3.68159
3.68159
3.68159
3.68159
3.6816
3.6816
3.6816
3.68161
3.68161
3.68162
3.68162
3.68163
3.68164
3.68165
3.68166
3.68167
3.68169
3.6817
3.68172
3.68175
3.68178
3.68182
3.68188
3.68194
3.68203
3.68214
3.74933
3.74922
3.74913
3.74907
3.74901
3.74897
3.74894
3.74891
3.74889
3.74887
3.74886
3.74885
3.74884
3.74883
3.74882
3.74881
3.74881
3.7488
3.7488
3.74879
3.74879
3.74879
3.74878
3.74878
3.74878
3.74878
3.74878
3.74878
3.74878
3.74878
3.74878
3.74878
3.74878
3.74878
3.74878
3.74878
3.74878
3.74878
3.74879
3.74879
3.74879
3.7488
3.7488
3.74881
3.74881
3.74882
3.74883
3.74884
3.74885
3.74886
3.74887
3.74889
3.74891
3.74894
3.74897
3.74901
3.74907
3.74913
3.74922
3.74933
3.81771
3.81761
3.81752
3.81745
3.8174
3.81736
3.81733
3.8173
3.81728
3.81726
3.81724
3.81723
3.81722
3.81721
3.8172
3.8172
3.81719
3.81718
3.81718
3.81718
3.81717
3.81717
3.81717
3.81717
3.81716
3.81716
3.81716
3.81716
3.81716
3.81716
3.81716
3.81716
3.81716
3.81716
3.81716
3.81716
3.81717
3.81717
3.81717
3.81717
3.81718
3.81718
3.81718
3.81719
3.8172
3.8172
3.81721
3.81722
3.81723
3.81724
3.81726
3.81728
3.8173
3.81733
3.81736
3.8174
3.81745
3.81752
3.81761
3.81771
3.88737
3.88727
3.88719
3.88712
3.88707
3.88703
3.887
3.88697
3.88695
3.88693
3.88691
3.8869
3.88689
3.88688
3.88687
3.88686
3.88686
3.88685
3.88685
3.88684
3.88684
3.88684
3.88684
3.88683
3.88683
3.88683
3.88683
3.88683
3.88683
3.88683
3.88683
3.88683
3.88683
3.88683
3.88683
3.88683
3.88683
3.88684
3.88684
3.88684
3.88684
3.88685
3.88685
3.88686
3.88686
3.88687
3.88688
3.88689
3.8869
3.88691
3.88693
3.88695
3.88697
3.887
3.88703
3.88707
3.88712
3.88719
3.88727
3.88737
3.9584
3.95831
3.95822
3.95816
3.95811
3.95807
3.95803
3.95801
3.95799
3.95797
3.95795
3.95794
3.95793
3.95792
3.95791
3.9579
3.9579
3.95789
3.95789
3.95788
3.95788
3.95788
3.95787
3.95787
3.95787
3.95787
3.95787
3.95787
3.95787
3.95787
3.95787
3.95787
3.95787
3.95787
3.95787
3.95787
3.95787
3.95787
3.95788
3.95788
3.95788
3.95789
3.95789
3.9579
3.9579
3.95791
3.95792
3.95793
3.95794
3.95795
3.95797
3.95799
3.95801
3.95803
3.95807
3.95811
3.95816
3.95822
3.95831
3.9584
4.0309
4.0308
4.03072
4.03066
4.03061
4.03056
4.03053
4.03051
4.03048
4.03046
4.03045
4.03044
4.03042
4.03041
4.03041
4.0304
4.03039
4.03039
4.03038
4.03038
4.03038
4.03037
4.03037
4.03037
4.03037
4.03036
4.03036
4.03036
4.03036
4.03036
4.03036
4.03036
4.03036
4.03036
4.03036
4.03037
4.03037
4.03037
4.03037
4.03038
4.03038
4.03038
4.03039
4.03039
4.0304
4.03041
4.03041
4.03042
4.03044
4.03045
4.03046
4.03048
4.03051
4.03053
4.03056
4.03061
4.03066
4.03072
4.0308
4.0309
4.10493
4.10484
4.10476
4.1047
4.10465
4.10461
4.10457
4.10455
4.10452
4.10451
4.10449
4.10448
4.10447
4.10446
4.10445
4.10444
4.10443
4.10443
4.10442
4.10442
4.10442
4.10441
4.10441
4.10441
4.10441
4.10441
4.1044
4.1044
4.1044
4.1044
4.1044
4.1044
4.1044
4.1044
4.10441
4.10441
4.10441
4.10441
4.10441
4.10442
4.10442
4.10442
4.10443
4.10443
4.10444
4.10445
4.10446
4.10447
4.10448
4.10449
4.10451
4.10452
4.10455
4.10457
4.10461
4.10465
4.1047
4.10476
4.10484
4.10493
4.1806
4.18052
4.18043
4.18037
4.18032
4.18028
4.18025
4.18022
4.1802
4.18018
4.18016
4.18015
4.18014
4.18013
4.18012
4.18011
4.18011
4.1801
4.1801
4.18009
4.18009
4.18009
4.18008
4.18008
4.18008
4.18008
4.18008
4.18008
4.18008
4.18008
4.18008
4.18008
4.18008
4.18008
4.18008
4.18008
4.18008
4.18008
4.18009
4.18009
4.18009
4.1801
4.1801
4.18011
4.18011
4.18012
4.18013
4.18014
4.18015
4.18016
4.18018
4.1802
4.18022
4.18025
4.18028
4.18032
4.18037
4.18043
4.18052
4.1806
4.25799
4.2579
4.25783
4.25776
4.25771
4.25767
4.25764
4.25761
4.25759
4.25757
4.25755
4.25754
4.25753
4.25752
4.25751
4.2575
4.2575
4.25749
4.25749
4.25748
4.25748
4.25748
4.25747
4.25747
4.25747
4.25747
4.25747
4.25747
4.25747
4.25747
4.25747
4.25747
4.25747
4.25747
4.25747
4.25747
4.25747
4.25747
4.25748
4.25748
4.25748
4.25749
4.25749
4.2575
4.2575
4.25751
4.25752
4.25753
4.25754
4.25755
4.25757
4.25759
4.25761
4.25764
4.25767
4.25771
4.25776
4.25783
4.2579
4.25799
4.33718
4.3371
4.33702
4.33696
4.33691
4.33687
4.33684
4.33681
4.33679
4.33677
4.33675
4.33674
4.33673
4.33672
4.33671
4.3367
4.33669
4.33669
4.33668
4.33668
4.33668
4.33667
4.33667
4.33667
4.33667
4.33667
4.33666
4.33666
4.33666
4.33666
4.33666
4.33666
4.33666
4.33666
4.33667
4.33667
4.33667
4.33667
4.33667
4.33668
4.33668
4.33668
4.33669
4.33669
4.3367
4.33671
4.33672
4.33673
4.33674
4.33675
4.33677
4.33679
4.33681
4.33684
4.33687
4.33691
4.33696
4.33702
4.3371
4.33718
4.41826
4.41819
4.41811
4.41805
4.418
4.41796
4.41793
4.4179
4.41788
4.41786
4.41784
4.41783
4.41782
4.41781
4.4178
4.41779
4.41778
4.41778
4.41777
4.41777
4.41777
4.41776
4.41776
4.41776
4.41776
4.41776
4.41775
4.41775
4.41775
4.41775
4.41775
4.41775
4.41775
4.41775
4.41776
4.41776
4.41776
4.41776
4.41776
4.41777
4.41777
4.41777
4.41778
4.41778
4.41779
4.4178
4.41781
4.41782
4.41783
4.41784
4.41786
4.41788
4.4179
4.41793
4.41796
4.418
4.41805
4.41811
4.41819
4.41826
4.50133
4.50126
4.50118
4.50112
4.50107
4.50103
4.501
4.50097
4.50095
4.50093
4.50092
4.5009
4.50089
4.50088
4.50087
4.50086
4.50086
4.50085
4.50085
4.50084
4.50084
4.50084
4.50083
4.50083
4.50083
4.50083
4.50083
4.50083
4.50083
4.50083
4.50083
4.50083
4.50083
4.50083
4.50083
4.50083
4.50083
4.50083
4.50084
4.50084
4.50084
4.50085
4.50085
4.50086
4.50086
4.50087
4.50088
4.50089
4.5009
4.50092
4.50093
4.50095
4.50097
4.501
4.50103
4.50107
4.50112
4.50118
4.50126
4.50133
4.58647
4.5864
4.58633
4.58627
4.58622
4.58618
4.58615
4.58612
4.5861
4.58608
4.58606
4.58605
4.58604
4.58603
4.58602
4.58601
4.586
4.586
4.58599
4.58599
4.58598
4.58598
4.58598
4.58598
4.58597
4.58597
4.58597
4.58597
4.58597
4.58597
4.58597
4.58597
4.58597
4.58597
4.58597
4.58597
4.58598
4.58598
4.58598
4.58598
4.58599
4.58599
4.586
4.586
4.58601
4.58602
4.58603
4.58604
4.58605
4.58606
4.58608
4.5861
4.58612
4.58615
4.58618
4.58622
4.58627
4.58633
4.5864
4.58647
4.67377
4.6737
4.67363
4.67357
4.67353
4.67349
4.67345
4.67343
4.6734
4.67339
4.67337
4.67336
4.67334
4.67333
4.67332
4.67332
4.67331
4.6733
4.6733
4.6733
4.67329
4.67329
4.67329
4.67328
4.67328
4.67328
4.67328
4.67328
4.67328
4.67328
4.67328
4.67328
4.67328
4.67328
4.67328
4.67328
4.67328
4.67329
4.67329
4.67329
4.6733
4.6733
4.6733
4.67331
4.67332
4.67332
4.67333
4.67334
4.67336
4.67337
4.67339
4.6734
4.67343
4.67345
4.67349
4.67353
4.67357
4.67363
4.6737
4.67377
4.76333
4.76326
4.76319
4.76314
4.76309
4.76305
4.76302
4.76299
4.76297
4.76295
4.76293
4.76292
4.76291
4.7629
4.76289
4.76288
4.76287
4.76287
4.76286
4.76286
4.76285
4.76285
4.76285
4.76285
4.76284
4.76284
4.76284
4.76284
4.76284
4.76284
4.76284
4.76284
4.76284
4.76284
4.76284
4.76284
4.76285
4.76285
4.76285
4.76285
4.76286
4.76286
4.76287
4.76287
4.76288
4.76289
4.7629
4.76291
4.76292
4.76293
4.76295
4.76297
4.76299
4.76302
4.76305
4.76309
4.76314
4.76319
4.76326
4.76333
4.85523
4.85517
4.8551
4.85504
4.855
4.85496
4.85493
4.8549
4.85488
4.85486
4.85484
4.85483
4.85482
4.85481
4.8548
4.85479
4.85478
4.85478
4.85477
4.85477
4.85476
4.85476
4.85476
4.85475
4.85475
4.85475
4.85475
4.85475
4.85475
4.85475
4.85475
4.85475
4.85475
4.85475
4.85475
4.85475
4.85475
4.85476
4.85476
4.85476
4.85477
4.85477
4.85478
4.85478
4.85479
4.8548
4.85481
4.85482
4.85483
4.85484
4.85486
4.85488
4.8549
4.85493
4.85496
4.855
4.85504
4.8551
4.85517
4.85523
4.94957
4.94952
4.94945
4.94939
4.94935
4.94931
4.94928
4.94925
4.94923
4.94921
4.94919
4.94918
4.94917
4.94916
4.94915
4.94914
4.94913
4.94913
4.94912
4.94912
4.94911
4.94911
4.94911
4.94911
4.9491
4.9491
4.9491
4.9491
4.9491
4.9491
4.9491
4.9491
4.9491
4.9491
4.9491
4.9491
4.94911
4.94911
4.94911
4.94911
4.94912
4.94912
4.94913
4.94913
4.94914
4.94915
4.94916
4.94917
4.94918
4.94919
4.94921
4.94923
4.94925
4.94928
4.94931
4.94935
4.94939
4.94945
4.94952
4.94957
5.04646
5.0464
5.04634
5.04628
5.04624
5.0462
5.04617
5.04614
5.04612
5.0461
5.04608
5.04607
5.04606
5.04605
5.04604
5.04603
5.04602
5.04602
5.04601
5.04601
5.046
5.046
5.046
5.04599
5.04599
5.04599
5.04599
5.04599
5.04599
5.04599
5.04599
5.04599
5.04599
5.04599
5.04599
5.04599
5.04599
5.046
5.046
5.046
5.04601
5.04601
5.04602
5.04602
5.04603
5.04604
5.04605
5.04606
5.04607
5.04608
5.0461
5.04612
5.04614
5.04617
5.0462
5.04624
5.04628
5.04634
5.0464
5.04646
5.14597
5.14592
5.14586
5.14581
5.14576
5.14572
5.14569
5.14566
5.14564
5.14562
5.14561
5.14559
5.14558
5.14557
5.14556
5.14555
5.14555
5.14554
5.14554
5.14553
5.14553
5.14552
5.14552
5.14552
5.14552
5.14551
5.14551
5.14551
5.14551
5.14551
5.14551
5.14551
5.14551
5.14551
5.14551
5.14552
5.14552
5.14552
5.14552
5.14553
5.14553
5.14554
5.14554
5.14555
5.14555
5.14556
5.14557
5.14558
5.14559
5.14561
5.14562
5.14564
5.14566
5.14569
5.14572
5.14576
5.14581
5.14586
5.14592
5.14597
5.24823
5.24817
5.24812
5.24806
5.24802
5.24798
5.24795
5.24792
5.2479
5.24788
5.24787
5.24785
5.24784
5.24783
5.24782
5.24781
5.2478
5.2478
5.24779
5.24779
5.24779
5.24778
5.24778
5.24778
5.24777
5.24777
5.24777
5.24777
5.24777
5.24777
5.24777
5.24777
5.24777
5.24777
5.24777
5.24777
5.24778
5.24778
5.24778
5.24779
5.24779
5.24779
5.2478
5.2478
5.24781
5.24782
5.24783
5.24784
5.24785
5.24787
5.24788
5.2479
5.24792
5.24795
5.24798
5.24802
5.24806
5.24812
5.24817
5.24823
5.35331
5.35326
5.35321
5.35316
5.35311
5.35308
5.35304
5.35302
5.353
5.35298
5.35296
5.35295
5.35293
5.35292
5.35291
5.35291
5.3529
5.35289
5.35289
5.35288
5.35288
5.35288
5.35287
5.35287
5.35287
5.35287
5.35287
5.35286
5.35286
5.35286
5.35286
5.35286
5.35286
5.35287
5.35287
5.35287
5.35287
5.35287
5.35288
5.35288
5.35288
5.35289
5.35289
5.3529
5.35291
5.35291
5.35292
5.35293
5.35295
5.35296
5.35298
5.353
5.35302
5.35304
5.35308
5.35311
5.35316
5.35321
5.35326
5.35331
5.46134
5.46129
5.46124
5.46119
5.46114
5.46111
5.46108
5.46105
5.46103
5.46101
5.46099
5.46098
5.46097
5.46096
5.46095
5.46094
5.46093
5.46093
5.46092
5.46092
5.46091
5.46091
5.4609
5.4609
5.4609
5.4609
5.4609
5.4609
5.4609
5.4609
5.4609
5.4609
5.4609
5.4609
5.4609
5.4609
5.4609
5.4609
5.46091
5.46091
5.46092
5.46092
5.46093
5.46093
5.46094
5.46095
5.46096
5.46097
5.46098
5.46099
5.46101
5.46103
5.46105
5.46108
5.46111
5.46114
5.46119
5.46124
5.46129
5.46134
5.5724
5.57236
5.57231
5.57226
5.57222
5.57218
5.57215
5.57213
5.5721
5.57208
5.57207
5.57205
5.57204
5.57203
5.57202
5.57201
5.57201
5.572
5.572
5.57199
5.57199
5.57198
5.57198
5.57198
5.57198
5.57197
5.57197
5.57197
5.57197
5.57197
5.57197
5.57197
5.57197
5.57197
5.57197
5.57198
5.57198
5.57198
5.57198
5.57199
5.57199
5.572
5.572
5.57201
5.57201
5.57202
5.57203
5.57204
5.57205
5.57207
5.57208
5.5721
5.57213
5.57215
5.57218
5.57222
5.57226
5.57231
5.57236
5.5724
5.68662
5.68658
5.68653
5.68648
5.68644
5.68641
5.68638
5.68635
5.68633
5.68631
5.68629
5.68628
5.68627
5.68626
5.68625
5.68624
5.68623
5.68623
5.68622
5.68622
5.68621
5.68621
5.68621
5.6862
5.6862
5.6862
5.6862
5.6862
5.6862
5.6862
5.6862
5.6862
5.6862
5.6862
5.6862
5.6862
5.6862
5.68621
5.68621
5.68621
5.68622
5.68622
5.68623
5.68623
5.68624
5.68625
5.68626
5.68627
5.68628
5.68629
5.68631
5.68633
5.68635
5.68638
5.68641
5.68644
5.68648
5.68653
5.68658
5.68662
5.8041
5.80406
5.80401
5.80397
5.80393
5.80389
5.80386
5.80384
5.80381
5.8038
5.80378
5.80376
5.80375
5.80374
5.80373
5.80372
5.80372
5.80371
5.80371
5.8037
5.8037
5.80369
5.80369
5.80369
5.80369
5.80368
5.80368
5.80368
5.80368
5.80368
5.80368
5.80368
5.80368
5.80368
5.80368
5.80369
5.80369
5.80369
5.80369
5.8037
5.8037
5.80371
5.80371
5.80372
5.80372
5.80373
5.80374
5.80375
5.80376
5.80378
5.8038
5.80381
5.80384
5.80386
5.80389
5.80393
5.80397
5.80401
5.80406
5.8041
5.92495
5.92491
5.92487
5.92482
5.92478
5.92475
5.92472
5.92469
5.92467
5.92465
5.92464
5.92462
5.92461
5.9246
5.92459
5.92458
5.92457
5.92457
5.92456
5.92456
5.92455
5.92455
5.92455
5.92454
5.92454
5.92454
5.92454
5.92454
5.92454
5.92454
5.92454
5.92454
5.92454
5.92454
5.92454
5.92454
5.92454
5.92455
5.92455
5.92455
5.92456
5.92456
5.92457
5.92457
5.92458
5.92459
5.9246
5.92461
5.92462
5.92464
5.92465
5.92467
5.92469
5.92472
5.92475
5.92478
5.92482
5.92487
5.92491
5.92495
6.04928
6.04925
6.0492
6.04916
6.04912
6.04909
6.04906
6.04903
6.04901
6.04899
6.04898
6.04896
6.04895
6.04894
6.04893
6.04892
6.04892
6.04891
6.0489
6.0489
6.0489
6.04889
6.04889
6.04889
6.04888
6.04888
6.04888
6.04888
6.04888
6.04888
6.04888
6.04888
6.04888
6.04888
6.04888
6.04888
6.04889
6.04889
6.04889
6.0489
6.0489
6.0489
6.04891
6.04892
6.04892
6.04893
6.04894
6.04895
6.04896
6.04898
6.04899
6.04901
6.04903
6.04906
6.04909
6.04912
6.04916
6.0492
6.04925
6.04928
6.17722
6.17718
6.17714
6.1771
6.17706
6.17703
6.177
6.17698
6.17696
6.17694
6.17692
6.17691
6.17689
6.17688
6.17687
6.17687
6.17686
6.17685
6.17685
6.17684
6.17684
6.17684
6.17683
6.17683
6.17683
6.17683
6.17682
6.17682
6.17682
6.17682
6.17682
6.17682
6.17682
6.17682
6.17683
6.17683
6.17683
6.17683
6.17684
6.17684
6.17684
6.17685
6.17685
6.17686
6.17687
6.17687
6.17688
6.17689
6.17691
6.17692
6.17694
6.17696
6.17698
6.177
6.17703
6.17706
6.1771
6.17714
6.17718
6.17722
6.30887
6.30884
6.3088
6.30876
6.30873
6.30869
6.30867
6.30864
6.30862
6.3086
6.30859
6.30857
6.30856
6.30855
6.30854
6.30853
6.30852
6.30852
6.30851
6.30851
6.3085
6.3085
6.3085
6.30849
6.30849
6.30849
6.30849
6.30849
6.30849
6.30849
6.30849
6.30849
6.30849
6.30849
6.30849
6.30849
6.30849
6.3085
6.3085
6.3085
6.30851
6.30851
6.30852
6.30852
6.30853
6.30854
6.30855
6.30856
6.30857
6.30859
6.3086
6.30862
6.30864
6.30867
6.30869
6.30873
6.30876
6.3088
6.30884
6.30887
6.44437
6.44434
6.44431
6.44427
6.44423
6.4442
6.44417
6.44415
6.44413
6.44411
6.44409
6.44408
6.44407
6.44406
6.44405
6.44404
6.44403
6.44403
6.44402
6.44402
6.44401
6.44401
6.44401
6.444
6.444
6.444
6.444
6.444
6.444
6.444
6.444
6.444
6.444
6.444
6.444
6.444
6.444
6.44401
6.44401
6.44401
6.44402
6.44402
6.44403
6.44403
6.44404
6.44405
6.44406
6.44407
6.44408
6.44409
6.44411
6.44413
6.44415
6.44417
6.4442
6.44423
6.44427
6.44431
6.44434
6.44437
6.58384
6.58381
6.58378
6.58374
6.58371
6.58368
6.58365
6.58363
6.58361
6.58359
6.58357
6.58356
6.58355
6.58353
6.58353
6.58352
6.58351
6.5835
6.5835
6.58349
6.58349
6.58349
6.58348
6.58348
6.58348
6.58348
6.58347
6.58347
6.58347
6.58347
6.58347
6.58347
6.58347
6.58347
6.58348
6.58348
6.58348
6.58348
6.58349
6.58349
6.58349
6.5835
6.5835
6.58351
6.58352
6.58353
6.58353
6.58355
6.58356
6.58357
6.58359
6.58361
6.58363
6.58365
6.58368
6.58371
6.58374
6.58378
6.58381
6.58384
6.72741
6.72738
6.72735
6.72731
6.72728
6.72725
6.72722
6.7272
6.72718
6.72716
6.72715
6.72713
6.72712
6.72711
6.7271
6.72709
6.72708
6.72708
6.72707
6.72707
6.72706
6.72706
6.72706
6.72705
6.72705
6.72705
6.72705
6.72705
6.72705
6.72705
6.72705
6.72705
6.72705
6.72705
6.72705
6.72705
6.72705
6.72706
6.72706
6.72706
6.72707
6.72707
6.72708
6.72708
6.72709
6.7271
6.72711
6.72712
6.72713
6.72715
6.72716
6.72718
6.7272
6.72722
6.72725
6.72728
6.72731
6.72735
6.72738
6.72741
6.8752
6.87518
6.87514
6.87511
6.87508
6.87505
6.87502
6.875
6.87498
6.87496
6.87495
6.87493
6.87492
6.87491
6.8749
6.87489
6.87489
6.87488
6.87487
6.87487
6.87486
6.87486
6.87486
6.87485
6.87485
6.87485
6.87485
6.87485
6.87485
6.87485
6.87485
6.87485
6.87485
6.87485
6.87485
6.87485
6.87485
6.87486
6.87486
6.87486
6.87487
6.87487
6.87488
6.87489
6.87489
6.8749
6.87491
6.87492
6.87493
6.87495
6.87496
6.87498
6.875
6.87502
6.87505
6.87508
6.87511
6.87514
6.87518
6.8752
7.02735
7.02733
7.0273
7.02727
7.02724
7.02721
7.02719
7.02716
7.02714
7.02713
7.02711
7.0271
7.02708
7.02707
7.02706
7.02706
7.02705
7.02704
7.02704
7.02703
7.02703
7.02702
7.02702
7.02702
7.02702
7.02701
7.02701
7.02701
7.02701
7.02701
7.02701
7.02701
7.02701
7.02701
7.02701
7.02702
7.02702
7.02702
7.02702
7.02703
7.02703
7.02704
7.02704
7.02705
7.02706
7.02706
7.02707
7.02708
7.0271
7.02711
7.02713
7.02714
7.02716
7.02719
7.02721
7.02724
7.02727
7.0273
7.02733
7.02735
7.18401
7.18399
7.18396
7.18393
7.1839
7.18387
7.18385
7.18383
7.18381
7.18379
7.18377
7.18376
7.18375
7.18374
7.18373
7.18372
7.18371
7.18371
7.1837
7.1837
7.18369
7.18369
7.18369
7.18368
7.18368
7.18368
7.18368
7.18368
7.18368
7.18368
7.18368
7.18368
7.18368
7.18368
7.18368
7.18368
7.18368
7.18369
7.18369
7.18369
7.1837
7.1837
7.18371
7.18371
7.18372
7.18373
7.18374
7.18375
7.18376
7.18377
7.18379
7.18381
7.18383
7.18385
7.18387
7.1839
7.18393
7.18396
7.18399
7.18401
7.34531
7.34529
7.34526
7.34523
7.34521
7.34518
7.34515
7.34513
7.34511
7.3451
7.34508
7.34507
7.34506
7.34505
7.34504
7.34503
7.34502
7.34501
7.34501
7.345
7.345
7.345
7.34499
7.34499
7.34499
7.34499
7.34498
7.34498
7.34498
7.34498
7.34498
7.34498
7.34498
7.34498
7.34499
7.34499
7.34499
7.34499
7.345
7.345
7.345
7.34501
7.34501
7.34502
7.34503
7.34504
7.34505
7.34506
7.34507
7.34508
7.3451
7.34511
7.34513
7.34515
7.34518
7.34521
7.34523
7.34526
7.34529
7.34531
7.51139
7.51138
7.51135
7.51132
7.5113
7.51127
7.51125
7.51123
7.51121
7.51119
7.51118
7.51116
7.51115
7.51114
7.51113
7.51112
7.51112
7.51111
7.5111
7.5111
7.51109
7.51109
7.51109
7.51108
7.51108
7.51108
7.51108
7.51108
7.51108
7.51108
7.51108
7.51108
7.51108
7.51108
7.51108
7.51108
7.51108
7.51109
7.51109
7.51109
7.5111
7.5111
7.51111
7.51112
7.51112
7.51113
7.51114
7.51115
7.51116
7.51118
7.51119
7.51121
7.51123
7.51125
7.51127
7.5113
7.51132
7.51135
7.51138
7.51139
7.68241
7.6824
7.68238
7.68235
7.68232
7.6823
7.68228
7.68226
7.68224
7.68222
7.68221
7.68219
7.68218
7.68217
7.68216
7.68215
7.68215
7.68214
7.68213
7.68213
7.68213
7.68212
7.68212
7.68212
7.68211
7.68211
7.68211
7.68211
7.68211
7.68211
7.68211
7.68211
7.68211
7.68211
7.68211
7.68211
7.68212
7.68212
7.68212
7.68213
7.68213
7.68213
7.68214
7.68215
7.68215
7.68216
7.68217
7.68218
7.68219
7.68221
7.68222
7.68224
7.68226
7.68228
7.6823
7.68232
7.68235
7.68238
7.6824
7.68241
7.85853
7.85851
7.85849
7.85847
7.85844
7.85842
7.8584
7.85838
7.85836
7.85834
7.85833
7.85831
7.8583
7.85829
7.85828
7.85827
7.85827
7.85826
7.85826
7.85825
7.85825
7.85824
7.85824
7.85824
7.85823
7.85823
7.85823
7.85823
7.85823
7.85823
7.85823
7.85823
7.85823
7.85823
7.85823
7.85823
7.85824
7.85824
7.85824
7.85825
7.85825
7.85826
7.85826
7.85827
7.85827
7.85828
7.85829
7.8583
7.85831
7.85833
7.85834
7.85836
7.85838
7.8584
7.85842
7.85844
7.85847
7.85849
7.85851
7.85853
8.03989
8.03987
8.03985
8.03983
8.03981
8.03978
8.03976
8.03974
8.03973
8.03971
8.0397
8.03968
8.03967
8.03966
8.03965
8.03964
8.03964
8.03963
8.03962
8.03962
8.03962
8.03961
8.03961
8.03961
8.0396
8.0396
8.0396
8.0396
8.0396
8.0396
8.0396
8.0396
8.0396
8.0396
8.0396
8.0396
8.03961
8.03961
8.03961
8.03962
8.03962
8.03962
8.03963
8.03964
8.03964
8.03965
8.03966
8.03967
8.03968
8.0397
8.03971
8.03973
8.03974
8.03976
8.03978
8.03981
8.03983
8.03985
8.03987
8.03989
8.22666
8.22664
8.22662
8.2266
8.22658
8.22656
8.22654
8.22652
8.2265
8.22649
8.22647
8.22646
8.22645
8.22644
8.22643
8.22642
8.22641
8.22641
8.2264
8.2264
8.22639
8.22639
8.22639
8.22638
8.22638
8.22638
8.22638
8.22638
8.22638
8.22638
8.22638
8.22638
8.22638
8.22638
8.22638
8.22638
8.22638
8.22639
8.22639
8.22639
8.2264
8.2264
8.22641
8.22641
8.22642
8.22643
8.22644
8.22645
8.22646
8.22647
8.22649
8.2265
8.22652
8.22654
8.22656
8.22658
8.2266
8.22662
8.22664
8.22666
8.419
8.41899
8.41897
8.41895
8.41893
8.41891
8.41889
8.41887
8.41885
8.41884
8.41882
8.41881
8.4188
8.41879
8.41878
8.41877
8.41877
8.41876
8.41876
8.41875
8.41875
8.41874
8.41874
8.41874
8.41873
8.41873
8.41873
8.41873
8.41873
8.41873
8.41873
8.41873
8.41873
8.41873
8.41873
8.41873
8.41874
8.41874
8.41874
8.41875
8.41875
8.41876
8.41876
8.41877
8.41877
8.41878
8.41879
8.4188
8.41881
8.41882
8.41884
8.41885
8.41887
8.41889
8.41891
8.41893
8.41895
8.41897
8.41899
8.419
8.61709
8.61708
8.61706
8.61704
8.61702
8.617
8.61699
8.61697
8.61695
8.61694
8.61692
8.61691
8.6169
8.61689
8.61688
8.61687
8.61687
8.61686
8.61685
8.61685
8.61684
8.61684
8.61684
8.61684
8.61683
8.61683
8.61683
8.61683
8.61683
8.61683
8.61683
8.61683
8.61683
8.61683
8.61683
8.61683
8.61684
8.61684
8.61684
8.61684
8.61685
8.61685
8.61686
8.61687
8.61687
8.61688
8.61689
8.6169
8.61691
8.61692
8.61694
8.61695
8.61697
8.61699
8.617
8.61702
8.61704
8.61706
8.61708
8.61709
8.8211
8.82109
8.82108
8.82106
8.82104
8.82102
8.821
8.82099
8.82097
8.82096
8.82094
8.82093
8.82092
8.82091
8.8209
8.82089
8.82089
8.82088
8.82087
8.82087
8.82087
8.82086
8.82086
8.82086
8.82085
8.82085
8.82085
8.82085
8.82085
8.82085
8.82085
8.82085
8.82085
8.82085
8.82085
8.82085
8.82086
8.82086
8.82086
8.82087
8.82087
8.82087
8.82088
8.82089
8.82089
8.8209
8.82091
8.82092
8.82093
8.82094
8.82096
8.82097
8.82099
8.821
8.82102
8.82104
8.82106
8.82108
8.82109
8.8211
9.03122
9.03121
9.03119
9.03118
9.03116
9.03114
9.03112
9.03111
9.03109
9.03108
9.03107
9.03105
9.03104
9.03103
9.03102
9.03102
9.03101
9.031
9.031
9.03099
9.03099
9.03098
9.03098
9.03098
9.03098
9.03097
9.03097
9.03097
9.03097
9.03097
9.03097
9.03097
9.03097
9.03097
9.03097
9.03098
9.03098
9.03098
9.03098
9.03099
9.03099
9.031
9.031
9.03101
9.03102
9.03102
9.03103
9.03104
9.03105
9.03107
9.03108
9.03109
9.03111
9.03112
9.03114
9.03116
9.03118
9.03119
9.03121
9.03122
9.24762
9.24761
9.2476
9.24758
9.24757
9.24755
9.24753
9.24752
9.2475
9.24749
9.24748
9.24746
9.24745
9.24744
9.24743
9.24743
9.24742
9.24741
9.24741
9.2474
9.2474
9.2474
9.24739
9.24739
9.24739
9.24739
9.24738
9.24738
9.24738
9.24738
9.24738
9.24738
9.24738
9.24738
9.24739
9.24739
9.24739
9.24739
9.2474
9.2474
9.2474
9.24741
9.24741
9.24742
9.24743
9.24743
9.24744
9.24745
9.24746
9.24748
9.24749
9.2475
9.24752
9.24753
9.24755
9.24757
9.24758
9.2476
9.24761
9.24762
9.4705
9.47049
9.47048
9.47047
9.47045
9.47044
9.47042
9.4704
9.47039
9.47038
9.47036
9.47035
9.47034
9.47033
9.47032
9.47032
9.47031
9.4703
9.4703
9.47029
9.47029
9.47029
9.47028
9.47028
9.47028
9.47028
9.47027
9.47027
9.47027
9.47027
9.47027
9.47027
9.47027
9.47027
9.47028
9.47028
9.47028
9.47028
9.47029
9.47029
9.47029
9.4703
9.4703
9.47031
9.47032
9.47032
9.47033
9.47034
9.47035
9.47036
9.47038
9.47039
9.4704
9.47042
9.47044
9.47045
9.47047
9.47048
9.47049
9.4705
9.70006
9.70005
9.70004
9.70003
9.70001
9.7
9.69998
9.69997
9.69995
9.69994
9.69993
9.69992
9.69991
9.6999
9.69989
9.69988
9.69988
9.69987
9.69986
9.69986
9.69986
9.69985
9.69985
9.69985
9.69984
9.69984
9.69984
9.69984
9.69984
9.69984
9.69984
9.69984
9.69984
9.69984
9.69984
9.69984
9.69985
9.69985
9.69985
9.69986
9.69986
9.69986
9.69987
9.69988
9.69988
9.69989
9.6999
9.69991
9.69992
9.69993
9.69994
9.69995
9.69997
9.69998
9.7
9.70001
9.70003
9.70004
9.70005
9.70006
9.93649
9.93649
9.93648
9.93647
9.93645
9.93644
9.93642
9.93641
9.93639
9.93638
9.93637
9.93636
9.93635
9.93634
9.93633
9.93633
9.93632
9.93631
9.93631
9.9363
9.9363
9.9363
9.93629
9.93629
9.93629
9.93629
9.93628
9.93628
9.93628
9.93628
9.93628
9.93628
9.93628
9.93628
9.93629
9.93629
9.93629
9.93629
9.9363
9.9363
9.9363
9.93631
9.93631
9.93632
9.93633
9.93633
9.93634
9.93635
9.93636
9.93637
9.93638
9.93639
9.93641
9.93642
9.93644
9.93645
9.93647
9.93648
9.93649
9.93649
10.18
10.18
10.18
10.18
10.18
10.18
10.1799
10.1799
10.1799
10.1799
10.1799
10.1799
10.1799
10.1799
10.1799
10.1799
10.1798
10.1798
10.1798
10.1798
10.1798
10.1798
10.1798
10.1798
10.1798
10.1798
10.1798
10.1798
10.1798
10.1798
10.1798
10.1798
10.1798
10.1798
10.1798
10.1798
10.1798
10.1798
10.1798
10.1798
10.1798
10.1798
10.1798
10.1798
10.1799
10.1799
10.1799
10.1799
10.1799
10.1799
10.1799
10.1799
10.1799
10.1799
10.18
10.18
10.18
10.18
10.18
10.18
10.4308
10.4308
10.4308
10.4308
10.4308
10.4308
10.4308
10.4308
10.4307
10.4307
10.4307
10.4307
10.4307
10.4307
10.4307
10.4307
10.4307
10.4307
10.4307
10.4307
10.4307
10.4307
10.4307
10.4306
10.4306
10.4306
10.4306
10.4306
10.4306
10.4306
10.4306
10.4306
10.4306
10.4306
10.4306
10.4306
10.4306
10.4307
10.4307
10.4307
10.4307
10.4307
10.4307
10.4307
10.4307
10.4307
10.4307
10.4307
10.4307
10.4307
10.4307
10.4307
10.4308
10.4308
10.4308
10.4308
10.4308
10.4308
10.4308
10.4308
10.6892
10.6892
10.6892
10.6892
10.6891
10.6891
10.6891
10.6891
10.6891
10.6891
10.6891
10.6891
10.6891
10.689
10.689
10.689
10.689
10.689
10.689
10.689
10.689
10.689
10.689
10.689
10.689
10.689
10.689
10.689
10.689
10.689
10.689
10.689
10.689
10.689
10.689
10.689
10.689
10.689
10.689
10.689
10.689
10.689
10.689
10.689
10.689
10.689
10.689
10.6891
10.6891
10.6891
10.6891
10.6891
10.6891
10.6891
10.6891
10.6891
10.6892
10.6892
10.6892
10.6892
10.9553
10.9553
10.9553
10.9552
10.9552
10.9552
10.9552
10.9552
10.9552
10.9552
10.9552
10.9552
10.9552
10.9551
10.9551
10.9551
10.9551
10.9551
10.9551
10.9551
10.9551
10.9551
10.9551
10.9551
10.9551
10.9551
10.9551
10.9551
10.9551
10.9551
10.9551
10.9551
10.9551
10.9551
10.9551
10.9551
10.9551
10.9551
10.9551
10.9551
10.9551
10.9551
10.9551
10.9551
10.9551
10.9551
10.9551
10.9552
10.9552
10.9552
10.9552
10.9552
10.9552
10.9552
10.9552
10.9552
10.9552
10.9553
10.9553
10.9553
11.2293
11.2293
11.2293
11.2293
11.2293
11.2293
11.2293
11.2293
11.2293
11.2293
11.2292
11.2292
11.2292
11.2292
11.2292
11.2292
11.2292
11.2292
11.2292
11.2292
11.2292
11.2292
11.2292
11.2292
11.2292
11.2292
11.2292
11.2292
11.2292
11.2292
11.2292
11.2292
11.2292
11.2292
11.2292
11.2292
11.2292
11.2292
11.2292
11.2292
11.2292
11.2292
11.2292
11.2292
11.2292
11.2292
11.2292
11.2292
11.2292
11.2292
11.2293
11.2293
11.2293
11.2293
11.2293
11.2293
11.2293
11.2293
11.2293
11.2293
11.5116
11.5116
11.5116
11.5116
11.5116
11.5116
11.5116
11.5116
11.5116
11.5116
11.5115
11.5115
11.5115
11.5115
11.5115
11.5115
11.5115
11.5115
11.5115
11.5115
11.5115
11.5115
11.5115
11.5115
11.5115
11.5115
11.5115
11.5115
11.5115
11.5115
11.5115
11.5115
11.5115
11.5115
11.5115
11.5115
11.5115
11.5115
11.5115
11.5115
11.5115
11.5115
11.5115
11.5115
11.5115
11.5115
11.5115
11.5115
11.5115
11.5115
11.5116
11.5116
11.5116
11.5116
11.5116
11.5116
11.5116
11.5116
11.5116
11.5116
11.8024
11.8024
11.8024
11.8024
11.8024
11.8024
11.8023
11.8023
11.8023
11.8023
11.8023
11.8023
11.8023
11.8023
11.8023
11.8023
11.8023
11.8023
11.8023
11.8023
11.8023
11.8022
11.8022
11.8022
11.8022
11.8022
11.8022
11.8022
11.8022
11.8022
11.8022
11.8022
11.8022
11.8022
11.8022
11.8022
11.8022
11.8022
11.8022
11.8023
11.8023
11.8023
11.8023
11.8023
11.8023
11.8023
11.8023
11.8023
11.8023
11.8023
11.8023
11.8023
11.8023
11.8023
11.8024
11.8024
11.8024
11.8024
11.8024
11.8024
12.1019
12.1019
12.1019
12.1019
12.1019
12.1018
12.1018
12.1018
12.1018
12.1018
12.1018
12.1018
12.1018
12.1018
12.1018
12.1018
12.1018
12.1018
12.1018
12.1017
12.1017
12.1017
12.1017
12.1017
12.1017
12.1017
12.1017
12.1017
12.1017
12.1017
12.1017
12.1017
12.1017
12.1017
12.1017
12.1017
12.1017
12.1017
12.1017
12.1017
12.1017
12.1018
12.1018
12.1018
12.1018
12.1018
12.1018
12.1018
12.1018
12.1018
12.1018
12.1018
12.1018
12.1018
12.1018
12.1019
12.1019
12.1019
12.1019
12.1019
12.4103
12.4103
12.4103
12.4103
12.4103
12.4103
12.4103
12.4103
12.4103
12.4103
12.4103
12.4103
12.4103
12.4103
12.4103
12.4102
12.4102
12.4102
12.4102
12.4102
12.4102
12.4102
12.4102
12.4102
12.4102
12.4102
12.4102
12.4102
12.4102
12.4102
12.4102
12.4102
12.4102
12.4102
12.4102
12.4102
12.4102
12.4102
12.4102
12.4102
12.4102
12.4102
12.4102
12.4102
12.4102
12.4103
12.4103
12.4103
12.4103
12.4103
12.4103
12.4103
12.4103
12.4103
12.4103
12.4103
12.4103
12.4103
12.4103
12.4103
12.7281
12.7281
12.7281
12.7281
12.7281
12.7281
12.728
12.728
12.728
12.728
12.728
12.728
12.728
12.728
12.728
12.728
12.728
12.728
12.728
12.728
12.728
12.728
12.728
12.7279
12.7279
12.7279
12.7279
12.7279
12.7279
12.7279
12.7279
12.7279
12.7279
12.7279
12.7279
12.7279
12.7279
12.728
12.728
12.728
12.728
12.728
12.728
12.728
12.728
12.728
12.728
12.728
12.728
12.728
12.728
12.728
12.728
12.728
12.7281
12.7281
12.7281
12.7281
12.7281
12.7281
13.0553
13.0553
13.0553
13.0553
13.0553
13.0553
13.0553
13.0553
13.0553
13.0553
13.0553
13.0553
13.0553
13.0553
13.0553
13.0553
13.0552
13.0552
13.0552
13.0552
13.0552
13.0552
13.0552
13.0552
13.0552
13.0552
13.0552
13.0552
13.0552
13.0552
13.0552
13.0552
13.0552
13.0552
13.0552
13.0552
13.0552
13.0552
13.0552
13.0552
13.0552
13.0552
13.0552
13.0552
13.0553
13.0553
13.0553
13.0553
13.0553
13.0553
13.0553
13.0553
13.0553
13.0553
13.0553
13.0553
13.0553
13.0553
13.0553
13.0553
13.3924
13.3924
13.3924
13.3924
13.3924
13.3924
13.3924
13.3924
13.3924
13.3924
13.3924
13.3924
13.3924
13.3924
13.3923
13.3923
13.3923
13.3923
13.3923
13.3923
13.3923
13.3923
13.3923
13.3923
13.3923
13.3923
13.3923
13.3923
13.3923
13.3923
13.3923
13.3923
13.3923
13.3923
13.3923
13.3923
13.3923
13.3923
13.3923
13.3923
13.3923
13.3923
13.3923
13.3923
13.3923
13.3923
13.3924
13.3924
13.3924
13.3924
13.3924
13.3924
13.3924
13.3924
13.3924
13.3924
13.3924
13.3924
13.3924
13.3924
13.7396
13.7396
13.7396
13.7396
13.7396
13.7396
13.7396
13.7396
13.7396
13.7396
13.7396
13.7396
13.7396
13.7396
13.7396
13.7395
13.7395
13.7395
13.7395
13.7395
13.7395
13.7395
13.7395
13.7395
13.7395
13.7395
13.7395
13.7395
13.7395
13.7395
13.7395
13.7395
13.7395
13.7395
13.7395
13.7395
13.7395
13.7395
13.7395
13.7395
13.7395
13.7395
13.7395
13.7395
13.7395
13.7396
13.7396
13.7396
13.7396
13.7396
13.7396
13.7396
13.7396
13.7396
13.7396
13.7396
13.7396
13.7396
13.7396
13.7396
14.0973
14.0973
14.0973
14.0972
14.0972
14.0972
14.0972
14.0972
14.0972
14.0972
14.0972
14.0972
14.0972
14.0972
14.0972
14.0972
14.0972
14.0972
14.0972
14.0972
14.0972
14.0972
14.0972
14.0972
14.0972
14.0971
14.0971
14.0971
14.0971
14.0971
14.0971
14.0971
14.0971
14.0971
14.0971
14.0972
14.0972
14.0972
14.0972
14.0972
14.0972
14.0972
14.0972
14.0972
14.0972
14.0972
14.0972
14.0972
14.0972
14.0972
14.0972
14.0972
14.0972
14.0972
14.0972
14.0972
14.0972
14.0973
14.0973
14.0973
14.4656
14.4656
14.4656
14.4656
14.4656
14.4656
14.4656
14.4656
14.4656
14.4656
14.4656
14.4656
14.4656
14.4656
14.4655
14.4655
14.4655
14.4655
14.4655
14.4655
14.4655
14.4655
14.4655
14.4655
14.4655
14.4655
14.4655
14.4655
14.4655
14.4655
14.4655
14.4655
14.4655
14.4655
14.4655
14.4655
14.4655
14.4655
14.4655
14.4655
14.4655
14.4655
14.4655
14.4655
14.4655
14.4655
14.4656
14.4656
14.4656
14.4656
14.4656
14.4656
14.4656
14.4656
14.4656
14.4656
14.4656
14.4656
14.4656
14.4656
14.845
14.845
14.845
14.845
14.845
14.845
14.845
14.845
14.845
14.845
14.845
14.845
14.845
14.845
14.845
14.845
14.845
14.845
14.8449
14.8449
14.8449
14.8449
14.8449
14.8449
14.8449
14.8449
14.8449
14.8449
14.8449
14.8449
14.8449
14.8449
14.8449
14.8449
14.8449
14.8449
14.8449
14.8449
14.8449
14.8449
14.8449
14.8449
14.845
14.845
14.845
14.845
14.845
14.845
14.845
14.845
14.845
14.845
14.845
14.845
14.845
14.845
14.845
14.845
14.845
14.845
15.2358
15.2358
15.2358
15.2358
15.2358
15.2358
15.2358
15.2358
15.2358
15.2358
15.2358
15.2358
15.2358
15.2358
15.2358
15.2358
15.2358
15.2358
15.2358
15.2358
15.2358
15.2357
15.2357
15.2357
15.2357
15.2357
15.2357
15.2357
15.2357
15.2357
15.2357
15.2357
15.2357
15.2357
15.2357
15.2357
15.2357
15.2357
15.2357
15.2358
15.2358
15.2358
15.2358
15.2358
15.2358
15.2358
15.2358
15.2358
15.2358
15.2358
15.2358
15.2358
15.2358
15.2358
15.2358
15.2358
15.2358
15.2358
15.2358
15.2358
15.6384
15.6384
15.6384
15.6384
15.6384
15.6383
15.6383
15.6383
15.6383
15.6383
15.6383
15.6383
15.6383
15.6383
15.6383
15.6383
15.6383
15.6383
15.6383
15.6383
15.6383
15.6383
15.6383
15.6383
15.6383
15.6383
15.6383
15.6383
15.6383
15.6383
15.6383
15.6383
15.6383
15.6383
15.6383
15.6383
15.6383
15.6383
15.6383
15.6383
15.6383
15.6383
15.6383
15.6383
15.6383
15.6383
15.6383
15.6383
15.6383
15.6383
15.6383
15.6383
15.6383
15.6383
15.6383
15.6384
15.6384
15.6384
15.6384
15.6384
16.053
16.053
16.053
16.053
16.053
16.053
16.053
16.053
16.053
16.0529
16.0529
16.0529
16.0529
16.0529
16.0529
16.0529
16.0529
16.0529
16.0529
16.0529
16.0529
16.0529
16.0529
16.0529
16.0529
16.0529
16.0529
16.0529
16.0529
16.0529
16.0529
16.0529
16.0529
16.0529
16.0529
16.0529
16.0529
16.0529
16.0529
16.0529
16.0529
16.0529
16.0529
16.0529
16.0529
16.0529
16.0529
16.0529
16.0529
16.0529
16.0529
16.053
16.053
16.053
16.053
16.053
16.053
16.053
16.053
16.053
16.48
16.48
16.48
16.48
16.48
16.48
16.48
16.48
16.48
16.48
16.48
16.48
16.48
16.48
16.48
16.48
16.48
16.48
16.48
16.48
16.48
16.48
16.48
16.48
16.48
16.48
16.48
16.48
16.48
16.48
16.48
16.48
16.48
16.48
16.48
16.48
16.48
16.48
16.48
16.48
16.48
16.48
16.48
16.48
16.48
16.48
16.48
16.48
16.48
16.48
16.48
16.48
16.48
16.48
16.48
16.48
16.48
16.48
16.48
16.48
16.9199
16.9199
16.9199
16.9199
16.9199
16.9199
16.9199
16.9199
16.9199
16.9199
16.9199
16.9199
16.9199
16.9199
16.9199
16.9199
16.9199
16.9199
16.9199
16.9199
16.9199
16.9199
16.9199
16.9199
16.9199
16.9199
16.9199
16.9199
16.9199
16.9199
16.9199
16.9199
16.9199
16.9199
16.9199
16.9199
16.9199
16.9199
16.9199
16.9199
16.9199
16.9199
16.9199
16.9199
16.9199
16.9199
16.9199
16.9199
16.9199
16.9199
16.9199
16.9199
16.9199
16.9199
16.9199
16.9199
16.9199
16.9199
16.9199
16.9199
17.373
17.373
17.373
17.373
17.373
17.373
17.373
17.373
17.373
17.373
17.373
17.373
17.373
17.373
17.373
17.373
17.373
17.373
17.373
17.373
17.3729
17.3729
17.3729
17.3729
17.3729
17.3729
17.3729
17.3729
17.3729
17.3729
17.3729
17.3729
17.3729
17.3729
17.3729
17.3729
17.3729
17.3729
17.3729
17.3729
17.373
17.373
17.373
17.373
17.373
17.373
17.373
17.373
17.373
17.373
17.373
17.373
17.373
17.373
17.373
17.373
17.373
17.373
17.373
17.373
17.8397
17.8397
17.8397
17.8397
17.8397
17.8397
17.8397
17.8397
17.8397
17.8397
17.8397
17.8397
17.8397
17.8397
17.8397
17.8396
17.8396
17.8396
17.8396
17.8396
17.8396
17.8396
17.8396
17.8396
17.8396
17.8396
17.8396
17.8396
17.8396
17.8396
17.8396
17.8396
17.8396
17.8396
17.8396
17.8396
17.8396
17.8396
17.8396
17.8396
17.8396
17.8396
17.8396
17.8396
17.8396
17.8397
17.8397
17.8397
17.8397
17.8397
17.8397
17.8397
17.8397
17.8397
17.8397
17.8397
17.8397
17.8397
17.8397
17.8397
18.3204
18.3204
18.3204
18.3204
18.3204
18.3204
18.3204
18.3204
18.3204
18.3204
18.3204
18.3204
18.3204
18.3203
18.3203
18.3203
18.3203
18.3203
18.3203
18.3203
18.3203
18.3203
18.3203
18.3203
18.3203
18.3203
18.3203
18.3203
18.3203
18.3203
18.3203
18.3203
18.3203
18.3203
18.3203
18.3203
18.3203
18.3203
18.3203
18.3203
18.3203
18.3203
18.3203
18.3203
18.3203
18.3203
18.3203
18.3204
18.3204
18.3204
18.3204
18.3204
18.3204
18.3204
18.3204
18.3204
18.3204
18.3204
18.3204
18.3204
18.8155
18.8155
18.8155
18.8155
18.8155
18.8155
18.8155
18.8155
18.8155
18.8155
18.8155
18.8155
18.8155
18.8155
18.8155
18.8155
18.8155
18.8155
18.8155
18.8155
18.8155
18.8155
18.8155
18.8155
18.8155
18.8155
18.8155
18.8155
18.8155
18.8155
18.8155
18.8155
18.8155
18.8155
18.8155
18.8155
18.8155
18.8155
18.8155
18.8155
18.8155
18.8155
18.8155
18.8155
18.8155
18.8155
18.8155
18.8155
18.8155
18.8155
18.8155
18.8155
18.8155
18.8155
18.8155
18.8155
18.8155
18.8155
18.8155
18.8155
19.3255
19.3255
19.3255
19.3255
19.3255
19.3255
19.3255
19.3255
19.3255
19.3255
19.3255
19.3255
19.3255
19.3255
19.3255
19.3255
19.3255
19.3255
19.3254
19.3254
19.3254
19.3254
19.3254
19.3254
19.3254
19.3254
19.3254
19.3254
19.3254
19.3254
19.3254
19.3254
19.3254
19.3254
19.3254
19.3254
19.3254
19.3254
19.3254
19.3254
19.3254
19.3254
19.3255
19.3255
19.3255
19.3255
19.3255
19.3255
19.3255
19.3255
19.3255
19.3255
19.3255
19.3255
19.3255
19.3255
19.3255
19.3255
19.3255
19.3255
19.8508
19.8508
19.8508
19.8508
19.8508
19.8508
19.8508
19.8508
19.8508
19.8508
19.8508
19.8508
19.8508
19.8508
19.8508
19.8507
19.8507
19.8507
19.8507
19.8507
19.8507
19.8507
19.8507
19.8507
19.8507
19.8507
19.8507
19.8507
19.8507
19.8507
19.8507
19.8507
19.8507
19.8507
19.8507
19.8507
19.8507
19.8507
19.8507
19.8507
19.8507
19.8507
19.8507
19.8507
19.8507
19.8508
19.8508
19.8508
19.8508
19.8508
19.8508
19.8508
19.8508
19.8508
19.8508
19.8508
19.8508
19.8508
19.8508
19.8508
20.3918
20.3918
20.3918
20.3918
20.3918
20.3918
20.3918
20.3918
20.3918
20.3918
20.3918
20.3918
20.3918
20.3918
20.3918
20.3918
20.3918
20.3918
20.3918
20.3918
20.3918
20.3918
20.3918
20.3918
20.3918
20.3918
20.3918
20.3918
20.3918
20.3918
20.3918
20.3918
20.3918
20.3918
20.3918
20.3918
20.3918
20.3918
20.3918
20.3918
20.3918
20.3918
20.3918
20.3918
20.3918
20.3918
20.3918
20.3918
20.3918
20.3918
20.3918
20.3918
20.3918
20.3918
20.3918
20.3918
20.3918
20.3918
20.3918
20.3918
20.9491
20.9491
20.9491
20.9491
20.9491
20.9491
20.9491
20.9491
20.9491
20.9491
20.9491
20.9491
20.9491
20.9491
20.9491
20.9491
20.9491
20.9491
20.9491
20.9491
20.9491
20.9491
20.9491
20.9491
20.9491
20.9491
20.9491
20.9491
20.9491
20.9491
20.9491
20.9491
20.9491
20.9491
20.9491
20.9491
20.9491
20.9491
20.9491
20.9491
20.9491
20.9491
20.9491
20.9491
20.9491
20.9491
20.9491
20.9491
20.9491
20.9491
20.9491
20.9491
20.9491
20.9491
20.9491
20.9491
20.9491
20.9491
20.9491
20.9491
21.5232
21.5232
21.5232
21.5232
21.5232
21.5232
21.5232
21.5232
21.5232
21.5232
21.5231
21.5231
21.5231
21.5231
21.5231
21.5231
21.5231
21.5231
21.5231
21.5231
21.5231
21.5231
21.5231
21.5231
21.5231
21.5231
21.5231
21.5231
21.5231
21.5231
21.5231
21.5231
21.5231
21.5231
21.5231
21.5231
21.5231
21.5231
21.5231
21.5231
21.5231
21.5231
21.5231
21.5231
21.5231
21.5231
21.5231
21.5231
21.5231
21.5231
21.5232
21.5232
21.5232
21.5232
21.5232
21.5232
21.5232
21.5232
21.5232
21.5232
22.1144
22.1144
22.1144
22.1144
22.1144
22.1144
22.1144
22.1144
22.1144
22.1144
22.1144
22.1144
22.1144
22.1144
22.1144
22.1144
22.1144
22.1144
22.1144
22.1144
22.1144
22.1144
22.1144
22.1144
22.1144
22.1144
22.1144
22.1144
22.1144
22.1144
22.1144
22.1144
22.1144
22.1144
22.1144
22.1144
22.1144
22.1144
22.1144
22.1144
22.1144
22.1144
22.1144
22.1144
22.1144
22.1144
22.1144
22.1144
22.1144
22.1144
22.1144
22.1144
22.1144
22.1144
22.1144
22.1144
22.1144
22.1144
22.1144
22.1144
22.7234
22.7234
22.7234
22.7234
22.7234
22.7234
22.7234
22.7234
22.7234
22.7234
22.7234
22.7234
22.7234
22.7234
22.7234
22.7234
22.7234
22.7234
22.7234
22.7234
22.7234
22.7234
22.7234
22.7234
22.7234
22.7234
22.7234
22.7234
22.7234
22.7234
22.7234
22.7234
22.7234
22.7234
22.7234
22.7234
22.7234
22.7234
22.7234
22.7234
22.7234
22.7234
22.7234
22.7234
22.7234
22.7234
22.7234
22.7234
22.7234
22.7234
22.7234
22.7234
22.7234
22.7234
22.7234
22.7234
22.7234
22.7234
22.7234
22.7234
23.3507
23.3507
23.3507
23.3507
23.3507
23.3507
23.3507
23.3507
23.3507
23.3507
23.3507
23.3507
23.3507
23.3507
23.3507
23.3507
23.3507
23.3507
23.3507
23.3507
23.3507
23.3507
23.3507
23.3507
23.3507
23.3507
23.3507
23.3507
23.3507
23.3507
23.3507
23.3507
23.3507
23.3507
23.3507
23.3507
23.3507
23.3507
23.3507
23.3507
23.3507
23.3507
23.3507
23.3507
23.3507
23.3507
23.3507
23.3507
23.3507
23.3507
23.3507
23.3507
23.3507
23.3507
23.3507
23.3507
23.3507
23.3507
23.3507
23.3507
23.9968
23.9968
23.9968
23.9968
23.9968
23.9968
23.9968
23.9968
23.9968
23.9968
23.9968
23.9968
23.9968
23.9968
23.9968
23.9968
23.9968
23.9968
23.9968
23.9968
23.9968
23.9968
23.9968
23.9968
23.9968
23.9968
23.9968
23.9968
23.9968
23.9968
23.9968
23.9968
23.9968
23.9968
23.9968
23.9968
23.9968
23.9968
23.9968
23.9968
23.9968
23.9968
23.9968
23.9968
23.9968
23.9968
23.9968
23.9968
23.9968
23.9968
23.9968
23.9968
23.9968
23.9968
23.9968
23.9968
23.9968
23.9968
23.9968
23.9968
24.6623
24.6623
24.6623
24.6623
24.6623
24.6623
24.6623
24.6623
24.6623
24.6623
24.6623
24.6623
24.6623
24.6623
24.6623
24.6623
24.6623
24.6623
24.6623
24.6623
24.6623
24.6623
24.6623
24.6623
24.6623
24.6623
24.6623
24.6623
24.6623
24.6623
24.6623
24.6623
24.6623
24.6623
24.6623
24.6623
24.6623
24.6623
24.6623
24.6623
24.6623
24.6623
24.6623
24.6623
24.6623
24.6623
24.6623
24.6623
24.6623
24.6623
24.6623
24.6623
24.6623
24.6623
24.6623
24.6623
24.6623
24.6623
24.6623
24.6623
)
;

boundaryField
{
    top
    {
        type            fixedValue;
        value           uniform 25;
    }
    bottom
    {
        type            fixedValue;
        value           uniform 0;
    }
    wall
    {
        type            zeroGradient;
    }
    frontAndBack
    {
        type            empty;
    }
}


// ************************************************************************* //
