/*--------------------------------*- C++ -*----------------------------------*\
| =========                 |                                                 |
| \\      /  F ield         | foam-extend: Open Source CFD                    |
|  \\    /   O peration     | Version:     4.0                                |
|   \\  /    A nd           | Web:         http://www.foam-extend.org         |
|    \\/     M anipulation  |                                                 |
\*---------------------------------------------------------------------------*/
FoamFile
{
    version     2.0;
    format      ascii;
    class       volScalarField;
    location    "1640";
    object      cPlus;
}
// * * * * * * * * * * * * * * * * * * * * * * * * * * * * * * * * * * * * * //

dimensions      [0 0 0 0 0 0 0];

internalField   nonuniform List<scalar> 
6960
(
0.321701
0.321688
0.321671
0.321655
0.32164
0.321626
0.321614
0.321602
0.321593
0.321584
0.321577
0.32157
0.321564
0.321559
0.321555
0.321551
0.321548
0.321546
0.321543
0.321541
0.32154
0.321538
0.321537
0.321536
0.321536
0.321535
0.321534
0.321534
0.321534
0.321534
0.321534
0.321534
0.321534
0.321534
0.321535
0.321536
0.321536
0.321537
0.321538
0.32154
0.321541
0.321543
0.321546
0.321548
0.321551
0.321555
0.321559
0.321564
0.32157
0.321577
0.321584
0.321593
0.321602
0.321614
0.321626
0.32164
0.321655
0.321671
0.321688
0.321701
0.104386
0.104376
0.104365
0.104353
0.104342
0.104333
0.104324
0.104316
0.104309
0.104303
0.104298
0.104293
0.104289
0.104285
0.104282
0.10428
0.104278
0.104276
0.104274
0.104273
0.104271
0.104271
0.10427
0.104269
0.104268
0.104268
0.104268
0.104267
0.104267
0.104267
0.104267
0.104267
0.104267
0.104268
0.104268
0.104268
0.104269
0.10427
0.104271
0.104271
0.104273
0.104274
0.104276
0.104278
0.10428
0.104282
0.104285
0.104289
0.104293
0.104298
0.104303
0.104309
0.104316
0.104324
0.104333
0.104342
0.104353
0.104365
0.104376
0.104386
0.0404071
0.0404021
0.0403958
0.0403895
0.0403836
0.0403781
0.0403733
0.0403689
0.0403651
0.0403617
0.0403587
0.0403561
0.0403539
0.040352
0.0403503
0.0403489
0.0403476
0.0403466
0.0403457
0.0403449
0.0403443
0.0403437
0.0403433
0.0403429
0.0403426
0.0403424
0.0403422
0.040342
0.040342
0.0403419
0.0403419
0.040342
0.040342
0.0403422
0.0403424
0.0403426
0.0403429
0.0403433
0.0403437
0.0403443
0.0403449
0.0403457
0.0403466
0.0403476
0.0403489
0.0403503
0.040352
0.0403539
0.0403561
0.0403587
0.0403617
0.0403651
0.0403689
0.0403733
0.0403781
0.0403836
0.0403895
0.0403958
0.0404021
0.0404071
0.0182566
0.0182547
0.018252
0.0182492
0.0182466
0.0182442
0.0182421
0.0182402
0.0182385
0.018237
0.0182357
0.0182345
0.0182335
0.0182327
0.0182319
0.0182313
0.0182307
0.0182303
0.0182299
0.0182295
0.0182293
0.018229
0.0182288
0.0182287
0.0182285
0.0182284
0.0182283
0.0182283
0.0182282
0.0182282
0.0182282
0.0182282
0.0182283
0.0182283
0.0182284
0.0182285
0.0182287
0.0182288
0.018229
0.0182293
0.0182295
0.0182299
0.0182303
0.0182307
0.0182313
0.0182319
0.0182327
0.0182335
0.0182345
0.0182357
0.018237
0.0182385
0.0182402
0.0182421
0.0182442
0.0182466
0.0182492
0.018252
0.0182547
0.0182566
0.010259
0.0102588
0.0102582
0.0102575
0.0102569
0.0102562
0.0102557
0.0102552
0.0102547
0.0102543
0.010254
0.0102537
0.0102534
0.0102532
0.010253
0.0102528
0.0102526
0.0102525
0.0102524
0.0102523
0.0102522
0.0102522
0.0102521
0.0102521
0.010252
0.010252
0.010252
0.010252
0.010252
0.010252
0.010252
0.010252
0.010252
0.010252
0.010252
0.010252
0.0102521
0.0102521
0.0102522
0.0102522
0.0102523
0.0102524
0.0102525
0.0102526
0.0102528
0.010253
0.0102532
0.0102534
0.0102537
0.010254
0.0102543
0.0102547
0.0102552
0.0102557
0.0102562
0.0102569
0.0102575
0.0102582
0.0102588
0.010259
0.00738839
0.00738913
0.00738961
0.00738998
0.00739031
0.00739059
0.00739084
0.00739106
0.00739125
0.00739142
0.00739157
0.00739169
0.0073918
0.0073919
0.00739197
0.00739204
0.0073921
0.00739215
0.00739219
0.00739223
0.00739226
0.00739228
0.0073923
0.00739232
0.00739233
0.00739234
0.00739235
0.00739236
0.00739236
0.00739236
0.00739236
0.00739236
0.00739236
0.00739235
0.00739234
0.00739233
0.00739232
0.0073923
0.00739228
0.00739226
0.00739223
0.00739219
0.00739215
0.0073921
0.00739204
0.00739197
0.0073919
0.0073918
0.00739169
0.00739157
0.00739142
0.00739125
0.00739106
0.00739084
0.00739059
0.00739031
0.00738998
0.00738961
0.00738913
0.00738839
0.00639549
0.00639666
0.00639765
0.00639853
0.00639933
0.00640005
0.00640069
0.00640126
0.00640176
0.00640219
0.00640258
0.00640291
0.00640319
0.00640344
0.00640365
0.00640384
0.00640399
0.00640412
0.00640424
0.00640433
0.00640441
0.00640448
0.00640454
0.00640458
0.00640462
0.00640465
0.00640468
0.00640469
0.0064047
0.00640471
0.00640471
0.0064047
0.00640469
0.00640468
0.00640465
0.00640462
0.00640458
0.00640454
0.00640448
0.00640441
0.00640433
0.00640424
0.00640412
0.00640399
0.00640384
0.00640365
0.00640344
0.00640319
0.00640291
0.00640258
0.00640219
0.00640176
0.00640126
0.00640069
0.00640005
0.00639933
0.00639853
0.00639765
0.00639666
0.00639549
0.0060828
0.00608417
0.00608539
0.00608651
0.00608753
0.00608844
0.00608926
0.00608998
0.00609062
0.00609118
0.00609167
0.0060921
0.00609246
0.00609278
0.00609305
0.00609329
0.00609349
0.00609366
0.0060938
0.00609393
0.00609403
0.00609412
0.00609419
0.00609425
0.0060943
0.00609434
0.00609437
0.00609439
0.0060944
0.00609441
0.00609441
0.0060944
0.00609439
0.00609437
0.00609434
0.0060943
0.00609425
0.00609419
0.00609412
0.00609403
0.00609393
0.0060938
0.00609366
0.00609349
0.00609329
0.00609305
0.00609278
0.00609246
0.0060921
0.00609167
0.00609118
0.00609062
0.00608998
0.00608926
0.00608844
0.00608753
0.00608651
0.00608539
0.00608417
0.0060828
0.00601257
0.00601404
0.00601537
0.00601659
0.00601771
0.00601871
0.00601961
0.0060204
0.00602111
0.00602172
0.00602226
0.00602273
0.00602313
0.00602348
0.00602378
0.00602404
0.00602426
0.00602445
0.00602461
0.00602474
0.00602486
0.00602495
0.00602503
0.0060251
0.00602515
0.0060252
0.00602523
0.00602525
0.00602527
0.00602528
0.00602528
0.00602527
0.00602525
0.00602523
0.0060252
0.00602515
0.0060251
0.00602503
0.00602495
0.00602486
0.00602474
0.00602461
0.00602445
0.00602426
0.00602404
0.00602378
0.00602348
0.00602313
0.00602273
0.00602226
0.00602172
0.00602111
0.0060204
0.00601961
0.00601871
0.00601771
0.00601659
0.00601537
0.00601404
0.00601257
0.00602812
0.00602964
0.00603103
0.00603231
0.00603347
0.00603452
0.00603546
0.00603629
0.00603702
0.00603767
0.00603823
0.00603872
0.00603914
0.00603951
0.00603982
0.00604009
0.00604032
0.00604052
0.00604069
0.00604083
0.00604095
0.00604105
0.00604113
0.0060412
0.00604126
0.0060413
0.00604134
0.00604136
0.00604138
0.00604139
0.00604139
0.00604138
0.00604136
0.00604134
0.0060413
0.00604126
0.0060412
0.00604113
0.00604105
0.00604095
0.00604083
0.00604069
0.00604052
0.00604032
0.00604009
0.00603982
0.00603951
0.00603914
0.00603872
0.00603823
0.00603767
0.00603702
0.00603629
0.00603546
0.00603452
0.00603347
0.00603231
0.00603103
0.00602964
0.00602812
0.00607493
0.00607649
0.00607791
0.00607922
0.00608042
0.00608149
0.00608246
0.00608331
0.00608406
0.00608472
0.0060853
0.0060858
0.00608624
0.00608661
0.00608694
0.00608722
0.00608745
0.00608766
0.00608783
0.00608797
0.0060881
0.0060882
0.00608829
0.00608836
0.00608842
0.00608846
0.0060885
0.00608852
0.00608854
0.00608855
0.00608855
0.00608854
0.00608852
0.0060885
0.00608846
0.00608842
0.00608836
0.00608829
0.0060882
0.0060881
0.00608797
0.00608783
0.00608766
0.00608745
0.00608722
0.00608694
0.00608661
0.00608624
0.0060858
0.0060853
0.00608472
0.00608406
0.00608331
0.00608246
0.00608149
0.00608042
0.00607922
0.00607791
0.00607649
0.00607493
0.00613469
0.00613628
0.00613773
0.00613907
0.00614029
0.00614139
0.00614237
0.00614324
0.00614401
0.00614469
0.00614528
0.00614579
0.00614623
0.00614662
0.00614695
0.00614723
0.00614747
0.00614768
0.00614786
0.00614801
0.00614813
0.00614824
0.00614833
0.0061484
0.00614846
0.00614851
0.00614854
0.00614857
0.00614859
0.0061486
0.0061486
0.00614859
0.00614857
0.00614854
0.00614851
0.00614846
0.0061484
0.00614833
0.00614824
0.00614813
0.00614801
0.00614786
0.00614768
0.00614747
0.00614723
0.00614695
0.00614662
0.00614623
0.00614579
0.00614528
0.00614469
0.00614401
0.00614324
0.00614237
0.00614139
0.00614029
0.00613907
0.00613773
0.00613628
0.00613469
0.00620161
0.00620323
0.00620471
0.00620607
0.00620732
0.00620844
0.00620944
0.00621033
0.00621111
0.0062118
0.0062124
0.00621292
0.00621338
0.00621377
0.00621411
0.00621439
0.00621464
0.00621485
0.00621503
0.00621519
0.00621531
0.00621542
0.00621551
0.00621559
0.00621565
0.0062157
0.00621573
0.00621576
0.00621578
0.00621579
0.00621579
0.00621578
0.00621576
0.00621573
0.0062157
0.00621565
0.00621559
0.00621551
0.00621542
0.00621531
0.00621519
0.00621503
0.00621485
0.00621464
0.00621439
0.00621411
0.00621377
0.00621338
0.00621292
0.0062124
0.0062118
0.00621111
0.00621033
0.00620944
0.00620844
0.00620732
0.00620607
0.00620471
0.00620323
0.00620161
0.00627411
0.00627577
0.00627728
0.00627867
0.00627994
0.00628108
0.0062821
0.006283
0.0062838
0.00628451
0.00628512
0.00628565
0.00628611
0.00628651
0.00628686
0.00628715
0.00628741
0.00628762
0.0062878
0.00628796
0.00628809
0.0062882
0.00628829
0.00628837
0.00628843
0.00628848
0.00628852
0.00628855
0.00628857
0.00628857
0.00628857
0.00628857
0.00628855
0.00628852
0.00628848
0.00628843
0.00628837
0.00628829
0.0062882
0.00628809
0.00628796
0.0062878
0.00628762
0.00628741
0.00628715
0.00628686
0.00628651
0.00628611
0.00628565
0.00628512
0.00628451
0.0062838
0.006283
0.0062821
0.00628108
0.00627994
0.00627867
0.00627728
0.00627577
0.00627411
0.00635205
0.00635374
0.00635528
0.00635669
0.00635799
0.00635915
0.0063602
0.00636112
0.00636194
0.00636265
0.00636328
0.00636382
0.00636429
0.0063647
0.00636505
0.00636536
0.00636561
0.00636583
0.00636602
0.00636618
0.00636632
0.00636643
0.00636652
0.0063666
0.00636666
0.00636671
0.00636675
0.00636678
0.0063668
0.00636681
0.00636681
0.0063668
0.00636678
0.00636675
0.00636671
0.00636666
0.0063666
0.00636652
0.00636643
0.00636632
0.00636618
0.00636602
0.00636583
0.00636561
0.00636536
0.00636505
0.0063647
0.00636429
0.00636382
0.00636328
0.00636265
0.00636194
0.00636112
0.0063602
0.00635915
0.00635799
0.00635669
0.00635528
0.00635374
0.00635205
0.00643574
0.00643747
0.00643904
0.00644049
0.00644181
0.006443
0.00644407
0.00644501
0.00644585
0.00644658
0.00644722
0.00644777
0.00644826
0.00644867
0.00644903
0.00644934
0.00644961
0.00644983
0.00645002
0.00645019
0.00645032
0.00645044
0.00645054
0.00645061
0.00645068
0.00645073
0.00645077
0.0064508
0.00645082
0.00645083
0.00645083
0.00645082
0.0064508
0.00645077
0.00645073
0.00645068
0.00645061
0.00645054
0.00645044
0.00645032
0.00645019
0.00645002
0.00644983
0.00644961
0.00644934
0.00644903
0.00644867
0.00644826
0.00644777
0.00644722
0.00644658
0.00644585
0.00644501
0.00644407
0.006443
0.00644181
0.00644049
0.00643904
0.00643747
0.00643574
0.00652573
0.0065275
0.00652911
0.0065306
0.00653195
0.00653317
0.00653426
0.00653523
0.00653608
0.00653683
0.00653748
0.00653805
0.00653855
0.00653897
0.00653934
0.00653966
0.00653993
0.00654016
0.00654036
0.00654052
0.00654066
0.00654078
0.00654088
0.00654096
0.00654103
0.00654108
0.00654112
0.00654115
0.00654117
0.00654118
0.00654118
0.00654117
0.00654115
0.00654112
0.00654108
0.00654103
0.00654096
0.00654088
0.00654078
0.00654066
0.00654052
0.00654036
0.00654016
0.00653993
0.00653966
0.00653934
0.00653897
0.00653855
0.00653805
0.00653748
0.00653683
0.00653608
0.00653523
0.00653426
0.00653317
0.00653195
0.0065306
0.00652911
0.0065275
0.00652573
0.0066227
0.00662452
0.00662617
0.00662769
0.00662907
0.00663032
0.00663144
0.00663243
0.0066333
0.00663407
0.00663474
0.00663533
0.00663583
0.00663627
0.00663665
0.00663697
0.00663725
0.00663749
0.00663769
0.00663786
0.00663801
0.00663813
0.00663823
0.00663831
0.00663838
0.00663843
0.00663848
0.00663851
0.00663853
0.00663854
0.00663854
0.00663853
0.00663851
0.00663848
0.00663843
0.00663838
0.00663831
0.00663823
0.00663813
0.00663801
0.00663786
0.00663769
0.00663749
0.00663725
0.00663697
0.00663665
0.00663627
0.00663583
0.00663533
0.00663474
0.00663407
0.0066333
0.00663243
0.00663144
0.00663032
0.00662907
0.00662769
0.00662617
0.00662452
0.0066227
0.00672743
0.00672929
0.00673099
0.00673255
0.00673397
0.00673525
0.0067364
0.00673742
0.00673832
0.00673911
0.00673979
0.00674039
0.00674092
0.00674137
0.00674175
0.00674209
0.00674237
0.00674261
0.00674282
0.006743
0.00674315
0.00674327
0.00674337
0.00674346
0.00674353
0.00674359
0.00674363
0.00674366
0.00674368
0.00674369
0.00674369
0.00674368
0.00674366
0.00674363
0.00674359
0.00674353
0.00674346
0.00674337
0.00674327
0.00674315
0.006743
0.00674282
0.00674261
0.00674237
0.00674209
0.00674175
0.00674137
0.00674092
0.00674039
0.00673979
0.00673911
0.00673832
0.00673742
0.0067364
0.00673525
0.00673397
0.00673255
0.00673099
0.00672929
0.00672743
0.00684084
0.00684276
0.0068445
0.00684611
0.00684757
0.00684889
0.00685007
0.00685112
0.00685204
0.00685285
0.00685356
0.00685418
0.00685472
0.00685518
0.00685558
0.00685592
0.00685621
0.00685646
0.00685668
0.00685686
0.00685701
0.00685714
0.00685725
0.00685734
0.00685741
0.00685747
0.00685751
0.00685754
0.00685756
0.00685757
0.00685757
0.00685756
0.00685754
0.00685751
0.00685747
0.00685741
0.00685734
0.00685725
0.00685714
0.00685701
0.00685686
0.00685668
0.00685646
0.00685621
0.00685592
0.00685558
0.00685518
0.00685472
0.00685418
0.00685356
0.00685285
0.00685204
0.00685112
0.00685007
0.00684889
0.00684757
0.00684611
0.0068445
0.00684276
0.00684084
0.00696401
0.006966
0.0069678
0.00696945
0.00697096
0.00697232
0.00697353
0.00697461
0.00697556
0.0069764
0.00697713
0.00697777
0.00697832
0.0069788
0.00697921
0.00697956
0.00697987
0.00698013
0.00698035
0.00698053
0.00698069
0.00698082
0.00698093
0.00698103
0.0069811
0.00698116
0.00698121
0.00698124
0.00698126
0.00698127
0.00698127
0.00698126
0.00698124
0.00698121
0.00698116
0.0069811
0.00698103
0.00698093
0.00698082
0.00698069
0.00698053
0.00698035
0.00698013
0.00697987
0.00697956
0.00697921
0.0069788
0.00697832
0.00697777
0.00697713
0.0069764
0.00697556
0.00697461
0.00697353
0.00697232
0.00697096
0.00696945
0.0069678
0.006966
0.00696401
0.00709823
0.00710028
0.00710214
0.00710385
0.00710541
0.00710681
0.00710807
0.00710919
0.00711017
0.00711103
0.00711179
0.00711245
0.00711302
0.00711351
0.00711394
0.00711431
0.00711462
0.00711489
0.00711511
0.00711531
0.00711547
0.00711561
0.00711572
0.00711582
0.00711589
0.00711595
0.007116
0.00711604
0.00711606
0.00711607
0.00711607
0.00711606
0.00711604
0.007116
0.00711595
0.00711589
0.00711582
0.00711572
0.00711561
0.00711547
0.00711531
0.00711511
0.00711489
0.00711462
0.00711431
0.00711394
0.00711351
0.00711302
0.00711245
0.00711179
0.00711103
0.00711017
0.00710919
0.00710807
0.00710681
0.00710541
0.00710385
0.00710214
0.00710028
0.00709823
0.00724501
0.00724714
0.00724907
0.00725084
0.00725245
0.00725391
0.00725521
0.00725636
0.00725738
0.00725828
0.00725906
0.00725974
0.00726034
0.00726085
0.00726129
0.00726167
0.00726199
0.00726227
0.00726251
0.00726271
0.00726288
0.00726302
0.00726314
0.00726324
0.00726332
0.00726338
0.00726343
0.00726346
0.00726349
0.0072635
0.0072635
0.00726349
0.00726346
0.00726343
0.00726338
0.00726332
0.00726324
0.00726314
0.00726302
0.00726288
0.00726271
0.00726251
0.00726227
0.00726199
0.00726167
0.00726129
0.00726085
0.00726034
0.00725974
0.00725906
0.00725828
0.00725738
0.00725636
0.00725521
0.00725391
0.00725245
0.00725084
0.00724907
0.00724714
0.00724501
0.00740617
0.00740839
0.00741039
0.00741223
0.00741391
0.00741542
0.00741677
0.00741797
0.00741903
0.00741996
0.00742078
0.00742149
0.0074221
0.00742264
0.00742309
0.00742349
0.00742383
0.00742411
0.00742436
0.00742457
0.00742475
0.00742489
0.00742502
0.00742512
0.0074252
0.00742527
0.00742532
0.00742536
0.00742538
0.00742539
0.00742539
0.00742538
0.00742536
0.00742532
0.00742527
0.0074252
0.00742512
0.00742502
0.00742489
0.00742475
0.00742457
0.00742436
0.00742411
0.00742383
0.00742349
0.00742309
0.00742264
0.0074221
0.00742149
0.00742078
0.00741996
0.00741903
0.00741797
0.00741677
0.00741542
0.00741391
0.00741223
0.00741039
0.00740839
0.00740617
0.00758392
0.00758624
0.00758832
0.00759024
0.00759199
0.00759357
0.00759498
0.00759623
0.00759734
0.00759831
0.00759916
0.0075999
0.00760054
0.00760109
0.00760157
0.00760198
0.00760234
0.00760264
0.00760289
0.00760311
0.0076033
0.00760345
0.00760358
0.00760369
0.00760377
0.00760384
0.0076039
0.00760394
0.00760396
0.00760397
0.00760397
0.00760396
0.00760394
0.0076039
0.00760384
0.00760377
0.00760369
0.00760358
0.00760345
0.0076033
0.00760311
0.00760289
0.00760264
0.00760234
0.00760198
0.00760157
0.00760109
0.00760054
0.0075999
0.00759916
0.00759831
0.00759734
0.00759623
0.00759498
0.00759357
0.00759199
0.00759024
0.00758832
0.00758624
0.00758392
0.00778096
0.00778338
0.00778557
0.00778758
0.00778941
0.00779106
0.00779253
0.00779385
0.007795
0.00779602
0.00779691
0.00779769
0.00779836
0.00779894
0.00779944
0.00779987
0.00780024
0.00780056
0.00780083
0.00780105
0.00780125
0.00780141
0.00780154
0.00780166
0.00780175
0.00780182
0.00780188
0.00780192
0.00780194
0.00780196
0.00780196
0.00780194
0.00780192
0.00780188
0.00780182
0.00780175
0.00780166
0.00780154
0.00780141
0.00780125
0.00780105
0.00780083
0.00780056
0.00780024
0.00779987
0.00779944
0.00779894
0.00779836
0.00779769
0.00779691
0.00779602
0.007795
0.00779385
0.00779253
0.00779106
0.00778941
0.00778758
0.00778557
0.00778338
0.00778096
0.00800062
0.00800317
0.00800547
0.00800758
0.00800951
0.00801124
0.00801279
0.00801417
0.00801539
0.00801646
0.0080174
0.00801821
0.00801892
0.00801953
0.00802006
0.00802051
0.0080209
0.00802123
0.00802152
0.00802176
0.00802196
0.00802213
0.00802227
0.00802239
0.00802249
0.00802256
0.00802262
0.00802267
0.00802269
0.00802271
0.00802271
0.00802269
0.00802267
0.00802262
0.00802256
0.00802249
0.00802239
0.00802227
0.00802213
0.00802196
0.00802176
0.00802152
0.00802123
0.0080209
0.00802051
0.00802006
0.00801953
0.00801892
0.00801821
0.0080174
0.00801646
0.00801539
0.00801417
0.00801279
0.00801124
0.00800951
0.00800758
0.00800547
0.00800317
0.00800062
0.00824709
0.00824979
0.00825221
0.00825445
0.00825648
0.00825832
0.00825996
0.00826142
0.0082627
0.00826383
0.00826482
0.00826569
0.00826644
0.00826708
0.00826764
0.00826812
0.00826853
0.00826888
0.00826918
0.00826944
0.00826965
0.00826983
0.00826998
0.00827011
0.00827021
0.00827029
0.00827035
0.0082704
0.00827043
0.00827044
0.00827044
0.00827043
0.0082704
0.00827035
0.00827029
0.00827021
0.00827011
0.00826998
0.00826983
0.00826965
0.00826944
0.00826918
0.00826888
0.00826853
0.00826812
0.00826764
0.00826708
0.00826644
0.00826569
0.00826482
0.00826383
0.0082627
0.00826142
0.00825996
0.00825832
0.00825648
0.00825445
0.00825221
0.00824979
0.00824709
0.00852568
0.00852855
0.00853114
0.00853351
0.00853567
0.00853762
0.00853937
0.00854092
0.00854229
0.00854349
0.00854455
0.00854546
0.00854626
0.00854695
0.00854754
0.00854806
0.00854849
0.00854887
0.00854919
0.00854946
0.00854969
0.00854988
0.00855004
0.00855017
0.00855028
0.00855037
0.00855043
0.00855048
0.00855051
0.00855053
0.00855053
0.00855051
0.00855048
0.00855043
0.00855037
0.00855028
0.00855017
0.00855004
0.00854988
0.00854969
0.00854946
0.00854919
0.00854887
0.00854849
0.00854806
0.00854754
0.00854695
0.00854626
0.00854546
0.00854455
0.00854349
0.00854229
0.00854092
0.00853937
0.00853762
0.00853567
0.00853351
0.00853114
0.00852855
0.00852568
0.00884327
0.00884635
0.00884912
0.00885166
0.00885398
0.00885607
0.00885794
0.0088596
0.00886107
0.00886236
0.00886348
0.00886447
0.00886532
0.00886606
0.0088667
0.00886725
0.00886771
0.00886812
0.00886846
0.00886875
0.00886899
0.0088692
0.00886937
0.00886951
0.00886963
0.00886972
0.00886979
0.00886985
0.00886988
0.0088699
0.0088699
0.00886988
0.00886985
0.00886979
0.00886972
0.00886963
0.00886951
0.00886937
0.0088692
0.00886899
0.00886875
0.00886846
0.00886812
0.00886771
0.00886725
0.0088667
0.00886606
0.00886532
0.00886447
0.00886348
0.00886236
0.00886107
0.0088596
0.00885794
0.00885607
0.00885398
0.00885166
0.00884912
0.00884635
0.00884327
0.00920892
0.00921224
0.00921523
0.00921797
0.00922048
0.00922274
0.00922476
0.00922655
0.00922814
0.00922953
0.00923075
0.00923181
0.00923274
0.00923354
0.00923422
0.00923482
0.00923532
0.00923576
0.00923613
0.00923644
0.00923671
0.00923693
0.00923712
0.00923727
0.0092374
0.0092375
0.00923757
0.00923763
0.00923767
0.00923769
0.00923769
0.00923767
0.00923763
0.00923757
0.0092375
0.0092374
0.00923727
0.00923712
0.00923693
0.00923671
0.00923644
0.00923613
0.00923576
0.00923532
0.00923482
0.00923422
0.00923354
0.00923274
0.00923181
0.00923075
0.00922953
0.00922814
0.00922655
0.00922476
0.00922274
0.00922048
0.00921797
0.00921523
0.00921224
0.00920892
0.00963477
0.0096384
0.00964165
0.00964465
0.00964738
0.00964985
0.00965205
0.00965401
0.00965575
0.00965727
0.0096586
0.00965976
0.00966077
0.00966164
0.0096624
0.00966304
0.0096636
0.00966407
0.00966448
0.00966482
0.00966511
0.00966535
0.00966556
0.00966573
0.00966586
0.00966597
0.00966606
0.00966612
0.00966616
0.00966618
0.00966618
0.00966616
0.00966612
0.00966606
0.00966597
0.00966586
0.00966573
0.00966556
0.00966535
0.00966511
0.00966482
0.00966448
0.00966407
0.0096636
0.00966304
0.0096624
0.00966164
0.00966077
0.00965976
0.0096586
0.00965727
0.00965575
0.00965401
0.00965205
0.00964985
0.00964738
0.00964465
0.00964165
0.0096384
0.00963477
0.0101376
0.0101416
0.0101452
0.0101485
0.0101515
0.0101542
0.0101567
0.0101588
0.0101608
0.0101624
0.0101639
0.0101652
0.0101663
0.0101673
0.0101681
0.0101688
0.0101694
0.01017
0.0101704
0.0101708
0.0101711
0.0101714
0.0101716
0.0101718
0.0101719
0.0101721
0.0101722
0.0101722
0.0101723
0.0101723
0.0101723
0.0101723
0.0101722
0.0101722
0.0101721
0.0101719
0.0101718
0.0101716
0.0101714
0.0101711
0.0101708
0.0101704
0.01017
0.0101694
0.0101688
0.0101681
0.0101673
0.0101663
0.0101652
0.0101639
0.0101624
0.0101608
0.0101588
0.0101567
0.0101542
0.0101515
0.0101485
0.0101452
0.0101416
0.0101376
0.0107409
0.0107454
0.0107494
0.0107532
0.0107566
0.0107596
0.0107624
0.0107648
0.0107669
0.0107688
0.0107705
0.0107719
0.0107732
0.0107743
0.0107752
0.010776
0.0107767
0.0107773
0.0107778
0.0107782
0.0107786
0.0107789
0.0107791
0.0107793
0.0107795
0.0107797
0.0107798
0.0107798
0.0107799
0.0107799
0.0107799
0.0107799
0.0107798
0.0107798
0.0107797
0.0107795
0.0107793
0.0107791
0.0107789
0.0107786
0.0107782
0.0107778
0.0107773
0.0107767
0.010776
0.0107752
0.0107743
0.0107732
0.0107719
0.0107705
0.0107688
0.0107669
0.0107648
0.0107624
0.0107596
0.0107566
0.0107532
0.0107494
0.0107454
0.0107409
0.011479
0.0114841
0.0114887
0.0114929
0.0114968
0.0115003
0.0115034
0.0115062
0.0115087
0.0115108
0.0115127
0.0115144
0.0115158
0.0115171
0.0115181
0.0115191
0.0115199
0.0115205
0.0115211
0.0115216
0.011522
0.0115224
0.0115227
0.0115229
0.0115231
0.0115232
0.0115234
0.0115235
0.0115235
0.0115235
0.0115235
0.0115235
0.0115235
0.0115234
0.0115232
0.0115231
0.0115229
0.0115227
0.0115224
0.011522
0.0115216
0.0115211
0.0115205
0.0115199
0.0115191
0.0115181
0.0115171
0.0115158
0.0115144
0.0115127
0.0115108
0.0115087
0.0115062
0.0115034
0.0115003
0.0114968
0.0114929
0.0114887
0.0114841
0.011479
0.0124018
0.0124077
0.0124131
0.0124181
0.0124226
0.0124267
0.0124304
0.0124336
0.0124365
0.0124391
0.0124413
0.0124432
0.0124449
0.0124464
0.0124476
0.0124487
0.0124496
0.0124504
0.0124511
0.0124517
0.0124521
0.0124526
0.0124529
0.0124532
0.0124534
0.0124536
0.0124537
0.0124538
0.0124539
0.0124539
0.0124539
0.0124539
0.0124538
0.0124537
0.0124536
0.0124534
0.0124532
0.0124529
0.0124526
0.0124521
0.0124517
0.0124511
0.0124504
0.0124496
0.0124487
0.0124476
0.0124464
0.0124449
0.0124432
0.0124413
0.0124391
0.0124365
0.0124336
0.0124304
0.0124267
0.0124226
0.0124181
0.0124131
0.0124077
0.0124018
0.0135832
0.0135903
0.0135967
0.0136027
0.0136081
0.0136131
0.0136175
0.0136214
0.0136249
0.0136279
0.0136306
0.0136329
0.0136349
0.0136367
0.0136382
0.0136395
0.0136406
0.0136416
0.0136424
0.0136431
0.0136437
0.0136442
0.0136446
0.0136449
0.0136452
0.0136454
0.0136456
0.0136457
0.0136458
0.0136458
0.0136458
0.0136458
0.0136457
0.0136456
0.0136454
0.0136452
0.0136449
0.0136446
0.0136442
0.0136437
0.0136431
0.0136424
0.0136416
0.0136406
0.0136395
0.0136382
0.0136367
0.0136349
0.0136329
0.0136306
0.0136279
0.0136249
0.0136214
0.0136175
0.0136131
0.0136081
0.0136027
0.0135967
0.0135903
0.0135832
0.0151292
0.0151378
0.0151458
0.0151531
0.0151599
0.0151659
0.0151714
0.0151762
0.0151805
0.0151843
0.0151876
0.0151904
0.0151929
0.0151951
0.015197
0.0151986
0.0152
0.0152011
0.0152021
0.015203
0.0152037
0.0152043
0.0152048
0.0152053
0.0152056
0.0152059
0.0152061
0.0152062
0.0152063
0.0152064
0.0152064
0.0152063
0.0152062
0.0152061
0.0152059
0.0152056
0.0152053
0.0152048
0.0152043
0.0152037
0.015203
0.0152021
0.0152011
0.0152
0.0151986
0.015197
0.0151951
0.0151929
0.0151904
0.0151876
0.0151843
0.0151805
0.0151762
0.0151714
0.0151659
0.0151599
0.0151531
0.0151458
0.0151378
0.0151292
0.0171823
0.0171932
0.0172032
0.0172124
0.0172209
0.0172285
0.0172354
0.0172415
0.0172469
0.0172516
0.0172558
0.0172594
0.0172626
0.0172653
0.0172676
0.0172697
0.0172714
0.0172729
0.0172742
0.0172752
0.0172762
0.0172769
0.0172776
0.0172781
0.0172785
0.0172789
0.0172791
0.0172793
0.0172795
0.0172795
0.0172795
0.0172795
0.0172793
0.0172791
0.0172789
0.0172785
0.0172781
0.0172776
0.0172769
0.0172762
0.0172752
0.0172742
0.0172729
0.0172714
0.0172697
0.0172676
0.0172653
0.0172626
0.0172594
0.0172558
0.0172516
0.0172469
0.0172415
0.0172354
0.0172285
0.0172209
0.0172124
0.0172032
0.0171932
0.0171823
0.0199129
0.0199266
0.0199393
0.0199511
0.0199619
0.0199716
0.0199803
0.0199881
0.0199949
0.020001
0.0200062
0.0200109
0.0200149
0.0200183
0.0200213
0.0200239
0.0200261
0.020028
0.0200296
0.020031
0.0200322
0.0200331
0.020034
0.0200346
0.0200352
0.0200356
0.020036
0.0200362
0.0200364
0.0200365
0.0200365
0.0200364
0.0200362
0.020036
0.0200356
0.0200352
0.0200346
0.020034
0.0200331
0.0200322
0.020031
0.0200296
0.020028
0.0200261
0.0200239
0.0200213
0.0200183
0.0200149
0.0200109
0.0200062
0.020001
0.0199949
0.0199881
0.0199803
0.0199716
0.0199619
0.0199511
0.0199393
0.0199266
0.0199129
0.0234876
0.0235049
0.0235209
0.0235358
0.0235494
0.0235616
0.0235726
0.0235824
0.0235911
0.0235987
0.0236054
0.0236112
0.0236163
0.0236207
0.0236245
0.0236277
0.0236305
0.0236329
0.023635
0.0236367
0.0236382
0.0236394
0.0236404
0.0236413
0.023642
0.0236426
0.023643
0.0236433
0.0236435
0.0236436
0.0236436
0.0236435
0.0236433
0.023643
0.0236426
0.023642
0.0236413
0.0236404
0.0236394
0.0236382
0.0236367
0.023635
0.0236329
0.0236305
0.0236277
0.0236245
0.0236207
0.0236163
0.0236112
0.0236054
0.0235987
0.0235911
0.0235824
0.0235726
0.0235616
0.0235494
0.0235358
0.0235209
0.0235049
0.0234876
0.0280185
0.0280399
0.0280597
0.0280781
0.0280949
0.0281101
0.0281237
0.0281358
0.0281465
0.0281559
0.0281642
0.0281714
0.0281777
0.0281831
0.0281878
0.0281918
0.0281953
0.0281982
0.0282008
0.0282029
0.0282047
0.0282063
0.0282075
0.0282086
0.0282095
0.0282102
0.0282107
0.0282111
0.0282113
0.0282115
0.0282115
0.0282113
0.0282111
0.0282107
0.0282102
0.0282095
0.0282086
0.0282075
0.0282063
0.0282047
0.0282029
0.0282008
0.0281982
0.0281953
0.0281918
0.0281878
0.0281831
0.0281777
0.0281714
0.0281642
0.0281559
0.0281465
0.0281358
0.0281237
0.0281101
0.0280949
0.0280781
0.0280597
0.0280399
0.0280185
0.0335186
0.0335444
0.0335682
0.0335903
0.0336104
0.0336286
0.0336449
0.0336594
0.0336722
0.0336835
0.0336934
0.033702
0.0337095
0.0337161
0.0337217
0.0337265
0.0337307
0.0337342
0.0337373
0.0337398
0.033742
0.0337439
0.0337454
0.0337467
0.0337477
0.0337485
0.0337492
0.0337497
0.03375
0.0337501
0.0337501
0.03375
0.0337497
0.0337492
0.0337485
0.0337477
0.0337467
0.0337454
0.0337439
0.033742
0.0337398
0.0337373
0.0337342
0.0337307
0.0337265
0.0337217
0.0337161
0.0337095
0.033702
0.0336934
0.0336835
0.0336722
0.0336594
0.0336449
0.0336286
0.0336104
0.0335903
0.0335682
0.0335444
0.0335186
0.0398945
0.0399246
0.0399523
0.0399779
0.0400012
0.0400223
0.0400412
0.040058
0.0400729
0.0400859
0.0400974
0.0401074
0.0401162
0.0401237
0.0401302
0.0401359
0.0401407
0.0401448
0.0401484
0.0401514
0.0401539
0.040156
0.0401578
0.0401593
0.0401605
0.0401615
0.0401622
0.0401628
0.0401631
0.0401633
0.0401633
0.0401631
0.0401628
0.0401622
0.0401615
0.0401605
0.0401593
0.0401578
0.040156
0.0401539
0.0401514
0.0401484
0.0401448
0.0401407
0.0401359
0.0401302
0.0401237
0.0401162
0.0401074
0.0400974
0.0400859
0.0400729
0.040058
0.0400412
0.0400223
0.0400012
0.0399779
0.0399523
0.0399246
0.0398945
0.0469846
0.0470187
0.04705
0.0470788
0.0471051
0.0471289
0.0471501
0.047169
0.0471858
0.0472006
0.0472135
0.0472248
0.0472346
0.0472431
0.0472505
0.0472569
0.0472623
0.047267
0.047271
0.0472744
0.0472772
0.0472797
0.0472817
0.0472834
0.0472847
0.0472858
0.0472867
0.0472873
0.0472877
0.0472879
0.0472879
0.0472877
0.0472873
0.0472867
0.0472858
0.0472847
0.0472834
0.0472817
0.0472797
0.0472772
0.0472744
0.047271
0.047267
0.0472623
0.0472569
0.0472505
0.0472431
0.0472346
0.0472248
0.0472135
0.0472006
0.0471858
0.047169
0.0471501
0.0471289
0.0471051
0.0470788
0.04705
0.0470187
0.0469846
0.0546161
0.0546539
0.0546885
0.0547203
0.0547493
0.0547754
0.0547988
0.0548197
0.0548381
0.0548544
0.0548687
0.0548812
0.054892
0.0549014
0.0549096
0.0549166
0.0549226
0.0549278
0.0549322
0.0549359
0.0549391
0.0549418
0.054944
0.0549459
0.0549474
0.0549486
0.0549496
0.0549502
0.0549507
0.0549509
0.0549509
0.0549507
0.0549502
0.0549496
0.0549486
0.0549474
0.0549459
0.054944
0.0549418
0.0549391
0.0549359
0.0549322
0.0549278
0.0549226
0.0549166
0.0549096
0.0549014
0.054892
0.0548812
0.0548687
0.0548544
0.0548381
0.0548197
0.0547988
0.0547754
0.0547493
0.0547203
0.0546885
0.0546539
0.0546161
0.0626465
0.0626878
0.0627255
0.06276
0.0627915
0.0628198
0.0628453
0.0628679
0.0628879
0.0629056
0.0629211
0.0629347
0.0629465
0.0629567
0.0629656
0.0629732
0.0629798
0.0629854
0.0629902
0.0629943
0.0629978
0.0630007
0.0630032
0.0630052
0.0630069
0.0630082
0.0630092
0.0630099
0.0630104
0.0630107
0.0630107
0.0630104
0.0630099
0.0630092
0.0630082
0.0630069
0.0630052
0.0630032
0.0630007
0.0629978
0.0629943
0.0629902
0.0629854
0.0629798
0.0629732
0.0629656
0.0629567
0.0629465
0.0629347
0.0629211
0.0629056
0.0628879
0.0628679
0.0628453
0.0628198
0.0627915
0.06276
0.0627255
0.0626878
0.0626465
0.0709773
0.0710219
0.0710625
0.0710996
0.0711334
0.0711638
0.0711911
0.0712154
0.071237
0.071256
0.0712727
0.0712873
0.0713
0.071311
0.0713206
0.0713288
0.0713359
0.071342
0.0713472
0.0713516
0.0713554
0.0713585
0.0713612
0.0713634
0.0713652
0.0713666
0.0713677
0.0713685
0.071369
0.0713693
0.0713693
0.071369
0.0713685
0.0713677
0.0713666
0.0713652
0.0713634
0.0713612
0.0713585
0.0713554
0.0713516
0.0713472
0.071342
0.0713359
0.0713288
0.0713206
0.071311
0.0713
0.0712873
0.0712727
0.071256
0.071237
0.0712154
0.0711911
0.0711638
0.0711334
0.0710996
0.0710625
0.0710219
0.0709773
0.0795472
0.0795949
0.0796383
0.0796779
0.0797139
0.0797464
0.0797756
0.0798015
0.0798245
0.0798448
0.0798627
0.0798783
0.0798919
0.0799037
0.0799139
0.0799228
0.0799304
0.0799369
0.0799425
0.0799472
0.0799513
0.0799547
0.0799575
0.0799599
0.0799618
0.0799633
0.0799645
0.0799654
0.079966
0.0799662
0.0799662
0.079966
0.0799654
0.0799645
0.0799633
0.0799618
0.0799599
0.0799575
0.0799547
0.0799513
0.0799472
0.0799425
0.0799369
0.0799304
0.0799228
0.0799139
0.0799037
0.0798919
0.0798783
0.0798627
0.0798448
0.0798245
0.0798015
0.0797756
0.0797464
0.0797139
0.0796779
0.0796383
0.0795949
0.0795472
0.0883201
0.0883709
0.088417
0.0884591
0.0884973
0.0885318
0.0885628
0.0885903
0.0886148
0.0886364
0.0886554
0.088672
0.0886865
0.088699
0.08871
0.0887194
0.0887275
0.0887345
0.0887404
0.0887455
0.0887498
0.0887535
0.0887565
0.0887591
0.0887611
0.0887628
0.0887641
0.088765
0.0887656
0.0887659
0.0887659
0.0887656
0.088765
0.0887641
0.0887628
0.0887611
0.0887591
0.0887565
0.0887535
0.0887498
0.0887455
0.0887404
0.0887345
0.0887275
0.0887194
0.08871
0.088699
0.0886865
0.088672
0.0886554
0.0886364
0.0886148
0.0885903
0.0885628
0.0885318
0.0884973
0.0884591
0.088417
0.0883709
0.0883201
0.0972749
0.0973287
0.0973775
0.097422
0.0974624
0.0974989
0.0975316
0.0975608
0.0975867
0.0976096
0.0976297
0.0976473
0.0976627
0.097676
0.0976876
0.0976976
0.0977063
0.0977137
0.0977201
0.0977255
0.0977301
0.097734
0.0977372
0.0977399
0.0977421
0.0977439
0.0977453
0.0977463
0.0977469
0.0977472
0.0977472
0.0977469
0.0977463
0.0977453
0.0977439
0.0977421
0.0977399
0.0977372
0.097734
0.0977301
0.0977255
0.0977201
0.0977137
0.0977063
0.0976976
0.0976876
0.097676
0.0976627
0.0976473
0.0976297
0.0976096
0.0975867
0.0975608
0.0975316
0.0974989
0.0974624
0.097422
0.0973775
0.0973287
0.0972749
0.106398
0.106455
0.106507
0.106554
0.106596
0.106635
0.106669
0.1067
0.106727
0.106751
0.106773
0.106791
0.106807
0.106822
0.106834
0.106845
0.106854
0.106862
0.106868
0.106874
0.106879
0.106883
0.106887
0.106889
0.106892
0.106894
0.106895
0.106896
0.106897
0.106897
0.106897
0.106897
0.106896
0.106895
0.106894
0.106892
0.106889
0.106887
0.106883
0.106879
0.106874
0.106868
0.106862
0.106854
0.106845
0.106834
0.106822
0.106807
0.106791
0.106773
0.106751
0.106727
0.1067
0.106669
0.106635
0.106596
0.106554
0.106507
0.106455
0.106398
0.115682
0.115741
0.115796
0.115845
0.11589
0.11593
0.115966
0.115999
0.116027
0.116053
0.116075
0.116095
0.116112
0.116127
0.11614
0.116151
0.116161
0.116169
0.116177
0.116183
0.116188
0.116192
0.116196
0.116199
0.116201
0.116203
0.116205
0.116206
0.116207
0.116207
0.116207
0.116207
0.116206
0.116205
0.116203
0.116201
0.116199
0.116196
0.116192
0.116188
0.116183
0.116177
0.116169
0.116161
0.116151
0.11614
0.116127
0.116112
0.116095
0.116075
0.116053
0.116027
0.115999
0.115966
0.11593
0.11589
0.115845
0.115796
0.115741
0.115682
0.125119
0.125182
0.125238
0.12529
0.125337
0.125379
0.125417
0.125451
0.125481
0.125508
0.125532
0.125552
0.125571
0.125586
0.1256
0.125612
0.125622
0.125631
0.125638
0.125645
0.12565
0.125655
0.125659
0.125662
0.125665
0.125667
0.125669
0.12567
0.125671
0.125671
0.125671
0.125671
0.12567
0.125669
0.125667
0.125665
0.125662
0.125659
0.125655
0.12565
0.125645
0.125638
0.125631
0.125622
0.125612
0.1256
0.125586
0.125571
0.125552
0.125532
0.125508
0.125481
0.125451
0.125417
0.125379
0.125337
0.12529
0.125238
0.125182
0.125119
0.134705
0.13477
0.13483
0.134884
0.134933
0.134977
0.135017
0.135053
0.135084
0.135112
0.135137
0.135159
0.135178
0.135194
0.135209
0.135221
0.135232
0.135241
0.135249
0.135256
0.135262
0.135267
0.135271
0.135274
0.135277
0.13528
0.135281
0.135283
0.135283
0.135284
0.135284
0.135283
0.135283
0.135281
0.13528
0.135277
0.135274
0.135271
0.135267
0.135262
0.135256
0.135249
0.135241
0.135232
0.135221
0.135209
0.135194
0.135178
0.135159
0.135137
0.135112
0.135084
0.135053
0.135017
0.134977
0.134933
0.134884
0.13483
0.13477
0.134705
0.144436
0.144504
0.144566
0.144623
0.144674
0.14472
0.144762
0.144799
0.144832
0.144861
0.144887
0.14491
0.14493
0.144947
0.144962
0.144976
0.144987
0.144997
0.145005
0.145012
0.145019
0.145024
0.145028
0.145032
0.145035
0.145037
0.145039
0.14504
0.145041
0.145042
0.145042
0.145041
0.14504
0.145039
0.145037
0.145035
0.145032
0.145028
0.145024
0.145019
0.145012
0.145005
0.144997
0.144987
0.144976
0.144962
0.144947
0.14493
0.14491
0.144887
0.144861
0.144832
0.144799
0.144762
0.14472
0.144674
0.144623
0.144566
0.144504
0.144436
0.154309
0.15438
0.154445
0.154503
0.154557
0.154605
0.154648
0.154687
0.154721
0.154752
0.154779
0.154803
0.154824
0.154842
0.154858
0.154872
0.154884
0.154894
0.154903
0.15491
0.154917
0.154922
0.154927
0.154931
0.154934
0.154936
0.154938
0.15494
0.154941
0.154941
0.154941
0.154941
0.15494
0.154938
0.154936
0.154934
0.154931
0.154927
0.154922
0.154917
0.15491
0.154903
0.154894
0.154884
0.154872
0.154858
0.154842
0.154824
0.154803
0.154779
0.154752
0.154721
0.154687
0.154648
0.154605
0.154557
0.154503
0.154445
0.15438
0.154309
0.164321
0.164395
0.164462
0.164523
0.164578
0.164628
0.164673
0.164713
0.164749
0.164781
0.16481
0.164834
0.164856
0.164875
0.164892
0.164906
0.164919
0.16493
0.164939
0.164947
0.164954
0.16496
0.164964
0.164969
0.164972
0.164974
0.164977
0.164978
0.164979
0.16498
0.16498
0.164979
0.164978
0.164977
0.164974
0.164972
0.164969
0.164964
0.16496
0.164954
0.164947
0.164939
0.16493
0.164919
0.164906
0.164892
0.164875
0.164856
0.164834
0.16481
0.164781
0.164749
0.164713
0.164673
0.164628
0.164578
0.164523
0.164462
0.164395
0.164321
0.174469
0.174545
0.174615
0.174678
0.174735
0.174787
0.174834
0.174876
0.174914
0.174947
0.174976
0.175002
0.175025
0.175045
0.175062
0.175077
0.17509
0.175102
0.175112
0.17512
0.175127
0.175133
0.175138
0.175142
0.175146
0.175149
0.175151
0.175152
0.175154
0.175154
0.175154
0.175154
0.175152
0.175151
0.175149
0.175146
0.175142
0.175138
0.175133
0.175127
0.17512
0.175112
0.175102
0.17509
0.175077
0.175062
0.175045
0.175025
0.175002
0.174976
0.174947
0.174914
0.174876
0.174834
0.174787
0.174735
0.174678
0.174615
0.174545
0.174469
0.184751
0.18483
0.184901
0.184967
0.185026
0.18508
0.185129
0.185172
0.185211
0.185246
0.185276
0.185303
0.185327
0.185348
0.185366
0.185382
0.185395
0.185407
0.185418
0.185426
0.185434
0.18544
0.185446
0.18545
0.185454
0.185457
0.185459
0.185461
0.185462
0.185462
0.185462
0.185462
0.185461
0.185459
0.185457
0.185454
0.18545
0.185446
0.18544
0.185434
0.185426
0.185418
0.185407
0.185395
0.185382
0.185366
0.185348
0.185327
0.185303
0.185276
0.185246
0.185211
0.185172
0.185129
0.18508
0.185026
0.184967
0.184901
0.18483
0.184751
0.195164
0.195245
0.19532
0.195387
0.195449
0.195504
0.195555
0.1956
0.19564
0.195676
0.195708
0.195736
0.195761
0.195782
0.195801
0.195818
0.195832
0.195844
0.195855
0.195864
0.195872
0.195879
0.195884
0.195889
0.195893
0.195896
0.195898
0.1959
0.195901
0.195902
0.195902
0.195901
0.1959
0.195898
0.195896
0.195893
0.195889
0.195884
0.195879
0.195872
0.195864
0.195855
0.195844
0.195832
0.195818
0.195801
0.195782
0.195761
0.195736
0.195708
0.195676
0.19564
0.1956
0.195555
0.195504
0.195449
0.195387
0.19532
0.195245
0.195164
0.205707
0.205791
0.205867
0.205937
0.206
0.206058
0.20611
0.206157
0.206198
0.206235
0.206268
0.206298
0.206323
0.206346
0.206365
0.206383
0.206398
0.20641
0.206422
0.206431
0.206439
0.206446
0.206452
0.206457
0.206461
0.206465
0.206467
0.206469
0.20647
0.206471
0.206471
0.20647
0.206469
0.206467
0.206465
0.206461
0.206457
0.206452
0.206446
0.206439
0.206431
0.206422
0.20641
0.206398
0.206383
0.206365
0.206346
0.206323
0.206298
0.206268
0.206235
0.206198
0.206157
0.20611
0.206058
0.206
0.205937
0.205867
0.205791
0.205707
0.216377
0.216463
0.216542
0.216614
0.216679
0.216739
0.216792
0.21684
0.216884
0.216922
0.216956
0.216986
0.217013
0.217036
0.217057
0.217075
0.21709
0.217104
0.217115
0.217126
0.217134
0.217141
0.217148
0.217153
0.217157
0.21716
0.217163
0.217165
0.217166
0.217167
0.217167
0.217166
0.217165
0.217163
0.21716
0.217157
0.217153
0.217148
0.217141
0.217134
0.217126
0.217115
0.217104
0.21709
0.217075
0.217057
0.217036
0.217013
0.216986
0.216956
0.216922
0.216884
0.21684
0.216792
0.216739
0.216679
0.216614
0.216542
0.216463
0.216377
0.227173
0.227261
0.227342
0.227416
0.227483
0.227545
0.2276
0.22765
0.227694
0.227734
0.227769
0.2278
0.227828
0.227852
0.227874
0.227892
0.227908
0.227922
0.227935
0.227945
0.227954
0.227962
0.227968
0.227973
0.227978
0.227981
0.227984
0.227986
0.227988
0.227988
0.227988
0.227988
0.227986
0.227984
0.227981
0.227978
0.227973
0.227968
0.227962
0.227954
0.227945
0.227935
0.227922
0.227908
0.227892
0.227874
0.227852
0.227828
0.2278
0.227769
0.227734
0.227694
0.22765
0.2276
0.227545
0.227483
0.227416
0.227342
0.227261
0.227173
0.238092
0.238183
0.238266
0.238342
0.238411
0.238474
0.238531
0.238582
0.238628
0.238669
0.238706
0.238738
0.238766
0.238792
0.238814
0.238833
0.23885
0.238864
0.238877
0.238888
0.238897
0.238905
0.238912
0.238918
0.238922
0.238926
0.238929
0.238931
0.238932
0.238933
0.238933
0.238932
0.238931
0.238929
0.238926
0.238922
0.238918
0.238912
0.238905
0.238897
0.238888
0.238877
0.238864
0.23885
0.238833
0.238814
0.238792
0.238766
0.238738
0.238706
0.238669
0.238628
0.238582
0.238531
0.238474
0.238411
0.238342
0.238266
0.238183
0.238092
0.249134
0.249227
0.249312
0.249389
0.249461
0.249525
0.249584
0.249636
0.249684
0.249726
0.249764
0.249797
0.249826
0.249852
0.249875
0.249895
0.249913
0.249928
0.249941
0.249953
0.249962
0.249971
0.249978
0.249983
0.249988
0.249992
0.249995
0.249997
0.249999
0.25
0.25
0.249999
0.249997
0.249995
0.249992
0.249988
0.249983
0.249978
0.249971
0.249962
0.249953
0.249941
0.249928
0.249913
0.249895
0.249875
0.249852
0.249826
0.249797
0.249764
0.249726
0.249684
0.249636
0.249584
0.249525
0.249461
0.249389
0.249312
0.249227
0.249134
0.260296
0.260391
0.260478
0.260557
0.26063
0.260697
0.260757
0.260811
0.260859
0.260903
0.260942
0.260976
0.261007
0.261033
0.261057
0.261078
0.261096
0.261112
0.261125
0.261137
0.261147
0.261156
0.261163
0.261169
0.261174
0.261178
0.261182
0.261184
0.261185
0.261186
0.261186
0.261185
0.261184
0.261182
0.261178
0.261174
0.261169
0.261163
0.261156
0.261147
0.261137
0.261125
0.261112
0.261096
0.261078
0.261057
0.261033
0.261007
0.260976
0.260942
0.260903
0.260859
0.260811
0.260757
0.260697
0.26063
0.260557
0.260478
0.260391
0.260296
0.271577
0.271674
0.271762
0.271844
0.271919
0.271987
0.272048
0.272104
0.272154
0.272198
0.272238
0.272274
0.272305
0.272333
0.272357
0.272379
0.272398
0.272414
0.272428
0.27244
0.272451
0.27246
0.272467
0.272474
0.272479
0.272483
0.272487
0.272489
0.272491
0.272491
0.272491
0.272491
0.272489
0.272487
0.272483
0.272479
0.272474
0.272467
0.27246
0.272451
0.27244
0.272428
0.272414
0.272398
0.272379
0.272357
0.272333
0.272305
0.272274
0.272238
0.272198
0.272154
0.272104
0.272048
0.271987
0.271919
0.271844
0.271762
0.271674
0.271577
0.282976
0.283074
0.283165
0.283248
0.283324
0.283394
0.283457
0.283514
0.283565
0.283611
0.283652
0.283688
0.283721
0.283749
0.283775
0.283797
0.283816
0.283833
0.283848
0.283861
0.283871
0.283881
0.283889
0.283895
0.283901
0.283905
0.283909
0.283911
0.283913
0.283914
0.283914
0.283913
0.283911
0.283909
0.283905
0.283901
0.283895
0.283889
0.283881
0.283871
0.283861
0.283848
0.283833
0.283816
0.283797
0.283775
0.283749
0.283721
0.283688
0.283652
0.283611
0.283565
0.283514
0.283457
0.283394
0.283324
0.283248
0.283165
0.283074
0.282976
0.294491
0.294591
0.294683
0.294768
0.294846
0.294917
0.294982
0.29504
0.295092
0.295139
0.295182
0.295219
0.295252
0.295282
0.295308
0.295331
0.295351
0.295368
0.295384
0.295397
0.295408
0.295418
0.295426
0.295433
0.295439
0.295443
0.295447
0.295449
0.295451
0.295452
0.295452
0.295451
0.295449
0.295447
0.295443
0.295439
0.295433
0.295426
0.295418
0.295408
0.295397
0.295384
0.295368
0.295351
0.295331
0.295308
0.295282
0.295252
0.295219
0.295182
0.295139
0.295092
0.29504
0.294982
0.294917
0.294846
0.294768
0.294683
0.294591
0.294491
0.306121
0.306223
0.306317
0.306404
0.306483
0.306555
0.306621
0.306681
0.306735
0.306783
0.306826
0.306864
0.306899
0.306929
0.306956
0.306979
0.307
0.307018
0.307034
0.307047
0.307059
0.307069
0.307078
0.307085
0.307091
0.307096
0.307099
0.307102
0.307104
0.307105
0.307105
0.307104
0.307102
0.307099
0.307096
0.307091
0.307085
0.307078
0.307069
0.307059
0.307047
0.307034
0.307018
0.307
0.306979
0.306956
0.306929
0.306899
0.306864
0.306826
0.306783
0.306735
0.306681
0.306621
0.306555
0.306483
0.306404
0.306317
0.306223
0.306121
0.317866
0.317969
0.318065
0.318153
0.318234
0.318308
0.318375
0.318436
0.31849
0.31854
0.318584
0.318624
0.318659
0.31869
0.318717
0.318742
0.318763
0.318782
0.318798
0.318812
0.318824
0.318834
0.318843
0.318851
0.318857
0.318862
0.318866
0.318869
0.31887
0.318871
0.318871
0.31887
0.318869
0.318866
0.318862
0.318857
0.318851
0.318843
0.318834
0.318824
0.318812
0.318798
0.318782
0.318763
0.318742
0.318717
0.31869
0.318659
0.318624
0.318584
0.31854
0.31849
0.318436
0.318375
0.318308
0.318234
0.318153
0.318065
0.317969
0.317866
0.329724
0.329829
0.329926
0.330016
0.330098
0.330173
0.330241
0.330303
0.330359
0.33041
0.330455
0.330495
0.330532
0.330563
0.330592
0.330617
0.330639
0.330658
0.330675
0.330689
0.330702
0.330712
0.330722
0.330729
0.330736
0.330741
0.330745
0.330748
0.33075
0.330751
0.330751
0.33075
0.330748
0.330745
0.330741
0.330736
0.330729
0.330722
0.330712
0.330702
0.330689
0.330675
0.330658
0.330639
0.330617
0.330592
0.330563
0.330532
0.330495
0.330455
0.33041
0.330359
0.330303
0.330241
0.330173
0.330098
0.330016
0.329926
0.329829
0.329724
0.341695
0.341802
0.3419
0.341991
0.342074
0.342151
0.34222
0.342283
0.342341
0.342392
0.342438
0.34248
0.342516
0.342549
0.342578
0.342604
0.342626
0.342646
0.342664
0.342678
0.342691
0.342703
0.342712
0.34272
0.342727
0.342732
0.342736
0.342739
0.342741
0.342742
0.342742
0.342741
0.342739
0.342736
0.342732
0.342727
0.34272
0.342712
0.342703
0.342691
0.342678
0.342664
0.342646
0.342626
0.342604
0.342578
0.342549
0.342516
0.34248
0.342438
0.342392
0.342341
0.342283
0.34222
0.342151
0.342074
0.341991
0.3419
0.341802
0.341695
0.353779
0.353887
0.353986
0.354078
0.354163
0.35424
0.354311
0.354375
0.354434
0.354486
0.354533
0.354575
0.354613
0.354647
0.354676
0.354703
0.354726
0.354746
0.354764
0.354779
0.354793
0.354804
0.354814
0.354822
0.354829
0.354835
0.354839
0.354842
0.354844
0.354845
0.354845
0.354844
0.354842
0.354839
0.354835
0.354829
0.354822
0.354814
0.354804
0.354793
0.354779
0.354764
0.354746
0.354726
0.354703
0.354676
0.354647
0.354613
0.354575
0.354533
0.354486
0.354434
0.354375
0.354311
0.35424
0.354163
0.354078
0.353986
0.353887
0.353779
0.365975
0.366083
0.366184
0.366277
0.366363
0.366442
0.366514
0.366579
0.366638
0.366691
0.366739
0.366783
0.366821
0.366855
0.366886
0.366913
0.366937
0.366957
0.366976
0.366992
0.367005
0.367017
0.367027
0.367036
0.367043
0.367048
0.367053
0.367056
0.367058
0.367059
0.367059
0.367058
0.367056
0.367053
0.367048
0.367043
0.367036
0.367027
0.367017
0.367005
0.366992
0.366976
0.366957
0.366937
0.366913
0.366886
0.366855
0.366821
0.366783
0.366739
0.366691
0.366638
0.366579
0.366514
0.366442
0.366363
0.366277
0.366184
0.366083
0.365975
0.378283
0.378392
0.378494
0.378588
0.378675
0.378755
0.378827
0.378894
0.378954
0.379008
0.379057
0.379101
0.37914
0.379175
0.379206
0.379234
0.379258
0.37928
0.379298
0.379315
0.379329
0.379341
0.379351
0.37936
0.379367
0.379373
0.379378
0.379381
0.379383
0.379385
0.379385
0.379383
0.379381
0.379378
0.379373
0.379367
0.37936
0.379351
0.379341
0.379329
0.379315
0.379298
0.37928
0.379258
0.379234
0.379206
0.379175
0.37914
0.379101
0.379057
0.379008
0.378954
0.378894
0.378827
0.378755
0.378675
0.378588
0.378494
0.378392
0.378283
0.390703
0.390813
0.390916
0.391011
0.391099
0.391179
0.391253
0.39132
0.391381
0.391436
0.391486
0.391531
0.391571
0.391606
0.391638
0.391666
0.391691
0.391713
0.391732
0.391749
0.391764
0.391776
0.391787
0.391796
0.391803
0.391809
0.391814
0.391818
0.39182
0.391821
0.391821
0.39182
0.391818
0.391814
0.391809
0.391803
0.391796
0.391787
0.391776
0.391764
0.391749
0.391732
0.391713
0.391691
0.391666
0.391638
0.391606
0.391571
0.391531
0.391486
0.391436
0.391381
0.39132
0.391253
0.391179
0.391099
0.391011
0.390916
0.390813
0.390703
0.403236
0.403347
0.40345
0.403546
0.403635
0.403716
0.40379
0.403858
0.40392
0.403976
0.404026
0.404072
0.404113
0.404149
0.404181
0.40421
0.404236
0.404258
0.404278
0.404295
0.40431
0.404323
0.404334
0.404343
0.404351
0.404357
0.404362
0.404365
0.404368
0.404369
0.404369
0.404368
0.404365
0.404362
0.404357
0.404351
0.404343
0.404334
0.404323
0.40431
0.404295
0.404278
0.404258
0.404236
0.40421
0.404181
0.404149
0.404113
0.404072
0.404026
0.403976
0.40392
0.403858
0.40379
0.403716
0.403635
0.403546
0.40345
0.403347
0.403236
0.415882
0.415993
0.416097
0.416194
0.416283
0.416365
0.41644
0.416509
0.416571
0.416628
0.416679
0.416725
0.416767
0.416804
0.416837
0.416866
0.416892
0.416915
0.416935
0.416953
0.416968
0.416981
0.416992
0.417002
0.41701
0.417016
0.417021
0.417025
0.417027
0.417029
0.417029
0.417027
0.417025
0.417021
0.417016
0.41701
0.417002
0.416992
0.416981
0.416968
0.416953
0.416935
0.416915
0.416892
0.416866
0.416837
0.416804
0.416767
0.416725
0.416679
0.416628
0.416571
0.416509
0.41644
0.416365
0.416283
0.416194
0.416097
0.415993
0.415882
0.428642
0.428754
0.428858
0.428955
0.429045
0.429128
0.429204
0.429273
0.429336
0.429393
0.429445
0.429492
0.429534
0.429572
0.429605
0.429635
0.429661
0.429685
0.429705
0.429723
0.429739
0.429752
0.429764
0.429774
0.429782
0.429788
0.429793
0.429797
0.4298
0.429801
0.429801
0.4298
0.429797
0.429793
0.429788
0.429782
0.429774
0.429764
0.429752
0.429739
0.429723
0.429705
0.429685
0.429661
0.429635
0.429605
0.429572
0.429534
0.429492
0.429445
0.429393
0.429336
0.429273
0.429204
0.429128
0.429045
0.428955
0.428858
0.428754
0.428642
0.441517
0.441629
0.441734
0.441832
0.441922
0.442005
0.442081
0.442151
0.442215
0.442273
0.442325
0.442373
0.442415
0.442453
0.442487
0.442518
0.442545
0.442568
0.442589
0.442608
0.442624
0.442637
0.442649
0.442659
0.442668
0.442674
0.44268
0.442683
0.442686
0.442687
0.442687
0.442686
0.442683
0.44268
0.442674
0.442668
0.442659
0.442649
0.442637
0.442624
0.442608
0.442589
0.442568
0.442545
0.442518
0.442487
0.442453
0.442415
0.442373
0.442325
0.442273
0.442215
0.442151
0.442081
0.442005
0.441922
0.441832
0.441734
0.441629
0.441517
0.454509
0.454622
0.454727
0.454824
0.454915
0.454998
0.455075
0.455146
0.45521
0.455268
0.455321
0.455369
0.455412
0.45545
0.455485
0.455516
0.455543
0.455567
0.455589
0.455607
0.455624
0.455638
0.45565
0.45566
0.455669
0.455675
0.455681
0.455685
0.455687
0.455689
0.455689
0.455687
0.455685
0.455681
0.455675
0.455669
0.45566
0.45565
0.455638
0.455624
0.455607
0.455589
0.455567
0.455543
0.455516
0.455485
0.45545
0.455412
0.455369
0.455321
0.455268
0.45521
0.455146
0.455075
0.454998
0.454915
0.454824
0.454727
0.454622
0.454509
0.467619
0.467732
0.467837
0.467935
0.468026
0.46811
0.468187
0.468257
0.468322
0.468381
0.468434
0.468482
0.468526
0.468565
0.4686
0.468631
0.468659
0.468683
0.468705
0.468724
0.468741
0.468755
0.468767
0.468778
0.468786
0.468793
0.468799
0.468803
0.468806
0.468807
0.468807
0.468806
0.468803
0.468799
0.468793
0.468786
0.468778
0.468767
0.468755
0.468741
0.468724
0.468705
0.468683
0.468659
0.468631
0.4686
0.468565
0.468526
0.468482
0.468434
0.468381
0.468322
0.468257
0.468187
0.46811
0.468026
0.467935
0.467837
0.467732
0.467619
0.48085
0.480963
0.481068
0.481166
0.481257
0.481341
0.481418
0.481489
0.481554
0.481613
0.481666
0.481715
0.481759
0.481798
0.481834
0.481865
0.481893
0.481918
0.48194
0.48196
0.481977
0.481991
0.482004
0.482014
0.482023
0.48203
0.482036
0.48204
0.482043
0.482044
0.482044
0.482043
0.48204
0.482036
0.48203
0.482023
0.482014
0.482004
0.481991
0.481977
0.48196
0.48194
0.481918
0.481893
0.481865
0.481834
0.481798
0.481759
0.481715
0.481666
0.481613
0.481554
0.481489
0.481418
0.481341
0.481257
0.481166
0.481068
0.480963
0.48085
0.494205
0.494317
0.494422
0.494519
0.49461
0.494694
0.494771
0.494842
0.494907
0.494967
0.495021
0.49507
0.495114
0.495154
0.495189
0.495221
0.49525
0.495275
0.495297
0.495317
0.495334
0.495349
0.495361
0.495372
0.495381
0.495389
0.495394
0.495398
0.495401
0.495403
0.495403
0.495401
0.495398
0.495394
0.495389
0.495381
0.495372
0.495361
0.495349
0.495334
0.495317
0.495297
0.495275
0.49525
0.495221
0.495189
0.495154
0.495114
0.49507
0.495021
0.494967
0.494907
0.494842
0.494771
0.494694
0.49461
0.494519
0.494422
0.494317
0.494205
0.507685
0.507796
0.507901
0.507998
0.508089
0.508172
0.50825
0.508321
0.508386
0.508445
0.5085
0.508549
0.508593
0.508633
0.508669
0.508701
0.50873
0.508756
0.508778
0.508798
0.508815
0.50883
0.508843
0.508854
0.508863
0.508871
0.508877
0.508881
0.508884
0.508885
0.508885
0.508884
0.508881
0.508877
0.508871
0.508863
0.508854
0.508843
0.50883
0.508815
0.508798
0.508778
0.508756
0.50873
0.508701
0.508669
0.508633
0.508593
0.508549
0.5085
0.508445
0.508386
0.508321
0.50825
0.508172
0.508089
0.507998
0.507901
0.507796
0.507685
0.521294
0.521405
0.521509
0.521606
0.521696
0.521779
0.521856
0.521927
0.521992
0.522052
0.522106
0.522156
0.5222
0.52224
0.522277
0.522309
0.522338
0.522364
0.522386
0.522406
0.522424
0.522439
0.522452
0.522463
0.522473
0.52248
0.522486
0.522491
0.522493
0.522495
0.522495
0.522493
0.522491
0.522486
0.52248
0.522473
0.522463
0.522452
0.522439
0.522424
0.522406
0.522386
0.522364
0.522338
0.522309
0.522277
0.52224
0.5222
0.522156
0.522106
0.522052
0.521992
0.521927
0.521856
0.521779
0.521696
0.521606
0.521509
0.521405
0.521294
0.535036
0.535146
0.535249
0.535346
0.535435
0.535518
0.535595
0.535666
0.535731
0.53579
0.535844
0.535894
0.535938
0.535979
0.536015
0.536048
0.536077
0.536103
0.536126
0.536146
0.536164
0.536179
0.536192
0.536203
0.536213
0.536221
0.536227
0.536231
0.536234
0.536235
0.536235
0.536234
0.536231
0.536227
0.536221
0.536213
0.536203
0.536192
0.536179
0.536164
0.536146
0.536126
0.536103
0.536077
0.536048
0.536015
0.535979
0.535938
0.535894
0.535844
0.53579
0.535731
0.535666
0.535595
0.535518
0.535435
0.535346
0.535249
0.535146
0.535036
0.548916
0.549024
0.549127
0.549222
0.549311
0.549394
0.54947
0.54954
0.549605
0.549664
0.549718
0.549768
0.549812
0.549853
0.549889
0.549922
0.549951
0.549977
0.55
0.55002
0.550038
0.550054
0.550067
0.550079
0.550088
0.550096
0.550102
0.550106
0.550109
0.550111
0.550111
0.550109
0.550106
0.550102
0.550096
0.550088
0.550079
0.550067
0.550054
0.550038
0.55002
0.55
0.549977
0.549951
0.549922
0.549889
0.549853
0.549812
0.549768
0.549718
0.549664
0.549605
0.54954
0.54947
0.549394
0.549311
0.549222
0.549127
0.549024
0.548916
0.562937
0.563044
0.563145
0.56324
0.563328
0.56341
0.563485
0.563555
0.56362
0.563679
0.563733
0.563782
0.563826
0.563867
0.563903
0.563936
0.563965
0.563991
0.564014
0.564035
0.564053
0.564068
0.564082
0.564093
0.564103
0.56411
0.564117
0.564121
0.564124
0.564126
0.564126
0.564124
0.564121
0.564117
0.56411
0.564103
0.564093
0.564082
0.564068
0.564053
0.564035
0.564014
0.563991
0.563965
0.563936
0.563903
0.563867
0.563826
0.563782
0.563733
0.563679
0.56362
0.563555
0.563485
0.56341
0.563328
0.56324
0.563145
0.563044
0.562937
0.577105
0.577211
0.577311
0.577404
0.577491
0.577572
0.577647
0.577716
0.57778
0.577839
0.577892
0.577941
0.577985
0.578026
0.578062
0.578094
0.578124
0.57815
0.578173
0.578194
0.578212
0.578227
0.578241
0.578252
0.578262
0.57827
0.578276
0.57828
0.578283
0.578285
0.578285
0.578283
0.57828
0.578276
0.57827
0.578262
0.578252
0.578241
0.578227
0.578212
0.578194
0.578173
0.57815
0.578124
0.578094
0.578062
0.578026
0.577985
0.577941
0.577892
0.577839
0.57778
0.577716
0.577647
0.577572
0.577491
0.577404
0.577311
0.577211
0.577105
0.591426
0.59153
0.591628
0.59172
0.591806
0.591886
0.59196
0.592029
0.592092
0.59215
0.592203
0.592251
0.592295
0.592335
0.592371
0.592404
0.592433
0.592459
0.592482
0.592503
0.592521
0.592537
0.59255
0.592562
0.592571
0.592579
0.592585
0.59259
0.592593
0.592595
0.592595
0.592593
0.59259
0.592585
0.592579
0.592571
0.592562
0.59255
0.592537
0.592521
0.592503
0.592482
0.592459
0.592433
0.592404
0.592371
0.592335
0.592295
0.592251
0.592203
0.59215
0.592092
0.592029
0.59196
0.591886
0.591806
0.59172
0.591628
0.59153
0.591426
0.605905
0.606008
0.606104
0.606195
0.606279
0.606358
0.606431
0.606499
0.606561
0.606618
0.606671
0.606719
0.606763
0.606802
0.606838
0.606871
0.6069
0.606926
0.606949
0.606969
0.606987
0.607003
0.607016
0.607028
0.607037
0.607045
0.607052
0.607056
0.607059
0.607061
0.607061
0.607059
0.607056
0.607052
0.607045
0.607037
0.607028
0.607016
0.607003
0.606987
0.606969
0.606949
0.606926
0.6069
0.606871
0.606838
0.606802
0.606763
0.606719
0.606671
0.606618
0.606561
0.606499
0.606431
0.606358
0.606279
0.606195
0.606104
0.606008
0.605905
0.620551
0.620652
0.620746
0.620835
0.620918
0.620995
0.621067
0.621134
0.621195
0.621252
0.621304
0.621351
0.621394
0.621433
0.621469
0.621501
0.62153
0.621556
0.621579
0.621599
0.621617
0.621632
0.621646
0.621657
0.621667
0.621675
0.621681
0.621686
0.621689
0.62169
0.62169
0.621689
0.621686
0.621681
0.621675
0.621667
0.621657
0.621646
0.621632
0.621617
0.621599
0.621579
0.621556
0.62153
0.621501
0.621469
0.621433
0.621394
0.621351
0.621304
0.621252
0.621195
0.621134
0.621067
0.620995
0.620918
0.620835
0.620746
0.620652
0.620551
0.635371
0.635469
0.635562
0.635649
0.63573
0.635806
0.635876
0.635941
0.636002
0.636057
0.636108
0.636155
0.636197
0.636236
0.636271
0.636303
0.636331
0.636357
0.63638
0.6364
0.636418
0.636433
0.636447
0.636458
0.636468
0.636475
0.636482
0.636486
0.636489
0.636491
0.636491
0.636489
0.636486
0.636482
0.636475
0.636468
0.636458
0.636447
0.636433
0.636418
0.6364
0.63638
0.636357
0.636331
0.636303
0.636271
0.636236
0.636197
0.636155
0.636108
0.636057
0.636002
0.635941
0.635876
0.635806
0.63573
0.635649
0.635562
0.635469
0.635371
0.650373
0.650469
0.650559
0.650644
0.650723
0.650797
0.650866
0.65093
0.650989
0.651043
0.651093
0.651139
0.651181
0.651219
0.651254
0.651285
0.651313
0.651338
0.651361
0.651381
0.651398
0.651414
0.651427
0.651438
0.651448
0.651455
0.651462
0.651466
0.651469
0.651471
0.651471
0.651469
0.651466
0.651462
0.651455
0.651448
0.651438
0.651427
0.651414
0.651398
0.651381
0.651361
0.651338
0.651313
0.651285
0.651254
0.651219
0.651181
0.651139
0.651093
0.651043
0.650989
0.65093
0.650866
0.650797
0.650723
0.650644
0.650559
0.650469
0.650373
0.665567
0.66566
0.665747
0.66583
0.665907
0.665979
0.666046
0.666109
0.666166
0.666219
0.666268
0.666313
0.666354
0.666391
0.666425
0.666456
0.666484
0.666508
0.666531
0.66655
0.666567
0.666583
0.666596
0.666607
0.666616
0.666624
0.66663
0.666635
0.666638
0.666639
0.666639
0.666638
0.666635
0.66663
0.666624
0.666616
0.666607
0.666596
0.666583
0.666567
0.66655
0.666531
0.666508
0.666484
0.666456
0.666425
0.666391
0.666354
0.666313
0.666268
0.666219
0.666166
0.666109
0.666046
0.665979
0.665907
0.66583
0.665747
0.66566
0.665567
0.680962
0.681052
0.681137
0.681217
0.681292
0.681362
0.681427
0.681487
0.681544
0.681595
0.681643
0.681687
0.681727
0.681763
0.681796
0.681826
0.681853
0.681878
0.681899
0.681919
0.681936
0.68195
0.681963
0.681974
0.681984
0.681991
0.681997
0.682002
0.682004
0.682006
0.682006
0.682004
0.682002
0.681997
0.681991
0.681984
0.681974
0.681963
0.68195
0.681936
0.681919
0.681899
0.681878
0.681853
0.681826
0.681796
0.681763
0.681727
0.681687
0.681643
0.681595
0.681544
0.681487
0.681427
0.681362
0.681292
0.681217
0.681137
0.681052
0.680962
0.69657
0.696657
0.696739
0.696816
0.696888
0.696956
0.697019
0.697078
0.697132
0.697182
0.697228
0.697271
0.69731
0.697345
0.697377
0.697407
0.697433
0.697457
0.697478
0.697497
0.697513
0.697528
0.697541
0.697551
0.69756
0.697568
0.697574
0.697578
0.697581
0.697582
0.697582
0.697581
0.697578
0.697574
0.697568
0.69756
0.697551
0.697541
0.697528
0.697513
0.697497
0.697478
0.697457
0.697433
0.697407
0.697377
0.697345
0.69731
0.697271
0.697228
0.697182
0.697132
0.697078
0.697019
0.696956
0.696888
0.696816
0.696739
0.696657
0.69657
0.712402
0.712486
0.712564
0.712639
0.712708
0.712773
0.712834
0.712891
0.712943
0.712992
0.713036
0.713077
0.713115
0.71315
0.713181
0.713209
0.713235
0.713258
0.713278
0.713297
0.713313
0.713327
0.713339
0.71335
0.713359
0.713366
0.713372
0.713376
0.713379
0.71338
0.71338
0.713379
0.713376
0.713372
0.713366
0.713359
0.71335
0.713339
0.713327
0.713313
0.713297
0.713278
0.713258
0.713235
0.713209
0.713181
0.71315
0.713115
0.713077
0.713036
0.712992
0.712943
0.712891
0.712834
0.712773
0.712708
0.712639
0.712564
0.712486
0.712402
0.728472
0.728552
0.728627
0.728698
0.728765
0.728828
0.728886
0.72894
0.728991
0.729037
0.72908
0.72912
0.729156
0.729189
0.729219
0.729247
0.729271
0.729294
0.729314
0.729331
0.729347
0.729361
0.729373
0.729383
0.729391
0.729398
0.729404
0.729408
0.729411
0.729412
0.729412
0.729411
0.729408
0.729404
0.729398
0.729391
0.729383
0.729373
0.729361
0.729347
0.729331
0.729314
0.729294
0.729271
0.729247
0.729219
0.729189
0.729156
0.72912
0.72908
0.729037
0.728991
0.72894
0.728886
0.728828
0.728765
0.728698
0.728627
0.728552
0.728472
0.744794
0.74487
0.744942
0.745009
0.745073
0.745133
0.745188
0.74524
0.745288
0.745333
0.745374
0.745412
0.745446
0.745478
0.745507
0.745533
0.745557
0.745578
0.745598
0.745615
0.74563
0.745643
0.745655
0.745664
0.745673
0.745679
0.745685
0.745689
0.745691
0.745693
0.745693
0.745691
0.745689
0.745685
0.745679
0.745673
0.745664
0.745655
0.745643
0.74563
0.745615
0.745598
0.745578
0.745557
0.745533
0.745507
0.745478
0.745446
0.745412
0.745374
0.745333
0.745288
0.74524
0.745188
0.745133
0.745073
0.745009
0.744942
0.74487
0.744794
0.761383
0.761455
0.761523
0.761587
0.761647
0.761704
0.761756
0.761805
0.761851
0.761893
0.761933
0.761969
0.762002
0.762032
0.762059
0.762084
0.762107
0.762128
0.762146
0.762162
0.762177
0.762189
0.7622
0.76221
0.762218
0.762224
0.762229
0.762233
0.762236
0.762237
0.762237
0.762236
0.762233
0.762229
0.762224
0.762218
0.76221
0.7622
0.762189
0.762177
0.762162
0.762146
0.762128
0.762107
0.762084
0.762059
0.762032
0.762002
0.761969
0.761933
0.761893
0.761851
0.761805
0.761756
0.761704
0.761647
0.761587
0.761523
0.761455
0.761383
0.778256
0.778324
0.778387
0.778448
0.778504
0.778557
0.778607
0.778653
0.778696
0.778736
0.778773
0.778807
0.778838
0.778867
0.778893
0.778917
0.778938
0.778958
0.778975
0.778991
0.779004
0.779016
0.779027
0.779036
0.779043
0.77905
0.779055
0.779058
0.779061
0.779062
0.779062
0.779061
0.779058
0.779055
0.77905
0.779043
0.779036
0.779027
0.779016
0.779004
0.778991
0.778975
0.778958
0.778938
0.778917
0.778893
0.778867
0.778838
0.778807
0.778773
0.778736
0.778696
0.778653
0.778607
0.778557
0.778504
0.778448
0.778387
0.778324
0.778256
0.795431
0.795494
0.795554
0.79561
0.795663
0.795712
0.795758
0.795802
0.795842
0.795879
0.795914
0.795946
0.795975
0.796002
0.796026
0.796049
0.796069
0.796087
0.796103
0.796118
0.796131
0.796142
0.796152
0.796161
0.796168
0.796174
0.796178
0.796182
0.796184
0.796185
0.796185
0.796184
0.796182
0.796178
0.796174
0.796168
0.796161
0.796152
0.796142
0.796131
0.796118
0.796103
0.796087
0.796069
0.796049
0.796026
0.796002
0.795975
0.795946
0.795914
0.795879
0.795842
0.795802
0.795758
0.795712
0.795663
0.79561
0.795554
0.795494
0.795431
0.812928
0.812986
0.813041
0.813093
0.813142
0.813187
0.81323
0.81327
0.813308
0.813342
0.813374
0.813404
0.813431
0.813456
0.813479
0.813499
0.813518
0.813535
0.81355
0.813564
0.813576
0.813587
0.813596
0.813604
0.81361
0.813616
0.81362
0.813623
0.813625
0.813626
0.813626
0.813625
0.813623
0.81362
0.813616
0.81361
0.813604
0.813596
0.813587
0.813576
0.813564
0.81355
0.813535
0.813518
0.813499
0.813479
0.813456
0.813431
0.813404
0.813374
0.813342
0.813308
0.81327
0.81323
0.813187
0.813142
0.813093
0.813041
0.812986
0.812928
0.830768
0.830821
0.830871
0.830918
0.830963
0.831005
0.831044
0.83108
0.831115
0.831146
0.831176
0.831203
0.831228
0.83125
0.831271
0.83129
0.831308
0.831323
0.831337
0.83135
0.831361
0.831371
0.831379
0.831386
0.831392
0.831397
0.831401
0.831404
0.831406
0.831407
0.831407
0.831406
0.831404
0.831401
0.831397
0.831392
0.831386
0.831379
0.831371
0.831361
0.83135
0.831337
0.831323
0.831308
0.83129
0.831271
0.83125
0.831228
0.831203
0.831176
0.831146
0.831115
0.83108
0.831044
0.831005
0.830963
0.830918
0.830871
0.830821
0.830768
0.848974
0.849021
0.849066
0.849109
0.849149
0.849187
0.849222
0.849255
0.849286
0.849314
0.849341
0.849365
0.849388
0.849409
0.849427
0.849445
0.84946
0.849474
0.849487
0.849498
0.849508
0.849517
0.849525
0.849532
0.849537
0.849542
0.849545
0.849548
0.84955
0.849551
0.849551
0.84955
0.849548
0.849545
0.849542
0.849537
0.849532
0.849525
0.849517
0.849508
0.849498
0.849487
0.849474
0.84946
0.849445
0.849427
0.849409
0.849388
0.849365
0.849341
0.849314
0.849286
0.849255
0.849222
0.849187
0.849149
0.849109
0.849066
0.849021
0.848974
0.867571
0.867613
0.867653
0.86769
0.867726
0.867759
0.86779
0.867819
0.867847
0.867872
0.867895
0.867917
0.867937
0.867955
0.867972
0.867987
0.868001
0.868014
0.868025
0.868035
0.868044
0.868052
0.868059
0.868065
0.86807
0.868074
0.868077
0.868079
0.868081
0.868082
0.868082
0.868081
0.868079
0.868077
0.868074
0.86807
0.868065
0.868059
0.868052
0.868044
0.868035
0.868025
0.868014
0.868001
0.867987
0.867972
0.867955
0.867937
0.867917
0.867895
0.867872
0.867847
0.867819
0.86779
0.867759
0.867726
0.86769
0.867653
0.867613
0.867571
0.886585
0.886622
0.886656
0.886689
0.886719
0.886748
0.886775
0.8868
0.886824
0.886845
0.886866
0.886884
0.886902
0.886917
0.886932
0.886945
0.886957
0.886968
0.886978
0.886987
0.886994
0.887001
0.887007
0.887012
0.887017
0.88702
0.887023
0.887025
0.887026
0.887027
0.887027
0.887026
0.887025
0.887023
0.88702
0.887017
0.887012
0.887007
0.887001
0.886994
0.886987
0.886978
0.886968
0.886957
0.886945
0.886932
0.886917
0.886902
0.886884
0.886866
0.886845
0.886824
0.8868
0.886775
0.886748
0.886719
0.886689
0.886656
0.886622
0.886585
0.906047
0.906078
0.906107
0.906134
0.906159
0.906183
0.906205
0.906226
0.906246
0.906264
0.906281
0.906297
0.906311
0.906324
0.906337
0.906348
0.906358
0.906367
0.906375
0.906382
0.906389
0.906394
0.906399
0.906404
0.906407
0.90641
0.906413
0.906414
0.906416
0.906416
0.906416
0.906416
0.906414
0.906413
0.90641
0.906407
0.906404
0.906399
0.906394
0.906389
0.906382
0.906375
0.906367
0.906358
0.906348
0.906337
0.906324
0.906311
0.906297
0.906281
0.906264
0.906246
0.906226
0.906205
0.906183
0.906159
0.906134
0.906107
0.906078
0.906047
0.925986
0.926012
0.926035
0.926056
0.926077
0.926095
0.926113
0.92613
0.926145
0.92616
0.926173
0.926186
0.926197
0.926208
0.926217
0.926226
0.926234
0.926241
0.926248
0.926253
0.926259
0.926263
0.926267
0.926271
0.926273
0.926276
0.926278
0.926279
0.92628
0.92628
0.92628
0.92628
0.926279
0.926278
0.926276
0.926273
0.926271
0.926267
0.926263
0.926259
0.926253
0.926248
0.926241
0.926234
0.926226
0.926217
0.926208
0.926197
0.926186
0.926173
0.92616
0.926145
0.92613
0.926113
0.926095
0.926077
0.926056
0.926035
0.926012
0.925986
0.946437
0.946458
0.946476
0.946491
0.946506
0.94652
0.946533
0.946545
0.946556
0.946567
0.946576
0.946585
0.946594
0.946601
0.946608
0.946615
0.946621
0.946626
0.946631
0.946635
0.946639
0.946642
0.946645
0.946647
0.946649
0.946651
0.946652
0.946653
0.946654
0.946654
0.946654
0.946654
0.946653
0.946652
0.946651
0.946649
0.946647
0.946645
0.946642
0.946639
0.946635
0.946631
0.946626
0.946621
0.946615
0.946608
0.946601
0.946594
0.946585
0.946576
0.946567
0.946556
0.946545
0.946533
0.94652
0.946506
0.946491
0.946476
0.946458
0.946437
0.967441
0.967456
0.967468
0.967478
0.967487
0.967495
0.967503
0.96751
0.967517
0.967523
0.967529
0.967535
0.96754
0.967545
0.967549
0.967553
0.967556
0.96756
0.967562
0.967565
0.967567
0.967569
0.967571
0.967573
0.967574
0.967575
0.967576
0.967576
0.967577
0.967577
0.967577
0.967577
0.967576
0.967576
0.967575
0.967574
0.967573
0.967571
0.967569
0.967567
0.967565
0.967562
0.96756
0.967556
0.967553
0.967549
0.967545
0.96754
0.967535
0.967529
0.967523
0.967517
0.96751
0.967503
0.967495
0.967487
0.967478
0.967468
0.967456
0.967441
0.989046
0.989051
0.989055
0.989058
0.989061
0.989064
0.989067
0.989069
0.989072
0.989074
0.989076
0.989078
0.989079
0.989081
0.989082
0.989084
0.989085
0.989086
0.989087
0.989088
0.989089
0.989089
0.98909
0.98909
0.989091
0.989091
0.989092
0.989092
0.989092
0.989092
0.989092
0.989092
0.989092
0.989092
0.989091
0.989091
0.98909
0.98909
0.989089
0.989089
0.989088
0.989087
0.989086
0.989085
0.989084
0.989082
0.989081
0.989079
0.989078
0.989076
0.989074
0.989072
0.989069
0.989067
0.989064
0.989061
0.989058
0.989055
0.989051
0.989046
)
;

boundaryField
{
    top
    {
        type            fixedValue;
        value           uniform 1;
    }
    bottom
    {
        type            fixedValue;
        value           uniform 1;
    }
    wall
    {
        type            zeroGradient;
    }
    frontAndBack
    {
        type            empty;
    }
}


// ************************************************************************* //
