/*--------------------------------*- C++ -*----------------------------------*\
| =========                 |                                                 |
| \\      /  F ield         | foam-extend: Open Source CFD                    |
|  \\    /   O peration     | Version:     4.0                                |
|   \\  /    A nd           | Web:         http://www.foam-extend.org         |
|    \\/     M anipulation  |                                                 |
\*---------------------------------------------------------------------------*/
FoamFile
{
    version     2.0;
    format      ascii;
    class       volScalarField;
    location    "330";
    object      cPlus;
}
// * * * * * * * * * * * * * * * * * * * * * * * * * * * * * * * * * * * * * //

dimensions      [0 0 0 0 0 0 0];

internalField   nonuniform List<scalar> 
6960
(
0.194742
0.194665
0.194638
0.19463
0.194628
0.194628
0.194628
0.194629
0.19463
0.19463
0.194631
0.194631
0.194632
0.194633
0.194633
0.194634
0.194634
0.194635
0.194635
0.194635
0.194636
0.194636
0.194636
0.194637
0.194637
0.194637
0.194637
0.194637
0.194637
0.194637
0.194637
0.194637
0.194637
0.194637
0.194637
0.194637
0.194637
0.194636
0.194636
0.194636
0.194635
0.194635
0.194635
0.194634
0.194634
0.194633
0.194633
0.194632
0.194631
0.194631
0.19463
0.19463
0.194629
0.194628
0.194628
0.194628
0.19463
0.194638
0.194665
0.194742
0.060298
0.0602911
0.0602879
0.0602871
0.060287
0.0602873
0.0602875
0.0602878
0.0602881
0.0602884
0.0602887
0.060289
0.0602892
0.0602895
0.0602897
0.0602899
0.0602901
0.0602903
0.0602905
0.0602906
0.0602908
0.0602909
0.060291
0.0602911
0.0602912
0.0602913
0.0602914
0.0602914
0.0602914
0.0602914
0.0602914
0.0602914
0.0602914
0.0602914
0.0602913
0.0602912
0.0602911
0.060291
0.0602909
0.0602908
0.0602906
0.0602905
0.0602903
0.0602901
0.0602899
0.0602897
0.0602895
0.0602892
0.060289
0.0602887
0.0602884
0.0602881
0.0602878
0.0602875
0.0602873
0.060287
0.0602871
0.0602879
0.0602911
0.060298
0.0426128
0.042629
0.0426336
0.0426351
0.0426357
0.0426361
0.0426363
0.0426365
0.0426367
0.0426368
0.042637
0.0426371
0.0426373
0.0426374
0.0426375
0.0426377
0.0426378
0.0426379
0.042638
0.0426381
0.0426381
0.0426382
0.0426383
0.0426383
0.0426384
0.0426384
0.0426384
0.0426385
0.0426385
0.0426385
0.0426385
0.0426385
0.0426385
0.0426384
0.0426384
0.0426384
0.0426383
0.0426383
0.0426382
0.0426381
0.0426381
0.042638
0.0426379
0.0426378
0.0426377
0.0426375
0.0426374
0.0426373
0.0426371
0.042637
0.0426368
0.0426367
0.0426365
0.0426363
0.0426361
0.0426357
0.0426351
0.0426336
0.042629
0.0426128
0.0410456
0.0410681
0.0410749
0.0410771
0.0410779
0.0410782
0.0410784
0.0410786
0.0410788
0.0410789
0.041079
0.0410792
0.0410793
0.0410794
0.0410795
0.0410796
0.0410797
0.0410798
0.0410799
0.0410799
0.04108
0.0410801
0.0410801
0.0410802
0.0410802
0.0410802
0.0410803
0.0410803
0.0410803
0.0410803
0.0410803
0.0410803
0.0410803
0.0410803
0.0410802
0.0410802
0.0410802
0.0410801
0.0410801
0.04108
0.0410799
0.0410799
0.0410798
0.0410797
0.0410796
0.0410795
0.0410794
0.0410793
0.0410792
0.041079
0.0410789
0.0410788
0.0410786
0.0410784
0.0410782
0.0410779
0.0410771
0.0410749
0.0410681
0.0410456
0.0419756
0.0420004
0.042008
0.0420104
0.0420113
0.0420117
0.0420119
0.0420121
0.0420123
0.0420124
0.0420126
0.0420127
0.0420128
0.0420129
0.042013
0.0420131
0.0420132
0.0420133
0.0420134
0.0420135
0.0420135
0.0420136
0.0420136
0.0420137
0.0420137
0.0420138
0.0420138
0.0420138
0.0420138
0.0420138
0.0420138
0.0420138
0.0420138
0.0420138
0.0420138
0.0420137
0.0420137
0.0420136
0.0420136
0.0420135
0.0420135
0.0420134
0.0420133
0.0420132
0.0420131
0.042013
0.0420129
0.0420128
0.0420127
0.0420126
0.0420124
0.0420123
0.0420121
0.0420119
0.0420117
0.0420113
0.0420104
0.042008
0.0420004
0.0419756
0.043444
0.0434707
0.0434788
0.0434814
0.0434823
0.0434827
0.043483
0.0434832
0.0434834
0.0434835
0.0434837
0.0434838
0.043484
0.0434841
0.0434842
0.0434843
0.0434844
0.0434845
0.0434846
0.0434847
0.0434847
0.0434848
0.0434849
0.0434849
0.043485
0.043485
0.043485
0.043485
0.0434851
0.0434851
0.0434851
0.0434851
0.043485
0.043485
0.043485
0.043485
0.0434849
0.0434849
0.0434848
0.0434847
0.0434847
0.0434846
0.0434845
0.0434844
0.0434843
0.0434842
0.0434841
0.043484
0.0434838
0.0434837
0.0434835
0.0434834
0.0434832
0.043483
0.0434827
0.0434823
0.0434814
0.0434788
0.0434707
0.043444
0.0452015
0.0452301
0.0452388
0.0452416
0.0452427
0.0452431
0.0452434
0.0452436
0.0452438
0.045244
0.0452441
0.0452443
0.0452445
0.0452446
0.0452447
0.0452448
0.045245
0.0452451
0.0452452
0.0452452
0.0452453
0.0452454
0.0452455
0.0452455
0.0452456
0.0452456
0.0452456
0.0452457
0.0452457
0.0452457
0.0452457
0.0452457
0.0452457
0.0452456
0.0452456
0.0452456
0.0452455
0.0452455
0.0452454
0.0452453
0.0452452
0.0452452
0.0452451
0.045245
0.0452448
0.0452447
0.0452446
0.0452445
0.0452443
0.0452441
0.045244
0.0452438
0.0452436
0.0452434
0.0452431
0.0452427
0.0452416
0.0452388
0.0452301
0.0452015
0.0472651
0.0472961
0.0473055
0.0473086
0.0473097
0.0473102
0.0473105
0.0473108
0.047311
0.0473112
0.0473114
0.0473116
0.0473117
0.0473119
0.047312
0.0473122
0.0473123
0.0473124
0.0473125
0.0473126
0.0473127
0.0473128
0.0473129
0.0473129
0.047313
0.047313
0.047313
0.0473131
0.0473131
0.0473131
0.0473131
0.0473131
0.0473131
0.047313
0.047313
0.047313
0.0473129
0.0473129
0.0473128
0.0473127
0.0473126
0.0473125
0.0473124
0.0473123
0.0473122
0.047312
0.0473119
0.0473117
0.0473116
0.0473114
0.0473112
0.047311
0.0473108
0.0473105
0.0473102
0.0473097
0.0473086
0.0473055
0.0472961
0.0472651
0.0497128
0.0497468
0.0497572
0.0497606
0.0497618
0.0497623
0.0497627
0.049763
0.0497632
0.0497634
0.0497636
0.0497638
0.049764
0.0497642
0.0497644
0.0497645
0.0497647
0.0497648
0.0497649
0.049765
0.0497651
0.0497652
0.0497653
0.0497654
0.0497655
0.0497655
0.0497655
0.0497656
0.0497656
0.0497656
0.0497656
0.0497656
0.0497656
0.0497655
0.0497655
0.0497655
0.0497654
0.0497653
0.0497652
0.0497651
0.049765
0.0497649
0.0497648
0.0497647
0.0497645
0.0497644
0.0497642
0.049764
0.0497638
0.0497636
0.0497634
0.0497632
0.049763
0.0497627
0.0497623
0.0497618
0.0497606
0.0497572
0.0497468
0.0497128
0.0526645
0.0527022
0.0527138
0.0527175
0.0527189
0.0527195
0.0527199
0.0527203
0.0527205
0.0527208
0.0527211
0.0527213
0.0527215
0.0527217
0.0527219
0.0527221
0.0527222
0.0527224
0.0527225
0.0527227
0.0527228
0.0527229
0.052723
0.0527231
0.0527232
0.0527232
0.0527233
0.0527233
0.0527233
0.0527233
0.0527233
0.0527233
0.0527233
0.0527233
0.0527232
0.0527232
0.0527231
0.052723
0.0527229
0.0527228
0.0527227
0.0527225
0.0527224
0.0527222
0.0527221
0.0527219
0.0527217
0.0527215
0.0527213
0.0527211
0.0527208
0.0527205
0.0527203
0.0527199
0.0527195
0.0527189
0.0527175
0.0527138
0.0527022
0.0526645
0.0562971
0.0563399
0.056353
0.0563573
0.0563589
0.0563596
0.0563601
0.0563604
0.0563608
0.0563611
0.0563614
0.0563616
0.0563619
0.0563621
0.0563624
0.0563626
0.0563628
0.056363
0.0563631
0.0563633
0.0563634
0.0563636
0.0563637
0.0563638
0.0563639
0.0563639
0.056364
0.056364
0.0563641
0.0563641
0.0563641
0.0563641
0.056364
0.056364
0.0563639
0.0563639
0.0563638
0.0563637
0.0563636
0.0563634
0.0563633
0.0563631
0.056363
0.0563628
0.0563626
0.0563624
0.0563621
0.0563619
0.0563616
0.0563614
0.0563611
0.0563608
0.0563604
0.0563601
0.0563596
0.0563589
0.0563573
0.056353
0.0563399
0.0562971
0.0608771
0.0609267
0.0609419
0.0609469
0.0609487
0.0609496
0.0609501
0.0609506
0.060951
0.0609514
0.0609517
0.0609521
0.0609524
0.0609527
0.060953
0.0609532
0.0609535
0.0609537
0.0609539
0.0609541
0.0609543
0.0609544
0.0609545
0.0609547
0.0609548
0.0609549
0.0609549
0.060955
0.060955
0.060955
0.060955
0.060955
0.060955
0.0609549
0.0609549
0.0609548
0.0609547
0.0609545
0.0609544
0.0609543
0.0609541
0.0609539
0.0609537
0.0609535
0.0609532
0.060953
0.0609527
0.0609524
0.0609521
0.0609517
0.0609514
0.060951
0.0609506
0.0609501
0.0609496
0.0609487
0.0609469
0.0609419
0.0609267
0.0608771
0.0668051
0.0668642
0.0668824
0.0668884
0.0668906
0.0668917
0.0668924
0.0668929
0.0668935
0.0668939
0.0668944
0.0668948
0.0668952
0.0668955
0.0668959
0.0668962
0.0668965
0.0668968
0.0668971
0.0668973
0.0668975
0.0668977
0.0668979
0.066898
0.0668982
0.0668983
0.0668983
0.0668984
0.0668985
0.0668985
0.0668985
0.0668985
0.0668984
0.0668983
0.0668983
0.0668982
0.066898
0.0668979
0.0668977
0.0668975
0.0668973
0.0668971
0.0668968
0.0668965
0.0668962
0.0668959
0.0668955
0.0668952
0.0668948
0.0668944
0.0668939
0.0668935
0.0668929
0.0668924
0.0668917
0.0668906
0.0668884
0.0668824
0.0668642
0.0668051
0.0746636
0.0747361
0.0747585
0.074766
0.0747687
0.0747701
0.0747709
0.0747717
0.0747723
0.0747729
0.0747735
0.074774
0.0747745
0.074775
0.0747754
0.0747758
0.0747762
0.0747766
0.0747769
0.0747772
0.0747775
0.0747777
0.074778
0.0747782
0.0747783
0.0747785
0.0747786
0.0747787
0.0747787
0.0747787
0.0747787
0.0747787
0.0747787
0.0747786
0.0747785
0.0747783
0.0747782
0.074778
0.0747777
0.0747775
0.0747772
0.0747769
0.0747766
0.0747762
0.0747758
0.0747754
0.074775
0.0747745
0.074774
0.0747735
0.0747729
0.0747723
0.0747717
0.0747709
0.0747701
0.0747687
0.074766
0.0747585
0.0747361
0.0746636
0.0852231
0.0853143
0.0853427
0.0853521
0.0853557
0.0853574
0.0853585
0.0853594
0.0853603
0.085361
0.0853618
0.0853624
0.0853631
0.0853637
0.0853643
0.0853648
0.0853653
0.0853658
0.0853662
0.0853666
0.0853669
0.0853673
0.0853676
0.0853678
0.085368
0.0853682
0.0853683
0.0853684
0.0853685
0.0853686
0.0853686
0.0853685
0.0853684
0.0853683
0.0853682
0.085368
0.0853678
0.0853676
0.0853673
0.0853669
0.0853666
0.0853662
0.0853658
0.0853653
0.0853648
0.0853643
0.0853637
0.0853631
0.0853624
0.0853618
0.085361
0.0853603
0.0853594
0.0853585
0.0853574
0.0853557
0.0853521
0.0853427
0.0853143
0.0852231
0.0993385
0.0994543
0.0994905
0.0995026
0.0995071
0.0995093
0.0995108
0.0995119
0.099513
0.099514
0.0995149
0.0995158
0.0995166
0.0995174
0.0995181
0.0995188
0.0995195
0.09952
0.0995206
0.0995211
0.0995216
0.099522
0.0995223
0.0995227
0.0995229
0.0995232
0.0995233
0.0995235
0.0995236
0.0995236
0.0995236
0.0995236
0.0995235
0.0995233
0.0995232
0.0995229
0.0995227
0.0995223
0.099522
0.0995216
0.0995211
0.0995206
0.09952
0.0995195
0.0995188
0.0995181
0.0995174
0.0995166
0.0995158
0.0995149
0.099514
0.099513
0.0995119
0.0995108
0.0995093
0.0995071
0.0995026
0.0994905
0.0994543
0.0993385
0.117691
0.117837
0.117882
0.117898
0.117904
0.117906
0.117908
0.11791
0.117911
0.117912
0.117913
0.117914
0.117915
0.117916
0.117917
0.117918
0.117919
0.11792
0.11792
0.117921
0.117921
0.117922
0.117922
0.117923
0.117923
0.117923
0.117924
0.117924
0.117924
0.117924
0.117924
0.117924
0.117924
0.117924
0.117923
0.117923
0.117923
0.117922
0.117922
0.117921
0.117921
0.11792
0.11792
0.117919
0.117918
0.117917
0.117916
0.117915
0.117914
0.117913
0.117912
0.117911
0.11791
0.117908
0.117906
0.117904
0.117898
0.117882
0.117837
0.117691
0.140468
0.140646
0.140703
0.140722
0.140729
0.140732
0.140734
0.140736
0.140738
0.140739
0.140741
0.140742
0.140743
0.140744
0.140745
0.140746
0.140747
0.140748
0.140749
0.14075
0.14075
0.140751
0.140751
0.140752
0.140752
0.140752
0.140753
0.140753
0.140753
0.140753
0.140753
0.140753
0.140753
0.140753
0.140752
0.140752
0.140752
0.140751
0.140751
0.14075
0.14075
0.140749
0.140748
0.140747
0.140746
0.140745
0.140744
0.140743
0.140742
0.140741
0.140739
0.140738
0.140736
0.140734
0.140732
0.140729
0.140722
0.140703
0.140646
0.140468
0.167199
0.167409
0.167476
0.167499
0.167507
0.167511
0.167513
0.167515
0.167517
0.167519
0.16752
0.167522
0.167523
0.167524
0.167525
0.167527
0.167528
0.167528
0.167529
0.16753
0.167531
0.167532
0.167532
0.167533
0.167533
0.167534
0.167534
0.167534
0.167534
0.167534
0.167534
0.167534
0.167534
0.167534
0.167534
0.167533
0.167533
0.167532
0.167532
0.167531
0.16753
0.167529
0.167528
0.167528
0.167527
0.167525
0.167524
0.167523
0.167522
0.16752
0.167519
0.167517
0.167515
0.167513
0.167511
0.167507
0.167499
0.167476
0.167409
0.167199
0.196892
0.197132
0.197209
0.197235
0.197245
0.197249
0.197252
0.197254
0.197256
0.197258
0.197259
0.197261
0.197262
0.197263
0.197265
0.197266
0.197267
0.197268
0.197269
0.19727
0.197271
0.197271
0.197272
0.197272
0.197273
0.197273
0.197274
0.197274
0.197274
0.197274
0.197274
0.197274
0.197274
0.197274
0.197273
0.197273
0.197272
0.197272
0.197271
0.197271
0.19727
0.197269
0.197268
0.197267
0.197266
0.197265
0.197263
0.197262
0.197261
0.197259
0.197258
0.197256
0.197254
0.197252
0.197249
0.197245
0.197235
0.197209
0.197132
0.196892
0.228394
0.228658
0.228744
0.228774
0.228784
0.228789
0.228792
0.228794
0.228796
0.228798
0.228799
0.228801
0.228802
0.228804
0.228805
0.228806
0.228807
0.228808
0.228809
0.22881
0.228811
0.228812
0.228812
0.228813
0.228813
0.228814
0.228814
0.228814
0.228814
0.228814
0.228814
0.228814
0.228814
0.228814
0.228814
0.228813
0.228813
0.228812
0.228812
0.228811
0.22881
0.228809
0.228808
0.228807
0.228806
0.228805
0.228804
0.228802
0.228801
0.228799
0.228798
0.228796
0.228794
0.228792
0.228789
0.228784
0.228774
0.228744
0.228658
0.228394
0.260695
0.26098
0.261074
0.261107
0.261118
0.261123
0.261126
0.261128
0.26113
0.261132
0.261134
0.261135
0.261137
0.261138
0.261139
0.26114
0.261142
0.261143
0.261144
0.261144
0.261145
0.261146
0.261147
0.261147
0.261148
0.261148
0.261148
0.261149
0.261149
0.261149
0.261149
0.261149
0.261149
0.261148
0.261148
0.261148
0.261147
0.261147
0.261146
0.261145
0.261144
0.261144
0.261143
0.261142
0.26114
0.261139
0.261138
0.261137
0.261135
0.261134
0.261132
0.26113
0.261128
0.261126
0.261123
0.261118
0.261107
0.261074
0.26098
0.260695
0.293075
0.293377
0.293479
0.293514
0.293527
0.293532
0.293535
0.293537
0.293539
0.293541
0.293542
0.293544
0.293545
0.293547
0.293548
0.293549
0.29355
0.293551
0.293552
0.293553
0.293554
0.293554
0.293555
0.293555
0.293556
0.293556
0.293557
0.293557
0.293557
0.293557
0.293557
0.293557
0.293557
0.293557
0.293556
0.293556
0.293555
0.293555
0.293554
0.293554
0.293553
0.293552
0.293551
0.29355
0.293549
0.293548
0.293547
0.293545
0.293544
0.293542
0.293541
0.293539
0.293537
0.293535
0.293532
0.293527
0.293514
0.293479
0.293377
0.293075
0.325081
0.325399
0.325507
0.325545
0.325558
0.325564
0.325567
0.325569
0.325571
0.325573
0.325574
0.325576
0.325577
0.325578
0.32558
0.325581
0.325582
0.325583
0.325584
0.325584
0.325585
0.325586
0.325586
0.325587
0.325587
0.325588
0.325588
0.325588
0.325588
0.325588
0.325588
0.325588
0.325588
0.325588
0.325588
0.325587
0.325587
0.325586
0.325586
0.325585
0.325584
0.325584
0.325583
0.325582
0.325581
0.32558
0.325578
0.325577
0.325576
0.325574
0.325573
0.325571
0.325569
0.325567
0.325564
0.325558
0.325545
0.325507
0.325399
0.325081
0.356453
0.356783
0.356898
0.356938
0.356952
0.356958
0.356961
0.356963
0.356965
0.356967
0.356968
0.356969
0.356971
0.356972
0.356973
0.356974
0.356975
0.356976
0.356977
0.356978
0.356978
0.356979
0.35698
0.35698
0.35698
0.356981
0.356981
0.356981
0.356981
0.356982
0.356982
0.356981
0.356981
0.356981
0.356981
0.35698
0.35698
0.35698
0.356979
0.356978
0.356978
0.356977
0.356976
0.356975
0.356974
0.356973
0.356972
0.356971
0.356969
0.356968
0.356967
0.356965
0.356963
0.356961
0.356958
0.356952
0.356938
0.356898
0.356783
0.356453
0.387041
0.387382
0.387503
0.387546
0.387561
0.387567
0.38757
0.387573
0.387574
0.387576
0.387577
0.387579
0.38758
0.387581
0.387582
0.387583
0.387584
0.387585
0.387586
0.387586
0.387587
0.387588
0.387588
0.387589
0.387589
0.387589
0.38759
0.38759
0.38759
0.38759
0.38759
0.38759
0.38759
0.38759
0.387589
0.387589
0.387589
0.387588
0.387588
0.387587
0.387586
0.387586
0.387585
0.387584
0.387583
0.387582
0.387581
0.38758
0.387579
0.387577
0.387576
0.387574
0.387573
0.38757
0.387567
0.387561
0.387546
0.387503
0.387382
0.387041
0.416766
0.417116
0.417243
0.417288
0.417304
0.41731
0.417313
0.417315
0.417317
0.417319
0.41732
0.417321
0.417322
0.417323
0.417324
0.417325
0.417326
0.417327
0.417328
0.417329
0.417329
0.41733
0.41733
0.417331
0.417331
0.417331
0.417332
0.417332
0.417332
0.417332
0.417332
0.417332
0.417332
0.417332
0.417331
0.417331
0.417331
0.41733
0.41733
0.417329
0.417329
0.417328
0.417327
0.417326
0.417325
0.417324
0.417323
0.417322
0.417321
0.41732
0.417319
0.417317
0.417315
0.417313
0.41731
0.417304
0.417288
0.417243
0.417116
0.416766
0.44558
0.445937
0.44607
0.446117
0.446134
0.446141
0.446144
0.446146
0.446148
0.446149
0.44615
0.446152
0.446153
0.446154
0.446155
0.446156
0.446156
0.446157
0.446158
0.446159
0.446159
0.44616
0.44616
0.446161
0.446161
0.446161
0.446162
0.446162
0.446162
0.446162
0.446162
0.446162
0.446162
0.446162
0.446161
0.446161
0.446161
0.44616
0.44616
0.446159
0.446159
0.446158
0.446157
0.446156
0.446156
0.446155
0.446154
0.446153
0.446152
0.44615
0.446149
0.446148
0.446146
0.446144
0.446141
0.446134
0.446117
0.44607
0.445937
0.44558
0.473459
0.473822
0.473959
0.474009
0.474027
0.474034
0.474038
0.47404
0.474041
0.474043
0.474044
0.474045
0.474046
0.474047
0.474048
0.474049
0.474049
0.47405
0.474051
0.474051
0.474052
0.474052
0.474053
0.474053
0.474054
0.474054
0.474054
0.474054
0.474054
0.474054
0.474054
0.474054
0.474054
0.474054
0.474054
0.474054
0.474053
0.474053
0.474052
0.474052
0.474051
0.474051
0.47405
0.474049
0.474049
0.474048
0.474047
0.474046
0.474045
0.474044
0.474043
0.474041
0.47404
0.474038
0.474034
0.474027
0.474009
0.473959
0.473822
0.473459
0.50039
0.500758
0.500899
0.500952
0.500971
0.500978
0.500982
0.500984
0.500985
0.500986
0.500987
0.500989
0.50099
0.50099
0.500991
0.500992
0.500993
0.500993
0.500994
0.500995
0.500995
0.500996
0.500996
0.500996
0.500997
0.500997
0.500997
0.500997
0.500998
0.500998
0.500998
0.500998
0.500997
0.500997
0.500997
0.500997
0.500996
0.500996
0.500996
0.500995
0.500995
0.500994
0.500993
0.500993
0.500992
0.500991
0.50099
0.50099
0.500989
0.500987
0.500986
0.500985
0.500984
0.500982
0.500978
0.500971
0.500952
0.500899
0.500758
0.50039
0.526369
0.52674
0.526886
0.526941
0.526961
0.526969
0.526972
0.526974
0.526976
0.526977
0.526978
0.526979
0.52698
0.526981
0.526981
0.526982
0.526983
0.526984
0.526984
0.526985
0.526985
0.526986
0.526986
0.526986
0.526987
0.526987
0.526987
0.526987
0.526987
0.526987
0.526987
0.526987
0.526987
0.526987
0.526987
0.526987
0.526986
0.526986
0.526986
0.526985
0.526985
0.526984
0.526984
0.526983
0.526982
0.526981
0.526981
0.52698
0.526979
0.526978
0.526977
0.526976
0.526974
0.526972
0.526969
0.526961
0.526941
0.526886
0.52674
0.526369
0.551398
0.551772
0.551922
0.551979
0.552
0.552008
0.552012
0.552014
0.552015
0.552016
0.552017
0.552018
0.552019
0.55202
0.55202
0.552021
0.552022
0.552022
0.552023
0.552023
0.552024
0.552024
0.552025
0.552025
0.552025
0.552025
0.552026
0.552026
0.552026
0.552026
0.552026
0.552026
0.552026
0.552026
0.552025
0.552025
0.552025
0.552025
0.552024
0.552024
0.552023
0.552023
0.552022
0.552022
0.552021
0.55202
0.55202
0.552019
0.552018
0.552017
0.552016
0.552015
0.552014
0.552012
0.552008
0.552
0.551979
0.551922
0.551772
0.551398
0.575483
0.575859
0.576012
0.576071
0.576093
0.576102
0.576106
0.576108
0.576109
0.57611
0.576111
0.576112
0.576113
0.576113
0.576114
0.576115
0.576115
0.576116
0.576116
0.576117
0.576117
0.576118
0.576118
0.576118
0.576119
0.576119
0.576119
0.576119
0.576119
0.576119
0.576119
0.576119
0.576119
0.576119
0.576119
0.576119
0.576118
0.576118
0.576118
0.576117
0.576117
0.576116
0.576116
0.576115
0.576115
0.576114
0.576113
0.576113
0.576112
0.576111
0.57611
0.576109
0.576108
0.576106
0.576102
0.576093
0.576071
0.576012
0.575859
0.575483
0.598635
0.59901
0.599167
0.599228
0.599251
0.59926
0.599264
0.599266
0.599268
0.599269
0.599269
0.59927
0.599271
0.599272
0.599272
0.599273
0.599273
0.599274
0.599274
0.599275
0.599275
0.599276
0.599276
0.599276
0.599277
0.599277
0.599277
0.599277
0.599277
0.599277
0.599277
0.599277
0.599277
0.599277
0.599277
0.599277
0.599276
0.599276
0.599276
0.599275
0.599275
0.599274
0.599274
0.599273
0.599273
0.599272
0.599272
0.599271
0.59927
0.599269
0.599269
0.599268
0.599266
0.599264
0.59926
0.599251
0.599228
0.599167
0.59901
0.598635
0.620864
0.621239
0.621398
0.621462
0.621486
0.621495
0.621499
0.621501
0.621503
0.621504
0.621504
0.621505
0.621506
0.621506
0.621507
0.621508
0.621508
0.621509
0.621509
0.621509
0.62151
0.62151
0.62151
0.621511
0.621511
0.621511
0.621511
0.621511
0.621511
0.621511
0.621511
0.621511
0.621511
0.621511
0.621511
0.621511
0.621511
0.62151
0.62151
0.62151
0.621509
0.621509
0.621509
0.621508
0.621508
0.621507
0.621506
0.621506
0.621505
0.621504
0.621504
0.621503
0.621501
0.621499
0.621495
0.621486
0.621462
0.621398
0.621239
0.620864
0.642185
0.642558
0.64272
0.642786
0.642811
0.642821
0.642825
0.642827
0.642828
0.642829
0.64283
0.642831
0.642831
0.642832
0.642832
0.642833
0.642833
0.642834
0.642834
0.642835
0.642835
0.642835
0.642836
0.642836
0.642836
0.642836
0.642836
0.642836
0.642837
0.642837
0.642837
0.642837
0.642836
0.642836
0.642836
0.642836
0.642836
0.642836
0.642835
0.642835
0.642835
0.642834
0.642834
0.642833
0.642833
0.642832
0.642832
0.642831
0.642831
0.64283
0.642829
0.642828
0.642827
0.642825
0.642821
0.642811
0.642786
0.64272
0.642558
0.642185
0.662614
0.662984
0.663149
0.663216
0.663242
0.663253
0.663257
0.663259
0.66326
0.663261
0.663262
0.663263
0.663263
0.663264
0.663264
0.663265
0.663265
0.663266
0.663266
0.663266
0.663267
0.663267
0.663267
0.663267
0.663268
0.663268
0.663268
0.663268
0.663268
0.663268
0.663268
0.663268
0.663268
0.663268
0.663268
0.663268
0.663267
0.663267
0.663267
0.663267
0.663266
0.663266
0.663266
0.663265
0.663265
0.663264
0.663264
0.663263
0.663263
0.663262
0.663261
0.66326
0.663259
0.663257
0.663253
0.663242
0.663216
0.663149
0.662984
0.662614
0.682168
0.682535
0.682701
0.68277
0.682798
0.682808
0.682813
0.682815
0.682816
0.682817
0.682818
0.682818
0.682819
0.682819
0.68282
0.68282
0.682821
0.682821
0.682821
0.682822
0.682822
0.682822
0.682823
0.682823
0.682823
0.682823
0.682823
0.682823
0.682823
0.682823
0.682823
0.682823
0.682823
0.682823
0.682823
0.682823
0.682823
0.682823
0.682822
0.682822
0.682822
0.682821
0.682821
0.682821
0.68282
0.68282
0.682819
0.682819
0.682818
0.682818
0.682817
0.682816
0.682815
0.682813
0.682808
0.682798
0.68277
0.682701
0.682535
0.682168
0.700866
0.701228
0.701395
0.701466
0.701495
0.701506
0.701511
0.701513
0.701514
0.701515
0.701516
0.701516
0.701517
0.701517
0.701517
0.701518
0.701518
0.701519
0.701519
0.701519
0.701519
0.70152
0.70152
0.70152
0.70152
0.70152
0.70152
0.701521
0.701521
0.701521
0.701521
0.701521
0.701521
0.70152
0.70152
0.70152
0.70152
0.70152
0.70152
0.701519
0.701519
0.701519
0.701519
0.701518
0.701518
0.701517
0.701517
0.701517
0.701516
0.701516
0.701515
0.701514
0.701513
0.701511
0.701506
0.701495
0.701466
0.701395
0.701228
0.700866
0.718726
0.719083
0.719251
0.719323
0.719353
0.719365
0.71937
0.719372
0.719373
0.719374
0.719375
0.719375
0.719376
0.719376
0.719376
0.719377
0.719377
0.719377
0.719378
0.719378
0.719378
0.719378
0.719379
0.719379
0.719379
0.719379
0.719379
0.719379
0.719379
0.719379
0.719379
0.719379
0.719379
0.719379
0.719379
0.719379
0.719379
0.719379
0.719378
0.719378
0.719378
0.719378
0.719377
0.719377
0.719377
0.719376
0.719376
0.719376
0.719375
0.719375
0.719374
0.719373
0.719372
0.71937
0.719365
0.719353
0.719323
0.719251
0.719083
0.718726
0.735768
0.73612
0.736288
0.736362
0.736393
0.736405
0.736411
0.736413
0.736414
0.736415
0.736415
0.736416
0.736416
0.736417
0.736417
0.736417
0.736418
0.736418
0.736418
0.736418
0.736419
0.736419
0.736419
0.736419
0.736419
0.736419
0.736419
0.73642
0.73642
0.73642
0.73642
0.73642
0.73642
0.736419
0.736419
0.736419
0.736419
0.736419
0.736419
0.736419
0.736418
0.736418
0.736418
0.736418
0.736417
0.736417
0.736417
0.736416
0.736416
0.736415
0.736415
0.736414
0.736413
0.736411
0.736405
0.736393
0.736362
0.736288
0.73612
0.735768
0.752014
0.752359
0.752528
0.752603
0.752635
0.752648
0.752654
0.752656
0.752657
0.752658
0.752659
0.752659
0.752659
0.75266
0.75266
0.75266
0.752661
0.752661
0.752661
0.752661
0.752661
0.752662
0.752662
0.752662
0.752662
0.752662
0.752662
0.752662
0.752662
0.752662
0.752662
0.752662
0.752662
0.752662
0.752662
0.752662
0.752662
0.752662
0.752662
0.752661
0.752661
0.752661
0.752661
0.752661
0.75266
0.75266
0.75266
0.752659
0.752659
0.752659
0.752658
0.752657
0.752656
0.752654
0.752648
0.752635
0.752603
0.752528
0.752359
0.752014
0.767485
0.767824
0.767992
0.768068
0.768101
0.768115
0.768121
0.768123
0.768124
0.768125
0.768126
0.768126
0.768126
0.768127
0.768127
0.768127
0.768127
0.768128
0.768128
0.768128
0.768128
0.768128
0.768128
0.768129
0.768129
0.768129
0.768129
0.768129
0.768129
0.768129
0.768129
0.768129
0.768129
0.768129
0.768129
0.768129
0.768129
0.768128
0.768128
0.768128
0.768128
0.768128
0.768128
0.768127
0.768127
0.768127
0.768127
0.768126
0.768126
0.768126
0.768125
0.768124
0.768123
0.768121
0.768115
0.768101
0.768068
0.767992
0.767824
0.767485
0.782203
0.782534
0.782702
0.782779
0.782813
0.782827
0.782833
0.782836
0.782837
0.782838
0.782838
0.782839
0.782839
0.782839
0.782839
0.78284
0.78284
0.78284
0.78284
0.78284
0.782841
0.782841
0.782841
0.782841
0.782841
0.782841
0.782841
0.782841
0.782841
0.782841
0.782841
0.782841
0.782841
0.782841
0.782841
0.782841
0.782841
0.782841
0.782841
0.782841
0.78284
0.78284
0.78284
0.78284
0.78284
0.782839
0.782839
0.782839
0.782839
0.782838
0.782838
0.782837
0.782836
0.782833
0.782827
0.782813
0.782779
0.782702
0.782534
0.782203
0.79619
0.796513
0.79668
0.796758
0.796793
0.796808
0.796814
0.796817
0.796818
0.796819
0.796819
0.79682
0.79682
0.79682
0.79682
0.79682
0.796821
0.796821
0.796821
0.796821
0.796821
0.796821
0.796822
0.796822
0.796822
0.796822
0.796822
0.796822
0.796822
0.796822
0.796822
0.796822
0.796822
0.796822
0.796822
0.796822
0.796822
0.796822
0.796821
0.796821
0.796821
0.796821
0.796821
0.796821
0.79682
0.79682
0.79682
0.79682
0.79682
0.796819
0.796819
0.796818
0.796817
0.796814
0.796808
0.796793
0.796758
0.79668
0.796513
0.79619
0.809468
0.809783
0.809949
0.810028
0.810064
0.810079
0.810086
0.810088
0.81009
0.81009
0.810091
0.810091
0.810091
0.810091
0.810092
0.810092
0.810092
0.810092
0.810092
0.810092
0.810093
0.810093
0.810093
0.810093
0.810093
0.810093
0.810093
0.810093
0.810093
0.810093
0.810093
0.810093
0.810093
0.810093
0.810093
0.810093
0.810093
0.810093
0.810093
0.810093
0.810092
0.810092
0.810092
0.810092
0.810092
0.810092
0.810091
0.810091
0.810091
0.810091
0.81009
0.81009
0.810088
0.810086
0.810079
0.810064
0.810028
0.809949
0.809783
0.809468
0.822061
0.822368
0.822531
0.822611
0.822648
0.822664
0.82267
0.822673
0.822675
0.822675
0.822676
0.822676
0.822676
0.822676
0.822677
0.822677
0.822677
0.822677
0.822677
0.822677
0.822677
0.822677
0.822678
0.822678
0.822678
0.822678
0.822678
0.822678
0.822678
0.822678
0.822678
0.822678
0.822678
0.822678
0.822678
0.822678
0.822678
0.822678
0.822677
0.822677
0.822677
0.822677
0.822677
0.822677
0.822677
0.822677
0.822676
0.822676
0.822676
0.822676
0.822675
0.822675
0.822673
0.82267
0.822664
0.822648
0.822611
0.822531
0.822368
0.822061
0.833991
0.834289
0.834451
0.834531
0.834568
0.834585
0.834592
0.834595
0.834596
0.834597
0.834597
0.834597
0.834598
0.834598
0.834598
0.834598
0.834598
0.834598
0.834598
0.834598
0.834599
0.834599
0.834599
0.834599
0.834599
0.834599
0.834599
0.834599
0.834599
0.834599
0.834599
0.834599
0.834599
0.834599
0.834599
0.834599
0.834599
0.834599
0.834599
0.834599
0.834598
0.834598
0.834598
0.834598
0.834598
0.834598
0.834598
0.834598
0.834597
0.834597
0.834597
0.834596
0.834595
0.834592
0.834585
0.834568
0.834531
0.834451
0.834289
0.833991
0.845281
0.845571
0.84573
0.84581
0.845848
0.845865
0.845872
0.845876
0.845877
0.845878
0.845878
0.845878
0.845879
0.845879
0.845879
0.845879
0.845879
0.845879
0.845879
0.845879
0.845879
0.845879
0.845879
0.845879
0.84588
0.84588
0.84588
0.84588
0.84588
0.84588
0.84588
0.84588
0.84588
0.84588
0.84588
0.84588
0.845879
0.845879
0.845879
0.845879
0.845879
0.845879
0.845879
0.845879
0.845879
0.845879
0.845879
0.845879
0.845878
0.845878
0.845878
0.845877
0.845876
0.845872
0.845865
0.845848
0.84581
0.84573
0.845571
0.845281
0.855955
0.856235
0.856392
0.856472
0.85651
0.856528
0.856536
0.856539
0.856541
0.856541
0.856542
0.856542
0.856542
0.856542
0.856542
0.856542
0.856542
0.856542
0.856542
0.856542
0.856543
0.856543
0.856543
0.856543
0.856543
0.856543
0.856543
0.856543
0.856543
0.856543
0.856543
0.856543
0.856543
0.856543
0.856543
0.856543
0.856543
0.856543
0.856543
0.856543
0.856542
0.856542
0.856542
0.856542
0.856542
0.856542
0.856542
0.856542
0.856542
0.856542
0.856541
0.856541
0.856539
0.856536
0.856528
0.85651
0.856472
0.856392
0.856235
0.855955
0.866035
0.866306
0.866459
0.866539
0.866578
0.866596
0.866605
0.866608
0.86661
0.866611
0.866611
0.866611
0.866611
0.866611
0.866611
0.866611
0.866611
0.866611
0.866611
0.866611
0.866611
0.866611
0.866611
0.866612
0.866612
0.866612
0.866612
0.866612
0.866612
0.866612
0.866612
0.866612
0.866612
0.866612
0.866612
0.866612
0.866612
0.866611
0.866611
0.866611
0.866611
0.866611
0.866611
0.866611
0.866611
0.866611
0.866611
0.866611
0.866611
0.866611
0.866611
0.86661
0.866608
0.866605
0.866596
0.866578
0.866539
0.866459
0.866306
0.866035
0.875544
0.875805
0.875956
0.876035
0.876075
0.876094
0.876102
0.876106
0.876107
0.876108
0.876108
0.876109
0.876109
0.876109
0.876109
0.876109
0.876109
0.876109
0.876109
0.876109
0.876109
0.876109
0.876109
0.876109
0.876109
0.876109
0.876109
0.876109
0.876109
0.876109
0.876109
0.876109
0.876109
0.876109
0.876109
0.876109
0.876109
0.876109
0.876109
0.876109
0.876109
0.876109
0.876109
0.876109
0.876109
0.876109
0.876109
0.876109
0.876109
0.876108
0.876108
0.876107
0.876106
0.876102
0.876094
0.876075
0.876035
0.875956
0.875805
0.875544
0.884505
0.884757
0.884904
0.884983
0.885023
0.885042
0.885051
0.885055
0.885056
0.885057
0.885057
0.885057
0.885057
0.885057
0.885057
0.885057
0.885057
0.885057
0.885057
0.885057
0.885057
0.885057
0.885057
0.885057
0.885057
0.885058
0.885058
0.885058
0.885058
0.885058
0.885058
0.885058
0.885058
0.885058
0.885058
0.885057
0.885057
0.885057
0.885057
0.885057
0.885057
0.885057
0.885057
0.885057
0.885057
0.885057
0.885057
0.885057
0.885057
0.885057
0.885057
0.885056
0.885055
0.885051
0.885042
0.885023
0.884983
0.884904
0.884757
0.884505
0.892941
0.893183
0.893326
0.893405
0.893445
0.893464
0.893473
0.893477
0.893479
0.89348
0.89348
0.89348
0.89348
0.89348
0.89348
0.89348
0.89348
0.89348
0.89348
0.89348
0.89348
0.89348
0.89348
0.89348
0.89348
0.89348
0.89348
0.89348
0.89348
0.89348
0.89348
0.89348
0.89348
0.89348
0.89348
0.89348
0.89348
0.89348
0.89348
0.89348
0.89348
0.89348
0.89348
0.89348
0.89348
0.89348
0.89348
0.89348
0.89348
0.89348
0.89348
0.893479
0.893477
0.893473
0.893464
0.893445
0.893405
0.893326
0.893183
0.892941
0.900873
0.901105
0.901245
0.901323
0.901363
0.901383
0.901392
0.901396
0.901398
0.901399
0.901399
0.901399
0.901399
0.901399
0.901399
0.901399
0.901399
0.901399
0.901399
0.901399
0.901399
0.901399
0.901399
0.901399
0.901399
0.901399
0.901399
0.901399
0.901399
0.901399
0.901399
0.901399
0.901399
0.901399
0.901399
0.901399
0.901399
0.901399
0.901399
0.901399
0.901399
0.901399
0.901399
0.901399
0.901399
0.901399
0.901399
0.901399
0.901399
0.901399
0.901399
0.901398
0.901396
0.901392
0.901383
0.901363
0.901323
0.901245
0.901105
0.900873
0.908324
0.908547
0.908683
0.908759
0.908799
0.908819
0.908829
0.908834
0.908836
0.908836
0.908837
0.908837
0.908837
0.908836
0.908836
0.908836
0.908836
0.908836
0.908836
0.908836
0.908836
0.908836
0.908836
0.908836
0.908836
0.908836
0.908836
0.908836
0.908836
0.908836
0.908836
0.908836
0.908836
0.908836
0.908836
0.908836
0.908836
0.908836
0.908836
0.908836
0.908836
0.908836
0.908836
0.908836
0.908836
0.908836
0.908836
0.908837
0.908837
0.908837
0.908836
0.908836
0.908834
0.908829
0.908819
0.908799
0.908759
0.908683
0.908547
0.908324
0.915316
0.915529
0.915661
0.915736
0.915776
0.915796
0.915806
0.915811
0.915813
0.915814
0.915814
0.915814
0.915814
0.915814
0.915814
0.915814
0.915813
0.915813
0.915813
0.915813
0.915813
0.915813
0.915813
0.915813
0.915813
0.915813
0.915813
0.915813
0.915813
0.915813
0.915813
0.915813
0.915813
0.915813
0.915813
0.915813
0.915813
0.915813
0.915813
0.915813
0.915813
0.915813
0.915813
0.915813
0.915814
0.915814
0.915814
0.915814
0.915814
0.915814
0.915814
0.915813
0.915811
0.915806
0.915796
0.915776
0.915736
0.915661
0.915529
0.915316
0.92187
0.922073
0.922201
0.922274
0.922314
0.922335
0.922345
0.92235
0.922352
0.922353
0.922353
0.922353
0.922353
0.922353
0.922353
0.922352
0.922352
0.922352
0.922352
0.922352
0.922352
0.922352
0.922352
0.922352
0.922352
0.922352
0.922352
0.922352
0.922352
0.922352
0.922352
0.922352
0.922352
0.922352
0.922352
0.922352
0.922352
0.922352
0.922352
0.922352
0.922352
0.922352
0.922352
0.922352
0.922352
0.922353
0.922353
0.922353
0.922353
0.922353
0.922353
0.922352
0.92235
0.922345
0.922335
0.922314
0.922274
0.922201
0.922073
0.92187
0.928006
0.9282
0.928323
0.928395
0.928435
0.928456
0.928466
0.928471
0.928473
0.928474
0.928475
0.928475
0.928474
0.928474
0.928474
0.928474
0.928474
0.928473
0.928473
0.928473
0.928473
0.928473
0.928473
0.928473
0.928473
0.928473
0.928473
0.928473
0.928473
0.928473
0.928473
0.928473
0.928473
0.928473
0.928473
0.928473
0.928473
0.928473
0.928473
0.928473
0.928473
0.928473
0.928473
0.928474
0.928474
0.928474
0.928474
0.928474
0.928475
0.928475
0.928474
0.928473
0.928471
0.928466
0.928456
0.928435
0.928395
0.928323
0.9282
0.928006
0.933746
0.933931
0.934049
0.93412
0.934159
0.93418
0.934191
0.934196
0.934198
0.934199
0.934199
0.934199
0.934199
0.934199
0.934198
0.934198
0.934198
0.934198
0.934198
0.934198
0.934197
0.934197
0.934197
0.934197
0.934197
0.934197
0.934197
0.934197
0.934197
0.934197
0.934197
0.934197
0.934197
0.934197
0.934197
0.934197
0.934197
0.934197
0.934197
0.934197
0.934198
0.934198
0.934198
0.934198
0.934198
0.934198
0.934199
0.934199
0.934199
0.934199
0.934199
0.934198
0.934196
0.934191
0.93418
0.934159
0.93412
0.934049
0.933931
0.933746
0.939109
0.939285
0.939399
0.939468
0.939507
0.939528
0.939538
0.939544
0.939546
0.939547
0.939547
0.939547
0.939547
0.939546
0.939546
0.939546
0.939546
0.939545
0.939545
0.939545
0.939545
0.939545
0.939545
0.939545
0.939545
0.939545
0.939545
0.939545
0.939545
0.939545
0.939545
0.939545
0.939545
0.939545
0.939545
0.939545
0.939545
0.939545
0.939545
0.939545
0.939545
0.939545
0.939545
0.939546
0.939546
0.939546
0.939546
0.939547
0.939547
0.939547
0.939547
0.939546
0.939544
0.939538
0.939528
0.939507
0.939468
0.939399
0.939285
0.939109
0.944116
0.944282
0.944392
0.944459
0.944497
0.944518
0.944529
0.944534
0.944537
0.944538
0.944538
0.944538
0.944537
0.944537
0.944537
0.944536
0.944536
0.944536
0.944536
0.944535
0.944535
0.944535
0.944535
0.944535
0.944535
0.944535
0.944535
0.944535
0.944535
0.944535
0.944535
0.944535
0.944535
0.944535
0.944535
0.944535
0.944535
0.944535
0.944535
0.944535
0.944535
0.944536
0.944536
0.944536
0.944536
0.944537
0.944537
0.944537
0.944538
0.944538
0.944538
0.944537
0.944534
0.944529
0.944518
0.944497
0.944459
0.944392
0.944282
0.944116
0.948784
0.948942
0.949047
0.949112
0.94915
0.949171
0.949181
0.949187
0.949189
0.94919
0.94919
0.94919
0.94919
0.94919
0.949189
0.949189
0.949189
0.949188
0.949188
0.949188
0.949188
0.949188
0.949187
0.949187
0.949187
0.949187
0.949187
0.949187
0.949187
0.949187
0.949187
0.949187
0.949187
0.949187
0.949187
0.949187
0.949187
0.949187
0.949188
0.949188
0.949188
0.949188
0.949188
0.949189
0.949189
0.949189
0.94919
0.94919
0.94919
0.94919
0.94919
0.949189
0.949187
0.949181
0.949171
0.94915
0.949112
0.949047
0.948942
0.948784
0.953134
0.953283
0.953383
0.953446
0.953483
0.953504
0.953515
0.95352
0.953523
0.953524
0.953524
0.953524
0.953523
0.953523
0.953522
0.953522
0.953522
0.953521
0.953521
0.953521
0.953521
0.953521
0.95352
0.95352
0.95352
0.95352
0.95352
0.95352
0.95352
0.95352
0.95352
0.95352
0.95352
0.95352
0.95352
0.95352
0.95352
0.95352
0.953521
0.953521
0.953521
0.953521
0.953521
0.953522
0.953522
0.953522
0.953523
0.953523
0.953524
0.953524
0.953524
0.953523
0.95352
0.953515
0.953504
0.953483
0.953446
0.953383
0.953283
0.953134
0.957182
0.957323
0.957418
0.957479
0.957515
0.957536
0.957547
0.957552
0.957555
0.957556
0.957556
0.957556
0.957555
0.957555
0.957554
0.957554
0.957554
0.957553
0.957553
0.957553
0.957552
0.957552
0.957552
0.957552
0.957552
0.957552
0.957552
0.957552
0.957552
0.957552
0.957552
0.957552
0.957552
0.957552
0.957552
0.957552
0.957552
0.957552
0.957552
0.957552
0.957553
0.957553
0.957553
0.957554
0.957554
0.957554
0.957555
0.957555
0.957556
0.957556
0.957556
0.957555
0.957552
0.957547
0.957536
0.957515
0.957479
0.957418
0.957323
0.957182
0.960947
0.961079
0.96117
0.961229
0.961264
0.961284
0.961295
0.961301
0.961303
0.961304
0.961304
0.961304
0.961304
0.961303
0.961303
0.961302
0.961302
0.961301
0.961301
0.961301
0.9613
0.9613
0.9613
0.9613
0.9613
0.9613
0.961299
0.961299
0.961299
0.961299
0.961299
0.961299
0.961299
0.961299
0.9613
0.9613
0.9613
0.9613
0.9613
0.9613
0.961301
0.961301
0.961301
0.961302
0.961302
0.961303
0.961303
0.961304
0.961304
0.961304
0.961304
0.961303
0.961301
0.961295
0.961284
0.961264
0.961229
0.96117
0.961079
0.960947
0.964444
0.964569
0.964656
0.964712
0.964746
0.964766
0.964777
0.964782
0.964785
0.964786
0.964786
0.964786
0.964785
0.964784
0.964784
0.964783
0.964783
0.964782
0.964782
0.964782
0.964781
0.964781
0.964781
0.964781
0.964781
0.964781
0.96478
0.96478
0.96478
0.96478
0.96478
0.96478
0.96478
0.96478
0.964781
0.964781
0.964781
0.964781
0.964781
0.964781
0.964782
0.964782
0.964782
0.964783
0.964783
0.964784
0.964784
0.964785
0.964786
0.964786
0.964786
0.964785
0.964782
0.964777
0.964766
0.964746
0.964712
0.964656
0.964569
0.964444
0.967692
0.967809
0.967891
0.967944
0.967978
0.967997
0.968008
0.968013
0.968016
0.968017
0.968017
0.968017
0.968016
0.968015
0.968015
0.968014
0.968014
0.968013
0.968013
0.968012
0.968012
0.968012
0.968012
0.968011
0.968011
0.968011
0.968011
0.968011
0.968011
0.968011
0.968011
0.968011
0.968011
0.968011
0.968011
0.968011
0.968011
0.968012
0.968012
0.968012
0.968012
0.968013
0.968013
0.968014
0.968014
0.968015
0.968015
0.968016
0.968017
0.968017
0.968017
0.968016
0.968013
0.968008
0.967997
0.967978
0.967944
0.967891
0.967809
0.967692
0.970704
0.970814
0.970891
0.970943
0.970975
0.970994
0.971005
0.97101
0.971013
0.971014
0.971014
0.971013
0.971013
0.971012
0.971011
0.971011
0.97101
0.971009
0.971009
0.971008
0.971008
0.971008
0.971008
0.971007
0.971007
0.971007
0.971007
0.971007
0.971007
0.971007
0.971007
0.971007
0.971007
0.971007
0.971007
0.971007
0.971007
0.971008
0.971008
0.971008
0.971008
0.971009
0.971009
0.97101
0.971011
0.971011
0.971012
0.971013
0.971013
0.971014
0.971014
0.971013
0.97101
0.971005
0.970994
0.970975
0.970943
0.970891
0.970814
0.970704
0.973497
0.9736
0.973673
0.973722
0.973753
0.973771
0.973782
0.973787
0.97379
0.973791
0.973791
0.97379
0.97379
0.973789
0.973788
0.973787
0.973787
0.973786
0.973786
0.973785
0.973785
0.973784
0.973784
0.973784
0.973784
0.973783
0.973783
0.973783
0.973783
0.973783
0.973783
0.973783
0.973783
0.973783
0.973783
0.973784
0.973784
0.973784
0.973784
0.973785
0.973785
0.973786
0.973786
0.973787
0.973787
0.973788
0.973789
0.97379
0.97379
0.973791
0.973791
0.97379
0.973787
0.973782
0.973771
0.973753
0.973722
0.973673
0.9736
0.973497
0.976085
0.976181
0.97625
0.976296
0.976326
0.976344
0.976354
0.97636
0.976362
0.976363
0.976363
0.976363
0.976362
0.976361
0.97636
0.976359
0.976359
0.976358
0.976357
0.976357
0.976356
0.976356
0.976356
0.976355
0.976355
0.976355
0.976355
0.976355
0.976355
0.976355
0.976355
0.976355
0.976355
0.976355
0.976355
0.976355
0.976355
0.976356
0.976356
0.976356
0.976357
0.976357
0.976358
0.976359
0.976359
0.97636
0.976361
0.976362
0.976363
0.976363
0.976363
0.976362
0.97636
0.976354
0.976344
0.976326
0.976296
0.97625
0.976181
0.976085
0.978482
0.978572
0.978636
0.97868
0.978709
0.978726
0.978736
0.978742
0.978744
0.978745
0.978745
0.978744
0.978743
0.978742
0.978741
0.97874
0.97874
0.978739
0.978738
0.978738
0.978737
0.978737
0.978736
0.978736
0.978736
0.978736
0.978735
0.978735
0.978735
0.978735
0.978735
0.978735
0.978735
0.978735
0.978736
0.978736
0.978736
0.978736
0.978737
0.978737
0.978738
0.978738
0.978739
0.97874
0.97874
0.978741
0.978742
0.978743
0.978744
0.978745
0.978745
0.978744
0.978742
0.978736
0.978726
0.978709
0.97868
0.978636
0.978572
0.978482
0.980702
0.980785
0.980845
0.980887
0.980914
0.980931
0.980941
0.980946
0.980948
0.980949
0.980949
0.980948
0.980947
0.980946
0.980945
0.980944
0.980943
0.980942
0.980942
0.980941
0.980941
0.98094
0.98094
0.980939
0.980939
0.980939
0.980939
0.980939
0.980938
0.980938
0.980938
0.980938
0.980939
0.980939
0.980939
0.980939
0.980939
0.98094
0.98094
0.980941
0.980941
0.980942
0.980942
0.980943
0.980944
0.980945
0.980946
0.980947
0.980948
0.980949
0.980949
0.980948
0.980946
0.980941
0.980931
0.980914
0.980887
0.980845
0.980785
0.980702
0.982756
0.982833
0.98289
0.982929
0.982955
0.982971
0.98298
0.982986
0.982988
0.982988
0.982988
0.982987
0.982986
0.982985
0.982984
0.982983
0.982982
0.982981
0.98298
0.98298
0.982979
0.982979
0.982978
0.982978
0.982978
0.982977
0.982977
0.982977
0.982977
0.982977
0.982977
0.982977
0.982977
0.982977
0.982977
0.982978
0.982978
0.982978
0.982979
0.982979
0.98298
0.98298
0.982981
0.982982
0.982983
0.982984
0.982985
0.982986
0.982987
0.982988
0.982988
0.982988
0.982986
0.98298
0.982971
0.982955
0.982929
0.98289
0.982833
0.982756
0.984658
0.984729
0.984782
0.984819
0.984844
0.984859
0.984868
0.984873
0.984875
0.984876
0.984875
0.984874
0.984873
0.984872
0.984871
0.98487
0.984868
0.984868
0.984867
0.984866
0.984865
0.984865
0.984864
0.984864
0.984863
0.984863
0.984863
0.984863
0.984863
0.984863
0.984863
0.984863
0.984863
0.984863
0.984863
0.984863
0.984864
0.984864
0.984865
0.984865
0.984866
0.984867
0.984868
0.984868
0.98487
0.984871
0.984872
0.984873
0.984874
0.984875
0.984876
0.984875
0.984873
0.984868
0.984859
0.984844
0.984819
0.984782
0.984729
0.984658
0.986418
0.986484
0.986534
0.986568
0.986591
0.986606
0.986615
0.986619
0.986621
0.986622
0.986621
0.98662
0.986619
0.986618
0.986616
0.986615
0.986614
0.986613
0.986612
0.986611
0.98661
0.98661
0.986609
0.986609
0.986609
0.986608
0.986608
0.986608
0.986608
0.986608
0.986608
0.986608
0.986608
0.986608
0.986608
0.986609
0.986609
0.986609
0.98661
0.98661
0.986611
0.986612
0.986613
0.986614
0.986615
0.986616
0.986618
0.986619
0.98662
0.986621
0.986622
0.986621
0.986619
0.986615
0.986606
0.986591
0.986568
0.986534
0.986484
0.986418
0.988049
0.98811
0.988155
0.988188
0.988209
0.988223
0.988232
0.988236
0.988238
0.988238
0.988238
0.988236
0.988235
0.988234
0.988232
0.988231
0.98823
0.988228
0.988227
0.988227
0.988226
0.988225
0.988225
0.988224
0.988224
0.988223
0.988223
0.988223
0.988223
0.988223
0.988223
0.988223
0.988223
0.988223
0.988223
0.988224
0.988224
0.988225
0.988225
0.988226
0.988227
0.988227
0.988228
0.98823
0.988231
0.988232
0.988234
0.988235
0.988236
0.988238
0.988238
0.988238
0.988236
0.988232
0.988223
0.988209
0.988188
0.988155
0.98811
0.988049
0.989559
0.989615
0.989657
0.989688
0.989708
0.989721
0.989729
0.989733
0.989735
0.989735
0.989734
0.989733
0.989732
0.98973
0.989729
0.989727
0.989726
0.989725
0.989723
0.989722
0.989722
0.989721
0.98972
0.98972
0.989719
0.989719
0.989719
0.989718
0.989718
0.989718
0.989718
0.989718
0.989718
0.989719
0.989719
0.989719
0.98972
0.98972
0.989721
0.989722
0.989722
0.989723
0.989725
0.989726
0.989727
0.989729
0.98973
0.989732
0.989733
0.989734
0.989735
0.989735
0.989733
0.989729
0.989721
0.989708
0.989688
0.989657
0.989615
0.989559
0.99096
0.991011
0.99105
0.991078
0.991097
0.99111
0.991117
0.991121
0.991122
0.991122
0.991122
0.99112
0.991119
0.991117
0.991115
0.991114
0.991112
0.991111
0.99111
0.991109
0.991108
0.991107
0.991106
0.991106
0.991105
0.991105
0.991105
0.991104
0.991104
0.991104
0.991104
0.991104
0.991104
0.991105
0.991105
0.991105
0.991106
0.991106
0.991107
0.991108
0.991109
0.99111
0.991111
0.991112
0.991114
0.991115
0.991117
0.991119
0.99112
0.991122
0.991122
0.991122
0.991121
0.991117
0.99111
0.991097
0.991078
0.99105
0.991011
0.99096
0.992259
0.992307
0.992342
0.992368
0.992386
0.992398
0.992405
0.992408
0.99241
0.99241
0.992409
0.992407
0.992405
0.992404
0.992402
0.9924
0.992398
0.992397
0.992396
0.992395
0.992394
0.992393
0.992392
0.992391
0.992391
0.99239
0.99239
0.99239
0.99239
0.99239
0.99239
0.99239
0.99239
0.99239
0.99239
0.992391
0.992391
0.992392
0.992393
0.992394
0.992395
0.992396
0.992397
0.992398
0.9924
0.992402
0.992404
0.992405
0.992407
0.992409
0.99241
0.99241
0.992408
0.992405
0.992398
0.992386
0.992368
0.992342
0.992307
0.992259
0.993467
0.99351
0.993543
0.993567
0.993584
0.993595
0.993601
0.993604
0.993605
0.993605
0.993604
0.993602
0.9936
0.993598
0.993596
0.993595
0.993593
0.993591
0.99359
0.993589
0.993588
0.993587
0.993586
0.993585
0.993585
0.993584
0.993584
0.993584
0.993583
0.993583
0.993583
0.993583
0.993584
0.993584
0.993584
0.993585
0.993585
0.993586
0.993587
0.993588
0.993589
0.99359
0.993591
0.993593
0.993595
0.993596
0.993598
0.9936
0.993602
0.993604
0.993605
0.993605
0.993604
0.993601
0.993595
0.993584
0.993567
0.993543
0.99351
0.993467
0.99459
0.99463
0.99466
0.994682
0.994698
0.994708
0.994714
0.994717
0.994717
0.994717
0.994716
0.994714
0.994712
0.99471
0.994708
0.994706
0.994704
0.994702
0.994701
0.994699
0.994698
0.994697
0.994696
0.994696
0.994695
0.994694
0.994694
0.994694
0.994694
0.994693
0.994693
0.994694
0.994694
0.994694
0.994694
0.994695
0.994696
0.994696
0.994697
0.994698
0.994699
0.994701
0.994702
0.994704
0.994706
0.994708
0.99471
0.994712
0.994714
0.994716
0.994717
0.994717
0.994717
0.994714
0.994708
0.994698
0.994682
0.99466
0.99463
0.99459
0.995637
0.995673
0.995701
0.995722
0.995736
0.995745
0.99575
0.995753
0.995754
0.995753
0.995751
0.99575
0.995747
0.995745
0.995743
0.995741
0.995739
0.995737
0.995735
0.995734
0.995733
0.995732
0.995731
0.99573
0.995729
0.995729
0.995728
0.995728
0.995728
0.995728
0.995728
0.995728
0.995728
0.995728
0.995729
0.995729
0.99573
0.995731
0.995732
0.995733
0.995734
0.995735
0.995737
0.995739
0.995741
0.995743
0.995745
0.995747
0.99575
0.995751
0.995753
0.995754
0.995753
0.99575
0.995745
0.995736
0.995722
0.995701
0.995673
0.995637
0.996615
0.996648
0.996673
0.996692
0.996705
0.996713
0.996718
0.99672
0.996721
0.99672
0.996718
0.996716
0.996714
0.996711
0.996709
0.996707
0.996705
0.996703
0.996701
0.9967
0.996698
0.996697
0.996696
0.996695
0.996694
0.996694
0.996693
0.996693
0.996693
0.996693
0.996693
0.996693
0.996693
0.996693
0.996694
0.996694
0.996695
0.996696
0.996697
0.996698
0.9967
0.996701
0.996703
0.996705
0.996707
0.996709
0.996711
0.996714
0.996716
0.996718
0.99672
0.996721
0.99672
0.996718
0.996713
0.996705
0.996692
0.996673
0.996648
0.996615
0.997529
0.997559
0.997583
0.9976
0.997612
0.997619
0.997624
0.997626
0.997626
0.997625
0.997623
0.99762
0.997618
0.997615
0.997613
0.99761
0.997608
0.997606
0.997604
0.997603
0.997601
0.9976
0.997599
0.997598
0.997597
0.997596
0.997596
0.997596
0.997595
0.997595
0.997595
0.997595
0.997596
0.997596
0.997596
0.997597
0.997598
0.997599
0.9976
0.997601
0.997603
0.997604
0.997606
0.997608
0.99761
0.997613
0.997615
0.997618
0.99762
0.997623
0.997625
0.997626
0.997626
0.997624
0.997619
0.997612
0.9976
0.997583
0.997559
0.997529
0.998386
0.998414
0.998435
0.998451
0.998462
0.998469
0.998473
0.998474
0.998474
0.998473
0.998471
0.998468
0.998465
0.998463
0.99846
0.998457
0.998455
0.998453
0.998451
0.998449
0.998447
0.998446
0.998445
0.998444
0.998443
0.998442
0.998442
0.998441
0.998441
0.998441
0.998441
0.998441
0.998441
0.998442
0.998442
0.998443
0.998444
0.998445
0.998446
0.998447
0.998449
0.998451
0.998453
0.998455
0.998457
0.99846
0.998463
0.998465
0.998468
0.998471
0.998473
0.998474
0.998474
0.998473
0.998469
0.998462
0.998451
0.998435
0.998414
0.998386
0.999192
0.999217
0.999236
0.999251
0.999261
0.999267
0.99927
0.999271
0.999271
0.99927
0.999267
0.999265
0.999262
0.999259
0.999256
0.999253
0.999251
0.999248
0.999246
0.999244
0.999243
0.999241
0.99924
0.999239
0.999238
0.999237
0.999237
0.999236
0.999236
0.999236
0.999236
0.999236
0.999236
0.999237
0.999237
0.999238
0.999239
0.99924
0.999241
0.999243
0.999244
0.999246
0.999248
0.999251
0.999253
0.999256
0.999259
0.999262
0.999265
0.999267
0.99927
0.999271
0.999271
0.99927
0.999267
0.999261
0.999251
0.999236
0.999217
0.999192
0.99995
0.999973
0.999991
1
1.00001
1.00002
1.00002
1.00002
1.00002
1.00002
1.00002
1.00001
1.00001
1.00001
1.00001
1
1
0.999997
0.999995
0.999993
0.999991
0.99999
0.999988
0.999987
0.999986
0.999985
0.999985
0.999984
0.999984
0.999984
0.999984
0.999984
0.999984
0.999985
0.999985
0.999986
0.999987
0.999988
0.99999
0.999991
0.999993
0.999995
0.999997
1
1
1.00001
1.00001
1.00001
1.00001
1.00002
1.00002
1.00002
1.00002
1.00002
1.00002
1.00001
1
0.999991
0.999973
0.99995
1.00067
1.00069
1.0007
1.00072
1.00072
1.00073
1.00073
1.00073
1.00073
1.00073
1.00073
1.00072
1.00072
1.00072
1.00071
1.00071
1.00071
1.0007
1.0007
1.0007
1.0007
1.0007
1.00069
1.00069
1.00069
1.00069
1.00069
1.00069
1.00069
1.00069
1.00069
1.00069
1.00069
1.00069
1.00069
1.00069
1.00069
1.00069
1.0007
1.0007
1.0007
1.0007
1.0007
1.00071
1.00071
1.00071
1.00072
1.00072
1.00072
1.00073
1.00073
1.00073
1.00073
1.00073
1.00073
1.00072
1.00072
1.0007
1.00069
1.00067
1.00134
1.00136
1.00138
1.00139
1.0014
1.0014
1.0014
1.0014
1.0014
1.0014
1.0014
1.00139
1.00139
1.00139
1.00138
1.00138
1.00138
1.00137
1.00137
1.00137
1.00137
1.00136
1.00136
1.00136
1.00136
1.00136
1.00136
1.00136
1.00136
1.00136
1.00136
1.00136
1.00136
1.00136
1.00136
1.00136
1.00136
1.00136
1.00136
1.00137
1.00137
1.00137
1.00137
1.00138
1.00138
1.00138
1.00139
1.00139
1.00139
1.0014
1.0014
1.0014
1.0014
1.0014
1.0014
1.0014
1.00139
1.00138
1.00136
1.00134
1.00198
1.002
1.00202
1.00203
1.00203
1.00204
1.00204
1.00204
1.00204
1.00203
1.00203
1.00203
1.00202
1.00202
1.00202
1.00201
1.00201
1.00201
1.002
1.002
1.002
1.002
1.002
1.00199
1.00199
1.00199
1.00199
1.00199
1.00199
1.00199
1.00199
1.00199
1.00199
1.00199
1.00199
1.00199
1.00199
1.002
1.002
1.002
1.002
1.002
1.00201
1.00201
1.00201
1.00202
1.00202
1.00202
1.00203
1.00203
1.00203
1.00204
1.00204
1.00204
1.00204
1.00203
1.00203
1.00202
1.002
1.00198
1.00259
1.00261
1.00262
1.00263
1.00264
1.00264
1.00264
1.00264
1.00264
1.00264
1.00263
1.00263
1.00262
1.00262
1.00262
1.00261
1.00261
1.00261
1.0026
1.0026
1.0026
1.0026
1.0026
1.00259
1.00259
1.00259
1.00259
1.00259
1.00259
1.00259
1.00259
1.00259
1.00259
1.00259
1.00259
1.00259
1.00259
1.0026
1.0026
1.0026
1.0026
1.0026
1.00261
1.00261
1.00261
1.00262
1.00262
1.00262
1.00263
1.00263
1.00264
1.00264
1.00264
1.00264
1.00264
1.00264
1.00263
1.00262
1.00261
1.00259
1.00317
1.00318
1.0032
1.0032
1.00321
1.00321
1.00321
1.00321
1.00321
1.00321
1.0032
1.0032
1.0032
1.00319
1.00319
1.00318
1.00318
1.00318
1.00317
1.00317
1.00317
1.00317
1.00317
1.00316
1.00316
1.00316
1.00316
1.00316
1.00316
1.00316
1.00316
1.00316
1.00316
1.00316
1.00316
1.00316
1.00316
1.00317
1.00317
1.00317
1.00317
1.00317
1.00318
1.00318
1.00318
1.00319
1.00319
1.0032
1.0032
1.0032
1.00321
1.00321
1.00321
1.00321
1.00321
1.00321
1.0032
1.0032
1.00318
1.00317
1.00372
1.00373
1.00374
1.00375
1.00376
1.00376
1.00376
1.00376
1.00375
1.00375
1.00375
1.00374
1.00374
1.00373
1.00373
1.00373
1.00372
1.00372
1.00372
1.00371
1.00371
1.00371
1.00371
1.0037
1.0037
1.0037
1.0037
1.0037
1.0037
1.0037
1.0037
1.0037
1.0037
1.0037
1.0037
1.0037
1.0037
1.00371
1.00371
1.00371
1.00371
1.00372
1.00372
1.00372
1.00373
1.00373
1.00373
1.00374
1.00374
1.00375
1.00375
1.00375
1.00376
1.00376
1.00376
1.00376
1.00375
1.00374
1.00373
1.00372
1.00424
1.00425
1.00426
1.00427
1.00427
1.00427
1.00427
1.00427
1.00427
1.00427
1.00426
1.00426
1.00425
1.00425
1.00424
1.00424
1.00424
1.00423
1.00423
1.00423
1.00422
1.00422
1.00422
1.00422
1.00422
1.00421
1.00421
1.00421
1.00421
1.00421
1.00421
1.00421
1.00421
1.00421
1.00421
1.00422
1.00422
1.00422
1.00422
1.00422
1.00423
1.00423
1.00423
1.00424
1.00424
1.00424
1.00425
1.00425
1.00426
1.00426
1.00427
1.00427
1.00427
1.00427
1.00427
1.00427
1.00427
1.00426
1.00425
1.00424
1.00473
1.00474
1.00475
1.00476
1.00476
1.00476
1.00476
1.00476
1.00476
1.00475
1.00475
1.00475
1.00474
1.00474
1.00473
1.00473
1.00472
1.00472
1.00472
1.00471
1.00471
1.00471
1.0047
1.0047
1.0047
1.0047
1.0047
1.0047
1.0047
1.0047
1.0047
1.0047
1.0047
1.0047
1.0047
1.0047
1.0047
1.0047
1.00471
1.00471
1.00471
1.00472
1.00472
1.00472
1.00473
1.00473
1.00474
1.00474
1.00475
1.00475
1.00475
1.00476
1.00476
1.00476
1.00476
1.00476
1.00476
1.00475
1.00474
1.00473
1.00519
1.0052
1.00521
1.00522
1.00522
1.00523
1.00522
1.00522
1.00522
1.00521
1.00521
1.00521
1.0052
1.00519
1.00519
1.00519
1.00518
1.00518
1.00517
1.00517
1.00517
1.00517
1.00516
1.00516
1.00516
1.00516
1.00516
1.00516
1.00516
1.00516
1.00516
1.00516
1.00516
1.00516
1.00516
1.00516
1.00516
1.00516
1.00517
1.00517
1.00517
1.00517
1.00518
1.00518
1.00519
1.00519
1.00519
1.0052
1.00521
1.00521
1.00521
1.00522
1.00522
1.00522
1.00523
1.00522
1.00522
1.00521
1.0052
1.00519
1.00563
1.00564
1.00565
1.00566
1.00566
1.00566
1.00566
1.00566
1.00565
1.00565
1.00564
1.00564
1.00563
1.00563
1.00562
1.00562
1.00561
1.00561
1.0056
1.0056
1.0056
1.0056
1.00559
1.00559
1.00559
1.00559
1.00559
1.00559
1.00559
1.00559
1.00559
1.00559
1.00559
1.00559
1.00559
1.00559
1.00559
1.00559
1.0056
1.0056
1.0056
1.0056
1.00561
1.00561
1.00562
1.00562
1.00563
1.00563
1.00564
1.00564
1.00565
1.00565
1.00566
1.00566
1.00566
1.00566
1.00566
1.00565
1.00564
1.00563
1.00603
1.00605
1.00606
1.00606
1.00606
1.00606
1.00606
1.00606
1.00606
1.00605
1.00604
1.00604
1.00603
1.00603
1.00602
1.00602
1.00601
1.00601
1.006
1.006
1.006
1.006
1.00599
1.00599
1.00599
1.00599
1.00599
1.00599
1.00599
1.00599
1.00599
1.00599
1.00599
1.00599
1.00599
1.00599
1.00599
1.00599
1.006
1.006
1.006
1.006
1.00601
1.00601
1.00602
1.00602
1.00603
1.00603
1.00604
1.00604
1.00605
1.00606
1.00606
1.00606
1.00606
1.00606
1.00606
1.00606
1.00605
1.00603
1.00641
1.00642
1.00643
1.00644
1.00644
1.00644
1.00644
1.00643
1.00643
1.00642
1.00642
1.00641
1.0064
1.0064
1.00639
1.00639
1.00638
1.00638
1.00637
1.00637
1.00637
1.00637
1.00636
1.00636
1.00636
1.00636
1.00636
1.00636
1.00636
1.00635
1.00635
1.00636
1.00636
1.00636
1.00636
1.00636
1.00636
1.00636
1.00637
1.00637
1.00637
1.00637
1.00638
1.00638
1.00639
1.00639
1.0064
1.0064
1.00641
1.00642
1.00642
1.00643
1.00643
1.00644
1.00644
1.00644
1.00644
1.00643
1.00642
1.00641
1.00675
1.00676
1.00677
1.00678
1.00678
1.00678
1.00678
1.00677
1.00677
1.00676
1.00675
1.00675
1.00674
1.00674
1.00673
1.00672
1.00672
1.00672
1.00671
1.00671
1.0067
1.0067
1.0067
1.0067
1.00669
1.00669
1.00669
1.00669
1.00669
1.00669
1.00669
1.00669
1.00669
1.00669
1.00669
1.00669
1.0067
1.0067
1.0067
1.0067
1.00671
1.00671
1.00672
1.00672
1.00672
1.00673
1.00674
1.00674
1.00675
1.00675
1.00676
1.00677
1.00677
1.00678
1.00678
1.00678
1.00678
1.00677
1.00676
1.00675
1.00706
1.00707
1.00708
1.00708
1.00708
1.00708
1.00708
1.00707
1.00707
1.00706
1.00706
1.00705
1.00704
1.00704
1.00703
1.00702
1.00702
1.00702
1.00701
1.00701
1.007
1.007
1.007
1.007
1.00699
1.00699
1.00699
1.00699
1.00699
1.00699
1.00699
1.00699
1.00699
1.00699
1.00699
1.00699
1.007
1.007
1.007
1.007
1.00701
1.00701
1.00702
1.00702
1.00702
1.00703
1.00704
1.00704
1.00705
1.00706
1.00706
1.00707
1.00707
1.00708
1.00708
1.00708
1.00708
1.00708
1.00707
1.00706
1.00732
1.00734
1.00735
1.00735
1.00735
1.00735
1.00734
1.00734
1.00733
1.00732
1.00732
1.00731
1.0073
1.0073
1.00729
1.00729
1.00728
1.00728
1.00727
1.00727
1.00726
1.00726
1.00726
1.00726
1.00725
1.00725
1.00725
1.00725
1.00725
1.00725
1.00725
1.00725
1.00725
1.00725
1.00725
1.00725
1.00726
1.00726
1.00726
1.00726
1.00727
1.00727
1.00728
1.00728
1.00729
1.00729
1.0073
1.0073
1.00731
1.00732
1.00732
1.00733
1.00734
1.00734
1.00735
1.00735
1.00735
1.00735
1.00734
1.00732
1.00755
1.00756
1.00757
1.00757
1.00757
1.00757
1.00756
1.00756
1.00755
1.00754
1.00754
1.00753
1.00752
1.00751
1.00751
1.0075
1.0075
1.00749
1.00749
1.00748
1.00748
1.00748
1.00747
1.00747
1.00747
1.00747
1.00747
1.00747
1.00747
1.00747
1.00747
1.00747
1.00747
1.00747
1.00747
1.00747
1.00747
1.00747
1.00748
1.00748
1.00748
1.00749
1.00749
1.0075
1.0075
1.00751
1.00751
1.00752
1.00753
1.00754
1.00754
1.00755
1.00756
1.00756
1.00757
1.00757
1.00757
1.00757
1.00756
1.00755
1.00773
1.00774
1.00775
1.00775
1.00775
1.00774
1.00774
1.00773
1.00772
1.00771
1.0077
1.0077
1.00769
1.00768
1.00768
1.00767
1.00766
1.00766
1.00766
1.00765
1.00765
1.00765
1.00764
1.00764
1.00764
1.00764
1.00764
1.00763
1.00763
1.00763
1.00763
1.00763
1.00763
1.00764
1.00764
1.00764
1.00764
1.00764
1.00765
1.00765
1.00765
1.00766
1.00766
1.00766
1.00767
1.00768
1.00768
1.00769
1.0077
1.0077
1.00771
1.00772
1.00773
1.00774
1.00774
1.00775
1.00775
1.00775
1.00774
1.00773
1.00786
1.00787
1.00788
1.00787
1.00787
1.00786
1.00786
1.00785
1.00784
1.00783
1.00782
1.00781
1.00781
1.0078
1.00779
1.00779
1.00778
1.00778
1.00777
1.00777
1.00776
1.00776
1.00776
1.00776
1.00775
1.00775
1.00775
1.00775
1.00775
1.00775
1.00775
1.00775
1.00775
1.00775
1.00775
1.00775
1.00776
1.00776
1.00776
1.00776
1.00777
1.00777
1.00778
1.00778
1.00779
1.00779
1.0078
1.00781
1.00781
1.00782
1.00783
1.00784
1.00785
1.00786
1.00786
1.00787
1.00787
1.00788
1.00787
1.00786
1.00793
1.00794
1.00795
1.00794
1.00794
1.00793
1.00792
1.00791
1.0079
1.00789
1.00788
1.00787
1.00786
1.00786
1.00785
1.00784
1.00784
1.00783
1.00783
1.00782
1.00782
1.00782
1.00782
1.00781
1.00781
1.00781
1.00781
1.00781
1.00781
1.00781
1.00781
1.00781
1.00781
1.00781
1.00781
1.00781
1.00781
1.00782
1.00782
1.00782
1.00782
1.00783
1.00783
1.00784
1.00784
1.00785
1.00786
1.00786
1.00787
1.00788
1.00789
1.0079
1.00791
1.00792
1.00793
1.00794
1.00794
1.00795
1.00794
1.00793
1.00795
1.00796
1.00796
1.00795
1.00794
1.00793
1.00792
1.00791
1.00789
1.00788
1.00787
1.00787
1.00786
1.00785
1.00784
1.00784
1.00783
1.00783
1.00782
1.00782
1.00782
1.00781
1.00781
1.00781
1.00781
1.00781
1.0078
1.0078
1.0078
1.0078
1.0078
1.0078
1.0078
1.0078
1.00781
1.00781
1.00781
1.00781
1.00781
1.00782
1.00782
1.00782
1.00783
1.00783
1.00784
1.00784
1.00785
1.00786
1.00787
1.00787
1.00788
1.00789
1.00791
1.00792
1.00793
1.00794
1.00795
1.00796
1.00796
1.00795
1.0079
1.00791
1.0079
1.00789
1.00787
1.00786
1.00785
1.00783
1.00782
1.00781
1.0078
1.00779
1.00778
1.00778
1.00777
1.00776
1.00776
1.00775
1.00775
1.00775
1.00774
1.00774
1.00774
1.00773
1.00773
1.00773
1.00773
1.00773
1.00773
1.00773
1.00773
1.00773
1.00773
1.00773
1.00773
1.00773
1.00773
1.00774
1.00774
1.00774
1.00775
1.00775
1.00775
1.00776
1.00776
1.00777
1.00778
1.00778
1.00779
1.0078
1.00781
1.00782
1.00783
1.00785
1.00786
1.00787
1.00789
1.0079
1.00791
1.0079
1.00779
1.00779
1.00777
1.00775
1.00773
1.00772
1.0077
1.00769
1.00767
1.00766
1.00765
1.00764
1.00763
1.00763
1.00762
1.00761
1.00761
1.0076
1.0076
1.0076
1.00759
1.00759
1.00759
1.00759
1.00759
1.00758
1.00758
1.00758
1.00758
1.00758
1.00758
1.00758
1.00758
1.00758
1.00758
1.00759
1.00759
1.00759
1.00759
1.00759
1.0076
1.0076
1.0076
1.00761
1.00761
1.00762
1.00763
1.00763
1.00764
1.00765
1.00766
1.00767
1.00769
1.0077
1.00772
1.00773
1.00775
1.00777
1.00779
1.00779
1.00761
1.00759
1.00756
1.00754
1.00751
1.00749
1.00747
1.00746
1.00744
1.00743
1.00742
1.00741
1.0074
1.0074
1.00739
1.00738
1.00738
1.00738
1.00737
1.00737
1.00737
1.00736
1.00736
1.00736
1.00736
1.00736
1.00736
1.00736
1.00735
1.00735
1.00735
1.00735
1.00736
1.00736
1.00736
1.00736
1.00736
1.00736
1.00736
1.00737
1.00737
1.00737
1.00738
1.00738
1.00738
1.00739
1.0074
1.0074
1.00741
1.00742
1.00743
1.00744
1.00746
1.00747
1.00749
1.00751
1.00754
1.00756
1.00759
1.00761
1.00736
1.00732
1.00727
1.00723
1.0072
1.00717
1.00715
1.00714
1.00712
1.00711
1.0071
1.00709
1.00709
1.00708
1.00707
1.00707
1.00706
1.00706
1.00706
1.00705
1.00705
1.00705
1.00705
1.00704
1.00704
1.00704
1.00704
1.00704
1.00704
1.00704
1.00704
1.00704
1.00704
1.00704
1.00704
1.00704
1.00704
1.00705
1.00705
1.00705
1.00705
1.00706
1.00706
1.00706
1.00707
1.00707
1.00708
1.00709
1.00709
1.0071
1.00711
1.00712
1.00714
1.00715
1.00717
1.0072
1.00723
1.00727
1.00732
1.00736
1.00704
1.00693
1.00684
1.00679
1.00676
1.00673
1.00671
1.0067
1.00668
1.00667
1.00666
1.00665
1.00665
1.00664
1.00664
1.00663
1.00663
1.00662
1.00662
1.00662
1.00662
1.00661
1.00661
1.00661
1.00661
1.00661
1.00661
1.00661
1.00661
1.00661
1.00661
1.00661
1.00661
1.00661
1.00661
1.00661
1.00661
1.00661
1.00661
1.00662
1.00662
1.00662
1.00662
1.00663
1.00663
1.00664
1.00664
1.00665
1.00665
1.00666
1.00667
1.00668
1.0067
1.00671
1.00673
1.00676
1.00679
1.00684
1.00693
1.00704
1.00652
1.00624
1.00609
1.00604
1.00602
1.006
1.00598
1.00597
1.00595
1.00594
1.00593
1.00593
1.00592
1.00591
1.00591
1.00591
1.0059
1.0059
1.0059
1.0059
1.00589
1.00589
1.00589
1.00589
1.00589
1.00589
1.00589
1.00589
1.00589
1.00589
1.00589
1.00589
1.00589
1.00589
1.00589
1.00589
1.00589
1.00589
1.00589
1.00589
1.0059
1.0059
1.0059
1.0059
1.00591
1.00591
1.00591
1.00592
1.00593
1.00593
1.00594
1.00595
1.00597
1.00598
1.006
1.00602
1.00604
1.00609
1.00624
1.00652
1.00505
1.00424
1.00408
1.00409
1.00409
1.00408
1.00407
1.00406
1.00405
1.00405
1.00404
1.00403
1.00403
1.00403
1.00402
1.00402
1.00402
1.00402
1.00401
1.00401
1.00401
1.00401
1.00401
1.00401
1.00401
1.00401
1.00401
1.00401
1.00401
1.00401
1.00401
1.00401
1.00401
1.00401
1.00401
1.00401
1.00401
1.00401
1.00401
1.00401
1.00401
1.00401
1.00402
1.00402
1.00402
1.00402
1.00403
1.00403
1.00403
1.00404
1.00405
1.00405
1.00406
1.00407
1.00408
1.00409
1.00409
1.00408
1.00424
1.00505
0.992761
0.993194
0.99345
0.993562
0.993603
0.993614
0.993616
0.993615
0.993614
0.993613
0.993612
0.993611
0.99361
0.99361
0.993609
0.993608
0.993608
0.993608
0.993607
0.993607
0.993606
0.993606
0.993606
0.993606
0.993606
0.993606
0.993605
0.993605
0.993605
0.993605
0.993605
0.993605
0.993605
0.993605
0.993606
0.993606
0.993606
0.993606
0.993606
0.993606
0.993607
0.993607
0.993608
0.993608
0.993608
0.993609
0.99361
0.99361
0.993611
0.993612
0.993613
0.993614
0.993615
0.993616
0.993614
0.993603
0.993562
0.99345
0.993194
0.992761
)
;

boundaryField
{
    top
    {
        type            fixedValue;
        value           uniform 1;
    }
    bottom
    {
        type            fixedValue;
        value           uniform 1;
    }
    wall
    {
        type            zeroGradient;
    }
    frontAndBack
    {
        type            empty;
    }
}


// ************************************************************************* //
