/*--------------------------------*- C++ -*----------------------------------*\
| =========                 |                                                 |
| \\      /  F ield         | foam-extend: Open Source CFD                    |
|  \\    /   O peration     | Version:     4.0                                |
|   \\  /    A nd           | Web:         http://www.foam-extend.org         |
|    \\/     M anipulation  |                                                 |
\*---------------------------------------------------------------------------*/
FoamFile
{
    version     2.0;
    format      ascii;
    class       volScalarField;
    location    "1710";
    object      psiE;
}
// * * * * * * * * * * * * * * * * * * * * * * * * * * * * * * * * * * * * * //

dimensions      [0 0 0 0 0 0 0];

internalField   nonuniform List<scalar> 
6960
(
0.391855
0.39189
0.391917
0.391936
0.391947
0.391954
0.391959
0.391961
0.391963
0.391964
0.391965
0.391965
0.391965
0.391966
0.391966
0.391966
0.391966
0.391966
0.391966
0.391966
0.391966
0.391966
0.391966
0.391966
0.391966
0.391966
0.391966
0.391966
0.391966
0.391966
0.391966
0.391966
0.391966
0.391966
0.391966
0.391966
0.391966
0.391966
0.391966
0.391966
0.391966
0.391966
0.391966
0.391966
0.391966
0.391966
0.391966
0.391965
0.391965
0.391965
0.391964
0.391963
0.391961
0.391959
0.391954
0.391947
0.391936
0.391917
0.39189
0.391855
1.06563
1.06577
1.06588
1.06596
1.066
1.06603
1.06605
1.06606
1.06607
1.06607
1.06607
1.06607
1.06608
1.06608
1.06608
1.06608
1.06608
1.06608
1.06608
1.06608
1.06608
1.06608
1.06608
1.06608
1.06608
1.06608
1.06608
1.06608
1.06608
1.06608
1.06608
1.06608
1.06608
1.06608
1.06608
1.06608
1.06608
1.06608
1.06608
1.06608
1.06608
1.06608
1.06608
1.06608
1.06608
1.06608
1.06608
1.06608
1.06607
1.06607
1.06607
1.06607
1.06606
1.06605
1.06603
1.066
1.06596
1.06588
1.06577
1.06563
1.72836
1.72862
1.72882
1.72896
1.72905
1.7291
1.72913
1.72915
1.72917
1.72917
1.72918
1.72918
1.72918
1.72918
1.72919
1.72919
1.72919
1.72919
1.72919
1.72919
1.72919
1.72919
1.72919
1.72919
1.72919
1.72919
1.72919
1.72919
1.72919
1.72919
1.72919
1.72919
1.72919
1.72919
1.72919
1.72919
1.72919
1.72919
1.72919
1.72919
1.72919
1.72919
1.72919
1.72919
1.72919
1.72919
1.72918
1.72918
1.72918
1.72918
1.72917
1.72917
1.72915
1.72913
1.7291
1.72905
1.72896
1.72882
1.72862
1.72836
2.39698
2.39736
2.39766
2.39787
2.398
2.39808
2.39813
2.39816
2.39818
2.39819
2.39819
2.3982
2.3982
2.3982
2.39821
2.39821
2.39821
2.39821
2.39821
2.39821
2.39821
2.39821
2.39821
2.39821
2.39821
2.39821
2.39821
2.39821
2.39821
2.39821
2.39821
2.39821
2.39821
2.39821
2.39821
2.39821
2.39821
2.39821
2.39821
2.39821
2.39821
2.39821
2.39821
2.39821
2.39821
2.39821
2.3982
2.3982
2.3982
2.39819
2.39819
2.39818
2.39816
2.39813
2.39808
2.398
2.39787
2.39766
2.39736
2.39698
3.07471
3.07521
3.07562
3.07589
3.07606
3.07617
3.07624
3.07627
3.0763
3.07631
3.07632
3.07633
3.07633
3.07634
3.07634
3.07634
3.07634
3.07634
3.07634
3.07634
3.07634
3.07635
3.07635
3.07635
3.07635
3.07635
3.07635
3.07635
3.07635
3.07635
3.07635
3.07635
3.07635
3.07635
3.07635
3.07635
3.07635
3.07635
3.07635
3.07634
3.07634
3.07634
3.07634
3.07634
3.07634
3.07634
3.07634
3.07633
3.07633
3.07632
3.07631
3.0763
3.07627
3.07624
3.07617
3.07606
3.07589
3.07562
3.07521
3.07471
3.76183
3.76246
3.76296
3.7633
3.76352
3.76365
3.76373
3.76378
3.76381
3.76383
3.76384
3.76385
3.76386
3.76386
3.76386
3.76387
3.76387
3.76387
3.76387
3.76387
3.76387
3.76387
3.76387
3.76387
3.76387
3.76387
3.76387
3.76387
3.76387
3.76387
3.76387
3.76387
3.76387
3.76387
3.76387
3.76387
3.76387
3.76387
3.76387
3.76387
3.76387
3.76387
3.76387
3.76387
3.76387
3.76386
3.76386
3.76386
3.76385
3.76384
3.76383
3.76381
3.76378
3.76373
3.76365
3.76352
3.7633
3.76296
3.76246
3.76183
4.45796
4.45871
4.45931
4.45972
4.45998
4.46014
4.46023
4.46029
4.46033
4.46035
4.46037
4.46037
4.46038
4.46039
4.46039
4.46039
4.46039
4.46039
4.4604
4.4604
4.4604
4.4604
4.4604
4.4604
4.4604
4.4604
4.4604
4.4604
4.4604
4.4604
4.4604
4.4604
4.4604
4.4604
4.4604
4.4604
4.4604
4.4604
4.4604
4.4604
4.4604
4.4604
4.46039
4.46039
4.46039
4.46039
4.46039
4.46038
4.46037
4.46037
4.46035
4.46033
4.46029
4.46023
4.46014
4.45998
4.45972
4.45931
4.45871
4.45796
5.16249
5.16336
5.16406
5.16454
5.16484
5.16502
5.16513
5.1652
5.16525
5.16527
5.16529
5.1653
5.16531
5.16531
5.16532
5.16532
5.16532
5.16532
5.16532
5.16532
5.16532
5.16533
5.16533
5.16533
5.16533
5.16533
5.16533
5.16533
5.16533
5.16533
5.16533
5.16533
5.16533
5.16533
5.16533
5.16533
5.16533
5.16533
5.16533
5.16532
5.16532
5.16532
5.16532
5.16532
5.16532
5.16532
5.16531
5.16531
5.1653
5.16529
5.16527
5.16525
5.1652
5.16513
5.16502
5.16484
5.16454
5.16406
5.16336
5.16249
5.87471
5.8757
5.8765
5.87703
5.87738
5.87759
5.87772
5.87779
5.87784
5.87787
5.87789
5.8779
5.87791
5.87792
5.87792
5.87793
5.87793
5.87793
5.87793
5.87793
5.87793
5.87793
5.87793
5.87793
5.87793
5.87794
5.87794
5.87794
5.87794
5.87794
5.87794
5.87794
5.87794
5.87794
5.87794
5.87793
5.87793
5.87793
5.87793
5.87793
5.87793
5.87793
5.87793
5.87793
5.87793
5.87792
5.87792
5.87791
5.8779
5.87789
5.87787
5.87784
5.87779
5.87772
5.87759
5.87738
5.87703
5.8765
5.8757
5.87471
6.59378
6.59488
6.59577
6.59637
6.59676
6.59699
6.59714
6.59722
6.59728
6.59731
6.59733
6.59735
6.59736
6.59736
6.59737
6.59737
6.59737
6.59737
6.59738
6.59738
6.59738
6.59738
6.59738
6.59738
6.59738
6.59738
6.59738
6.59738
6.59738
6.59738
6.59738
6.59738
6.59738
6.59738
6.59738
6.59738
6.59738
6.59738
6.59738
6.59738
6.59738
6.59738
6.59737
6.59737
6.59737
6.59737
6.59736
6.59736
6.59735
6.59733
6.59731
6.59728
6.59722
6.59714
6.59699
6.59676
6.59637
6.59577
6.59488
6.59378
7.31872
7.31993
7.32092
7.32158
7.322
7.32226
7.32242
7.32252
7.32258
7.32261
7.32264
7.32265
7.32266
7.32267
7.32268
7.32268
7.32268
7.32268
7.32269
7.32269
7.32269
7.32269
7.32269
7.32269
7.32269
7.32269
7.32269
7.32269
7.32269
7.32269
7.32269
7.32269
7.32269
7.32269
7.32269
7.32269
7.32269
7.32269
7.32269
7.32269
7.32269
7.32269
7.32268
7.32268
7.32268
7.32268
7.32267
7.32266
7.32265
7.32264
7.32261
7.32258
7.32252
7.32242
7.32226
7.322
7.32158
7.32092
7.31993
7.31872
8.04842
8.04974
8.05081
8.05153
8.05199
8.05228
8.05245
8.05256
8.05262
8.05266
8.05269
8.0527
8.05271
8.05272
8.05273
8.05273
8.05274
8.05274
8.05274
8.05274
8.05274
8.05274
8.05274
8.05274
8.05275
8.05275
8.05275
8.05275
8.05275
8.05275
8.05275
8.05275
8.05275
8.05275
8.05275
8.05275
8.05274
8.05274
8.05274
8.05274
8.05274
8.05274
8.05274
8.05274
8.05273
8.05273
8.05272
8.05271
8.0527
8.05269
8.05266
8.05262
8.05256
8.05245
8.05228
8.05199
8.05153
8.05081
8.04974
8.04842
8.78159
8.78301
8.78416
8.78494
8.78544
8.78575
8.78593
8.78605
8.78612
8.78616
8.78619
8.78621
8.78622
8.78623
8.78623
8.78624
8.78624
8.78624
8.78624
8.78625
8.78625
8.78625
8.78625
8.78625
8.78625
8.78625
8.78625
8.78625
8.78625
8.78625
8.78625
8.78625
8.78625
8.78625
8.78625
8.78625
8.78625
8.78625
8.78625
8.78625
8.78625
8.78624
8.78624
8.78624
8.78624
8.78623
8.78623
8.78622
8.78621
8.78619
8.78616
8.78612
8.78605
8.78593
8.78575
8.78544
8.78494
8.78416
8.78301
8.78159
9.51674
9.51826
9.51949
9.52032
9.52085
9.52118
9.52138
9.5215
9.52158
9.52163
9.52166
9.52167
9.52169
9.5217
9.5217
9.52171
9.52171
9.52171
9.52172
9.52172
9.52172
9.52172
9.52172
9.52172
9.52172
9.52172
9.52172
9.52172
9.52172
9.52172
9.52172
9.52172
9.52172
9.52172
9.52172
9.52172
9.52172
9.52172
9.52172
9.52172
9.52172
9.52172
9.52171
9.52171
9.52171
9.5217
9.5217
9.52169
9.52167
9.52166
9.52163
9.52158
9.5215
9.52138
9.52118
9.52085
9.52032
9.51949
9.51826
9.51674
10.2522
10.2538
10.2551
10.256
10.2565
10.2569
10.2571
10.2572
10.2573
10.2573
10.2574
10.2574
10.2574
10.2574
10.2574
10.2574
10.2574
10.2574
10.2574
10.2574
10.2574
10.2574
10.2574
10.2575
10.2575
10.2575
10.2575
10.2575
10.2575
10.2575
10.2575
10.2575
10.2575
10.2575
10.2575
10.2575
10.2575
10.2574
10.2574
10.2574
10.2574
10.2574
10.2574
10.2574
10.2574
10.2574
10.2574
10.2574
10.2574
10.2574
10.2573
10.2573
10.2572
10.2571
10.2569
10.2565
10.256
10.2551
10.2538
10.2522
10.9859
10.9876
10.989
10.9899
10.9905
10.9909
10.9911
10.9912
10.9913
10.9914
10.9914
10.9914
10.9914
10.9914
10.9914
10.9915
10.9915
10.9915
10.9915
10.9915
10.9915
10.9915
10.9915
10.9915
10.9915
10.9915
10.9915
10.9915
10.9915
10.9915
10.9915
10.9915
10.9915
10.9915
10.9915
10.9915
10.9915
10.9915
10.9915
10.9915
10.9915
10.9915
10.9915
10.9915
10.9915
10.9914
10.9914
10.9914
10.9914
10.9914
10.9914
10.9913
10.9912
10.9911
10.9909
10.9905
10.9899
10.989
10.9876
10.9859
11.7157
11.7175
11.7189
11.7199
11.7205
11.7209
11.7211
11.7212
11.7213
11.7214
11.7214
11.7214
11.7215
11.7215
11.7215
11.7215
11.7215
11.7215
11.7215
11.7215
11.7215
11.7215
11.7215
11.7215
11.7215
11.7215
11.7215
11.7215
11.7215
11.7215
11.7215
11.7215
11.7215
11.7215
11.7215
11.7215
11.7215
11.7215
11.7215
11.7215
11.7215
11.7215
11.7215
11.7215
11.7215
11.7215
11.7215
11.7215
11.7214
11.7214
11.7214
11.7213
11.7212
11.7211
11.7209
11.7205
11.7199
11.7189
11.7175
11.7157
12.4389
12.4407
12.4422
12.4432
12.4439
12.4442
12.4445
12.4446
12.4447
12.4448
12.4448
12.4448
12.4449
12.4449
12.4449
12.4449
12.4449
12.4449
12.4449
12.4449
12.4449
12.4449
12.4449
12.4449
12.4449
12.4449
12.4449
12.4449
12.4449
12.4449
12.4449
12.4449
12.4449
12.4449
12.4449
12.4449
12.4449
12.4449
12.4449
12.4449
12.4449
12.4449
12.4449
12.4449
12.4449
12.4449
12.4449
12.4449
12.4448
12.4448
12.4448
12.4447
12.4446
12.4445
12.4442
12.4439
12.4432
12.4422
12.4407
12.4389
13.1525
13.1544
13.1559
13.1569
13.1575
13.158
13.1582
13.1584
13.1584
13.1585
13.1585
13.1586
13.1586
13.1586
13.1586
13.1586
13.1586
13.1586
13.1586
13.1586
13.1586
13.1586
13.1586
13.1586
13.1586
13.1586
13.1586
13.1586
13.1586
13.1586
13.1586
13.1586
13.1586
13.1586
13.1586
13.1586
13.1586
13.1586
13.1586
13.1586
13.1586
13.1586
13.1586
13.1586
13.1586
13.1586
13.1586
13.1586
13.1586
13.1585
13.1585
13.1584
13.1584
13.1582
13.158
13.1575
13.1569
13.1559
13.1544
13.1525
13.8528
13.8547
13.8563
13.8573
13.858
13.8584
13.8586
13.8588
13.8589
13.859
13.859
13.859
13.859
13.859
13.8591
13.8591
13.8591
13.8591
13.8591
13.8591
13.8591
13.8591
13.8591
13.8591
13.8591
13.8591
13.8591
13.8591
13.8591
13.8591
13.8591
13.8591
13.8591
13.8591
13.8591
13.8591
13.8591
13.8591
13.8591
13.8591
13.8591
13.8591
13.8591
13.8591
13.8591
13.8591
13.859
13.859
13.859
13.859
13.859
13.8589
13.8588
13.8586
13.8584
13.858
13.8573
13.8563
13.8547
13.8528
14.5358
14.5377
14.5392
14.5403
14.5409
14.5414
14.5416
14.5418
14.5419
14.5419
14.542
14.542
14.542
14.542
14.542
14.542
14.542
14.542
14.542
14.542
14.542
14.542
14.542
14.542
14.542
14.542
14.542
14.542
14.542
14.542
14.542
14.542
14.542
14.542
14.542
14.542
14.542
14.542
14.542
14.542
14.542
14.542
14.542
14.542
14.542
14.542
14.542
14.542
14.542
14.542
14.5419
14.5419
14.5418
14.5416
14.5414
14.5409
14.5403
14.5392
14.5377
14.5358
15.1963
15.1982
15.1997
15.2008
15.2014
15.2018
15.2021
15.2022
15.2023
15.2024
15.2024
15.2025
15.2025
15.2025
15.2025
15.2025
15.2025
15.2025
15.2025
15.2025
15.2025
15.2025
15.2025
15.2025
15.2025
15.2025
15.2025
15.2025
15.2025
15.2025
15.2025
15.2025
15.2025
15.2025
15.2025
15.2025
15.2025
15.2025
15.2025
15.2025
15.2025
15.2025
15.2025
15.2025
15.2025
15.2025
15.2025
15.2025
15.2025
15.2024
15.2024
15.2023
15.2022
15.2021
15.2018
15.2014
15.2008
15.1997
15.1982
15.1963
15.8284
15.8303
15.8318
15.8328
15.8334
15.8338
15.8341
15.8342
15.8343
15.8344
15.8344
15.8344
15.8344
15.8345
15.8345
15.8345
15.8345
15.8345
15.8345
15.8345
15.8345
15.8345
15.8345
15.8345
15.8345
15.8345
15.8345
15.8345
15.8345
15.8345
15.8345
15.8345
15.8345
15.8345
15.8345
15.8345
15.8345
15.8345
15.8345
15.8345
15.8345
15.8345
15.8345
15.8345
15.8345
15.8345
15.8345
15.8344
15.8344
15.8344
15.8344
15.8343
15.8342
15.8341
15.8338
15.8334
15.8328
15.8318
15.8303
15.8284
16.4249
16.4267
16.4281
16.4291
16.4297
16.4301
16.4303
16.4304
16.4305
16.4306
16.4306
16.4307
16.4307
16.4307
16.4307
16.4307
16.4307
16.4307
16.4307
16.4307
16.4307
16.4307
16.4307
16.4307
16.4307
16.4307
16.4307
16.4307
16.4307
16.4307
16.4307
16.4307
16.4307
16.4307
16.4307
16.4307
16.4307
16.4307
16.4307
16.4307
16.4307
16.4307
16.4307
16.4307
16.4307
16.4307
16.4307
16.4307
16.4307
16.4306
16.4306
16.4305
16.4304
16.4303
16.4301
16.4297
16.4291
16.4281
16.4267
16.4249
16.9772
16.9788
16.9801
16.981
16.9816
16.982
16.9822
16.9823
16.9824
16.9825
16.9825
16.9825
16.9825
16.9826
16.9826
16.9826
16.9826
16.9826
16.9826
16.9826
16.9826
16.9826
16.9826
16.9826
16.9826
16.9826
16.9826
16.9826
16.9826
16.9826
16.9826
16.9826
16.9826
16.9826
16.9826
16.9826
16.9826
16.9826
16.9826
16.9826
16.9826
16.9826
16.9826
16.9826
16.9826
16.9826
16.9826
16.9825
16.9825
16.9825
16.9825
16.9824
16.9823
16.9822
16.982
16.9816
16.981
16.9801
16.9788
16.9772
17.4755
17.477
17.4782
17.479
17.4795
17.4798
17.48
17.4801
17.4802
17.4803
17.4803
17.4803
17.4803
17.4803
17.4803
17.4804
17.4804
17.4804
17.4804
17.4804
17.4804
17.4804
17.4804
17.4804
17.4804
17.4804
17.4804
17.4804
17.4804
17.4804
17.4804
17.4804
17.4804
17.4804
17.4804
17.4804
17.4804
17.4804
17.4804
17.4804
17.4804
17.4804
17.4804
17.4804
17.4804
17.4803
17.4803
17.4803
17.4803
17.4803
17.4803
17.4802
17.4801
17.48
17.4798
17.4795
17.479
17.4782
17.477
17.4755
17.9104
17.9116
17.9126
17.9133
17.9138
17.914
17.9142
17.9143
17.9144
17.9144
17.9145
17.9145
17.9145
17.9145
17.9145
17.9145
17.9145
17.9145
17.9145
17.9145
17.9145
17.9145
17.9145
17.9145
17.9145
17.9145
17.9145
17.9145
17.9145
17.9145
17.9145
17.9145
17.9145
17.9145
17.9145
17.9145
17.9145
17.9145
17.9145
17.9145
17.9145
17.9145
17.9145
17.9145
17.9145
17.9145
17.9145
17.9145
17.9145
17.9145
17.9144
17.9144
17.9143
17.9142
17.914
17.9138
17.9133
17.9126
17.9116
17.9104
18.2751
18.2761
18.2769
18.2774
18.2778
18.278
18.2782
18.2782
18.2783
18.2783
18.2784
18.2784
18.2784
18.2784
18.2784
18.2784
18.2784
18.2784
18.2784
18.2784
18.2784
18.2784
18.2784
18.2784
18.2784
18.2784
18.2784
18.2784
18.2784
18.2784
18.2784
18.2784
18.2784
18.2784
18.2784
18.2784
18.2784
18.2784
18.2784
18.2784
18.2784
18.2784
18.2784
18.2784
18.2784
18.2784
18.2784
18.2784
18.2784
18.2784
18.2783
18.2783
18.2782
18.2782
18.278
18.2778
18.2774
18.2769
18.2761
18.2751
18.5692
18.5699
18.5705
18.5709
18.5712
18.5714
18.5715
18.5716
18.5716
18.5716
18.5716
18.5717
18.5717
18.5717
18.5717
18.5717
18.5717
18.5717
18.5717
18.5717
18.5717
18.5717
18.5717
18.5717
18.5717
18.5717
18.5717
18.5717
18.5717
18.5717
18.5717
18.5717
18.5717
18.5717
18.5717
18.5717
18.5717
18.5717
18.5717
18.5717
18.5717
18.5717
18.5717
18.5717
18.5717
18.5717
18.5717
18.5717
18.5717
18.5716
18.5716
18.5716
18.5716
18.5715
18.5714
18.5712
18.5709
18.5705
18.5699
18.5692
18.7998
18.8003
18.8007
18.801
18.8012
18.8013
18.8014
18.8015
18.8015
18.8015
18.8015
18.8015
18.8016
18.8016
18.8016
18.8016
18.8016
18.8016
18.8016
18.8016
18.8016
18.8016
18.8016
18.8016
18.8015
18.8015
18.8015
18.8015
18.8015
18.8015
18.8015
18.8015
18.8015
18.8015
18.8015
18.8015
18.8016
18.8016
18.8016
18.8016
18.8016
18.8016
18.8016
18.8016
18.8016
18.8016
18.8016
18.8016
18.8015
18.8015
18.8015
18.8015
18.8015
18.8014
18.8013
18.8012
18.801
18.8007
18.8003
18.7998
18.9794
18.9797
18.98
18.9802
18.9803
18.9804
18.9805
18.9805
18.9806
18.9806
18.9806
18.9806
18.9806
18.9806
18.9806
18.9806
18.9806
18.9806
18.9806
18.9806
18.9806
18.9806
18.9806
18.9806
18.9806
18.9806
18.9806
18.9806
18.9806
18.9806
18.9806
18.9806
18.9806
18.9806
18.9806
18.9806
18.9806
18.9806
18.9806
18.9806
18.9806
18.9806
18.9806
18.9806
18.9806
18.9806
18.9806
18.9806
18.9806
18.9806
18.9806
18.9806
18.9805
18.9805
18.9804
18.9803
18.9802
18.98
18.9797
18.9794
19.1217
19.1219
19.122
19.1222
19.1223
19.1223
19.1224
19.1224
19.1224
19.1225
19.1225
19.1225
19.1225
19.1225
19.1225
19.1225
19.1225
19.1225
19.1225
19.1225
19.1225
19.1225
19.1225
19.1225
19.1225
19.1225
19.1225
19.1225
19.1225
19.1225
19.1225
19.1225
19.1225
19.1225
19.1225
19.1225
19.1225
19.1225
19.1225
19.1225
19.1225
19.1225
19.1225
19.1225
19.1225
19.1225
19.1225
19.1225
19.1225
19.1225
19.1225
19.1224
19.1224
19.1224
19.1223
19.1223
19.1222
19.122
19.1219
19.1217
19.2381
19.2382
19.2383
19.2384
19.2384
19.2385
19.2385
19.2385
19.2386
19.2386
19.2386
19.2386
19.2386
19.2386
19.2386
19.2386
19.2386
19.2386
19.2386
19.2386
19.2386
19.2386
19.2386
19.2386
19.2386
19.2386
19.2386
19.2386
19.2386
19.2386
19.2386
19.2386
19.2386
19.2386
19.2386
19.2386
19.2386
19.2386
19.2386
19.2386
19.2386
19.2386
19.2386
19.2386
19.2386
19.2386
19.2386
19.2386
19.2386
19.2386
19.2386
19.2386
19.2385
19.2385
19.2385
19.2384
19.2384
19.2383
19.2382
19.2381
19.3368
19.3368
19.3369
19.3369
19.337
19.337
19.337
19.3371
19.3371
19.3371
19.3371
19.3371
19.3371
19.3371
19.3371
19.3371
19.3371
19.3371
19.3371
19.3371
19.3371
19.3371
19.3371
19.3371
19.3371
19.3371
19.3371
19.3371
19.3371
19.3371
19.3371
19.3371
19.3371
19.3371
19.3371
19.3371
19.3371
19.3371
19.3371
19.3371
19.3371
19.3371
19.3371
19.3371
19.3371
19.3371
19.3371
19.3371
19.3371
19.3371
19.3371
19.3371
19.3371
19.337
19.337
19.337
19.3369
19.3369
19.3368
19.3368
19.4231
19.4231
19.4232
19.4232
19.4233
19.4233
19.4233
19.4233
19.4233
19.4233
19.4233
19.4233
19.4233
19.4233
19.4233
19.4233
19.4233
19.4233
19.4233
19.4233
19.4233
19.4233
19.4233
19.4233
19.4233
19.4233
19.4233
19.4233
19.4233
19.4233
19.4233
19.4233
19.4233
19.4233
19.4233
19.4233
19.4233
19.4233
19.4233
19.4233
19.4233
19.4233
19.4233
19.4233
19.4233
19.4233
19.4233
19.4233
19.4233
19.4233
19.4233
19.4233
19.4233
19.4233
19.4233
19.4233
19.4232
19.4232
19.4231
19.4231
19.5006
19.5006
19.5006
19.5006
19.5006
19.5007
19.5007
19.5007
19.5007
19.5007
19.5007
19.5007
19.5007
19.5007
19.5007
19.5007
19.5007
19.5007
19.5007
19.5007
19.5007
19.5007
19.5007
19.5007
19.5007
19.5007
19.5007
19.5007
19.5007
19.5007
19.5007
19.5007
19.5007
19.5007
19.5007
19.5007
19.5007
19.5007
19.5007
19.5007
19.5007
19.5007
19.5007
19.5007
19.5007
19.5007
19.5007
19.5007
19.5007
19.5007
19.5007
19.5007
19.5007
19.5007
19.5007
19.5006
19.5006
19.5006
19.5006
19.5006
19.5713
19.5713
19.5713
19.5713
19.5713
19.5713
19.5714
19.5714
19.5714
19.5714
19.5714
19.5714
19.5714
19.5714
19.5714
19.5714
19.5714
19.5714
19.5714
19.5714
19.5714
19.5714
19.5714
19.5714
19.5714
19.5714
19.5714
19.5714
19.5714
19.5714
19.5714
19.5714
19.5714
19.5714
19.5714
19.5714
19.5714
19.5714
19.5714
19.5714
19.5714
19.5714
19.5714
19.5714
19.5714
19.5714
19.5714
19.5714
19.5714
19.5714
19.5714
19.5714
19.5714
19.5714
19.5713
19.5713
19.5713
19.5713
19.5713
19.5713
19.6369
19.6368
19.6368
19.6368
19.6368
19.6368
19.6368
19.6368
19.6368
19.6369
19.6369
19.6369
19.6369
19.6369
19.6369
19.6369
19.6369
19.6369
19.6368
19.6368
19.6368
19.6368
19.6368
19.6368
19.6368
19.6368
19.6368
19.6368
19.6368
19.6368
19.6368
19.6368
19.6368
19.6368
19.6368
19.6368
19.6368
19.6368
19.6368
19.6368
19.6368
19.6368
19.6369
19.6369
19.6369
19.6369
19.6369
19.6369
19.6369
19.6369
19.6369
19.6368
19.6368
19.6368
19.6368
19.6368
19.6368
19.6368
19.6368
19.6369
19.6982
19.6982
19.6981
19.6981
19.6981
19.6981
19.6981
19.6982
19.6982
19.6982
19.6982
19.6982
19.6982
19.6982
19.6982
19.6982
19.6982
19.6982
19.6982
19.6982
19.6982
19.6982
19.6981
19.6981
19.6981
19.6981
19.6981
19.6981
19.6981
19.6981
19.6981
19.6981
19.6981
19.6981
19.6981
19.6981
19.6981
19.6981
19.6982
19.6982
19.6982
19.6982
19.6982
19.6982
19.6982
19.6982
19.6982
19.6982
19.6982
19.6982
19.6982
19.6982
19.6982
19.6981
19.6981
19.6981
19.6981
19.6981
19.6982
19.6982
19.7562
19.7561
19.7561
19.7561
19.7561
19.7561
19.7561
19.7561
19.7561
19.7561
19.7561
19.7561
19.7561
19.7561
19.7561
19.7561
19.7561
19.7561
19.7561
19.7561
19.7561
19.7561
19.7561
19.7561
19.7561
19.7561
19.7561
19.7561
19.7561
19.7561
19.7561
19.7561
19.7561
19.7561
19.7561
19.7561
19.7561
19.7561
19.7561
19.7561
19.7561
19.7561
19.7561
19.7561
19.7561
19.7561
19.7561
19.7561
19.7561
19.7561
19.7561
19.7561
19.7561
19.7561
19.7561
19.7561
19.7561
19.7561
19.7561
19.7562
19.8114
19.8113
19.8113
19.8112
19.8112
19.8112
19.8112
19.8112
19.8112
19.8112
19.8112
19.8112
19.8112
19.8112
19.8112
19.8112
19.8112
19.8112
19.8112
19.8112
19.8112
19.8112
19.8112
19.8112
19.8112
19.8112
19.8112
19.8112
19.8112
19.8112
19.8112
19.8112
19.8112
19.8112
19.8112
19.8112
19.8112
19.8112
19.8112
19.8112
19.8112
19.8112
19.8112
19.8112
19.8112
19.8112
19.8112
19.8112
19.8112
19.8112
19.8112
19.8112
19.8112
19.8112
19.8112
19.8112
19.8112
19.8113
19.8113
19.8114
19.8642
19.8642
19.8641
19.8641
19.8641
19.8641
19.8641
19.8641
19.8641
19.8641
19.8641
19.8641
19.8641
19.8641
19.8641
19.8641
19.8641
19.8641
19.8641
19.8641
19.8641
19.8641
19.8641
19.8641
19.8641
19.8641
19.864
19.864
19.864
19.864
19.864
19.864
19.864
19.864
19.8641
19.8641
19.8641
19.8641
19.8641
19.8641
19.8641
19.8641
19.8641
19.8641
19.8641
19.8641
19.8641
19.8641
19.8641
19.8641
19.8641
19.8641
19.8641
19.8641
19.8641
19.8641
19.8641
19.8641
19.8642
19.8642
19.9151
19.9151
19.915
19.915
19.915
19.915
19.915
19.915
19.915
19.915
19.915
19.915
19.915
19.915
19.915
19.915
19.915
19.915
19.915
19.915
19.915
19.9149
19.9149
19.9149
19.9149
19.9149
19.9149
19.9149
19.9149
19.9149
19.9149
19.9149
19.9149
19.9149
19.9149
19.9149
19.9149
19.9149
19.9149
19.915
19.915
19.915
19.915
19.915
19.915
19.915
19.915
19.915
19.915
19.915
19.915
19.915
19.915
19.915
19.915
19.915
19.915
19.915
19.9151
19.9151
19.9644
19.9643
19.9643
19.9642
19.9642
19.9642
19.9642
19.9642
19.9642
19.9642
19.9642
19.9642
19.9642
19.9642
19.9642
19.9642
19.9642
19.9642
19.9642
19.9642
19.9642
19.9642
19.9642
19.9642
19.9642
19.9642
19.9642
19.9642
19.9642
19.9642
19.9642
19.9642
19.9642
19.9642
19.9642
19.9642
19.9642
19.9642
19.9642
19.9642
19.9642
19.9642
19.9642
19.9642
19.9642
19.9642
19.9642
19.9642
19.9642
19.9642
19.9642
19.9642
19.9642
19.9642
19.9642
19.9642
19.9642
19.9643
19.9643
19.9644
20.0123
20.0122
20.0122
20.0121
20.0121
20.0121
20.0121
20.0121
20.0121
20.0121
20.0121
20.0121
20.0121
20.0121
20.0121
20.0121
20.0121
20.0121
20.0121
20.0121
20.0121
20.0121
20.0121
20.0121
20.0121
20.0121
20.0121
20.0121
20.0121
20.0121
20.0121
20.0121
20.0121
20.0121
20.0121
20.0121
20.0121
20.0121
20.0121
20.0121
20.0121
20.0121
20.0121
20.0121
20.0121
20.0121
20.0121
20.0121
20.0121
20.0121
20.0121
20.0121
20.0121
20.0121
20.0121
20.0121
20.0121
20.0122
20.0122
20.0123
20.059
20.059
20.0589
20.0589
20.0588
20.0588
20.0588
20.0588
20.0588
20.0588
20.0588
20.0588
20.0588
20.0588
20.0588
20.0588
20.0588
20.0588
20.0588
20.0588
20.0588
20.0588
20.0588
20.0588
20.0588
20.0588
20.0588
20.0588
20.0588
20.0588
20.0588
20.0588
20.0588
20.0588
20.0588
20.0588
20.0588
20.0588
20.0588
20.0588
20.0588
20.0588
20.0588
20.0588
20.0588
20.0588
20.0588
20.0588
20.0588
20.0588
20.0588
20.0588
20.0588
20.0588
20.0588
20.0588
20.0589
20.0589
20.059
20.059
20.1048
20.1047
20.1047
20.1046
20.1046
20.1046
20.1046
20.1046
20.1046
20.1046
20.1046
20.1046
20.1046
20.1046
20.1046
20.1046
20.1046
20.1046
20.1045
20.1045
20.1045
20.1045
20.1045
20.1045
20.1045
20.1045
20.1045
20.1045
20.1045
20.1045
20.1045
20.1045
20.1045
20.1045
20.1045
20.1045
20.1045
20.1045
20.1045
20.1045
20.1045
20.1045
20.1046
20.1046
20.1046
20.1046
20.1046
20.1046
20.1046
20.1046
20.1046
20.1046
20.1046
20.1046
20.1046
20.1046
20.1046
20.1047
20.1047
20.1048
20.1497
20.1496
20.1496
20.1495
20.1495
20.1495
20.1495
20.1495
20.1495
20.1495
20.1495
20.1495
20.1495
20.1495
20.1495
20.1495
20.1495
20.1495
20.1495
20.1495
20.1495
20.1495
20.1495
20.1495
20.1495
20.1495
20.1495
20.1495
20.1495
20.1495
20.1495
20.1495
20.1495
20.1495
20.1495
20.1495
20.1495
20.1495
20.1495
20.1495
20.1495
20.1495
20.1495
20.1495
20.1495
20.1495
20.1495
20.1495
20.1495
20.1495
20.1495
20.1495
20.1495
20.1495
20.1495
20.1495
20.1495
20.1496
20.1496
20.1497
20.1939
20.1939
20.1938
20.1938
20.1938
20.1937
20.1937
20.1937
20.1937
20.1937
20.1937
20.1937
20.1937
20.1937
20.1937
20.1937
20.1937
20.1937
20.1937
20.1937
20.1937
20.1937
20.1937
20.1937
20.1937
20.1937
20.1937
20.1937
20.1937
20.1937
20.1937
20.1937
20.1937
20.1937
20.1937
20.1937
20.1937
20.1937
20.1937
20.1937
20.1937
20.1937
20.1937
20.1937
20.1937
20.1937
20.1937
20.1937
20.1937
20.1937
20.1937
20.1937
20.1937
20.1937
20.1937
20.1938
20.1938
20.1938
20.1939
20.1939
20.2376
20.2376
20.2375
20.2375
20.2374
20.2374
20.2374
20.2374
20.2374
20.2374
20.2374
20.2374
20.2374
20.2374
20.2374
20.2374
20.2374
20.2374
20.2374
20.2374
20.2374
20.2374
20.2374
20.2374
20.2374
20.2374
20.2374
20.2374
20.2374
20.2374
20.2374
20.2374
20.2374
20.2374
20.2374
20.2374
20.2374
20.2374
20.2374
20.2374
20.2374
20.2374
20.2374
20.2374
20.2374
20.2374
20.2374
20.2374
20.2374
20.2374
20.2374
20.2374
20.2374
20.2374
20.2374
20.2374
20.2375
20.2375
20.2376
20.2376
20.2809
20.2808
20.2808
20.2807
20.2807
20.2807
20.2807
20.2806
20.2806
20.2806
20.2806
20.2806
20.2806
20.2806
20.2806
20.2806
20.2806
20.2806
20.2806
20.2806
20.2806
20.2806
20.2806
20.2806
20.2806
20.2806
20.2806
20.2806
20.2806
20.2806
20.2806
20.2806
20.2806
20.2806
20.2806
20.2806
20.2806
20.2806
20.2806
20.2806
20.2806
20.2806
20.2806
20.2806
20.2806
20.2806
20.2806
20.2806
20.2806
20.2806
20.2806
20.2806
20.2806
20.2807
20.2807
20.2807
20.2807
20.2808
20.2808
20.2809
20.3238
20.3237
20.3237
20.3236
20.3236
20.3236
20.3235
20.3235
20.3235
20.3235
20.3235
20.3235
20.3235
20.3235
20.3235
20.3235
20.3235
20.3235
20.3235
20.3235
20.3235
20.3235
20.3235
20.3235
20.3235
20.3235
20.3235
20.3235
20.3235
20.3235
20.3235
20.3235
20.3235
20.3235
20.3235
20.3235
20.3235
20.3235
20.3235
20.3235
20.3235
20.3235
20.3235
20.3235
20.3235
20.3235
20.3235
20.3235
20.3235
20.3235
20.3235
20.3235
20.3235
20.3235
20.3236
20.3236
20.3236
20.3237
20.3237
20.3238
20.3664
20.3663
20.3663
20.3662
20.3662
20.3662
20.3662
20.3662
20.3661
20.3661
20.3661
20.3661
20.3661
20.3661
20.3661
20.3661
20.3661
20.3661
20.3661
20.3661
20.3661
20.3661
20.3661
20.3661
20.3661
20.3661
20.3661
20.3661
20.3661
20.3661
20.3661
20.3661
20.3661
20.3661
20.3661
20.3661
20.3661
20.3661
20.3661
20.3661
20.3661
20.3661
20.3661
20.3661
20.3661
20.3661
20.3661
20.3661
20.3661
20.3661
20.3661
20.3661
20.3662
20.3662
20.3662
20.3662
20.3662
20.3663
20.3663
20.3664
20.4088
20.4088
20.4087
20.4087
20.4086
20.4086
20.4086
20.4086
20.4086
20.4086
20.4086
20.4086
20.4086
20.4086
20.4086
20.4086
20.4086
20.4086
20.4086
20.4086
20.4086
20.4086
20.4085
20.4085
20.4085
20.4085
20.4085
20.4085
20.4085
20.4085
20.4085
20.4085
20.4085
20.4085
20.4085
20.4085
20.4085
20.4085
20.4086
20.4086
20.4086
20.4086
20.4086
20.4086
20.4086
20.4086
20.4086
20.4086
20.4086
20.4086
20.4086
20.4086
20.4086
20.4086
20.4086
20.4086
20.4087
20.4087
20.4088
20.4088
20.4512
20.4511
20.4511
20.451
20.451
20.4509
20.4509
20.4509
20.4509
20.4509
20.4509
20.4509
20.4509
20.4509
20.4509
20.4509
20.4509
20.4509
20.4509
20.4509
20.4509
20.4509
20.4509
20.4509
20.4509
20.4509
20.4509
20.4509
20.4509
20.4509
20.4509
20.4509
20.4509
20.4509
20.4509
20.4509
20.4509
20.4509
20.4509
20.4509
20.4509
20.4509
20.4509
20.4509
20.4509
20.4509
20.4509
20.4509
20.4509
20.4509
20.4509
20.4509
20.4509
20.4509
20.4509
20.451
20.451
20.4511
20.4511
20.4512
20.4934
20.4934
20.4934
20.4933
20.4933
20.4932
20.4932
20.4932
20.4932
20.4932
20.4932
20.4932
20.4932
20.4932
20.4932
20.4932
20.4932
20.4932
20.4932
20.4932
20.4932
20.4932
20.4932
20.4932
20.4932
20.4932
20.4932
20.4932
20.4932
20.4932
20.4932
20.4932
20.4932
20.4932
20.4932
20.4932
20.4932
20.4932
20.4932
20.4932
20.4932
20.4932
20.4932
20.4932
20.4932
20.4932
20.4932
20.4932
20.4932
20.4932
20.4932
20.4932
20.4932
20.4932
20.4932
20.4933
20.4933
20.4934
20.4934
20.4934
20.5358
20.5357
20.5357
20.5356
20.5356
20.5356
20.5355
20.5355
20.5355
20.5355
20.5355
20.5355
20.5355
20.5355
20.5355
20.5355
20.5355
20.5355
20.5355
20.5355
20.5355
20.5355
20.5355
20.5355
20.5355
20.5355
20.5355
20.5355
20.5355
20.5355
20.5355
20.5355
20.5355
20.5355
20.5355
20.5355
20.5355
20.5355
20.5355
20.5355
20.5355
20.5355
20.5355
20.5355
20.5355
20.5355
20.5355
20.5355
20.5355
20.5355
20.5355
20.5355
20.5355
20.5355
20.5356
20.5356
20.5356
20.5357
20.5357
20.5358
20.5782
20.5781
20.5781
20.578
20.578
20.578
20.578
20.5779
20.5779
20.5779
20.5779
20.5779
20.5779
20.5779
20.5779
20.5779
20.5779
20.5779
20.5779
20.5779
20.5779
20.5779
20.5779
20.5779
20.5779
20.5779
20.5779
20.5779
20.5779
20.5779
20.5779
20.5779
20.5779
20.5779
20.5779
20.5779
20.5779
20.5779
20.5779
20.5779
20.5779
20.5779
20.5779
20.5779
20.5779
20.5779
20.5779
20.5779
20.5779
20.5779
20.5779
20.5779
20.5779
20.578
20.578
20.578
20.578
20.5781
20.5781
20.5782
20.6207
20.6207
20.6206
20.6206
20.6206
20.6205
20.6205
20.6205
20.6205
20.6205
20.6205
20.6205
20.6205
20.6205
20.6205
20.6205
20.6205
20.6205
20.6204
20.6204
20.6204
20.6204
20.6204
20.6204
20.6204
20.6204
20.6204
20.6204
20.6204
20.6204
20.6204
20.6204
20.6204
20.6204
20.6204
20.6204
20.6204
20.6204
20.6204
20.6204
20.6204
20.6204
20.6205
20.6205
20.6205
20.6205
20.6205
20.6205
20.6205
20.6205
20.6205
20.6205
20.6205
20.6205
20.6205
20.6206
20.6206
20.6206
20.6207
20.6207
20.6635
20.6634
20.6634
20.6633
20.6633
20.6633
20.6633
20.6632
20.6632
20.6632
20.6632
20.6632
20.6632
20.6632
20.6632
20.6632
20.6632
20.6632
20.6632
20.6632
20.6632
20.6632
20.6632
20.6632
20.6632
20.6632
20.6632
20.6632
20.6632
20.6632
20.6632
20.6632
20.6632
20.6632
20.6632
20.6632
20.6632
20.6632
20.6632
20.6632
20.6632
20.6632
20.6632
20.6632
20.6632
20.6632
20.6632
20.6632
20.6632
20.6632
20.6632
20.6632
20.6632
20.6633
20.6633
20.6633
20.6633
20.6634
20.6634
20.6635
20.7065
20.7064
20.7064
20.7064
20.7063
20.7063
20.7063
20.7062
20.7062
20.7062
20.7062
20.7062
20.7062
20.7062
20.7062
20.7062
20.7062
20.7062
20.7062
20.7062
20.7062
20.7062
20.7062
20.7062
20.7062
20.7062
20.7062
20.7062
20.7062
20.7062
20.7062
20.7062
20.7062
20.7062
20.7062
20.7062
20.7062
20.7062
20.7062
20.7062
20.7062
20.7062
20.7062
20.7062
20.7062
20.7062
20.7062
20.7062
20.7062
20.7062
20.7062
20.7062
20.7062
20.7063
20.7063
20.7063
20.7064
20.7064
20.7064
20.7065
20.7498
20.7497
20.7497
20.7497
20.7496
20.7496
20.7496
20.7496
20.7495
20.7495
20.7495
20.7495
20.7495
20.7495
20.7495
20.7495
20.7495
20.7495
20.7495
20.7495
20.7495
20.7495
20.7495
20.7495
20.7495
20.7495
20.7495
20.7495
20.7495
20.7495
20.7495
20.7495
20.7495
20.7495
20.7495
20.7495
20.7495
20.7495
20.7495
20.7495
20.7495
20.7495
20.7495
20.7495
20.7495
20.7495
20.7495
20.7495
20.7495
20.7495
20.7495
20.7495
20.7496
20.7496
20.7496
20.7496
20.7497
20.7497
20.7497
20.7498
20.7934
20.7934
20.7934
20.7933
20.7933
20.7933
20.7932
20.7932
20.7932
20.7932
20.7932
20.7932
20.7932
20.7932
20.7932
20.7932
20.7932
20.7932
20.7932
20.7931
20.7931
20.7931
20.7931
20.7931
20.7931
20.7931
20.7931
20.7931
20.7931
20.7931
20.7931
20.7931
20.7931
20.7931
20.7931
20.7931
20.7931
20.7931
20.7931
20.7931
20.7931
20.7932
20.7932
20.7932
20.7932
20.7932
20.7932
20.7932
20.7932
20.7932
20.7932
20.7932
20.7932
20.7932
20.7933
20.7933
20.7933
20.7934
20.7934
20.7934
20.8375
20.8375
20.8374
20.8374
20.8373
20.8373
20.8373
20.8373
20.8373
20.8372
20.8372
20.8372
20.8372
20.8372
20.8372
20.8372
20.8372
20.8372
20.8372
20.8372
20.8372
20.8372
20.8372
20.8372
20.8372
20.8372
20.8372
20.8372
20.8372
20.8372
20.8372
20.8372
20.8372
20.8372
20.8372
20.8372
20.8372
20.8372
20.8372
20.8372
20.8372
20.8372
20.8372
20.8372
20.8372
20.8372
20.8372
20.8372
20.8372
20.8372
20.8372
20.8373
20.8373
20.8373
20.8373
20.8373
20.8374
20.8374
20.8375
20.8375
20.882
20.882
20.8819
20.8819
20.8818
20.8818
20.8818
20.8818
20.8818
20.8817
20.8817
20.8817
20.8817
20.8817
20.8817
20.8817
20.8817
20.8817
20.8817
20.8817
20.8817
20.8817
20.8817
20.8817
20.8817
20.8817
20.8817
20.8817
20.8817
20.8817
20.8817
20.8817
20.8817
20.8817
20.8817
20.8817
20.8817
20.8817
20.8817
20.8817
20.8817
20.8817
20.8817
20.8817
20.8817
20.8817
20.8817
20.8817
20.8817
20.8817
20.8817
20.8818
20.8818
20.8818
20.8818
20.8818
20.8819
20.8819
20.882
20.882
20.927
20.9269
20.9269
20.9269
20.9268
20.9268
20.9268
20.9268
20.9267
20.9267
20.9267
20.9267
20.9267
20.9267
20.9267
20.9267
20.9267
20.9267
20.9267
20.9267
20.9267
20.9267
20.9267
20.9267
20.9267
20.9267
20.9267
20.9267
20.9267
20.9267
20.9267
20.9267
20.9267
20.9267
20.9267
20.9267
20.9267
20.9267
20.9267
20.9267
20.9267
20.9267
20.9267
20.9267
20.9267
20.9267
20.9267
20.9267
20.9267
20.9267
20.9267
20.9267
20.9268
20.9268
20.9268
20.9268
20.9269
20.9269
20.9269
20.927
20.9725
20.9725
20.9724
20.9724
20.9724
20.9723
20.9723
20.9723
20.9723
20.9723
20.9722
20.9722
20.9722
20.9722
20.9722
20.9722
20.9722
20.9722
20.9722
20.9722
20.9722
20.9722
20.9722
20.9722
20.9722
20.9722
20.9722
20.9722
20.9722
20.9722
20.9722
20.9722
20.9722
20.9722
20.9722
20.9722
20.9722
20.9722
20.9722
20.9722
20.9722
20.9722
20.9722
20.9722
20.9722
20.9722
20.9722
20.9722
20.9722
20.9722
20.9723
20.9723
20.9723
20.9723
20.9723
20.9724
20.9724
20.9724
20.9725
20.9725
21.0186
21.0186
21.0185
21.0185
21.0185
21.0184
21.0184
21.0184
21.0184
21.0184
21.0184
21.0183
21.0183
21.0183
21.0183
21.0183
21.0183
21.0183
21.0183
21.0183
21.0183
21.0183
21.0183
21.0183
21.0183
21.0183
21.0183
21.0183
21.0183
21.0183
21.0183
21.0183
21.0183
21.0183
21.0183
21.0183
21.0183
21.0183
21.0183
21.0183
21.0183
21.0183
21.0183
21.0183
21.0183
21.0183
21.0183
21.0183
21.0183
21.0184
21.0184
21.0184
21.0184
21.0184
21.0184
21.0185
21.0185
21.0185
21.0186
21.0186
21.0653
21.0653
21.0653
21.0652
21.0652
21.0652
21.0651
21.0651
21.0651
21.0651
21.0651
21.0651
21.0651
21.0651
21.0651
21.065
21.065
21.065
21.065
21.065
21.065
21.065
21.065
21.065
21.065
21.065
21.065
21.065
21.065
21.065
21.065
21.065
21.065
21.065
21.065
21.065
21.065
21.065
21.065
21.065
21.065
21.065
21.065
21.065
21.065
21.0651
21.0651
21.0651
21.0651
21.0651
21.0651
21.0651
21.0651
21.0651
21.0652
21.0652
21.0652
21.0653
21.0653
21.0653
21.1127
21.1127
21.1127
21.1126
21.1126
21.1126
21.1125
21.1125
21.1125
21.1125
21.1125
21.1125
21.1125
21.1125
21.1125
21.1124
21.1124
21.1124
21.1124
21.1124
21.1124
21.1124
21.1124
21.1124
21.1124
21.1124
21.1124
21.1124
21.1124
21.1124
21.1124
21.1124
21.1124
21.1124
21.1124
21.1124
21.1124
21.1124
21.1124
21.1124
21.1124
21.1124
21.1124
21.1124
21.1124
21.1125
21.1125
21.1125
21.1125
21.1125
21.1125
21.1125
21.1125
21.1125
21.1126
21.1126
21.1126
21.1127
21.1127
21.1127
21.1608
21.1608
21.1608
21.1607
21.1607
21.1607
21.1607
21.1606
21.1606
21.1606
21.1606
21.1606
21.1606
21.1606
21.1606
21.1606
21.1605
21.1605
21.1605
21.1605
21.1605
21.1605
21.1605
21.1605
21.1605
21.1605
21.1605
21.1605
21.1605
21.1605
21.1605
21.1605
21.1605
21.1605
21.1605
21.1605
21.1605
21.1605
21.1605
21.1605
21.1605
21.1605
21.1605
21.1605
21.1606
21.1606
21.1606
21.1606
21.1606
21.1606
21.1606
21.1606
21.1606
21.1607
21.1607
21.1607
21.1607
21.1608
21.1608
21.1608
21.2097
21.2097
21.2097
21.2096
21.2096
21.2095
21.2095
21.2095
21.2095
21.2095
21.2095
21.2094
21.2094
21.2094
21.2094
21.2094
21.2094
21.2094
21.2094
21.2094
21.2094
21.2094
21.2094
21.2094
21.2094
21.2094
21.2094
21.2094
21.2094
21.2094
21.2094
21.2094
21.2094
21.2094
21.2094
21.2094
21.2094
21.2094
21.2094
21.2094
21.2094
21.2094
21.2094
21.2094
21.2094
21.2094
21.2094
21.2094
21.2094
21.2095
21.2095
21.2095
21.2095
21.2095
21.2095
21.2096
21.2096
21.2097
21.2097
21.2097
21.2594
21.2594
21.2593
21.2593
21.2592
21.2592
21.2592
21.2592
21.2591
21.2591
21.2591
21.2591
21.2591
21.2591
21.2591
21.2591
21.2591
21.2591
21.2591
21.2591
21.2591
21.2591
21.2591
21.2591
21.2591
21.259
21.259
21.259
21.259
21.259
21.259
21.259
21.259
21.259
21.259
21.2591
21.2591
21.2591
21.2591
21.2591
21.2591
21.2591
21.2591
21.2591
21.2591
21.2591
21.2591
21.2591
21.2591
21.2591
21.2591
21.2591
21.2592
21.2592
21.2592
21.2592
21.2593
21.2593
21.2594
21.2594
21.3099
21.3099
21.3098
21.3098
21.3098
21.3097
21.3097
21.3097
21.3097
21.3096
21.3096
21.3096
21.3096
21.3096
21.3096
21.3096
21.3096
21.3096
21.3096
21.3096
21.3096
21.3096
21.3096
21.3096
21.3096
21.3096
21.3096
21.3096
21.3096
21.3096
21.3096
21.3096
21.3096
21.3096
21.3096
21.3096
21.3096
21.3096
21.3096
21.3096
21.3096
21.3096
21.3096
21.3096
21.3096
21.3096
21.3096
21.3096
21.3096
21.3096
21.3096
21.3097
21.3097
21.3097
21.3097
21.3098
21.3098
21.3098
21.3099
21.3099
21.3613
21.3613
21.3612
21.3612
21.3612
21.3611
21.3611
21.3611
21.3611
21.361
21.361
21.361
21.361
21.361
21.361
21.361
21.361
21.361
21.361
21.361
21.361
21.361
21.361
21.361
21.361
21.361
21.361
21.361
21.361
21.361
21.361
21.361
21.361
21.361
21.361
21.361
21.361
21.361
21.361
21.361
21.361
21.361
21.361
21.361
21.361
21.361
21.361
21.361
21.361
21.361
21.361
21.3611
21.3611
21.3611
21.3611
21.3612
21.3612
21.3612
21.3613
21.3613
21.4136
21.4136
21.4136
21.4135
21.4135
21.4135
21.4134
21.4134
21.4134
21.4134
21.4134
21.4134
21.4134
21.4133
21.4133
21.4133
21.4133
21.4133
21.4133
21.4133
21.4133
21.4133
21.4133
21.4133
21.4133
21.4133
21.4133
21.4133
21.4133
21.4133
21.4133
21.4133
21.4133
21.4133
21.4133
21.4133
21.4133
21.4133
21.4133
21.4133
21.4133
21.4133
21.4133
21.4133
21.4133
21.4133
21.4133
21.4134
21.4134
21.4134
21.4134
21.4134
21.4134
21.4134
21.4135
21.4135
21.4135
21.4136
21.4136
21.4136
21.4669
21.4669
21.4669
21.4669
21.4668
21.4668
21.4668
21.4667
21.4667
21.4667
21.4667
21.4667
21.4667
21.4667
21.4667
21.4666
21.4666
21.4666
21.4666
21.4666
21.4666
21.4666
21.4666
21.4666
21.4666
21.4666
21.4666
21.4666
21.4666
21.4666
21.4666
21.4666
21.4666
21.4666
21.4666
21.4666
21.4666
21.4666
21.4666
21.4666
21.4666
21.4666
21.4666
21.4666
21.4666
21.4667
21.4667
21.4667
21.4667
21.4667
21.4667
21.4667
21.4667
21.4668
21.4668
21.4668
21.4669
21.4669
21.4669
21.4669
21.5213
21.5213
21.5212
21.5212
21.5212
21.5211
21.5211
21.5211
21.5211
21.5211
21.521
21.521
21.521
21.521
21.521
21.521
21.521
21.521
21.521
21.521
21.521
21.521
21.521
21.521
21.521
21.521
21.521
21.521
21.521
21.521
21.521
21.521
21.521
21.521
21.521
21.521
21.521
21.521
21.521
21.521
21.521
21.521
21.521
21.521
21.521
21.521
21.521
21.521
21.521
21.521
21.5211
21.5211
21.5211
21.5211
21.5211
21.5212
21.5212
21.5212
21.5213
21.5213
21.5767
21.5767
21.5767
21.5766
21.5766
21.5766
21.5765
21.5765
21.5765
21.5765
21.5765
21.5765
21.5764
21.5764
21.5764
21.5764
21.5764
21.5764
21.5764
21.5764
21.5764
21.5764
21.5764
21.5764
21.5764
21.5764
21.5764
21.5764
21.5764
21.5764
21.5764
21.5764
21.5764
21.5764
21.5764
21.5764
21.5764
21.5764
21.5764
21.5764
21.5764
21.5764
21.5764
21.5764
21.5764
21.5764
21.5764
21.5764
21.5765
21.5765
21.5765
21.5765
21.5765
21.5765
21.5766
21.5766
21.5766
21.5767
21.5767
21.5767
21.6333
21.6332
21.6332
21.6332
21.6332
21.6331
21.6331
21.6331
21.633
21.633
21.633
21.633
21.633
21.633
21.633
21.633
21.633
21.633
21.6329
21.6329
21.6329
21.6329
21.6329
21.6329
21.6329
21.6329
21.6329
21.6329
21.6329
21.6329
21.6329
21.6329
21.6329
21.6329
21.6329
21.6329
21.6329
21.6329
21.6329
21.6329
21.6329
21.6329
21.633
21.633
21.633
21.633
21.633
21.633
21.633
21.633
21.633
21.633
21.6331
21.6331
21.6331
21.6332
21.6332
21.6332
21.6332
21.6333
21.691
21.691
21.6909
21.6909
21.6909
21.6908
21.6908
21.6908
21.6908
21.6908
21.6907
21.6907
21.6907
21.6907
21.6907
21.6907
21.6907
21.6907
21.6907
21.6907
21.6907
21.6907
21.6906
21.6906
21.6906
21.6906
21.6906
21.6906
21.6906
21.6906
21.6906
21.6906
21.6906
21.6906
21.6906
21.6906
21.6906
21.6906
21.6907
21.6907
21.6907
21.6907
21.6907
21.6907
21.6907
21.6907
21.6907
21.6907
21.6907
21.6907
21.6908
21.6908
21.6908
21.6908
21.6908
21.6909
21.6909
21.6909
21.691
21.691
21.7499
21.7499
21.7499
21.7499
21.7498
21.7498
21.7498
21.7497
21.7497
21.7497
21.7497
21.7497
21.7497
21.7496
21.7496
21.7496
21.7496
21.7496
21.7496
21.7496
21.7496
21.7496
21.7496
21.7496
21.7496
21.7496
21.7496
21.7496
21.7496
21.7496
21.7496
21.7496
21.7496
21.7496
21.7496
21.7496
21.7496
21.7496
21.7496
21.7496
21.7496
21.7496
21.7496
21.7496
21.7496
21.7496
21.7496
21.7497
21.7497
21.7497
21.7497
21.7497
21.7497
21.7498
21.7498
21.7498
21.7499
21.7499
21.7499
21.7499
21.8101
21.8101
21.8101
21.8101
21.81
21.81
21.81
21.81
21.8099
21.8099
21.8099
21.8099
21.8099
21.8099
21.8098
21.8098
21.8098
21.8098
21.8098
21.8098
21.8098
21.8098
21.8098
21.8098
21.8098
21.8098
21.8098
21.8098
21.8098
21.8098
21.8098
21.8098
21.8098
21.8098
21.8098
21.8098
21.8098
21.8098
21.8098
21.8098
21.8098
21.8098
21.8098
21.8098
21.8098
21.8098
21.8099
21.8099
21.8099
21.8099
21.8099
21.8099
21.81
21.81
21.81
21.81
21.8101
21.8101
21.8101
21.8101
21.8717
21.8717
21.8716
21.8716
21.8716
21.8716
21.8715
21.8715
21.8715
21.8715
21.8714
21.8714
21.8714
21.8714
21.8714
21.8714
21.8714
21.8714
21.8714
21.8714
21.8714
21.8713
21.8713
21.8713
21.8713
21.8713
21.8713
21.8713
21.8713
21.8713
21.8713
21.8713
21.8713
21.8713
21.8713
21.8713
21.8713
21.8713
21.8713
21.8714
21.8714
21.8714
21.8714
21.8714
21.8714
21.8714
21.8714
21.8714
21.8714
21.8714
21.8715
21.8715
21.8715
21.8715
21.8716
21.8716
21.8716
21.8716
21.8717
21.8717
21.9346
21.9346
21.9346
21.9345
21.9345
21.9345
21.9345
21.9344
21.9344
21.9344
21.9344
21.9344
21.9343
21.9343
21.9343
21.9343
21.9343
21.9343
21.9343
21.9343
21.9343
21.9343
21.9343
21.9343
21.9343
21.9343
21.9343
21.9343
21.9343
21.9343
21.9343
21.9343
21.9343
21.9343
21.9343
21.9343
21.9343
21.9343
21.9343
21.9343
21.9343
21.9343
21.9343
21.9343
21.9343
21.9343
21.9343
21.9343
21.9344
21.9344
21.9344
21.9344
21.9344
21.9345
21.9345
21.9345
21.9345
21.9346
21.9346
21.9346
21.999
21.9989
21.9989
21.9989
21.9989
21.9988
21.9988
21.9988
21.9988
21.9987
21.9987
21.9987
21.9987
21.9987
21.9987
21.9987
21.9987
21.9986
21.9986
21.9986
21.9986
21.9986
21.9986
21.9986
21.9986
21.9986
21.9986
21.9986
21.9986
21.9986
21.9986
21.9986
21.9986
21.9986
21.9986
21.9986
21.9986
21.9986
21.9986
21.9986
21.9986
21.9986
21.9986
21.9987
21.9987
21.9987
21.9987
21.9987
21.9987
21.9987
21.9987
21.9988
21.9988
21.9988
21.9988
21.9989
21.9989
21.9989
21.9989
21.999
22.0648
22.0648
22.0648
22.0647
22.0647
22.0647
22.0647
22.0646
22.0646
22.0646
22.0646
22.0646
22.0645
22.0645
22.0645
22.0645
22.0645
22.0645
22.0645
22.0645
22.0645
22.0645
22.0645
22.0645
22.0645
22.0645
22.0645
22.0644
22.0644
22.0644
22.0644
22.0644
22.0644
22.0645
22.0645
22.0645
22.0645
22.0645
22.0645
22.0645
22.0645
22.0645
22.0645
22.0645
22.0645
22.0645
22.0645
22.0645
22.0646
22.0646
22.0646
22.0646
22.0646
22.0647
22.0647
22.0647
22.0647
22.0648
22.0648
22.0648
22.1322
22.1322
22.1322
22.1321
22.1321
22.1321
22.1321
22.132
22.132
22.132
22.132
22.1319
22.1319
22.1319
22.1319
22.1319
22.1319
22.1319
22.1319
22.1319
22.1319
22.1319
22.1319
22.1318
22.1318
22.1318
22.1318
22.1318
22.1318
22.1318
22.1318
22.1318
22.1318
22.1318
22.1318
22.1318
22.1318
22.1319
22.1319
22.1319
22.1319
22.1319
22.1319
22.1319
22.1319
22.1319
22.1319
22.1319
22.1319
22.132
22.132
22.132
22.132
22.1321
22.1321
22.1321
22.1321
22.1322
22.1322
22.1322
22.2012
22.2012
22.2012
22.2011
22.2011
22.2011
22.201
22.201
22.201
22.201
22.201
22.2009
22.2009
22.2009
22.2009
22.2009
22.2009
22.2009
22.2009
22.2009
22.2009
22.2008
22.2008
22.2008
22.2008
22.2008
22.2008
22.2008
22.2008
22.2008
22.2008
22.2008
22.2008
22.2008
22.2008
22.2008
22.2008
22.2008
22.2008
22.2009
22.2009
22.2009
22.2009
22.2009
22.2009
22.2009
22.2009
22.2009
22.2009
22.201
22.201
22.201
22.201
22.201
22.2011
22.2011
22.2011
22.2012
22.2012
22.2012
22.2718
22.2718
22.2718
22.2718
22.2718
22.2717
22.2717
22.2717
22.2717
22.2716
22.2716
22.2716
22.2716
22.2716
22.2716
22.2715
22.2715
22.2715
22.2715
22.2715
22.2715
22.2715
22.2715
22.2715
22.2715
22.2715
22.2715
22.2715
22.2715
22.2715
22.2715
22.2715
22.2715
22.2715
22.2715
22.2715
22.2715
22.2715
22.2715
22.2715
22.2715
22.2715
22.2715
22.2715
22.2715
22.2716
22.2716
22.2716
22.2716
22.2716
22.2716
22.2717
22.2717
22.2717
22.2717
22.2718
22.2718
22.2718
22.2718
22.2718
22.3442
22.3442
22.3442
22.3442
22.3441
22.3441
22.3441
22.3441
22.344
22.344
22.344
22.344
22.344
22.344
22.3439
22.3439
22.3439
22.3439
22.3439
22.3439
22.3439
22.3439
22.3439
22.3439
22.3439
22.3439
22.3439
22.3439
22.3439
22.3439
22.3439
22.3439
22.3439
22.3439
22.3439
22.3439
22.3439
22.3439
22.3439
22.3439
22.3439
22.3439
22.3439
22.3439
22.3439
22.3439
22.344
22.344
22.344
22.344
22.344
22.344
22.3441
22.3441
22.3441
22.3441
22.3442
22.3442
22.3442
22.3442
22.4184
22.4184
22.4184
22.4183
22.4183
22.4183
22.4183
22.4182
22.4182
22.4182
22.4182
22.4182
22.4181
22.4181
22.4181
22.4181
22.4181
22.4181
22.4181
22.4181
22.4181
22.4181
22.4181
22.4181
22.4181
22.418
22.418
22.418
22.418
22.418
22.418
22.418
22.418
22.418
22.418
22.4181
22.4181
22.4181
22.4181
22.4181
22.4181
22.4181
22.4181
22.4181
22.4181
22.4181
22.4181
22.4181
22.4182
22.4182
22.4182
22.4182
22.4182
22.4183
22.4183
22.4183
22.4183
22.4184
22.4184
22.4184
22.4944
22.4944
22.4944
22.4944
22.4943
22.4943
22.4943
22.4943
22.4942
22.4942
22.4942
22.4942
22.4942
22.4942
22.4941
22.4941
22.4941
22.4941
22.4941
22.4941
22.4941
22.4941
22.4941
22.4941
22.4941
22.4941
22.4941
22.4941
22.4941
22.4941
22.4941
22.4941
22.4941
22.4941
22.4941
22.4941
22.4941
22.4941
22.4941
22.4941
22.4941
22.4941
22.4941
22.4941
22.4941
22.4941
22.4942
22.4942
22.4942
22.4942
22.4942
22.4942
22.4943
22.4943
22.4943
22.4943
22.4944
22.4944
22.4944
22.4944
22.5724
22.5724
22.5723
22.5723
22.5723
22.5723
22.5722
22.5722
22.5722
22.5722
22.5722
22.5721
22.5721
22.5721
22.5721
22.5721
22.5721
22.5721
22.572
22.572
22.572
22.572
22.572
22.572
22.572
22.572
22.572
22.572
22.572
22.572
22.572
22.572
22.572
22.572
22.572
22.572
22.572
22.572
22.572
22.572
22.572
22.572
22.5721
22.5721
22.5721
22.5721
22.5721
22.5721
22.5721
22.5722
22.5722
22.5722
22.5722
22.5722
22.5723
22.5723
22.5723
22.5723
22.5724
22.5724
22.6523
22.6523
22.6523
22.6522
22.6522
22.6522
22.6522
22.6521
22.6521
22.6521
22.6521
22.6521
22.652
22.652
22.652
22.652
22.652
22.652
22.652
22.652
22.652
22.652
22.652
22.652
22.6519
22.6519
22.6519
22.6519
22.6519
22.6519
22.6519
22.6519
22.6519
22.6519
22.6519
22.6519
22.652
22.652
22.652
22.652
22.652
22.652
22.652
22.652
22.652
22.652
22.652
22.652
22.6521
22.6521
22.6521
22.6521
22.6521
22.6522
22.6522
22.6522
22.6522
22.6523
22.6523
22.6523
22.7343
22.7343
22.7342
22.7342
22.7342
22.7342
22.7342
22.7341
22.7341
22.7341
22.7341
22.7341
22.734
22.734
22.734
22.734
22.734
22.734
22.734
22.734
22.7339
22.7339
22.7339
22.7339
22.7339
22.7339
22.7339
22.7339
22.7339
22.7339
22.7339
22.7339
22.7339
22.7339
22.7339
22.7339
22.7339
22.7339
22.7339
22.7339
22.734
22.734
22.734
22.734
22.734
22.734
22.734
22.734
22.7341
22.7341
22.7341
22.7341
22.7341
22.7342
22.7342
22.7342
22.7342
22.7342
22.7343
22.7343
22.8184
22.8184
22.8184
22.8183
22.8183
22.8183
22.8183
22.8182
22.8182
22.8182
22.8182
22.8182
22.8181
22.8181
22.8181
22.8181
22.8181
22.8181
22.8181
22.8181
22.8181
22.8181
22.8181
22.818
22.818
22.818
22.818
22.818
22.818
22.818
22.818
22.818
22.818
22.818
22.818
22.818
22.818
22.8181
22.8181
22.8181
22.8181
22.8181
22.8181
22.8181
22.8181
22.8181
22.8181
22.8181
22.8182
22.8182
22.8182
22.8182
22.8182
22.8183
22.8183
22.8183
22.8183
22.8184
22.8184
22.8184
22.9047
22.9047
22.9047
22.9047
22.9046
22.9046
22.9046
22.9046
22.9045
22.9045
22.9045
22.9045
22.9045
22.9044
22.9044
22.9044
22.9044
22.9044
22.9044
22.9044
22.9044
22.9044
22.9044
22.9044
22.9044
22.9044
22.9044
22.9043
22.9043
22.9043
22.9043
22.9043
22.9043
22.9044
22.9044
22.9044
22.9044
22.9044
22.9044
22.9044
22.9044
22.9044
22.9044
22.9044
22.9044
22.9044
22.9044
22.9045
22.9045
22.9045
22.9045
22.9045
22.9046
22.9046
22.9046
22.9046
22.9047
22.9047
22.9047
22.9047
22.9933
22.9933
22.9933
22.9932
22.9932
22.9932
22.9932
22.9931
22.9931
22.9931
22.9931
22.9931
22.993
22.993
22.993
22.993
22.993
22.993
22.993
22.993
22.993
22.993
22.993
22.9929
22.9929
22.9929
22.9929
22.9929
22.9929
22.9929
22.9929
22.9929
22.9929
22.9929
22.9929
22.9929
22.9929
22.993
22.993
22.993
22.993
22.993
22.993
22.993
22.993
22.993
22.993
22.993
22.9931
22.9931
22.9931
22.9931
22.9931
22.9932
22.9932
22.9932
22.9932
22.9933
22.9933
22.9933
23.0842
23.0842
23.0842
23.0842
23.0841
23.0841
23.0841
23.0841
23.0841
23.084
23.084
23.084
23.084
23.084
23.084
23.0839
23.0839
23.0839
23.0839
23.0839
23.0839
23.0839
23.0839
23.0839
23.0839
23.0839
23.0839
23.0839
23.0839
23.0839
23.0839
23.0839
23.0839
23.0839
23.0839
23.0839
23.0839
23.0839
23.0839
23.0839
23.0839
23.0839
23.0839
23.0839
23.0839
23.084
23.084
23.084
23.084
23.084
23.084
23.0841
23.0841
23.0841
23.0841
23.0841
23.0842
23.0842
23.0842
23.0842
23.1776
23.1776
23.1776
23.1775
23.1775
23.1775
23.1775
23.1774
23.1774
23.1774
23.1774
23.1774
23.1774
23.1773
23.1773
23.1773
23.1773
23.1773
23.1773
23.1773
23.1773
23.1773
23.1773
23.1773
23.1772
23.1772
23.1772
23.1772
23.1772
23.1772
23.1772
23.1772
23.1772
23.1772
23.1772
23.1772
23.1773
23.1773
23.1773
23.1773
23.1773
23.1773
23.1773
23.1773
23.1773
23.1773
23.1773
23.1774
23.1774
23.1774
23.1774
23.1774
23.1774
23.1775
23.1775
23.1775
23.1775
23.1776
23.1776
23.1776
23.2734
23.2734
23.2734
23.2734
23.2734
23.2734
23.2733
23.2733
23.2733
23.2733
23.2733
23.2732
23.2732
23.2732
23.2732
23.2732
23.2732
23.2732
23.2732
23.2732
23.2731
23.2731
23.2731
23.2731
23.2731
23.2731
23.2731
23.2731
23.2731
23.2731
23.2731
23.2731
23.2731
23.2731
23.2731
23.2731
23.2731
23.2731
23.2731
23.2731
23.2732
23.2732
23.2732
23.2732
23.2732
23.2732
23.2732
23.2732
23.2732
23.2733
23.2733
23.2733
23.2733
23.2733
23.2734
23.2734
23.2734
23.2734
23.2734
23.2734
23.3719
23.3719
23.3719
23.3719
23.3719
23.3718
23.3718
23.3718
23.3718
23.3718
23.3717
23.3717
23.3717
23.3717
23.3717
23.3717
23.3717
23.3716
23.3716
23.3716
23.3716
23.3716
23.3716
23.3716
23.3716
23.3716
23.3716
23.3716
23.3716
23.3716
23.3716
23.3716
23.3716
23.3716
23.3716
23.3716
23.3716
23.3716
23.3716
23.3716
23.3716
23.3716
23.3716
23.3717
23.3717
23.3717
23.3717
23.3717
23.3717
23.3717
23.3718
23.3718
23.3718
23.3718
23.3718
23.3719
23.3719
23.3719
23.3719
23.3719
23.4731
23.473
23.473
23.473
23.473
23.473
23.473
23.4729
23.4729
23.4729
23.4729
23.4729
23.4729
23.4728
23.4728
23.4728
23.4728
23.4728
23.4728
23.4728
23.4728
23.4728
23.4728
23.4728
23.4728
23.4728
23.4727
23.4727
23.4727
23.4727
23.4727
23.4727
23.4727
23.4727
23.4728
23.4728
23.4728
23.4728
23.4728
23.4728
23.4728
23.4728
23.4728
23.4728
23.4728
23.4728
23.4728
23.4729
23.4729
23.4729
23.4729
23.4729
23.4729
23.473
23.473
23.473
23.473
23.473
23.473
23.4731
23.577
23.5769
23.5769
23.5769
23.5769
23.5769
23.5769
23.5769
23.5768
23.5768
23.5768
23.5768
23.5768
23.5768
23.5767
23.5767
23.5767
23.5767
23.5767
23.5767
23.5767
23.5767
23.5767
23.5767
23.5767
23.5767
23.5767
23.5767
23.5767
23.5767
23.5767
23.5767
23.5767
23.5767
23.5767
23.5767
23.5767
23.5767
23.5767
23.5767
23.5767
23.5767
23.5767
23.5767
23.5767
23.5767
23.5768
23.5768
23.5768
23.5768
23.5768
23.5768
23.5769
23.5769
23.5769
23.5769
23.5769
23.5769
23.5769
23.577
23.6837
23.6837
23.6837
23.6837
23.6837
23.6837
23.6836
23.6836
23.6836
23.6836
23.6836
23.6835
23.6835
23.6835
23.6835
23.6835
23.6835
23.6835
23.6835
23.6835
23.6835
23.6835
23.6834
23.6834
23.6834
23.6834
23.6834
23.6834
23.6834
23.6834
23.6834
23.6834
23.6834
23.6834
23.6834
23.6834
23.6834
23.6834
23.6835
23.6835
23.6835
23.6835
23.6835
23.6835
23.6835
23.6835
23.6835
23.6835
23.6835
23.6836
23.6836
23.6836
23.6836
23.6836
23.6837
23.6837
23.6837
23.6837
23.6837
23.6837
23.7934
23.7934
23.7934
23.7934
23.7934
23.7934
23.7933
23.7933
23.7933
23.7933
23.7933
23.7933
23.7932
23.7932
23.7932
23.7932
23.7932
23.7932
23.7932
23.7932
23.7932
23.7932
23.7932
23.7932
23.7932
23.7931
23.7931
23.7931
23.7931
23.7931
23.7931
23.7931
23.7931
23.7931
23.7931
23.7932
23.7932
23.7932
23.7932
23.7932
23.7932
23.7932
23.7932
23.7932
23.7932
23.7932
23.7932
23.7932
23.7933
23.7933
23.7933
23.7933
23.7933
23.7933
23.7934
23.7934
23.7934
23.7934
23.7934
23.7934
23.9061
23.9061
23.9061
23.9061
23.9061
23.9061
23.9061
23.9061
23.906
23.906
23.906
23.906
23.906
23.906
23.906
23.906
23.9059
23.9059
23.9059
23.9059
23.9059
23.9059
23.9059
23.9059
23.9059
23.9059
23.9059
23.9059
23.9059
23.9059
23.9059
23.9059
23.9059
23.9059
23.9059
23.9059
23.9059
23.9059
23.9059
23.9059
23.9059
23.9059
23.9059
23.9059
23.906
23.906
23.906
23.906
23.906
23.906
23.906
23.906
23.9061
23.9061
23.9061
23.9061
23.9061
23.9061
23.9061
23.9061
24.022
24.022
24.022
24.022
24.022
24.022
24.0219
24.0219
24.0219
24.0219
24.0219
24.0219
24.0219
24.0218
24.0218
24.0218
24.0218
24.0218
24.0218
24.0218
24.0218
24.0218
24.0218
24.0218
24.0218
24.0218
24.0218
24.0218
24.0218
24.0218
24.0218
24.0218
24.0218
24.0218
24.0218
24.0218
24.0218
24.0218
24.0218
24.0218
24.0218
24.0218
24.0218
24.0218
24.0218
24.0218
24.0218
24.0219
24.0219
24.0219
24.0219
24.0219
24.0219
24.0219
24.022
24.022
24.022
24.022
24.022
24.022
24.1411
24.1411
24.1411
24.1411
24.1411
24.141
24.141
24.141
24.141
24.141
24.141
24.141
24.141
24.1409
24.1409
24.1409
24.1409
24.1409
24.1409
24.1409
24.1409
24.1409
24.1409
24.1409
24.1409
24.1409
24.1409
24.1409
24.1409
24.1409
24.1409
24.1409
24.1409
24.1409
24.1409
24.1409
24.1409
24.1409
24.1409
24.1409
24.1409
24.1409
24.1409
24.1409
24.1409
24.1409
24.1409
24.141
24.141
24.141
24.141
24.141
24.141
24.141
24.141
24.1411
24.1411
24.1411
24.1411
24.1411
24.2635
24.2635
24.2635
24.2635
24.2635
24.2635
24.2634
24.2634
24.2634
24.2634
24.2634
24.2634
24.2634
24.2634
24.2634
24.2634
24.2633
24.2633
24.2633
24.2633
24.2633
24.2633
24.2633
24.2633
24.2633
24.2633
24.2633
24.2633
24.2633
24.2633
24.2633
24.2633
24.2633
24.2633
24.2633
24.2633
24.2633
24.2633
24.2633
24.2633
24.2633
24.2633
24.2633
24.2633
24.2634
24.2634
24.2634
24.2634
24.2634
24.2634
24.2634
24.2634
24.2634
24.2634
24.2635
24.2635
24.2635
24.2635
24.2635
24.2635
24.3893
24.3893
24.3893
24.3893
24.3893
24.3893
24.3893
24.3893
24.3893
24.3893
24.3892
24.3892
24.3892
24.3892
24.3892
24.3892
24.3892
24.3892
24.3892
24.3892
24.3892
24.3892
24.3892
24.3892
24.3892
24.3892
24.3892
24.3892
24.3892
24.3892
24.3892
24.3892
24.3892
24.3892
24.3892
24.3892
24.3892
24.3892
24.3892
24.3892
24.3892
24.3892
24.3892
24.3892
24.3892
24.3892
24.3892
24.3892
24.3892
24.3892
24.3893
24.3893
24.3893
24.3893
24.3893
24.3893
24.3893
24.3893
24.3893
24.3893
24.5187
24.5187
24.5187
24.5187
24.5187
24.5186
24.5186
24.5186
24.5186
24.5186
24.5186
24.5186
24.5186
24.5186
24.5186
24.5186
24.5186
24.5186
24.5186
24.5186
24.5185
24.5185
24.5185
24.5185
24.5185
24.5185
24.5185
24.5185
24.5185
24.5185
24.5185
24.5185
24.5185
24.5185
24.5185
24.5185
24.5185
24.5185
24.5185
24.5185
24.5186
24.5186
24.5186
24.5186
24.5186
24.5186
24.5186
24.5186
24.5186
24.5186
24.5186
24.5186
24.5186
24.5186
24.5186
24.5187
24.5187
24.5187
24.5187
24.5187
24.6516
24.6516
24.6516
24.6516
24.6516
24.6516
24.6516
24.6516
24.6516
24.6516
24.6516
24.6516
24.6516
24.6516
24.6516
24.6516
24.6516
24.6516
24.6516
24.6515
24.6515
24.6515
24.6515
24.6515
24.6515
24.6515
24.6515
24.6515
24.6515
24.6515
24.6515
24.6515
24.6515
24.6515
24.6515
24.6515
24.6515
24.6515
24.6515
24.6515
24.6515
24.6516
24.6516
24.6516
24.6516
24.6516
24.6516
24.6516
24.6516
24.6516
24.6516
24.6516
24.6516
24.6516
24.6516
24.6516
24.6516
24.6516
24.6516
24.6516
24.7883
24.7883
24.7883
24.7883
24.7883
24.7883
24.7883
24.7883
24.7883
24.7883
24.7883
24.7883
24.7883
24.7883
24.7883
24.7883
24.7883
24.7883
24.7883
24.7883
24.7883
24.7883
24.7883
24.7883
24.7883
24.7883
24.7883
24.7883
24.7883
24.7883
24.7883
24.7883
24.7883
24.7883
24.7883
24.7883
24.7883
24.7883
24.7883
24.7883
24.7883
24.7883
24.7883
24.7883
24.7883
24.7883
24.7883
24.7883
24.7883
24.7883
24.7883
24.7883
24.7883
24.7883
24.7883
24.7883
24.7883
24.7883
24.7883
24.7883
24.9288
24.9288
24.9288
24.9288
24.9288
24.9288
24.9288
24.9288
24.9288
24.9288
24.9288
24.9288
24.9288
24.9288
24.9288
24.9288
24.9288
24.9288
24.9288
24.9288
24.9288
24.9288
24.9288
24.9288
24.9288
24.9288
24.9288
24.9288
24.9288
24.9288
24.9288
24.9288
24.9288
24.9288
24.9288
24.9288
24.9288
24.9288
24.9288
24.9288
24.9288
24.9288
24.9288
24.9288
24.9288
24.9288
24.9288
24.9288
24.9288
24.9288
24.9288
24.9288
24.9288
24.9288
24.9288
24.9288
24.9288
24.9288
24.9288
24.9288
)
;

boundaryField
{
    top
    {
        type            fixedValue;
        value           uniform 25;
    }
    bottom
    {
        type            fixedValue;
        value           uniform 0;
    }
    wall
    {
        type            zeroGradient;
    }
    frontAndBack
    {
        type            empty;
    }
}


// ************************************************************************* //
