/*--------------------------------*- C++ -*----------------------------------*\
| =========                 |                                                 |
| \\      /  F ield         | foam-extend: Open Source CFD                    |
|  \\    /   O peration     | Version:     4.0                                |
|   \\  /    A nd           | Web:         http://www.foam-extend.org         |
|    \\/     M anipulation  |                                                 |
\*---------------------------------------------------------------------------*/
FoamFile
{
    version     2.0;
    format      ascii;
    class       volScalarField;
    location    "280";
    object      psiE;
}
// * * * * * * * * * * * * * * * * * * * * * * * * * * * * * * * * * * * * * //

dimensions      [0 0 0 0 0 0 0];

internalField   nonuniform List<scalar> 
6960
(
0.361264
0.361282
0.3613
0.361315
0.361328
0.361338
0.361346
0.361352
0.361357
0.36136
0.361363
0.361366
0.361367
0.361369
0.36137
0.361371
0.361372
0.361373
0.361374
0.361374
0.361375
0.361375
0.361376
0.361376
0.361376
0.361377
0.361377
0.361377
0.361377
0.361377
0.361377
0.361377
0.361377
0.361377
0.361377
0.361376
0.361376
0.361376
0.361375
0.361375
0.361374
0.361374
0.361373
0.361372
0.361371
0.36137
0.361369
0.361367
0.361366
0.361363
0.36136
0.361357
0.361352
0.361346
0.361338
0.361328
0.361315
0.3613
0.361282
0.361264
0.946714
0.946786
0.946859
0.946922
0.946973
0.947014
0.947045
0.947069
0.947088
0.947102
0.947114
0.947122
0.94713
0.947135
0.94714
0.947144
0.947147
0.94715
0.947152
0.947154
0.947156
0.947157
0.947158
0.947159
0.94716
0.947161
0.947162
0.947162
0.947162
0.947162
0.947162
0.947162
0.947162
0.947162
0.947161
0.94716
0.947159
0.947158
0.947157
0.947156
0.947154
0.947152
0.94715
0.947147
0.947144
0.94714
0.947135
0.94713
0.947122
0.947114
0.947102
0.947088
0.947069
0.947045
0.947014
0.946973
0.946922
0.946859
0.946786
0.946714
1.50659
1.50672
1.50687
1.50699
1.50708
1.50716
1.50722
1.50727
1.5073
1.50733
1.50735
1.50737
1.50738
1.50739
1.5074
1.50741
1.50741
1.50742
1.50742
1.50743
1.50743
1.50743
1.50743
1.50743
1.50744
1.50744
1.50744
1.50744
1.50744
1.50744
1.50744
1.50744
1.50744
1.50744
1.50744
1.50744
1.50743
1.50743
1.50743
1.50743
1.50743
1.50742
1.50742
1.50741
1.50741
1.5074
1.50739
1.50738
1.50737
1.50735
1.50733
1.5073
1.50727
1.50722
1.50716
1.50708
1.50699
1.50687
1.50672
1.50659
2.06666
2.06687
2.06709
2.06727
2.06742
2.06753
2.06763
2.0677
2.06775
2.06779
2.06782
2.06785
2.06787
2.06788
2.0679
2.06791
2.06792
2.06792
2.06793
2.06793
2.06794
2.06794
2.06795
2.06795
2.06795
2.06795
2.06795
2.06795
2.06795
2.06796
2.06796
2.06795
2.06795
2.06795
2.06795
2.06795
2.06795
2.06795
2.06794
2.06794
2.06793
2.06793
2.06792
2.06792
2.06791
2.0679
2.06788
2.06787
2.06785
2.06782
2.06779
2.06775
2.0677
2.06763
2.06753
2.06742
2.06727
2.06709
2.06687
2.06666
2.63423
2.63451
2.6348
2.63505
2.63525
2.63541
2.63553
2.63563
2.6357
2.63576
2.6358
2.63583
2.63586
2.63588
2.6359
2.63591
2.63592
2.63593
2.63594
2.63595
2.63595
2.63596
2.63596
2.63597
2.63597
2.63597
2.63597
2.63597
2.63597
2.63598
2.63598
2.63597
2.63597
2.63597
2.63597
2.63597
2.63597
2.63596
2.63596
2.63595
2.63595
2.63594
2.63593
2.63592
2.63591
2.6359
2.63588
2.63586
2.63583
2.6358
2.63576
2.6357
2.63563
2.63553
2.63541
2.63525
2.63505
2.6348
2.63451
2.63423
3.21128
3.21163
3.212
3.21231
3.21257
3.21277
3.21293
3.21305
3.21314
3.21321
3.21326
3.21331
3.21334
3.21337
3.21339
3.21341
3.21342
3.21343
3.21344
3.21345
3.21346
3.21346
3.21347
3.21347
3.21348
3.21348
3.21348
3.21348
3.21349
3.21349
3.21349
3.21349
3.21348
3.21348
3.21348
3.21348
3.21347
3.21347
3.21346
3.21346
3.21345
3.21344
3.21343
3.21342
3.21341
3.21339
3.21337
3.21334
3.21331
3.21326
3.21321
3.21314
3.21305
3.21293
3.21277
3.21257
3.21231
3.212
3.21163
3.21128
3.79824
3.79867
3.79911
3.79949
3.7998
3.80004
3.80023
3.80038
3.80049
3.80058
3.80064
3.80069
3.80073
3.80077
3.80079
3.80081
3.80083
3.80085
3.80086
3.80087
3.80088
3.80088
3.80089
3.8009
3.8009
3.8009
3.80091
3.80091
3.80091
3.80091
3.80091
3.80091
3.80091
3.80091
3.8009
3.8009
3.8009
3.80089
3.80088
3.80088
3.80087
3.80086
3.80085
3.80083
3.80081
3.80079
3.80077
3.80073
3.80069
3.80064
3.80058
3.80049
3.80038
3.80023
3.80004
3.7998
3.79949
3.79911
3.79867
3.79824
4.39506
4.39556
4.39608
4.39653
4.39689
4.39717
4.3974
4.39757
4.3977
4.3978
4.39788
4.39794
4.39799
4.39802
4.39805
4.39808
4.3981
4.39812
4.39813
4.39814
4.39815
4.39816
4.39817
4.39818
4.39818
4.39819
4.39819
4.39819
4.39819
4.39819
4.39819
4.39819
4.39819
4.39819
4.39819
4.39818
4.39818
4.39817
4.39816
4.39815
4.39814
4.39813
4.39812
4.3981
4.39808
4.39805
4.39802
4.39799
4.39794
4.39788
4.3978
4.3977
4.39757
4.3974
4.39717
4.39689
4.39653
4.39608
4.39556
4.39506
5.00151
5.00208
5.00268
5.00319
5.00361
5.00394
5.00419
5.00439
5.00454
5.00466
5.00475
5.00482
5.00487
5.00491
5.00495
5.00498
5.005
5.00502
5.00504
5.00505
5.00506
5.00507
5.00508
5.00509
5.0051
5.0051
5.0051
5.00511
5.00511
5.00511
5.00511
5.00511
5.00511
5.0051
5.0051
5.0051
5.00509
5.00508
5.00507
5.00506
5.00505
5.00504
5.00502
5.005
5.00498
5.00495
5.00491
5.00487
5.00482
5.00475
5.00466
5.00454
5.00439
5.00419
5.00394
5.00361
5.00319
5.00268
5.00208
5.00151
5.61728
5.61792
5.6186
5.61918
5.61965
5.62002
5.62031
5.62053
5.6207
5.62083
5.62093
5.62101
5.62108
5.62112
5.62116
5.6212
5.62122
5.62125
5.62126
5.62128
5.62129
5.6213
5.62131
5.62132
5.62133
5.62133
5.62134
5.62134
5.62134
5.62134
5.62134
5.62134
5.62134
5.62134
5.62133
5.62133
5.62132
5.62131
5.6213
5.62129
5.62128
5.62126
5.62125
5.62122
5.6212
5.62116
5.62112
5.62108
5.62101
5.62093
5.62083
5.6207
5.62053
5.62031
5.62002
5.61965
5.61918
5.6186
5.61792
5.61728
6.24198
6.2427
6.24346
6.2441
6.24462
6.24504
6.24536
6.24561
6.2458
6.24594
6.24606
6.24614
6.24621
6.24627
6.24631
6.24635
6.24638
6.2464
6.24642
6.24644
6.24646
6.24647
6.24648
6.24649
6.2465
6.2465
6.24651
6.24651
6.24651
6.24651
6.24651
6.24651
6.24651
6.24651
6.2465
6.2465
6.24649
6.24648
6.24647
6.24646
6.24644
6.24642
6.2464
6.24638
6.24635
6.24631
6.24627
6.24621
6.24614
6.24606
6.24594
6.2458
6.24561
6.24536
6.24504
6.24462
6.2441
6.24346
6.2427
6.24198
6.87517
6.87596
6.87679
6.8775
6.87808
6.87853
6.87888
6.87916
6.87937
6.87953
6.87965
6.87975
6.87983
6.87989
6.87994
6.87998
6.88001
6.88004
6.88006
6.88008
6.8801
6.88011
6.88012
6.88013
6.88014
6.88015
6.88015
6.88016
6.88016
6.88016
6.88016
6.88016
6.88016
6.88015
6.88015
6.88014
6.88013
6.88012
6.88011
6.8801
6.88008
6.88006
6.88004
6.88001
6.87998
6.87994
6.87989
6.87983
6.87975
6.87965
6.87953
6.87937
6.87916
6.87888
6.87853
6.87808
6.8775
6.87679
6.87596
6.87517
7.51631
7.51717
7.51807
7.51884
7.51947
7.51997
7.52035
7.52065
7.52088
7.52105
7.52119
7.5213
7.52138
7.52145
7.5215
7.52154
7.52158
7.52161
7.52164
7.52166
7.52168
7.52169
7.5217
7.52172
7.52172
7.52173
7.52174
7.52174
7.52174
7.52175
7.52175
7.52174
7.52174
7.52174
7.52173
7.52172
7.52172
7.5217
7.52169
7.52168
7.52166
7.52164
7.52161
7.52158
7.52154
7.5215
7.52145
7.52138
7.5213
7.52119
7.52105
7.52088
7.52065
7.52035
7.51997
7.51947
7.51884
7.51807
7.51717
7.51631
8.16476
8.16569
8.16666
8.1675
8.16818
8.16872
8.16913
8.16945
8.1697
8.16989
8.17004
8.17016
8.17025
8.17032
8.17038
8.17043
8.17047
8.1705
8.17053
8.17055
8.17057
8.17059
8.1706
8.17061
8.17062
8.17063
8.17064
8.17064
8.17065
8.17065
8.17065
8.17065
8.17064
8.17064
8.17063
8.17062
8.17061
8.1706
8.17059
8.17057
8.17055
8.17053
8.1705
8.17047
8.17043
8.17038
8.17032
8.17025
8.17016
8.17004
8.16989
8.1697
8.16945
8.16913
8.16872
8.16818
8.1675
8.16666
8.16569
8.16476
8.81981
8.82081
8.82186
8.82275
8.82348
8.82406
8.82451
8.82485
8.82512
8.82532
8.82548
8.82561
8.8257
8.82578
8.82585
8.8259
8.82594
8.82598
8.82601
8.82603
8.82605
8.82607
8.82609
8.8261
8.82611
8.82612
8.82613
8.82613
8.82613
8.82614
8.82614
8.82613
8.82613
8.82613
8.82612
8.82611
8.8261
8.82609
8.82607
8.82605
8.82603
8.82601
8.82598
8.82594
8.8259
8.82585
8.82578
8.8257
8.82561
8.82548
8.82532
8.82512
8.82485
8.82451
8.82406
8.82348
8.82275
8.82186
8.82081
8.81981
9.48063
9.48169
9.48281
9.48376
9.48454
9.48515
9.48563
9.486
9.48628
9.4865
9.48667
9.48681
9.48691
9.48699
9.48706
9.48712
9.48716
9.4872
9.48723
9.48726
9.48729
9.48731
9.48732
9.48734
9.48735
9.48736
9.48737
9.48737
9.48737
9.48738
9.48738
9.48737
9.48737
9.48737
9.48736
9.48735
9.48734
9.48732
9.48731
9.48729
9.48726
9.48723
9.4872
9.48716
9.48712
9.48706
9.48699
9.48691
9.48681
9.48667
9.4865
9.48628
9.486
9.48563
9.48515
9.48454
9.48376
9.48281
9.48169
9.48063
10.1462
10.1474
10.1485
10.1496
10.1504
10.151
10.1515
10.1519
10.1522
10.1525
10.1526
10.1528
10.1529
10.153
10.1531
10.1531
10.1532
10.1532
10.1532
10.1533
10.1533
10.1533
10.1533
10.1534
10.1534
10.1534
10.1534
10.1534
10.1534
10.1534
10.1534
10.1534
10.1534
10.1534
10.1534
10.1534
10.1534
10.1533
10.1533
10.1533
10.1533
10.1532
10.1532
10.1532
10.1531
10.1531
10.153
10.1529
10.1528
10.1526
10.1525
10.1522
10.1519
10.1515
10.151
10.1504
10.1496
10.1485
10.1474
10.1462
10.8155
10.8167
10.818
10.819
10.8199
10.8206
10.8211
10.8215
10.8219
10.8221
10.8223
10.8224
10.8226
10.8227
10.8227
10.8228
10.8228
10.8229
10.8229
10.823
10.823
10.823
10.823
10.823
10.8231
10.8231
10.8231
10.8231
10.8231
10.8231
10.8231
10.8231
10.8231
10.8231
10.8231
10.8231
10.823
10.823
10.823
10.823
10.823
10.8229
10.8229
10.8228
10.8228
10.8227
10.8227
10.8226
10.8224
10.8223
10.8221
10.8219
10.8215
10.8211
10.8206
10.8199
10.819
10.818
10.8167
10.8155
11.4873
11.4885
11.4898
11.4909
11.4918
11.4925
11.4931
11.4935
11.4939
11.4941
11.4943
11.4945
11.4946
11.4947
11.4948
11.4949
11.4949
11.495
11.495
11.495
11.4951
11.4951
11.4951
11.4951
11.4951
11.4952
11.4952
11.4952
11.4952
11.4952
11.4952
11.4952
11.4952
11.4952
11.4952
11.4951
11.4951
11.4951
11.4951
11.4951
11.495
11.495
11.495
11.4949
11.4949
11.4948
11.4947
11.4946
11.4945
11.4943
11.4941
11.4939
11.4935
11.4931
11.4925
11.4918
11.4909
11.4898
11.4885
11.4873
12.1599
12.1612
12.1626
12.1637
12.1647
12.1654
12.166
12.1665
12.1668
12.1671
12.1673
12.1675
12.1676
12.1677
12.1678
12.1678
12.1679
12.168
12.168
12.168
12.1681
12.1681
12.1681
12.1681
12.1681
12.1682
12.1682
12.1682
12.1682
12.1682
12.1682
12.1682
12.1682
12.1682
12.1682
12.1681
12.1681
12.1681
12.1681
12.1681
12.168
12.168
12.168
12.1679
12.1678
12.1678
12.1677
12.1676
12.1675
12.1673
12.1671
12.1668
12.1665
12.166
12.1654
12.1647
12.1637
12.1626
12.1612
12.1599
12.8318
12.8332
12.8346
12.8358
12.8368
12.8375
12.8381
12.8386
12.839
12.8393
12.8395
12.8396
12.8398
12.8399
12.84
12.8401
12.8401
12.8402
12.8402
12.8403
12.8403
12.8403
12.8403
12.8404
12.8404
12.8404
12.8404
12.8404
12.8404
12.8404
12.8404
12.8404
12.8404
12.8404
12.8404
12.8404
12.8404
12.8403
12.8403
12.8403
12.8403
12.8402
12.8402
12.8401
12.8401
12.84
12.8399
12.8398
12.8396
12.8395
12.8393
12.839
12.8386
12.8381
12.8375
12.8368
12.8358
12.8346
12.8332
12.8318
13.5011
13.5025
13.5039
13.5051
13.5061
13.5069
13.5076
13.5081
13.5084
13.5087
13.5089
13.5091
13.5093
13.5094
13.5095
13.5096
13.5096
13.5097
13.5097
13.5098
13.5098
13.5098
13.5098
13.5099
13.5099
13.5099
13.5099
13.5099
13.5099
13.5099
13.5099
13.5099
13.5099
13.5099
13.5099
13.5099
13.5099
13.5098
13.5098
13.5098
13.5098
13.5097
13.5097
13.5096
13.5096
13.5095
13.5094
13.5093
13.5091
13.5089
13.5087
13.5084
13.5081
13.5076
13.5069
13.5061
13.5051
13.5039
13.5025
13.5011
14.1654
14.1668
14.1683
14.1695
14.1706
14.1714
14.172
14.1725
14.1729
14.1732
14.1734
14.1736
14.1738
14.1739
14.174
14.1741
14.1741
14.1742
14.1742
14.1743
14.1743
14.1744
14.1744
14.1744
14.1744
14.1744
14.1744
14.1745
14.1745
14.1745
14.1745
14.1745
14.1745
14.1744
14.1744
14.1744
14.1744
14.1744
14.1744
14.1743
14.1743
14.1742
14.1742
14.1741
14.1741
14.174
14.1739
14.1738
14.1736
14.1734
14.1732
14.1729
14.1725
14.172
14.1714
14.1706
14.1695
14.1683
14.1668
14.1654
14.8221
14.8236
14.8251
14.8264
14.8274
14.8283
14.8289
14.8294
14.8298
14.8301
14.8303
14.8305
14.8307
14.8308
14.8309
14.831
14.8311
14.8311
14.8312
14.8312
14.8313
14.8313
14.8313
14.8313
14.8314
14.8314
14.8314
14.8314
14.8314
14.8314
14.8314
14.8314
14.8314
14.8314
14.8314
14.8314
14.8313
14.8313
14.8313
14.8313
14.8312
14.8312
14.8311
14.8311
14.831
14.8309
14.8308
14.8307
14.8305
14.8303
14.8301
14.8298
14.8294
14.8289
14.8283
14.8274
14.8264
14.8251
14.8236
14.8221
15.4683
15.4698
15.4713
15.4726
15.4737
15.4745
15.4752
15.4757
15.4761
15.4764
15.4766
15.4768
15.477
15.4771
15.4772
15.4773
15.4774
15.4774
15.4775
15.4775
15.4776
15.4776
15.4776
15.4777
15.4777
15.4777
15.4777
15.4777
15.4777
15.4777
15.4777
15.4777
15.4777
15.4777
15.4777
15.4777
15.4777
15.4776
15.4776
15.4776
15.4775
15.4775
15.4774
15.4774
15.4773
15.4772
15.4771
15.477
15.4768
15.4766
15.4764
15.4761
15.4757
15.4752
15.4745
15.4737
15.4726
15.4713
15.4698
15.4683
16.1004
16.1019
16.1034
16.1047
16.1057
16.1066
16.1072
16.1078
16.1082
16.1085
16.1087
16.1089
16.1091
16.1092
16.1093
16.1094
16.1095
16.1095
16.1096
16.1096
16.1097
16.1097
16.1098
16.1098
16.1098
16.1098
16.1098
16.1098
16.1099
16.1099
16.1099
16.1099
16.1098
16.1098
16.1098
16.1098
16.1098
16.1098
16.1097
16.1097
16.1096
16.1096
16.1095
16.1095
16.1094
16.1093
16.1092
16.1091
16.1089
16.1087
16.1085
16.1082
16.1078
16.1072
16.1066
16.1057
16.1047
16.1034
16.1019
16.1004
16.7141
16.7156
16.7171
16.7184
16.7195
16.7203
16.721
16.7215
16.7219
16.7222
16.7224
16.7226
16.7228
16.7229
16.723
16.7231
16.7232
16.7233
16.7233
16.7234
16.7234
16.7234
16.7235
16.7235
16.7235
16.7235
16.7236
16.7236
16.7236
16.7236
16.7236
16.7236
16.7236
16.7236
16.7235
16.7235
16.7235
16.7235
16.7234
16.7234
16.7234
16.7233
16.7233
16.7232
16.7231
16.723
16.7229
16.7228
16.7226
16.7224
16.7222
16.7219
16.7215
16.721
16.7203
16.7195
16.7184
16.7171
16.7156
16.7141
17.3046
17.306
17.3075
17.3088
17.3098
17.3106
17.3113
17.3118
17.3122
17.3125
17.3127
17.3129
17.3131
17.3132
17.3133
17.3134
17.3135
17.3136
17.3136
17.3137
17.3137
17.3138
17.3138
17.3138
17.3138
17.3139
17.3139
17.3139
17.3139
17.3139
17.3139
17.3139
17.3139
17.3139
17.3139
17.3138
17.3138
17.3138
17.3138
17.3137
17.3137
17.3136
17.3136
17.3135
17.3134
17.3133
17.3132
17.3131
17.3129
17.3127
17.3125
17.3122
17.3118
17.3113
17.3106
17.3098
17.3088
17.3075
17.306
17.3046
17.8658
17.8672
17.8686
17.8698
17.8708
17.8716
17.8722
17.8727
17.8731
17.8734
17.8736
17.8738
17.874
17.8741
17.8742
17.8743
17.8744
17.8745
17.8745
17.8746
17.8746
17.8747
17.8747
17.8747
17.8748
17.8748
17.8748
17.8748
17.8748
17.8748
17.8748
17.8748
17.8748
17.8748
17.8748
17.8748
17.8747
17.8747
17.8747
17.8746
17.8746
17.8745
17.8745
17.8744
17.8743
17.8742
17.8741
17.874
17.8738
17.8736
17.8734
17.8731
17.8727
17.8722
17.8716
17.8708
17.8698
17.8686
17.8672
17.8658
18.3906
18.3919
18.3932
18.3944
18.3953
18.396
18.3966
18.3971
18.3974
18.3977
18.398
18.3982
18.3983
18.3984
18.3986
18.3987
18.3987
18.3988
18.3989
18.3989
18.399
18.399
18.399
18.3991
18.3991
18.3991
18.3991
18.3992
18.3992
18.3992
18.3992
18.3992
18.3992
18.3991
18.3991
18.3991
18.3991
18.399
18.399
18.399
18.3989
18.3989
18.3988
18.3987
18.3987
18.3986
18.3984
18.3983
18.3982
18.398
18.3977
18.3974
18.3971
18.3966
18.396
18.3953
18.3944
18.3932
18.3919
18.3906
18.8706
18.8718
18.873
18.8741
18.8749
18.8756
18.8761
18.8766
18.8769
18.8772
18.8774
18.8776
18.8777
18.8779
18.878
18.8781
18.8782
18.8782
18.8783
18.8783
18.8784
18.8784
18.8785
18.8785
18.8785
18.8786
18.8786
18.8786
18.8786
18.8786
18.8786
18.8786
18.8786
18.8786
18.8786
18.8785
18.8785
18.8785
18.8784
18.8784
18.8783
18.8783
18.8782
18.8782
18.8781
18.878
18.8779
18.8777
18.8776
18.8774
18.8772
18.8769
18.8766
18.8761
18.8756
18.8749
18.8741
18.873
18.8718
18.8706
19.297
19.2981
19.2991
19.3
19.3008
19.3014
19.3019
19.3023
19.3026
19.3028
19.303
19.3032
19.3033
19.3035
19.3036
19.3037
19.3038
19.3038
19.3039
19.3039
19.304
19.304
19.3041
19.3041
19.3041
19.3042
19.3042
19.3042
19.3042
19.3042
19.3042
19.3042
19.3042
19.3042
19.3042
19.3041
19.3041
19.3041
19.304
19.304
19.3039
19.3039
19.3038
19.3038
19.3037
19.3036
19.3035
19.3033
19.3032
19.303
19.3028
19.3026
19.3023
19.3019
19.3014
19.3008
19.3
19.2991
19.2981
19.297
19.662
19.6628
19.6637
19.6645
19.6651
19.6656
19.666
19.6664
19.6666
19.6669
19.667
19.6672
19.6673
19.6675
19.6676
19.6677
19.6677
19.6678
19.6679
19.6679
19.668
19.668
19.6681
19.6681
19.6681
19.6682
19.6682
19.6682
19.6682
19.6682
19.6682
19.6682
19.6682
19.6682
19.6682
19.6681
19.6681
19.6681
19.668
19.668
19.6679
19.6679
19.6678
19.6677
19.6677
19.6676
19.6675
19.6673
19.6672
19.667
19.6669
19.6666
19.6664
19.666
19.6656
19.6651
19.6645
19.6637
19.6628
19.662
19.9614
19.9621
19.9628
19.9634
19.9639
19.9643
19.9646
19.9649
19.9651
19.9653
19.9655
19.9656
19.9658
19.9659
19.966
19.9661
19.9661
19.9662
19.9663
19.9663
19.9664
19.9664
19.9665
19.9665
19.9665
19.9666
19.9666
19.9666
19.9666
19.9666
19.9666
19.9666
19.9666
19.9666
19.9666
19.9665
19.9665
19.9665
19.9664
19.9664
19.9663
19.9663
19.9662
19.9661
19.9661
19.966
19.9659
19.9658
19.9656
19.9655
19.9653
19.9651
19.9649
19.9646
19.9643
19.9639
19.9634
19.9628
19.9621
19.9614
20.1974
20.1979
20.1984
20.1988
20.1992
20.1995
20.1998
20.2
20.2002
20.2004
20.2005
20.2007
20.2008
20.2009
20.201
20.2011
20.2012
20.2012
20.2013
20.2014
20.2014
20.2015
20.2015
20.2015
20.2016
20.2016
20.2016
20.2016
20.2016
20.2016
20.2016
20.2016
20.2016
20.2016
20.2016
20.2016
20.2015
20.2015
20.2015
20.2014
20.2014
20.2013
20.2012
20.2012
20.2011
20.201
20.2009
20.2008
20.2007
20.2005
20.2004
20.2002
20.2
20.1998
20.1995
20.1992
20.1988
20.1984
20.1979
20.1974
20.3782
20.3785
20.3788
20.3792
20.3794
20.3797
20.3799
20.3801
20.3802
20.3804
20.3805
20.3806
20.3807
20.3808
20.3809
20.381
20.3811
20.3812
20.3812
20.3813
20.3814
20.3814
20.3814
20.3815
20.3815
20.3815
20.3816
20.3816
20.3816
20.3816
20.3816
20.3816
20.3816
20.3816
20.3815
20.3815
20.3815
20.3814
20.3814
20.3814
20.3813
20.3812
20.3812
20.3811
20.381
20.3809
20.3808
20.3807
20.3806
20.3805
20.3804
20.3802
20.3801
20.3799
20.3797
20.3794
20.3792
20.3788
20.3785
20.3782
20.5154
20.5156
20.5158
20.516
20.5162
20.5164
20.5166
20.5167
20.5169
20.517
20.5171
20.5172
20.5173
20.5174
20.5175
20.5176
20.5177
20.5178
20.5178
20.5179
20.518
20.518
20.5181
20.5181
20.5181
20.5182
20.5182
20.5182
20.5182
20.5182
20.5182
20.5182
20.5182
20.5182
20.5182
20.5181
20.5181
20.5181
20.518
20.518
20.5179
20.5178
20.5178
20.5177
20.5176
20.5175
20.5174
20.5173
20.5172
20.5171
20.517
20.5169
20.5167
20.5166
20.5164
20.5162
20.516
20.5158
20.5156
20.5154
20.6207
20.6208
20.621
20.6211
20.6213
20.6214
20.6215
20.6217
20.6218
20.6219
20.622
20.6221
20.6222
20.6223
20.6224
20.6225
20.6226
20.6227
20.6227
20.6228
20.6229
20.6229
20.623
20.623
20.623
20.6231
20.6231
20.6231
20.6231
20.6231
20.6231
20.6231
20.6231
20.6231
20.6231
20.623
20.623
20.623
20.6229
20.6229
20.6228
20.6227
20.6227
20.6226
20.6225
20.6224
20.6223
20.6222
20.6221
20.622
20.6219
20.6218
20.6217
20.6215
20.6214
20.6213
20.6211
20.621
20.6208
20.6207
20.7035
20.7036
20.7037
20.7038
20.7039
20.704
20.7041
20.7042
20.7043
20.7044
20.7045
20.7047
20.7048
20.7049
20.7049
20.705
20.7051
20.7052
20.7053
20.7053
20.7054
20.7055
20.7055
20.7055
20.7056
20.7056
20.7056
20.7057
20.7057
20.7057
20.7057
20.7057
20.7057
20.7056
20.7056
20.7056
20.7055
20.7055
20.7055
20.7054
20.7053
20.7053
20.7052
20.7051
20.705
20.7049
20.7049
20.7048
20.7047
20.7045
20.7044
20.7043
20.7042
20.7041
20.704
20.7039
20.7038
20.7037
20.7036
20.7035
20.7705
20.7705
20.7705
20.7706
20.7707
20.7708
20.7709
20.771
20.7711
20.7712
20.7713
20.7714
20.7715
20.7716
20.7717
20.7718
20.7719
20.772
20.772
20.7721
20.7722
20.7722
20.7723
20.7723
20.7724
20.7724
20.7724
20.7724
20.7724
20.7724
20.7724
20.7724
20.7724
20.7724
20.7724
20.7724
20.7723
20.7723
20.7722
20.7722
20.7721
20.772
20.772
20.7719
20.7718
20.7717
20.7716
20.7715
20.7714
20.7713
20.7712
20.7711
20.771
20.7709
20.7708
20.7707
20.7706
20.7705
20.7705
20.7705
20.8259
20.8259
20.8259
20.826
20.826
20.8261
20.8262
20.8263
20.8264
20.8265
20.8266
20.8267
20.8268
20.8269
20.827
20.8271
20.8272
20.8272
20.8273
20.8274
20.8275
20.8275
20.8276
20.8276
20.8277
20.8277
20.8277
20.8277
20.8277
20.8278
20.8278
20.8277
20.8277
20.8277
20.8277
20.8277
20.8276
20.8276
20.8275
20.8275
20.8274
20.8273
20.8272
20.8272
20.8271
20.827
20.8269
20.8268
20.8267
20.8266
20.8265
20.8264
20.8263
20.8262
20.8261
20.826
20.826
20.8259
20.8259
20.8259
20.8726
20.8725
20.8726
20.8726
20.8726
20.8727
20.8728
20.8729
20.873
20.8731
20.8732
20.8733
20.8734
20.8735
20.8736
20.8737
20.8738
20.8739
20.8739
20.874
20.8741
20.8741
20.8742
20.8742
20.8743
20.8743
20.8743
20.8744
20.8744
20.8744
20.8744
20.8744
20.8744
20.8743
20.8743
20.8743
20.8742
20.8742
20.8741
20.8741
20.874
20.8739
20.8739
20.8738
20.8737
20.8736
20.8735
20.8734
20.8733
20.8732
20.8731
20.873
20.8729
20.8728
20.8727
20.8726
20.8726
20.8726
20.8725
20.8726
20.9123
20.9123
20.9123
20.9123
20.9124
20.9124
20.9125
20.9126
20.9127
20.9128
20.9129
20.913
20.9131
20.9132
20.9133
20.9134
20.9135
20.9136
20.9137
20.9137
20.9138
20.9139
20.9139
20.914
20.914
20.9141
20.9141
20.9141
20.9141
20.9141
20.9141
20.9141
20.9141
20.9141
20.9141
20.914
20.914
20.9139
20.9139
20.9138
20.9137
20.9137
20.9136
20.9135
20.9134
20.9133
20.9132
20.9131
20.913
20.9129
20.9128
20.9127
20.9126
20.9125
20.9124
20.9124
20.9123
20.9123
20.9123
20.9123
20.9465
20.9465
20.9465
20.9465
20.9465
20.9465
20.9466
20.9467
20.9468
20.9469
20.947
20.9471
20.9472
20.9473
20.9474
20.9475
20.9476
20.9477
20.9478
20.9479
20.9479
20.948
20.9481
20.9481
20.9482
20.9482
20.9482
20.9483
20.9483
20.9483
20.9483
20.9483
20.9483
20.9482
20.9482
20.9482
20.9481
20.9481
20.948
20.9479
20.9479
20.9478
20.9477
20.9476
20.9475
20.9474
20.9473
20.9472
20.9471
20.947
20.9469
20.9468
20.9467
20.9466
20.9465
20.9465
20.9465
20.9465
20.9465
20.9465
20.9759
20.9759
20.9759
20.9759
20.9759
20.9759
20.976
20.9761
20.9762
20.9763
20.9764
20.9765
20.9766
20.9767
20.9768
20.9769
20.977
20.9771
20.9772
20.9773
20.9774
20.9774
20.9775
20.9775
20.9776
20.9776
20.9776
20.9777
20.9777
20.9777
20.9777
20.9777
20.9777
20.9776
20.9776
20.9776
20.9775
20.9775
20.9774
20.9774
20.9773
20.9772
20.9771
20.977
20.9769
20.9768
20.9767
20.9766
20.9765
20.9764
20.9763
20.9762
20.9761
20.976
20.9759
20.9759
20.9759
20.9759
20.9759
20.9759
21.0013
21.0012
21.0012
21.0012
21.0012
21.0012
21.0013
21.0014
21.0015
21.0016
21.0017
21.0018
21.0019
21.002
21.0021
21.0022
21.0023
21.0024
21.0025
21.0026
21.0027
21.0028
21.0028
21.0029
21.0029
21.003
21.003
21.003
21.003
21.0031
21.0031
21.003
21.003
21.003
21.003
21.0029
21.0029
21.0028
21.0028
21.0027
21.0026
21.0025
21.0024
21.0023
21.0022
21.0021
21.002
21.0019
21.0018
21.0017
21.0016
21.0015
21.0014
21.0013
21.0012
21.0012
21.0012
21.0012
21.0012
21.0013
21.023
21.023
21.023
21.0229
21.023
21.023
21.023
21.0231
21.0232
21.0233
21.0234
21.0235
21.0237
21.0238
21.0239
21.024
21.0241
21.0242
21.0243
21.0244
21.0245
21.0246
21.0246
21.0247
21.0247
21.0248
21.0248
21.0248
21.0248
21.0249
21.0249
21.0248
21.0248
21.0248
21.0248
21.0247
21.0247
21.0246
21.0246
21.0245
21.0244
21.0243
21.0242
21.0241
21.024
21.0239
21.0238
21.0237
21.0235
21.0234
21.0233
21.0232
21.0231
21.023
21.023
21.023
21.0229
21.023
21.023
21.023
21.0417
21.0416
21.0416
21.0415
21.0415
21.0416
21.0416
21.0417
21.0418
21.0419
21.042
21.0421
21.0423
21.0424
21.0425
21.0426
21.0427
21.0428
21.0429
21.043
21.0431
21.0432
21.0433
21.0433
21.0434
21.0434
21.0434
21.0435
21.0435
21.0435
21.0435
21.0435
21.0435
21.0434
21.0434
21.0434
21.0433
21.0433
21.0432
21.0431
21.043
21.0429
21.0428
21.0427
21.0426
21.0425
21.0424
21.0423
21.0421
21.042
21.0419
21.0418
21.0417
21.0416
21.0416
21.0415
21.0415
21.0416
21.0416
21.0417
21.0574
21.0573
21.0573
21.0573
21.0573
21.0573
21.0573
21.0574
21.0575
21.0576
21.0577
21.0579
21.058
21.0581
21.0582
21.0584
21.0585
21.0586
21.0587
21.0588
21.0589
21.0589
21.059
21.0591
21.0591
21.0592
21.0592
21.0592
21.0593
21.0593
21.0593
21.0593
21.0592
21.0592
21.0592
21.0591
21.0591
21.059
21.0589
21.0589
21.0588
21.0587
21.0586
21.0585
21.0584
21.0582
21.0581
21.058
21.0579
21.0577
21.0576
21.0575
21.0574
21.0573
21.0573
21.0573
21.0573
21.0573
21.0573
21.0574
21.0705
21.0705
21.0704
21.0704
21.0704
21.0704
21.0705
21.0705
21.0706
21.0707
21.0709
21.071
21.0711
21.0712
21.0714
21.0715
21.0716
21.0717
21.0718
21.0719
21.072
21.0721
21.0722
21.0722
21.0723
21.0723
21.0724
21.0724
21.0724
21.0724
21.0724
21.0724
21.0724
21.0724
21.0723
21.0723
21.0722
21.0722
21.0721
21.072
21.0719
21.0718
21.0717
21.0716
21.0715
21.0714
21.0712
21.0711
21.071
21.0709
21.0707
21.0706
21.0705
21.0705
21.0704
21.0704
21.0704
21.0704
21.0705
21.0705
21.0812
21.0812
21.0811
21.0811
21.0811
21.0811
21.0811
21.0812
21.0813
21.0814
21.0816
21.0817
21.0818
21.082
21.0821
21.0822
21.0823
21.0825
21.0826
21.0827
21.0828
21.0828
21.0829
21.083
21.083
21.0831
21.0831
21.0831
21.0832
21.0832
21.0832
21.0832
21.0831
21.0831
21.0831
21.083
21.083
21.0829
21.0828
21.0828
21.0827
21.0826
21.0825
21.0823
21.0822
21.0821
21.082
21.0818
21.0817
21.0816
21.0814
21.0813
21.0812
21.0811
21.0811
21.0811
21.0811
21.0811
21.0812
21.0812
21.0897
21.0896
21.0895
21.0895
21.0895
21.0895
21.0896
21.0897
21.0898
21.0899
21.09
21.0901
21.0903
21.0904
21.0905
21.0907
21.0908
21.0909
21.091
21.0911
21.0912
21.0913
21.0914
21.0915
21.0915
21.0916
21.0916
21.0916
21.0917
21.0917
21.0917
21.0917
21.0916
21.0916
21.0916
21.0915
21.0915
21.0914
21.0913
21.0912
21.0911
21.091
21.0909
21.0908
21.0907
21.0905
21.0904
21.0903
21.0901
21.09
21.0899
21.0898
21.0897
21.0896
21.0895
21.0895
21.0895
21.0895
21.0896
21.0897
21.096
21.0959
21.0958
21.0958
21.0958
21.0958
21.0959
21.096
21.0961
21.0962
21.0963
21.0964
21.0966
21.0967
21.0969
21.097
21.0971
21.0973
21.0974
21.0975
21.0976
21.0977
21.0978
21.0978
21.0979
21.0979
21.098
21.098
21.098
21.098
21.098
21.098
21.098
21.098
21.0979
21.0979
21.0978
21.0978
21.0977
21.0976
21.0975
21.0974
21.0973
21.0971
21.097
21.0969
21.0967
21.0966
21.0964
21.0963
21.0962
21.0961
21.096
21.0959
21.0958
21.0958
21.0958
21.0958
21.0959
21.096
21.1003
21.1002
21.1001
21.1001
21.1001
21.1001
21.1001
21.1002
21.1003
21.1005
21.1006
21.1007
21.1009
21.101
21.1012
21.1013
21.1015
21.1016
21.1017
21.1018
21.1019
21.102
21.1021
21.1022
21.1022
21.1023
21.1023
21.1024
21.1024
21.1024
21.1024
21.1024
21.1024
21.1023
21.1023
21.1022
21.1022
21.1021
21.102
21.1019
21.1018
21.1017
21.1016
21.1015
21.1013
21.1012
21.101
21.1009
21.1007
21.1006
21.1005
21.1003
21.1002
21.1001
21.1001
21.1001
21.1001
21.1001
21.1002
21.1003
21.1026
21.1025
21.1024
21.1024
21.1024
21.1024
21.1025
21.1025
21.1027
21.1028
21.1029
21.1031
21.1032
21.1034
21.1035
21.1037
21.1038
21.1039
21.1041
21.1042
21.1043
21.1044
21.1045
21.1046
21.1046
21.1047
21.1047
21.1047
21.1048
21.1048
21.1048
21.1048
21.1047
21.1047
21.1047
21.1046
21.1046
21.1045
21.1044
21.1043
21.1042
21.1041
21.1039
21.1038
21.1037
21.1035
21.1034
21.1032
21.1031
21.1029
21.1028
21.1027
21.1025
21.1025
21.1024
21.1024
21.1024
21.1024
21.1025
21.1026
21.1031
21.103
21.1029
21.1028
21.1028
21.1028
21.1029
21.103
21.1031
21.1032
21.1034
21.1035
21.1037
21.1038
21.104
21.1041
21.1043
21.1044
21.1045
21.1047
21.1048
21.1049
21.105
21.105
21.1051
21.1052
21.1052
21.1052
21.1053
21.1053
21.1053
21.1053
21.1052
21.1052
21.1052
21.1051
21.105
21.105
21.1049
21.1048
21.1047
21.1045
21.1044
21.1043
21.1041
21.104
21.1038
21.1037
21.1035
21.1034
21.1032
21.1031
21.103
21.1029
21.1028
21.1028
21.1028
21.1029
21.103
21.1031
21.1016
21.1015
21.1014
21.1014
21.1014
21.1014
21.1014
21.1015
21.1016
21.1018
21.1019
21.1021
21.1022
21.1024
21.1026
21.1027
21.1029
21.103
21.1032
21.1033
21.1034
21.1035
21.1036
21.1037
21.1037
21.1038
21.1038
21.1039
21.1039
21.1039
21.1039
21.1039
21.1039
21.1038
21.1038
21.1037
21.1037
21.1036
21.1035
21.1034
21.1033
21.1032
21.103
21.1029
21.1027
21.1026
21.1024
21.1022
21.1021
21.1019
21.1018
21.1016
21.1015
21.1014
21.1014
21.1014
21.1014
21.1014
21.1015
21.1016
21.0984
21.0983
21.0982
21.0981
21.0981
21.0981
21.0982
21.0983
21.0984
21.0985
21.0987
21.0988
21.099
21.0992
21.0993
21.0995
21.0997
21.0998
21.0999
21.1001
21.1002
21.1003
21.1004
21.1005
21.1005
21.1006
21.1006
21.1007
21.1007
21.1007
21.1007
21.1007
21.1007
21.1006
21.1006
21.1005
21.1005
21.1004
21.1003
21.1002
21.1001
21.0999
21.0998
21.0997
21.0995
21.0993
21.0992
21.099
21.0988
21.0987
21.0985
21.0984
21.0983
21.0982
21.0981
21.0981
21.0981
21.0982
21.0983
21.0984
21.0933
21.0931
21.093
21.093
21.093
21.093
21.0931
21.0931
21.0933
21.0934
21.0936
21.0937
21.0939
21.0941
21.0943
21.0944
21.0946
21.0947
21.0949
21.095
21.0951
21.0953
21.0953
21.0954
21.0955
21.0956
21.0956
21.0957
21.0957
21.0957
21.0957
21.0957
21.0957
21.0956
21.0956
21.0955
21.0954
21.0953
21.0953
21.0951
21.095
21.0949
21.0947
21.0946
21.0944
21.0943
21.0941
21.0939
21.0937
21.0936
21.0934
21.0933
21.0931
21.0931
21.093
21.093
21.093
21.093
21.0931
21.0933
21.0863
21.0862
21.0861
21.086
21.086
21.086
21.0861
21.0862
21.0863
21.0865
21.0866
21.0868
21.087
21.0872
21.0873
21.0875
21.0877
21.0878
21.088
21.0881
21.0883
21.0884
21.0885
21.0886
21.0886
21.0887
21.0887
21.0888
21.0888
21.0888
21.0888
21.0888
21.0888
21.0887
21.0887
21.0886
21.0886
21.0885
21.0884
21.0883
21.0881
21.088
21.0878
21.0877
21.0875
21.0873
21.0872
21.087
21.0868
21.0866
21.0865
21.0863
21.0862
21.0861
21.086
21.086
21.086
21.0861
21.0862
21.0863
21.0775
21.0774
21.0773
21.0772
21.0772
21.0772
21.0773
21.0774
21.0775
21.0777
21.0778
21.078
21.0782
21.0784
21.0786
21.0787
21.0789
21.0791
21.0792
21.0794
21.0795
21.0796
21.0797
21.0798
21.0799
21.08
21.08
21.08
21.0801
21.0801
21.0801
21.0801
21.08
21.08
21.08
21.0799
21.0798
21.0797
21.0796
21.0795
21.0794
21.0792
21.0791
21.0789
21.0787
21.0786
21.0784
21.0782
21.078
21.0778
21.0777
21.0775
21.0774
21.0773
21.0772
21.0772
21.0772
21.0773
21.0774
21.0775
21.0668
21.0667
21.0665
21.0665
21.0664
21.0665
21.0665
21.0666
21.0668
21.0669
21.0671
21.0673
21.0675
21.0677
21.0679
21.0681
21.0682
21.0684
21.0686
21.0687
21.0688
21.069
21.0691
21.0692
21.0693
21.0693
21.0694
21.0694
21.0694
21.0694
21.0694
21.0694
21.0694
21.0694
21.0693
21.0693
21.0692
21.0691
21.069
21.0688
21.0687
21.0686
21.0684
21.0682
21.0681
21.0679
21.0677
21.0675
21.0673
21.0671
21.0669
21.0668
21.0666
21.0665
21.0665
21.0664
21.0665
21.0665
21.0667
21.0668
21.0541
21.054
21.0538
21.0538
21.0537
21.0538
21.0538
21.054
21.0541
21.0543
21.0544
21.0546
21.0548
21.055
21.0552
21.0554
21.0556
21.0558
21.0559
21.0561
21.0562
21.0564
21.0565
21.0566
21.0566
21.0567
21.0568
21.0568
21.0568
21.0569
21.0569
21.0568
21.0568
21.0568
21.0567
21.0566
21.0566
21.0565
21.0564
21.0562
21.0561
21.0559
21.0558
21.0556
21.0554
21.0552
21.055
21.0548
21.0546
21.0544
21.0543
21.0541
21.054
21.0538
21.0538
21.0537
21.0538
21.0538
21.054
21.0541
21.0394
21.0392
21.0391
21.039
21.039
21.039
21.0391
21.0392
21.0394
21.0396
21.0397
21.0399
21.0401
21.0403
21.0406
21.0408
21.0409
21.0411
21.0413
21.0414
21.0416
21.0417
21.0418
21.0419
21.042
21.0421
21.0421
21.0422
21.0422
21.0422
21.0422
21.0422
21.0422
21.0421
21.0421
21.042
21.0419
21.0418
21.0417
21.0416
21.0414
21.0413
21.0411
21.0409
21.0408
21.0406
21.0403
21.0401
21.0399
21.0397
21.0396
21.0394
21.0392
21.0391
21.039
21.039
21.039
21.0391
21.0392
21.0394
21.0226
21.0224
21.0223
21.0222
21.0222
21.0222
21.0223
21.0224
21.0226
21.0227
21.0229
21.0231
21.0233
21.0236
21.0238
21.024
21.0242
21.0244
21.0245
21.0247
21.0248
21.025
21.0251
21.0252
21.0253
21.0254
21.0254
21.0255
21.0255
21.0255
21.0255
21.0255
21.0255
21.0254
21.0254
21.0253
21.0252
21.0251
21.025
21.0248
21.0247
21.0245
21.0244
21.0242
21.024
21.0238
21.0236
21.0233
21.0231
21.0229
21.0227
21.0226
21.0224
21.0223
21.0222
21.0222
21.0222
21.0223
21.0224
21.0226
21.0036
21.0034
21.0032
21.0032
21.0031
21.0032
21.0033
21.0034
21.0035
21.0037
21.0039
21.0041
21.0044
21.0046
21.0048
21.005
21.0052
21.0054
21.0056
21.0058
21.0059
21.006
21.0062
21.0063
21.0064
21.0064
21.0065
21.0065
21.0066
21.0066
21.0066
21.0066
21.0065
21.0065
21.0064
21.0064
21.0063
21.0062
21.006
21.0059
21.0058
21.0056
21.0054
21.0052
21.005
21.0048
21.0046
21.0044
21.0041
21.0039
21.0037
21.0035
21.0034
21.0033
21.0032
21.0031
21.0032
21.0032
21.0034
21.0036
20.9823
20.9821
20.9819
20.9818
20.9818
20.9818
20.9819
20.9821
20.9822
20.9824
20.9826
20.9828
20.9831
20.9833
20.9835
20.9837
20.984
20.9842
20.9843
20.9845
20.9847
20.9848
20.9849
20.985
20.9851
20.9852
20.9853
20.9853
20.9854
20.9854
20.9854
20.9854
20.9853
20.9853
20.9852
20.9851
20.985
20.9849
20.9848
20.9847
20.9845
20.9843
20.9842
20.984
20.9837
20.9835
20.9833
20.9831
20.9828
20.9826
20.9824
20.9822
20.9821
20.9819
20.9818
20.9818
20.9818
20.9819
20.9821
20.9823
20.9586
20.9583
20.9582
20.9581
20.9581
20.9581
20.9582
20.9583
20.9585
20.9587
20.9589
20.9591
20.9594
20.9596
20.9598
20.9601
20.9603
20.9605
20.9607
20.9609
20.961
20.9612
20.9613
20.9614
20.9615
20.9616
20.9617
20.9617
20.9617
20.9617
20.9617
20.9617
20.9617
20.9617
20.9616
20.9615
20.9614
20.9613
20.9612
20.961
20.9609
20.9607
20.9605
20.9603
20.9601
20.9598
20.9596
20.9594
20.9591
20.9589
20.9587
20.9585
20.9583
20.9582
20.9581
20.9581
20.9581
20.9582
20.9583
20.9586
20.9323
20.932
20.9319
20.9318
20.9318
20.9318
20.9319
20.9321
20.9322
20.9324
20.9327
20.9329
20.9331
20.9334
20.9336
20.9339
20.9341
20.9343
20.9345
20.9347
20.9349
20.935
20.9351
20.9353
20.9354
20.9354
20.9355
20.9356
20.9356
20.9356
20.9356
20.9356
20.9356
20.9355
20.9354
20.9354
20.9353
20.9351
20.935
20.9349
20.9347
20.9345
20.9343
20.9341
20.9339
20.9336
20.9334
20.9331
20.9329
20.9327
20.9324
20.9322
20.9321
20.9319
20.9318
20.9318
20.9318
20.9319
20.932
20.9323
20.9033
20.9031
20.9029
20.9028
20.9028
20.9029
20.903
20.9031
20.9033
20.9035
20.9038
20.904
20.9043
20.9045
20.9048
20.905
20.9052
20.9055
20.9057
20.9058
20.906
20.9062
20.9063
20.9064
20.9065
20.9066
20.9067
20.9067
20.9068
20.9068
20.9068
20.9068
20.9067
20.9067
20.9066
20.9065
20.9064
20.9063
20.9062
20.906
20.9058
20.9057
20.9055
20.9052
20.905
20.9048
20.9045
20.9043
20.904
20.9038
20.9035
20.9033
20.9031
20.903
20.9029
20.9028
20.9028
20.9029
20.9031
20.9033
20.8716
20.8713
20.8712
20.8711
20.8711
20.8711
20.8712
20.8714
20.8716
20.8718
20.8721
20.8723
20.8726
20.8728
20.8731
20.8733
20.8736
20.8738
20.874
20.8742
20.8744
20.8746
20.8747
20.8748
20.8749
20.875
20.8751
20.8751
20.8752
20.8752
20.8752
20.8752
20.8751
20.8751
20.875
20.8749
20.8748
20.8747
20.8746
20.8744
20.8742
20.874
20.8738
20.8736
20.8733
20.8731
20.8728
20.8726
20.8723
20.8721
20.8718
20.8716
20.8714
20.8712
20.8711
20.8711
20.8711
20.8712
20.8713
20.8716
20.8369
20.8366
20.8365
20.8364
20.8364
20.8364
20.8365
20.8367
20.8369
20.8371
20.8374
20.8377
20.8379
20.8382
20.8385
20.8387
20.839
20.8392
20.8394
20.8396
20.8398
20.84
20.8401
20.8403
20.8404
20.8405
20.8405
20.8406
20.8406
20.8406
20.8406
20.8406
20.8406
20.8405
20.8405
20.8404
20.8403
20.8401
20.84
20.8398
20.8396
20.8394
20.8392
20.839
20.8387
20.8385
20.8382
20.8379
20.8377
20.8374
20.8371
20.8369
20.8367
20.8365
20.8364
20.8364
20.8364
20.8365
20.8366
20.8369
20.7991
20.7988
20.7986
20.7986
20.7985
20.7986
20.7987
20.7989
20.7991
20.7994
20.7996
20.7999
20.8002
20.8005
20.8008
20.801
20.8013
20.8015
20.8017
20.802
20.8021
20.8023
20.8025
20.8026
20.8027
20.8028
20.8029
20.8029
20.803
20.803
20.803
20.803
20.8029
20.8029
20.8028
20.8027
20.8026
20.8025
20.8023
20.8021
20.802
20.8017
20.8015
20.8013
20.801
20.8008
20.8005
20.8002
20.7999
20.7996
20.7994
20.7991
20.7989
20.7987
20.7986
20.7985
20.7986
20.7986
20.7988
20.7991
20.758
20.7577
20.7576
20.7575
20.7575
20.7575
20.7577
20.7579
20.7581
20.7583
20.7586
20.7589
20.7592
20.7595
20.7598
20.7601
20.7603
20.7606
20.7608
20.761
20.7612
20.7614
20.7615
20.7617
20.7618
20.7619
20.762
20.762
20.7621
20.7621
20.7621
20.7621
20.762
20.762
20.7619
20.7618
20.7617
20.7615
20.7614
20.7612
20.761
20.7608
20.7606
20.7603
20.7601
20.7598
20.7595
20.7592
20.7589
20.7586
20.7583
20.7581
20.7579
20.7577
20.7575
20.7575
20.7575
20.7576
20.7577
20.758
20.7135
20.7132
20.713
20.7129
20.713
20.713
20.7132
20.7134
20.7136
20.7139
20.7142
20.7145
20.7148
20.7151
20.7154
20.7157
20.7159
20.7162
20.7164
20.7167
20.7169
20.717
20.7172
20.7173
20.7175
20.7176
20.7176
20.7177
20.7177
20.7177
20.7177
20.7177
20.7177
20.7176
20.7176
20.7175
20.7173
20.7172
20.717
20.7169
20.7167
20.7164
20.7162
20.7159
20.7157
20.7154
20.7151
20.7148
20.7145
20.7142
20.7139
20.7136
20.7134
20.7132
20.713
20.713
20.7129
20.713
20.7132
20.7135
20.6653
20.6651
20.6649
20.6648
20.6648
20.6649
20.6651
20.6653
20.6655
20.6658
20.6661
20.6664
20.6667
20.6671
20.6674
20.6677
20.6679
20.6682
20.6685
20.6687
20.6689
20.6691
20.6692
20.6694
20.6695
20.6696
20.6697
20.6698
20.6698
20.6698
20.6698
20.6698
20.6698
20.6697
20.6696
20.6695
20.6694
20.6692
20.6691
20.6689
20.6687
20.6685
20.6682
20.6679
20.6677
20.6674
20.6671
20.6667
20.6664
20.6661
20.6658
20.6655
20.6653
20.6651
20.6649
20.6648
20.6648
20.6649
20.6651
20.6653
20.6134
20.6131
20.613
20.6129
20.6129
20.613
20.6132
20.6134
20.6137
20.614
20.6143
20.6146
20.6149
20.6153
20.6156
20.6159
20.6162
20.6165
20.6167
20.6169
20.6172
20.6174
20.6175
20.6177
20.6178
20.6179
20.618
20.618
20.6181
20.6181
20.6181
20.6181
20.618
20.618
20.6179
20.6178
20.6177
20.6175
20.6174
20.6172
20.6169
20.6167
20.6165
20.6162
20.6159
20.6156
20.6153
20.6149
20.6146
20.6143
20.614
20.6137
20.6134
20.6132
20.613
20.6129
20.6129
20.613
20.6131
20.6134
20.5575
20.5572
20.5571
20.557
20.557
20.5571
20.5573
20.5575
20.5578
20.5581
20.5585
20.5588
20.5592
20.5595
20.5598
20.5601
20.5605
20.5607
20.561
20.5612
20.5615
20.5617
20.5618
20.562
20.5621
20.5622
20.5623
20.5624
20.5624
20.5624
20.5624
20.5624
20.5624
20.5623
20.5622
20.5621
20.562
20.5618
20.5617
20.5615
20.5612
20.561
20.5607
20.5605
20.5601
20.5598
20.5595
20.5592
20.5588
20.5585
20.5581
20.5578
20.5575
20.5573
20.5571
20.557
20.557
20.5571
20.5572
20.5575
20.4974
20.4972
20.497
20.4969
20.497
20.4971
20.4973
20.4975
20.4978
20.4982
20.4985
20.4989
20.4992
20.4996
20.4999
20.5003
20.5006
20.5009
20.5011
20.5014
20.5016
20.5018
20.502
20.5022
20.5023
20.5024
20.5025
20.5026
20.5026
20.5026
20.5026
20.5026
20.5026
20.5025
20.5024
20.5023
20.5022
20.502
20.5018
20.5016
20.5014
20.5011
20.5009
20.5006
20.5003
20.4999
20.4996
20.4992
20.4989
20.4985
20.4982
20.4978
20.4975
20.4973
20.4971
20.497
20.4969
20.497
20.4972
20.4974
20.433
20.4327
20.4326
20.4325
20.4326
20.4327
20.4329
20.4332
20.4335
20.4338
20.4342
20.4346
20.4349
20.4353
20.4357
20.436
20.4363
20.4366
20.4369
20.4372
20.4374
20.4376
20.4378
20.438
20.4381
20.4382
20.4383
20.4384
20.4384
20.4385
20.4385
20.4384
20.4384
20.4383
20.4382
20.4381
20.438
20.4378
20.4376
20.4374
20.4372
20.4369
20.4366
20.4363
20.436
20.4357
20.4353
20.4349
20.4346
20.4342
20.4338
20.4335
20.4332
20.4329
20.4327
20.4326
20.4325
20.4326
20.4327
20.433
20.3639
20.3637
20.3636
20.3635
20.3636
20.3637
20.364
20.3643
20.3646
20.3649
20.3653
20.3657
20.3661
20.3665
20.3669
20.3672
20.3676
20.3679
20.3682
20.3684
20.3687
20.3689
20.3691
20.3693
20.3694
20.3695
20.3696
20.3697
20.3697
20.3697
20.3697
20.3697
20.3697
20.3696
20.3695
20.3694
20.3693
20.3691
20.3689
20.3687
20.3684
20.3682
20.3679
20.3676
20.3672
20.3669
20.3665
20.3661
20.3657
20.3653
20.3649
20.3646
20.3643
20.364
20.3637
20.3636
20.3635
20.3636
20.3637
20.3639
20.2901
20.2899
20.2898
20.2898
20.2898
20.29
20.2903
20.2906
20.2909
20.2913
20.2917
20.2921
20.2925
20.2929
20.2933
20.2937
20.294
20.2944
20.2947
20.295
20.2952
20.2954
20.2956
20.2958
20.2959
20.2961
20.2961
20.2962
20.2963
20.2963
20.2963
20.2963
20.2962
20.2961
20.2961
20.2959
20.2958
20.2956
20.2954
20.2952
20.295
20.2947
20.2944
20.294
20.2937
20.2933
20.2929
20.2925
20.2921
20.2917
20.2913
20.2909
20.2906
20.2903
20.29
20.2898
20.2898
20.2898
20.2899
20.2901
20.2114
20.2111
20.211
20.211
20.2111
20.2113
20.2116
20.2119
20.2123
20.2127
20.2131
20.2136
20.214
20.2144
20.2148
20.2152
20.2156
20.2159
20.2162
20.2165
20.2168
20.217
20.2172
20.2174
20.2175
20.2176
20.2177
20.2178
20.2179
20.2179
20.2179
20.2179
20.2178
20.2177
20.2176
20.2175
20.2174
20.2172
20.217
20.2168
20.2165
20.2162
20.2159
20.2156
20.2152
20.2148
20.2144
20.214
20.2136
20.2131
20.2127
20.2123
20.2119
20.2116
20.2113
20.2111
20.211
20.211
20.2111
20.2114
20.1274
20.1272
20.1271
20.1271
20.1272
20.1274
20.1277
20.1281
20.1285
20.1289
20.1294
20.1298
20.1303
20.1307
20.1311
20.1315
20.1319
20.1323
20.1326
20.1329
20.1331
20.1334
20.1336
20.1338
20.1339
20.134
20.1341
20.1342
20.1343
20.1343
20.1343
20.1343
20.1342
20.1341
20.134
20.1339
20.1338
20.1336
20.1334
20.1331
20.1329
20.1326
20.1323
20.1319
20.1315
20.1311
20.1307
20.1303
20.1298
20.1294
20.1289
20.1285
20.1281
20.1277
20.1274
20.1272
20.1271
20.1271
20.1272
20.1274
20.038
20.0378
20.0377
20.0377
20.0379
20.0381
20.0384
20.0388
20.0392
20.0397
20.0402
20.0407
20.0411
20.0416
20.042
20.0425
20.0429
20.0432
20.0435
20.0439
20.0441
20.0444
20.0446
20.0448
20.0449
20.045
20.0452
20.0452
20.0453
20.0453
20.0453
20.0453
20.0452
20.0452
20.045
20.0449
20.0448
20.0446
20.0444
20.0441
20.0439
20.0435
20.0432
20.0429
20.0425
20.042
20.0416
20.0411
20.0407
20.0402
20.0397
20.0392
20.0388
20.0384
20.0381
20.0379
20.0377
20.0377
20.0378
20.038
19.9429
19.9427
19.9426
19.9427
19.9429
19.9432
19.9435
19.9439
19.9444
19.9449
19.9454
19.9459
19.9464
19.9469
19.9473
19.9478
19.9482
19.9486
19.9489
19.9492
19.9495
19.9497
19.95
19.9501
19.9503
19.9504
19.9505
19.9506
19.9507
19.9507
19.9507
19.9507
19.9506
19.9505
19.9504
19.9503
19.9501
19.95
19.9497
19.9495
19.9492
19.9489
19.9486
19.9482
19.9478
19.9473
19.9469
19.9464
19.9459
19.9454
19.9449
19.9444
19.9439
19.9435
19.9432
19.9429
19.9427
19.9426
19.9427
19.9429
19.8419
19.8418
19.8417
19.8418
19.842
19.8423
19.8427
19.8432
19.8437
19.8442
19.8447
19.8453
19.8458
19.8463
19.8468
19.8472
19.8476
19.848
19.8484
19.8487
19.849
19.8493
19.8495
19.8497
19.8498
19.85
19.8501
19.8502
19.8502
19.8502
19.8502
19.8502
19.8502
19.8501
19.85
19.8498
19.8497
19.8495
19.8493
19.849
19.8487
19.8484
19.848
19.8476
19.8472
19.8468
19.8463
19.8458
19.8453
19.8447
19.8442
19.8437
19.8432
19.8427
19.8423
19.842
19.8418
19.8417
19.8418
19.8419
19.7348
19.7347
19.7346
19.7348
19.735
19.7354
19.7358
19.7363
19.7368
19.7374
19.7379
19.7385
19.7391
19.7396
19.7401
19.7406
19.741
19.7414
19.7418
19.7421
19.7424
19.7427
19.7429
19.7431
19.7433
19.7434
19.7435
19.7436
19.7437
19.7437
19.7437
19.7437
19.7436
19.7435
19.7434
19.7433
19.7431
19.7429
19.7427
19.7424
19.7421
19.7418
19.7414
19.741
19.7406
19.7401
19.7396
19.7391
19.7385
19.7379
19.7374
19.7368
19.7363
19.7358
19.7354
19.735
19.7348
19.7346
19.7347
19.7348
19.6213
19.6212
19.6212
19.6214
19.6216
19.622
19.6225
19.623
19.6236
19.6242
19.6248
19.6254
19.626
19.6266
19.6271
19.6276
19.6281
19.6285
19.6289
19.6292
19.6295
19.6298
19.63
19.6302
19.6304
19.6305
19.6306
19.6307
19.6308
19.6308
19.6308
19.6308
19.6307
19.6306
19.6305
19.6304
19.6302
19.63
19.6298
19.6295
19.6292
19.6289
19.6285
19.6281
19.6276
19.6271
19.6266
19.626
19.6254
19.6248
19.6242
19.6236
19.623
19.6225
19.622
19.6216
19.6214
19.6212
19.6212
19.6213
19.5012
19.5011
19.5011
19.5013
19.5016
19.5021
19.5026
19.5032
19.5038
19.5045
19.5051
19.5058
19.5064
19.507
19.5075
19.508
19.5085
19.5089
19.5093
19.5097
19.51
19.5103
19.5105
19.5107
19.5109
19.511
19.5112
19.5112
19.5113
19.5113
19.5113
19.5113
19.5112
19.5112
19.511
19.5109
19.5107
19.5105
19.5103
19.51
19.5097
19.5093
19.5089
19.5085
19.508
19.5075
19.507
19.5064
19.5058
19.5051
19.5045
19.5038
19.5032
19.5026
19.5021
19.5016
19.5013
19.5011
19.5011
19.5012
19.3741
19.374
19.3741
19.3743
19.3747
19.3752
19.3758
19.3765
19.3771
19.3778
19.3785
19.3792
19.3799
19.3805
19.3811
19.3816
19.3821
19.3825
19.3829
19.3833
19.3836
19.3839
19.3842
19.3844
19.3846
19.3847
19.3848
19.3849
19.385
19.385
19.385
19.385
19.3849
19.3848
19.3847
19.3846
19.3844
19.3842
19.3839
19.3836
19.3833
19.3829
19.3825
19.3821
19.3816
19.3811
19.3805
19.3799
19.3792
19.3785
19.3778
19.3771
19.3765
19.3758
19.3752
19.3747
19.3743
19.3741
19.374
19.3741
19.2399
19.2398
19.2399
19.2402
19.2407
19.2412
19.2419
19.2426
19.2433
19.2441
19.2448
19.2456
19.2462
19.2469
19.2475
19.2481
19.2486
19.249
19.2494
19.2498
19.2502
19.2504
19.2507
19.2509
19.2511
19.2513
19.2514
19.2515
19.2515
19.2515
19.2515
19.2515
19.2515
19.2514
19.2513
19.2511
19.2509
19.2507
19.2504
19.2502
19.2498
19.2494
19.249
19.2486
19.2481
19.2475
19.2469
19.2462
19.2456
19.2448
19.2441
19.2433
19.2426
19.2419
19.2412
19.2407
19.2402
19.2399
19.2398
19.2399
19.0981
19.0981
19.0983
19.0986
19.0991
19.0998
19.1005
19.1013
19.1021
19.1029
19.1037
19.1045
19.1052
19.1059
19.1065
19.1071
19.1076
19.1081
19.1086
19.1089
19.1093
19.1096
19.1098
19.1101
19.1102
19.1104
19.1105
19.1106
19.1107
19.1107
19.1107
19.1107
19.1106
19.1105
19.1104
19.1102
19.1101
19.1098
19.1096
19.1093
19.1089
19.1086
19.1081
19.1076
19.1071
19.1065
19.1059
19.1052
19.1045
19.1037
19.1029
19.1021
19.1013
19.1005
19.0998
19.0991
19.0986
19.0983
19.0981
19.0981
18.9487
18.9487
18.9489
18.9493
18.9499
18.9506
18.9514
18.9523
18.9532
18.954
18.9549
18.9557
18.9565
18.9572
18.9579
18.9585
18.959
18.9595
18.96
18.9604
18.9607
18.961
18.9613
18.9615
18.9617
18.9619
18.962
18.9621
18.9621
18.9622
18.9622
18.9621
18.9621
18.962
18.9619
18.9617
18.9615
18.9613
18.961
18.9607
18.9604
18.96
18.9595
18.959
18.9585
18.9579
18.9572
18.9565
18.9557
18.9549
18.954
18.9532
18.9523
18.9514
18.9506
18.9499
18.9493
18.9489
18.9487
18.9487
18.7911
18.7911
18.7914
18.7919
18.7926
18.7934
18.7943
18.7952
18.7962
18.7972
18.7981
18.799
18.7998
18.8006
18.8013
18.8019
18.8025
18.803
18.8034
18.8038
18.8042
18.8045
18.8048
18.805
18.8052
18.8054
18.8055
18.8056
18.8056
18.8057
18.8057
18.8056
18.8056
18.8055
18.8054
18.8052
18.805
18.8048
18.8045
18.8042
18.8038
18.8034
18.803
18.8025
18.8019
18.8013
18.8006
18.7998
18.799
18.7981
18.7972
18.7962
18.7952
18.7943
18.7934
18.7926
18.7919
18.7914
18.7911
18.7911
18.6251
18.6252
18.6255
18.6261
18.6269
18.6278
18.6288
18.6299
18.631
18.632
18.633
18.634
18.6348
18.6356
18.6364
18.637
18.6376
18.6381
18.6386
18.639
18.6394
18.6397
18.64
18.6402
18.6404
18.6406
18.6407
18.6408
18.6408
18.6409
18.6409
18.6408
18.6408
18.6407
18.6406
18.6404
18.6402
18.64
18.6397
18.6394
18.639
18.6386
18.6381
18.6376
18.637
18.6364
18.6356
18.6348
18.634
18.633
18.632
18.631
18.6299
18.6288
18.6278
18.6269
18.6261
18.6255
18.6252
18.6251
18.4504
18.4505
18.4509
18.4516
18.4525
18.4536
18.4548
18.4559
18.4571
18.4583
18.4593
18.4603
18.4613
18.4621
18.4629
18.4636
18.4642
18.4647
18.4652
18.4656
18.466
18.4663
18.4666
18.4668
18.467
18.4672
18.4673
18.4674
18.4675
18.4675
18.4675
18.4675
18.4674
18.4673
18.4672
18.467
18.4668
18.4666
18.4663
18.466
18.4656
18.4652
18.4647
18.4642
18.4636
18.4629
18.4621
18.4613
18.4603
18.4593
18.4583
18.4571
18.4559
18.4548
18.4536
18.4525
18.4516
18.4509
18.4505
18.4504
18.2666
18.2668
18.2673
18.2681
18.2692
18.2704
18.2717
18.273
18.2743
18.2756
18.2767
18.2778
18.2788
18.2797
18.2805
18.2812
18.2818
18.2824
18.2828
18.2833
18.2837
18.284
18.2843
18.2845
18.2847
18.2849
18.285
18.2851
18.2851
18.2852
18.2852
18.2851
18.2851
18.285
18.2849
18.2847
18.2845
18.2843
18.284
18.2837
18.2833
18.2828
18.2824
18.2818
18.2812
18.2805
18.2797
18.2788
18.2778
18.2767
18.2756
18.2743
18.273
18.2717
18.2704
18.2692
18.2681
18.2673
18.2668
18.2666
18.0733
18.0736
18.0742
18.0752
18.0764
18.0778
18.0793
18.0808
18.0822
18.0836
18.0848
18.086
18.087
18.0879
18.0888
18.0895
18.0902
18.0907
18.0912
18.0917
18.0921
18.0924
18.0927
18.0929
18.0931
18.0933
18.0934
18.0935
18.0935
18.0936
18.0936
18.0935
18.0935
18.0934
18.0933
18.0931
18.0929
18.0927
18.0924
18.0921
18.0917
18.0912
18.0907
18.0902
18.0895
18.0888
18.0879
18.087
18.086
18.0848
18.0836
18.0822
18.0808
18.0793
18.0778
18.0764
18.0752
18.0742
18.0736
18.0733
17.8702
17.8705
17.8713
17.8725
17.874
17.8756
17.8773
17.8789
17.8805
17.882
17.8833
17.8845
17.8856
17.8866
17.8875
17.8882
17.8889
17.8895
17.89
17.8904
17.8908
17.8912
17.8914
17.8917
17.8919
17.892
17.8922
17.8923
17.8923
17.8923
17.8923
17.8923
17.8923
17.8922
17.892
17.8919
17.8917
17.8914
17.8912
17.8908
17.8904
17.89
17.8895
17.8889
17.8882
17.8875
17.8866
17.8856
17.8845
17.8833
17.882
17.8805
17.8789
17.8773
17.8756
17.874
17.8725
17.8713
17.8705
17.8702
17.6568
17.6572
17.6582
17.6597
17.6614
17.6632
17.6652
17.667
17.6688
17.6704
17.6718
17.6731
17.6743
17.6753
17.6762
17.677
17.6777
17.6783
17.6788
17.6792
17.6796
17.6799
17.6802
17.6805
17.6807
17.6808
17.6809
17.681
17.6811
17.6811
17.6811
17.6811
17.681
17.6809
17.6808
17.6807
17.6805
17.6802
17.6799
17.6796
17.6792
17.6788
17.6783
17.6777
17.677
17.6762
17.6753
17.6743
17.6731
17.6718
17.6704
17.6688
17.667
17.6652
17.6632
17.6614
17.6597
17.6582
17.6572
17.6568
17.4327
17.4333
17.4345
17.4362
17.4383
17.4405
17.4426
17.4447
17.4467
17.4484
17.45
17.4514
17.4526
17.4536
17.4546
17.4554
17.4561
17.4567
17.4572
17.4576
17.458
17.4583
17.4586
17.4589
17.459
17.4592
17.4593
17.4594
17.4595
17.4595
17.4595
17.4595
17.4594
17.4593
17.4592
17.459
17.4589
17.4586
17.4583
17.458
17.4576
17.4572
17.4567
17.4561
17.4554
17.4546
17.4536
17.4526
17.4514
17.45
17.4484
17.4467
17.4447
17.4426
17.4405
17.4383
17.4362
17.4345
17.4333
17.4327
17.1974
17.1982
17.1997
17.2018
17.2043
17.2068
17.2093
17.2116
17.2138
17.2157
17.2174
17.2188
17.2201
17.2212
17.2222
17.223
17.2237
17.2243
17.2248
17.2252
17.2256
17.226
17.2262
17.2265
17.2266
17.2268
17.2269
17.227
17.2271
17.2271
17.2271
17.2271
17.227
17.2269
17.2268
17.2266
17.2265
17.2262
17.226
17.2256
17.2252
17.2248
17.2243
17.2237
17.223
17.2222
17.2212
17.2201
17.2188
17.2174
17.2157
17.2138
17.2116
17.2093
17.2068
17.2043
17.2018
17.1997
17.1982
17.1974
16.9504
16.9514
16.9533
16.956
16.9589
16.9619
16.9648
16.9674
16.9697
16.9718
16.9736
16.9751
16.9765
16.9776
16.9786
16.9794
16.9801
16.9807
16.9812
16.9817
16.982
16.9824
16.9826
16.9828
16.983
16.9832
16.9833
16.9834
16.9834
16.9835
16.9835
16.9834
16.9834
16.9833
16.9832
16.983
16.9828
16.9826
16.9824
16.982
16.9817
16.9812
16.9807
16.9801
16.9794
16.9786
16.9776
16.9765
16.9751
16.9736
16.9718
16.9697
16.9674
16.9648
16.9619
16.9589
16.956
16.9533
16.9514
16.9504
16.6911
16.6924
16.6949
16.6982
16.7018
16.7053
16.7086
16.7115
16.7141
16.7163
16.7182
16.7199
16.7212
16.7224
16.7234
16.7242
16.7249
16.7255
16.726
16.7264
16.7268
16.7271
16.7274
16.7276
16.7277
16.7279
16.728
16.7281
16.7281
16.7282
16.7282
16.7281
16.7281
16.728
16.7279
16.7277
16.7276
16.7274
16.7271
16.7268
16.7264
16.726
16.7255
16.7249
16.7242
16.7234
16.7224
16.7212
16.7199
16.7182
16.7163
16.7141
16.7115
16.7086
16.7053
16.7018
16.6982
16.6949
16.6924
16.6911
16.4189
16.4206
16.4239
16.428
16.4324
16.4366
16.4404
16.4437
16.4465
16.4489
16.4509
16.4525
16.4539
16.4551
16.4561
16.4569
16.4576
16.4582
16.4587
16.4591
16.4594
16.4597
16.46
16.4602
16.4603
16.4605
16.4606
16.4607
16.4607
16.4607
16.4607
16.4607
16.4607
16.4606
16.4605
16.4603
16.4602
16.46
16.4597
16.4594
16.4591
16.4587
16.4582
16.4576
16.4569
16.4561
16.4551
16.4539
16.4525
16.4509
16.4489
16.4465
16.4437
16.4404
16.4366
16.4324
16.428
16.4239
16.4206
16.4189
16.1329
16.1354
16.1398
16.145
16.1504
16.1554
16.1597
16.1634
16.1664
16.1689
16.171
16.1727
16.1741
16.1753
16.1762
16.177
16.1777
16.1782
16.1787
16.1791
16.1794
16.1797
16.18
16.1802
16.1803
16.1804
16.1805
16.1806
16.1807
16.1807
16.1807
16.1807
16.1806
16.1805
16.1804
16.1803
16.1802
16.18
16.1797
16.1794
16.1791
16.1787
16.1782
16.1777
16.177
16.1762
16.1753
16.1741
16.1727
16.171
16.1689
16.1664
16.1634
16.1597
16.1554
16.1504
16.145
16.1398
16.1354
16.1329
15.8322
15.8358
15.8418
15.8487
15.8554
15.8612
15.8661
15.8702
15.8734
15.876
15.8781
15.8798
15.8812
15.8824
15.8833
15.8841
15.8847
15.8852
15.8857
15.886
15.8863
15.8866
15.8868
15.887
15.8872
15.8873
15.8874
15.8874
15.8875
15.8875
15.8875
15.8875
15.8874
15.8874
15.8873
15.8872
15.887
15.8868
15.8866
15.8863
15.886
15.8857
15.8852
15.8847
15.8841
15.8833
15.8824
15.8812
15.8798
15.8781
15.876
15.8734
15.8702
15.8661
15.8612
15.8554
15.8487
15.8418
15.8358
15.8322
15.5155
15.521
15.5296
15.5387
15.547
15.5538
15.5593
15.5637
15.567
15.5697
15.5718
15.5735
15.5748
15.5759
15.5768
15.5775
15.5781
15.5785
15.579
15.5793
15.5796
15.5798
15.58
15.5802
15.5803
15.5804
15.5805
15.5805
15.5806
15.5806
15.5806
15.5806
15.5805
15.5805
15.5804
15.5803
15.5802
15.58
15.5798
15.5796
15.5793
15.579
15.5785
15.5781
15.5775
15.5768
15.5759
15.5748
15.5735
15.5718
15.5697
15.567
15.5637
15.5593
15.5538
15.547
15.5387
15.5296
15.521
15.5155
15.1812
15.1899
15.2025
15.2148
15.2249
15.2329
15.2389
15.2434
15.2468
15.2494
15.2514
15.253
15.2542
15.2552
15.256
15.2567
15.2572
15.2576
15.258
15.2583
15.2586
15.2588
15.2589
15.2591
15.2592
15.2593
15.2594
15.2594
15.2594
15.2595
15.2595
15.2594
15.2594
15.2594
15.2593
15.2592
15.2591
15.2589
15.2588
15.2586
15.2583
15.258
15.2576
15.2572
15.2567
15.256
15.2552
15.2542
15.253
15.2514
15.2494
15.2468
15.2434
15.2389
15.2329
15.2249
15.2148
15.2025
15.1899
15.1812
14.8263
14.8415
14.8606
14.877
14.8893
14.8981
14.9044
14.9089
14.9122
14.9146
14.9165
14.9179
14.919
14.9199
14.9205
14.9211
14.9216
14.9219
14.9222
14.9225
14.9227
14.9229
14.923
14.9231
14.9232
14.9233
14.9234
14.9234
14.9235
14.9235
14.9235
14.9235
14.9234
14.9234
14.9233
14.9232
14.9231
14.923
14.9229
14.9227
14.9225
14.9222
14.9219
14.9216
14.9211
14.9205
14.9199
14.919
14.9179
14.9165
14.9146
14.9122
14.9089
14.9044
14.8981
14.8893
14.877
14.8606
14.8415
14.8263
14.4461
14.475
14.505
14.5266
14.5407
14.5499
14.5559
14.5601
14.563
14.5651
14.5667
14.5679
14.5688
14.5695
14.5701
14.5705
14.5709
14.5712
14.5714
14.5716
14.5718
14.5719
14.572
14.5721
14.5722
14.5723
14.5723
14.5723
14.5724
14.5724
14.5724
14.5724
14.5723
14.5723
14.5723
14.5722
14.5721
14.572
14.5719
14.5718
14.5716
14.5714
14.5712
14.5709
14.5705
14.5701
14.5695
14.5688
14.5679
14.5667
14.5651
14.563
14.5601
14.5559
14.5499
14.5407
14.5266
14.505
14.475
14.4461
14.0358
14.0967
14.1441
14.1706
14.1849
14.1931
14.1982
14.2016
14.2039
14.2055
14.2067
14.2075
14.2082
14.2087
14.2091
14.2095
14.2097
14.2099
14.2101
14.2102
14.2104
14.2105
14.2105
14.2106
14.2107
14.2107
14.2107
14.2108
14.2108
14.2108
14.2108
14.2108
14.2108
14.2107
14.2107
14.2107
14.2106
14.2105
14.2105
14.2104
14.2102
14.2101
14.2099
14.2097
14.2095
14.2091
14.2087
14.2082
14.2075
14.2067
14.2055
14.2039
14.2016
14.1982
14.1931
14.1849
14.1706
14.1441
14.0967
14.0358
13.6315
13.7743
13.845
13.8703
13.8806
13.8858
13.889
13.891
13.8924
13.8933
13.894
13.8945
13.8949
13.8952
13.8955
13.8956
13.8958
13.8959
13.896
13.8961
13.8961
13.8962
13.8962
13.8963
13.8963
13.8963
13.8963
13.8963
13.8963
13.8964
13.8964
13.8963
13.8963
13.8963
13.8963
13.8963
13.8963
13.8962
13.8962
13.8961
13.8961
13.896
13.8959
13.8958
13.8956
13.8955
13.8952
13.8949
13.8945
13.894
13.8933
13.8924
13.891
13.889
13.8858
13.8806
13.8703
13.845
13.7743
13.6315
13.6679
14.025
14.1005
14.1032
14.1021
14.1023
14.1027
14.1031
14.1034
14.1036
14.1037
14.1038
14.1039
14.1039
14.104
14.104
14.104
14.104
14.1041
14.1041
14.1041
14.1041
14.1041
14.1041
14.1041
14.1041
14.1041
14.1041
14.1041
14.1041
14.1041
14.1041
14.1041
14.1041
14.1041
14.1041
14.1041
14.1041
14.1041
14.1041
14.1041
14.1041
14.104
14.104
14.104
14.104
14.1039
14.1039
14.1038
14.1037
14.1036
14.1034
14.1031
14.1027
14.1023
14.1021
14.1032
14.1005
14.025
13.6679
16.558
17.3842
17.3402
17.2793
17.2641
17.2605
17.2588
17.2578
17.2571
17.2566
17.2562
17.2559
17.2557
17.2556
17.2554
17.2553
17.2553
17.2552
17.2551
17.2551
17.255
17.255
17.255
17.255
17.255
17.2549
17.2549
17.2549
17.2549
17.2549
17.2549
17.2549
17.2549
17.2549
17.2549
17.255
17.255
17.255
17.255
17.255
17.2551
17.2551
17.2552
17.2553
17.2553
17.2554
17.2556
17.2557
17.2559
17.2562
17.2566
17.2571
17.2578
17.2588
17.2605
17.2641
17.2793
17.3402
17.3842
16.558
)
;

boundaryField
{
    top
    {
        type            fixedValue;
        value           uniform 25;
    }
    bottom
    {
        type            fixedValue;
        value           uniform 0;
    }
    wall
    {
        type            zeroGradient;
    }
    frontAndBack
    {
        type            empty;
    }
}


// ************************************************************************* //
