/*--------------------------------*- C++ -*----------------------------------*\
| =========                 |                                                 |
| \\      /  F ield         | foam-extend: Open Source CFD                    |
|  \\    /   O peration     | Version:     4.0                                |
|   \\  /    A nd           | Web:         http://www.foam-extend.org         |
|    \\/     M anipulation  |                                                 |
\*---------------------------------------------------------------------------*/
FoamFile
{
    version     2.0;
    format      ascii;
    class       volScalarField;
    location    "530";
    object      cPlus;
}
// * * * * * * * * * * * * * * * * * * * * * * * * * * * * * * * * * * * * * //

dimensions      [0 0 0 0 0 0 0];

internalField   nonuniform List<scalar> 
6960
(
0.237243
0.237191
0.237178
0.237175
0.237175
0.237176
0.237177
0.237179
0.23718
0.237181
0.237182
0.237183
0.237183
0.237184
0.237185
0.237186
0.237186
0.237187
0.237188
0.237188
0.237189
0.237189
0.237189
0.23719
0.23719
0.23719
0.23719
0.23719
0.237191
0.237191
0.237191
0.237191
0.23719
0.23719
0.23719
0.23719
0.23719
0.237189
0.237189
0.237189
0.237188
0.237188
0.237187
0.237186
0.237186
0.237185
0.237184
0.237183
0.237183
0.237182
0.237181
0.23718
0.237179
0.237177
0.237176
0.237175
0.237175
0.237178
0.237191
0.237243
0.0850395
0.085039
0.0850387
0.0850392
0.0850399
0.0850406
0.0850413
0.0850419
0.0850426
0.0850431
0.0850437
0.0850442
0.0850447
0.0850451
0.0850455
0.0850459
0.0850463
0.0850466
0.0850469
0.0850472
0.0850475
0.0850477
0.0850479
0.0850481
0.0850482
0.0850484
0.0850485
0.0850485
0.0850486
0.0850486
0.0850486
0.0850486
0.0850485
0.0850485
0.0850484
0.0850482
0.0850481
0.0850479
0.0850477
0.0850475
0.0850472
0.0850469
0.0850466
0.0850463
0.0850459
0.0850455
0.0850451
0.0850447
0.0850442
0.0850437
0.0850431
0.0850426
0.0850419
0.0850413
0.0850406
0.0850399
0.0850392
0.0850387
0.085039
0.0850395
0.0604294
0.0604503
0.0604556
0.0604574
0.0604583
0.0604589
0.0604594
0.0604599
0.0604603
0.0604607
0.060461
0.0604614
0.0604617
0.060462
0.0604622
0.0604625
0.0604627
0.0604629
0.0604631
0.0604633
0.0604635
0.0604636
0.0604637
0.0604638
0.0604639
0.060464
0.0604641
0.0604641
0.0604642
0.0604642
0.0604642
0.0604642
0.0604641
0.0604641
0.060464
0.0604639
0.0604638
0.0604637
0.0604636
0.0604635
0.0604633
0.0604631
0.0604629
0.0604627
0.0604625
0.0604622
0.060462
0.0604617
0.0604614
0.060461
0.0604607
0.0604603
0.0604599
0.0604594
0.0604589
0.0604583
0.0604574
0.0604556
0.0604503
0.0604294
0.057722
0.0577512
0.0577586
0.057761
0.057762
0.0577626
0.0577631
0.0577635
0.0577639
0.0577642
0.0577645
0.0577648
0.0577651
0.0577653
0.0577656
0.0577658
0.057766
0.0577662
0.0577664
0.0577665
0.0577666
0.0577668
0.0577669
0.057767
0.0577671
0.0577671
0.0577672
0.0577672
0.0577673
0.0577673
0.0577673
0.0577673
0.0577672
0.0577672
0.0577671
0.0577671
0.057767
0.0577669
0.0577668
0.0577666
0.0577665
0.0577664
0.0577662
0.057766
0.0577658
0.0577656
0.0577653
0.0577651
0.0577648
0.0577645
0.0577642
0.0577639
0.0577635
0.0577631
0.0577626
0.057762
0.057761
0.0577586
0.0577512
0.057722
0.0595878
0.0596215
0.05963
0.0596327
0.0596339
0.0596345
0.0596351
0.0596355
0.0596359
0.0596363
0.0596366
0.0596369
0.0596372
0.0596374
0.0596377
0.0596379
0.0596381
0.0596383
0.0596385
0.0596387
0.0596388
0.0596389
0.059639
0.0596392
0.0596392
0.0596393
0.0596394
0.0596394
0.0596394
0.0596395
0.0596395
0.0596394
0.0596394
0.0596394
0.0596393
0.0596392
0.0596392
0.059639
0.0596389
0.0596388
0.0596387
0.0596385
0.0596383
0.0596381
0.0596379
0.0596377
0.0596374
0.0596372
0.0596369
0.0596366
0.0596363
0.0596359
0.0596355
0.0596351
0.0596345
0.0596339
0.0596327
0.05963
0.0596215
0.0595878
0.0628837
0.0629215
0.0629311
0.0629342
0.0629355
0.0629362
0.0629368
0.0629373
0.0629378
0.0629382
0.0629385
0.0629389
0.0629392
0.0629395
0.0629398
0.06294
0.0629403
0.0629405
0.0629407
0.0629409
0.062941
0.0629412
0.0629413
0.0629414
0.0629415
0.0629416
0.0629417
0.0629417
0.0629418
0.0629418
0.0629418
0.0629418
0.0629417
0.0629417
0.0629416
0.0629415
0.0629414
0.0629413
0.0629412
0.062941
0.0629409
0.0629407
0.0629405
0.0629403
0.06294
0.0629398
0.0629395
0.0629392
0.0629389
0.0629385
0.0629382
0.0629378
0.0629373
0.0629368
0.0629362
0.0629355
0.0629342
0.0629311
0.0629215
0.0628837
0.0671634
0.0672062
0.067217
0.0672205
0.067222
0.0672229
0.0672236
0.0672242
0.0672247
0.0672252
0.0672256
0.067226
0.0672264
0.0672267
0.0672271
0.0672274
0.0672277
0.0672279
0.0672281
0.0672284
0.0672286
0.0672287
0.0672289
0.067229
0.0672291
0.0672292
0.0672293
0.0672294
0.0672294
0.0672294
0.0672294
0.0672294
0.0672294
0.0672293
0.0672292
0.0672291
0.067229
0.0672289
0.0672287
0.0672286
0.0672284
0.0672281
0.0672279
0.0672277
0.0672274
0.0672271
0.0672267
0.0672264
0.067226
0.0672256
0.0672252
0.0672247
0.0672242
0.0672236
0.0672229
0.067222
0.0672205
0.067217
0.0672062
0.0671634
0.072595
0.0726444
0.072657
0.0726611
0.0726628
0.0726639
0.0726647
0.0726654
0.072666
0.0726666
0.0726671
0.0726676
0.072668
0.0726685
0.0726689
0.0726692
0.0726696
0.0726699
0.0726702
0.0726704
0.0726707
0.0726709
0.0726711
0.0726712
0.0726714
0.0726715
0.0726716
0.0726716
0.0726717
0.0726717
0.0726717
0.0726717
0.0726716
0.0726716
0.0726715
0.0726714
0.0726712
0.0726711
0.0726709
0.0726707
0.0726704
0.0726702
0.0726699
0.0726696
0.0726692
0.0726689
0.0726685
0.072668
0.0726676
0.0726671
0.0726666
0.072666
0.0726654
0.0726647
0.0726639
0.0726628
0.0726611
0.072657
0.0726444
0.072595
0.0795894
0.0796477
0.0796627
0.0796676
0.0796697
0.079671
0.079672
0.0796728
0.0796736
0.0796743
0.079675
0.0796756
0.0796761
0.0796766
0.0796771
0.0796776
0.079678
0.0796784
0.0796787
0.0796791
0.0796793
0.0796796
0.0796798
0.0796801
0.0796802
0.0796804
0.0796805
0.0796806
0.0796806
0.0796807
0.0796807
0.0796806
0.0796806
0.0796805
0.0796804
0.0796802
0.0796801
0.0796798
0.0796796
0.0796793
0.0796791
0.0796787
0.0796784
0.079678
0.0796776
0.0796771
0.0796766
0.0796761
0.0796756
0.079675
0.0796743
0.0796736
0.0796728
0.079672
0.079671
0.0796697
0.0796676
0.0796627
0.0796477
0.0795894
0.0887455
0.0888162
0.0888345
0.0888405
0.0888431
0.0888447
0.0888459
0.088847
0.088848
0.0888489
0.0888497
0.0888504
0.0888511
0.0888518
0.0888524
0.088853
0.0888535
0.088854
0.0888544
0.0888548
0.0888552
0.0888556
0.0888558
0.0888561
0.0888563
0.0888565
0.0888567
0.0888568
0.0888568
0.0888569
0.0888569
0.0888568
0.0888568
0.0888567
0.0888565
0.0888563
0.0888561
0.0888558
0.0888556
0.0888552
0.0888548
0.0888544
0.088854
0.0888535
0.088853
0.0888524
0.0888518
0.0888511
0.0888504
0.0888497
0.0888489
0.088848
0.088847
0.0888459
0.0888447
0.0888431
0.0888405
0.0888345
0.0888162
0.0887455
0.100811
0.100898
0.100921
0.100928
0.100932
0.100934
0.100935
0.100937
0.100938
0.100939
0.10094
0.100941
0.100942
0.100943
0.100944
0.100944
0.100945
0.100946
0.100946
0.100947
0.100947
0.100948
0.100948
0.100948
0.100948
0.100949
0.100949
0.100949
0.100949
0.100949
0.100949
0.100949
0.100949
0.100949
0.100949
0.100948
0.100948
0.100948
0.100948
0.100947
0.100947
0.100946
0.100946
0.100945
0.100944
0.100944
0.100943
0.100942
0.100941
0.10094
0.100939
0.100938
0.100937
0.100935
0.100934
0.100932
0.100928
0.100921
0.100898
0.100811
0.116551
0.116659
0.116688
0.116697
0.116701
0.116704
0.116706
0.116708
0.116709
0.116711
0.116712
0.116713
0.116714
0.116715
0.116716
0.116717
0.116718
0.116719
0.116719
0.11672
0.116721
0.116721
0.116722
0.116722
0.116722
0.116723
0.116723
0.116723
0.116723
0.116723
0.116723
0.116723
0.116723
0.116723
0.116723
0.116722
0.116722
0.116722
0.116721
0.116721
0.11672
0.116719
0.116719
0.116718
0.116717
0.116716
0.116715
0.116714
0.116713
0.116712
0.116711
0.116709
0.116708
0.116706
0.116704
0.116701
0.116697
0.116688
0.116659
0.116551
0.136505
0.136639
0.136675
0.136686
0.136691
0.136694
0.136697
0.136699
0.136701
0.136702
0.136704
0.136705
0.136707
0.136708
0.136709
0.13671
0.136711
0.136712
0.136713
0.136714
0.136714
0.136715
0.136716
0.136716
0.136717
0.136717
0.136717
0.136717
0.136718
0.136718
0.136718
0.136718
0.136717
0.136717
0.136717
0.136717
0.136716
0.136716
0.136715
0.136714
0.136714
0.136713
0.136712
0.136711
0.13671
0.136709
0.136708
0.136707
0.136705
0.136704
0.136702
0.136701
0.136699
0.136697
0.136694
0.136691
0.136686
0.136675
0.136639
0.136505
0.160728
0.16089
0.160933
0.160947
0.160953
0.160957
0.16096
0.160962
0.160964
0.160966
0.160968
0.160969
0.160971
0.160972
0.160974
0.160975
0.160976
0.160977
0.160978
0.160979
0.16098
0.160981
0.160981
0.160982
0.160982
0.160983
0.160983
0.160983
0.160983
0.160984
0.160984
0.160983
0.160983
0.160983
0.160983
0.160982
0.160982
0.160981
0.160981
0.16098
0.160979
0.160978
0.160977
0.160976
0.160975
0.160974
0.160972
0.160971
0.160969
0.160968
0.160966
0.160964
0.160962
0.16096
0.160957
0.160953
0.160947
0.160933
0.16089
0.160728
0.188683
0.188872
0.188923
0.18894
0.188947
0.188951
0.188954
0.188956
0.188959
0.188961
0.188963
0.188965
0.188966
0.188968
0.188969
0.188971
0.188972
0.188973
0.188974
0.188975
0.188976
0.188977
0.188978
0.188978
0.188979
0.188979
0.18898
0.18898
0.18898
0.18898
0.18898
0.18898
0.18898
0.18898
0.188979
0.188979
0.188978
0.188978
0.188977
0.188976
0.188975
0.188974
0.188973
0.188972
0.188971
0.188969
0.188968
0.188966
0.188965
0.188963
0.188961
0.188959
0.188956
0.188954
0.188951
0.188947
0.18894
0.188923
0.188872
0.188683
0.219387
0.219601
0.21966
0.219679
0.219687
0.219691
0.219694
0.219697
0.2197
0.219702
0.219704
0.219706
0.219708
0.219709
0.219711
0.219712
0.219714
0.219715
0.219716
0.219717
0.219718
0.219719
0.21972
0.21972
0.219721
0.219721
0.219722
0.219722
0.219722
0.219722
0.219722
0.219722
0.219722
0.219722
0.219721
0.219721
0.21972
0.21972
0.219719
0.219718
0.219717
0.219716
0.219715
0.219714
0.219712
0.219711
0.219709
0.219708
0.219706
0.219704
0.219702
0.2197
0.219697
0.219694
0.219691
0.219687
0.219679
0.21966
0.219601
0.219387
0.251721
0.251956
0.252022
0.252043
0.252052
0.252056
0.25206
0.252062
0.252065
0.252067
0.252069
0.252071
0.252073
0.252075
0.252076
0.252078
0.252079
0.252081
0.252082
0.252083
0.252084
0.252085
0.252085
0.252086
0.252087
0.252087
0.252087
0.252088
0.252088
0.252088
0.252088
0.252088
0.252088
0.252087
0.252087
0.252087
0.252086
0.252085
0.252085
0.252084
0.252083
0.252082
0.252081
0.252079
0.252078
0.252076
0.252075
0.252073
0.252071
0.252069
0.252067
0.252065
0.252062
0.25206
0.252056
0.252052
0.252043
0.252022
0.251956
0.251721
0.284701
0.284955
0.285026
0.28505
0.285059
0.285063
0.285067
0.28507
0.285072
0.285075
0.285077
0.285079
0.28508
0.285082
0.285084
0.285085
0.285086
0.285088
0.285089
0.28509
0.285091
0.285092
0.285092
0.285093
0.285094
0.285094
0.285095
0.285095
0.285095
0.285095
0.285095
0.285095
0.285095
0.285095
0.285094
0.285094
0.285093
0.285092
0.285092
0.285091
0.28509
0.285089
0.285088
0.285086
0.285085
0.285084
0.285082
0.28508
0.285079
0.285077
0.285075
0.285072
0.28507
0.285067
0.285063
0.285059
0.28505
0.285026
0.284955
0.284701
0.317609
0.317879
0.317956
0.317981
0.317991
0.317996
0.317999
0.318002
0.318004
0.318007
0.318009
0.318011
0.318012
0.318014
0.318016
0.318017
0.318018
0.318019
0.318021
0.318022
0.318023
0.318023
0.318024
0.318025
0.318025
0.318026
0.318026
0.318026
0.318027
0.318027
0.318027
0.318027
0.318026
0.318026
0.318026
0.318025
0.318025
0.318024
0.318023
0.318023
0.318022
0.318021
0.318019
0.318018
0.318017
0.318016
0.318014
0.318012
0.318011
0.318009
0.318007
0.318004
0.318002
0.317999
0.317996
0.317991
0.317981
0.317956
0.317879
0.317609
0.349989
0.350271
0.350354
0.350381
0.350391
0.350396
0.350399
0.350402
0.350404
0.350406
0.350408
0.35041
0.350412
0.350414
0.350415
0.350416
0.350418
0.350419
0.35042
0.350421
0.350422
0.350423
0.350423
0.350424
0.350424
0.350425
0.350425
0.350425
0.350426
0.350426
0.350426
0.350426
0.350425
0.350425
0.350425
0.350424
0.350424
0.350423
0.350423
0.350422
0.350421
0.35042
0.350419
0.350418
0.350416
0.350415
0.350414
0.350412
0.35041
0.350408
0.350406
0.350404
0.350402
0.350399
0.350396
0.350391
0.350381
0.350354
0.350271
0.349989
0.381573
0.381867
0.381954
0.381983
0.381993
0.381999
0.382002
0.382005
0.382007
0.382009
0.382011
0.382013
0.382014
0.382016
0.382017
0.382018
0.38202
0.382021
0.382022
0.382023
0.382023
0.382024
0.382025
0.382026
0.382026
0.382026
0.382027
0.382027
0.382027
0.382027
0.382027
0.382027
0.382027
0.382027
0.382026
0.382026
0.382026
0.382025
0.382024
0.382023
0.382023
0.382022
0.382021
0.38202
0.382018
0.382017
0.382016
0.382014
0.382013
0.382011
0.382009
0.382007
0.382005
0.382002
0.381999
0.381993
0.381983
0.381954
0.381867
0.381573
0.412219
0.412522
0.412614
0.412644
0.412655
0.412661
0.412664
0.412666
0.412669
0.412671
0.412672
0.412674
0.412676
0.412677
0.412678
0.41268
0.412681
0.412682
0.412683
0.412684
0.412685
0.412685
0.412686
0.412687
0.412687
0.412687
0.412688
0.412688
0.412688
0.412688
0.412688
0.412688
0.412688
0.412688
0.412687
0.412687
0.412687
0.412686
0.412685
0.412685
0.412684
0.412683
0.412682
0.412681
0.41268
0.412678
0.412677
0.412676
0.412674
0.412672
0.412671
0.412669
0.412666
0.412664
0.412661
0.412655
0.412644
0.412614
0.412522
0.412219
0.441854
0.442164
0.442261
0.442293
0.442304
0.44231
0.442313
0.442315
0.442317
0.442319
0.442321
0.442323
0.442324
0.442325
0.442327
0.442328
0.442329
0.44233
0.442331
0.442332
0.442332
0.442333
0.442334
0.442334
0.442335
0.442335
0.442335
0.442336
0.442336
0.442336
0.442336
0.442336
0.442336
0.442335
0.442335
0.442335
0.442334
0.442334
0.442333
0.442332
0.442332
0.442331
0.44233
0.442329
0.442328
0.442327
0.442325
0.442324
0.442323
0.442321
0.442319
0.442317
0.442315
0.442313
0.44231
0.442304
0.442293
0.442261
0.442164
0.441854
0.470444
0.470761
0.470862
0.470895
0.470907
0.470913
0.470916
0.470918
0.47092
0.470922
0.470924
0.470925
0.470926
0.470928
0.470929
0.47093
0.470931
0.470932
0.470933
0.470934
0.470934
0.470935
0.470936
0.470936
0.470937
0.470937
0.470937
0.470937
0.470938
0.470938
0.470938
0.470938
0.470937
0.470937
0.470937
0.470937
0.470936
0.470936
0.470935
0.470934
0.470934
0.470933
0.470932
0.470931
0.47093
0.470929
0.470928
0.470926
0.470925
0.470924
0.470922
0.47092
0.470918
0.470916
0.470913
0.470907
0.470895
0.470862
0.470761
0.470444
0.49798
0.498301
0.498406
0.498441
0.498454
0.498459
0.498463
0.498465
0.498467
0.498468
0.49847
0.498471
0.498473
0.498474
0.498475
0.498476
0.498477
0.498478
0.498479
0.49848
0.49848
0.498481
0.498481
0.498482
0.498482
0.498483
0.498483
0.498483
0.498483
0.498483
0.498483
0.498483
0.498483
0.498483
0.498483
0.498482
0.498482
0.498481
0.498481
0.49848
0.49848
0.498479
0.498478
0.498477
0.498476
0.498475
0.498474
0.498473
0.498471
0.49847
0.498468
0.498467
0.498465
0.498463
0.498459
0.498454
0.498441
0.498406
0.498301
0.49798
0.524463
0.524789
0.524898
0.524934
0.524947
0.524953
0.524956
0.524958
0.52496
0.524961
0.524963
0.524964
0.524965
0.524967
0.524968
0.524969
0.52497
0.52497
0.524971
0.524972
0.524973
0.524973
0.524974
0.524974
0.524975
0.524975
0.524975
0.524975
0.524975
0.524976
0.524976
0.524975
0.524975
0.524975
0.524975
0.524975
0.524974
0.524974
0.524973
0.524973
0.524972
0.524971
0.52497
0.52497
0.524969
0.524968
0.524967
0.524965
0.524964
0.524963
0.524961
0.52496
0.524958
0.524956
0.524953
0.524947
0.524934
0.524898
0.524789
0.524463
0.549905
0.550234
0.550346
0.550384
0.550398
0.550404
0.550407
0.550409
0.55041
0.550412
0.550413
0.550415
0.550416
0.550417
0.550418
0.550419
0.55042
0.55042
0.550421
0.550422
0.550422
0.550423
0.550423
0.550424
0.550424
0.550425
0.550425
0.550425
0.550425
0.550425
0.550425
0.550425
0.550425
0.550425
0.550425
0.550424
0.550424
0.550423
0.550423
0.550422
0.550422
0.550421
0.55042
0.55042
0.550419
0.550418
0.550417
0.550416
0.550415
0.550413
0.550412
0.55041
0.550409
0.550407
0.550404
0.550398
0.550384
0.550346
0.550234
0.549905
0.574322
0.574652
0.574768
0.574808
0.574822
0.574828
0.574831
0.574833
0.574834
0.574836
0.574837
0.574838
0.574839
0.57484
0.574841
0.574842
0.574843
0.574844
0.574844
0.574845
0.574845
0.574846
0.574846
0.574847
0.574847
0.574848
0.574848
0.574848
0.574848
0.574848
0.574848
0.574848
0.574848
0.574848
0.574848
0.574847
0.574847
0.574846
0.574846
0.574845
0.574845
0.574844
0.574844
0.574843
0.574842
0.574841
0.57484
0.574839
0.574838
0.574837
0.574836
0.574834
0.574833
0.574831
0.574828
0.574822
0.574808
0.574768
0.574652
0.574322
0.597732
0.598063
0.598182
0.598223
0.598238
0.598244
0.598247
0.598249
0.59825
0.598252
0.598253
0.598254
0.598255
0.598256
0.598257
0.598258
0.598258
0.598259
0.59826
0.59826
0.598261
0.598261
0.598262
0.598262
0.598263
0.598263
0.598263
0.598263
0.598263
0.598263
0.598263
0.598263
0.598263
0.598263
0.598263
0.598263
0.598262
0.598262
0.598261
0.598261
0.59826
0.59826
0.598259
0.598258
0.598258
0.598257
0.598256
0.598255
0.598254
0.598253
0.598252
0.59825
0.598249
0.598247
0.598244
0.598238
0.598223
0.598182
0.598063
0.597732
0.620157
0.620488
0.620609
0.620652
0.620668
0.620674
0.620677
0.620679
0.62068
0.620681
0.620682
0.620684
0.620684
0.620685
0.620686
0.620687
0.620688
0.620688
0.620689
0.620689
0.62069
0.62069
0.620691
0.620691
0.620691
0.620692
0.620692
0.620692
0.620692
0.620692
0.620692
0.620692
0.620692
0.620692
0.620692
0.620691
0.620691
0.620691
0.62069
0.62069
0.620689
0.620689
0.620688
0.620688
0.620687
0.620686
0.620685
0.620684
0.620684
0.620682
0.620681
0.62068
0.620679
0.620677
0.620674
0.620668
0.620652
0.620609
0.620488
0.620157
0.641619
0.641949
0.642073
0.642117
0.642133
0.64214
0.642143
0.642145
0.642146
0.642147
0.642148
0.642149
0.64215
0.642151
0.642152
0.642152
0.642153
0.642154
0.642154
0.642155
0.642155
0.642156
0.642156
0.642156
0.642157
0.642157
0.642157
0.642157
0.642157
0.642157
0.642157
0.642157
0.642157
0.642157
0.642157
0.642157
0.642156
0.642156
0.642156
0.642155
0.642155
0.642154
0.642154
0.642153
0.642152
0.642152
0.642151
0.64215
0.642149
0.642148
0.642147
0.642146
0.642145
0.642143
0.64214
0.642133
0.642117
0.642073
0.641949
0.641619
0.662142
0.662471
0.662597
0.662643
0.662659
0.662666
0.662669
0.662671
0.662672
0.662673
0.662674
0.662675
0.662676
0.662677
0.662677
0.662678
0.662679
0.662679
0.66268
0.66268
0.662681
0.662681
0.662681
0.662682
0.662682
0.662682
0.662682
0.662683
0.662683
0.662683
0.662683
0.662683
0.662683
0.662682
0.662682
0.662682
0.662682
0.662681
0.662681
0.662681
0.66268
0.66268
0.662679
0.662679
0.662678
0.662677
0.662677
0.662676
0.662675
0.662674
0.662673
0.662672
0.662671
0.662669
0.662666
0.662659
0.662643
0.662597
0.662471
0.662142
0.681751
0.682077
0.682205
0.682252
0.682269
0.682276
0.682279
0.682281
0.682282
0.682283
0.682284
0.682285
0.682286
0.682287
0.682287
0.682288
0.682289
0.682289
0.68229
0.68229
0.68229
0.682291
0.682291
0.682291
0.682292
0.682292
0.682292
0.682292
0.682292
0.682292
0.682292
0.682292
0.682292
0.682292
0.682292
0.682292
0.682291
0.682291
0.682291
0.68229
0.68229
0.68229
0.682289
0.682289
0.682288
0.682287
0.682287
0.682286
0.682285
0.682284
0.682283
0.682282
0.682281
0.682279
0.682276
0.682269
0.682252
0.682205
0.682077
0.681751
0.70047
0.700793
0.700922
0.700971
0.700989
0.700996
0.700999
0.701001
0.701002
0.701003
0.701004
0.701005
0.701005
0.701006
0.701007
0.701007
0.701008
0.701008
0.701009
0.701009
0.701009
0.70101
0.70101
0.70101
0.701011
0.701011
0.701011
0.701011
0.701011
0.701011
0.701011
0.701011
0.701011
0.701011
0.701011
0.701011
0.70101
0.70101
0.70101
0.701009
0.701009
0.701009
0.701008
0.701008
0.701007
0.701007
0.701006
0.701005
0.701005
0.701004
0.701003
0.701002
0.701001
0.700999
0.700996
0.700989
0.700971
0.700922
0.700793
0.70047
0.718324
0.718643
0.718774
0.718824
0.718842
0.71885
0.718853
0.718855
0.718856
0.718857
0.718857
0.718858
0.718859
0.718859
0.71886
0.718861
0.718861
0.718861
0.718862
0.718862
0.718863
0.718863
0.718863
0.718864
0.718864
0.718864
0.718864
0.718864
0.718864
0.718864
0.718864
0.718864
0.718864
0.718864
0.718864
0.718864
0.718864
0.718863
0.718863
0.718863
0.718862
0.718862
0.718861
0.718861
0.718861
0.71886
0.718859
0.718859
0.718858
0.718857
0.718857
0.718856
0.718855
0.718853
0.71885
0.718842
0.718824
0.718774
0.718643
0.718324
0.735338
0.735653
0.735785
0.735836
0.735855
0.735863
0.735866
0.735868
0.735869
0.73587
0.735871
0.735871
0.735872
0.735873
0.735873
0.735874
0.735874
0.735874
0.735875
0.735875
0.735876
0.735876
0.735876
0.735876
0.735877
0.735877
0.735877
0.735877
0.735877
0.735877
0.735877
0.735877
0.735877
0.735877
0.735877
0.735877
0.735876
0.735876
0.735876
0.735876
0.735875
0.735875
0.735874
0.735874
0.735874
0.735873
0.735873
0.735872
0.735871
0.735871
0.73587
0.735869
0.735868
0.735866
0.735863
0.735855
0.735836
0.735785
0.735653
0.735338
0.751539
0.751849
0.751981
0.752033
0.752053
0.752061
0.752065
0.752066
0.752067
0.752068
0.752069
0.75207
0.75207
0.752071
0.752071
0.752072
0.752072
0.752072
0.752073
0.752073
0.752073
0.752074
0.752074
0.752074
0.752074
0.752074
0.752075
0.752075
0.752075
0.752075
0.752075
0.752075
0.752075
0.752075
0.752074
0.752074
0.752074
0.752074
0.752074
0.752073
0.752073
0.752073
0.752072
0.752072
0.752072
0.752071
0.752071
0.75207
0.75207
0.752069
0.752068
0.752067
0.752066
0.752065
0.752061
0.752053
0.752033
0.751981
0.751849
0.751539
0.76695
0.767255
0.767387
0.767441
0.767462
0.76747
0.767473
0.767475
0.767476
0.767477
0.767477
0.767478
0.767478
0.767479
0.767479
0.76748
0.76748
0.767481
0.767481
0.767481
0.767482
0.767482
0.767482
0.767482
0.767482
0.767483
0.767483
0.767483
0.767483
0.767483
0.767483
0.767483
0.767483
0.767483
0.767483
0.767482
0.767482
0.767482
0.767482
0.767482
0.767481
0.767481
0.767481
0.76748
0.76748
0.767479
0.767479
0.767478
0.767478
0.767477
0.767477
0.767476
0.767475
0.767473
0.76747
0.767462
0.767441
0.767387
0.767255
0.76695
0.781598
0.781897
0.78203
0.782084
0.782105
0.782114
0.782118
0.782119
0.78212
0.782121
0.782122
0.782122
0.782123
0.782123
0.782123
0.782124
0.782124
0.782124
0.782125
0.782125
0.782125
0.782126
0.782126
0.782126
0.782126
0.782126
0.782126
0.782126
0.782127
0.782127
0.782127
0.782127
0.782126
0.782126
0.782126
0.782126
0.782126
0.782126
0.782126
0.782125
0.782125
0.782125
0.782124
0.782124
0.782124
0.782123
0.782123
0.782123
0.782122
0.782122
0.782121
0.78212
0.782119
0.782118
0.782114
0.782105
0.782084
0.78203
0.781897
0.781598
0.795508
0.7958
0.795933
0.795988
0.79601
0.796019
0.796023
0.796024
0.796025
0.796026
0.796027
0.796027
0.796028
0.796028
0.796028
0.796029
0.796029
0.796029
0.79603
0.79603
0.79603
0.79603
0.796031
0.796031
0.796031
0.796031
0.796031
0.796031
0.796031
0.796031
0.796031
0.796031
0.796031
0.796031
0.796031
0.796031
0.796031
0.796031
0.79603
0.79603
0.79603
0.79603
0.796029
0.796029
0.796029
0.796028
0.796028
0.796028
0.796027
0.796027
0.796026
0.796025
0.796024
0.796023
0.796019
0.79601
0.795988
0.795933
0.7958
0.795508
0.808704
0.80899
0.809122
0.809178
0.809201
0.80921
0.809214
0.809216
0.809217
0.809217
0.809218
0.809218
0.809219
0.809219
0.809219
0.80922
0.80922
0.80922
0.809221
0.809221
0.809221
0.809221
0.809221
0.809222
0.809222
0.809222
0.809222
0.809222
0.809222
0.809222
0.809222
0.809222
0.809222
0.809222
0.809222
0.809222
0.809222
0.809221
0.809221
0.809221
0.809221
0.809221
0.80922
0.80922
0.80922
0.809219
0.809219
0.809219
0.809218
0.809218
0.809217
0.809217
0.809216
0.809214
0.80921
0.809201
0.809178
0.809122
0.80899
0.808704
0.821212
0.821491
0.821622
0.821679
0.821703
0.821712
0.821716
0.821718
0.821719
0.82172
0.82172
0.82172
0.821721
0.821721
0.821721
0.821722
0.821722
0.821722
0.821722
0.821723
0.821723
0.821723
0.821723
0.821723
0.821724
0.821724
0.821724
0.821724
0.821724
0.821724
0.821724
0.821724
0.821724
0.821724
0.821724
0.821724
0.821723
0.821723
0.821723
0.821723
0.821723
0.821722
0.821722
0.821722
0.821722
0.821721
0.821721
0.821721
0.82172
0.82172
0.82172
0.821719
0.821718
0.821716
0.821712
0.821703
0.821679
0.821622
0.821491
0.821212
0.833057
0.833328
0.833459
0.833516
0.83354
0.83355
0.833554
0.833556
0.833557
0.833558
0.833558
0.833558
0.833559
0.833559
0.833559
0.83356
0.83356
0.83356
0.83356
0.833561
0.833561
0.833561
0.833561
0.833561
0.833561
0.833561
0.833561
0.833561
0.833561
0.833562
0.833562
0.833561
0.833561
0.833561
0.833561
0.833561
0.833561
0.833561
0.833561
0.833561
0.833561
0.83356
0.83356
0.83356
0.83356
0.833559
0.833559
0.833559
0.833558
0.833558
0.833558
0.833557
0.833556
0.833554
0.83355
0.83354
0.833516
0.833459
0.833328
0.833057
0.844262
0.844526
0.844656
0.844714
0.844738
0.844748
0.844753
0.844755
0.844756
0.844756
0.844757
0.844757
0.844757
0.844757
0.844758
0.844758
0.844758
0.844758
0.844759
0.844759
0.844759
0.844759
0.844759
0.844759
0.844759
0.844759
0.84476
0.84476
0.84476
0.84476
0.84476
0.84476
0.84476
0.84476
0.844759
0.844759
0.844759
0.844759
0.844759
0.844759
0.844759
0.844759
0.844758
0.844758
0.844758
0.844758
0.844757
0.844757
0.844757
0.844757
0.844756
0.844756
0.844755
0.844753
0.844748
0.844738
0.844714
0.844656
0.844526
0.844262
0.854853
0.855109
0.855237
0.855296
0.855321
0.855331
0.855336
0.855338
0.855339
0.855339
0.85534
0.85534
0.85534
0.85534
0.855341
0.855341
0.855341
0.855341
0.855341
0.855342
0.855342
0.855342
0.855342
0.855342
0.855342
0.855342
0.855342
0.855342
0.855342
0.855342
0.855342
0.855342
0.855342
0.855342
0.855342
0.855342
0.855342
0.855342
0.855342
0.855342
0.855342
0.855341
0.855341
0.855341
0.855341
0.855341
0.85534
0.85534
0.85534
0.85534
0.855339
0.855339
0.855338
0.855336
0.855331
0.855321
0.855296
0.855237
0.855109
0.854853
0.864854
0.865101
0.865228
0.865286
0.865312
0.865323
0.865328
0.86533
0.865331
0.865331
0.865332
0.865332
0.865332
0.865332
0.865332
0.865333
0.865333
0.865333
0.865333
0.865333
0.865333
0.865334
0.865334
0.865334
0.865334
0.865334
0.865334
0.865334
0.865334
0.865334
0.865334
0.865334
0.865334
0.865334
0.865334
0.865334
0.865334
0.865334
0.865334
0.865333
0.865333
0.865333
0.865333
0.865333
0.865333
0.865332
0.865332
0.865332
0.865332
0.865332
0.865331
0.865331
0.86533
0.865328
0.865323
0.865312
0.865286
0.865228
0.865101
0.864854
0.874287
0.874526
0.874651
0.87471
0.874736
0.874747
0.874752
0.874754
0.874755
0.874756
0.874756
0.874756
0.874756
0.874757
0.874757
0.874757
0.874757
0.874757
0.874757
0.874757
0.874757
0.874758
0.874758
0.874758
0.874758
0.874758
0.874758
0.874758
0.874758
0.874758
0.874758
0.874758
0.874758
0.874758
0.874758
0.874758
0.874758
0.874758
0.874758
0.874757
0.874757
0.874757
0.874757
0.874757
0.874757
0.874757
0.874757
0.874756
0.874756
0.874756
0.874756
0.874755
0.874754
0.874752
0.874747
0.874736
0.87471
0.874651
0.874526
0.874287
0.883176
0.883408
0.88353
0.883589
0.883615
0.883627
0.883632
0.883634
0.883635
0.883636
0.883636
0.883636
0.883636
0.883637
0.883637
0.883637
0.883637
0.883637
0.883637
0.883637
0.883637
0.883637
0.883638
0.883638
0.883638
0.883638
0.883638
0.883638
0.883638
0.883638
0.883638
0.883638
0.883638
0.883638
0.883638
0.883638
0.883638
0.883638
0.883637
0.883637
0.883637
0.883637
0.883637
0.883637
0.883637
0.883637
0.883637
0.883636
0.883636
0.883636
0.883636
0.883635
0.883634
0.883632
0.883627
0.883615
0.883589
0.88353
0.883408
0.883176
0.891545
0.891768
0.891888
0.891947
0.891974
0.891986
0.891991
0.891993
0.891994
0.891995
0.891995
0.891995
0.891995
0.891995
0.891995
0.891996
0.891996
0.891996
0.891996
0.891996
0.891996
0.891996
0.891996
0.891996
0.891996
0.891996
0.891996
0.891996
0.891996
0.891996
0.891996
0.891996
0.891996
0.891996
0.891996
0.891996
0.891996
0.891996
0.891996
0.891996
0.891996
0.891996
0.891996
0.891996
0.891996
0.891995
0.891995
0.891995
0.891995
0.891995
0.891995
0.891994
0.891993
0.891991
0.891986
0.891974
0.891947
0.891888
0.891768
0.891545
0.899415
0.89963
0.899747
0.899806
0.899833
0.899846
0.899851
0.899853
0.899855
0.899855
0.899855
0.899855
0.899856
0.899856
0.899856
0.899856
0.899856
0.899856
0.899856
0.899856
0.899856
0.899856
0.899856
0.899856
0.899856
0.899856
0.899856
0.899856
0.899856
0.899856
0.899856
0.899856
0.899856
0.899856
0.899856
0.899856
0.899856
0.899856
0.899856
0.899856
0.899856
0.899856
0.899856
0.899856
0.899856
0.899856
0.899856
0.899856
0.899855
0.899855
0.899855
0.899855
0.899853
0.899851
0.899846
0.899833
0.899806
0.899747
0.89963
0.899415
0.90681
0.907016
0.907131
0.907189
0.907217
0.907229
0.907235
0.907237
0.907238
0.907239
0.907239
0.907239
0.907239
0.907239
0.907239
0.90724
0.90724
0.90724
0.90724
0.90724
0.90724
0.90724
0.90724
0.90724
0.90724
0.90724
0.90724
0.90724
0.90724
0.90724
0.90724
0.90724
0.90724
0.90724
0.90724
0.90724
0.90724
0.90724
0.90724
0.90724
0.90724
0.90724
0.90724
0.90724
0.90724
0.907239
0.907239
0.907239
0.907239
0.907239
0.907239
0.907238
0.907237
0.907235
0.907229
0.907217
0.907189
0.907131
0.907016
0.90681
0.91375
0.913948
0.91406
0.914117
0.914145
0.914158
0.914164
0.914166
0.914168
0.914168
0.914168
0.914168
0.914169
0.914169
0.914169
0.914169
0.914169
0.914169
0.914169
0.914169
0.914169
0.914169
0.914169
0.914169
0.914169
0.914169
0.914169
0.914169
0.914169
0.914169
0.914169
0.914169
0.914169
0.914169
0.914169
0.914169
0.914169
0.914169
0.914169
0.914169
0.914169
0.914169
0.914169
0.914169
0.914169
0.914169
0.914169
0.914169
0.914168
0.914168
0.914168
0.914168
0.914166
0.914164
0.914158
0.914145
0.914117
0.91406
0.913948
0.91375
0.920257
0.920446
0.920555
0.920612
0.92064
0.920653
0.920659
0.920662
0.920663
0.920664
0.920664
0.920664
0.920664
0.920664
0.920664
0.920664
0.920664
0.920664
0.920664
0.920664
0.920664
0.920664
0.920664
0.920664
0.920664
0.920664
0.920664
0.920664
0.920664
0.920664
0.920664
0.920664
0.920664
0.920664
0.920664
0.920664
0.920664
0.920664
0.920664
0.920664
0.920664
0.920664
0.920664
0.920664
0.920664
0.920664
0.920664
0.920664
0.920664
0.920664
0.920664
0.920663
0.920662
0.920659
0.920653
0.92064
0.920612
0.920555
0.920446
0.920257
0.926351
0.926533
0.926638
0.926695
0.926723
0.926736
0.926742
0.926745
0.926746
0.926747
0.926747
0.926747
0.926747
0.926747
0.926747
0.926747
0.926747
0.926747
0.926747
0.926747
0.926747
0.926747
0.926747
0.926747
0.926747
0.926747
0.926747
0.926747
0.926747
0.926747
0.926747
0.926747
0.926747
0.926747
0.926747
0.926747
0.926747
0.926747
0.926747
0.926747
0.926747
0.926747
0.926747
0.926747
0.926747
0.926747
0.926747
0.926747
0.926747
0.926747
0.926747
0.926746
0.926745
0.926742
0.926736
0.926723
0.926695
0.926638
0.926533
0.926351
0.932053
0.932227
0.932329
0.932385
0.932413
0.932426
0.932433
0.932436
0.932437
0.932438
0.932438
0.932438
0.932438
0.932438
0.932438
0.932438
0.932438
0.932438
0.932437
0.932437
0.932437
0.932437
0.932437
0.932437
0.932437
0.932437
0.932437
0.932437
0.932437
0.932437
0.932437
0.932437
0.932437
0.932437
0.932437
0.932437
0.932437
0.932437
0.932437
0.932437
0.932437
0.932437
0.932438
0.932438
0.932438
0.932438
0.932438
0.932438
0.932438
0.932438
0.932438
0.932437
0.932436
0.932433
0.932426
0.932413
0.932385
0.932329
0.932227
0.932053
0.937383
0.937548
0.937647
0.937702
0.93773
0.937744
0.937751
0.937754
0.937755
0.937755
0.937756
0.937756
0.937756
0.937755
0.937755
0.937755
0.937755
0.937755
0.937755
0.937755
0.937755
0.937755
0.937755
0.937755
0.937755
0.937755
0.937755
0.937755
0.937755
0.937755
0.937755
0.937755
0.937755
0.937755
0.937755
0.937755
0.937755
0.937755
0.937755
0.937755
0.937755
0.937755
0.937755
0.937755
0.937755
0.937755
0.937755
0.937756
0.937756
0.937756
0.937755
0.937755
0.937754
0.937751
0.937744
0.93773
0.937702
0.937647
0.937548
0.937383
0.942359
0.942517
0.942612
0.942666
0.942694
0.942708
0.942715
0.942718
0.942719
0.94272
0.94272
0.94272
0.94272
0.94272
0.94272
0.942719
0.942719
0.942719
0.942719
0.942719
0.942719
0.942719
0.942719
0.942719
0.942719
0.942719
0.942719
0.942719
0.942719
0.942719
0.942719
0.942719
0.942719
0.942719
0.942719
0.942719
0.942719
0.942719
0.942719
0.942719
0.942719
0.942719
0.942719
0.942719
0.942719
0.94272
0.94272
0.94272
0.94272
0.94272
0.94272
0.942719
0.942718
0.942715
0.942708
0.942694
0.942666
0.942612
0.942517
0.942359
0.947001
0.947151
0.947243
0.947295
0.947323
0.947337
0.947344
0.947347
0.947348
0.947349
0.947349
0.947349
0.947349
0.947349
0.947349
0.947349
0.947349
0.947348
0.947348
0.947348
0.947348
0.947348
0.947348
0.947348
0.947348
0.947348
0.947348
0.947348
0.947348
0.947348
0.947348
0.947348
0.947348
0.947348
0.947348
0.947348
0.947348
0.947348
0.947348
0.947348
0.947348
0.947348
0.947348
0.947349
0.947349
0.947349
0.947349
0.947349
0.947349
0.947349
0.947349
0.947348
0.947347
0.947344
0.947337
0.947323
0.947295
0.947243
0.947151
0.947001
0.951326
0.951468
0.951556
0.951607
0.951635
0.951649
0.951656
0.951659
0.951661
0.951661
0.951662
0.951662
0.951661
0.951661
0.951661
0.951661
0.951661
0.951661
0.951661
0.95166
0.95166
0.95166
0.95166
0.95166
0.95166
0.95166
0.95166
0.95166
0.95166
0.95166
0.95166
0.95166
0.95166
0.95166
0.95166
0.95166
0.95166
0.95166
0.95166
0.95166
0.95166
0.951661
0.951661
0.951661
0.951661
0.951661
0.951661
0.951661
0.951662
0.951662
0.951661
0.951661
0.951659
0.951656
0.951649
0.951635
0.951607
0.951556
0.951468
0.951326
0.955351
0.955485
0.95557
0.95562
0.955647
0.955662
0.955669
0.955672
0.955674
0.955674
0.955674
0.955674
0.955674
0.955674
0.955674
0.955674
0.955674
0.955673
0.955673
0.955673
0.955673
0.955673
0.955673
0.955673
0.955673
0.955673
0.955673
0.955673
0.955673
0.955673
0.955673
0.955673
0.955673
0.955673
0.955673
0.955673
0.955673
0.955673
0.955673
0.955673
0.955673
0.955673
0.955673
0.955674
0.955674
0.955674
0.955674
0.955674
0.955674
0.955674
0.955674
0.955674
0.955672
0.955669
0.955662
0.955647
0.95562
0.95557
0.955485
0.955351
0.959093
0.959221
0.959302
0.95935
0.959377
0.959392
0.959399
0.959402
0.959404
0.959405
0.959405
0.959405
0.959404
0.959404
0.959404
0.959404
0.959404
0.959403
0.959403
0.959403
0.959403
0.959403
0.959403
0.959403
0.959403
0.959403
0.959403
0.959403
0.959403
0.959403
0.959403
0.959403
0.959403
0.959403
0.959403
0.959403
0.959403
0.959403
0.959403
0.959403
0.959403
0.959403
0.959403
0.959404
0.959404
0.959404
0.959404
0.959404
0.959405
0.959405
0.959405
0.959404
0.959402
0.959399
0.959392
0.959377
0.95935
0.959302
0.959221
0.959093
0.96257
0.96269
0.962768
0.962815
0.962841
0.962855
0.962863
0.962866
0.962868
0.962868
0.962869
0.962869
0.962868
0.962868
0.962868
0.962868
0.962867
0.962867
0.962867
0.962867
0.962867
0.962867
0.962866
0.962866
0.962866
0.962866
0.962866
0.962866
0.962866
0.962866
0.962866
0.962866
0.962866
0.962866
0.962866
0.962866
0.962866
0.962866
0.962867
0.962867
0.962867
0.962867
0.962867
0.962867
0.962868
0.962868
0.962868
0.962868
0.962869
0.962869
0.962868
0.962868
0.962866
0.962863
0.962855
0.962841
0.962815
0.962768
0.96269
0.96257
0.965795
0.965908
0.965983
0.966028
0.966054
0.966068
0.966076
0.966079
0.966081
0.966082
0.966082
0.966082
0.966081
0.966081
0.966081
0.966081
0.96608
0.96608
0.96608
0.96608
0.96608
0.966079
0.966079
0.966079
0.966079
0.966079
0.966079
0.966079
0.966079
0.966079
0.966079
0.966079
0.966079
0.966079
0.966079
0.966079
0.966079
0.966079
0.966079
0.96608
0.96608
0.96608
0.96608
0.96608
0.966081
0.966081
0.966081
0.966081
0.966082
0.966082
0.966082
0.966081
0.966079
0.966076
0.966068
0.966054
0.966028
0.965983
0.965908
0.965795
0.968785
0.968891
0.968962
0.969006
0.969031
0.969046
0.969053
0.969057
0.969058
0.969059
0.969059
0.969059
0.969059
0.969058
0.969058
0.969058
0.969058
0.969057
0.969057
0.969057
0.969057
0.969057
0.969056
0.969056
0.969056
0.969056
0.969056
0.969056
0.969056
0.969056
0.969056
0.969056
0.969056
0.969056
0.969056
0.969056
0.969056
0.969056
0.969057
0.969057
0.969057
0.969057
0.969057
0.969058
0.969058
0.969058
0.969058
0.969059
0.969059
0.969059
0.969059
0.969058
0.969057
0.969053
0.969046
0.969031
0.969006
0.968962
0.968891
0.968785
0.971553
0.971653
0.97172
0.971763
0.971788
0.971802
0.971809
0.971813
0.971815
0.971815
0.971815
0.971815
0.971815
0.971814
0.971814
0.971814
0.971813
0.971813
0.971813
0.971813
0.971813
0.971812
0.971812
0.971812
0.971812
0.971812
0.971812
0.971812
0.971812
0.971812
0.971812
0.971812
0.971812
0.971812
0.971812
0.971812
0.971812
0.971812
0.971812
0.971813
0.971813
0.971813
0.971813
0.971813
0.971814
0.971814
0.971814
0.971815
0.971815
0.971815
0.971815
0.971815
0.971813
0.971809
0.971802
0.971788
0.971763
0.97172
0.971653
0.971553
0.974114
0.974208
0.974272
0.974312
0.974336
0.97435
0.974358
0.974361
0.974363
0.974364
0.974364
0.974364
0.974363
0.974363
0.974363
0.974362
0.974362
0.974362
0.974361
0.974361
0.974361
0.974361
0.974361
0.97436
0.97436
0.97436
0.97436
0.97436
0.97436
0.97436
0.97436
0.97436
0.97436
0.97436
0.97436
0.97436
0.97436
0.974361
0.974361
0.974361
0.974361
0.974361
0.974362
0.974362
0.974362
0.974363
0.974363
0.974363
0.974364
0.974364
0.974364
0.974363
0.974361
0.974358
0.97435
0.974336
0.974312
0.974272
0.974208
0.974114
0.97648
0.976568
0.976629
0.976667
0.976691
0.976705
0.976712
0.976716
0.976718
0.976718
0.976718
0.976718
0.976718
0.976717
0.976717
0.976717
0.976716
0.976716
0.976716
0.976715
0.976715
0.976715
0.976715
0.976715
0.976714
0.976714
0.976714
0.976714
0.976714
0.976714
0.976714
0.976714
0.976714
0.976714
0.976714
0.976714
0.976715
0.976715
0.976715
0.976715
0.976715
0.976716
0.976716
0.976716
0.976717
0.976717
0.976717
0.976718
0.976718
0.976718
0.976718
0.976718
0.976716
0.976712
0.976705
0.976691
0.976667
0.976629
0.976568
0.97648
0.978664
0.978747
0.978804
0.978841
0.978864
0.978878
0.978885
0.978889
0.978891
0.978891
0.978891
0.978891
0.978891
0.97889
0.97889
0.978889
0.978889
0.978889
0.978888
0.978888
0.978888
0.978887
0.978887
0.978887
0.978887
0.978887
0.978887
0.978887
0.978887
0.978887
0.978887
0.978887
0.978887
0.978887
0.978887
0.978887
0.978887
0.978887
0.978887
0.978888
0.978888
0.978888
0.978889
0.978889
0.978889
0.97889
0.97889
0.978891
0.978891
0.978891
0.978891
0.978891
0.978889
0.978885
0.978878
0.978864
0.978841
0.978804
0.978747
0.978664
0.980679
0.980756
0.98081
0.980846
0.980868
0.980881
0.980888
0.980892
0.980894
0.980895
0.980895
0.980894
0.980894
0.980894
0.980893
0.980893
0.980892
0.980892
0.980891
0.980891
0.980891
0.98089
0.98089
0.98089
0.98089
0.98089
0.98089
0.980889
0.980889
0.980889
0.980889
0.980889
0.980889
0.98089
0.98089
0.98089
0.98089
0.98089
0.98089
0.980891
0.980891
0.980891
0.980892
0.980892
0.980893
0.980893
0.980894
0.980894
0.980894
0.980895
0.980895
0.980894
0.980892
0.980888
0.980881
0.980868
0.980846
0.98081
0.980756
0.980679
0.982536
0.982608
0.982658
0.982692
0.982714
0.982726
0.982733
0.982737
0.982739
0.98274
0.98274
0.98274
0.982739
0.982739
0.982738
0.982738
0.982737
0.982737
0.982736
0.982736
0.982736
0.982735
0.982735
0.982735
0.982735
0.982734
0.982734
0.982734
0.982734
0.982734
0.982734
0.982734
0.982734
0.982734
0.982734
0.982735
0.982735
0.982735
0.982735
0.982736
0.982736
0.982736
0.982737
0.982737
0.982738
0.982738
0.982739
0.982739
0.98274
0.98274
0.98274
0.982739
0.982737
0.982733
0.982726
0.982714
0.982692
0.982658
0.982608
0.982536
0.984245
0.984312
0.984359
0.984392
0.984412
0.984424
0.984432
0.984435
0.984437
0.984438
0.984438
0.984438
0.984437
0.984437
0.984436
0.984435
0.984435
0.984434
0.984434
0.984434
0.984433
0.984433
0.984433
0.984432
0.984432
0.984432
0.984432
0.984432
0.984432
0.984432
0.984432
0.984432
0.984432
0.984432
0.984432
0.984432
0.984432
0.984433
0.984433
0.984433
0.984434
0.984434
0.984434
0.984435
0.984435
0.984436
0.984437
0.984437
0.984438
0.984438
0.984438
0.984437
0.984435
0.984432
0.984424
0.984412
0.984392
0.984359
0.984312
0.984245
0.985817
0.985879
0.985924
0.985954
0.985974
0.985986
0.985993
0.985997
0.985998
0.985999
0.985999
0.985999
0.985998
0.985998
0.985997
0.985996
0.985996
0.985995
0.985995
0.985994
0.985994
0.985994
0.985993
0.985993
0.985993
0.985993
0.985993
0.985992
0.985992
0.985992
0.985992
0.985992
0.985992
0.985993
0.985993
0.985993
0.985993
0.985993
0.985994
0.985994
0.985994
0.985995
0.985995
0.985996
0.985996
0.985997
0.985998
0.985998
0.985999
0.985999
0.985999
0.985998
0.985997
0.985993
0.985986
0.985974
0.985954
0.985924
0.985879
0.985817
0.987261
0.987319
0.987361
0.98739
0.987408
0.98742
0.987427
0.987431
0.987432
0.987433
0.987433
0.987433
0.987432
0.987432
0.987431
0.98743
0.98743
0.987429
0.987428
0.987428
0.987428
0.987427
0.987427
0.987427
0.987426
0.987426
0.987426
0.987426
0.987426
0.987426
0.987426
0.987426
0.987426
0.987426
0.987426
0.987426
0.987427
0.987427
0.987427
0.987428
0.987428
0.987428
0.987429
0.98743
0.98743
0.987431
0.987432
0.987432
0.987433
0.987433
0.987433
0.987432
0.987431
0.987427
0.98742
0.987408
0.98739
0.987361
0.987319
0.987261
0.988587
0.988641
0.98868
0.988707
0.988725
0.988737
0.988743
0.988747
0.988749
0.988749
0.988749
0.988749
0.988748
0.988748
0.988747
0.988746
0.988746
0.988745
0.988744
0.988744
0.988743
0.988743
0.988743
0.988742
0.988742
0.988742
0.988742
0.988742
0.988741
0.988741
0.988741
0.988741
0.988742
0.988742
0.988742
0.988742
0.988742
0.988743
0.988743
0.988743
0.988744
0.988744
0.988745
0.988746
0.988746
0.988747
0.988748
0.988748
0.988749
0.988749
0.988749
0.988749
0.988747
0.988743
0.988737
0.988725
0.988707
0.98868
0.988641
0.988587
0.989804
0.989854
0.98989
0.989916
0.989933
0.989944
0.98995
0.989954
0.989956
0.989956
0.989956
0.989956
0.989955
0.989954
0.989954
0.989953
0.989952
0.989952
0.989951
0.98995
0.98995
0.989949
0.989949
0.989949
0.989948
0.989948
0.989948
0.989948
0.989948
0.989948
0.989948
0.989948
0.989948
0.989948
0.989948
0.989948
0.989949
0.989949
0.989949
0.98995
0.98995
0.989951
0.989952
0.989952
0.989953
0.989954
0.989954
0.989955
0.989956
0.989956
0.989956
0.989956
0.989954
0.98995
0.989944
0.989933
0.989916
0.98989
0.989854
0.989804
0.99092
0.990966
0.991
0.991024
0.99104
0.99105
0.991057
0.99106
0.991062
0.991062
0.991062
0.991062
0.991061
0.99106
0.99106
0.991059
0.991058
0.991057
0.991057
0.991056
0.991055
0.991055
0.991055
0.991054
0.991054
0.991054
0.991053
0.991053
0.991053
0.991053
0.991053
0.991053
0.991053
0.991053
0.991054
0.991054
0.991054
0.991055
0.991055
0.991055
0.991056
0.991057
0.991057
0.991058
0.991059
0.99106
0.99106
0.991061
0.991062
0.991062
0.991062
0.991062
0.99106
0.991057
0.99105
0.99104
0.991024
0.991
0.990966
0.99092
0.991942
0.991984
0.992016
0.992038
0.992053
0.992063
0.992069
0.992073
0.992075
0.992075
0.992075
0.992075
0.992074
0.992073
0.992072
0.992071
0.99207
0.99207
0.992069
0.992068
0.992068
0.992067
0.992067
0.992066
0.992066
0.992066
0.992066
0.992065
0.992065
0.992065
0.992065
0.992065
0.992065
0.992066
0.992066
0.992066
0.992066
0.992067
0.992067
0.992068
0.992068
0.992069
0.99207
0.99207
0.992071
0.992072
0.992073
0.992074
0.992075
0.992075
0.992075
0.992075
0.992073
0.992069
0.992063
0.992053
0.992038
0.992016
0.991984
0.991942
0.992877
0.992916
0.992945
0.992966
0.992981
0.99299
0.992996
0.993
0.993001
0.993002
0.993002
0.993001
0.993
0.992999
0.992999
0.992998
0.992997
0.992996
0.992995
0.992995
0.992994
0.992993
0.992993
0.992992
0.992992
0.992992
0.992992
0.992991
0.992991
0.992991
0.992991
0.992991
0.992991
0.992992
0.992992
0.992992
0.992992
0.992993
0.992993
0.992994
0.992995
0.992995
0.992996
0.992997
0.992998
0.992999
0.992999
0.993
0.993001
0.993002
0.993002
0.993001
0.993
0.992996
0.99299
0.992981
0.992966
0.992945
0.992916
0.992877
0.993733
0.993769
0.993796
0.993816
0.993829
0.993838
0.993844
0.993847
0.993849
0.993849
0.993849
0.993848
0.993848
0.993847
0.993846
0.993845
0.993844
0.993843
0.993842
0.993841
0.993841
0.99384
0.99384
0.993839
0.993839
0.993839
0.993838
0.993838
0.993838
0.993838
0.993838
0.993838
0.993838
0.993838
0.993839
0.993839
0.993839
0.99384
0.99384
0.993841
0.993841
0.993842
0.993843
0.993844
0.993845
0.993846
0.993847
0.993848
0.993848
0.993849
0.993849
0.993849
0.993847
0.993844
0.993838
0.993829
0.993816
0.993796
0.993769
0.993733
0.994515
0.994548
0.994573
0.994592
0.994604
0.994613
0.994618
0.994621
0.994623
0.994623
0.994623
0.994623
0.994622
0.994621
0.99462
0.994619
0.994618
0.994617
0.994616
0.994615
0.994615
0.994614
0.994613
0.994613
0.994613
0.994612
0.994612
0.994612
0.994612
0.994612
0.994612
0.994612
0.994612
0.994612
0.994612
0.994613
0.994613
0.994613
0.994614
0.994615
0.994615
0.994616
0.994617
0.994618
0.994619
0.99462
0.994621
0.994622
0.994623
0.994623
0.994623
0.994623
0.994621
0.994618
0.994613
0.994604
0.994592
0.994573
0.994548
0.994515
0.99523
0.99526
0.995283
0.995301
0.995313
0.995321
0.995326
0.995329
0.99533
0.995331
0.99533
0.99533
0.995329
0.995328
0.995327
0.995326
0.995325
0.995324
0.995323
0.995322
0.995321
0.99532
0.99532
0.995319
0.995319
0.995319
0.995318
0.995318
0.995318
0.995318
0.995318
0.995318
0.995318
0.995318
0.995319
0.995319
0.995319
0.99532
0.99532
0.995321
0.995322
0.995323
0.995324
0.995325
0.995326
0.995327
0.995328
0.995329
0.99533
0.99533
0.995331
0.99533
0.995329
0.995326
0.995321
0.995313
0.995301
0.995283
0.99526
0.99523
0.995883
0.99591
0.995932
0.995948
0.995959
0.995967
0.995971
0.995974
0.995976
0.995976
0.995976
0.995975
0.995974
0.995973
0.995972
0.995971
0.99597
0.995969
0.995968
0.995967
0.995966
0.995965
0.995965
0.995964
0.995964
0.995963
0.995963
0.995963
0.995963
0.995963
0.995963
0.995963
0.995963
0.995963
0.995963
0.995964
0.995964
0.995965
0.995965
0.995966
0.995967
0.995968
0.995969
0.99597
0.995971
0.995972
0.995973
0.995974
0.995975
0.995976
0.995976
0.995976
0.995974
0.995971
0.995967
0.995959
0.995948
0.995932
0.99591
0.995883
0.996478
0.996504
0.996523
0.996538
0.996549
0.996556
0.99656
0.996563
0.996564
0.996565
0.996564
0.996564
0.996563
0.996561
0.99656
0.996559
0.996558
0.996557
0.996556
0.996555
0.996554
0.996553
0.996553
0.996552
0.996552
0.996551
0.996551
0.996551
0.996551
0.996551
0.996551
0.996551
0.996551
0.996551
0.996551
0.996552
0.996552
0.996553
0.996553
0.996554
0.996555
0.996556
0.996557
0.996558
0.996559
0.99656
0.996561
0.996563
0.996564
0.996564
0.996565
0.996564
0.996563
0.99656
0.996556
0.996549
0.996538
0.996523
0.996504
0.996478
0.997021
0.997044
0.997063
0.997076
0.997086
0.997093
0.997097
0.9971
0.997101
0.997101
0.997101
0.9971
0.997099
0.997098
0.997097
0.997096
0.997094
0.997093
0.997092
0.997091
0.99709
0.99709
0.997089
0.997088
0.997088
0.997087
0.997087
0.997087
0.997087
0.997087
0.997087
0.997087
0.997087
0.997087
0.997087
0.997088
0.997088
0.997089
0.99709
0.99709
0.997091
0.997092
0.997093
0.997094
0.997096
0.997097
0.997098
0.997099
0.9971
0.997101
0.997101
0.997101
0.9971
0.997097
0.997093
0.997086
0.997076
0.997063
0.997044
0.997021
0.997516
0.997537
0.997554
0.997567
0.997576
0.997582
0.997586
0.997589
0.99759
0.99759
0.99759
0.997589
0.997588
0.997587
0.997585
0.997584
0.997583
0.997582
0.997581
0.99758
0.997579
0.997578
0.997577
0.997576
0.997576
0.997575
0.997575
0.997575
0.997575
0.997575
0.997575
0.997575
0.997575
0.997575
0.997575
0.997576
0.997576
0.997577
0.997578
0.997579
0.99758
0.997581
0.997582
0.997583
0.997584
0.997585
0.997587
0.997588
0.997589
0.99759
0.99759
0.99759
0.997589
0.997586
0.997582
0.997576
0.997567
0.997554
0.997537
0.997516
0.997967
0.997986
0.998002
0.998013
0.998022
0.998028
0.998031
0.998034
0.998035
0.998035
0.998034
0.998034
0.998033
0.998031
0.99803
0.998029
0.998027
0.998026
0.998025
0.998024
0.998023
0.998022
0.998021
0.998021
0.99802
0.99802
0.998019
0.998019
0.998019
0.998019
0.998019
0.998019
0.998019
0.998019
0.99802
0.99802
0.998021
0.998021
0.998022
0.998023
0.998024
0.998025
0.998026
0.998027
0.998029
0.99803
0.998031
0.998033
0.998034
0.998034
0.998035
0.998035
0.998034
0.998031
0.998028
0.998022
0.998013
0.998002
0.997986
0.997967
0.998377
0.998394
0.998409
0.998419
0.998427
0.998433
0.998436
0.998438
0.998439
0.998439
0.998439
0.998438
0.998437
0.998436
0.998434
0.998433
0.998432
0.998431
0.998429
0.998428
0.998427
0.998426
0.998426
0.998425
0.998424
0.998424
0.998423
0.998423
0.998423
0.998423
0.998423
0.998423
0.998423
0.998423
0.998424
0.998424
0.998425
0.998426
0.998426
0.998427
0.998428
0.998429
0.998431
0.998432
0.998433
0.998434
0.998436
0.998437
0.998438
0.998439
0.998439
0.998439
0.998438
0.998436
0.998433
0.998427
0.998419
0.998409
0.998394
0.998377
0.998749
0.998765
0.998778
0.998788
0.998796
0.998801
0.998804
0.998806
0.998807
0.998807
0.998806
0.998806
0.998804
0.998803
0.998802
0.9988
0.998799
0.998798
0.998796
0.998795
0.998794
0.998793
0.998793
0.998792
0.998791
0.998791
0.99879
0.99879
0.99879
0.99879
0.99879
0.99879
0.99879
0.99879
0.998791
0.998791
0.998792
0.998793
0.998793
0.998794
0.998795
0.998796
0.998798
0.998799
0.9988
0.998802
0.998803
0.998804
0.998806
0.998806
0.998807
0.998807
0.998806
0.998804
0.998801
0.998796
0.998788
0.998778
0.998765
0.998749
0.999087
0.999102
0.999114
0.999123
0.99913
0.999135
0.999138
0.99914
0.99914
0.99914
0.99914
0.999139
0.999138
0.999136
0.999135
0.999134
0.999132
0.999131
0.99913
0.999128
0.999127
0.999126
0.999125
0.999125
0.999124
0.999124
0.999123
0.999123
0.999123
0.999122
0.999122
0.999123
0.999123
0.999123
0.999124
0.999124
0.999125
0.999125
0.999126
0.999127
0.999128
0.99913
0.999131
0.999132
0.999134
0.999135
0.999136
0.999138
0.999139
0.99914
0.99914
0.99914
0.99914
0.999138
0.999135
0.99913
0.999123
0.999114
0.999102
0.999087
0.999393
0.999407
0.999418
0.999426
0.999433
0.999437
0.99944
0.999442
0.999442
0.999442
0.999442
0.999441
0.999439
0.999438
0.999437
0.999435
0.999434
0.999432
0.999431
0.99943
0.999429
0.999428
0.999427
0.999426
0.999425
0.999425
0.999424
0.999424
0.999424
0.999424
0.999424
0.999424
0.999424
0.999424
0.999425
0.999425
0.999426
0.999427
0.999428
0.999429
0.99943
0.999431
0.999432
0.999434
0.999435
0.999437
0.999438
0.999439
0.999441
0.999442
0.999442
0.999442
0.999442
0.99944
0.999437
0.999433
0.999426
0.999418
0.999407
0.999393
0.99967
0.999682
0.999692
0.9997
0.999706
0.99971
0.999713
0.999714
0.999715
0.999715
0.999714
0.999713
0.999712
0.999711
0.999709
0.999708
0.999706
0.999705
0.999704
0.999702
0.999701
0.9997
0.999699
0.999698
0.999698
0.999697
0.999697
0.999696
0.999696
0.999696
0.999696
0.999696
0.999696
0.999697
0.999697
0.999698
0.999698
0.999699
0.9997
0.999701
0.999702
0.999704
0.999705
0.999706
0.999708
0.999709
0.999711
0.999712
0.999713
0.999714
0.999715
0.999715
0.999714
0.999713
0.99971
0.999706
0.9997
0.999692
0.999682
0.99967
0.999919
0.99993
0.99994
0.999947
0.999952
0.999956
0.999959
0.99996
0.999961
0.999961
0.99996
0.999959
0.999958
0.999956
0.999955
0.999953
0.999952
0.99995
0.999949
0.999948
0.999946
0.999945
0.999944
0.999944
0.999943
0.999942
0.999942
0.999942
0.999941
0.999941
0.999941
0.999941
0.999942
0.999942
0.999942
0.999943
0.999944
0.999944
0.999945
0.999946
0.999948
0.999949
0.99995
0.999952
0.999953
0.999955
0.999956
0.999958
0.999959
0.99996
0.999961
0.999961
0.99996
0.999959
0.999956
0.999952
0.999947
0.99994
0.99993
0.999919
1.00014
1.00015
1.00016
1.00017
1.00017
1.00018
1.00018
1.00018
1.00018
1.00018
1.00018
1.00018
1.00018
1.00018
1.00018
1.00017
1.00017
1.00017
1.00017
1.00017
1.00017
1.00017
1.00016
1.00016
1.00016
1.00016
1.00016
1.00016
1.00016
1.00016
1.00016
1.00016
1.00016
1.00016
1.00016
1.00016
1.00016
1.00016
1.00017
1.00017
1.00017
1.00017
1.00017
1.00017
1.00017
1.00018
1.00018
1.00018
1.00018
1.00018
1.00018
1.00018
1.00018
1.00018
1.00018
1.00017
1.00017
1.00016
1.00015
1.00014
1.00034
1.00035
1.00036
1.00037
1.00037
1.00037
1.00038
1.00038
1.00038
1.00038
1.00038
1.00038
1.00037
1.00037
1.00037
1.00037
1.00037
1.00037
1.00037
1.00036
1.00036
1.00036
1.00036
1.00036
1.00036
1.00036
1.00036
1.00036
1.00036
1.00036
1.00036
1.00036
1.00036
1.00036
1.00036
1.00036
1.00036
1.00036
1.00036
1.00036
1.00036
1.00037
1.00037
1.00037
1.00037
1.00037
1.00037
1.00037
1.00038
1.00038
1.00038
1.00038
1.00038
1.00038
1.00037
1.00037
1.00037
1.00036
1.00035
1.00034
1.00052
1.00053
1.00054
1.00054
1.00055
1.00055
1.00055
1.00055
1.00055
1.00055
1.00055
1.00055
1.00055
1.00055
1.00055
1.00054
1.00054
1.00054
1.00054
1.00054
1.00054
1.00054
1.00054
1.00053
1.00053
1.00053
1.00053
1.00053
1.00053
1.00053
1.00053
1.00053
1.00053
1.00053
1.00053
1.00053
1.00053
1.00054
1.00054
1.00054
1.00054
1.00054
1.00054
1.00054
1.00054
1.00055
1.00055
1.00055
1.00055
1.00055
1.00055
1.00055
1.00055
1.00055
1.00055
1.00055
1.00054
1.00054
1.00053
1.00052
1.00068
1.00068
1.00069
1.0007
1.0007
1.0007
1.0007
1.00071
1.00071
1.00071
1.00071
1.0007
1.0007
1.0007
1.0007
1.0007
1.0007
1.0007
1.00069
1.00069
1.00069
1.00069
1.00069
1.00069
1.00069
1.00069
1.00069
1.00069
1.00069
1.00069
1.00069
1.00069
1.00069
1.00069
1.00069
1.00069
1.00069
1.00069
1.00069
1.00069
1.00069
1.00069
1.0007
1.0007
1.0007
1.0007
1.0007
1.0007
1.0007
1.00071
1.00071
1.00071
1.00071
1.0007
1.0007
1.0007
1.0007
1.00069
1.00068
1.00068
1.00081
1.00082
1.00083
1.00083
1.00083
1.00084
1.00084
1.00084
1.00084
1.00084
1.00084
1.00084
1.00084
1.00083
1.00083
1.00083
1.00083
1.00083
1.00083
1.00083
1.00082
1.00082
1.00082
1.00082
1.00082
1.00082
1.00082
1.00082
1.00082
1.00082
1.00082
1.00082
1.00082
1.00082
1.00082
1.00082
1.00082
1.00082
1.00082
1.00082
1.00083
1.00083
1.00083
1.00083
1.00083
1.00083
1.00083
1.00084
1.00084
1.00084
1.00084
1.00084
1.00084
1.00084
1.00084
1.00083
1.00083
1.00083
1.00082
1.00081
1.00093
1.00093
1.00094
1.00095
1.00095
1.00095
1.00095
1.00095
1.00095
1.00095
1.00095
1.00095
1.00095
1.00095
1.00095
1.00095
1.00094
1.00094
1.00094
1.00094
1.00094
1.00094
1.00094
1.00094
1.00094
1.00093
1.00093
1.00093
1.00093
1.00093
1.00093
1.00093
1.00093
1.00093
1.00093
1.00094
1.00094
1.00094
1.00094
1.00094
1.00094
1.00094
1.00094
1.00094
1.00095
1.00095
1.00095
1.00095
1.00095
1.00095
1.00095
1.00095
1.00095
1.00095
1.00095
1.00095
1.00095
1.00094
1.00093
1.00093
1.00102
1.00103
1.00104
1.00104
1.00104
1.00105
1.00105
1.00105
1.00105
1.00105
1.00105
1.00105
1.00105
1.00105
1.00104
1.00104
1.00104
1.00104
1.00104
1.00104
1.00103
1.00103
1.00103
1.00103
1.00103
1.00103
1.00103
1.00103
1.00103
1.00103
1.00103
1.00103
1.00103
1.00103
1.00103
1.00103
1.00103
1.00103
1.00103
1.00103
1.00104
1.00104
1.00104
1.00104
1.00104
1.00104
1.00105
1.00105
1.00105
1.00105
1.00105
1.00105
1.00105
1.00105
1.00105
1.00104
1.00104
1.00104
1.00103
1.00102
1.0011
1.00111
1.00112
1.00112
1.00112
1.00113
1.00113
1.00113
1.00113
1.00113
1.00113
1.00113
1.00112
1.00112
1.00112
1.00112
1.00112
1.00112
1.00112
1.00111
1.00111
1.00111
1.00111
1.00111
1.00111
1.00111
1.00111
1.00111
1.00111
1.00111
1.00111
1.00111
1.00111
1.00111
1.00111
1.00111
1.00111
1.00111
1.00111
1.00111
1.00111
1.00112
1.00112
1.00112
1.00112
1.00112
1.00112
1.00112
1.00113
1.00113
1.00113
1.00113
1.00113
1.00113
1.00113
1.00112
1.00112
1.00112
1.00111
1.0011
1.00117
1.00117
1.00118
1.00118
1.00118
1.00119
1.00119
1.00119
1.00119
1.00119
1.00119
1.00119
1.00118
1.00118
1.00118
1.00118
1.00118
1.00118
1.00118
1.00117
1.00117
1.00117
1.00117
1.00117
1.00117
1.00117
1.00117
1.00117
1.00117
1.00117
1.00117
1.00117
1.00117
1.00117
1.00117
1.00117
1.00117
1.00117
1.00117
1.00117
1.00117
1.00118
1.00118
1.00118
1.00118
1.00118
1.00118
1.00118
1.00119
1.00119
1.00119
1.00119
1.00119
1.00119
1.00119
1.00118
1.00118
1.00118
1.00117
1.00117
1.00121
1.00122
1.00122
1.00122
1.00123
1.00123
1.00123
1.00123
1.00123
1.00123
1.00123
1.00123
1.00123
1.00123
1.00122
1.00122
1.00122
1.00122
1.00122
1.00122
1.00122
1.00122
1.00121
1.00121
1.00121
1.00121
1.00121
1.00121
1.00121
1.00121
1.00121
1.00121
1.00121
1.00121
1.00121
1.00121
1.00121
1.00121
1.00122
1.00122
1.00122
1.00122
1.00122
1.00122
1.00122
1.00122
1.00123
1.00123
1.00123
1.00123
1.00123
1.00123
1.00123
1.00123
1.00123
1.00123
1.00122
1.00122
1.00122
1.00121
1.00124
1.00124
1.00125
1.00125
1.00125
1.00125
1.00126
1.00126
1.00126
1.00126
1.00126
1.00125
1.00125
1.00125
1.00125
1.00125
1.00125
1.00125
1.00125
1.00124
1.00124
1.00124
1.00124
1.00124
1.00124
1.00124
1.00124
1.00124
1.00124
1.00124
1.00124
1.00124
1.00124
1.00124
1.00124
1.00124
1.00124
1.00124
1.00124
1.00124
1.00124
1.00125
1.00125
1.00125
1.00125
1.00125
1.00125
1.00125
1.00125
1.00126
1.00126
1.00126
1.00126
1.00126
1.00125
1.00125
1.00125
1.00125
1.00124
1.00124
1.00125
1.00125
1.00126
1.00126
1.00126
1.00126
1.00127
1.00127
1.00127
1.00127
1.00126
1.00126
1.00126
1.00126
1.00126
1.00126
1.00126
1.00126
1.00125
1.00125
1.00125
1.00125
1.00125
1.00125
1.00125
1.00125
1.00125
1.00125
1.00125
1.00125
1.00125
1.00125
1.00125
1.00125
1.00125
1.00125
1.00125
1.00125
1.00125
1.00125
1.00125
1.00125
1.00126
1.00126
1.00126
1.00126
1.00126
1.00126
1.00126
1.00126
1.00127
1.00127
1.00127
1.00127
1.00126
1.00126
1.00126
1.00126
1.00125
1.00125
1.00124
1.00125
1.00125
1.00125
1.00126
1.00126
1.00126
1.00126
1.00126
1.00126
1.00126
1.00126
1.00126
1.00125
1.00125
1.00125
1.00125
1.00125
1.00125
1.00125
1.00125
1.00124
1.00124
1.00124
1.00124
1.00124
1.00124
1.00124
1.00124
1.00124
1.00124
1.00124
1.00124
1.00124
1.00124
1.00124
1.00124
1.00124
1.00124
1.00125
1.00125
1.00125
1.00125
1.00125
1.00125
1.00125
1.00125
1.00126
1.00126
1.00126
1.00126
1.00126
1.00126
1.00126
1.00126
1.00126
1.00125
1.00125
1.00125
1.00124
1.00122
1.00122
1.00123
1.00123
1.00123
1.00123
1.00123
1.00123
1.00123
1.00123
1.00123
1.00123
1.00123
1.00123
1.00123
1.00123
1.00123
1.00123
1.00122
1.00122
1.00122
1.00122
1.00122
1.00122
1.00122
1.00122
1.00122
1.00122
1.00122
1.00122
1.00122
1.00122
1.00122
1.00122
1.00122
1.00122
1.00122
1.00122
1.00122
1.00122
1.00122
1.00122
1.00123
1.00123
1.00123
1.00123
1.00123
1.00123
1.00123
1.00123
1.00123
1.00123
1.00123
1.00123
1.00123
1.00123
1.00123
1.00123
1.00122
1.00122
1.00118
1.00118
1.00119
1.00119
1.00119
1.00119
1.00119
1.00119
1.00119
1.00119
1.00119
1.00119
1.00119
1.00119
1.00119
1.00119
1.00119
1.00119
1.00118
1.00118
1.00118
1.00118
1.00118
1.00118
1.00118
1.00118
1.00118
1.00118
1.00118
1.00118
1.00118
1.00118
1.00118
1.00118
1.00118
1.00118
1.00118
1.00118
1.00118
1.00118
1.00118
1.00118
1.00119
1.00119
1.00119
1.00119
1.00119
1.00119
1.00119
1.00119
1.00119
1.00119
1.00119
1.00119
1.00119
1.00119
1.00119
1.00119
1.00118
1.00118
1.00112
1.00113
1.00113
1.00113
1.00114
1.00114
1.00114
1.00114
1.00114
1.00114
1.00114
1.00114
1.00113
1.00113
1.00113
1.00113
1.00113
1.00113
1.00113
1.00113
1.00113
1.00113
1.00112
1.00112
1.00112
1.00112
1.00112
1.00112
1.00112
1.00112
1.00112
1.00112
1.00112
1.00112
1.00112
1.00112
1.00112
1.00112
1.00113
1.00113
1.00113
1.00113
1.00113
1.00113
1.00113
1.00113
1.00113
1.00113
1.00114
1.00114
1.00114
1.00114
1.00114
1.00114
1.00114
1.00114
1.00113
1.00113
1.00113
1.00112
1.00105
1.00106
1.00106
1.00106
1.00106
1.00106
1.00106
1.00106
1.00106
1.00106
1.00106
1.00106
1.00106
1.00106
1.00106
1.00106
1.00106
1.00106
1.00106
1.00106
1.00105
1.00105
1.00105
1.00105
1.00105
1.00105
1.00105
1.00105
1.00105
1.00105
1.00105
1.00105
1.00105
1.00105
1.00105
1.00105
1.00105
1.00105
1.00105
1.00105
1.00106
1.00106
1.00106
1.00106
1.00106
1.00106
1.00106
1.00106
1.00106
1.00106
1.00106
1.00106
1.00106
1.00106
1.00106
1.00106
1.00106
1.00106
1.00106
1.00105
1.00097
1.00097
1.00097
1.00097
1.00098
1.00098
1.00098
1.00098
1.00098
1.00098
1.00098
1.00097
1.00097
1.00097
1.00097
1.00097
1.00097
1.00097
1.00097
1.00097
1.00097
1.00097
1.00097
1.00097
1.00096
1.00096
1.00096
1.00096
1.00096
1.00096
1.00096
1.00096
1.00096
1.00096
1.00096
1.00096
1.00097
1.00097
1.00097
1.00097
1.00097
1.00097
1.00097
1.00097
1.00097
1.00097
1.00097
1.00097
1.00097
1.00098
1.00098
1.00098
1.00098
1.00098
1.00098
1.00098
1.00097
1.00097
1.00097
1.00097
1.00087
1.00087
1.00087
1.00087
1.00087
1.00087
1.00087
1.00087
1.00087
1.00087
1.00087
1.00087
1.00087
1.00087
1.00087
1.00087
1.00087
1.00087
1.00087
1.00087
1.00086
1.00086
1.00086
1.00086
1.00086
1.00086
1.00086
1.00086
1.00086
1.00086
1.00086
1.00086
1.00086
1.00086
1.00086
1.00086
1.00086
1.00086
1.00086
1.00086
1.00087
1.00087
1.00087
1.00087
1.00087
1.00087
1.00087
1.00087
1.00087
1.00087
1.00087
1.00087
1.00087
1.00087
1.00087
1.00087
1.00087
1.00087
1.00087
1.00087
1.00075
1.00075
1.00075
1.00075
1.00075
1.00075
1.00075
1.00075
1.00075
1.00075
1.00075
1.00075
1.00075
1.00075
1.00075
1.00075
1.00075
1.00075
1.00075
1.00075
1.00074
1.00074
1.00074
1.00074
1.00074
1.00074
1.00074
1.00074
1.00074
1.00074
1.00074
1.00074
1.00074
1.00074
1.00074
1.00074
1.00074
1.00074
1.00074
1.00074
1.00075
1.00075
1.00075
1.00075
1.00075
1.00075
1.00075
1.00075
1.00075
1.00075
1.00075
1.00075
1.00075
1.00075
1.00075
1.00075
1.00075
1.00075
1.00075
1.00075
1.0006
1.0006
1.0006
1.0006
1.0006
1.0006
1.0006
1.0006
1.0006
1.0006
1.0006
1.0006
1.0006
1.0006
1.0006
1.0006
1.0006
1.0006
1.0006
1.0006
1.0006
1.0006
1.0006
1.0006
1.0006
1.0006
1.0006
1.0006
1.0006
1.0006
1.0006
1.0006
1.0006
1.0006
1.0006
1.0006
1.0006
1.0006
1.0006
1.0006
1.0006
1.0006
1.0006
1.0006
1.0006
1.0006
1.0006
1.0006
1.0006
1.0006
1.0006
1.0006
1.0006
1.0006
1.0006
1.0006
1.0006
1.0006
1.0006
1.0006
1.00036
1.00039
1.00039
1.00039
1.00039
1.00039
1.00039
1.00039
1.00039
1.00039
1.00039
1.00039
1.00039
1.00039
1.00039
1.00039
1.00039
1.00039
1.00039
1.00039
1.00039
1.00039
1.00039
1.00039
1.00039
1.00039
1.00039
1.00039
1.00039
1.00039
1.00039
1.00039
1.00039
1.00039
1.00039
1.00039
1.00039
1.00039
1.00039
1.00039
1.00039
1.00039
1.00039
1.00039
1.00039
1.00039
1.00039
1.00039
1.00039
1.00039
1.00039
1.00039
1.00039
1.00039
1.00039
1.00039
1.00039
1.00039
1.00039
1.00036
0.999952
1.00004
1.00005
1.00005
1.00005
1.00005
1.00005
1.00005
1.00005
1.00005
1.00005
1.00005
1.00005
1.00005
1.00005
1.00005
1.00005
1.00005
1.00005
1.00005
1.00005
1.00005
1.00005
1.00005
1.00005
1.00005
1.00005
1.00005
1.00005
1.00005
1.00005
1.00005
1.00005
1.00005
1.00005
1.00005
1.00005
1.00005
1.00005
1.00005
1.00005
1.00005
1.00005
1.00005
1.00005
1.00005
1.00005
1.00005
1.00005
1.00005
1.00005
1.00005
1.00005
1.00005
1.00005
1.00005
1.00005
1.00005
1.00004
0.999952
0.999382
0.999608
0.999652
0.999658
0.999659
0.99966
0.999661
0.999661
0.999661
0.999661
0.999661
0.999661
0.999661
0.999661
0.999661
0.999661
0.999661
0.999661
0.999661
0.99966
0.99966
0.99966
0.99966
0.99966
0.99966
0.99966
0.99966
0.99966
0.99966
0.99966
0.99966
0.99966
0.99966
0.99966
0.99966
0.99966
0.99966
0.99966
0.99966
0.99966
0.99966
0.999661
0.999661
0.999661
0.999661
0.999661
0.999661
0.999661
0.999661
0.999661
0.999661
0.999661
0.999661
0.999661
0.99966
0.999659
0.999658
0.999652
0.999608
0.999382
)
;

boundaryField
{
    top
    {
        type            fixedValue;
        value           uniform 1;
    }
    bottom
    {
        type            fixedValue;
        value           uniform 1;
    }
    wall
    {
        type            zeroGradient;
    }
    frontAndBack
    {
        type            empty;
    }
}


// ************************************************************************* //
