/*--------------------------------*- C++ -*----------------------------------*\
| =========                 |                                                 |
| \\      /  F ield         | foam-extend: Open Source CFD                    |
|  \\    /   O peration     | Version:     4.0                                |
|   \\  /    A nd           | Web:         http://www.foam-extend.org         |
|    \\/     M anipulation  |                                                 |
\*---------------------------------------------------------------------------*/
FoamFile
{
    version     2.0;
    format      ascii;
    class       volScalarField;
    location    "1270";
    object      cMinus;
}
// * * * * * * * * * * * * * * * * * * * * * * * * * * * * * * * * * * * * * //

dimensions      [0 0 0 0 0 0 0];

internalField   nonuniform List<scalar> 
6960
(
0.0046257
0.00463079
0.00463223
0.00463302
0.00463358
0.00463401
0.00463435
0.00463462
0.00463484
0.00463503
0.00463518
0.00463531
0.00463542
0.00463551
0.00463559
0.00463566
0.00463572
0.00463577
0.00463581
0.00463585
0.00463588
0.00463591
0.00463593
0.00463595
0.00463597
0.00463598
0.00463599
0.004636
0.00463601
0.00463601
0.00463601
0.00463601
0.004636
0.00463599
0.00463598
0.00463597
0.00463595
0.00463593
0.00463591
0.00463588
0.00463585
0.00463581
0.00463577
0.00463572
0.00463566
0.00463559
0.00463551
0.00463542
0.00463531
0.00463518
0.00463503
0.00463484
0.00463462
0.00463435
0.00463401
0.00463358
0.00463302
0.00463223
0.00463079
0.0046257
0.012552
0.0125659
0.0125696
0.0125716
0.0125729
0.012574
0.0125748
0.0125754
0.012576
0.0125764
0.0125768
0.0125771
0.0125773
0.0125775
0.0125777
0.0125779
0.012578
0.0125781
0.0125783
0.0125783
0.0125784
0.0125785
0.0125785
0.0125786
0.0125786
0.0125787
0.0125787
0.0125787
0.0125787
0.0125787
0.0125787
0.0125787
0.0125787
0.0125787
0.0125787
0.0125786
0.0125786
0.0125785
0.0125785
0.0125784
0.0125783
0.0125783
0.0125781
0.012578
0.0125779
0.0125777
0.0125775
0.0125773
0.0125771
0.0125768
0.0125764
0.012576
0.0125754
0.0125748
0.012574
0.0125729
0.0125716
0.0125696
0.0125659
0.012552
0.0267714
0.0268004
0.0268079
0.0268116
0.0268141
0.026816
0.0268175
0.0268187
0.0268196
0.0268204
0.0268211
0.0268216
0.0268221
0.0268225
0.0268228
0.0268231
0.0268234
0.0268236
0.0268238
0.0268239
0.0268241
0.0268242
0.0268243
0.0268244
0.0268245
0.0268245
0.0268246
0.0268246
0.0268246
0.0268246
0.0268246
0.0268246
0.0268246
0.0268246
0.0268245
0.0268245
0.0268244
0.0268243
0.0268242
0.0268241
0.0268239
0.0268238
0.0268236
0.0268234
0.0268231
0.0268228
0.0268225
0.0268221
0.0268216
0.0268211
0.0268204
0.0268196
0.0268187
0.0268175
0.026816
0.0268141
0.0268116
0.0268079
0.0268004
0.0267714
0.0488898
0.0489403
0.0489528
0.0489586
0.0489625
0.0489653
0.0489676
0.0489694
0.0489708
0.048972
0.048973
0.0489738
0.0489745
0.0489751
0.0489756
0.048976
0.0489764
0.0489767
0.048977
0.0489772
0.0489774
0.0489776
0.0489778
0.0489779
0.048978
0.0489781
0.0489781
0.0489782
0.0489782
0.0489782
0.0489782
0.0489782
0.0489782
0.0489781
0.0489781
0.048978
0.0489779
0.0489778
0.0489776
0.0489774
0.0489772
0.048977
0.0489767
0.0489764
0.048976
0.0489756
0.0489751
0.0489745
0.0489738
0.048973
0.048972
0.0489708
0.0489694
0.0489676
0.0489653
0.0489625
0.0489586
0.0489528
0.0489403
0.0488898
0.0790634
0.0791395
0.0791577
0.0791656
0.0791706
0.0791744
0.0791773
0.0791795
0.0791814
0.0791829
0.0791842
0.0791852
0.0791861
0.0791869
0.0791875
0.0791881
0.0791885
0.079189
0.0791893
0.0791896
0.0791899
0.0791901
0.0791903
0.0791905
0.0791906
0.0791907
0.0791908
0.0791908
0.0791909
0.0791909
0.0791909
0.0791909
0.0791908
0.0791908
0.0791907
0.0791906
0.0791905
0.0791903
0.0791901
0.0791899
0.0791896
0.0791893
0.079189
0.0791885
0.0791881
0.0791875
0.0791869
0.0791861
0.0791852
0.0791842
0.0791829
0.0791814
0.0791795
0.0791773
0.0791744
0.0791706
0.0791656
0.0791577
0.0791395
0.0790634
0.115704
0.115806
0.115829
0.115839
0.115845
0.115849
0.115852
0.115855
0.115857
0.115859
0.11586
0.115862
0.115863
0.115863
0.115864
0.115865
0.115865
0.115866
0.115866
0.115866
0.115867
0.115867
0.115867
0.115867
0.115868
0.115868
0.115868
0.115868
0.115868
0.115868
0.115868
0.115868
0.115868
0.115868
0.115868
0.115868
0.115867
0.115867
0.115867
0.115867
0.115866
0.115866
0.115866
0.115865
0.115865
0.115864
0.115863
0.115863
0.115862
0.11586
0.115859
0.115857
0.115855
0.115852
0.115849
0.115845
0.115839
0.115829
0.115806
0.115704
0.156193
0.156319
0.156347
0.156358
0.156364
0.156369
0.156372
0.156375
0.156377
0.156379
0.15638
0.156381
0.156383
0.156383
0.156384
0.156385
0.156385
0.156386
0.156386
0.156387
0.156387
0.156387
0.156387
0.156388
0.156388
0.156388
0.156388
0.156388
0.156388
0.156388
0.156388
0.156388
0.156388
0.156388
0.156388
0.156388
0.156388
0.156387
0.156387
0.156387
0.156387
0.156386
0.156386
0.156385
0.156385
0.156384
0.156383
0.156383
0.156381
0.15638
0.156379
0.156377
0.156375
0.156372
0.156369
0.156364
0.156358
0.156347
0.156319
0.156193
0.198009
0.198155
0.198187
0.198198
0.198205
0.198209
0.198213
0.198215
0.198218
0.198219
0.198221
0.198222
0.198223
0.198224
0.198224
0.198225
0.198226
0.198226
0.198226
0.198227
0.198227
0.198227
0.198227
0.198228
0.198228
0.198228
0.198228
0.198228
0.198228
0.198228
0.198228
0.198228
0.198228
0.198228
0.198228
0.198228
0.198228
0.198227
0.198227
0.198227
0.198227
0.198226
0.198226
0.198226
0.198225
0.198224
0.198224
0.198223
0.198222
0.198221
0.198219
0.198218
0.198215
0.198213
0.198209
0.198205
0.198198
0.198187
0.198155
0.198009
0.239427
0.239591
0.239626
0.239638
0.239644
0.239649
0.239652
0.239654
0.239656
0.239658
0.239659
0.23966
0.239661
0.239662
0.239663
0.239663
0.239664
0.239664
0.239664
0.239665
0.239665
0.239665
0.239665
0.239666
0.239666
0.239666
0.239666
0.239666
0.239666
0.239666
0.239666
0.239666
0.239666
0.239666
0.239666
0.239666
0.239666
0.239665
0.239665
0.239665
0.239665
0.239664
0.239664
0.239664
0.239663
0.239663
0.239662
0.239661
0.23966
0.239659
0.239658
0.239656
0.239654
0.239652
0.239649
0.239644
0.239638
0.239626
0.239591
0.239427
0.279584
0.279763
0.279801
0.279813
0.279819
0.279823
0.279826
0.279829
0.27983
0.279832
0.279833
0.279834
0.279835
0.279836
0.279836
0.279837
0.279837
0.279838
0.279838
0.279838
0.279838
0.279839
0.279839
0.279839
0.279839
0.279839
0.279839
0.279839
0.279839
0.279839
0.279839
0.279839
0.279839
0.279839
0.279839
0.279839
0.279839
0.279839
0.279839
0.279838
0.279838
0.279838
0.279838
0.279837
0.279837
0.279836
0.279836
0.279835
0.279834
0.279833
0.279832
0.27983
0.279829
0.279826
0.279823
0.279819
0.279813
0.279801
0.279763
0.279584
0.318189
0.318381
0.318422
0.318434
0.31844
0.318444
0.318447
0.318449
0.318451
0.318452
0.318453
0.318454
0.318455
0.318455
0.318456
0.318456
0.318457
0.318457
0.318457
0.318458
0.318458
0.318458
0.318458
0.318458
0.318458
0.318459
0.318459
0.318459
0.318459
0.318459
0.318459
0.318459
0.318459
0.318459
0.318459
0.318458
0.318458
0.318458
0.318458
0.318458
0.318458
0.318457
0.318457
0.318457
0.318456
0.318456
0.318455
0.318455
0.318454
0.318453
0.318452
0.318451
0.318449
0.318447
0.318444
0.31844
0.318434
0.318422
0.318381
0.318189
0.355224
0.355428
0.355472
0.355484
0.35549
0.355493
0.355496
0.355498
0.355499
0.355501
0.355502
0.355502
0.355503
0.355504
0.355504
0.355505
0.355505
0.355505
0.355506
0.355506
0.355506
0.355506
0.355506
0.355506
0.355507
0.355507
0.355507
0.355507
0.355507
0.355507
0.355507
0.355507
0.355507
0.355507
0.355507
0.355507
0.355506
0.355506
0.355506
0.355506
0.355506
0.355506
0.355505
0.355505
0.355505
0.355504
0.355504
0.355503
0.355502
0.355502
0.355501
0.355499
0.355498
0.355496
0.355493
0.35549
0.355484
0.355472
0.355428
0.355224
0.390756
0.390972
0.391018
0.391031
0.391036
0.39104
0.391042
0.391044
0.391045
0.391046
0.391047
0.391048
0.391049
0.391049
0.391049
0.39105
0.39105
0.39105
0.391051
0.391051
0.391051
0.391051
0.391051
0.391051
0.391052
0.391052
0.391052
0.391052
0.391052
0.391052
0.391052
0.391052
0.391052
0.391052
0.391052
0.391052
0.391051
0.391051
0.391051
0.391051
0.391051
0.391051
0.39105
0.39105
0.39105
0.391049
0.391049
0.391049
0.391048
0.391047
0.391046
0.391045
0.391044
0.391042
0.39104
0.391036
0.391031
0.391018
0.390972
0.390756
0.424861
0.425086
0.425135
0.425148
0.425154
0.425157
0.425159
0.42516
0.425162
0.425163
0.425164
0.425164
0.425165
0.425165
0.425166
0.425166
0.425166
0.425167
0.425167
0.425167
0.425167
0.425167
0.425167
0.425168
0.425168
0.425168
0.425168
0.425168
0.425168
0.425168
0.425168
0.425168
0.425168
0.425168
0.425168
0.425168
0.425168
0.425167
0.425167
0.425167
0.425167
0.425167
0.425167
0.425166
0.425166
0.425166
0.425165
0.425165
0.425164
0.425164
0.425163
0.425162
0.42516
0.425159
0.425157
0.425154
0.425148
0.425135
0.425086
0.424861
0.457596
0.45783
0.457881
0.457895
0.4579
0.457903
0.457905
0.457906
0.457907
0.457908
0.457909
0.45791
0.45791
0.457911
0.457911
0.457911
0.457912
0.457912
0.457912
0.457912
0.457912
0.457912
0.457913
0.457913
0.457913
0.457913
0.457913
0.457913
0.457913
0.457913
0.457913
0.457913
0.457913
0.457913
0.457913
0.457913
0.457913
0.457913
0.457912
0.457912
0.457912
0.457912
0.457912
0.457912
0.457911
0.457911
0.457911
0.45791
0.45791
0.457909
0.457908
0.457907
0.457906
0.457905
0.457903
0.4579
0.457895
0.457881
0.45783
0.457596
0.489003
0.489245
0.489299
0.489312
0.489318
0.48932
0.489322
0.489324
0.489325
0.489325
0.489326
0.489327
0.489327
0.489328
0.489328
0.489328
0.489328
0.489329
0.489329
0.489329
0.489329
0.489329
0.489329
0.489329
0.489329
0.489329
0.48933
0.48933
0.48933
0.48933
0.48933
0.48933
0.48933
0.48933
0.489329
0.489329
0.489329
0.489329
0.489329
0.489329
0.489329
0.489329
0.489329
0.489328
0.489328
0.489328
0.489328
0.489327
0.489327
0.489326
0.489325
0.489325
0.489324
0.489322
0.48932
0.489318
0.489312
0.489299
0.489245
0.489003
0.519115
0.519364
0.51942
0.519434
0.519439
0.519442
0.519444
0.519445
0.519446
0.519447
0.519447
0.519448
0.519448
0.519449
0.519449
0.519449
0.519449
0.519449
0.51945
0.51945
0.51945
0.51945
0.51945
0.51945
0.51945
0.51945
0.51945
0.51945
0.51945
0.51945
0.51945
0.51945
0.51945
0.51945
0.51945
0.51945
0.51945
0.51945
0.51945
0.51945
0.51945
0.51945
0.519449
0.519449
0.519449
0.519449
0.519449
0.519448
0.519448
0.519447
0.519447
0.519446
0.519445
0.519444
0.519442
0.519439
0.519434
0.51942
0.519364
0.519115
0.54796
0.548214
0.548273
0.548287
0.548292
0.548294
0.548296
0.548297
0.548298
0.548299
0.548299
0.5483
0.5483
0.5483
0.548301
0.548301
0.548301
0.548301
0.548301
0.548302
0.548302
0.548302
0.548302
0.548302
0.548302
0.548302
0.548302
0.548302
0.548302
0.548302
0.548302
0.548302
0.548302
0.548302
0.548302
0.548302
0.548302
0.548302
0.548302
0.548302
0.548302
0.548301
0.548301
0.548301
0.548301
0.548301
0.5483
0.5483
0.5483
0.548299
0.548299
0.548298
0.548297
0.548296
0.548294
0.548292
0.548287
0.548273
0.548214
0.54796
0.57556
0.57582
0.57588
0.575895
0.5759
0.575902
0.575903
0.575905
0.575905
0.575906
0.575907
0.575907
0.575907
0.575908
0.575908
0.575908
0.575908
0.575908
0.575908
0.575909
0.575909
0.575909
0.575909
0.575909
0.575909
0.575909
0.575909
0.575909
0.575909
0.575909
0.575909
0.575909
0.575909
0.575909
0.575909
0.575909
0.575909
0.575909
0.575909
0.575909
0.575909
0.575908
0.575908
0.575908
0.575908
0.575908
0.575908
0.575907
0.575907
0.575907
0.575906
0.575905
0.575905
0.575903
0.575902
0.5759
0.575895
0.57588
0.57582
0.57556
0.601941
0.602204
0.602266
0.602281
0.602286
0.602288
0.60229
0.602291
0.602292
0.602292
0.602293
0.602293
0.602293
0.602294
0.602294
0.602294
0.602294
0.602294
0.602294
0.602294
0.602295
0.602295
0.602295
0.602295
0.602295
0.602295
0.602295
0.602295
0.602295
0.602295
0.602295
0.602295
0.602295
0.602295
0.602295
0.602295
0.602295
0.602295
0.602295
0.602295
0.602294
0.602294
0.602294
0.602294
0.602294
0.602294
0.602294
0.602293
0.602293
0.602293
0.602292
0.602292
0.602291
0.60229
0.602288
0.602286
0.602281
0.602266
0.602204
0.601941
0.627125
0.62739
0.627455
0.62747
0.627475
0.627477
0.627478
0.627479
0.62748
0.627481
0.627481
0.627481
0.627482
0.627482
0.627482
0.627482
0.627482
0.627482
0.627483
0.627483
0.627483
0.627483
0.627483
0.627483
0.627483
0.627483
0.627483
0.627483
0.627483
0.627483
0.627483
0.627483
0.627483
0.627483
0.627483
0.627483
0.627483
0.627483
0.627483
0.627483
0.627483
0.627483
0.627482
0.627482
0.627482
0.627482
0.627482
0.627482
0.627481
0.627481
0.627481
0.62748
0.627479
0.627478
0.627477
0.627475
0.62747
0.627455
0.62739
0.627125
0.651136
0.651404
0.65147
0.651486
0.65149
0.651492
0.651494
0.651494
0.651495
0.651496
0.651496
0.651496
0.651497
0.651497
0.651497
0.651497
0.651497
0.651497
0.651497
0.651497
0.651498
0.651498
0.651498
0.651498
0.651498
0.651498
0.651498
0.651498
0.651498
0.651498
0.651498
0.651498
0.651498
0.651498
0.651498
0.651498
0.651498
0.651498
0.651498
0.651498
0.651497
0.651497
0.651497
0.651497
0.651497
0.651497
0.651497
0.651497
0.651496
0.651496
0.651496
0.651495
0.651494
0.651494
0.651492
0.65149
0.651486
0.65147
0.651404
0.651136
0.674
0.674269
0.674336
0.674353
0.674357
0.674359
0.67436
0.674361
0.674362
0.674362
0.674362
0.674363
0.674363
0.674363
0.674363
0.674363
0.674364
0.674364
0.674364
0.674364
0.674364
0.674364
0.674364
0.674364
0.674364
0.674364
0.674364
0.674364
0.674364
0.674364
0.674364
0.674364
0.674364
0.674364
0.674364
0.674364
0.674364
0.674364
0.674364
0.674364
0.674364
0.674364
0.674364
0.674364
0.674363
0.674363
0.674363
0.674363
0.674363
0.674362
0.674362
0.674362
0.674361
0.67436
0.674359
0.674357
0.674353
0.674336
0.674269
0.674
0.695742
0.696011
0.69608
0.696097
0.696102
0.696104
0.696105
0.696105
0.696106
0.696106
0.696107
0.696107
0.696107
0.696107
0.696107
0.696108
0.696108
0.696108
0.696108
0.696108
0.696108
0.696108
0.696108
0.696108
0.696108
0.696108
0.696108
0.696108
0.696108
0.696108
0.696108
0.696108
0.696108
0.696108
0.696108
0.696108
0.696108
0.696108
0.696108
0.696108
0.696108
0.696108
0.696108
0.696108
0.696108
0.696107
0.696107
0.696107
0.696107
0.696107
0.696106
0.696106
0.696105
0.696105
0.696104
0.696102
0.696097
0.69608
0.696011
0.695742
0.71639
0.716658
0.716729
0.716746
0.716751
0.716753
0.716754
0.716754
0.716755
0.716755
0.716755
0.716756
0.716756
0.716756
0.716756
0.716756
0.716756
0.716756
0.716757
0.716757
0.716757
0.716757
0.716757
0.716757
0.716757
0.716757
0.716757
0.716757
0.716757
0.716757
0.716757
0.716757
0.716757
0.716757
0.716757
0.716757
0.716757
0.716757
0.716757
0.716757
0.716757
0.716757
0.716756
0.716756
0.716756
0.716756
0.716756
0.716756
0.716756
0.716755
0.716755
0.716755
0.716754
0.716754
0.716753
0.716751
0.716746
0.716729
0.716658
0.71639
0.735972
0.736239
0.73631
0.736328
0.736333
0.736335
0.736336
0.736336
0.736337
0.736337
0.736337
0.736337
0.736337
0.736338
0.736338
0.736338
0.736338
0.736338
0.736338
0.736338
0.736338
0.736338
0.736338
0.736338
0.736338
0.736338
0.736338
0.736338
0.736338
0.736338
0.736338
0.736338
0.736338
0.736338
0.736338
0.736338
0.736338
0.736338
0.736338
0.736338
0.736338
0.736338
0.736338
0.736338
0.736338
0.736338
0.736338
0.736337
0.736337
0.736337
0.736337
0.736337
0.736336
0.736336
0.736335
0.736333
0.736328
0.73631
0.736239
0.735972
0.754517
0.754781
0.754854
0.754872
0.754877
0.754878
0.754879
0.75488
0.75488
0.754881
0.754881
0.754881
0.754881
0.754881
0.754881
0.754881
0.754882
0.754882
0.754882
0.754882
0.754882
0.754882
0.754882
0.754882
0.754882
0.754882
0.754882
0.754882
0.754882
0.754882
0.754882
0.754882
0.754882
0.754882
0.754882
0.754882
0.754882
0.754882
0.754882
0.754882
0.754882
0.754882
0.754882
0.754882
0.754881
0.754881
0.754881
0.754881
0.754881
0.754881
0.754881
0.75488
0.75488
0.754879
0.754878
0.754877
0.754872
0.754854
0.754781
0.754517
0.772054
0.772315
0.772389
0.772408
0.772413
0.772414
0.772415
0.772416
0.772416
0.772416
0.772417
0.772417
0.772417
0.772417
0.772417
0.772417
0.772417
0.772417
0.772417
0.772417
0.772417
0.772417
0.772417
0.772418
0.772418
0.772418
0.772418
0.772418
0.772418
0.772418
0.772418
0.772418
0.772418
0.772418
0.772418
0.772418
0.772418
0.772417
0.772417
0.772417
0.772417
0.772417
0.772417
0.772417
0.772417
0.772417
0.772417
0.772417
0.772417
0.772417
0.772416
0.772416
0.772416
0.772415
0.772414
0.772413
0.772408
0.772389
0.772315
0.772054
0.788616
0.788873
0.788947
0.788967
0.788972
0.788973
0.788974
0.788975
0.788975
0.788975
0.788975
0.788976
0.788976
0.788976
0.788976
0.788976
0.788976
0.788976
0.788976
0.788976
0.788976
0.788976
0.788976
0.788976
0.788976
0.788976
0.788976
0.788976
0.788976
0.788976
0.788976
0.788976
0.788976
0.788976
0.788976
0.788976
0.788976
0.788976
0.788976
0.788976
0.788976
0.788976
0.788976
0.788976
0.788976
0.788976
0.788976
0.788976
0.788976
0.788975
0.788975
0.788975
0.788975
0.788974
0.788973
0.788972
0.788967
0.788947
0.788873
0.788616
0.804232
0.804486
0.804561
0.80458
0.804585
0.804587
0.804588
0.804588
0.804589
0.804589
0.804589
0.804589
0.804589
0.804589
0.804589
0.804589
0.804589
0.80459
0.80459
0.80459
0.80459
0.80459
0.80459
0.80459
0.80459
0.80459
0.80459
0.80459
0.80459
0.80459
0.80459
0.80459
0.80459
0.80459
0.80459
0.80459
0.80459
0.80459
0.80459
0.80459
0.80459
0.80459
0.80459
0.804589
0.804589
0.804589
0.804589
0.804589
0.804589
0.804589
0.804589
0.804589
0.804588
0.804588
0.804587
0.804585
0.80458
0.804561
0.804486
0.804232
0.818937
0.819186
0.819261
0.819281
0.819286
0.819288
0.819289
0.819289
0.819289
0.819289
0.81929
0.81929
0.81929
0.81929
0.81929
0.81929
0.81929
0.81929
0.81929
0.81929
0.81929
0.81929
0.81929
0.81929
0.81929
0.81929
0.81929
0.81929
0.81929
0.81929
0.81929
0.81929
0.81929
0.81929
0.81929
0.81929
0.81929
0.81929
0.81929
0.81929
0.81929
0.81929
0.81929
0.81929
0.81929
0.81929
0.81929
0.81929
0.81929
0.81929
0.819289
0.819289
0.819289
0.819289
0.819288
0.819286
0.819281
0.819261
0.819186
0.818937
0.832762
0.833006
0.833081
0.833101
0.833107
0.833109
0.833109
0.83311
0.83311
0.83311
0.83311
0.83311
0.83311
0.83311
0.83311
0.833111
0.833111
0.833111
0.833111
0.833111
0.833111
0.833111
0.833111
0.833111
0.833111
0.833111
0.833111
0.833111
0.833111
0.833111
0.833111
0.833111
0.833111
0.833111
0.833111
0.833111
0.833111
0.833111
0.833111
0.833111
0.833111
0.833111
0.833111
0.833111
0.833111
0.83311
0.83311
0.83311
0.83311
0.83311
0.83311
0.83311
0.83311
0.833109
0.833109
0.833107
0.833101
0.833081
0.833006
0.832762
0.845741
0.845979
0.846054
0.846075
0.846081
0.846082
0.846083
0.846083
0.846084
0.846084
0.846084
0.846084
0.846084
0.846084
0.846084
0.846084
0.846084
0.846084
0.846084
0.846084
0.846084
0.846084
0.846084
0.846084
0.846084
0.846085
0.846085
0.846085
0.846085
0.846085
0.846085
0.846085
0.846085
0.846085
0.846085
0.846084
0.846084
0.846084
0.846084
0.846084
0.846084
0.846084
0.846084
0.846084
0.846084
0.846084
0.846084
0.846084
0.846084
0.846084
0.846084
0.846084
0.846083
0.846083
0.846082
0.846081
0.846075
0.846054
0.845979
0.845741
0.857908
0.858139
0.858214
0.858236
0.858241
0.858243
0.858244
0.858244
0.858244
0.858244
0.858244
0.858244
0.858245
0.858245
0.858245
0.858245
0.858245
0.858245
0.858245
0.858245
0.858245
0.858245
0.858245
0.858245
0.858245
0.858245
0.858245
0.858245
0.858245
0.858245
0.858245
0.858245
0.858245
0.858245
0.858245
0.858245
0.858245
0.858245
0.858245
0.858245
0.858245
0.858245
0.858245
0.858245
0.858245
0.858245
0.858245
0.858245
0.858244
0.858244
0.858244
0.858244
0.858244
0.858244
0.858243
0.858241
0.858236
0.858214
0.858139
0.857908
0.869295
0.86952
0.869595
0.869616
0.869622
0.869624
0.869625
0.869625
0.869625
0.869625
0.869625
0.869625
0.869625
0.869625
0.869625
0.869626
0.869626
0.869626
0.869626
0.869626
0.869626
0.869626
0.869626
0.869626
0.869626
0.869626
0.869626
0.869626
0.869626
0.869626
0.869626
0.869626
0.869626
0.869626
0.869626
0.869626
0.869626
0.869626
0.869626
0.869626
0.869626
0.869626
0.869626
0.869626
0.869626
0.869625
0.869625
0.869625
0.869625
0.869625
0.869625
0.869625
0.869625
0.869625
0.869624
0.869622
0.869616
0.869595
0.86952
0.869295
0.879937
0.880155
0.880229
0.880251
0.880257
0.880259
0.880259
0.88026
0.88026
0.88026
0.88026
0.88026
0.88026
0.88026
0.88026
0.88026
0.88026
0.88026
0.88026
0.88026
0.88026
0.88026
0.88026
0.880261
0.880261
0.880261
0.880261
0.880261
0.880261
0.880261
0.880261
0.880261
0.880261
0.880261
0.880261
0.880261
0.880261
0.88026
0.88026
0.88026
0.88026
0.88026
0.88026
0.88026
0.88026
0.88026
0.88026
0.88026
0.88026
0.88026
0.88026
0.88026
0.88026
0.880259
0.880259
0.880257
0.880251
0.880229
0.880155
0.879937
0.889867
0.890078
0.890151
0.890173
0.89018
0.890181
0.890182
0.890182
0.890182
0.890182
0.890183
0.890183
0.890183
0.890183
0.890183
0.890183
0.890183
0.890183
0.890183
0.890183
0.890183
0.890183
0.890183
0.890183
0.890183
0.890183
0.890183
0.890183
0.890183
0.890183
0.890183
0.890183
0.890183
0.890183
0.890183
0.890183
0.890183
0.890183
0.890183
0.890183
0.890183
0.890183
0.890183
0.890183
0.890183
0.890183
0.890183
0.890183
0.890183
0.890183
0.890182
0.890182
0.890182
0.890182
0.890181
0.89018
0.890173
0.890151
0.890078
0.889867
0.899118
0.899322
0.899394
0.899417
0.899423
0.899425
0.899425
0.899426
0.899426
0.899426
0.899426
0.899426
0.899426
0.899426
0.899426
0.899426
0.899426
0.899426
0.899426
0.899426
0.899426
0.899426
0.899426
0.899426
0.899426
0.899426
0.899426
0.899426
0.899426
0.899426
0.899426
0.899426
0.899426
0.899426
0.899426
0.899426
0.899426
0.899426
0.899426
0.899426
0.899426
0.899426
0.899426
0.899426
0.899426
0.899426
0.899426
0.899426
0.899426
0.899426
0.899426
0.899426
0.899426
0.899425
0.899425
0.899423
0.899417
0.899394
0.899322
0.899118
0.907724
0.90792
0.907991
0.908014
0.90802
0.908022
0.908023
0.908023
0.908023
0.908023
0.908023
0.908023
0.908023
0.908024
0.908024
0.908024
0.908024
0.908024
0.908024
0.908024
0.908024
0.908024
0.908024
0.908024
0.908024
0.908024
0.908024
0.908024
0.908024
0.908024
0.908024
0.908024
0.908024
0.908024
0.908024
0.908024
0.908024
0.908024
0.908024
0.908024
0.908024
0.908024
0.908024
0.908024
0.908024
0.908024
0.908024
0.908023
0.908023
0.908023
0.908023
0.908023
0.908023
0.908023
0.908022
0.90802
0.908014
0.907991
0.90792
0.907724
0.915717
0.915905
0.915975
0.915998
0.916004
0.916006
0.916007
0.916007
0.916007
0.916007
0.916007
0.916007
0.916007
0.916007
0.916007
0.916007
0.916008
0.916008
0.916008
0.916008
0.916008
0.916008
0.916008
0.916008
0.916008
0.916008
0.916008
0.916008
0.916008
0.916008
0.916008
0.916008
0.916008
0.916008
0.916008
0.916008
0.916008
0.916008
0.916008
0.916008
0.916008
0.916008
0.916008
0.916008
0.916007
0.916007
0.916007
0.916007
0.916007
0.916007
0.916007
0.916007
0.916007
0.916007
0.916006
0.916004
0.915998
0.915975
0.915905
0.915717
0.923128
0.923309
0.923377
0.9234
0.923407
0.923409
0.923409
0.92341
0.92341
0.92341
0.92341
0.92341
0.92341
0.92341
0.92341
0.92341
0.92341
0.92341
0.92341
0.92341
0.92341
0.92341
0.92341
0.92341
0.92341
0.92341
0.92341
0.92341
0.92341
0.92341
0.92341
0.92341
0.92341
0.92341
0.92341
0.92341
0.92341
0.92341
0.92341
0.92341
0.92341
0.92341
0.92341
0.92341
0.92341
0.92341
0.92341
0.92341
0.92341
0.92341
0.92341
0.92341
0.92341
0.923409
0.923409
0.923407
0.9234
0.923377
0.923309
0.923128
0.92999
0.930162
0.93023
0.930252
0.930259
0.930261
0.930262
0.930262
0.930262
0.930262
0.930262
0.930262
0.930262
0.930263
0.930263
0.930263
0.930263
0.930263
0.930263
0.930263
0.930263
0.930263
0.930263
0.930263
0.930263
0.930263
0.930263
0.930263
0.930263
0.930263
0.930263
0.930263
0.930263
0.930263
0.930263
0.930263
0.930263
0.930263
0.930263
0.930263
0.930263
0.930263
0.930263
0.930263
0.930263
0.930263
0.930263
0.930262
0.930262
0.930262
0.930262
0.930262
0.930262
0.930262
0.930261
0.930259
0.930252
0.93023
0.930162
0.92999
0.936333
0.936497
0.936563
0.936585
0.936592
0.936595
0.936595
0.936595
0.936596
0.936596
0.936596
0.936596
0.936596
0.936596
0.936596
0.936596
0.936596
0.936596
0.936596
0.936596
0.936596
0.936596
0.936596
0.936596
0.936596
0.936596
0.936596
0.936596
0.936596
0.936596
0.936596
0.936596
0.936596
0.936596
0.936596
0.936596
0.936596
0.936596
0.936596
0.936596
0.936596
0.936596
0.936596
0.936596
0.936596
0.936596
0.936596
0.936596
0.936596
0.936596
0.936596
0.936596
0.936595
0.936595
0.936595
0.936592
0.936585
0.936563
0.936497
0.936333
0.942186
0.942343
0.942407
0.942429
0.942436
0.942439
0.942439
0.942439
0.94244
0.94244
0.94244
0.94244
0.94244
0.94244
0.94244
0.94244
0.94244
0.94244
0.94244
0.94244
0.94244
0.94244
0.94244
0.94244
0.94244
0.94244
0.94244
0.94244
0.94244
0.94244
0.94244
0.94244
0.94244
0.94244
0.94244
0.94244
0.94244
0.94244
0.94244
0.94244
0.94244
0.94244
0.94244
0.94244
0.94244
0.94244
0.94244
0.94244
0.94244
0.94244
0.94244
0.94244
0.942439
0.942439
0.942439
0.942436
0.942429
0.942407
0.942343
0.942186
0.947579
0.947728
0.94779
0.947813
0.94782
0.947822
0.947823
0.947823
0.947823
0.947823
0.947823
0.947823
0.947823
0.947823
0.947823
0.947823
0.947824
0.947824
0.947824
0.947824
0.947824
0.947824
0.947824
0.947824
0.947824
0.947824
0.947824
0.947824
0.947824
0.947824
0.947824
0.947824
0.947824
0.947824
0.947824
0.947824
0.947824
0.947824
0.947824
0.947824
0.947824
0.947824
0.947824
0.947824
0.947823
0.947823
0.947823
0.947823
0.947823
0.947823
0.947823
0.947823
0.947823
0.947823
0.947822
0.94782
0.947813
0.94779
0.947728
0.947579
0.952541
0.952682
0.952742
0.952764
0.952772
0.952774
0.952775
0.952775
0.952775
0.952775
0.952775
0.952775
0.952775
0.952775
0.952775
0.952775
0.952775
0.952775
0.952775
0.952775
0.952775
0.952775
0.952775
0.952775
0.952775
0.952775
0.952775
0.952775
0.952775
0.952775
0.952775
0.952775
0.952775
0.952775
0.952775
0.952775
0.952775
0.952775
0.952775
0.952775
0.952775
0.952775
0.952775
0.952775
0.952775
0.952775
0.952775
0.952775
0.952775
0.952775
0.952775
0.952775
0.952775
0.952775
0.952774
0.952772
0.952764
0.952742
0.952682
0.952541
0.957098
0.957231
0.957289
0.957311
0.957318
0.957321
0.957321
0.957322
0.957322
0.957322
0.957322
0.957322
0.957322
0.957322
0.957322
0.957322
0.957322
0.957322
0.957322
0.957322
0.957322
0.957322
0.957322
0.957322
0.957322
0.957322
0.957322
0.957322
0.957322
0.957322
0.957322
0.957322
0.957322
0.957322
0.957322
0.957322
0.957322
0.957322
0.957322
0.957322
0.957322
0.957322
0.957322
0.957322
0.957322
0.957322
0.957322
0.957322
0.957322
0.957322
0.957322
0.957322
0.957322
0.957321
0.957321
0.957318
0.957311
0.957289
0.957231
0.957098
0.961276
0.961402
0.961457
0.961479
0.961486
0.961489
0.96149
0.96149
0.96149
0.96149
0.96149
0.96149
0.96149
0.96149
0.96149
0.96149
0.96149
0.96149
0.96149
0.96149
0.96149
0.96149
0.96149
0.96149
0.96149
0.96149
0.96149
0.96149
0.96149
0.96149
0.96149
0.96149
0.96149
0.96149
0.96149
0.96149
0.96149
0.96149
0.96149
0.96149
0.96149
0.96149
0.96149
0.96149
0.96149
0.96149
0.96149
0.96149
0.96149
0.96149
0.96149
0.96149
0.96149
0.96149
0.961489
0.961486
0.961479
0.961457
0.961402
0.961276
0.9651
0.965219
0.965273
0.965294
0.965301
0.965304
0.965305
0.965305
0.965305
0.965305
0.965305
0.965305
0.965305
0.965305
0.965305
0.965305
0.965305
0.965305
0.965305
0.965305
0.965305
0.965305
0.965305
0.965305
0.965305
0.965305
0.965305
0.965305
0.965305
0.965305
0.965305
0.965305
0.965305
0.965305
0.965305
0.965305
0.965305
0.965305
0.965305
0.965305
0.965305
0.965305
0.965305
0.965305
0.965305
0.965305
0.965305
0.965305
0.965305
0.965305
0.965305
0.965305
0.965305
0.965305
0.965304
0.965301
0.965294
0.965273
0.965219
0.9651
0.968596
0.968707
0.968759
0.968779
0.968787
0.968789
0.96879
0.968791
0.968791
0.968791
0.968791
0.968791
0.968791
0.968791
0.968791
0.968791
0.968791
0.968791
0.968791
0.968791
0.968791
0.968791
0.968791
0.968791
0.968791
0.968791
0.968791
0.968791
0.968791
0.968791
0.968791
0.968791
0.968791
0.968791
0.968791
0.968791
0.968791
0.968791
0.968791
0.968791
0.968791
0.968791
0.968791
0.968791
0.968791
0.968791
0.968791
0.968791
0.968791
0.968791
0.968791
0.968791
0.968791
0.96879
0.968789
0.968787
0.968779
0.968759
0.968707
0.968596
0.971785
0.971889
0.971939
0.971959
0.971966
0.971969
0.97197
0.97197
0.97197
0.97197
0.97197
0.97197
0.97197
0.97197
0.97197
0.97197
0.97197
0.97197
0.97197
0.97197
0.97197
0.97197
0.97197
0.97197
0.97197
0.97197
0.97197
0.97197
0.97197
0.97197
0.97197
0.97197
0.97197
0.97197
0.97197
0.97197
0.97197
0.97197
0.97197
0.97197
0.97197
0.97197
0.97197
0.97197
0.97197
0.97197
0.97197
0.97197
0.97197
0.97197
0.97197
0.97197
0.97197
0.97197
0.971969
0.971966
0.971959
0.971939
0.971889
0.971785
0.97469
0.974788
0.974835
0.974854
0.974862
0.974864
0.974865
0.974866
0.974866
0.974866
0.974866
0.974866
0.974866
0.974866
0.974866
0.974866
0.974866
0.974866
0.974866
0.974866
0.974866
0.974866
0.974866
0.974866
0.974866
0.974866
0.974866
0.974866
0.974866
0.974866
0.974866
0.974866
0.974866
0.974866
0.974866
0.974866
0.974866
0.974866
0.974866
0.974866
0.974866
0.974866
0.974866
0.974866
0.974866
0.974866
0.974866
0.974866
0.974866
0.974866
0.974866
0.974866
0.974866
0.974865
0.974864
0.974862
0.974854
0.974835
0.974788
0.97469
0.977332
0.977423
0.977467
0.977487
0.977494
0.977497
0.977498
0.977498
0.977498
0.977498
0.977498
0.977498
0.977498
0.977498
0.977498
0.977498
0.977498
0.977498
0.977498
0.977498
0.977498
0.977498
0.977498
0.977498
0.977498
0.977498
0.977498
0.977498
0.977498
0.977498
0.977498
0.977498
0.977498
0.977498
0.977498
0.977498
0.977498
0.977498
0.977498
0.977498
0.977498
0.977498
0.977498
0.977498
0.977498
0.977498
0.977498
0.977498
0.977498
0.977498
0.977498
0.977498
0.977498
0.977498
0.977497
0.977494
0.977487
0.977467
0.977423
0.977332
0.97973
0.979815
0.979857
0.979876
0.979883
0.979886
0.979887
0.979887
0.979887
0.979887
0.979887
0.979887
0.979887
0.979887
0.979887
0.979887
0.979887
0.979887
0.979887
0.979887
0.979887
0.979887
0.979887
0.979887
0.979887
0.979887
0.979887
0.979887
0.979887
0.979887
0.979887
0.979887
0.979887
0.979887
0.979887
0.979887
0.979887
0.979887
0.979887
0.979887
0.979887
0.979887
0.979887
0.979887
0.979887
0.979887
0.979887
0.979887
0.979887
0.979887
0.979887
0.979887
0.979887
0.979887
0.979886
0.979883
0.979876
0.979857
0.979815
0.97973
0.981903
0.981982
0.982022
0.98204
0.982048
0.98205
0.982051
0.982052
0.982052
0.982052
0.982052
0.982052
0.982052
0.982052
0.982052
0.982052
0.982052
0.982052
0.982052
0.982052
0.982052
0.982052
0.982052
0.982052
0.982052
0.982052
0.982052
0.982052
0.982052
0.982052
0.982052
0.982052
0.982052
0.982052
0.982052
0.982052
0.982052
0.982052
0.982052
0.982052
0.982052
0.982052
0.982052
0.982052
0.982052
0.982052
0.982052
0.982052
0.982052
0.982052
0.982052
0.982052
0.982052
0.982051
0.98205
0.982048
0.98204
0.982022
0.981982
0.981903
0.98387
0.983943
0.983981
0.983998
0.984005
0.984008
0.984009
0.98401
0.98401
0.98401
0.98401
0.98401
0.98401
0.98401
0.98401
0.98401
0.98401
0.98401
0.98401
0.98401
0.98401
0.98401
0.98401
0.98401
0.98401
0.98401
0.98401
0.98401
0.98401
0.98401
0.98401
0.98401
0.98401
0.98401
0.98401
0.98401
0.98401
0.98401
0.98401
0.98401
0.98401
0.98401
0.98401
0.98401
0.98401
0.98401
0.98401
0.98401
0.98401
0.98401
0.98401
0.98401
0.98401
0.984009
0.984008
0.984005
0.983998
0.983981
0.983943
0.98387
0.985646
0.985714
0.985749
0.985766
0.985773
0.985776
0.985777
0.985777
0.985777
0.985777
0.985777
0.985777
0.985777
0.985777
0.985777
0.985777
0.985777
0.985777
0.985777
0.985777
0.985777
0.985777
0.985777
0.985777
0.985777
0.985777
0.985777
0.985777
0.985777
0.985777
0.985777
0.985777
0.985777
0.985777
0.985777
0.985777
0.985777
0.985777
0.985777
0.985777
0.985777
0.985777
0.985777
0.985777
0.985777
0.985777
0.985777
0.985777
0.985777
0.985777
0.985777
0.985777
0.985777
0.985777
0.985776
0.985773
0.985766
0.985749
0.985714
0.985646
0.987248
0.98731
0.987343
0.987359
0.987366
0.987369
0.98737
0.987371
0.987371
0.987371
0.987371
0.987371
0.987371
0.987371
0.987371
0.987371
0.987371
0.987371
0.987371
0.987371
0.987371
0.987371
0.987371
0.987371
0.987371
0.987371
0.987371
0.987371
0.987371
0.987371
0.987371
0.987371
0.987371
0.987371
0.987371
0.987371
0.987371
0.987371
0.987371
0.987371
0.987371
0.987371
0.987371
0.987371
0.987371
0.987371
0.987371
0.987371
0.987371
0.987371
0.987371
0.987371
0.987371
0.98737
0.987369
0.987366
0.987359
0.987343
0.98731
0.987248
0.988689
0.988747
0.988778
0.988793
0.9888
0.988803
0.988804
0.988804
0.988804
0.988804
0.988805
0.988805
0.988805
0.988805
0.988805
0.988805
0.988805
0.988805
0.988805
0.988805
0.988805
0.988805
0.988805
0.988805
0.988805
0.988805
0.988805
0.988805
0.988805
0.988805
0.988805
0.988805
0.988805
0.988805
0.988805
0.988805
0.988805
0.988805
0.988805
0.988805
0.988805
0.988805
0.988805
0.988805
0.988805
0.988805
0.988805
0.988805
0.988805
0.988805
0.988804
0.988804
0.988804
0.988804
0.988803
0.9888
0.988793
0.988778
0.988747
0.988689
0.989985
0.990037
0.990067
0.990081
0.990088
0.99009
0.990092
0.990092
0.990092
0.990092
0.990092
0.990092
0.990092
0.990092
0.990092
0.990092
0.990092
0.990092
0.990092
0.990092
0.990092
0.990092
0.990092
0.990092
0.990092
0.990092
0.990092
0.990092
0.990092
0.990092
0.990092
0.990092
0.990092
0.990092
0.990092
0.990092
0.990092
0.990092
0.990092
0.990092
0.990092
0.990092
0.990092
0.990092
0.990092
0.990092
0.990092
0.990092
0.990092
0.990092
0.990092
0.990092
0.990092
0.990092
0.99009
0.990088
0.990081
0.990067
0.990037
0.989985
0.991147
0.991195
0.991222
0.991236
0.991242
0.991245
0.991246
0.991247
0.991247
0.991247
0.991247
0.991247
0.991247
0.991247
0.991247
0.991247
0.991247
0.991247
0.991247
0.991247
0.991247
0.991247
0.991247
0.991247
0.991247
0.991247
0.991247
0.991247
0.991247
0.991247
0.991247
0.991247
0.991247
0.991247
0.991247
0.991247
0.991247
0.991247
0.991247
0.991247
0.991247
0.991247
0.991247
0.991247
0.991247
0.991247
0.991247
0.991247
0.991247
0.991247
0.991247
0.991247
0.991247
0.991246
0.991245
0.991242
0.991236
0.991222
0.991195
0.991147
0.992187
0.992231
0.992257
0.99227
0.992276
0.992278
0.99228
0.99228
0.99228
0.99228
0.99228
0.99228
0.99228
0.99228
0.99228
0.99228
0.99228
0.99228
0.99228
0.99228
0.99228
0.99228
0.99228
0.99228
0.99228
0.99228
0.99228
0.99228
0.99228
0.99228
0.99228
0.99228
0.99228
0.99228
0.99228
0.99228
0.99228
0.99228
0.99228
0.99228
0.99228
0.99228
0.99228
0.99228
0.99228
0.99228
0.99228
0.99228
0.99228
0.99228
0.99228
0.99228
0.99228
0.99228
0.992278
0.992276
0.99227
0.992257
0.992231
0.992187
0.993117
0.993157
0.993181
0.993193
0.993199
0.993202
0.993203
0.993203
0.993203
0.993203
0.993204
0.993204
0.993204
0.993203
0.993203
0.993203
0.993203
0.993203
0.993203
0.993203
0.993203
0.993203
0.993203
0.993203
0.993203
0.993203
0.993203
0.993203
0.993203
0.993203
0.993203
0.993203
0.993203
0.993203
0.993203
0.993203
0.993203
0.993203
0.993203
0.993203
0.993203
0.993203
0.993203
0.993203
0.993203
0.993203
0.993203
0.993204
0.993204
0.993204
0.993203
0.993203
0.993203
0.993203
0.993202
0.993199
0.993193
0.993181
0.993157
0.993117
0.993947
0.993983
0.994005
0.994017
0.994022
0.994025
0.994026
0.994027
0.994027
0.994027
0.994027
0.994027
0.994027
0.994027
0.994027
0.994027
0.994027
0.994027
0.994027
0.994027
0.994027
0.994027
0.994027
0.994027
0.994027
0.994027
0.994027
0.994027
0.994027
0.994027
0.994027
0.994027
0.994027
0.994027
0.994027
0.994027
0.994027
0.994027
0.994027
0.994027
0.994027
0.994027
0.994027
0.994027
0.994027
0.994027
0.994027
0.994027
0.994027
0.994027
0.994027
0.994027
0.994027
0.994026
0.994025
0.994022
0.994017
0.994005
0.993983
0.993947
0.994686
0.994719
0.994739
0.99475
0.994755
0.994758
0.994759
0.99476
0.99476
0.99476
0.99476
0.99476
0.99476
0.99476
0.99476
0.99476
0.99476
0.99476
0.99476
0.99476
0.99476
0.99476
0.99476
0.99476
0.99476
0.99476
0.99476
0.99476
0.99476
0.99476
0.99476
0.99476
0.99476
0.99476
0.99476
0.99476
0.99476
0.99476
0.99476
0.99476
0.99476
0.99476
0.99476
0.99476
0.99476
0.99476
0.99476
0.99476
0.99476
0.99476
0.99476
0.99476
0.99476
0.994759
0.994758
0.994755
0.99475
0.994739
0.994719
0.994686
0.995343
0.995373
0.995391
0.995402
0.995407
0.995409
0.99541
0.995411
0.995411
0.995411
0.995411
0.995411
0.995411
0.995411
0.995411
0.995411
0.995411
0.995411
0.995411
0.995411
0.995411
0.995411
0.995411
0.995411
0.995411
0.995411
0.995411
0.995411
0.995411
0.995411
0.995411
0.995411
0.995411
0.995411
0.995411
0.995411
0.995411
0.995411
0.995411
0.995411
0.995411
0.995411
0.995411
0.995411
0.995411
0.995411
0.995411
0.995411
0.995411
0.995411
0.995411
0.995411
0.995411
0.99541
0.995409
0.995407
0.995402
0.995391
0.995373
0.995343
0.995926
0.995953
0.99597
0.995979
0.995984
0.995987
0.995988
0.995988
0.995989
0.995989
0.995989
0.995989
0.995989
0.995989
0.995989
0.995989
0.995989
0.995989
0.995989
0.995989
0.995989
0.995989
0.995989
0.995989
0.995989
0.995989
0.995989
0.995989
0.995989
0.995989
0.995989
0.995989
0.995989
0.995989
0.995989
0.995989
0.995989
0.995989
0.995989
0.995989
0.995989
0.995989
0.995989
0.995989
0.995989
0.995989
0.995989
0.995989
0.995989
0.995989
0.995989
0.995989
0.995988
0.995988
0.995987
0.995984
0.995979
0.99597
0.995953
0.995926
0.996442
0.996467
0.996482
0.996491
0.996496
0.996498
0.996499
0.9965
0.9965
0.9965
0.9965
0.9965
0.9965
0.9965
0.9965
0.9965
0.9965
0.9965
0.9965
0.9965
0.9965
0.9965
0.9965
0.9965
0.9965
0.9965
0.9965
0.9965
0.9965
0.9965
0.9965
0.9965
0.9965
0.9965
0.9965
0.9965
0.9965
0.9965
0.9965
0.9965
0.9965
0.9965
0.9965
0.9965
0.9965
0.9965
0.9965
0.9965
0.9965
0.9965
0.9965
0.9965
0.9965
0.996499
0.996498
0.996496
0.996491
0.996482
0.996467
0.996442
0.996899
0.996921
0.996935
0.996943
0.996948
0.99695
0.996951
0.996951
0.996952
0.996952
0.996952
0.996952
0.996952
0.996952
0.996952
0.996952
0.996952
0.996952
0.996952
0.996952
0.996952
0.996952
0.996952
0.996952
0.996952
0.996952
0.996952
0.996952
0.996952
0.996952
0.996952
0.996952
0.996952
0.996952
0.996952
0.996952
0.996952
0.996952
0.996952
0.996952
0.996952
0.996952
0.996952
0.996952
0.996952
0.996952
0.996952
0.996952
0.996952
0.996952
0.996952
0.996952
0.996951
0.996951
0.99695
0.996948
0.996943
0.996935
0.996921
0.996899
0.997302
0.997322
0.997335
0.997342
0.997346
0.997348
0.997349
0.99735
0.99735
0.99735
0.99735
0.99735
0.99735
0.99735
0.99735
0.99735
0.99735
0.99735
0.99735
0.99735
0.99735
0.99735
0.99735
0.99735
0.99735
0.99735
0.99735
0.99735
0.99735
0.99735
0.99735
0.99735
0.99735
0.99735
0.99735
0.99735
0.99735
0.99735
0.99735
0.99735
0.99735
0.99735
0.99735
0.99735
0.99735
0.99735
0.99735
0.99735
0.99735
0.99735
0.99735
0.99735
0.99735
0.997349
0.997348
0.997346
0.997342
0.997335
0.997322
0.997302
0.997657
0.997675
0.997686
0.997693
0.997697
0.997699
0.9977
0.997701
0.997701
0.997701
0.997701
0.997701
0.997701
0.997701
0.997701
0.997701
0.997701
0.997701
0.997701
0.997701
0.997701
0.997701
0.997701
0.997701
0.997701
0.997701
0.997701
0.997701
0.997701
0.997701
0.997701
0.997701
0.997701
0.997701
0.997701
0.997701
0.997701
0.997701
0.997701
0.997701
0.997701
0.997701
0.997701
0.997701
0.997701
0.997701
0.997701
0.997701
0.997701
0.997701
0.997701
0.997701
0.997701
0.9977
0.997699
0.997697
0.997693
0.997686
0.997675
0.997657
0.997969
0.997985
0.997995
0.998002
0.998005
0.998007
0.998008
0.998009
0.998009
0.998009
0.998009
0.998009
0.998009
0.998009
0.998009
0.998009
0.998009
0.998009
0.998009
0.998009
0.998009
0.998009
0.998009
0.998009
0.998009
0.998009
0.998009
0.998009
0.998009
0.998009
0.998009
0.998009
0.998009
0.998009
0.998009
0.998009
0.998009
0.998009
0.998009
0.998009
0.998009
0.998009
0.998009
0.998009
0.998009
0.998009
0.998009
0.998009
0.998009
0.998009
0.998009
0.998009
0.998009
0.998008
0.998007
0.998005
0.998002
0.997995
0.997985
0.997969
0.998243
0.998257
0.998266
0.998272
0.998276
0.998277
0.998278
0.998279
0.998279
0.998279
0.998279
0.998279
0.998279
0.998279
0.998279
0.998279
0.998279
0.998279
0.998279
0.998279
0.998279
0.998279
0.998279
0.998279
0.998279
0.998279
0.998279
0.998279
0.998279
0.998279
0.998279
0.998279
0.998279
0.998279
0.998279
0.998279
0.998279
0.998279
0.998279
0.998279
0.998279
0.998279
0.998279
0.998279
0.998279
0.998279
0.998279
0.998279
0.998279
0.998279
0.998279
0.998279
0.998279
0.998278
0.998277
0.998276
0.998272
0.998266
0.998257
0.998243
0.998482
0.998495
0.998504
0.998509
0.998512
0.998514
0.998515
0.998515
0.998515
0.998515
0.998515
0.998515
0.998515
0.998515
0.998515
0.998515
0.998515
0.998515
0.998515
0.998515
0.998515
0.998515
0.998515
0.998515
0.998515
0.998515
0.998515
0.998515
0.998515
0.998515
0.998515
0.998515
0.998515
0.998515
0.998515
0.998515
0.998515
0.998515
0.998515
0.998515
0.998515
0.998515
0.998515
0.998515
0.998515
0.998515
0.998515
0.998515
0.998515
0.998515
0.998515
0.998515
0.998515
0.998515
0.998514
0.998512
0.998509
0.998504
0.998495
0.998482
0.998692
0.998703
0.998711
0.998716
0.998718
0.99872
0.998721
0.998721
0.998722
0.998722
0.998722
0.998722
0.998722
0.998722
0.998722
0.998722
0.998721
0.998721
0.998721
0.998721
0.998721
0.998721
0.998721
0.998721
0.998721
0.998721
0.998721
0.998721
0.998721
0.998721
0.998721
0.998721
0.998721
0.998721
0.998721
0.998721
0.998721
0.998721
0.998721
0.998721
0.998721
0.998721
0.998721
0.998721
0.998722
0.998722
0.998722
0.998722
0.998722
0.998722
0.998722
0.998722
0.998721
0.998721
0.99872
0.998718
0.998716
0.998711
0.998703
0.998692
0.998875
0.998885
0.998891
0.998896
0.998898
0.9989
0.998901
0.998901
0.998901
0.998901
0.998901
0.998901
0.998901
0.998901
0.998901
0.998901
0.998901
0.998901
0.998901
0.998901
0.998901
0.998901
0.998901
0.998901
0.998901
0.998901
0.998901
0.998901
0.998901
0.998901
0.998901
0.998901
0.998901
0.998901
0.998901
0.998901
0.998901
0.998901
0.998901
0.998901
0.998901
0.998901
0.998901
0.998901
0.998901
0.998901
0.998901
0.998901
0.998901
0.998901
0.998901
0.998901
0.998901
0.998901
0.9989
0.998898
0.998896
0.998891
0.998885
0.998875
0.999034
0.999042
0.999049
0.999053
0.999055
0.999056
0.999057
0.999058
0.999058
0.999058
0.999058
0.999058
0.999058
0.999058
0.999058
0.999058
0.999058
0.999058
0.999058
0.999058
0.999058
0.999058
0.999058
0.999058
0.999058
0.999058
0.999058
0.999058
0.999058
0.999058
0.999058
0.999058
0.999058
0.999058
0.999058
0.999058
0.999058
0.999058
0.999058
0.999058
0.999058
0.999058
0.999058
0.999058
0.999058
0.999058
0.999058
0.999058
0.999058
0.999058
0.999058
0.999058
0.999058
0.999057
0.999056
0.999055
0.999053
0.999049
0.999042
0.999034
0.999172
0.99918
0.999185
0.999189
0.999191
0.999192
0.999193
0.999193
0.999193
0.999193
0.999193
0.999193
0.999193
0.999193
0.999193
0.999193
0.999193
0.999193
0.999193
0.999193
0.999193
0.999193
0.999193
0.999193
0.999193
0.999193
0.999193
0.999193
0.999193
0.999193
0.999193
0.999193
0.999193
0.999193
0.999193
0.999193
0.999193
0.999193
0.999193
0.999193
0.999193
0.999193
0.999193
0.999193
0.999193
0.999193
0.999193
0.999193
0.999193
0.999193
0.999193
0.999193
0.999193
0.999193
0.999192
0.999191
0.999189
0.999185
0.99918
0.999172
0.999292
0.999298
0.999303
0.999306
0.999308
0.99931
0.99931
0.999311
0.999311
0.999311
0.999311
0.999311
0.999311
0.999311
0.999311
0.999311
0.999311
0.999311
0.999311
0.999311
0.999311
0.999311
0.999311
0.999311
0.999311
0.999311
0.999311
0.999311
0.999311
0.999311
0.999311
0.999311
0.999311
0.999311
0.999311
0.999311
0.999311
0.999311
0.999311
0.999311
0.999311
0.999311
0.999311
0.999311
0.999311
0.999311
0.999311
0.999311
0.999311
0.999311
0.999311
0.999311
0.999311
0.99931
0.99931
0.999308
0.999306
0.999303
0.999298
0.999292
0.999395
0.999401
0.999405
0.999408
0.99941
0.999411
0.999412
0.999412
0.999412
0.999412
0.999412
0.999412
0.999412
0.999412
0.999412
0.999412
0.999412
0.999412
0.999412
0.999412
0.999412
0.999412
0.999412
0.999412
0.999412
0.999412
0.999412
0.999412
0.999412
0.999412
0.999412
0.999412
0.999412
0.999412
0.999412
0.999412
0.999412
0.999412
0.999412
0.999412
0.999412
0.999412
0.999412
0.999412
0.999412
0.999412
0.999412
0.999412
0.999412
0.999412
0.999412
0.999412
0.999412
0.999412
0.999411
0.99941
0.999408
0.999405
0.999401
0.999395
0.999484
0.99949
0.999493
0.999496
0.999498
0.999499
0.999499
0.9995
0.9995
0.9995
0.9995
0.9995
0.9995
0.9995
0.9995
0.9995
0.9995
0.999499
0.999499
0.999499
0.999499
0.999499
0.999499
0.999499
0.999499
0.999499
0.999499
0.999499
0.999499
0.999499
0.999499
0.999499
0.999499
0.999499
0.999499
0.999499
0.999499
0.999499
0.999499
0.999499
0.999499
0.999499
0.999499
0.9995
0.9995
0.9995
0.9995
0.9995
0.9995
0.9995
0.9995
0.9995
0.9995
0.999499
0.999499
0.999498
0.999496
0.999493
0.99949
0.999484
0.999561
0.999566
0.999569
0.999572
0.999573
0.999574
0.999574
0.999575
0.999575
0.999575
0.999575
0.999575
0.999575
0.999575
0.999575
0.999575
0.999575
0.999575
0.999575
0.999575
0.999575
0.999575
0.999575
0.999575
0.999575
0.999575
0.999575
0.999575
0.999575
0.999575
0.999575
0.999575
0.999575
0.999575
0.999575
0.999575
0.999575
0.999575
0.999575
0.999575
0.999575
0.999575
0.999575
0.999575
0.999575
0.999575
0.999575
0.999575
0.999575
0.999575
0.999575
0.999575
0.999575
0.999574
0.999574
0.999573
0.999572
0.999569
0.999566
0.999561
0.999628
0.999631
0.999634
0.999636
0.999638
0.999639
0.999639
0.999639
0.999639
0.999639
0.999639
0.999639
0.999639
0.999639
0.999639
0.999639
0.999639
0.999639
0.999639
0.999639
0.999639
0.999639
0.999639
0.999639
0.999639
0.999639
0.999639
0.999639
0.999639
0.999639
0.999639
0.999639
0.999639
0.999639
0.999639
0.999639
0.999639
0.999639
0.999639
0.999639
0.999639
0.999639
0.999639
0.999639
0.999639
0.999639
0.999639
0.999639
0.999639
0.999639
0.999639
0.999639
0.999639
0.999639
0.999639
0.999638
0.999636
0.999634
0.999631
0.999628
0.999684
0.999688
0.99969
0.999692
0.999693
0.999694
0.999694
0.999694
0.999695
0.999695
0.999695
0.999694
0.999694
0.999694
0.999694
0.999694
0.999694
0.999694
0.999694
0.999694
0.999694
0.999694
0.999694
0.999694
0.999694
0.999694
0.999694
0.999694
0.999694
0.999694
0.999694
0.999694
0.999694
0.999694
0.999694
0.999694
0.999694
0.999694
0.999694
0.999694
0.999694
0.999694
0.999694
0.999694
0.999694
0.999694
0.999694
0.999694
0.999694
0.999695
0.999695
0.999695
0.999694
0.999694
0.999694
0.999693
0.999692
0.99969
0.999688
0.999684
0.999733
0.999735
0.999738
0.999739
0.99974
0.999741
0.999741
0.999742
0.999742
0.999742
0.999742
0.999742
0.999742
0.999741
0.999741
0.999741
0.999741
0.999741
0.999741
0.999741
0.999741
0.999741
0.999741
0.999741
0.999741
0.999741
0.999741
0.999741
0.999741
0.999741
0.999741
0.999741
0.999741
0.999741
0.999741
0.999741
0.999741
0.999741
0.999741
0.999741
0.999741
0.999741
0.999741
0.999741
0.999741
0.999741
0.999741
0.999742
0.999742
0.999742
0.999742
0.999742
0.999742
0.999741
0.999741
0.99974
0.999739
0.999738
0.999735
0.999733
0.999774
0.999776
0.999778
0.99978
0.999781
0.999781
0.999781
0.999782
0.999782
0.999782
0.999782
0.999782
0.999782
0.999782
0.999781
0.999781
0.999781
0.999781
0.999781
0.999781
0.999781
0.999781
0.999781
0.999781
0.999781
0.999781
0.999781
0.999781
0.999781
0.999781
0.999781
0.999781
0.999781
0.999781
0.999781
0.999781
0.999781
0.999781
0.999781
0.999781
0.999781
0.999781
0.999781
0.999781
0.999781
0.999781
0.999782
0.999782
0.999782
0.999782
0.999782
0.999782
0.999782
0.999781
0.999781
0.999781
0.99978
0.999778
0.999776
0.999774
0.999809
0.999811
0.999813
0.999814
0.999815
0.999815
0.999816
0.999816
0.999816
0.999816
0.999816
0.999816
0.999816
0.999816
0.999816
0.999815
0.999815
0.999815
0.999815
0.999815
0.999815
0.999815
0.999815
0.999815
0.999815
0.999815
0.999815
0.999815
0.999815
0.999815
0.999815
0.999815
0.999815
0.999815
0.999815
0.999815
0.999815
0.999815
0.999815
0.999815
0.999815
0.999815
0.999815
0.999815
0.999815
0.999816
0.999816
0.999816
0.999816
0.999816
0.999816
0.999816
0.999816
0.999816
0.999815
0.999815
0.999814
0.999813
0.999811
0.999809
0.999839
0.999841
0.999842
0.999843
0.999844
0.999844
0.999844
0.999845
0.999845
0.999845
0.999845
0.999844
0.999844
0.999844
0.999844
0.999844
0.999844
0.999844
0.999844
0.999844
0.999844
0.999844
0.999844
0.999844
0.999844
0.999844
0.999844
0.999844
0.999844
0.999844
0.999844
0.999844
0.999844
0.999844
0.999844
0.999844
0.999844
0.999844
0.999844
0.999844
0.999844
0.999844
0.999844
0.999844
0.999844
0.999844
0.999844
0.999844
0.999844
0.999845
0.999845
0.999845
0.999845
0.999844
0.999844
0.999844
0.999843
0.999842
0.999841
0.999839
0.999864
0.999865
0.999867
0.999868
0.999868
0.999869
0.999869
0.999869
0.999869
0.999869
0.999869
0.999869
0.999869
0.999869
0.999869
0.999869
0.999868
0.999868
0.999868
0.999868
0.999868
0.999868
0.999868
0.999868
0.999868
0.999868
0.999868
0.999868
0.999868
0.999868
0.999868
0.999868
0.999868
0.999868
0.999868
0.999868
0.999868
0.999868
0.999868
0.999868
0.999868
0.999868
0.999868
0.999868
0.999869
0.999869
0.999869
0.999869
0.999869
0.999869
0.999869
0.999869
0.999869
0.999869
0.999869
0.999868
0.999868
0.999867
0.999865
0.999864
0.999885
0.999886
0.999887
0.999888
0.999889
0.999889
0.999889
0.999889
0.999889
0.999889
0.999889
0.999889
0.999889
0.999889
0.999889
0.999889
0.999889
0.999889
0.999889
0.999889
0.999889
0.999889
0.999889
0.999889
0.999889
0.999889
0.999889
0.999889
0.999889
0.999889
0.999889
0.999889
0.999889
0.999889
0.999889
0.999889
0.999889
0.999889
0.999889
0.999889
0.999889
0.999889
0.999889
0.999889
0.999889
0.999889
0.999889
0.999889
0.999889
0.999889
0.999889
0.999889
0.999889
0.999889
0.999889
0.999889
0.999888
0.999887
0.999886
0.999885
0.999903
0.999904
0.999905
0.999906
0.999906
0.999906
0.999906
0.999907
0.999907
0.999907
0.999906
0.999906
0.999906
0.999906
0.999906
0.999906
0.999906
0.999906
0.999906
0.999906
0.999906
0.999906
0.999906
0.999906
0.999906
0.999906
0.999906
0.999906
0.999906
0.999906
0.999906
0.999906
0.999906
0.999906
0.999906
0.999906
0.999906
0.999906
0.999906
0.999906
0.999906
0.999906
0.999906
0.999906
0.999906
0.999906
0.999906
0.999906
0.999906
0.999906
0.999907
0.999907
0.999907
0.999906
0.999906
0.999906
0.999906
0.999905
0.999904
0.999903
0.999918
0.999919
0.99992
0.99992
0.99992
0.999921
0.999921
0.999921
0.999921
0.999921
0.999921
0.999921
0.999921
0.999921
0.999921
0.99992
0.99992
0.99992
0.99992
0.99992
0.99992
0.99992
0.99992
0.99992
0.99992
0.99992
0.99992
0.99992
0.99992
0.99992
0.99992
0.99992
0.99992
0.99992
0.99992
0.99992
0.99992
0.99992
0.99992
0.99992
0.99992
0.99992
0.99992
0.99992
0.99992
0.999921
0.999921
0.999921
0.999921
0.999921
0.999921
0.999921
0.999921
0.999921
0.999921
0.99992
0.99992
0.99992
0.999919
0.999918
0.99993
0.999931
0.999932
0.999932
0.999933
0.999933
0.999933
0.999933
0.999933
0.999933
0.999933
0.999933
0.999933
0.999933
0.999933
0.999932
0.999932
0.999932
0.999932
0.999932
0.999932
0.999932
0.999932
0.999932
0.999932
0.999932
0.999932
0.999932
0.999932
0.999932
0.999932
0.999932
0.999932
0.999932
0.999932
0.999932
0.999932
0.999932
0.999932
0.999932
0.999932
0.999932
0.999932
0.999932
0.999932
0.999933
0.999933
0.999933
0.999933
0.999933
0.999933
0.999933
0.999933
0.999933
0.999933
0.999933
0.999932
0.999932
0.999931
0.99993
0.999941
0.999941
0.999942
0.999942
0.999943
0.999943
0.999943
0.999943
0.999943
0.999943
0.999943
0.999943
0.999943
0.999943
0.999942
0.999942
0.999942
0.999942
0.999942
0.999942
0.999942
0.999942
0.999942
0.999942
0.999942
0.999942
0.999942
0.999942
0.999942
0.999942
0.999942
0.999942
0.999942
0.999942
0.999942
0.999942
0.999942
0.999942
0.999942
0.999942
0.999942
0.999942
0.999942
0.999942
0.999942
0.999942
0.999943
0.999943
0.999943
0.999943
0.999943
0.999943
0.999943
0.999943
0.999943
0.999943
0.999942
0.999942
0.999941
0.999941
0.999949
0.99995
0.99995
0.999951
0.999951
0.999951
0.999951
0.999951
0.999951
0.999951
0.999951
0.999951
0.999951
0.999951
0.999951
0.999951
0.999951
0.999951
0.999951
0.99995
0.99995
0.99995
0.99995
0.99995
0.99995
0.99995
0.99995
0.99995
0.99995
0.99995
0.99995
0.99995
0.99995
0.99995
0.99995
0.99995
0.99995
0.99995
0.99995
0.99995
0.99995
0.999951
0.999951
0.999951
0.999951
0.999951
0.999951
0.999951
0.999951
0.999951
0.999951
0.999951
0.999951
0.999951
0.999951
0.999951
0.999951
0.99995
0.99995
0.999949
0.999957
0.999957
0.999958
0.999958
0.999958
0.999958
0.999958
0.999958
0.999958
0.999958
0.999958
0.999958
0.999958
0.999958
0.999958
0.999958
0.999957
0.999957
0.999957
0.999957
0.999957
0.999957
0.999957
0.999957
0.999957
0.999957
0.999957
0.999957
0.999957
0.999957
0.999957
0.999957
0.999957
0.999957
0.999957
0.999957
0.999957
0.999957
0.999957
0.999957
0.999957
0.999957
0.999957
0.999957
0.999958
0.999958
0.999958
0.999958
0.999958
0.999958
0.999958
0.999958
0.999958
0.999958
0.999958
0.999958
0.999958
0.999958
0.999957
0.999957
0.999963
0.999963
0.999963
0.999964
0.999964
0.999964
0.999964
0.999964
0.999964
0.999964
0.999964
0.999963
0.999963
0.999963
0.999963
0.999963
0.999963
0.999963
0.999963
0.999963
0.999963
0.999963
0.999963
0.999963
0.999963
0.999963
0.999963
0.999963
0.999963
0.999963
0.999963
0.999963
0.999963
0.999963
0.999963
0.999963
0.999963
0.999963
0.999963
0.999963
0.999963
0.999963
0.999963
0.999963
0.999963
0.999963
0.999963
0.999963
0.999963
0.999964
0.999964
0.999964
0.999964
0.999964
0.999964
0.999964
0.999964
0.999963
0.999963
0.999963
0.999968
0.999968
0.999968
0.999968
0.999968
0.999968
0.999968
0.999968
0.999968
0.999968
0.999968
0.999968
0.999968
0.999968
0.999968
0.999968
0.999968
0.999968
0.999968
0.999968
0.999968
0.999968
0.999968
0.999968
0.999968
0.999968
0.999967
0.999967
0.999967
0.999967
0.999967
0.999967
0.999967
0.999967
0.999968
0.999968
0.999968
0.999968
0.999968
0.999968
0.999968
0.999968
0.999968
0.999968
0.999968
0.999968
0.999968
0.999968
0.999968
0.999968
0.999968
0.999968
0.999968
0.999968
0.999968
0.999968
0.999968
0.999968
0.999968
0.999968
0.999972
0.999972
0.999972
0.999972
0.999972
0.999972
0.999972
0.999972
0.999972
0.999972
0.999972
0.999972
0.999972
0.999972
0.999972
0.999972
0.999972
0.999972
0.999972
0.999972
0.999971
0.999971
0.999971
0.999971
0.999971
0.999971
0.999971
0.999971
0.999971
0.999971
0.999971
0.999971
0.999971
0.999971
0.999971
0.999971
0.999971
0.999971
0.999971
0.999971
0.999972
0.999972
0.999972
0.999972
0.999972
0.999972
0.999972
0.999972
0.999972
0.999972
0.999972
0.999972
0.999972
0.999972
0.999972
0.999972
0.999972
0.999972
0.999972
0.999972
0.999975
0.999975
0.999975
0.999976
0.999976
0.999976
0.999976
0.999976
0.999975
0.999975
0.999975
0.999975
0.999975
0.999975
0.999975
0.999975
0.999975
0.999975
0.999975
0.999975
0.999975
0.999975
0.999975
0.999975
0.999975
0.999975
0.999975
0.999975
0.999975
0.999975
0.999975
0.999975
0.999975
0.999975
0.999975
0.999975
0.999975
0.999975
0.999975
0.999975
0.999975
0.999975
0.999975
0.999975
0.999975
0.999975
0.999975
0.999975
0.999975
0.999975
0.999975
0.999975
0.999976
0.999976
0.999976
0.999976
0.999976
0.999975
0.999975
0.999975
0.999978
0.999978
0.999978
0.999978
0.999978
0.999978
0.999978
0.999978
0.999978
0.999978
0.999978
0.999978
0.999978
0.999978
0.999978
0.999978
0.999978
0.999977
0.999977
0.999977
0.999977
0.999977
0.999977
0.999977
0.999977
0.999977
0.999977
0.999977
0.999977
0.999977
0.999977
0.999977
0.999977
0.999977
0.999977
0.999977
0.999977
0.999977
0.999977
0.999977
0.999977
0.999977
0.999977
0.999978
0.999978
0.999978
0.999978
0.999978
0.999978
0.999978
0.999978
0.999978
0.999978
0.999978
0.999978
0.999978
0.999978
0.999978
0.999978
0.999978
0.99998
0.99998
0.99998
0.999981
0.999981
0.999981
0.999981
0.99998
0.99998
0.99998
0.99998
0.99998
0.99998
0.99998
0.99998
0.99998
0.99998
0.99998
0.99998
0.99998
0.99998
0.99998
0.99998
0.99998
0.99998
0.999979
0.999979
0.999979
0.999979
0.999979
0.999979
0.999979
0.999979
0.999979
0.999979
0.99998
0.99998
0.99998
0.99998
0.99998
0.99998
0.99998
0.99998
0.99998
0.99998
0.99998
0.99998
0.99998
0.99998
0.99998
0.99998
0.99998
0.99998
0.999981
0.999981
0.999981
0.999981
0.99998
0.99998
0.99998
0.999982
0.999982
0.999982
0.999982
0.999982
0.999982
0.999982
0.999982
0.999982
0.999982
0.999982
0.999982
0.999982
0.999982
0.999982
0.999982
0.999982
0.999982
0.999982
0.999982
0.999982
0.999982
0.999981
0.999981
0.999981
0.999981
0.999981
0.999981
0.999981
0.999981
0.999981
0.999981
0.999981
0.999981
0.999981
0.999981
0.999981
0.999981
0.999982
0.999982
0.999982
0.999982
0.999982
0.999982
0.999982
0.999982
0.999982
0.999982
0.999982
0.999982
0.999982
0.999982
0.999982
0.999982
0.999982
0.999982
0.999982
0.999982
0.999982
0.999982
0.999984
0.999984
0.999984
0.999984
0.999984
0.999984
0.999984
0.999984
0.999984
0.999984
0.999984
0.999984
0.999984
0.999984
0.999984
0.999983
0.999983
0.999983
0.999983
0.999983
0.999983
0.999983
0.999983
0.999983
0.999983
0.999983
0.999983
0.999983
0.999983
0.999983
0.999983
0.999983
0.999983
0.999983
0.999983
0.999983
0.999983
0.999983
0.999983
0.999983
0.999983
0.999983
0.999983
0.999983
0.999983
0.999984
0.999984
0.999984
0.999984
0.999984
0.999984
0.999984
0.999984
0.999984
0.999984
0.999984
0.999984
0.999984
0.999984
0.999984
0.999986
0.999986
0.999986
0.999986
0.999986
0.999986
0.999986
0.999986
0.999985
0.999985
0.999985
0.999985
0.999985
0.999985
0.999985
0.999985
0.999985
0.999985
0.999985
0.999985
0.999985
0.999985
0.999985
0.999985
0.999985
0.999985
0.999985
0.999985
0.999985
0.999985
0.999985
0.999985
0.999985
0.999985
0.999985
0.999985
0.999985
0.999985
0.999985
0.999985
0.999985
0.999985
0.999985
0.999985
0.999985
0.999985
0.999985
0.999985
0.999985
0.999985
0.999985
0.999985
0.999986
0.999986
0.999986
0.999986
0.999986
0.999986
0.999986
0.999986
0.999987
0.999987
0.999987
0.999987
0.999987
0.999987
0.999987
0.999987
0.999987
0.999987
0.999987
0.999987
0.999986
0.999986
0.999986
0.999986
0.999986
0.999986
0.999986
0.999986
0.999986
0.999986
0.999986
0.999986
0.999986
0.999986
0.999986
0.999986
0.999986
0.999986
0.999986
0.999986
0.999986
0.999986
0.999986
0.999986
0.999986
0.999986
0.999986
0.999986
0.999986
0.999986
0.999986
0.999986
0.999986
0.999986
0.999986
0.999986
0.999987
0.999987
0.999987
0.999987
0.999987
0.999987
0.999987
0.999987
0.999987
0.999987
0.999987
0.999987
0.999988
0.999988
0.999988
0.999988
0.999988
0.999988
0.999988
0.999988
0.999988
0.999988
0.999988
0.999988
0.999988
0.999988
0.999988
0.999988
0.999988
0.999987
0.999987
0.999987
0.999987
0.999987
0.999987
0.999987
0.999987
0.999987
0.999987
0.999987
0.999987
0.999987
0.999987
0.999987
0.999987
0.999987
0.999987
0.999987
0.999987
0.999987
0.999987
0.999987
0.999987
0.999987
0.999987
0.999988
0.999988
0.999988
0.999988
0.999988
0.999988
0.999988
0.999988
0.999988
0.999988
0.999988
0.999988
0.999988
0.999988
0.999988
0.999988
0.999988
0.999989
0.999989
0.999989
0.999989
0.999989
0.999989
0.999989
0.999989
0.999989
0.999989
0.999989
0.999989
0.999989
0.999989
0.999989
0.999989
0.999989
0.999989
0.999989
0.999989
0.999989
0.999989
0.999989
0.999989
0.999989
0.999988
0.999988
0.999988
0.999988
0.999988
0.999988
0.999988
0.999988
0.999988
0.999988
0.999989
0.999989
0.999989
0.999989
0.999989
0.999989
0.999989
0.999989
0.999989
0.999989
0.999989
0.999989
0.999989
0.999989
0.999989
0.999989
0.999989
0.999989
0.999989
0.999989
0.999989
0.999989
0.999989
0.999989
0.999989
0.999991
0.999991
0.999991
0.999991
0.999991
0.999991
0.99999
0.99999
0.99999
0.99999
0.99999
0.99999
0.99999
0.99999
0.99999
0.99999
0.99999
0.99999
0.99999
0.99999
0.99999
0.99999
0.99999
0.99999
0.99999
0.99999
0.99999
0.99999
0.99999
0.99999
0.99999
0.99999
0.99999
0.99999
0.99999
0.99999
0.99999
0.99999
0.99999
0.99999
0.99999
0.99999
0.99999
0.99999
0.99999
0.99999
0.99999
0.99999
0.99999
0.99999
0.99999
0.99999
0.99999
0.99999
0.999991
0.999991
0.999991
0.999991
0.999991
0.999991
0.999992
0.999992
0.999992
0.999992
0.999992
0.999992
0.999992
0.999992
0.999992
0.999991
0.999991
0.999991
0.999991
0.999991
0.999991
0.999991
0.999991
0.999991
0.999991
0.999991
0.999991
0.999991
0.999991
0.999991
0.999991
0.999991
0.999991
0.999991
0.999991
0.999991
0.999991
0.999991
0.999991
0.999991
0.999991
0.999991
0.999991
0.999991
0.999991
0.999991
0.999991
0.999991
0.999991
0.999991
0.999991
0.999991
0.999991
0.999991
0.999991
0.999991
0.999991
0.999992
0.999992
0.999992
0.999992
0.999992
0.999992
0.999992
0.999992
0.999992
0.999993
0.999993
0.999993
0.999993
0.999993
0.999993
0.999993
0.999993
0.999993
0.999993
0.999993
0.999993
0.999993
0.999993
0.999992
0.999992
0.999992
0.999992
0.999992
0.999992
0.999992
0.999992
0.999992
0.999992
0.999992
0.999992
0.999992
0.999992
0.999992
0.999992
0.999992
0.999992
0.999992
0.999992
0.999992
0.999992
0.999992
0.999992
0.999992
0.999992
0.999992
0.999992
0.999992
0.999992
0.999992
0.999992
0.999993
0.999993
0.999993
0.999993
0.999993
0.999993
0.999993
0.999993
0.999993
0.999993
0.999993
0.999993
0.999993
0.999993
0.999994
0.999994
0.999994
0.999994
0.999994
0.999994
0.999994
0.999994
0.999994
0.999994
0.999994
0.999994
0.999994
0.999994
0.999994
0.999994
0.999994
0.999994
0.999994
0.999994
0.999994
0.999994
0.999994
0.999994
0.999994
0.999994
0.999994
0.999994
0.999994
0.999994
0.999994
0.999994
0.999994
0.999994
0.999994
0.999994
0.999994
0.999994
0.999994
0.999994
0.999994
0.999994
0.999994
0.999994
0.999994
0.999994
0.999994
0.999994
0.999994
0.999994
0.999994
0.999994
0.999994
0.999994
0.999994
0.999994
0.999994
0.999994
0.999994
0.999994
0.999995
0.999995
0.999995
0.999995
0.999995
0.999995
0.999995
0.999995
0.999995
0.999995
0.999995
0.999995
0.999995
0.999995
0.999995
0.999995
0.999995
0.999995
0.999995
0.999995
0.999995
0.999995
0.999995
0.999995
0.999995
0.999995
0.999995
0.999995
0.999995
0.999995
0.999995
0.999995
0.999995
0.999995
0.999995
0.999995
0.999995
0.999995
0.999995
0.999995
0.999995
0.999995
0.999995
0.999995
0.999995
0.999995
0.999995
0.999995
0.999995
0.999995
0.999995
0.999995
0.999995
0.999995
0.999995
0.999995
0.999995
0.999995
0.999995
0.999995
0.999997
0.999997
0.999997
0.999997
0.999997
0.999997
0.999997
0.999997
0.999997
0.999997
0.999996
0.999996
0.999996
0.999996
0.999996
0.999996
0.999996
0.999996
0.999996
0.999996
0.999996
0.999996
0.999996
0.999996
0.999996
0.999996
0.999996
0.999996
0.999996
0.999996
0.999996
0.999996
0.999996
0.999996
0.999996
0.999996
0.999996
0.999996
0.999996
0.999996
0.999996
0.999996
0.999996
0.999996
0.999996
0.999996
0.999996
0.999996
0.999996
0.999996
0.999997
0.999997
0.999997
0.999997
0.999997
0.999997
0.999997
0.999997
0.999997
0.999997
0.999998
0.999998
0.999998
0.999998
0.999998
0.999998
0.999998
0.999998
0.999998
0.999998
0.999998
0.999998
0.999998
0.999998
0.999998
0.999998
0.999998
0.999998
0.999998
0.999998
0.999998
0.999998
0.999998
0.999998
0.999998
0.999998
0.999998
0.999998
0.999998
0.999998
0.999998
0.999998
0.999998
0.999998
0.999998
0.999998
0.999998
0.999998
0.999998
0.999998
0.999998
0.999998
0.999998
0.999998
0.999998
0.999998
0.999998
0.999998
0.999998
0.999998
0.999998
0.999998
0.999998
0.999998
0.999998
0.999998
0.999998
0.999998
0.999998
0.999998
0.999999
0.999999
0.999999
0.999999
0.999999
0.999999
0.999999
0.999999
0.999999
0.999999
0.999999
0.999999
0.999999
0.999999
0.999999
0.999999
0.999999
0.999999
0.999999
0.999999
0.999999
0.999999
0.999999
0.999999
0.999999
0.999999
0.999999
0.999999
0.999999
0.999999
0.999999
0.999999
0.999999
0.999999
0.999999
0.999999
0.999999
0.999999
0.999999
0.999999
0.999999
0.999999
0.999999
0.999999
0.999999
0.999999
0.999999
0.999999
0.999999
0.999999
0.999999
0.999999
0.999999
0.999999
0.999999
0.999999
0.999999
0.999999
0.999999
0.999999
)
;

boundaryField
{
    top
    {
        type            fixedValue;
        value           uniform 1;
    }
    bottom
    {
        type            fixedIonicFlux;
        value           nonuniform List<scalar> 
60
(
0.00347377
0.00347757
0.00347866
0.00347926
0.00347968
0.00348001
0.00348027
0.00348047
0.00348064
0.00348078
0.0034809
0.003481
0.00348108
0.00348115
0.00348121
0.00348126
0.00348131
0.00348135
0.00348138
0.00348141
0.00348143
0.00348146
0.00348147
0.00348149
0.0034815
0.00348151
0.00348152
0.00348153
0.00348153
0.00348153
0.00348153
0.00348153
0.00348153
0.00348152
0.00348151
0.0034815
0.00348149
0.00348147
0.00348146
0.00348143
0.00348141
0.00348138
0.00348135
0.00348131
0.00348126
0.00348121
0.00348115
0.00348108
0.003481
0.0034809
0.00348078
0.00348064
0.00348047
0.00348027
0.00348001
0.00347968
0.00347926
0.00347866
0.00347757
0.00347377
)
;
    }
    wall
    {
        type            zeroGradient;
    }
    frontAndBack
    {
        type            empty;
    }
}


// ************************************************************************* //
