/*--------------------------------*- C++ -*----------------------------------*\
| =========                 |                                                 |
| \\      /  F ield         | foam-extend: Open Source CFD                    |
|  \\    /   O peration     | Version:     4.0                                |
|   \\  /    A nd           | Web:         http://www.foam-extend.org         |
|    \\/     M anipulation  |                                                 |
\*---------------------------------------------------------------------------*/
FoamFile
{
    version     2.0;
    format      ascii;
    class       volScalarField;
    location    "1820";
    object      cPlus;
}
// * * * * * * * * * * * * * * * * * * * * * * * * * * * * * * * * * * * * * //

dimensions      [0 0 0 0 0 0 0];

internalField   nonuniform List<scalar> 
6960
(
0.35476
0.35476
0.35476
0.35476
0.35476
0.35476
0.35476
0.35476
0.35476
0.35476
0.35476
0.35476
0.35476
0.35476
0.35476
0.35476
0.35476
0.35476
0.35476
0.35476
0.35476
0.35476
0.35476
0.35476
0.35476
0.35476
0.35476
0.35476
0.35476
0.35476
0.35476
0.35476
0.35476
0.35476
0.35476
0.35476
0.35476
0.35476
0.35476
0.35476
0.35476
0.35476
0.35476
0.35476
0.35476
0.35476
0.35476
0.35476
0.35476
0.35476
0.35476
0.35476
0.35476
0.35476
0.35476
0.35476
0.35476
0.35476
0.35476
0.35476
0.13009
0.13009
0.13009
0.13009
0.13009
0.13009
0.13009
0.13009
0.13009
0.13009
0.13009
0.13009
0.13009
0.13009
0.13009
0.13009
0.13009
0.13009
0.13009
0.13009
0.13009
0.13009
0.13009
0.13009
0.13009
0.13009
0.13009
0.13009
0.13009
0.13009
0.13009
0.13009
0.13009
0.13009
0.13009
0.13009
0.13009
0.13009
0.13009
0.13009
0.13009
0.13009
0.13009
0.13009
0.13009
0.13009
0.13009
0.13009
0.13009
0.13009
0.13009
0.13009
0.13009
0.13009
0.13009
0.13009
0.13009
0.13009
0.13009
0.13009
0.0565084
0.0565084
0.0565084
0.0565084
0.0565084
0.0565084
0.0565084
0.0565084
0.0565084
0.0565084
0.0565084
0.0565084
0.0565084
0.0565084
0.0565084
0.0565084
0.0565084
0.0565084
0.0565084
0.0565084
0.0565084
0.0565084
0.0565084
0.0565084
0.0565084
0.0565084
0.0565084
0.0565084
0.0565084
0.0565084
0.0565084
0.0565084
0.0565084
0.0565084
0.0565084
0.0565084
0.0565084
0.0565084
0.0565084
0.0565084
0.0565084
0.0565084
0.0565084
0.0565084
0.0565084
0.0565084
0.0565084
0.0565084
0.0565084
0.0565084
0.0565084
0.0565084
0.0565084
0.0565084
0.0565084
0.0565084
0.0565084
0.0565084
0.0565084
0.0565084
0.0268605
0.0268605
0.0268605
0.0268605
0.0268605
0.0268605
0.0268605
0.0268605
0.0268605
0.0268605
0.0268605
0.0268605
0.0268605
0.0268605
0.0268605
0.0268605
0.0268605
0.0268605
0.0268605
0.0268605
0.0268605
0.0268605
0.0268605
0.0268605
0.0268605
0.0268605
0.0268605
0.0268605
0.0268605
0.0268605
0.0268605
0.0268605
0.0268605
0.0268605
0.0268605
0.0268605
0.0268605
0.0268605
0.0268605
0.0268605
0.0268605
0.0268605
0.0268605
0.0268605
0.0268605
0.0268605
0.0268605
0.0268605
0.0268605
0.0268605
0.0268605
0.0268605
0.0268605
0.0268605
0.0268605
0.0268605
0.0268605
0.0268605
0.0268605
0.0268605
0.0139029
0.0139029
0.0139029
0.0139029
0.0139029
0.0139029
0.0139029
0.0139029
0.0139029
0.0139029
0.0139029
0.0139029
0.0139029
0.0139029
0.0139029
0.0139029
0.0139029
0.0139029
0.0139029
0.0139029
0.0139029
0.0139029
0.0139029
0.0139029
0.0139029
0.0139029
0.0139029
0.0139029
0.0139029
0.0139029
0.0139029
0.0139029
0.0139029
0.0139029
0.0139029
0.0139029
0.0139029
0.0139029
0.0139029
0.0139029
0.0139029
0.0139029
0.0139029
0.0139029
0.0139029
0.0139029
0.0139029
0.0139029
0.0139029
0.0139029
0.0139029
0.0139029
0.0139029
0.0139029
0.0139029
0.0139029
0.0139029
0.0139029
0.0139029
0.0139029
0.00808631
0.00808631
0.00808631
0.00808631
0.00808631
0.00808631
0.00808631
0.00808631
0.00808631
0.00808631
0.00808631
0.00808631
0.00808631
0.00808631
0.00808631
0.00808631
0.00808631
0.00808631
0.00808631
0.00808631
0.00808631
0.00808631
0.00808631
0.00808631
0.00808631
0.00808631
0.00808631
0.00808631
0.00808631
0.00808631
0.00808631
0.00808631
0.00808631
0.00808631
0.00808631
0.00808631
0.00808631
0.00808631
0.00808631
0.00808631
0.00808631
0.00808631
0.00808631
0.00808631
0.00808631
0.00808631
0.00808631
0.00808631
0.00808631
0.00808631
0.00808631
0.00808631
0.00808631
0.00808631
0.00808631
0.00808631
0.00808631
0.00808631
0.00808631
0.00808631
0.0054763
0.0054763
0.0054763
0.0054763
0.0054763
0.0054763
0.0054763
0.0054763
0.0054763
0.0054763
0.0054763
0.0054763
0.0054763
0.0054763
0.0054763
0.0054763
0.0054763
0.0054763
0.0054763
0.0054763
0.0054763
0.0054763
0.0054763
0.0054763
0.0054763
0.0054763
0.0054763
0.0054763
0.0054763
0.0054763
0.0054763
0.0054763
0.0054763
0.0054763
0.0054763
0.0054763
0.0054763
0.0054763
0.0054763
0.0054763
0.0054763
0.0054763
0.0054763
0.0054763
0.0054763
0.0054763
0.0054763
0.0054763
0.0054763
0.0054763
0.0054763
0.0054763
0.0054763
0.0054763
0.0054763
0.0054763
0.0054763
0.0054763
0.0054763
0.0054763
0.00432463
0.00432463
0.00432463
0.00432463
0.00432463
0.00432463
0.00432463
0.00432463
0.00432463
0.00432463
0.00432463
0.00432463
0.00432463
0.00432463
0.00432463
0.00432463
0.00432463
0.00432463
0.00432463
0.00432463
0.00432463
0.00432463
0.00432463
0.00432463
0.00432463
0.00432463
0.00432463
0.00432463
0.00432463
0.00432463
0.00432463
0.00432463
0.00432463
0.00432463
0.00432463
0.00432463
0.00432463
0.00432463
0.00432463
0.00432463
0.00432463
0.00432463
0.00432463
0.00432463
0.00432463
0.00432463
0.00432463
0.00432463
0.00432463
0.00432463
0.00432463
0.00432463
0.00432463
0.00432463
0.00432463
0.00432463
0.00432463
0.00432463
0.00432463
0.00432463
0.00383301
0.00383301
0.00383302
0.00383302
0.00383302
0.00383302
0.00383302
0.00383302
0.00383302
0.00383302
0.00383302
0.00383302
0.00383302
0.00383302
0.00383302
0.00383302
0.00383302
0.00383302
0.00383302
0.00383302
0.00383302
0.00383302
0.00383302
0.00383302
0.00383302
0.00383302
0.00383302
0.00383302
0.00383302
0.00383302
0.00383302
0.00383302
0.00383302
0.00383302
0.00383302
0.00383302
0.00383302
0.00383302
0.00383302
0.00383302
0.00383302
0.00383302
0.00383302
0.00383302
0.00383302
0.00383302
0.00383302
0.00383302
0.00383302
0.00383302
0.00383302
0.00383302
0.00383302
0.00383302
0.00383302
0.00383302
0.00383302
0.00383302
0.00383301
0.00383301
0.00363629
0.00363629
0.00363629
0.00363629
0.00363629
0.00363629
0.00363629
0.00363629
0.00363629
0.00363629
0.00363629
0.00363629
0.00363629
0.00363629
0.00363629
0.00363629
0.00363629
0.00363629
0.00363629
0.00363629
0.00363629
0.00363629
0.00363629
0.00363629
0.00363629
0.00363629
0.00363629
0.00363629
0.00363629
0.00363629
0.00363629
0.00363629
0.00363629
0.00363629
0.00363629
0.00363629
0.00363629
0.00363629
0.00363629
0.00363629
0.00363629
0.00363629
0.00363629
0.00363629
0.00363629
0.00363629
0.00363629
0.00363629
0.00363629
0.00363629
0.00363629
0.00363629
0.00363629
0.00363629
0.00363629
0.00363629
0.00363629
0.00363629
0.00363629
0.00363629
0.00356932
0.00356932
0.00356932
0.00356932
0.00356932
0.00356932
0.00356932
0.00356932
0.00356932
0.00356932
0.00356932
0.00356932
0.00356932
0.00356932
0.00356932
0.00356932
0.00356932
0.00356932
0.00356932
0.00356932
0.00356932
0.00356932
0.00356932
0.00356932
0.00356932
0.00356932
0.00356932
0.00356932
0.00356932
0.00356932
0.00356932
0.00356932
0.00356932
0.00356932
0.00356932
0.00356932
0.00356932
0.00356932
0.00356932
0.00356932
0.00356932
0.00356932
0.00356932
0.00356932
0.00356932
0.00356932
0.00356932
0.00356932
0.00356932
0.00356932
0.00356932
0.00356932
0.00356932
0.00356932
0.00356932
0.00356932
0.00356932
0.00356932
0.00356932
0.00356932
0.00355876
0.00355876
0.00355876
0.00355876
0.00355876
0.00355876
0.00355876
0.00355876
0.00355876
0.00355876
0.00355876
0.00355876
0.00355876
0.00355876
0.00355876
0.00355876
0.00355876
0.00355876
0.00355876
0.00355876
0.00355876
0.00355876
0.00355876
0.00355876
0.00355876
0.00355876
0.00355876
0.00355876
0.00355876
0.00355876
0.00355876
0.00355876
0.00355876
0.00355876
0.00355876
0.00355876
0.00355876
0.00355876
0.00355876
0.00355876
0.00355876
0.00355876
0.00355876
0.00355876
0.00355876
0.00355876
0.00355876
0.00355876
0.00355876
0.00355876
0.00355876
0.00355876
0.00355876
0.00355876
0.00355876
0.00355876
0.00355876
0.00355876
0.00355876
0.00355876
0.00357276
0.00357276
0.00357276
0.00357276
0.00357276
0.00357276
0.00357276
0.00357276
0.00357276
0.00357276
0.00357276
0.00357276
0.00357276
0.00357276
0.00357276
0.00357276
0.00357276
0.00357276
0.00357276
0.00357276
0.00357276
0.00357276
0.00357276
0.00357276
0.00357276
0.00357276
0.00357276
0.00357276
0.00357276
0.00357276
0.00357276
0.00357276
0.00357276
0.00357276
0.00357276
0.00357276
0.00357276
0.00357276
0.00357276
0.00357276
0.00357276
0.00357276
0.00357276
0.00357276
0.00357276
0.00357276
0.00357276
0.00357276
0.00357276
0.00357276
0.00357276
0.00357276
0.00357276
0.00357276
0.00357276
0.00357276
0.00357276
0.00357276
0.00357276
0.00357276
0.00359782
0.00359782
0.00359782
0.00359782
0.00359782
0.00359782
0.00359782
0.00359782
0.00359782
0.00359782
0.00359782
0.00359782
0.00359782
0.00359782
0.00359782
0.00359782
0.00359782
0.00359782
0.00359782
0.00359782
0.00359782
0.00359782
0.00359782
0.00359782
0.00359782
0.00359782
0.00359782
0.00359782
0.00359782
0.00359782
0.00359782
0.00359782
0.00359782
0.00359782
0.00359782
0.00359782
0.00359782
0.00359782
0.00359782
0.00359782
0.00359782
0.00359782
0.00359782
0.00359782
0.00359782
0.00359782
0.00359782
0.00359782
0.00359782
0.00359782
0.00359782
0.00359782
0.00359782
0.00359782
0.00359782
0.00359782
0.00359782
0.00359782
0.00359782
0.00359782
0.00362844
0.00362844
0.00362844
0.00362844
0.00362844
0.00362844
0.00362844
0.00362844
0.00362844
0.00362844
0.00362844
0.00362844
0.00362844
0.00362844
0.00362844
0.00362844
0.00362844
0.00362844
0.00362844
0.00362844
0.00362844
0.00362844
0.00362844
0.00362844
0.00362844
0.00362844
0.00362844
0.00362844
0.00362844
0.00362844
0.00362844
0.00362844
0.00362844
0.00362844
0.00362844
0.00362844
0.00362844
0.00362844
0.00362844
0.00362844
0.00362844
0.00362844
0.00362844
0.00362844
0.00362844
0.00362844
0.00362844
0.00362844
0.00362844
0.00362844
0.00362844
0.00362844
0.00362844
0.00362844
0.00362844
0.00362844
0.00362844
0.00362844
0.00362844
0.00362844
0.00366246
0.00366246
0.00366246
0.00366246
0.00366246
0.00366246
0.00366246
0.00366246
0.00366246
0.00366246
0.00366246
0.00366246
0.00366246
0.00366246
0.00366246
0.00366246
0.00366246
0.00366246
0.00366246
0.00366246
0.00366246
0.00366246
0.00366246
0.00366246
0.00366246
0.00366246
0.00366246
0.00366246
0.00366246
0.00366246
0.00366246
0.00366246
0.00366246
0.00366246
0.00366246
0.00366246
0.00366246
0.00366246
0.00366246
0.00366246
0.00366246
0.00366246
0.00366246
0.00366246
0.00366246
0.00366246
0.00366246
0.00366246
0.00366246
0.00366246
0.00366246
0.00366246
0.00366246
0.00366246
0.00366246
0.00366246
0.00366246
0.00366246
0.00366246
0.00366246
0.00369913
0.00369913
0.00369913
0.00369913
0.00369913
0.00369913
0.00369913
0.00369913
0.00369913
0.00369913
0.00369913
0.00369913
0.00369913
0.00369913
0.00369913
0.00369913
0.00369913
0.00369913
0.00369913
0.00369913
0.00369913
0.00369913
0.00369913
0.00369913
0.00369913
0.00369913
0.00369913
0.00369913
0.00369913
0.00369913
0.00369913
0.00369913
0.00369913
0.00369913
0.00369913
0.00369913
0.00369913
0.00369913
0.00369913
0.00369913
0.00369913
0.00369913
0.00369913
0.00369913
0.00369913
0.00369913
0.00369913
0.00369913
0.00369913
0.00369913
0.00369913
0.00369913
0.00369913
0.00369913
0.00369913
0.00369913
0.00369913
0.00369913
0.00369913
0.00369913
0.0037383
0.0037383
0.0037383
0.0037383
0.0037383
0.0037383
0.0037383
0.0037383
0.0037383
0.0037383
0.0037383
0.0037383
0.0037383
0.0037383
0.0037383
0.0037383
0.0037383
0.0037383
0.0037383
0.0037383
0.0037383
0.0037383
0.0037383
0.0037383
0.0037383
0.0037383
0.0037383
0.0037383
0.0037383
0.0037383
0.0037383
0.0037383
0.0037383
0.0037383
0.0037383
0.0037383
0.0037383
0.0037383
0.0037383
0.0037383
0.0037383
0.0037383
0.0037383
0.0037383
0.0037383
0.0037383
0.0037383
0.0037383
0.0037383
0.0037383
0.0037383
0.0037383
0.0037383
0.0037383
0.0037383
0.0037383
0.0037383
0.0037383
0.0037383
0.0037383
0.00378003
0.00378003
0.00378003
0.00378003
0.00378003
0.00378003
0.00378003
0.00378003
0.00378003
0.00378003
0.00378003
0.00378003
0.00378003
0.00378003
0.00378003
0.00378003
0.00378003
0.00378003
0.00378003
0.00378003
0.00378003
0.00378003
0.00378003
0.00378003
0.00378003
0.00378003
0.00378003
0.00378003
0.00378003
0.00378003
0.00378003
0.00378003
0.00378003
0.00378003
0.00378003
0.00378003
0.00378003
0.00378003
0.00378003
0.00378003
0.00378003
0.00378003
0.00378003
0.00378003
0.00378003
0.00378003
0.00378003
0.00378003
0.00378003
0.00378003
0.00378003
0.00378003
0.00378003
0.00378003
0.00378003
0.00378003
0.00378003
0.00378003
0.00378003
0.00378003
0.0038245
0.0038245
0.0038245
0.0038245
0.0038245
0.0038245
0.0038245
0.0038245
0.0038245
0.0038245
0.0038245
0.0038245
0.0038245
0.0038245
0.0038245
0.0038245
0.0038245
0.0038245
0.0038245
0.0038245
0.0038245
0.0038245
0.0038245
0.0038245
0.0038245
0.0038245
0.0038245
0.0038245
0.0038245
0.0038245
0.0038245
0.0038245
0.0038245
0.0038245
0.0038245
0.0038245
0.0038245
0.0038245
0.0038245
0.0038245
0.0038245
0.0038245
0.0038245
0.0038245
0.0038245
0.0038245
0.0038245
0.0038245
0.0038245
0.0038245
0.0038245
0.0038245
0.0038245
0.0038245
0.0038245
0.0038245
0.0038245
0.0038245
0.0038245
0.0038245
0.00387196
0.00387196
0.00387196
0.00387197
0.00387197
0.00387197
0.00387197
0.00387197
0.00387197
0.00387197
0.00387197
0.00387197
0.00387197
0.00387197
0.00387197
0.00387197
0.00387197
0.00387197
0.00387197
0.00387197
0.00387197
0.00387197
0.00387197
0.00387197
0.00387197
0.00387197
0.00387197
0.00387197
0.00387196
0.00387196
0.00387196
0.00387196
0.00387197
0.00387197
0.00387197
0.00387197
0.00387197
0.00387197
0.00387197
0.00387197
0.00387197
0.00387197
0.00387197
0.00387197
0.00387197
0.00387197
0.00387197
0.00387197
0.00387197
0.00387197
0.00387197
0.00387197
0.00387197
0.00387197
0.00387197
0.00387197
0.00387197
0.00387196
0.00387196
0.00387196
0.00392271
0.00392271
0.00392271
0.00392271
0.00392271
0.00392271
0.00392271
0.00392271
0.00392271
0.00392271
0.00392271
0.00392271
0.00392271
0.00392271
0.00392271
0.00392271
0.00392271
0.00392271
0.00392271
0.00392271
0.00392271
0.00392271
0.00392271
0.00392271
0.00392271
0.00392271
0.00392271
0.00392271
0.00392271
0.00392271
0.00392271
0.00392271
0.00392271
0.00392271
0.00392271
0.00392271
0.00392271
0.00392271
0.00392271
0.00392271
0.00392271
0.00392271
0.00392271
0.00392271
0.00392271
0.00392271
0.00392271
0.00392271
0.00392271
0.00392271
0.00392271
0.00392271
0.00392271
0.00392271
0.00392271
0.00392271
0.00392271
0.00392271
0.00392271
0.00392271
0.00397706
0.00397706
0.00397706
0.00397706
0.00397706
0.00397706
0.00397706
0.00397706
0.00397706
0.00397706
0.00397706
0.00397706
0.00397706
0.00397706
0.00397706
0.00397706
0.00397706
0.00397706
0.00397706
0.00397706
0.00397706
0.00397706
0.00397706
0.00397706
0.00397706
0.00397706
0.00397706
0.00397706
0.00397706
0.00397706
0.00397706
0.00397706
0.00397706
0.00397706
0.00397706
0.00397706
0.00397706
0.00397706
0.00397706
0.00397706
0.00397706
0.00397706
0.00397706
0.00397706
0.00397706
0.00397706
0.00397706
0.00397706
0.00397706
0.00397706
0.00397706
0.00397706
0.00397706
0.00397706
0.00397706
0.00397706
0.00397706
0.00397706
0.00397706
0.00397706
0.00403542
0.00403542
0.00403542
0.00403542
0.00403542
0.00403542
0.00403542
0.00403542
0.00403542
0.00403542
0.00403542
0.00403542
0.00403542
0.00403542
0.00403542
0.00403542
0.00403542
0.00403542
0.00403542
0.00403542
0.00403542
0.00403542
0.00403542
0.00403542
0.00403542
0.00403542
0.00403542
0.00403542
0.00403542
0.00403542
0.00403542
0.00403542
0.00403542
0.00403542
0.00403542
0.00403542
0.00403542
0.00403542
0.00403542
0.00403542
0.00403542
0.00403542
0.00403542
0.00403542
0.00403542
0.00403542
0.00403542
0.00403542
0.00403542
0.00403542
0.00403542
0.00403542
0.00403542
0.00403542
0.00403542
0.00403542
0.00403542
0.00403542
0.00403542
0.00403542
0.00409823
0.00409823
0.00409823
0.00409823
0.00409823
0.00409823
0.00409823
0.00409823
0.00409823
0.00409823
0.00409823
0.00409823
0.00409823
0.00409823
0.00409823
0.00409823
0.00409823
0.00409823
0.00409823
0.00409823
0.00409823
0.00409823
0.00409823
0.00409823
0.00409823
0.00409823
0.00409823
0.00409823
0.00409823
0.00409823
0.00409823
0.00409823
0.00409823
0.00409823
0.00409823
0.00409823
0.00409823
0.00409823
0.00409823
0.00409823
0.00409823
0.00409823
0.00409823
0.00409823
0.00409823
0.00409823
0.00409823
0.00409823
0.00409823
0.00409823
0.00409823
0.00409823
0.00409823
0.00409823
0.00409823
0.00409823
0.00409823
0.00409823
0.00409823
0.00409823
0.004166
0.004166
0.004166
0.004166
0.004166
0.004166
0.004166
0.004166
0.004166
0.004166
0.004166
0.004166
0.004166
0.004166
0.004166
0.004166
0.004166
0.004166
0.004166
0.004166
0.004166
0.004166
0.004166
0.004166
0.004166
0.004166
0.004166
0.004166
0.004166
0.004166
0.004166
0.004166
0.004166
0.004166
0.004166
0.004166
0.004166
0.004166
0.004166
0.004166
0.004166
0.004166
0.004166
0.004166
0.004166
0.004166
0.004166
0.004166
0.004166
0.004166
0.004166
0.004166
0.004166
0.004166
0.004166
0.004166
0.004166
0.004166
0.004166
0.004166
0.00423934
0.00423934
0.00423934
0.00423934
0.00423934
0.00423934
0.00423934
0.00423934
0.00423934
0.00423934
0.00423934
0.00423934
0.00423934
0.00423934
0.00423934
0.00423934
0.00423934
0.00423934
0.00423934
0.00423934
0.00423934
0.00423934
0.00423934
0.00423934
0.00423934
0.00423934
0.00423934
0.00423934
0.00423934
0.00423934
0.00423934
0.00423934
0.00423934
0.00423934
0.00423934
0.00423934
0.00423934
0.00423934
0.00423934
0.00423934
0.00423934
0.00423934
0.00423934
0.00423934
0.00423934
0.00423934
0.00423934
0.00423934
0.00423934
0.00423934
0.00423934
0.00423934
0.00423934
0.00423934
0.00423934
0.00423934
0.00423934
0.00423934
0.00423934
0.00423934
0.00431895
0.00431895
0.00431895
0.00431895
0.00431895
0.00431895
0.00431895
0.00431895
0.00431895
0.00431895
0.00431895
0.00431895
0.00431895
0.00431895
0.00431895
0.00431895
0.00431895
0.00431895
0.00431895
0.00431895
0.00431895
0.00431895
0.00431895
0.00431895
0.00431895
0.00431895
0.00431895
0.00431895
0.00431895
0.00431895
0.00431895
0.00431895
0.00431895
0.00431895
0.00431895
0.00431895
0.00431895
0.00431895
0.00431895
0.00431895
0.00431895
0.00431895
0.00431895
0.00431895
0.00431895
0.00431895
0.00431895
0.00431895
0.00431895
0.00431895
0.00431895
0.00431895
0.00431895
0.00431895
0.00431895
0.00431895
0.00431895
0.00431895
0.00431895
0.00431895
0.00440567
0.00440567
0.00440567
0.00440567
0.00440567
0.00440567
0.00440567
0.00440567
0.00440567
0.00440567
0.00440567
0.00440567
0.00440567
0.00440567
0.00440567
0.00440567
0.00440567
0.00440567
0.00440567
0.00440567
0.00440567
0.00440567
0.00440567
0.00440567
0.00440567
0.00440567
0.00440567
0.00440567
0.00440567
0.00440567
0.00440567
0.00440567
0.00440567
0.00440567
0.00440567
0.00440567
0.00440567
0.00440567
0.00440567
0.00440567
0.00440567
0.00440567
0.00440567
0.00440567
0.00440567
0.00440567
0.00440567
0.00440567
0.00440567
0.00440567
0.00440567
0.00440567
0.00440567
0.00440567
0.00440567
0.00440567
0.00440567
0.00440567
0.00440567
0.00440567
0.0045005
0.0045005
0.0045005
0.0045005
0.0045005
0.0045005
0.0045005
0.0045005
0.0045005
0.0045005
0.0045005
0.0045005
0.0045005
0.0045005
0.0045005
0.0045005
0.0045005
0.0045005
0.0045005
0.0045005
0.0045005
0.0045005
0.0045005
0.0045005
0.0045005
0.0045005
0.0045005
0.0045005
0.0045005
0.0045005
0.0045005
0.0045005
0.0045005
0.0045005
0.0045005
0.0045005
0.0045005
0.0045005
0.0045005
0.0045005
0.0045005
0.0045005
0.0045005
0.0045005
0.0045005
0.0045005
0.0045005
0.0045005
0.0045005
0.0045005
0.0045005
0.0045005
0.0045005
0.0045005
0.0045005
0.0045005
0.0045005
0.0045005
0.0045005
0.0045005
0.00460463
0.00460463
0.00460463
0.00460463
0.00460463
0.00460463
0.00460464
0.00460464
0.00460464
0.00460464
0.00460464
0.00460464
0.00460464
0.00460464
0.00460464
0.00460463
0.00460463
0.00460463
0.00460463
0.00460463
0.00460463
0.00460463
0.00460463
0.00460463
0.00460463
0.00460463
0.00460463
0.00460463
0.00460463
0.00460463
0.00460463
0.00460463
0.00460463
0.00460463
0.00460463
0.00460463
0.00460463
0.00460463
0.00460463
0.00460463
0.00460463
0.00460463
0.00460463
0.00460463
0.00460463
0.00460464
0.00460464
0.00460464
0.00460464
0.00460464
0.00460464
0.00460464
0.00460464
0.00460464
0.00460463
0.00460463
0.00460463
0.00460463
0.00460463
0.00460463
0.00471952
0.00471952
0.00471952
0.00471952
0.00471952
0.00471952
0.00471952
0.00471952
0.00471952
0.00471952
0.00471952
0.00471952
0.00471952
0.00471952
0.00471952
0.00471952
0.00471952
0.00471952
0.00471952
0.00471952
0.00471952
0.00471952
0.00471952
0.00471952
0.00471952
0.00471952
0.00471952
0.00471952
0.00471952
0.00471952
0.00471952
0.00471952
0.00471952
0.00471952
0.00471952
0.00471952
0.00471952
0.00471952
0.00471952
0.00471952
0.00471952
0.00471952
0.00471952
0.00471952
0.00471952
0.00471952
0.00471952
0.00471952
0.00471952
0.00471952
0.00471952
0.00471952
0.00471952
0.00471952
0.00471952
0.00471952
0.00471952
0.00471952
0.00471952
0.00471952
0.00484695
0.00484695
0.00484695
0.00484695
0.00484695
0.00484695
0.00484695
0.00484695
0.00484695
0.00484695
0.00484695
0.00484695
0.00484695
0.00484695
0.00484695
0.00484695
0.00484695
0.00484695
0.00484695
0.00484695
0.00484695
0.00484695
0.00484695
0.00484695
0.00484695
0.00484695
0.00484695
0.00484695
0.00484695
0.00484695
0.00484695
0.00484695
0.00484695
0.00484695
0.00484695
0.00484695
0.00484695
0.00484695
0.00484695
0.00484695
0.00484695
0.00484695
0.00484695
0.00484695
0.00484695
0.00484695
0.00484695
0.00484695
0.00484695
0.00484695
0.00484695
0.00484695
0.00484695
0.00484695
0.00484695
0.00484695
0.00484695
0.00484695
0.00484695
0.00484695
0.00498912
0.00498912
0.00498912
0.00498912
0.00498912
0.00498912
0.00498912
0.00498912
0.00498912
0.00498912
0.00498912
0.00498912
0.00498912
0.00498912
0.00498912
0.00498912
0.00498912
0.00498912
0.00498912
0.00498912
0.00498912
0.00498912
0.00498912
0.00498912
0.00498912
0.00498912
0.00498912
0.00498912
0.00498912
0.00498912
0.00498912
0.00498912
0.00498912
0.00498912
0.00498912
0.00498912
0.00498912
0.00498912
0.00498912
0.00498912
0.00498912
0.00498912
0.00498912
0.00498912
0.00498912
0.00498912
0.00498912
0.00498912
0.00498912
0.00498912
0.00498912
0.00498912
0.00498912
0.00498912
0.00498912
0.00498912
0.00498912
0.00498912
0.00498912
0.00498912
0.00514882
0.00514882
0.00514882
0.00514882
0.00514882
0.00514882
0.00514882
0.00514882
0.00514882
0.00514882
0.00514882
0.00514882
0.00514882
0.00514882
0.00514882
0.00514882
0.00514882
0.00514882
0.00514882
0.00514882
0.00514882
0.00514882
0.00514882
0.00514882
0.00514882
0.00514882
0.00514882
0.00514882
0.00514882
0.00514882
0.00514882
0.00514882
0.00514882
0.00514882
0.00514882
0.00514882
0.00514882
0.00514882
0.00514882
0.00514882
0.00514882
0.00514882
0.00514882
0.00514882
0.00514882
0.00514882
0.00514882
0.00514882
0.00514882
0.00514882
0.00514882
0.00514882
0.00514882
0.00514882
0.00514882
0.00514882
0.00514882
0.00514882
0.00514882
0.00514882
0.00532959
0.00532959
0.00532959
0.00532959
0.00532959
0.00532959
0.00532959
0.00532959
0.00532959
0.00532959
0.00532959
0.00532959
0.00532959
0.00532959
0.00532959
0.00532959
0.00532959
0.00532959
0.00532959
0.00532959
0.00532959
0.00532959
0.00532959
0.00532959
0.00532959
0.00532959
0.00532959
0.00532959
0.00532959
0.00532959
0.00532959
0.00532959
0.00532959
0.00532959
0.00532959
0.00532959
0.00532959
0.00532959
0.00532959
0.00532959
0.00532959
0.00532959
0.00532959
0.00532959
0.00532959
0.00532959
0.00532959
0.00532959
0.00532959
0.00532959
0.00532959
0.00532959
0.00532959
0.00532959
0.00532959
0.00532959
0.00532959
0.00532959
0.00532959
0.00532959
0.00553602
0.00553602
0.00553602
0.00553603
0.00553603
0.00553603
0.00553603
0.00553603
0.00553603
0.00553603
0.00553603
0.00553603
0.00553603
0.00553603
0.00553603
0.00553603
0.00553603
0.00553603
0.00553603
0.00553603
0.00553603
0.00553603
0.00553603
0.00553603
0.00553602
0.00553602
0.00553602
0.00553602
0.00553602
0.00553602
0.00553602
0.00553602
0.00553602
0.00553602
0.00553602
0.00553602
0.00553603
0.00553603
0.00553603
0.00553603
0.00553603
0.00553603
0.00553603
0.00553603
0.00553603
0.00553603
0.00553603
0.00553603
0.00553603
0.00553603
0.00553603
0.00553603
0.00553603
0.00553603
0.00553603
0.00553603
0.00553603
0.00553602
0.00553602
0.00553602
0.00577421
0.00577421
0.00577421
0.00577421
0.00577421
0.00577421
0.00577421
0.00577421
0.00577421
0.00577421
0.00577421
0.00577421
0.00577421
0.00577421
0.00577421
0.00577421
0.00577421
0.00577421
0.00577421
0.00577421
0.00577421
0.00577421
0.00577421
0.00577421
0.00577421
0.00577421
0.00577421
0.00577421
0.00577421
0.00577421
0.00577421
0.00577421
0.00577421
0.00577421
0.00577421
0.00577421
0.00577421
0.00577421
0.00577421
0.00577421
0.00577421
0.00577421
0.00577421
0.00577421
0.00577421
0.00577421
0.00577421
0.00577421
0.00577421
0.00577421
0.00577421
0.00577421
0.00577421
0.00577421
0.00577421
0.00577421
0.00577421
0.00577421
0.00577421
0.00577421
0.00605233
0.00605233
0.00605233
0.00605233
0.00605233
0.00605233
0.00605233
0.00605233
0.00605233
0.00605233
0.00605233
0.00605233
0.00605233
0.00605233
0.00605233
0.00605233
0.00605233
0.00605233
0.00605233
0.00605233
0.00605233
0.00605233
0.00605233
0.00605233
0.00605233
0.00605233
0.00605233
0.00605233
0.00605233
0.00605233
0.00605233
0.00605233
0.00605233
0.00605233
0.00605233
0.00605233
0.00605233
0.00605233
0.00605233
0.00605233
0.00605233
0.00605233
0.00605233
0.00605233
0.00605233
0.00605233
0.00605233
0.00605233
0.00605233
0.00605233
0.00605233
0.00605233
0.00605233
0.00605233
0.00605233
0.00605233
0.00605233
0.00605233
0.00605233
0.00605233
0.00638171
0.00638171
0.00638171
0.00638171
0.00638171
0.00638171
0.00638171
0.00638171
0.00638171
0.00638171
0.00638171
0.00638171
0.00638171
0.00638171
0.00638171
0.00638171
0.00638171
0.00638171
0.00638171
0.00638171
0.00638171
0.00638171
0.00638171
0.00638171
0.00638171
0.00638171
0.00638171
0.00638171
0.00638171
0.00638171
0.00638171
0.00638171
0.00638171
0.00638171
0.00638171
0.00638171
0.00638171
0.00638171
0.00638171
0.00638171
0.00638171
0.00638171
0.00638171
0.00638171
0.00638171
0.00638171
0.00638171
0.00638171
0.00638171
0.00638171
0.00638171
0.00638171
0.00638171
0.00638171
0.00638171
0.00638171
0.00638171
0.00638171
0.00638171
0.00638171
0.0067783
0.00677831
0.00677831
0.00677831
0.00677831
0.00677831
0.00677831
0.00677831
0.00677831
0.00677831
0.00677831
0.00677831
0.00677831
0.00677831
0.00677831
0.00677831
0.00677831
0.00677831
0.00677831
0.00677831
0.00677831
0.00677831
0.00677831
0.00677831
0.00677831
0.00677831
0.00677831
0.00677831
0.00677831
0.00677831
0.00677831
0.00677831
0.00677831
0.00677831
0.00677831
0.00677831
0.00677831
0.00677831
0.00677831
0.00677831
0.00677831
0.00677831
0.00677831
0.00677831
0.00677831
0.00677831
0.00677831
0.00677831
0.00677831
0.00677831
0.00677831
0.00677831
0.00677831
0.00677831
0.00677831
0.00677831
0.00677831
0.00677831
0.00677831
0.0067783
0.00726504
0.00726504
0.00726504
0.00726504
0.00726504
0.00726504
0.00726504
0.00726504
0.00726504
0.00726504
0.00726504
0.00726504
0.00726504
0.00726504
0.00726504
0.00726504
0.00726504
0.00726504
0.00726504
0.00726504
0.00726504
0.00726504
0.00726504
0.00726504
0.00726504
0.00726504
0.00726504
0.00726504
0.00726504
0.00726504
0.00726504
0.00726504
0.00726504
0.00726504
0.00726504
0.00726504
0.00726504
0.00726504
0.00726504
0.00726504
0.00726504
0.00726504
0.00726504
0.00726504
0.00726504
0.00726504
0.00726504
0.00726504
0.00726504
0.00726504
0.00726504
0.00726504
0.00726504
0.00726504
0.00726504
0.00726504
0.00726504
0.00726504
0.00726504
0.00726504
0.00787514
0.00787514
0.00787515
0.00787515
0.00787515
0.00787515
0.00787515
0.00787515
0.00787515
0.00787515
0.00787515
0.00787515
0.00787515
0.00787515
0.00787515
0.00787515
0.00787515
0.00787515
0.00787515
0.00787515
0.00787515
0.00787515
0.00787515
0.00787515
0.00787515
0.00787515
0.00787515
0.00787515
0.00787515
0.00787515
0.00787515
0.00787515
0.00787515
0.00787515
0.00787515
0.00787515
0.00787515
0.00787515
0.00787515
0.00787515
0.00787515
0.00787515
0.00787515
0.00787515
0.00787515
0.00787515
0.00787515
0.00787515
0.00787515
0.00787515
0.00787515
0.00787515
0.00787515
0.00787515
0.00787515
0.00787515
0.00787515
0.00787515
0.00787514
0.00787514
0.00865639
0.00865639
0.00865639
0.00865639
0.00865639
0.00865639
0.00865639
0.00865639
0.00865639
0.00865639
0.00865639
0.00865639
0.00865639
0.00865639
0.00865639
0.00865639
0.00865639
0.00865639
0.00865639
0.00865639
0.00865639
0.00865639
0.00865639
0.00865639
0.00865639
0.00865639
0.00865639
0.00865639
0.00865639
0.00865639
0.00865639
0.00865639
0.00865639
0.00865639
0.00865639
0.00865639
0.00865639
0.00865639
0.00865639
0.00865639
0.00865639
0.00865639
0.00865639
0.00865639
0.00865639
0.00865639
0.00865639
0.00865639
0.00865639
0.00865639
0.00865639
0.00865639
0.00865639
0.00865639
0.00865639
0.00865639
0.00865639
0.00865639
0.00865639
0.00865639
0.00967493
0.00967493
0.00967493
0.00967493
0.00967493
0.00967493
0.00967493
0.00967493
0.00967493
0.00967493
0.00967493
0.00967493
0.00967493
0.00967493
0.00967493
0.00967493
0.00967493
0.00967493
0.00967493
0.00967493
0.00967493
0.00967493
0.00967493
0.00967493
0.00967493
0.00967493
0.00967493
0.00967493
0.00967493
0.00967493
0.00967493
0.00967493
0.00967493
0.00967493
0.00967493
0.00967493
0.00967493
0.00967493
0.00967493
0.00967493
0.00967493
0.00967493
0.00967493
0.00967493
0.00967493
0.00967493
0.00967493
0.00967493
0.00967493
0.00967493
0.00967493
0.00967493
0.00967493
0.00967493
0.00967493
0.00967493
0.00967493
0.00967493
0.00967493
0.00967493
0.0110159
0.0110159
0.0110159
0.0110159
0.0110159
0.0110159
0.0110159
0.0110159
0.0110159
0.0110159
0.0110159
0.0110159
0.0110159
0.0110159
0.0110159
0.0110159
0.0110159
0.0110159
0.0110159
0.0110159
0.0110159
0.0110159
0.0110159
0.0110159
0.0110159
0.0110159
0.0110159
0.0110159
0.0110159
0.0110159
0.0110159
0.0110159
0.0110159
0.0110159
0.0110159
0.0110159
0.0110159
0.0110159
0.0110159
0.0110159
0.0110159
0.0110159
0.0110159
0.0110159
0.0110159
0.0110159
0.0110159
0.0110159
0.0110159
0.0110159
0.0110159
0.0110159
0.0110159
0.0110159
0.0110159
0.0110159
0.0110159
0.0110159
0.0110159
0.0110159
0.0127758
0.0127758
0.0127758
0.0127758
0.0127758
0.0127759
0.0127759
0.0127759
0.0127759
0.0127759
0.0127759
0.0127759
0.0127759
0.0127759
0.0127759
0.0127759
0.0127759
0.0127759
0.0127758
0.0127758
0.0127758
0.0127758
0.0127758
0.0127758
0.0127758
0.0127758
0.0127758
0.0127758
0.0127758
0.0127758
0.0127758
0.0127758
0.0127758
0.0127758
0.0127758
0.0127758
0.0127758
0.0127758
0.0127758
0.0127758
0.0127758
0.0127758
0.0127759
0.0127759
0.0127759
0.0127759
0.0127759
0.0127759
0.0127759
0.0127759
0.0127759
0.0127759
0.0127759
0.0127759
0.0127759
0.0127758
0.0127758
0.0127758
0.0127758
0.0127758
0.0150444
0.0150444
0.0150444
0.0150444
0.0150444
0.0150444
0.0150444
0.0150444
0.0150444
0.0150444
0.0150444
0.0150444
0.0150444
0.0150444
0.0150444
0.0150444
0.0150444
0.0150444
0.0150444
0.0150444
0.0150444
0.0150444
0.0150444
0.0150444
0.0150444
0.0150444
0.0150444
0.0150444
0.0150444
0.0150444
0.0150444
0.0150444
0.0150444
0.0150444
0.0150444
0.0150444
0.0150444
0.0150444
0.0150444
0.0150444
0.0150444
0.0150444
0.0150444
0.0150444
0.0150444
0.0150444
0.0150444
0.0150444
0.0150444
0.0150444
0.0150444
0.0150444
0.0150444
0.0150444
0.0150444
0.0150444
0.0150444
0.0150444
0.0150444
0.0150444
0.0178781
0.0178781
0.0178781
0.0178781
0.0178781
0.0178781
0.0178781
0.0178781
0.0178781
0.0178781
0.0178781
0.0178781
0.0178781
0.0178781
0.0178781
0.0178781
0.0178781
0.0178781
0.0178781
0.0178781
0.0178781
0.0178781
0.0178781
0.0178781
0.0178781
0.0178781
0.0178781
0.0178781
0.0178781
0.0178781
0.0178781
0.0178781
0.0178781
0.0178781
0.0178781
0.0178781
0.0178781
0.0178781
0.0178781
0.0178781
0.0178781
0.0178781
0.0178781
0.0178781
0.0178781
0.0178781
0.0178781
0.0178781
0.0178781
0.0178781
0.0178781
0.0178781
0.0178781
0.0178781
0.0178781
0.0178781
0.0178781
0.0178781
0.0178781
0.0178781
0.0212809
0.0212809
0.0212809
0.0212809
0.0212809
0.0212809
0.0212809
0.0212809
0.0212809
0.0212809
0.0212809
0.0212809
0.0212809
0.0212809
0.0212809
0.0212809
0.0212809
0.0212809
0.0212809
0.0212809
0.0212809
0.0212809
0.0212809
0.0212809
0.0212809
0.0212809
0.0212809
0.0212809
0.0212809
0.0212809
0.0212809
0.0212809
0.0212809
0.0212809
0.0212809
0.0212809
0.0212809
0.0212809
0.0212809
0.0212809
0.0212809
0.0212809
0.0212809
0.0212809
0.0212809
0.0212809
0.0212809
0.0212809
0.0212809
0.0212809
0.0212809
0.0212809
0.0212809
0.0212809
0.0212809
0.0212809
0.0212809
0.0212809
0.0212809
0.0212809
0.025204
0.025204
0.025204
0.025204
0.025204
0.025204
0.025204
0.025204
0.025204
0.025204
0.025204
0.025204
0.025204
0.025204
0.025204
0.025204
0.025204
0.025204
0.025204
0.025204
0.025204
0.025204
0.025204
0.025204
0.025204
0.025204
0.025204
0.025204
0.025204
0.025204
0.025204
0.025204
0.025204
0.025204
0.025204
0.025204
0.025204
0.025204
0.025204
0.025204
0.025204
0.025204
0.025204
0.025204
0.025204
0.025204
0.025204
0.025204
0.025204
0.025204
0.025204
0.025204
0.025204
0.025204
0.025204
0.025204
0.025204
0.025204
0.025204
0.025204
0.0295665
0.0295665
0.0295665
0.0295665
0.0295665
0.0295665
0.0295665
0.0295665
0.0295665
0.0295665
0.0295665
0.0295665
0.0295665
0.0295665
0.0295665
0.0295665
0.0295665
0.0295665
0.0295665
0.0295665
0.0295665
0.0295665
0.0295665
0.0295665
0.0295665
0.0295665
0.0295665
0.0295665
0.0295665
0.0295665
0.0295665
0.0295665
0.0295665
0.0295665
0.0295665
0.0295665
0.0295665
0.0295665
0.0295665
0.0295665
0.0295665
0.0295665
0.0295665
0.0295665
0.0295665
0.0295665
0.0295665
0.0295665
0.0295665
0.0295665
0.0295665
0.0295665
0.0295665
0.0295665
0.0295665
0.0295665
0.0295665
0.0295665
0.0295665
0.0295665
0.0342834
0.0342834
0.0342834
0.0342834
0.0342834
0.0342834
0.0342834
0.0342834
0.0342834
0.0342834
0.0342834
0.0342834
0.0342834
0.0342834
0.0342834
0.0342834
0.0342834
0.0342834
0.0342834
0.0342834
0.0342834
0.0342834
0.0342834
0.0342834
0.0342834
0.0342834
0.0342834
0.0342834
0.0342834
0.0342834
0.0342834
0.0342834
0.0342834
0.0342834
0.0342834
0.0342834
0.0342834
0.0342834
0.0342834
0.0342834
0.0342834
0.0342834
0.0342834
0.0342834
0.0342834
0.0342834
0.0342834
0.0342834
0.0342834
0.0342834
0.0342834
0.0342834
0.0342834
0.0342834
0.0342834
0.0342834
0.0342834
0.0342834
0.0342834
0.0342834
0.0392856
0.0392856
0.0392856
0.0392856
0.0392856
0.0392856
0.0392856
0.0392856
0.0392856
0.0392856
0.0392856
0.0392856
0.0392856
0.0392856
0.0392856
0.0392856
0.0392856
0.0392856
0.0392856
0.0392856
0.0392856
0.0392856
0.0392856
0.0392856
0.0392856
0.0392856
0.0392856
0.0392856
0.0392856
0.0392856
0.0392856
0.0392856
0.0392856
0.0392856
0.0392856
0.0392856
0.0392856
0.0392856
0.0392856
0.0392856
0.0392856
0.0392856
0.0392856
0.0392856
0.0392856
0.0392856
0.0392856
0.0392856
0.0392856
0.0392856
0.0392856
0.0392856
0.0392856
0.0392856
0.0392856
0.0392856
0.0392856
0.0392856
0.0392856
0.0392856
0.0445266
0.0445266
0.0445266
0.0445266
0.0445266
0.0445266
0.0445266
0.0445266
0.0445266
0.0445266
0.0445266
0.0445266
0.0445266
0.0445266
0.0445266
0.0445266
0.0445266
0.0445266
0.0445266
0.0445266
0.0445266
0.0445266
0.0445266
0.0445266
0.0445266
0.0445266
0.0445266
0.0445266
0.0445266
0.0445266
0.0445266
0.0445266
0.0445266
0.0445266
0.0445266
0.0445266
0.0445266
0.0445266
0.0445266
0.0445266
0.0445266
0.0445266
0.0445266
0.0445266
0.0445266
0.0445266
0.0445266
0.0445266
0.0445266
0.0445266
0.0445266
0.0445266
0.0445266
0.0445266
0.0445266
0.0445266
0.0445266
0.0445266
0.0445266
0.0445266
0.0499789
0.0499789
0.0499789
0.0499789
0.0499789
0.0499789
0.0499789
0.0499789
0.0499789
0.0499789
0.0499789
0.0499789
0.0499789
0.0499789
0.0499789
0.0499789
0.0499789
0.0499789
0.0499789
0.0499789
0.0499789
0.0499789
0.0499789
0.0499789
0.0499789
0.0499789
0.0499789
0.0499789
0.0499789
0.0499789
0.0499789
0.0499789
0.0499789
0.0499789
0.0499789
0.0499789
0.0499789
0.0499789
0.0499789
0.0499789
0.0499789
0.0499789
0.0499789
0.0499789
0.0499789
0.0499789
0.0499789
0.0499789
0.0499789
0.0499789
0.0499789
0.0499789
0.0499789
0.0499789
0.0499789
0.0499789
0.0499789
0.0499789
0.0499789
0.0499789
0.0556286
0.0556286
0.0556286
0.0556286
0.0556286
0.0556286
0.0556286
0.0556286
0.0556286
0.0556286
0.0556286
0.0556286
0.0556286
0.0556286
0.0556286
0.0556286
0.0556286
0.0556286
0.0556286
0.0556286
0.0556286
0.0556286
0.0556286
0.0556286
0.0556286
0.0556286
0.0556286
0.0556286
0.0556286
0.0556286
0.0556286
0.0556286
0.0556286
0.0556286
0.0556286
0.0556286
0.0556286
0.0556286
0.0556286
0.0556286
0.0556286
0.0556286
0.0556286
0.0556286
0.0556286
0.0556286
0.0556286
0.0556286
0.0556286
0.0556286
0.0556286
0.0556286
0.0556286
0.0556286
0.0556286
0.0556286
0.0556286
0.0556286
0.0556286
0.0556286
0.0614699
0.0614699
0.0614699
0.0614699
0.0614699
0.0614699
0.0614699
0.0614699
0.0614699
0.0614699
0.0614699
0.0614699
0.0614699
0.0614699
0.0614699
0.0614699
0.0614699
0.0614699
0.0614699
0.0614699
0.0614699
0.0614699
0.0614699
0.0614699
0.0614699
0.0614699
0.0614699
0.0614699
0.0614699
0.0614699
0.0614699
0.0614699
0.0614699
0.0614699
0.0614699
0.0614699
0.0614699
0.0614699
0.0614699
0.0614699
0.0614699
0.0614699
0.0614699
0.0614699
0.0614699
0.0614699
0.0614699
0.0614699
0.0614699
0.0614699
0.0614699
0.0614699
0.0614699
0.0614699
0.0614699
0.0614699
0.0614699
0.0614699
0.0614699
0.0614699
0.0675014
0.0675014
0.0675014
0.0675014
0.0675014
0.0675014
0.0675014
0.0675014
0.0675014
0.0675014
0.0675014
0.0675014
0.0675014
0.0675014
0.0675014
0.0675014
0.0675014
0.0675014
0.0675014
0.0675014
0.0675014
0.0675014
0.0675014
0.0675014
0.0675014
0.0675014
0.0675014
0.0675014
0.0675014
0.0675014
0.0675014
0.0675014
0.0675014
0.0675014
0.0675014
0.0675014
0.0675014
0.0675014
0.0675014
0.0675014
0.0675014
0.0675014
0.0675014
0.0675014
0.0675014
0.0675014
0.0675014
0.0675014
0.0675014
0.0675014
0.0675014
0.0675014
0.0675014
0.0675014
0.0675014
0.0675014
0.0675014
0.0675014
0.0675014
0.0675014
0.0737245
0.0737245
0.0737245
0.0737245
0.0737245
0.0737245
0.0737245
0.0737245
0.0737245
0.0737245
0.0737245
0.0737245
0.0737245
0.0737245
0.0737245
0.0737245
0.0737245
0.0737245
0.0737245
0.0737245
0.0737245
0.0737245
0.0737245
0.0737245
0.0737245
0.0737245
0.0737245
0.0737245
0.0737245
0.0737245
0.0737245
0.0737245
0.0737245
0.0737245
0.0737245
0.0737245
0.0737245
0.0737245
0.0737245
0.0737245
0.0737245
0.0737245
0.0737245
0.0737245
0.0737245
0.0737245
0.0737245
0.0737245
0.0737245
0.0737245
0.0737245
0.0737245
0.0737245
0.0737245
0.0737245
0.0737245
0.0737245
0.0737245
0.0737245
0.0737245
0.0801421
0.0801421
0.0801421
0.0801421
0.0801421
0.0801421
0.0801421
0.0801421
0.0801421
0.0801421
0.0801421
0.0801421
0.0801421
0.0801421
0.0801421
0.0801421
0.0801421
0.0801421
0.0801421
0.0801421
0.0801421
0.0801421
0.0801421
0.0801421
0.0801421
0.0801421
0.0801421
0.0801421
0.0801421
0.0801421
0.0801421
0.0801421
0.0801421
0.0801421
0.0801421
0.0801421
0.0801421
0.0801421
0.0801421
0.0801421
0.0801421
0.0801421
0.0801421
0.0801421
0.0801421
0.0801421
0.0801421
0.0801421
0.0801421
0.0801421
0.0801421
0.0801421
0.0801421
0.0801421
0.0801421
0.0801421
0.0801421
0.0801421
0.0801421
0.0801421
0.086758
0.086758
0.086758
0.0867581
0.0867581
0.0867581
0.0867581
0.0867581
0.0867581
0.0867581
0.0867581
0.0867581
0.0867581
0.0867581
0.0867581
0.0867581
0.0867581
0.0867581
0.086758
0.086758
0.086758
0.086758
0.086758
0.086758
0.086758
0.086758
0.086758
0.086758
0.086758
0.086758
0.086758
0.086758
0.086758
0.086758
0.086758
0.086758
0.086758
0.086758
0.086758
0.086758
0.086758
0.086758
0.0867581
0.0867581
0.0867581
0.0867581
0.0867581
0.0867581
0.0867581
0.0867581
0.0867581
0.0867581
0.0867581
0.0867581
0.0867581
0.0867581
0.0867581
0.086758
0.086758
0.086758
0.093577
0.093577
0.093577
0.093577
0.093577
0.093577
0.093577
0.093577
0.093577
0.093577
0.093577
0.093577
0.093577
0.093577
0.093577
0.093577
0.093577
0.093577
0.093577
0.093577
0.093577
0.093577
0.093577
0.093577
0.093577
0.093577
0.093577
0.093577
0.093577
0.093577
0.093577
0.093577
0.093577
0.093577
0.093577
0.093577
0.093577
0.093577
0.093577
0.093577
0.093577
0.093577
0.093577
0.093577
0.093577
0.093577
0.093577
0.093577
0.093577
0.093577
0.093577
0.093577
0.093577
0.093577
0.093577
0.093577
0.093577
0.093577
0.093577
0.093577
0.100604
0.100604
0.100604
0.100604
0.100604
0.100604
0.100604
0.100604
0.100604
0.100604
0.100604
0.100604
0.100604
0.100604
0.100604
0.100604
0.100604
0.100604
0.100604
0.100604
0.100604
0.100604
0.100604
0.100604
0.100604
0.100604
0.100604
0.100604
0.100604
0.100604
0.100604
0.100604
0.100604
0.100604
0.100604
0.100604
0.100604
0.100604
0.100604
0.100604
0.100604
0.100604
0.100604
0.100604
0.100604
0.100604
0.100604
0.100604
0.100604
0.100604
0.100604
0.100604
0.100604
0.100604
0.100604
0.100604
0.100604
0.100604
0.100604
0.100604
0.107845
0.107845
0.107845
0.107845
0.107845
0.107845
0.107845
0.107845
0.107845
0.107845
0.107845
0.107845
0.107845
0.107845
0.107845
0.107845
0.107845
0.107845
0.107845
0.107845
0.107845
0.107845
0.107845
0.107845
0.107845
0.107845
0.107845
0.107845
0.107845
0.107845
0.107845
0.107845
0.107845
0.107845
0.107845
0.107845
0.107845
0.107845
0.107845
0.107845
0.107845
0.107845
0.107845
0.107845
0.107845
0.107845
0.107845
0.107845
0.107845
0.107845
0.107845
0.107845
0.107845
0.107845
0.107845
0.107845
0.107845
0.107845
0.107845
0.107845
0.115305
0.115305
0.115305
0.115305
0.115305
0.115305
0.115305
0.115305
0.115305
0.115305
0.115305
0.115305
0.115305
0.115305
0.115305
0.115305
0.115305
0.115305
0.115305
0.115305
0.115305
0.115305
0.115305
0.115305
0.115305
0.115305
0.115305
0.115305
0.115305
0.115305
0.115305
0.115305
0.115305
0.115305
0.115305
0.115305
0.115305
0.115305
0.115305
0.115305
0.115305
0.115305
0.115305
0.115305
0.115305
0.115305
0.115305
0.115305
0.115305
0.115305
0.115305
0.115305
0.115305
0.115305
0.115305
0.115305
0.115305
0.115305
0.115305
0.115305
0.122991
0.122991
0.122991
0.122991
0.122991
0.122991
0.122991
0.122991
0.122991
0.122991
0.122991
0.122991
0.122991
0.122991
0.122991
0.122991
0.122991
0.122991
0.122991
0.122991
0.122991
0.122991
0.122991
0.122991
0.122991
0.122991
0.122991
0.122991
0.122991
0.122991
0.122991
0.122991
0.122991
0.122991
0.122991
0.122991
0.122991
0.122991
0.122991
0.122991
0.122991
0.122991
0.122991
0.122991
0.122991
0.122991
0.122991
0.122991
0.122991
0.122991
0.122991
0.122991
0.122991
0.122991
0.122991
0.122991
0.122991
0.122991
0.122991
0.122991
0.130909
0.130909
0.130909
0.130909
0.130909
0.130909
0.130909
0.130909
0.130909
0.130909
0.130909
0.130909
0.130909
0.130909
0.130909
0.130909
0.130909
0.130909
0.130909
0.130909
0.130909
0.130909
0.130909
0.130909
0.130909
0.130909
0.130909
0.130909
0.130909
0.130909
0.130909
0.130909
0.130909
0.130909
0.130909
0.130909
0.130909
0.130909
0.130909
0.130909
0.130909
0.130909
0.130909
0.130909
0.130909
0.130909
0.130909
0.130909
0.130909
0.130909
0.130909
0.130909
0.130909
0.130909
0.130909
0.130909
0.130909
0.130909
0.130909
0.130909
0.139065
0.139065
0.139065
0.139065
0.139065
0.139065
0.139065
0.139065
0.139065
0.139065
0.139065
0.139065
0.139065
0.139065
0.139065
0.139065
0.139065
0.139065
0.139065
0.139065
0.139065
0.139065
0.139065
0.139065
0.139065
0.139065
0.139065
0.139065
0.139065
0.139065
0.139065
0.139065
0.139065
0.139065
0.139065
0.139065
0.139065
0.139065
0.139065
0.139065
0.139065
0.139065
0.139065
0.139065
0.139065
0.139065
0.139065
0.139065
0.139065
0.139065
0.139065
0.139065
0.139065
0.139065
0.139065
0.139065
0.139065
0.139065
0.139065
0.139065
0.147468
0.147468
0.147468
0.147468
0.147468
0.147468
0.147468
0.147468
0.147468
0.147468
0.147468
0.147468
0.147468
0.147468
0.147468
0.147468
0.147468
0.147468
0.147468
0.147468
0.147468
0.147468
0.147468
0.147468
0.147468
0.147468
0.147468
0.147468
0.147468
0.147468
0.147468
0.147468
0.147468
0.147468
0.147468
0.147468
0.147468
0.147468
0.147468
0.147468
0.147468
0.147468
0.147468
0.147468
0.147468
0.147468
0.147468
0.147468
0.147468
0.147468
0.147468
0.147468
0.147468
0.147468
0.147468
0.147468
0.147468
0.147468
0.147468
0.147468
0.156123
0.156123
0.156123
0.156123
0.156123
0.156123
0.156123
0.156123
0.156123
0.156123
0.156123
0.156123
0.156123
0.156123
0.156123
0.156123
0.156123
0.156123
0.156123
0.156123
0.156123
0.156123
0.156123
0.156123
0.156123
0.156123
0.156123
0.156123
0.156123
0.156123
0.156123
0.156123
0.156123
0.156123
0.156123
0.156123
0.156123
0.156123
0.156123
0.156123
0.156123
0.156123
0.156123
0.156123
0.156123
0.156123
0.156123
0.156123
0.156123
0.156123
0.156123
0.156123
0.156123
0.156123
0.156123
0.156123
0.156123
0.156123
0.156123
0.156123
0.165039
0.165039
0.165039
0.165039
0.165039
0.165039
0.165039
0.165039
0.165039
0.165039
0.165039
0.165039
0.165039
0.165039
0.165039
0.165039
0.165039
0.165039
0.165039
0.165039
0.165039
0.165039
0.165039
0.165039
0.165039
0.165039
0.165039
0.165039
0.165039
0.165039
0.165039
0.165039
0.165039
0.165039
0.165039
0.165039
0.165039
0.165039
0.165039
0.165039
0.165039
0.165039
0.165039
0.165039
0.165039
0.165039
0.165039
0.165039
0.165039
0.165039
0.165039
0.165039
0.165039
0.165039
0.165039
0.165039
0.165039
0.165039
0.165039
0.165039
0.174224
0.174224
0.174224
0.174224
0.174224
0.174224
0.174224
0.174224
0.174224
0.174224
0.174224
0.174224
0.174224
0.174224
0.174224
0.174224
0.174224
0.174224
0.174224
0.174224
0.174224
0.174224
0.174224
0.174224
0.174224
0.174223
0.174223
0.174223
0.174223
0.174223
0.174223
0.174223
0.174223
0.174223
0.174223
0.174224
0.174224
0.174224
0.174224
0.174224
0.174224
0.174224
0.174224
0.174224
0.174224
0.174224
0.174224
0.174224
0.174224
0.174224
0.174224
0.174224
0.174224
0.174224
0.174224
0.174224
0.174224
0.174224
0.174224
0.174224
0.183684
0.183684
0.183684
0.183684
0.183684
0.183684
0.183684
0.183684
0.183684
0.183684
0.183684
0.183684
0.183684
0.183684
0.183684
0.183684
0.183684
0.183684
0.183684
0.183684
0.183684
0.183684
0.183684
0.183684
0.183684
0.183684
0.183684
0.183684
0.183684
0.183684
0.183684
0.183684
0.183684
0.183684
0.183684
0.183684
0.183684
0.183684
0.183684
0.183684
0.183684
0.183684
0.183684
0.183684
0.183684
0.183684
0.183684
0.183684
0.183684
0.183684
0.183684
0.183684
0.183684
0.183684
0.183684
0.183684
0.183684
0.183684
0.183684
0.183684
0.193429
0.193429
0.193429
0.193429
0.193429
0.193429
0.193429
0.193429
0.193429
0.193429
0.193429
0.193429
0.193429
0.193429
0.193429
0.193429
0.193429
0.193429
0.193429
0.193429
0.193429
0.193429
0.193429
0.193429
0.193429
0.193429
0.193429
0.193429
0.193429
0.193429
0.193429
0.193429
0.193429
0.193429
0.193429
0.193429
0.193429
0.193429
0.193429
0.193429
0.193429
0.193429
0.193429
0.193429
0.193429
0.193429
0.193429
0.193429
0.193429
0.193429
0.193429
0.193429
0.193429
0.193429
0.193429
0.193429
0.193429
0.193429
0.193429
0.193429
0.203466
0.203466
0.203466
0.203466
0.203466
0.203466
0.203466
0.203466
0.203466
0.203466
0.203466
0.203466
0.203466
0.203466
0.203466
0.203466
0.203466
0.203466
0.203466
0.203466
0.203466
0.203466
0.203466
0.203466
0.203466
0.203466
0.203466
0.203466
0.203466
0.203466
0.203466
0.203466
0.203466
0.203466
0.203466
0.203466
0.203466
0.203466
0.203466
0.203466
0.203466
0.203466
0.203466
0.203466
0.203466
0.203466
0.203466
0.203466
0.203466
0.203466
0.203466
0.203466
0.203466
0.203466
0.203466
0.203466
0.203466
0.203466
0.203466
0.203466
0.213805
0.213805
0.213805
0.213805
0.213805
0.213805
0.213805
0.213805
0.213805
0.213805
0.213805
0.213805
0.213805
0.213805
0.213805
0.213805
0.213805
0.213805
0.213805
0.213805
0.213805
0.213805
0.213805
0.213805
0.213805
0.213805
0.213805
0.213805
0.213805
0.213805
0.213805
0.213805
0.213805
0.213805
0.213805
0.213805
0.213805
0.213805
0.213805
0.213805
0.213805
0.213805
0.213805
0.213805
0.213805
0.213805
0.213805
0.213805
0.213805
0.213805
0.213805
0.213805
0.213805
0.213805
0.213805
0.213805
0.213805
0.213805
0.213805
0.213805
0.224455
0.224455
0.224455
0.224455
0.224455
0.224455
0.224455
0.224455
0.224455
0.224455
0.224455
0.224455
0.224455
0.224455
0.224455
0.224455
0.224455
0.224455
0.224455
0.224455
0.224455
0.224455
0.224455
0.224455
0.224455
0.224455
0.224455
0.224455
0.224455
0.224455
0.224455
0.224455
0.224455
0.224455
0.224455
0.224455
0.224455
0.224455
0.224455
0.224455
0.224455
0.224455
0.224455
0.224455
0.224455
0.224455
0.224455
0.224455
0.224455
0.224455
0.224455
0.224455
0.224455
0.224455
0.224455
0.224455
0.224455
0.224455
0.224455
0.224455
0.235425
0.235425
0.235425
0.235425
0.235425
0.235425
0.235425
0.235425
0.235425
0.235425
0.235425
0.235425
0.235425
0.235425
0.235425
0.235425
0.235425
0.235425
0.235425
0.235425
0.235425
0.235425
0.235425
0.235425
0.235425
0.235425
0.235425
0.235425
0.235425
0.235425
0.235425
0.235425
0.235425
0.235425
0.235425
0.235425
0.235425
0.235425
0.235425
0.235425
0.235425
0.235425
0.235425
0.235425
0.235425
0.235425
0.235425
0.235425
0.235425
0.235425
0.235425
0.235425
0.235425
0.235425
0.235425
0.235425
0.235425
0.235425
0.235425
0.235425
0.246724
0.246724
0.246724
0.246724
0.246724
0.246724
0.246724
0.246724
0.246724
0.246724
0.246724
0.246724
0.246724
0.246724
0.246724
0.246724
0.246724
0.246724
0.246724
0.246724
0.246724
0.246724
0.246724
0.246724
0.246724
0.246724
0.246724
0.246724
0.246724
0.246724
0.246724
0.246724
0.246724
0.246724
0.246724
0.246724
0.246724
0.246724
0.246724
0.246724
0.246724
0.246724
0.246724
0.246724
0.246724
0.246724
0.246724
0.246724
0.246724
0.246724
0.246724
0.246724
0.246724
0.246724
0.246724
0.246724
0.246724
0.246724
0.246724
0.246724
0.258362
0.258362
0.258362
0.258362
0.258362
0.258362
0.258362
0.258362
0.258362
0.258362
0.258362
0.258362
0.258362
0.258362
0.258362
0.258362
0.258362
0.258362
0.258362
0.258362
0.258362
0.258362
0.258362
0.258362
0.258362
0.258362
0.258362
0.258362
0.258362
0.258362
0.258362
0.258362
0.258362
0.258362
0.258362
0.258362
0.258362
0.258362
0.258362
0.258362
0.258362
0.258362
0.258362
0.258362
0.258362
0.258362
0.258362
0.258362
0.258362
0.258362
0.258362
0.258362
0.258362
0.258362
0.258362
0.258362
0.258362
0.258362
0.258362
0.258362
0.27035
0.27035
0.27035
0.27035
0.27035
0.27035
0.27035
0.27035
0.27035
0.27035
0.27035
0.27035
0.27035
0.27035
0.27035
0.27035
0.27035
0.27035
0.27035
0.27035
0.27035
0.27035
0.27035
0.27035
0.27035
0.27035
0.27035
0.27035
0.27035
0.27035
0.27035
0.27035
0.27035
0.27035
0.27035
0.27035
0.27035
0.27035
0.27035
0.27035
0.27035
0.27035
0.27035
0.27035
0.27035
0.27035
0.27035
0.27035
0.27035
0.27035
0.27035
0.27035
0.27035
0.27035
0.27035
0.27035
0.27035
0.27035
0.27035
0.27035
0.282698
0.282698
0.282698
0.282698
0.282698
0.282698
0.282698
0.282698
0.282698
0.282698
0.282698
0.282698
0.282698
0.282698
0.282698
0.282698
0.282698
0.282698
0.282698
0.282698
0.282698
0.282698
0.282698
0.282698
0.282698
0.282698
0.282698
0.282698
0.282698
0.282698
0.282698
0.282698
0.282698
0.282698
0.282698
0.282698
0.282698
0.282698
0.282698
0.282698
0.282698
0.282698
0.282698
0.282698
0.282698
0.282698
0.282698
0.282698
0.282698
0.282698
0.282698
0.282698
0.282698
0.282698
0.282698
0.282698
0.282698
0.282698
0.282698
0.282698
0.295416
0.295416
0.295416
0.295416
0.295416
0.295416
0.295416
0.295416
0.295416
0.295416
0.295416
0.295416
0.295416
0.295416
0.295416
0.295416
0.295416
0.295416
0.295416
0.295416
0.295416
0.295416
0.295416
0.295416
0.295416
0.295416
0.295416
0.295416
0.295416
0.295416
0.295416
0.295416
0.295416
0.295416
0.295416
0.295416
0.295416
0.295416
0.295416
0.295416
0.295416
0.295416
0.295416
0.295416
0.295416
0.295416
0.295416
0.295416
0.295416
0.295416
0.295416
0.295416
0.295416
0.295416
0.295416
0.295416
0.295416
0.295416
0.295416
0.295416
0.308517
0.308517
0.308517
0.308517
0.308517
0.308517
0.308517
0.308517
0.308517
0.308517
0.308517
0.308517
0.308517
0.308517
0.308517
0.308517
0.308517
0.308517
0.308517
0.308517
0.308517
0.308517
0.308517
0.308517
0.308517
0.308517
0.308517
0.308517
0.308517
0.308517
0.308517
0.308517
0.308517
0.308517
0.308517
0.308517
0.308517
0.308517
0.308517
0.308517
0.308517
0.308517
0.308517
0.308517
0.308517
0.308517
0.308517
0.308517
0.308517
0.308517
0.308517
0.308517
0.308517
0.308517
0.308517
0.308517
0.308517
0.308517
0.308517
0.308517
0.32201
0.32201
0.32201
0.32201
0.32201
0.32201
0.32201
0.32201
0.32201
0.32201
0.32201
0.32201
0.32201
0.32201
0.32201
0.32201
0.32201
0.32201
0.32201
0.32201
0.32201
0.32201
0.32201
0.32201
0.32201
0.32201
0.32201
0.32201
0.32201
0.32201
0.32201
0.32201
0.32201
0.32201
0.32201
0.32201
0.32201
0.32201
0.32201
0.32201
0.32201
0.32201
0.32201
0.32201
0.32201
0.32201
0.32201
0.32201
0.32201
0.32201
0.32201
0.32201
0.32201
0.32201
0.32201
0.32201
0.32201
0.32201
0.32201
0.32201
0.335909
0.335909
0.335909
0.335909
0.335909
0.335909
0.335909
0.335909
0.335909
0.335909
0.335909
0.335909
0.335909
0.335909
0.335909
0.335909
0.335909
0.335909
0.335909
0.335909
0.335909
0.335909
0.335909
0.335909
0.335909
0.335909
0.335909
0.335909
0.335909
0.335909
0.335909
0.335909
0.335909
0.335909
0.335909
0.335909
0.335909
0.335909
0.335909
0.335909
0.335909
0.335909
0.335909
0.335909
0.335909
0.335909
0.335909
0.335909
0.335909
0.335909
0.335909
0.335909
0.335909
0.335909
0.335909
0.335909
0.335909
0.335909
0.335909
0.335909
0.350225
0.350225
0.350225
0.350225
0.350225
0.350225
0.350225
0.350225
0.350225
0.350225
0.350225
0.350225
0.350225
0.350225
0.350225
0.350225
0.350225
0.350225
0.350225
0.350225
0.350225
0.350225
0.350225
0.350225
0.350225
0.350225
0.350225
0.350225
0.350225
0.350225
0.350225
0.350225
0.350225
0.350225
0.350225
0.350225
0.350225
0.350225
0.350225
0.350225
0.350225
0.350225
0.350225
0.350225
0.350225
0.350225
0.350225
0.350225
0.350225
0.350225
0.350225
0.350225
0.350225
0.350225
0.350225
0.350225
0.350225
0.350225
0.350225
0.350225
0.364971
0.364971
0.364971
0.364971
0.364971
0.364971
0.364971
0.364971
0.364971
0.364971
0.364971
0.364971
0.364971
0.364971
0.364971
0.364971
0.364971
0.364971
0.364971
0.364971
0.364971
0.364971
0.364971
0.364971
0.364971
0.364971
0.364971
0.364971
0.364971
0.364971
0.364971
0.364971
0.364971
0.364971
0.364971
0.364971
0.364971
0.364971
0.364971
0.364971
0.364971
0.364971
0.364971
0.364971
0.364971
0.364971
0.364971
0.364971
0.364971
0.364971
0.364971
0.364971
0.364971
0.364971
0.364971
0.364971
0.364971
0.364971
0.364971
0.364971
0.380159
0.380159
0.380159
0.380159
0.380159
0.380159
0.380159
0.380159
0.380159
0.380159
0.380159
0.380159
0.380159
0.380159
0.380159
0.380159
0.380159
0.380159
0.380159
0.380159
0.380159
0.380159
0.380159
0.380159
0.380159
0.380159
0.380159
0.380159
0.380159
0.380159
0.380159
0.380159
0.380159
0.380159
0.380159
0.380159
0.380159
0.380159
0.380159
0.380159
0.380159
0.380159
0.380159
0.380159
0.380159
0.380159
0.380159
0.380159
0.380159
0.380159
0.380159
0.380159
0.380159
0.380159
0.380159
0.380159
0.380159
0.380159
0.380159
0.380159
0.395804
0.395804
0.395804
0.395804
0.395804
0.395804
0.395804
0.395804
0.395804
0.395804
0.395804
0.395804
0.395803
0.395803
0.395803
0.395803
0.395803
0.395803
0.395803
0.395803
0.395803
0.395803
0.395803
0.395803
0.395803
0.395803
0.395803
0.395803
0.395803
0.395803
0.395803
0.395803
0.395803
0.395803
0.395803
0.395803
0.395803
0.395803
0.395803
0.395803
0.395803
0.395803
0.395803
0.395803
0.395803
0.395803
0.395803
0.395803
0.395804
0.395804
0.395804
0.395804
0.395804
0.395804
0.395804
0.395804
0.395804
0.395804
0.395804
0.395804
0.411918
0.411918
0.411918
0.411918
0.411918
0.411918
0.411918
0.411917
0.411917
0.411917
0.411917
0.411917
0.411917
0.411917
0.411917
0.411917
0.411917
0.411917
0.411917
0.411917
0.411917
0.411917
0.411917
0.411917
0.411917
0.411917
0.411917
0.411917
0.411917
0.411917
0.411917
0.411917
0.411917
0.411917
0.411917
0.411917
0.411917
0.411917
0.411917
0.411917
0.411917
0.411917
0.411917
0.411917
0.411917
0.411917
0.411917
0.411917
0.411917
0.411917
0.411917
0.411917
0.411917
0.411918
0.411918
0.411918
0.411918
0.411918
0.411918
0.411918
0.428515
0.428515
0.428515
0.428515
0.428515
0.428515
0.428515
0.428515
0.428515
0.428515
0.428515
0.428515
0.428515
0.428515
0.428515
0.428515
0.428515
0.428515
0.428515
0.428515
0.428515
0.428515
0.428515
0.428515
0.428515
0.428515
0.428515
0.428515
0.428515
0.428515
0.428515
0.428515
0.428515
0.428515
0.428515
0.428515
0.428515
0.428515
0.428515
0.428515
0.428515
0.428515
0.428515
0.428515
0.428515
0.428515
0.428515
0.428515
0.428515
0.428515
0.428515
0.428515
0.428515
0.428515
0.428515
0.428515
0.428515
0.428515
0.428515
0.428515
0.445611
0.445611
0.445611
0.445611
0.445611
0.445611
0.445611
0.445611
0.445611
0.445611
0.445611
0.445611
0.445611
0.445611
0.445611
0.445611
0.445611
0.445611
0.445611
0.445611
0.445611
0.445611
0.445611
0.445611
0.445611
0.445611
0.445611
0.445611
0.445611
0.445611
0.445611
0.445611
0.445611
0.445611
0.445611
0.445611
0.445611
0.445611
0.445611
0.445611
0.445611
0.445611
0.445611
0.445611
0.445611
0.445611
0.445611
0.445611
0.445611
0.445611
0.445611
0.445611
0.445611
0.445611
0.445611
0.445611
0.445611
0.445611
0.445611
0.445611
0.46322
0.46322
0.46322
0.46322
0.46322
0.46322
0.46322
0.46322
0.46322
0.46322
0.46322
0.46322
0.46322
0.46322
0.46322
0.46322
0.46322
0.46322
0.46322
0.46322
0.46322
0.46322
0.46322
0.46322
0.46322
0.46322
0.46322
0.46322
0.46322
0.46322
0.46322
0.46322
0.46322
0.46322
0.46322
0.46322
0.46322
0.46322
0.46322
0.46322
0.46322
0.46322
0.46322
0.46322
0.46322
0.46322
0.46322
0.46322
0.46322
0.46322
0.46322
0.46322
0.46322
0.46322
0.46322
0.46322
0.46322
0.46322
0.46322
0.46322
0.481358
0.481358
0.481358
0.481358
0.481358
0.481358
0.481358
0.481358
0.481357
0.481357
0.481357
0.481357
0.481357
0.481357
0.481357
0.481357
0.481357
0.481357
0.481357
0.481357
0.481357
0.481357
0.481357
0.481357
0.481357
0.481357
0.481357
0.481357
0.481357
0.481357
0.481357
0.481357
0.481357
0.481357
0.481357
0.481357
0.481357
0.481357
0.481357
0.481357
0.481357
0.481357
0.481357
0.481357
0.481357
0.481357
0.481357
0.481357
0.481357
0.481357
0.481357
0.481357
0.481358
0.481358
0.481358
0.481358
0.481358
0.481358
0.481358
0.481358
0.50004
0.50004
0.50004
0.50004
0.50004
0.50004
0.50004
0.50004
0.500039
0.500039
0.500039
0.500039
0.500039
0.500039
0.500039
0.500039
0.500039
0.500039
0.500039
0.500039
0.500039
0.500039
0.500039
0.500039
0.500039
0.500039
0.500039
0.500039
0.500039
0.500039
0.500039
0.500039
0.500039
0.500039
0.500039
0.500039
0.500039
0.500039
0.500039
0.500039
0.500039
0.500039
0.500039
0.500039
0.500039
0.500039
0.500039
0.500039
0.500039
0.500039
0.500039
0.500039
0.50004
0.50004
0.50004
0.50004
0.50004
0.50004
0.50004
0.50004
0.519283
0.519282
0.519282
0.519282
0.519282
0.519282
0.519282
0.519282
0.519282
0.519282
0.519282
0.519282
0.519282
0.519282
0.519282
0.519282
0.519282
0.519282
0.519282
0.519282
0.519282
0.519282
0.519282
0.519282
0.519282
0.519282
0.519282
0.519282
0.519282
0.519282
0.519282
0.519282
0.519282
0.519282
0.519282
0.519282
0.519282
0.519282
0.519282
0.519282
0.519282
0.519282
0.519282
0.519282
0.519282
0.519282
0.519282
0.519282
0.519282
0.519282
0.519282
0.519282
0.519282
0.519282
0.519282
0.519282
0.519282
0.519282
0.519282
0.519283
0.539103
0.539103
0.539103
0.539103
0.539103
0.539103
0.539103
0.539103
0.539103
0.539103
0.539103
0.539103
0.539103
0.539103
0.539102
0.539102
0.539102
0.539102
0.539102
0.539102
0.539102
0.539102
0.539102
0.539102
0.539102
0.539102
0.539102
0.539102
0.539102
0.539102
0.539102
0.539102
0.539102
0.539102
0.539102
0.539102
0.539102
0.539102
0.539102
0.539102
0.539102
0.539102
0.539102
0.539102
0.539102
0.539102
0.539103
0.539103
0.539103
0.539103
0.539103
0.539103
0.539103
0.539103
0.539103
0.539103
0.539103
0.539103
0.539103
0.539103
0.559518
0.559518
0.559518
0.559518
0.559518
0.559518
0.559518
0.559518
0.559518
0.559518
0.559518
0.559518
0.559518
0.559518
0.559518
0.559518
0.559518
0.559518
0.559518
0.559518
0.559518
0.559518
0.559518
0.559518
0.559518
0.559518
0.559518
0.559518
0.559518
0.559518
0.559518
0.559518
0.559518
0.559518
0.559518
0.559518
0.559518
0.559518
0.559518
0.559518
0.559518
0.559518
0.559518
0.559518
0.559518
0.559518
0.559518
0.559518
0.559518
0.559518
0.559518
0.559518
0.559518
0.559518
0.559518
0.559518
0.559518
0.559518
0.559518
0.559518
0.580547
0.580546
0.580546
0.580546
0.580546
0.580546
0.580546
0.580546
0.580546
0.580546
0.580546
0.580546
0.580546
0.580546
0.580546
0.580546
0.580546
0.580546
0.580546
0.580546
0.580546
0.580546
0.580546
0.580546
0.580546
0.580546
0.580546
0.580546
0.580546
0.580546
0.580546
0.580546
0.580546
0.580546
0.580546
0.580546
0.580546
0.580546
0.580546
0.580546
0.580546
0.580546
0.580546
0.580546
0.580546
0.580546
0.580546
0.580546
0.580546
0.580546
0.580546
0.580546
0.580546
0.580546
0.580546
0.580546
0.580546
0.580546
0.580546
0.580547
0.602206
0.602206
0.602206
0.602206
0.602206
0.602206
0.602206
0.602205
0.602205
0.602205
0.602205
0.602205
0.602205
0.602205
0.602205
0.602205
0.602205
0.602205
0.602205
0.602205
0.602205
0.602205
0.602205
0.602205
0.602205
0.602205
0.602205
0.602205
0.602205
0.602205
0.602205
0.602205
0.602205
0.602205
0.602205
0.602205
0.602205
0.602205
0.602205
0.602205
0.602205
0.602205
0.602205
0.602205
0.602205
0.602205
0.602205
0.602205
0.602205
0.602205
0.602205
0.602205
0.602205
0.602206
0.602206
0.602206
0.602206
0.602206
0.602206
0.602206
0.624516
0.624515
0.624515
0.624515
0.624515
0.624515
0.624515
0.624515
0.624515
0.624515
0.624515
0.624515
0.624515
0.624515
0.624515
0.624515
0.624515
0.624515
0.624515
0.624514
0.624514
0.624514
0.624514
0.624514
0.624514
0.624514
0.624514
0.624514
0.624514
0.624514
0.624514
0.624514
0.624514
0.624514
0.624514
0.624514
0.624514
0.624514
0.624514
0.624514
0.624514
0.624515
0.624515
0.624515
0.624515
0.624515
0.624515
0.624515
0.624515
0.624515
0.624515
0.624515
0.624515
0.624515
0.624515
0.624515
0.624515
0.624515
0.624515
0.624516
0.647495
0.647495
0.647494
0.647494
0.647494
0.647494
0.647494
0.647494
0.647494
0.647494
0.647494
0.647494
0.647494
0.647494
0.647494
0.647494
0.647494
0.647494
0.647494
0.647494
0.647493
0.647493
0.647493
0.647493
0.647493
0.647493
0.647493
0.647493
0.647493
0.647493
0.647493
0.647493
0.647493
0.647493
0.647493
0.647493
0.647493
0.647493
0.647493
0.647493
0.647494
0.647494
0.647494
0.647494
0.647494
0.647494
0.647494
0.647494
0.647494
0.647494
0.647494
0.647494
0.647494
0.647494
0.647494
0.647494
0.647494
0.647494
0.647495
0.647495
0.671164
0.671163
0.671163
0.671163
0.671163
0.671163
0.671163
0.671163
0.671163
0.671163
0.671163
0.671163
0.671162
0.671162
0.671162
0.671162
0.671162
0.671162
0.671162
0.671162
0.671162
0.671162
0.671162
0.671162
0.671162
0.671162
0.671162
0.671162
0.671162
0.671162
0.671162
0.671162
0.671162
0.671162
0.671162
0.671162
0.671162
0.671162
0.671162
0.671162
0.671162
0.671162
0.671162
0.671162
0.671162
0.671162
0.671162
0.671162
0.671163
0.671163
0.671163
0.671163
0.671163
0.671163
0.671163
0.671163
0.671163
0.671163
0.671163
0.671164
0.695543
0.695542
0.695542
0.695542
0.695542
0.695542
0.695542
0.695542
0.695542
0.695542
0.695542
0.695542
0.695542
0.695541
0.695541
0.695541
0.695541
0.695541
0.695541
0.695541
0.695541
0.695541
0.695541
0.695541
0.695541
0.695541
0.695541
0.695541
0.695541
0.695541
0.695541
0.695541
0.695541
0.695541
0.695541
0.695541
0.695541
0.695541
0.695541
0.695541
0.695541
0.695541
0.695541
0.695541
0.695541
0.695541
0.695541
0.695542
0.695542
0.695542
0.695542
0.695542
0.695542
0.695542
0.695542
0.695542
0.695542
0.695542
0.695542
0.695543
0.720654
0.720653
0.720653
0.720653
0.720653
0.720653
0.720652
0.720652
0.720652
0.720652
0.720652
0.720652
0.720652
0.720652
0.720652
0.720652
0.720652
0.720652
0.720652
0.720652
0.720652
0.720652
0.720652
0.720652
0.720652
0.720652
0.720652
0.720652
0.720652
0.720652
0.720652
0.720652
0.720652
0.720652
0.720652
0.720652
0.720652
0.720652
0.720652
0.720652
0.720652
0.720652
0.720652
0.720652
0.720652
0.720652
0.720652
0.720652
0.720652
0.720652
0.720652
0.720652
0.720652
0.720652
0.720653
0.720653
0.720653
0.720653
0.720653
0.720654
0.746517
0.746517
0.746517
0.746516
0.746516
0.746516
0.746516
0.746516
0.746516
0.746516
0.746516
0.746516
0.746516
0.746516
0.746516
0.746516
0.746516
0.746515
0.746515
0.746515
0.746515
0.746515
0.746515
0.746515
0.746515
0.746515
0.746515
0.746515
0.746515
0.746515
0.746515
0.746515
0.746515
0.746515
0.746515
0.746515
0.746515
0.746515
0.746515
0.746515
0.746515
0.746515
0.746515
0.746516
0.746516
0.746516
0.746516
0.746516
0.746516
0.746516
0.746516
0.746516
0.746516
0.746516
0.746516
0.746516
0.746516
0.746517
0.746517
0.746517
0.773155
0.773155
0.773155
0.773155
0.773155
0.773155
0.773154
0.773154
0.773154
0.773154
0.773154
0.773154
0.773154
0.773154
0.773154
0.773154
0.773154
0.773154
0.773154
0.773154
0.773154
0.773154
0.773154
0.773154
0.773154
0.773154
0.773154
0.773154
0.773154
0.773154
0.773154
0.773154
0.773154
0.773154
0.773154
0.773154
0.773154
0.773154
0.773154
0.773154
0.773154
0.773154
0.773154
0.773154
0.773154
0.773154
0.773154
0.773154
0.773154
0.773154
0.773154
0.773154
0.773154
0.773154
0.773155
0.773155
0.773155
0.773155
0.773155
0.773155
0.800589
0.800589
0.80059
0.80059
0.800589
0.800589
0.800589
0.800589
0.800589
0.800589
0.800589
0.800589
0.800589
0.800589
0.800589
0.800588
0.800588
0.800588
0.800588
0.800588
0.800588
0.800588
0.800588
0.800588
0.800588
0.800588
0.800588
0.800588
0.800588
0.800588
0.800588
0.800588
0.800588
0.800588
0.800588
0.800588
0.800588
0.800588
0.800588
0.800588
0.800588
0.800588
0.800588
0.800588
0.800588
0.800589
0.800589
0.800589
0.800589
0.800589
0.800589
0.800589
0.800589
0.800589
0.800589
0.800589
0.80059
0.80059
0.800589
0.800589
0.828838
0.82884
0.828841
0.828841
0.828841
0.828841
0.82884
0.82884
0.82884
0.82884
0.82884
0.82884
0.82884
0.82884
0.82884
0.82884
0.82884
0.82884
0.82884
0.82884
0.82884
0.82884
0.82884
0.82884
0.82884
0.82884
0.82884
0.82884
0.82884
0.82884
0.82884
0.82884
0.82884
0.82884
0.82884
0.82884
0.82884
0.82884
0.82884
0.82884
0.82884
0.82884
0.82884
0.82884
0.82884
0.82884
0.82884
0.82884
0.82884
0.82884
0.82884
0.82884
0.82884
0.82884
0.828841
0.828841
0.828841
0.828841
0.82884
0.828838
0.857922
0.857927
0.857929
0.857929
0.857929
0.857929
0.857929
0.857928
0.857928
0.857928
0.857928
0.857928
0.857928
0.857928
0.857928
0.857928
0.857928
0.857928
0.857928
0.857928
0.857928
0.857928
0.857928
0.857928
0.857928
0.857928
0.857928
0.857928
0.857928
0.857928
0.857928
0.857928
0.857928
0.857928
0.857928
0.857928
0.857928
0.857928
0.857928
0.857928
0.857928
0.857928
0.857928
0.857928
0.857928
0.857928
0.857928
0.857928
0.857928
0.857928
0.857928
0.857928
0.857928
0.857929
0.857929
0.857929
0.857929
0.857929
0.857927
0.857922
0.887862
0.887872
0.887875
0.887875
0.887875
0.887875
0.887875
0.887875
0.887875
0.887874
0.887874
0.887874
0.887874
0.887874
0.887874
0.887874
0.887874
0.887874
0.887874
0.887874
0.887874
0.887874
0.887874
0.887874
0.887874
0.887874
0.887874
0.887874
0.887874
0.887874
0.887874
0.887874
0.887874
0.887874
0.887874
0.887874
0.887874
0.887874
0.887874
0.887874
0.887874
0.887874
0.887874
0.887874
0.887874
0.887874
0.887874
0.887874
0.887874
0.887874
0.887874
0.887875
0.887875
0.887875
0.887875
0.887875
0.887875
0.887875
0.887872
0.887862
0.918684
0.918699
0.918705
0.918706
0.918705
0.918705
0.918705
0.918705
0.918705
0.918705
0.918705
0.918705
0.918705
0.918705
0.918705
0.918705
0.918705
0.918705
0.918705
0.918705
0.918705
0.918705
0.918705
0.918705
0.918705
0.918705
0.918705
0.918705
0.918705
0.918705
0.918705
0.918705
0.918705
0.918705
0.918705
0.918705
0.918705
0.918705
0.918705
0.918705
0.918705
0.918705
0.918705
0.918705
0.918705
0.918705
0.918705
0.918705
0.918705
0.918705
0.918705
0.918705
0.918705
0.918705
0.918705
0.918705
0.918706
0.918705
0.918699
0.918684
0.950435
0.950455
0.950463
0.950465
0.950465
0.950465
0.950465
0.950465
0.950465
0.950465
0.950465
0.950465
0.950465
0.950465
0.950465
0.950465
0.950465
0.950465
0.950465
0.950465
0.950465
0.950465
0.950465
0.950465
0.950465
0.950465
0.950465
0.950465
0.950465
0.950465
0.950465
0.950465
0.950465
0.950465
0.950465
0.950465
0.950465
0.950465
0.950465
0.950465
0.950465
0.950465
0.950465
0.950465
0.950465
0.950465
0.950465
0.950465
0.950465
0.950465
0.950465
0.950465
0.950465
0.950465
0.950465
0.950465
0.950465
0.950463
0.950455
0.950435
0.983235
0.983252
0.98326
0.983263
0.983263
0.983263
0.983263
0.983263
0.983263
0.983263
0.983263
0.983263
0.983263
0.983263
0.983263
0.983263
0.983263
0.983263
0.983263
0.983263
0.983263
0.983263
0.983263
0.983263
0.983263
0.983263
0.983263
0.983263
0.983263
0.983263
0.983263
0.983263
0.983263
0.983263
0.983263
0.983263
0.983263
0.983263
0.983263
0.983263
0.983263
0.983263
0.983263
0.983263
0.983263
0.983263
0.983263
0.983263
0.983263
0.983263
0.983263
0.983263
0.983263
0.983263
0.983263
0.983263
0.983263
0.98326
0.983252
0.983235
)
;

boundaryField
{
    top
    {
        type            fixedValue;
        value           uniform 1;
    }
    bottom
    {
        type            fixedValue;
        value           uniform 1;
    }
    wall
    {
        type            zeroGradient;
    }
    frontAndBack
    {
        type            empty;
    }
}


// ************************************************************************* //
