/*--------------------------------*- C++ -*----------------------------------*\
| =========                 |                                                 |
| \\      /  F ield         | foam-extend: Open Source CFD                    |
|  \\    /   O peration     | Version:     4.0                                |
|   \\  /    A nd           | Web:         http://www.foam-extend.org         |
|    \\/     M anipulation  |                                                 |
\*---------------------------------------------------------------------------*/
FoamFile
{
    version     2.0;
    format      ascii;
    class       volScalarField;
    location    "1680";
    object      cPlus;
}
// * * * * * * * * * * * * * * * * * * * * * * * * * * * * * * * * * * * * * //

dimensions      [0 0 0 0 0 0 0];

internalField   nonuniform List<scalar> 
6960
(
0.269372
0.269337
0.26933
0.269329
0.269331
0.269332
0.269334
0.269335
0.269336
0.269338
0.269339
0.26934
0.269341
0.269341
0.269342
0.269343
0.269343
0.269344
0.269344
0.269345
0.269345
0.269345
0.269346
0.269346
0.269346
0.269346
0.269346
0.269347
0.269347
0.269347
0.269347
0.269347
0.269347
0.269346
0.269346
0.269346
0.269346
0.269346
0.269345
0.269345
0.269345
0.269344
0.269344
0.269343
0.269343
0.269342
0.269341
0.269341
0.26934
0.269339
0.269338
0.269336
0.269335
0.269334
0.269332
0.269331
0.269329
0.26933
0.269337
0.269372
0.105332
0.105337
0.105339
0.10534
0.105341
0.105342
0.105343
0.105344
0.105345
0.105345
0.105346
0.105347
0.105347
0.105348
0.105348
0.105348
0.105349
0.105349
0.105349
0.105349
0.10535
0.10535
0.10535
0.10535
0.10535
0.10535
0.10535
0.10535
0.10535
0.105351
0.105351
0.10535
0.10535
0.10535
0.10535
0.10535
0.10535
0.10535
0.10535
0.10535
0.105349
0.105349
0.105349
0.105349
0.105348
0.105348
0.105348
0.105347
0.105347
0.105346
0.105345
0.105345
0.105344
0.105343
0.105342
0.105341
0.10534
0.105339
0.105337
0.105332
0.0749844
0.075009
0.0750149
0.075017
0.0750182
0.075019
0.0750197
0.0750203
0.0750208
0.0750213
0.0750216
0.075022
0.0750223
0.0750226
0.0750228
0.075023
0.0750232
0.0750234
0.0750235
0.0750237
0.0750238
0.0750239
0.075024
0.075024
0.0750241
0.0750242
0.0750242
0.0750242
0.0750242
0.0750243
0.0750243
0.0750242
0.0750242
0.0750242
0.0750242
0.0750241
0.075024
0.075024
0.0750239
0.0750238
0.0750237
0.0750235
0.0750234
0.0750232
0.075023
0.0750228
0.0750226
0.0750223
0.075022
0.0750216
0.0750213
0.0750208
0.0750203
0.0750197
0.075019
0.0750182
0.075017
0.0750149
0.075009
0.0749844
0.0710597
0.0710939
0.0711019
0.0711045
0.0711058
0.0711066
0.0711072
0.0711077
0.0711081
0.0711085
0.0711089
0.0711091
0.0711094
0.0711096
0.0711098
0.07111
0.0711101
0.0711103
0.0711104
0.0711105
0.0711106
0.0711106
0.0711107
0.0711108
0.0711108
0.0711108
0.0711109
0.0711109
0.0711109
0.0711109
0.0711109
0.0711109
0.0711109
0.0711109
0.0711108
0.0711108
0.0711108
0.0711107
0.0711106
0.0711106
0.0711105
0.0711104
0.0711103
0.0711101
0.07111
0.0711098
0.0711096
0.0711094
0.0711091
0.0711089
0.0711085
0.0711081
0.0711077
0.0711072
0.0711066
0.0711058
0.0711045
0.0711019
0.0710939
0.0710597
0.0738568
0.0738976
0.0739072
0.0739102
0.0739116
0.0739125
0.0739131
0.0739137
0.0739141
0.0739145
0.0739149
0.0739152
0.0739154
0.0739157
0.0739159
0.073916
0.0739162
0.0739163
0.0739164
0.0739166
0.0739166
0.0739167
0.0739168
0.0739168
0.0739169
0.0739169
0.073917
0.073917
0.073917
0.073917
0.073917
0.073917
0.073917
0.073917
0.0739169
0.0739169
0.0739168
0.0739168
0.0739167
0.0739166
0.0739166
0.0739164
0.0739163
0.0739162
0.073916
0.0739159
0.0739157
0.0739154
0.0739152
0.0739149
0.0739145
0.0739141
0.0739137
0.0739131
0.0739125
0.0739116
0.0739102
0.0739072
0.0738976
0.0738568
0.0792951
0.0793428
0.079354
0.0793576
0.0793592
0.0793602
0.079361
0.0793616
0.0793622
0.0793626
0.079363
0.0793634
0.0793637
0.079364
0.0793642
0.0793644
0.0793646
0.0793647
0.0793649
0.079365
0.0793651
0.0793652
0.0793653
0.0793653
0.0793654
0.0793654
0.0793655
0.0793655
0.0793655
0.0793655
0.0793655
0.0793655
0.0793655
0.0793655
0.0793654
0.0793654
0.0793653
0.0793653
0.0793652
0.0793651
0.079365
0.0793649
0.0793647
0.0793646
0.0793644
0.0793642
0.079364
0.0793637
0.0793634
0.079363
0.0793626
0.0793622
0.0793616
0.079361
0.0793602
0.0793592
0.0793576
0.079354
0.0793428
0.0792951
0.0867772
0.0868336
0.0868469
0.0868512
0.0868531
0.0868544
0.0868554
0.0868561
0.0868568
0.0868574
0.0868579
0.0868583
0.0868587
0.086859
0.0868593
0.0868595
0.0868598
0.08686
0.0868601
0.0868603
0.0868604
0.0868605
0.0868606
0.0868607
0.0868608
0.0868608
0.0868609
0.0868609
0.0868609
0.086861
0.086861
0.0868609
0.0868609
0.0868609
0.0868608
0.0868608
0.0868607
0.0868606
0.0868605
0.0868604
0.0868603
0.0868601
0.08686
0.0868598
0.0868595
0.0868593
0.086859
0.0868587
0.0868583
0.0868579
0.0868574
0.0868568
0.0868561
0.0868554
0.0868544
0.0868531
0.0868512
0.0868469
0.0868336
0.0867772
0.0966427
0.0967109
0.096727
0.0967322
0.0967346
0.0967362
0.0967374
0.0967384
0.0967392
0.0967399
0.0967405
0.0967411
0.0967415
0.0967419
0.0967423
0.0967426
0.0967429
0.0967432
0.0967434
0.0967436
0.0967437
0.0967439
0.096744
0.0967441
0.0967442
0.0967443
0.0967443
0.0967444
0.0967444
0.0967444
0.0967444
0.0967444
0.0967444
0.0967443
0.0967443
0.0967442
0.0967441
0.096744
0.0967439
0.0967437
0.0967436
0.0967434
0.0967432
0.0967429
0.0967426
0.0967423
0.0967419
0.0967415
0.0967411
0.0967405
0.0967399
0.0967392
0.0967384
0.0967374
0.0967362
0.0967346
0.0967322
0.096727
0.0967109
0.0966427
0.109542
0.109626
0.109646
0.109652
0.109655
0.109657
0.109658
0.10966
0.109661
0.109662
0.109662
0.109663
0.109664
0.109664
0.109665
0.109665
0.109665
0.109666
0.109666
0.109666
0.109666
0.109667
0.109667
0.109667
0.109667
0.109667
0.109667
0.109667
0.109667
0.109667
0.109667
0.109667
0.109667
0.109667
0.109667
0.109667
0.109667
0.109667
0.109667
0.109666
0.109666
0.109666
0.109666
0.109665
0.109665
0.109665
0.109664
0.109664
0.109663
0.109662
0.109662
0.109661
0.10966
0.109658
0.109657
0.109655
0.109652
0.109646
0.109626
0.109542
0.126159
0.126262
0.126287
0.126295
0.126298
0.126301
0.126303
0.126304
0.126305
0.126306
0.126307
0.126308
0.126309
0.12631
0.12631
0.126311
0.126311
0.126312
0.126312
0.126312
0.126312
0.126313
0.126313
0.126313
0.126313
0.126313
0.126313
0.126313
0.126313
0.126313
0.126313
0.126313
0.126313
0.126313
0.126313
0.126313
0.126313
0.126313
0.126313
0.126312
0.126312
0.126312
0.126312
0.126311
0.126311
0.12631
0.12631
0.126309
0.126308
0.126307
0.126306
0.126305
0.126304
0.126303
0.126301
0.126298
0.126295
0.126287
0.126262
0.126159
0.146947
0.147073
0.147104
0.147114
0.147118
0.147121
0.147123
0.147125
0.147126
0.147128
0.147129
0.14713
0.147131
0.147131
0.147132
0.147133
0.147133
0.147134
0.147134
0.147134
0.147135
0.147135
0.147135
0.147135
0.147136
0.147136
0.147136
0.147136
0.147136
0.147136
0.147136
0.147136
0.147136
0.147136
0.147136
0.147136
0.147135
0.147135
0.147135
0.147135
0.147134
0.147134
0.147134
0.147133
0.147133
0.147132
0.147131
0.147131
0.14713
0.147129
0.147128
0.147126
0.147125
0.147123
0.147121
0.147118
0.147114
0.147104
0.147073
0.146947
0.171894
0.172045
0.172082
0.172094
0.172099
0.172103
0.172105
0.172107
0.172109
0.17211
0.172112
0.172113
0.172114
0.172115
0.172115
0.172116
0.172117
0.172117
0.172118
0.172118
0.172118
0.172119
0.172119
0.172119
0.172119
0.17212
0.17212
0.17212
0.17212
0.17212
0.17212
0.17212
0.17212
0.17212
0.17212
0.172119
0.172119
0.172119
0.172119
0.172118
0.172118
0.172118
0.172117
0.172117
0.172116
0.172115
0.172115
0.172114
0.172113
0.172112
0.17211
0.172109
0.172107
0.172105
0.172103
0.172099
0.172094
0.172082
0.172045
0.171894
0.200442
0.200618
0.200662
0.200675
0.200681
0.200685
0.200688
0.20069
0.200692
0.200694
0.200695
0.200696
0.200697
0.200698
0.200699
0.2007
0.2007
0.200701
0.200701
0.200702
0.200702
0.200702
0.200703
0.200703
0.200703
0.200703
0.200703
0.200704
0.200704
0.200704
0.200704
0.200704
0.200704
0.200703
0.200703
0.200703
0.200703
0.200703
0.200702
0.200702
0.200702
0.200701
0.200701
0.2007
0.2007
0.200699
0.200698
0.200697
0.200696
0.200695
0.200694
0.200692
0.20069
0.200688
0.200685
0.200681
0.200675
0.200662
0.200618
0.200442
0.231631
0.23183
0.23188
0.231895
0.231902
0.231906
0.231908
0.231911
0.231913
0.231914
0.231916
0.231917
0.231918
0.231919
0.23192
0.231921
0.231921
0.231922
0.231922
0.231923
0.231923
0.231924
0.231924
0.231924
0.231924
0.231924
0.231925
0.231925
0.231925
0.231925
0.231925
0.231925
0.231925
0.231925
0.231924
0.231924
0.231924
0.231924
0.231924
0.231923
0.231923
0.231922
0.231922
0.231921
0.231921
0.23192
0.231919
0.231918
0.231917
0.231916
0.231914
0.231913
0.231911
0.231908
0.231906
0.231902
0.231895
0.23188
0.23183
0.231631
0.264378
0.264598
0.264653
0.264671
0.264678
0.264682
0.264685
0.264687
0.264689
0.264691
0.264692
0.264693
0.264694
0.264695
0.264696
0.264697
0.264697
0.264698
0.264698
0.264699
0.264699
0.2647
0.2647
0.2647
0.2647
0.264701
0.264701
0.264701
0.264701
0.264701
0.264701
0.264701
0.264701
0.264701
0.264701
0.2647
0.2647
0.2647
0.2647
0.264699
0.264699
0.264698
0.264698
0.264697
0.264697
0.264696
0.264695
0.264694
0.264693
0.264692
0.264691
0.264689
0.264687
0.264685
0.264682
0.264678
0.264671
0.264653
0.264598
0.264378
0.297734
0.29797
0.298031
0.29805
0.298057
0.298061
0.298064
0.298067
0.298069
0.29807
0.298072
0.298073
0.298074
0.298075
0.298076
0.298076
0.298077
0.298077
0.298078
0.298078
0.298079
0.298079
0.298079
0.29808
0.29808
0.29808
0.29808
0.29808
0.29808
0.29808
0.29808
0.29808
0.29808
0.29808
0.29808
0.29808
0.29808
0.298079
0.298079
0.298079
0.298078
0.298078
0.298077
0.298077
0.298076
0.298076
0.298075
0.298074
0.298073
0.298072
0.29807
0.298069
0.298067
0.298064
0.298061
0.298057
0.29805
0.298031
0.29797
0.297734
0.330994
0.331245
0.331311
0.331331
0.331339
0.331343
0.331346
0.331348
0.33135
0.331351
0.331353
0.331354
0.331355
0.331356
0.331357
0.331357
0.331358
0.331358
0.331359
0.331359
0.331359
0.33136
0.33136
0.33136
0.33136
0.331361
0.331361
0.331361
0.331361
0.331361
0.331361
0.331361
0.331361
0.331361
0.331361
0.33136
0.33136
0.33136
0.33136
0.331359
0.331359
0.331359
0.331358
0.331358
0.331357
0.331357
0.331356
0.331355
0.331354
0.331353
0.331351
0.33135
0.331348
0.331346
0.331343
0.331339
0.331331
0.331311
0.331245
0.330994
0.363703
0.363967
0.364038
0.364059
0.364067
0.364071
0.364074
0.364076
0.364078
0.364079
0.364081
0.364082
0.364083
0.364084
0.364084
0.364085
0.364085
0.364086
0.364086
0.364087
0.364087
0.364087
0.364087
0.364088
0.364088
0.364088
0.364088
0.364088
0.364088
0.364088
0.364088
0.364088
0.364088
0.364088
0.364088
0.364088
0.364088
0.364087
0.364087
0.364087
0.364087
0.364086
0.364086
0.364085
0.364085
0.364084
0.364084
0.364083
0.364082
0.364081
0.364079
0.364078
0.364076
0.364074
0.364071
0.364067
0.364059
0.364038
0.363967
0.363703
0.395594
0.395869
0.395944
0.395967
0.395975
0.395979
0.395982
0.395984
0.395986
0.395987
0.395988
0.395989
0.39599
0.395991
0.395991
0.395992
0.395992
0.395993
0.395993
0.395994
0.395994
0.395994
0.395994
0.395995
0.395995
0.395995
0.395995
0.395995
0.395995
0.395995
0.395995
0.395995
0.395995
0.395995
0.395995
0.395995
0.395995
0.395994
0.395994
0.395994
0.395994
0.395993
0.395993
0.395992
0.395992
0.395991
0.395991
0.39599
0.395989
0.395988
0.395987
0.395986
0.395984
0.395982
0.395979
0.395975
0.395967
0.395944
0.395869
0.395594
0.426521
0.426805
0.426884
0.426908
0.426916
0.42692
0.426923
0.426925
0.426926
0.426928
0.426929
0.42693
0.42693
0.426931
0.426932
0.426932
0.426933
0.426933
0.426933
0.426934
0.426934
0.426934
0.426934
0.426935
0.426935
0.426935
0.426935
0.426935
0.426935
0.426935
0.426935
0.426935
0.426935
0.426935
0.426935
0.426935
0.426935
0.426934
0.426934
0.426934
0.426934
0.426933
0.426933
0.426933
0.426932
0.426932
0.426931
0.42693
0.42693
0.426929
0.426928
0.426926
0.426925
0.426923
0.42692
0.426916
0.426908
0.426884
0.426805
0.426521
0.456407
0.456699
0.456782
0.456807
0.456816
0.45682
0.456822
0.456824
0.456825
0.456827
0.456828
0.456828
0.456829
0.45683
0.45683
0.456831
0.456831
0.456832
0.456832
0.456832
0.456832
0.456833
0.456833
0.456833
0.456833
0.456833
0.456833
0.456833
0.456833
0.456833
0.456833
0.456833
0.456833
0.456833
0.456833
0.456833
0.456833
0.456833
0.456833
0.456832
0.456832
0.456832
0.456832
0.456831
0.456831
0.45683
0.45683
0.456829
0.456828
0.456828
0.456827
0.456825
0.456824
0.456822
0.45682
0.456816
0.456807
0.456782
0.456699
0.456407
0.485219
0.485517
0.485604
0.48563
0.485639
0.485643
0.485646
0.485647
0.485649
0.48565
0.485651
0.485652
0.485652
0.485653
0.485653
0.485654
0.485654
0.485655
0.485655
0.485655
0.485655
0.485656
0.485656
0.485656
0.485656
0.485656
0.485656
0.485656
0.485656
0.485656
0.485656
0.485656
0.485656
0.485656
0.485656
0.485656
0.485656
0.485656
0.485656
0.485655
0.485655
0.485655
0.485655
0.485654
0.485654
0.485653
0.485653
0.485652
0.485652
0.485651
0.48565
0.485649
0.485647
0.485646
0.485643
0.485639
0.48563
0.485604
0.485517
0.485219
0.512946
0.513249
0.51334
0.513367
0.513377
0.513381
0.513383
0.513385
0.513386
0.513387
0.513388
0.513388
0.513389
0.51339
0.51339
0.513391
0.513391
0.513391
0.513391
0.513392
0.513392
0.513392
0.513392
0.513392
0.513392
0.513393
0.513393
0.513393
0.513393
0.513393
0.513393
0.513393
0.513393
0.513393
0.513393
0.513392
0.513392
0.513392
0.513392
0.513392
0.513392
0.513391
0.513391
0.513391
0.513391
0.51339
0.51339
0.513389
0.513388
0.513388
0.513387
0.513386
0.513385
0.513383
0.513381
0.513377
0.513367
0.51334
0.513249
0.512946
0.53959
0.539898
0.539992
0.54002
0.54003
0.540034
0.540036
0.540038
0.540039
0.54004
0.540041
0.540041
0.540042
0.540042
0.540043
0.540043
0.540043
0.540044
0.540044
0.540044
0.540044
0.540045
0.540045
0.540045
0.540045
0.540045
0.540045
0.540045
0.540045
0.540045
0.540045
0.540045
0.540045
0.540045
0.540045
0.540045
0.540045
0.540045
0.540045
0.540044
0.540044
0.540044
0.540044
0.540043
0.540043
0.540043
0.540042
0.540042
0.540041
0.540041
0.54004
0.540039
0.540038
0.540036
0.540034
0.54003
0.54002
0.539992
0.539898
0.53959
0.565162
0.565473
0.56557
0.5656
0.56561
0.565614
0.565616
0.565618
0.565619
0.56562
0.56562
0.565621
0.565621
0.565622
0.565622
0.565623
0.565623
0.565623
0.565623
0.565624
0.565624
0.565624
0.565624
0.565624
0.565624
0.565624
0.565624
0.565624
0.565624
0.565624
0.565624
0.565624
0.565624
0.565624
0.565624
0.565624
0.565624
0.565624
0.565624
0.565624
0.565624
0.565623
0.565623
0.565623
0.565623
0.565622
0.565622
0.565621
0.565621
0.56562
0.56562
0.565619
0.565618
0.565616
0.565614
0.56561
0.5656
0.56557
0.565473
0.565162
0.589678
0.589991
0.590091
0.590122
0.590132
0.590136
0.590139
0.59014
0.590141
0.590142
0.590142
0.590143
0.590143
0.590144
0.590144
0.590145
0.590145
0.590145
0.590145
0.590145
0.590146
0.590146
0.590146
0.590146
0.590146
0.590146
0.590146
0.590146
0.590146
0.590146
0.590146
0.590146
0.590146
0.590146
0.590146
0.590146
0.590146
0.590146
0.590146
0.590146
0.590145
0.590145
0.590145
0.590145
0.590145
0.590144
0.590144
0.590143
0.590143
0.590142
0.590142
0.590141
0.59014
0.590139
0.590136
0.590132
0.590122
0.590091
0.589991
0.589678
0.613157
0.613471
0.613573
0.613606
0.613616
0.613621
0.613623
0.613624
0.613625
0.613626
0.613626
0.613627
0.613627
0.613628
0.613628
0.613628
0.613628
0.613629
0.613629
0.613629
0.613629
0.613629
0.613629
0.613629
0.613629
0.61363
0.61363
0.61363
0.61363
0.61363
0.61363
0.61363
0.61363
0.61363
0.61363
0.613629
0.613629
0.613629
0.613629
0.613629
0.613629
0.613629
0.613629
0.613628
0.613628
0.613628
0.613628
0.613627
0.613627
0.613626
0.613626
0.613625
0.613624
0.613623
0.613621
0.613616
0.613606
0.613573
0.613471
0.613157
0.635619
0.635934
0.636039
0.636072
0.636083
0.636088
0.63609
0.636091
0.636092
0.636092
0.636093
0.636093
0.636094
0.636094
0.636095
0.636095
0.636095
0.636095
0.636095
0.636095
0.636096
0.636096
0.636096
0.636096
0.636096
0.636096
0.636096
0.636096
0.636096
0.636096
0.636096
0.636096
0.636096
0.636096
0.636096
0.636096
0.636096
0.636096
0.636096
0.636096
0.636095
0.636095
0.636095
0.636095
0.636095
0.636095
0.636094
0.636094
0.636093
0.636093
0.636092
0.636092
0.636091
0.63609
0.636088
0.636083
0.636072
0.636039
0.635934
0.635619
0.657088
0.657402
0.65751
0.657545
0.657556
0.65756
0.657562
0.657563
0.657564
0.657565
0.657566
0.657566
0.657566
0.657567
0.657567
0.657567
0.657567
0.657567
0.657568
0.657568
0.657568
0.657568
0.657568
0.657568
0.657568
0.657568
0.657568
0.657568
0.657568
0.657568
0.657568
0.657568
0.657568
0.657568
0.657568
0.657568
0.657568
0.657568
0.657568
0.657568
0.657568
0.657568
0.657567
0.657567
0.657567
0.657567
0.657567
0.657566
0.657566
0.657566
0.657565
0.657564
0.657563
0.657562
0.65756
0.657556
0.657545
0.65751
0.657402
0.657088
0.677589
0.677901
0.67801
0.678046
0.678058
0.678063
0.678065
0.678066
0.678067
0.678067
0.678068
0.678068
0.678068
0.678069
0.678069
0.678069
0.678069
0.67807
0.67807
0.67807
0.67807
0.67807
0.67807
0.67807
0.67807
0.67807
0.67807
0.67807
0.67807
0.67807
0.67807
0.67807
0.67807
0.67807
0.67807
0.67807
0.67807
0.67807
0.67807
0.67807
0.67807
0.67807
0.67807
0.678069
0.678069
0.678069
0.678069
0.678068
0.678068
0.678068
0.678067
0.678067
0.678066
0.678065
0.678063
0.678058
0.678046
0.67801
0.677901
0.677589
0.697144
0.697454
0.697566
0.697603
0.697615
0.697619
0.697621
0.697623
0.697623
0.697624
0.697624
0.697625
0.697625
0.697625
0.697625
0.697626
0.697626
0.697626
0.697626
0.697626
0.697626
0.697626
0.697626
0.697626
0.697626
0.697627
0.697627
0.697627
0.697627
0.697627
0.697627
0.697627
0.697627
0.697627
0.697627
0.697626
0.697626
0.697626
0.697626
0.697626
0.697626
0.697626
0.697626
0.697626
0.697626
0.697625
0.697625
0.697625
0.697625
0.697624
0.697624
0.697623
0.697623
0.697621
0.697619
0.697615
0.697603
0.697566
0.697454
0.697144
0.71578
0.716088
0.7162
0.716238
0.716251
0.716256
0.716258
0.716259
0.71626
0.71626
0.71626
0.716261
0.716261
0.716261
0.716261
0.716262
0.716262
0.716262
0.716262
0.716262
0.716262
0.716262
0.716262
0.716262
0.716262
0.716262
0.716263
0.716263
0.716263
0.716263
0.716263
0.716263
0.716263
0.716263
0.716262
0.716262
0.716262
0.716262
0.716262
0.716262
0.716262
0.716262
0.716262
0.716262
0.716262
0.716261
0.716261
0.716261
0.716261
0.71626
0.71626
0.71626
0.716259
0.716258
0.716256
0.716251
0.716238
0.7162
0.716088
0.71578
0.733522
0.733826
0.73394
0.733979
0.733993
0.733997
0.733999
0.734
0.734001
0.734002
0.734002
0.734002
0.734002
0.734003
0.734003
0.734003
0.734003
0.734003
0.734003
0.734003
0.734004
0.734004
0.734004
0.734004
0.734004
0.734004
0.734004
0.734004
0.734004
0.734004
0.734004
0.734004
0.734004
0.734004
0.734004
0.734004
0.734004
0.734004
0.734004
0.734004
0.734003
0.734003
0.734003
0.734003
0.734003
0.734003
0.734003
0.734002
0.734002
0.734002
0.734002
0.734001
0.734
0.733999
0.733997
0.733993
0.733979
0.73394
0.733826
0.733522
0.750396
0.750696
0.750811
0.750852
0.750865
0.75087
0.750872
0.750873
0.750874
0.750874
0.750875
0.750875
0.750875
0.750875
0.750876
0.750876
0.750876
0.750876
0.750876
0.750876
0.750876
0.750876
0.750876
0.750876
0.750876
0.750876
0.750876
0.750876
0.750876
0.750876
0.750876
0.750876
0.750876
0.750876
0.750876
0.750876
0.750876
0.750876
0.750876
0.750876
0.750876
0.750876
0.750876
0.750876
0.750876
0.750876
0.750875
0.750875
0.750875
0.750875
0.750874
0.750874
0.750873
0.750872
0.75087
0.750865
0.750852
0.750811
0.750696
0.750396
0.766429
0.766724
0.76684
0.766881
0.766896
0.766901
0.766903
0.766904
0.766904
0.766905
0.766905
0.766905
0.766905
0.766906
0.766906
0.766906
0.766906
0.766906
0.766906
0.766906
0.766906
0.766906
0.766906
0.766906
0.766907
0.766907
0.766907
0.766907
0.766907
0.766907
0.766907
0.766907
0.766907
0.766907
0.766907
0.766907
0.766906
0.766906
0.766906
0.766906
0.766906
0.766906
0.766906
0.766906
0.766906
0.766906
0.766906
0.766905
0.766905
0.766905
0.766905
0.766904
0.766904
0.766903
0.766901
0.766896
0.766881
0.76684
0.766724
0.766429
0.781646
0.781937
0.782053
0.782095
0.78211
0.782115
0.782117
0.782118
0.782119
0.782119
0.782119
0.782119
0.78212
0.78212
0.78212
0.78212
0.78212
0.78212
0.78212
0.78212
0.78212
0.782121
0.782121
0.782121
0.782121
0.782121
0.782121
0.782121
0.782121
0.782121
0.782121
0.782121
0.782121
0.782121
0.782121
0.782121
0.782121
0.782121
0.782121
0.78212
0.78212
0.78212
0.78212
0.78212
0.78212
0.78212
0.78212
0.78212
0.782119
0.782119
0.782119
0.782119
0.782118
0.782117
0.782115
0.78211
0.782095
0.782053
0.781937
0.781646
0.796075
0.796359
0.796476
0.796519
0.796534
0.79654
0.796542
0.796543
0.796543
0.796544
0.796544
0.796544
0.796544
0.796544
0.796545
0.796545
0.796545
0.796545
0.796545
0.796545
0.796545
0.796545
0.796545
0.796545
0.796545
0.796545
0.796545
0.796545
0.796545
0.796545
0.796545
0.796545
0.796545
0.796545
0.796545
0.796545
0.796545
0.796545
0.796545
0.796545
0.796545
0.796545
0.796545
0.796545
0.796545
0.796545
0.796544
0.796544
0.796544
0.796544
0.796544
0.796543
0.796543
0.796542
0.79654
0.796534
0.796519
0.796476
0.796359
0.796075
0.809741
0.81002
0.810136
0.81018
0.810195
0.810201
0.810203
0.810204
0.810205
0.810205
0.810205
0.810206
0.810206
0.810206
0.810206
0.810206
0.810206
0.810206
0.810206
0.810206
0.810206
0.810207
0.810207
0.810207
0.810207
0.810207
0.810207
0.810207
0.810207
0.810207
0.810207
0.810207
0.810207
0.810207
0.810207
0.810207
0.810207
0.810207
0.810207
0.810206
0.810206
0.810206
0.810206
0.810206
0.810206
0.810206
0.810206
0.810206
0.810206
0.810205
0.810205
0.810205
0.810204
0.810203
0.810201
0.810195
0.81018
0.810136
0.81002
0.809741
0.822671
0.822943
0.823059
0.823104
0.82312
0.823126
0.823128
0.823129
0.82313
0.82313
0.823131
0.823131
0.823131
0.823131
0.823131
0.823131
0.823131
0.823131
0.823131
0.823131
0.823131
0.823131
0.823131
0.823132
0.823132
0.823132
0.823132
0.823132
0.823132
0.823132
0.823132
0.823132
0.823132
0.823132
0.823132
0.823132
0.823132
0.823131
0.823131
0.823131
0.823131
0.823131
0.823131
0.823131
0.823131
0.823131
0.823131
0.823131
0.823131
0.823131
0.82313
0.82313
0.823129
0.823128
0.823126
0.82312
0.823104
0.823059
0.822943
0.822671
0.834892
0.835157
0.835273
0.835318
0.835335
0.835341
0.835343
0.835344
0.835345
0.835345
0.835345
0.835346
0.835346
0.835346
0.835346
0.835346
0.835346
0.835346
0.835346
0.835346
0.835346
0.835346
0.835346
0.835346
0.835346
0.835346
0.835346
0.835346
0.835346
0.835346
0.835346
0.835346
0.835346
0.835346
0.835346
0.835346
0.835346
0.835346
0.835346
0.835346
0.835346
0.835346
0.835346
0.835346
0.835346
0.835346
0.835346
0.835346
0.835346
0.835345
0.835345
0.835345
0.835344
0.835343
0.835341
0.835335
0.835318
0.835273
0.835157
0.834892
0.84643
0.846688
0.846803
0.846849
0.846866
0.846872
0.846875
0.846876
0.846876
0.846877
0.846877
0.846877
0.846877
0.846877
0.846877
0.846877
0.846877
0.846877
0.846877
0.846877
0.846877
0.846878
0.846878
0.846878
0.846878
0.846878
0.846878
0.846878
0.846878
0.846878
0.846878
0.846878
0.846878
0.846878
0.846878
0.846878
0.846878
0.846878
0.846878
0.846877
0.846877
0.846877
0.846877
0.846877
0.846877
0.846877
0.846877
0.846877
0.846877
0.846877
0.846877
0.846876
0.846876
0.846875
0.846872
0.846866
0.846849
0.846803
0.846688
0.84643
0.857311
0.857562
0.857675
0.857722
0.857739
0.857746
0.857748
0.85775
0.85775
0.85775
0.85775
0.857751
0.857751
0.857751
0.857751
0.857751
0.857751
0.857751
0.857751
0.857751
0.857751
0.857751
0.857751
0.857751
0.857751
0.857751
0.857751
0.857751
0.857751
0.857751
0.857751
0.857751
0.857751
0.857751
0.857751
0.857751
0.857751
0.857751
0.857751
0.857751
0.857751
0.857751
0.857751
0.857751
0.857751
0.857751
0.857751
0.857751
0.857751
0.85775
0.85775
0.85775
0.85775
0.857748
0.857746
0.857739
0.857722
0.857675
0.857562
0.857311
0.867561
0.867804
0.867916
0.867963
0.867981
0.867988
0.867991
0.867992
0.867992
0.867993
0.867993
0.867993
0.867993
0.867993
0.867993
0.867993
0.867993
0.867993
0.867993
0.867993
0.867993
0.867993
0.867993
0.867993
0.867993
0.867993
0.867993
0.867993
0.867993
0.867993
0.867993
0.867993
0.867993
0.867993
0.867993
0.867993
0.867993
0.867993
0.867993
0.867993
0.867993
0.867993
0.867993
0.867993
0.867993
0.867993
0.867993
0.867993
0.867993
0.867993
0.867993
0.867992
0.867992
0.867991
0.867988
0.867981
0.867963
0.867916
0.867804
0.867561
0.877205
0.877441
0.877552
0.877599
0.877617
0.877624
0.877627
0.877628
0.877629
0.877629
0.877629
0.877629
0.877629
0.877629
0.87763
0.87763
0.87763
0.87763
0.87763
0.87763
0.87763
0.87763
0.87763
0.87763
0.87763
0.87763
0.87763
0.87763
0.87763
0.87763
0.87763
0.87763
0.87763
0.87763
0.87763
0.87763
0.87763
0.87763
0.87763
0.87763
0.87763
0.87763
0.87763
0.87763
0.87763
0.87763
0.877629
0.877629
0.877629
0.877629
0.877629
0.877629
0.877628
0.877627
0.877624
0.877617
0.877599
0.877552
0.877441
0.877205
0.88627
0.886498
0.886607
0.886654
0.886673
0.88668
0.886683
0.886684
0.886685
0.886685
0.886685
0.886686
0.886686
0.886686
0.886686
0.886686
0.886686
0.886686
0.886686
0.886686
0.886686
0.886686
0.886686
0.886686
0.886686
0.886686
0.886686
0.886686
0.886686
0.886686
0.886686
0.886686
0.886686
0.886686
0.886686
0.886686
0.886686
0.886686
0.886686
0.886686
0.886686
0.886686
0.886686
0.886686
0.886686
0.886686
0.886686
0.886686
0.886686
0.886685
0.886685
0.886685
0.886684
0.886683
0.88668
0.886673
0.886654
0.886607
0.886498
0.88627
0.89478
0.895
0.895107
0.895154
0.895174
0.895181
0.895184
0.895185
0.895186
0.895186
0.895186
0.895187
0.895187
0.895187
0.895187
0.895187
0.895187
0.895187
0.895187
0.895187
0.895187
0.895187
0.895187
0.895187
0.895187
0.895187
0.895187
0.895187
0.895187
0.895187
0.895187
0.895187
0.895187
0.895187
0.895187
0.895187
0.895187
0.895187
0.895187
0.895187
0.895187
0.895187
0.895187
0.895187
0.895187
0.895187
0.895187
0.895187
0.895187
0.895186
0.895186
0.895186
0.895185
0.895184
0.895181
0.895174
0.895154
0.895107
0.895
0.89478
0.90276
0.902971
0.903077
0.903124
0.903144
0.903152
0.903155
0.903156
0.903157
0.903157
0.903157
0.903157
0.903157
0.903157
0.903157
0.903157
0.903157
0.903157
0.903157
0.903157
0.903157
0.903157
0.903157
0.903157
0.903157
0.903157
0.903157
0.903157
0.903157
0.903158
0.903158
0.903157
0.903157
0.903157
0.903157
0.903157
0.903157
0.903157
0.903157
0.903157
0.903157
0.903157
0.903157
0.903157
0.903157
0.903157
0.903157
0.903157
0.903157
0.903157
0.903157
0.903157
0.903156
0.903155
0.903152
0.903144
0.903124
0.903077
0.902971
0.90276
0.910235
0.910438
0.910541
0.910588
0.910608
0.910616
0.910619
0.91062
0.910621
0.910621
0.910621
0.910622
0.910622
0.910622
0.910622
0.910622
0.910622
0.910622
0.910622
0.910622
0.910622
0.910622
0.910622
0.910622
0.910622
0.910622
0.910622
0.910622
0.910622
0.910622
0.910622
0.910622
0.910622
0.910622
0.910622
0.910622
0.910622
0.910622
0.910622
0.910622
0.910622
0.910622
0.910622
0.910622
0.910622
0.910622
0.910622
0.910622
0.910622
0.910621
0.910621
0.910621
0.91062
0.910619
0.910616
0.910608
0.910588
0.910541
0.910438
0.910235
0.917227
0.917422
0.917522
0.917569
0.917589
0.917598
0.917601
0.917603
0.917603
0.917604
0.917604
0.917604
0.917604
0.917604
0.917604
0.917604
0.917604
0.917604
0.917604
0.917604
0.917604
0.917604
0.917604
0.917604
0.917604
0.917604
0.917604
0.917604
0.917604
0.917604
0.917604
0.917604
0.917604
0.917604
0.917604
0.917604
0.917604
0.917604
0.917604
0.917604
0.917604
0.917604
0.917604
0.917604
0.917604
0.917604
0.917604
0.917604
0.917604
0.917604
0.917604
0.917603
0.917603
0.917601
0.917598
0.917589
0.917569
0.917522
0.917422
0.917227
0.923761
0.923947
0.924045
0.924092
0.924112
0.924121
0.924124
0.924126
0.924126
0.924127
0.924127
0.924127
0.924127
0.924127
0.924127
0.924127
0.924127
0.924127
0.924127
0.924127
0.924127
0.924127
0.924127
0.924127
0.924127
0.924127
0.924127
0.924127
0.924127
0.924127
0.924127
0.924127
0.924127
0.924127
0.924127
0.924127
0.924127
0.924127
0.924127
0.924127
0.924127
0.924127
0.924127
0.924127
0.924127
0.924127
0.924127
0.924127
0.924127
0.924127
0.924127
0.924126
0.924126
0.924124
0.924121
0.924112
0.924092
0.924045
0.923947
0.923761
0.929859
0.930037
0.930132
0.930178
0.930199
0.930208
0.930211
0.930213
0.930214
0.930214
0.930214
0.930214
0.930214
0.930214
0.930214
0.930214
0.930214
0.930214
0.930214
0.930214
0.930214
0.930214
0.930214
0.930214
0.930214
0.930214
0.930214
0.930214
0.930214
0.930214
0.930214
0.930214
0.930214
0.930214
0.930214
0.930214
0.930214
0.930214
0.930214
0.930214
0.930214
0.930214
0.930214
0.930214
0.930214
0.930214
0.930214
0.930214
0.930214
0.930214
0.930214
0.930214
0.930213
0.930211
0.930208
0.930199
0.930178
0.930132
0.930037
0.929859
0.935543
0.935713
0.935805
0.935851
0.935872
0.935881
0.935885
0.935886
0.935887
0.935887
0.935887
0.935888
0.935888
0.935888
0.935888
0.935888
0.935888
0.935888
0.935888
0.935888
0.935888
0.935888
0.935888
0.935888
0.935888
0.935888
0.935888
0.935888
0.935888
0.935888
0.935888
0.935888
0.935888
0.935888
0.935888
0.935888
0.935888
0.935888
0.935888
0.935888
0.935888
0.935888
0.935888
0.935888
0.935888
0.935888
0.935888
0.935888
0.935888
0.935887
0.935887
0.935887
0.935886
0.935885
0.935881
0.935872
0.935851
0.935805
0.935713
0.935543
0.940835
0.940997
0.941087
0.941131
0.941152
0.941162
0.941166
0.941167
0.941168
0.941168
0.941169
0.941169
0.941169
0.941169
0.941169
0.941169
0.941169
0.941169
0.941169
0.941169
0.941169
0.941169
0.941169
0.941169
0.941169
0.941169
0.941169
0.941169
0.941169
0.941169
0.941169
0.941169
0.941169
0.941169
0.941169
0.941169
0.941169
0.941169
0.941169
0.941169
0.941169
0.941169
0.941169
0.941169
0.941169
0.941169
0.941169
0.941169
0.941169
0.941169
0.941168
0.941168
0.941167
0.941166
0.941162
0.941152
0.941131
0.941087
0.940997
0.940835
0.945756
0.94591
0.945997
0.946041
0.946062
0.946071
0.946076
0.946077
0.946078
0.946078
0.946079
0.946079
0.946079
0.946079
0.946079
0.946079
0.946079
0.946079
0.946079
0.946079
0.946079
0.946079
0.946079
0.946079
0.946079
0.946079
0.946079
0.946079
0.946079
0.946079
0.946079
0.946079
0.946079
0.946079
0.946079
0.946079
0.946079
0.946079
0.946079
0.946079
0.946079
0.946079
0.946079
0.946079
0.946079
0.946079
0.946079
0.946079
0.946079
0.946079
0.946078
0.946078
0.946077
0.946076
0.946071
0.946062
0.946041
0.945997
0.94591
0.945756
0.950327
0.950473
0.950557
0.9506
0.950621
0.95063
0.950635
0.950637
0.950637
0.950638
0.950638
0.950638
0.950638
0.950638
0.950638
0.950638
0.950638
0.950638
0.950638
0.950638
0.950638
0.950638
0.950638
0.950638
0.950638
0.950638
0.950638
0.950638
0.950638
0.950638
0.950638
0.950638
0.950638
0.950638
0.950638
0.950638
0.950638
0.950638
0.950638
0.950638
0.950638
0.950638
0.950638
0.950638
0.950638
0.950638
0.950638
0.950638
0.950638
0.950638
0.950638
0.950637
0.950637
0.950635
0.95063
0.950621
0.9506
0.950557
0.950473
0.950327
0.954567
0.954705
0.954785
0.954828
0.954849
0.954859
0.954863
0.954865
0.954866
0.954866
0.954866
0.954866
0.954866
0.954866
0.954866
0.954867
0.954867
0.954867
0.954867
0.954867
0.954867
0.954867
0.954867
0.954867
0.954867
0.954867
0.954867
0.954867
0.954867
0.954867
0.954867
0.954867
0.954867
0.954867
0.954867
0.954867
0.954867
0.954867
0.954867
0.954867
0.954867
0.954867
0.954867
0.954867
0.954867
0.954866
0.954866
0.954866
0.954866
0.954866
0.954866
0.954866
0.954865
0.954863
0.954859
0.954849
0.954828
0.954785
0.954705
0.954567
0.958495
0.958626
0.958703
0.958744
0.958765
0.958775
0.958779
0.958781
0.958782
0.958783
0.958783
0.958783
0.958783
0.958783
0.958783
0.958783
0.958783
0.958783
0.958783
0.958783
0.958783
0.958783
0.958783
0.958783
0.958783
0.958783
0.958783
0.958783
0.958783
0.958783
0.958783
0.958783
0.958783
0.958783
0.958783
0.958783
0.958783
0.958783
0.958783
0.958783
0.958783
0.958783
0.958783
0.958783
0.958783
0.958783
0.958783
0.958783
0.958783
0.958783
0.958783
0.958782
0.958781
0.958779
0.958775
0.958765
0.958744
0.958703
0.958626
0.958495
0.962129
0.962253
0.962327
0.962367
0.962387
0.962397
0.962402
0.962404
0.962405
0.962406
0.962406
0.962406
0.962406
0.962406
0.962406
0.962406
0.962406
0.962406
0.962406
0.962406
0.962406
0.962406
0.962406
0.962406
0.962406
0.962406
0.962406
0.962406
0.962406
0.962406
0.962406
0.962406
0.962406
0.962406
0.962406
0.962406
0.962406
0.962406
0.962406
0.962406
0.962406
0.962406
0.962406
0.962406
0.962406
0.962406
0.962406
0.962406
0.962406
0.962406
0.962406
0.962405
0.962404
0.962402
0.962397
0.962387
0.962367
0.962327
0.962253
0.962129
0.965488
0.965604
0.965675
0.965714
0.965734
0.965744
0.965749
0.965751
0.965752
0.965753
0.965753
0.965753
0.965753
0.965753
0.965753
0.965753
0.965753
0.965753
0.965753
0.965753
0.965753
0.965753
0.965753
0.965753
0.965753
0.965753
0.965753
0.965753
0.965753
0.965753
0.965753
0.965753
0.965753
0.965753
0.965753
0.965753
0.965753
0.965753
0.965753
0.965753
0.965753
0.965753
0.965753
0.965753
0.965753
0.965753
0.965753
0.965753
0.965753
0.965753
0.965753
0.965752
0.965751
0.965749
0.965744
0.965734
0.965714
0.965675
0.965604
0.965488
0.968587
0.968697
0.968764
0.968802
0.968823
0.968833
0.968837
0.96884
0.968841
0.968841
0.968841
0.968842
0.968842
0.968842
0.968842
0.968842
0.968842
0.968842
0.968842
0.968842
0.968842
0.968842
0.968842
0.968842
0.968842
0.968842
0.968842
0.968842
0.968842
0.968842
0.968842
0.968842
0.968842
0.968842
0.968842
0.968842
0.968842
0.968842
0.968842
0.968842
0.968842
0.968842
0.968842
0.968842
0.968842
0.968842
0.968842
0.968842
0.968842
0.968841
0.968841
0.968841
0.96884
0.968837
0.968833
0.968823
0.968802
0.968764
0.968697
0.968587
0.971444
0.971548
0.971612
0.971649
0.971668
0.971678
0.971683
0.971686
0.971687
0.971687
0.971687
0.971688
0.971688
0.971688
0.971688
0.971688
0.971688
0.971688
0.971688
0.971688
0.971688
0.971688
0.971688
0.971688
0.971688
0.971688
0.971688
0.971688
0.971688
0.971688
0.971688
0.971688
0.971688
0.971688
0.971688
0.971688
0.971688
0.971688
0.971688
0.971688
0.971688
0.971688
0.971688
0.971688
0.971688
0.971688
0.971688
0.971688
0.971688
0.971687
0.971687
0.971687
0.971686
0.971683
0.971678
0.971668
0.971649
0.971612
0.971548
0.971444
0.974075
0.974171
0.974232
0.974268
0.974287
0.974297
0.974302
0.974305
0.974306
0.974306
0.974307
0.974307
0.974307
0.974307
0.974307
0.974307
0.974307
0.974307
0.974307
0.974307
0.974307
0.974307
0.974307
0.974307
0.974307
0.974307
0.974307
0.974307
0.974307
0.974307
0.974307
0.974307
0.974307
0.974307
0.974307
0.974307
0.974307
0.974307
0.974307
0.974307
0.974307
0.974307
0.974307
0.974307
0.974307
0.974307
0.974307
0.974307
0.974307
0.974307
0.974306
0.974306
0.974305
0.974302
0.974297
0.974287
0.974268
0.974232
0.974171
0.974075
0.976493
0.976583
0.976641
0.976675
0.976694
0.976704
0.976709
0.976712
0.976713
0.976713
0.976714
0.976714
0.976714
0.976714
0.976714
0.976714
0.976714
0.976714
0.976714
0.976714
0.976714
0.976714
0.976714
0.976714
0.976714
0.976714
0.976714
0.976714
0.976714
0.976714
0.976714
0.976714
0.976714
0.976714
0.976714
0.976714
0.976714
0.976714
0.976714
0.976714
0.976714
0.976714
0.976714
0.976714
0.976714
0.976714
0.976714
0.976714
0.976714
0.976714
0.976713
0.976713
0.976712
0.976709
0.976704
0.976694
0.976675
0.976641
0.976583
0.976493
0.978713
0.978797
0.978852
0.978885
0.978903
0.978913
0.978918
0.978921
0.978922
0.978923
0.978923
0.978923
0.978923
0.978923
0.978923
0.978923
0.978923
0.978923
0.978923
0.978923
0.978923
0.978923
0.978923
0.978923
0.978923
0.978923
0.978923
0.978923
0.978923
0.978923
0.978923
0.978923
0.978923
0.978923
0.978923
0.978923
0.978923
0.978923
0.978923
0.978923
0.978923
0.978923
0.978923
0.978923
0.978923
0.978923
0.978923
0.978923
0.978923
0.978923
0.978923
0.978922
0.978921
0.978918
0.978913
0.978903
0.978885
0.978852
0.978797
0.978713
0.980748
0.980827
0.980879
0.980911
0.980929
0.980938
0.980943
0.980946
0.980947
0.980948
0.980948
0.980948
0.980949
0.980949
0.980949
0.980949
0.980949
0.980949
0.980949
0.980949
0.980949
0.980949
0.980949
0.980949
0.980949
0.980949
0.980949
0.980949
0.980949
0.980949
0.980949
0.980949
0.980949
0.980949
0.980949
0.980949
0.980949
0.980949
0.980949
0.980949
0.980949
0.980949
0.980949
0.980949
0.980949
0.980949
0.980949
0.980949
0.980948
0.980948
0.980948
0.980947
0.980946
0.980943
0.980938
0.980929
0.980911
0.980879
0.980827
0.980748
0.982612
0.982686
0.982735
0.982765
0.982782
0.982792
0.982797
0.9828
0.982801
0.982802
0.982802
0.982802
0.982802
0.982802
0.982802
0.982802
0.982802
0.982802
0.982802
0.982802
0.982802
0.982802
0.982802
0.982802
0.982802
0.982802
0.982802
0.982802
0.982802
0.982802
0.982802
0.982802
0.982802
0.982802
0.982802
0.982802
0.982802
0.982802
0.982802
0.982802
0.982802
0.982802
0.982802
0.982802
0.982802
0.982802
0.982802
0.982802
0.982802
0.982802
0.982802
0.982801
0.9828
0.982797
0.982792
0.982782
0.982765
0.982735
0.982686
0.982612
0.984317
0.984386
0.984431
0.98446
0.984477
0.984486
0.984492
0.984494
0.984496
0.984496
0.984497
0.984497
0.984497
0.984497
0.984497
0.984497
0.984497
0.984497
0.984497
0.984497
0.984497
0.984497
0.984497
0.984497
0.984497
0.984497
0.984497
0.984497
0.984497
0.984497
0.984497
0.984497
0.984497
0.984497
0.984497
0.984497
0.984497
0.984497
0.984497
0.984497
0.984497
0.984497
0.984497
0.984497
0.984497
0.984497
0.984497
0.984497
0.984497
0.984497
0.984496
0.984496
0.984494
0.984492
0.984486
0.984477
0.98446
0.984431
0.984386
0.984317
0.985874
0.985937
0.98598
0.986008
0.986024
0.986033
0.986038
0.986041
0.986043
0.986043
0.986044
0.986044
0.986044
0.986044
0.986044
0.986044
0.986044
0.986044
0.986044
0.986044
0.986044
0.986044
0.986044
0.986044
0.986044
0.986044
0.986044
0.986044
0.986044
0.986044
0.986044
0.986044
0.986044
0.986044
0.986044
0.986044
0.986044
0.986044
0.986044
0.986044
0.986044
0.986044
0.986044
0.986044
0.986044
0.986044
0.986044
0.986044
0.986044
0.986044
0.986043
0.986043
0.986041
0.986038
0.986033
0.986024
0.986008
0.98598
0.985937
0.985874
0.987294
0.987352
0.987393
0.987419
0.987434
0.987443
0.987449
0.987451
0.987453
0.987453
0.987454
0.987454
0.987454
0.987454
0.987454
0.987454
0.987454
0.987454
0.987454
0.987454
0.987454
0.987454
0.987454
0.987454
0.987454
0.987454
0.987454
0.987454
0.987454
0.987454
0.987454
0.987454
0.987454
0.987454
0.987454
0.987454
0.987454
0.987454
0.987454
0.987454
0.987454
0.987454
0.987454
0.987454
0.987454
0.987454
0.987454
0.987454
0.987454
0.987454
0.987453
0.987453
0.987451
0.987449
0.987443
0.987434
0.987419
0.987393
0.987352
0.987294
0.988587
0.988641
0.988679
0.988703
0.988718
0.988727
0.988732
0.988735
0.988736
0.988737
0.988738
0.988738
0.988738
0.988738
0.988738
0.988738
0.988738
0.988738
0.988738
0.988738
0.988738
0.988738
0.988738
0.988738
0.988738
0.988738
0.988738
0.988738
0.988738
0.988738
0.988738
0.988738
0.988738
0.988738
0.988738
0.988738
0.988738
0.988738
0.988738
0.988738
0.988738
0.988738
0.988738
0.988738
0.988738
0.988738
0.988738
0.988738
0.988738
0.988738
0.988737
0.988736
0.988735
0.988732
0.988727
0.988718
0.988703
0.988679
0.988641
0.988587
0.989762
0.989813
0.989848
0.989871
0.989885
0.989894
0.989899
0.989902
0.989903
0.989904
0.989904
0.989905
0.989905
0.989905
0.989905
0.989905
0.989905
0.989905
0.989905
0.989905
0.989905
0.989905
0.989905
0.989905
0.989905
0.989905
0.989905
0.989905
0.989905
0.989905
0.989905
0.989905
0.989905
0.989905
0.989905
0.989905
0.989905
0.989905
0.989905
0.989905
0.989905
0.989905
0.989905
0.989905
0.989905
0.989905
0.989905
0.989905
0.989905
0.989904
0.989904
0.989903
0.989902
0.989899
0.989894
0.989885
0.989871
0.989848
0.989813
0.989762
0.99083
0.990877
0.990909
0.990931
0.990945
0.990953
0.990958
0.990961
0.990963
0.990963
0.990964
0.990964
0.990964
0.990964
0.990964
0.990964
0.990964
0.990964
0.990964
0.990964
0.990964
0.990964
0.990964
0.990964
0.990964
0.990964
0.990964
0.990964
0.990964
0.990964
0.990964
0.990964
0.990964
0.990964
0.990964
0.990964
0.990964
0.990964
0.990964
0.990964
0.990964
0.990964
0.990964
0.990964
0.990964
0.990964
0.990964
0.990964
0.990964
0.990964
0.990963
0.990963
0.990961
0.990958
0.990953
0.990945
0.990931
0.990909
0.990877
0.99083
0.991799
0.991841
0.991872
0.991892
0.991905
0.991914
0.991918
0.991921
0.991923
0.991923
0.991924
0.991924
0.991924
0.991924
0.991924
0.991924
0.991924
0.991924
0.991924
0.991924
0.991924
0.991924
0.991924
0.991924
0.991924
0.991924
0.991924
0.991924
0.991924
0.991924
0.991924
0.991924
0.991924
0.991924
0.991924
0.991924
0.991924
0.991924
0.991924
0.991924
0.991924
0.991924
0.991924
0.991924
0.991924
0.991924
0.991924
0.991924
0.991924
0.991924
0.991923
0.991923
0.991921
0.991918
0.991914
0.991905
0.991892
0.991872
0.991841
0.991799
0.992676
0.992715
0.992743
0.992762
0.992775
0.992783
0.992787
0.99279
0.992791
0.992792
0.992793
0.992793
0.992793
0.992793
0.992793
0.992793
0.992793
0.992793
0.992793
0.992793
0.992793
0.992793
0.992793
0.992793
0.992793
0.992793
0.992793
0.992793
0.992793
0.992793
0.992793
0.992793
0.992793
0.992793
0.992793
0.992793
0.992793
0.992793
0.992793
0.992793
0.992793
0.992793
0.992793
0.992793
0.992793
0.992793
0.992793
0.992793
0.992793
0.992793
0.992792
0.992791
0.99279
0.992787
0.992783
0.992775
0.992762
0.992743
0.992715
0.992676
0.993469
0.993505
0.993531
0.993549
0.993561
0.993568
0.993573
0.993575
0.993577
0.993578
0.993578
0.993578
0.993578
0.993578
0.993578
0.993578
0.993578
0.993578
0.993578
0.993578
0.993578
0.993578
0.993578
0.993578
0.993578
0.993578
0.993578
0.993578
0.993578
0.993578
0.993578
0.993578
0.993578
0.993578
0.993578
0.993578
0.993578
0.993578
0.993578
0.993578
0.993578
0.993578
0.993578
0.993578
0.993578
0.993578
0.993578
0.993578
0.993578
0.993578
0.993578
0.993577
0.993575
0.993573
0.993568
0.993561
0.993549
0.993531
0.993505
0.993469
0.994185
0.994218
0.994242
0.994259
0.99427
0.994277
0.994281
0.994284
0.994285
0.994286
0.994287
0.994287
0.994287
0.994287
0.994287
0.994287
0.994287
0.994287
0.994287
0.994287
0.994287
0.994287
0.994287
0.994287
0.994287
0.994287
0.994287
0.994287
0.994287
0.994287
0.994287
0.994287
0.994287
0.994287
0.994287
0.994287
0.994287
0.994287
0.994287
0.994287
0.994287
0.994287
0.994287
0.994287
0.994287
0.994287
0.994287
0.994287
0.994287
0.994287
0.994286
0.994285
0.994284
0.994281
0.994277
0.99427
0.994259
0.994242
0.994218
0.994185
0.99483
0.99486
0.994883
0.994898
0.994909
0.994915
0.99492
0.994922
0.994924
0.994925
0.994925
0.994925
0.994925
0.994926
0.994926
0.994926
0.994926
0.994926
0.994926
0.994926
0.994926
0.994926
0.994926
0.994925
0.994925
0.994925
0.994925
0.994925
0.994925
0.994925
0.994925
0.994925
0.994925
0.994925
0.994925
0.994925
0.994925
0.994926
0.994926
0.994926
0.994926
0.994926
0.994926
0.994926
0.994926
0.994926
0.994926
0.994925
0.994925
0.994925
0.994925
0.994924
0.994922
0.99492
0.994915
0.994909
0.994898
0.994883
0.99486
0.99483
0.995411
0.995439
0.995459
0.995474
0.995484
0.99549
0.995494
0.995497
0.995498
0.995499
0.995499
0.9955
0.9955
0.9955
0.9955
0.9955
0.9955
0.9955
0.9955
0.9955
0.9955
0.9955
0.9955
0.9955
0.9955
0.9955
0.9955
0.9955
0.9955
0.9955
0.9955
0.9955
0.9955
0.9955
0.9955
0.9955
0.9955
0.9955
0.9955
0.9955
0.9955
0.9955
0.9955
0.9955
0.9955
0.9955
0.9955
0.9955
0.9955
0.995499
0.995499
0.995498
0.995497
0.995494
0.99549
0.995484
0.995474
0.995459
0.995439
0.995411
0.995934
0.995959
0.995977
0.995991
0.996
0.996006
0.99601
0.996012
0.996014
0.996015
0.996015
0.996016
0.996016
0.996016
0.996016
0.996016
0.996016
0.996016
0.996016
0.996016
0.996016
0.996016
0.996016
0.996016
0.996016
0.996016
0.996016
0.996016
0.996016
0.996016
0.996016
0.996016
0.996016
0.996016
0.996016
0.996016
0.996016
0.996016
0.996016
0.996016
0.996016
0.996016
0.996016
0.996016
0.996016
0.996016
0.996016
0.996016
0.996016
0.996015
0.996015
0.996014
0.996012
0.99601
0.996006
0.996
0.995991
0.995977
0.995959
0.995934
0.996402
0.996425
0.996442
0.996454
0.996463
0.996469
0.996473
0.996475
0.996476
0.996477
0.996478
0.996478
0.996478
0.996478
0.996478
0.996478
0.996478
0.996478
0.996478
0.996478
0.996478
0.996478
0.996478
0.996478
0.996478
0.996478
0.996478
0.996478
0.996478
0.996478
0.996478
0.996478
0.996478
0.996478
0.996478
0.996478
0.996478
0.996478
0.996478
0.996478
0.996478
0.996478
0.996478
0.996478
0.996478
0.996478
0.996478
0.996478
0.996478
0.996478
0.996477
0.996476
0.996475
0.996473
0.996469
0.996463
0.996454
0.996442
0.996425
0.996402
0.996822
0.996843
0.996858
0.99687
0.996878
0.996883
0.996887
0.996889
0.996891
0.996891
0.996892
0.996892
0.996892
0.996892
0.996892
0.996892
0.996892
0.996892
0.996892
0.996892
0.996892
0.996892
0.996892
0.996892
0.996892
0.996892
0.996892
0.996892
0.996892
0.996892
0.996892
0.996892
0.996892
0.996892
0.996892
0.996892
0.996892
0.996892
0.996892
0.996892
0.996892
0.996892
0.996892
0.996892
0.996892
0.996892
0.996892
0.996892
0.996892
0.996892
0.996891
0.996891
0.996889
0.996887
0.996883
0.996878
0.99687
0.996858
0.996843
0.996822
0.997198
0.997216
0.997231
0.997241
0.997249
0.997254
0.997257
0.997259
0.997261
0.997262
0.997262
0.997262
0.997262
0.997263
0.997263
0.997263
0.997263
0.997263
0.997263
0.997263
0.997263
0.997263
0.997263
0.997263
0.997262
0.997262
0.997262
0.997262
0.997262
0.997262
0.997262
0.997262
0.997262
0.997262
0.997262
0.997262
0.997263
0.997263
0.997263
0.997263
0.997263
0.997263
0.997263
0.997263
0.997263
0.997263
0.997263
0.997262
0.997262
0.997262
0.997262
0.997261
0.997259
0.997257
0.997254
0.997249
0.997241
0.997231
0.997216
0.997198
0.997533
0.99755
0.997563
0.997573
0.99758
0.997584
0.997588
0.99759
0.997591
0.997592
0.997592
0.997593
0.997593
0.997593
0.997593
0.997593
0.997593
0.997593
0.997593
0.997593
0.997593
0.997593
0.997593
0.997593
0.997593
0.997593
0.997593
0.997593
0.997593
0.997593
0.997593
0.997593
0.997593
0.997593
0.997593
0.997593
0.997593
0.997593
0.997593
0.997593
0.997593
0.997593
0.997593
0.997593
0.997593
0.997593
0.997593
0.997593
0.997593
0.997592
0.997592
0.997591
0.99759
0.997588
0.997584
0.99758
0.997573
0.997563
0.99755
0.997533
0.997833
0.997848
0.997859
0.997868
0.997874
0.997879
0.997882
0.997884
0.997885
0.997886
0.997887
0.997887
0.997887
0.997887
0.997887
0.997887
0.997887
0.997887
0.997887
0.997887
0.997887
0.997887
0.997887
0.997887
0.997887
0.997887
0.997887
0.997887
0.997887
0.997887
0.997887
0.997887
0.997887
0.997887
0.997887
0.997887
0.997887
0.997887
0.997887
0.997887
0.997887
0.997887
0.997887
0.997887
0.997887
0.997887
0.997887
0.997887
0.997887
0.997887
0.997886
0.997885
0.997884
0.997882
0.997879
0.997874
0.997868
0.997859
0.997848
0.997833
0.998099
0.998112
0.998123
0.998131
0.998137
0.998141
0.998144
0.998146
0.998147
0.998148
0.998148
0.998148
0.998149
0.998149
0.998149
0.998149
0.998149
0.998149
0.998149
0.998149
0.998149
0.998149
0.998149
0.998149
0.998149
0.998149
0.998149
0.998149
0.998149
0.998149
0.998149
0.998149
0.998149
0.998149
0.998149
0.998149
0.998149
0.998149
0.998149
0.998149
0.998149
0.998149
0.998149
0.998149
0.998149
0.998149
0.998149
0.998149
0.998148
0.998148
0.998148
0.998147
0.998146
0.998144
0.998141
0.998137
0.998131
0.998123
0.998112
0.998099
0.998335
0.998347
0.998357
0.998364
0.99837
0.998373
0.998376
0.998378
0.998379
0.99838
0.99838
0.998381
0.998381
0.998381
0.998381
0.998381
0.998381
0.998381
0.998381
0.998381
0.998381
0.998381
0.998381
0.998381
0.998381
0.998381
0.998381
0.998381
0.998381
0.998381
0.998381
0.998381
0.998381
0.998381
0.998381
0.998381
0.998381
0.998381
0.998381
0.998381
0.998381
0.998381
0.998381
0.998381
0.998381
0.998381
0.998381
0.998381
0.998381
0.99838
0.99838
0.998379
0.998378
0.998376
0.998373
0.99837
0.998364
0.998357
0.998347
0.998335
0.998545
0.998556
0.998564
0.998571
0.998576
0.99858
0.998582
0.998584
0.998585
0.998586
0.998586
0.998586
0.998586
0.998587
0.998587
0.998587
0.998587
0.998587
0.998587
0.998587
0.998587
0.998586
0.998586
0.998586
0.998586
0.998586
0.998586
0.998586
0.998586
0.998586
0.998586
0.998586
0.998586
0.998586
0.998586
0.998586
0.998586
0.998586
0.998586
0.998587
0.998587
0.998587
0.998587
0.998587
0.998587
0.998587
0.998587
0.998586
0.998586
0.998586
0.998586
0.998585
0.998584
0.998582
0.99858
0.998576
0.998571
0.998564
0.998556
0.998545
0.998731
0.99874
0.998748
0.998754
0.998759
0.998762
0.998764
0.998766
0.998767
0.998768
0.998768
0.998768
0.998768
0.998768
0.998769
0.998769
0.998769
0.998768
0.998768
0.998768
0.998768
0.998768
0.998768
0.998768
0.998768
0.998768
0.998768
0.998768
0.998768
0.998768
0.998768
0.998768
0.998768
0.998768
0.998768
0.998768
0.998768
0.998768
0.998768
0.998768
0.998768
0.998768
0.998768
0.998769
0.998769
0.998769
0.998768
0.998768
0.998768
0.998768
0.998768
0.998767
0.998766
0.998764
0.998762
0.998759
0.998754
0.998748
0.99874
0.998731
0.998895
0.998903
0.99891
0.998916
0.99892
0.998923
0.998925
0.998926
0.998927
0.998928
0.998929
0.998929
0.998929
0.998929
0.998929
0.998929
0.998929
0.998929
0.998929
0.998929
0.998929
0.998929
0.998929
0.998929
0.998929
0.998929
0.998929
0.998929
0.998929
0.998929
0.998929
0.998929
0.998929
0.998929
0.998929
0.998929
0.998929
0.998929
0.998929
0.998929
0.998929
0.998929
0.998929
0.998929
0.998929
0.998929
0.998929
0.998929
0.998929
0.998929
0.998928
0.998927
0.998926
0.998925
0.998923
0.99892
0.998916
0.99891
0.998903
0.998895
0.99904
0.999047
0.999053
0.999058
0.999062
0.999065
0.999067
0.999068
0.999069
0.99907
0.99907
0.99907
0.99907
0.999071
0.999071
0.999071
0.999071
0.999071
0.999071
0.999071
0.999071
0.99907
0.99907
0.99907
0.99907
0.99907
0.99907
0.99907
0.99907
0.99907
0.99907
0.99907
0.99907
0.99907
0.99907
0.99907
0.99907
0.99907
0.99907
0.999071
0.999071
0.999071
0.999071
0.999071
0.999071
0.999071
0.999071
0.99907
0.99907
0.99907
0.99907
0.999069
0.999068
0.999067
0.999065
0.999062
0.999058
0.999053
0.999047
0.99904
0.999167
0.999174
0.999179
0.999184
0.999187
0.999189
0.999191
0.999193
0.999193
0.999194
0.999194
0.999195
0.999195
0.999195
0.999195
0.999195
0.999195
0.999195
0.999195
0.999195
0.999195
0.999195
0.999195
0.999195
0.999195
0.999195
0.999195
0.999195
0.999195
0.999195
0.999195
0.999195
0.999195
0.999195
0.999195
0.999195
0.999195
0.999195
0.999195
0.999195
0.999195
0.999195
0.999195
0.999195
0.999195
0.999195
0.999195
0.999195
0.999195
0.999194
0.999194
0.999193
0.999193
0.999191
0.999189
0.999187
0.999184
0.999179
0.999174
0.999167
0.999279
0.999285
0.99929
0.999294
0.999297
0.999299
0.999301
0.999302
0.999303
0.999303
0.999304
0.999304
0.999304
0.999304
0.999304
0.999304
0.999304
0.999304
0.999304
0.999304
0.999304
0.999304
0.999304
0.999304
0.999304
0.999304
0.999304
0.999304
0.999304
0.999304
0.999304
0.999304
0.999304
0.999304
0.999304
0.999304
0.999304
0.999304
0.999304
0.999304
0.999304
0.999304
0.999304
0.999304
0.999304
0.999304
0.999304
0.999304
0.999304
0.999304
0.999303
0.999303
0.999302
0.999301
0.999299
0.999297
0.999294
0.99929
0.999285
0.999279
0.999377
0.999382
0.999387
0.99939
0.999393
0.999395
0.999396
0.999398
0.999398
0.999399
0.999399
0.999399
0.9994
0.9994
0.9994
0.9994
0.9994
0.9994
0.9994
0.9994
0.9994
0.9994
0.9994
0.9994
0.9994
0.9994
0.9994
0.9994
0.9994
0.9994
0.9994
0.9994
0.9994
0.9994
0.9994
0.9994
0.9994
0.9994
0.9994
0.9994
0.9994
0.9994
0.9994
0.9994
0.9994
0.9994
0.9994
0.9994
0.999399
0.999399
0.999399
0.999398
0.999398
0.999396
0.999395
0.999393
0.99939
0.999387
0.999382
0.999377
0.999463
0.999468
0.999471
0.999475
0.999477
0.999479
0.99948
0.999481
0.999482
0.999482
0.999483
0.999483
0.999483
0.999483
0.999483
0.999483
0.999483
0.999483
0.999483
0.999483
0.999483
0.999483
0.999483
0.999483
0.999483
0.999483
0.999483
0.999483
0.999483
0.999483
0.999483
0.999483
0.999483
0.999483
0.999483
0.999483
0.999483
0.999483
0.999483
0.999483
0.999483
0.999483
0.999483
0.999483
0.999483
0.999483
0.999483
0.999483
0.999483
0.999483
0.999482
0.999482
0.999481
0.99948
0.999479
0.999477
0.999475
0.999471
0.999468
0.999463
0.999538
0.999542
0.999545
0.999548
0.99955
0.999552
0.999553
0.999554
0.999555
0.999555
0.999556
0.999556
0.999556
0.999556
0.999556
0.999556
0.999556
0.999556
0.999556
0.999556
0.999556
0.999556
0.999556
0.999556
0.999556
0.999556
0.999556
0.999556
0.999556
0.999556
0.999556
0.999556
0.999556
0.999556
0.999556
0.999556
0.999556
0.999556
0.999556
0.999556
0.999556
0.999556
0.999556
0.999556
0.999556
0.999556
0.999556
0.999556
0.999556
0.999556
0.999555
0.999555
0.999554
0.999553
0.999552
0.99955
0.999548
0.999545
0.999542
0.999538
0.999603
0.999607
0.99961
0.999612
0.999614
0.999616
0.999617
0.999618
0.999618
0.999619
0.999619
0.999619
0.999619
0.999619
0.999619
0.999619
0.999619
0.999619
0.999619
0.999619
0.999619
0.999619
0.999619
0.999619
0.999619
0.999619
0.999619
0.999619
0.999619
0.999619
0.999619
0.999619
0.999619
0.999619
0.999619
0.999619
0.999619
0.999619
0.999619
0.999619
0.999619
0.999619
0.999619
0.999619
0.999619
0.999619
0.999619
0.999619
0.999619
0.999619
0.999619
0.999618
0.999618
0.999617
0.999616
0.999614
0.999612
0.99961
0.999607
0.999603
0.99966
0.999663
0.999666
0.999668
0.99967
0.999671
0.999672
0.999673
0.999673
0.999674
0.999674
0.999674
0.999674
0.999674
0.999674
0.999674
0.999674
0.999674
0.999674
0.999674
0.999674
0.999674
0.999674
0.999674
0.999674
0.999674
0.999674
0.999674
0.999674
0.999674
0.999674
0.999674
0.999674
0.999674
0.999674
0.999674
0.999674
0.999674
0.999674
0.999674
0.999674
0.999674
0.999674
0.999674
0.999674
0.999674
0.999674
0.999674
0.999674
0.999674
0.999674
0.999673
0.999673
0.999672
0.999671
0.99967
0.999668
0.999666
0.999663
0.99966
0.99971
0.999712
0.999715
0.999716
0.999718
0.999719
0.99972
0.999721
0.999721
0.999722
0.999722
0.999722
0.999722
0.999722
0.999722
0.999722
0.999722
0.999722
0.999722
0.999722
0.999722
0.999722
0.999722
0.999722
0.999722
0.999722
0.999722
0.999722
0.999722
0.999722
0.999722
0.999722
0.999722
0.999722
0.999722
0.999722
0.999722
0.999722
0.999722
0.999722
0.999722
0.999722
0.999722
0.999722
0.999722
0.999722
0.999722
0.999722
0.999722
0.999722
0.999722
0.999721
0.999721
0.99972
0.999719
0.999718
0.999716
0.999715
0.999712
0.99971
0.999752
0.999755
0.999757
0.999758
0.99976
0.999761
0.999761
0.999762
0.999762
0.999763
0.999763
0.999763
0.999763
0.999763
0.999763
0.999763
0.999763
0.999763
0.999763
0.999763
0.999763
0.999763
0.999763
0.999763
0.999763
0.999763
0.999763
0.999763
0.999763
0.999763
0.999763
0.999763
0.999763
0.999763
0.999763
0.999763
0.999763
0.999763
0.999763
0.999763
0.999763
0.999763
0.999763
0.999763
0.999763
0.999763
0.999763
0.999763
0.999763
0.999763
0.999763
0.999762
0.999762
0.999761
0.999761
0.99976
0.999758
0.999757
0.999755
0.999752
0.999789
0.999791
0.999793
0.999794
0.999795
0.999796
0.999797
0.999798
0.999798
0.999798
0.999799
0.999799
0.999799
0.999799
0.999799
0.999799
0.999799
0.999799
0.999799
0.999799
0.999799
0.999799
0.999799
0.999799
0.999799
0.999799
0.999799
0.999799
0.999799
0.999799
0.999799
0.999799
0.999799
0.999799
0.999799
0.999799
0.999799
0.999799
0.999799
0.999799
0.999799
0.999799
0.999799
0.999799
0.999799
0.999799
0.999799
0.999799
0.999799
0.999799
0.999798
0.999798
0.999798
0.999797
0.999796
0.999795
0.999794
0.999793
0.999791
0.999789
0.999821
0.999823
0.999824
0.999825
0.999826
0.999827
0.999828
0.999828
0.999829
0.999829
0.999829
0.999829
0.999829
0.999829
0.999829
0.999829
0.999829
0.999829
0.999829
0.999829
0.999829
0.999829
0.999829
0.999829
0.999829
0.999829
0.999829
0.999829
0.999829
0.999829
0.999829
0.999829
0.999829
0.999829
0.999829
0.999829
0.999829
0.999829
0.999829
0.999829
0.999829
0.999829
0.999829
0.999829
0.999829
0.999829
0.999829
0.999829
0.999829
0.999829
0.999829
0.999829
0.999828
0.999828
0.999827
0.999826
0.999825
0.999824
0.999823
0.999821
0.999848
0.99985
0.999851
0.999852
0.999853
0.999854
0.999854
0.999855
0.999855
0.999855
0.999855
0.999856
0.999856
0.999856
0.999856
0.999856
0.999856
0.999856
0.999856
0.999856
0.999856
0.999856
0.999856
0.999856
0.999856
0.999856
0.999855
0.999855
0.999855
0.999855
0.999855
0.999855
0.999855
0.999855
0.999856
0.999856
0.999856
0.999856
0.999856
0.999856
0.999856
0.999856
0.999856
0.999856
0.999856
0.999856
0.999856
0.999856
0.999856
0.999855
0.999855
0.999855
0.999855
0.999854
0.999854
0.999853
0.999852
0.999851
0.99985
0.999848
0.999872
0.999873
0.999874
0.999875
0.999876
0.999877
0.999877
0.999877
0.999878
0.999878
0.999878
0.999878
0.999878
0.999878
0.999878
0.999878
0.999878
0.999878
0.999878
0.999878
0.999878
0.999878
0.999878
0.999878
0.999878
0.999878
0.999878
0.999878
0.999878
0.999878
0.999878
0.999878
0.999878
0.999878
0.999878
0.999878
0.999878
0.999878
0.999878
0.999878
0.999878
0.999878
0.999878
0.999878
0.999878
0.999878
0.999878
0.999878
0.999878
0.999878
0.999878
0.999878
0.999877
0.999877
0.999877
0.999876
0.999875
0.999874
0.999873
0.999872
0.999892
0.999893
0.999894
0.999895
0.999895
0.999896
0.999896
0.999897
0.999897
0.999897
0.999897
0.999897
0.999897
0.999897
0.999897
0.999897
0.999897
0.999897
0.999897
0.999897
0.999897
0.999897
0.999897
0.999897
0.999897
0.999897
0.999897
0.999897
0.999897
0.999897
0.999897
0.999897
0.999897
0.999897
0.999897
0.999897
0.999897
0.999897
0.999897
0.999897
0.999897
0.999897
0.999897
0.999897
0.999897
0.999897
0.999897
0.999897
0.999897
0.999897
0.999897
0.999897
0.999897
0.999896
0.999896
0.999895
0.999895
0.999894
0.999893
0.999892
0.999909
0.99991
0.999911
0.999912
0.999912
0.999913
0.999913
0.999913
0.999914
0.999914
0.999914
0.999914
0.999914
0.999914
0.999914
0.999914
0.999914
0.999914
0.999914
0.999914
0.999914
0.999914
0.999914
0.999914
0.999914
0.999914
0.999914
0.999914
0.999914
0.999914
0.999914
0.999914
0.999914
0.999914
0.999914
0.999914
0.999914
0.999914
0.999914
0.999914
0.999914
0.999914
0.999914
0.999914
0.999914
0.999914
0.999914
0.999914
0.999914
0.999914
0.999914
0.999914
0.999913
0.999913
0.999913
0.999912
0.999912
0.999911
0.99991
0.999909
0.999924
0.999925
0.999926
0.999926
0.999927
0.999927
0.999927
0.999928
0.999928
0.999928
0.999928
0.999928
0.999928
0.999928
0.999928
0.999928
0.999928
0.999928
0.999928
0.999928
0.999928
0.999928
0.999928
0.999928
0.999928
0.999928
0.999928
0.999928
0.999928
0.999928
0.999928
0.999928
0.999928
0.999928
0.999928
0.999928
0.999928
0.999928
0.999928
0.999928
0.999928
0.999928
0.999928
0.999928
0.999928
0.999928
0.999928
0.999928
0.999928
0.999928
0.999928
0.999928
0.999928
0.999927
0.999927
0.999927
0.999926
0.999926
0.999925
0.999924
0.999937
0.999937
0.999938
0.999938
0.999939
0.999939
0.999939
0.99994
0.99994
0.99994
0.99994
0.99994
0.99994
0.99994
0.99994
0.99994
0.99994
0.99994
0.99994
0.99994
0.99994
0.99994
0.99994
0.99994
0.99994
0.99994
0.99994
0.99994
0.99994
0.99994
0.99994
0.99994
0.99994
0.99994
0.99994
0.99994
0.99994
0.99994
0.99994
0.99994
0.99994
0.99994
0.99994
0.99994
0.99994
0.99994
0.99994
0.99994
0.99994
0.99994
0.99994
0.99994
0.99994
0.999939
0.999939
0.999939
0.999938
0.999938
0.999937
0.999937
0.999948
0.999948
0.999949
0.999949
0.999949
0.99995
0.99995
0.99995
0.99995
0.99995
0.99995
0.99995
0.99995
0.99995
0.99995
0.99995
0.99995
0.99995
0.99995
0.99995
0.99995
0.99995
0.99995
0.99995
0.99995
0.99995
0.99995
0.99995
0.99995
0.99995
0.99995
0.99995
0.99995
0.99995
0.99995
0.99995
0.99995
0.99995
0.99995
0.99995
0.99995
0.99995
0.99995
0.99995
0.99995
0.99995
0.99995
0.99995
0.99995
0.99995
0.99995
0.99995
0.99995
0.99995
0.99995
0.999949
0.999949
0.999949
0.999948
0.999948
0.999957
0.999957
0.999958
0.999958
0.999958
0.999959
0.999959
0.999959
0.999959
0.999959
0.999959
0.999959
0.999959
0.999959
0.999959
0.999959
0.999959
0.999959
0.999959
0.999959
0.999959
0.999959
0.999959
0.999959
0.999959
0.999959
0.999959
0.999959
0.999959
0.999959
0.999959
0.999959
0.999959
0.999959
0.999959
0.999959
0.999959
0.999959
0.999959
0.999959
0.999959
0.999959
0.999959
0.999959
0.999959
0.999959
0.999959
0.999959
0.999959
0.999959
0.999959
0.999959
0.999959
0.999959
0.999959
0.999958
0.999958
0.999958
0.999957
0.999957
0.999965
0.999965
0.999966
0.999966
0.999966
0.999966
0.999966
0.999967
0.999967
0.999967
0.999967
0.999967
0.999967
0.999967
0.999967
0.999967
0.999967
0.999967
0.999967
0.999967
0.999967
0.999967
0.999967
0.999967
0.999967
0.999967
0.999967
0.999967
0.999967
0.999967
0.999967
0.999967
0.999967
0.999967
0.999967
0.999967
0.999967
0.999967
0.999967
0.999967
0.999967
0.999967
0.999967
0.999967
0.999967
0.999967
0.999967
0.999967
0.999967
0.999967
0.999967
0.999967
0.999967
0.999966
0.999966
0.999966
0.999966
0.999966
0.999965
0.999965
0.999972
0.999972
0.999972
0.999973
0.999973
0.999973
0.999973
0.999973
0.999973
0.999973
0.999973
0.999973
0.999973
0.999973
0.999973
0.999973
0.999973
0.999973
0.999973
0.999973
0.999973
0.999973
0.999973
0.999973
0.999973
0.999973
0.999973
0.999973
0.999973
0.999973
0.999973
0.999973
0.999973
0.999973
0.999973
0.999973
0.999973
0.999973
0.999973
0.999973
0.999973
0.999973
0.999973
0.999973
0.999973
0.999973
0.999973
0.999973
0.999973
0.999973
0.999973
0.999973
0.999973
0.999973
0.999973
0.999973
0.999973
0.999972
0.999972
0.999972
0.999978
0.999978
0.999978
0.999979
0.999979
0.999979
0.999979
0.999979
0.999979
0.999979
0.999979
0.999979
0.999979
0.999979
0.999979
0.999979
0.999979
0.999979
0.999979
0.999979
0.999979
0.999979
0.999979
0.999979
0.999979
0.999979
0.999979
0.999979
0.999979
0.999979
0.999979
0.999979
0.999979
0.999979
0.999979
0.999979
0.999979
0.999979
0.999979
0.999979
0.999979
0.999979
0.999979
0.999979
0.999979
0.999979
0.999979
0.999979
0.999979
0.999979
0.999979
0.999979
0.999979
0.999979
0.999979
0.999979
0.999979
0.999978
0.999978
0.999978
0.999984
0.999984
0.999984
0.999984
0.999984
0.999984
0.999984
0.999984
0.999984
0.999984
0.999984
0.999984
0.999984
0.999984
0.999984
0.999984
0.999984
0.999984
0.999984
0.999984
0.999984
0.999984
0.999984
0.999984
0.999984
0.999984
0.999984
0.999984
0.999984
0.999984
0.999984
0.999984
0.999984
0.999984
0.999984
0.999984
0.999984
0.999984
0.999984
0.999984
0.999984
0.999984
0.999984
0.999984
0.999984
0.999984
0.999984
0.999984
0.999984
0.999984
0.999984
0.999984
0.999984
0.999984
0.999984
0.999984
0.999984
0.999984
0.999984
0.999984
0.999989
0.999989
0.999989
0.999989
0.999989
0.999989
0.999989
0.999989
0.999989
0.999989
0.999989
0.999989
0.999989
0.999989
0.999989
0.999989
0.999989
0.999989
0.999989
0.999989
0.999989
0.999989
0.999989
0.999989
0.999989
0.999989
0.999989
0.999989
0.999989
0.999989
0.999989
0.999989
0.999989
0.999989
0.999989
0.999989
0.999989
0.999989
0.999989
0.999989
0.999989
0.999989
0.999989
0.999989
0.999989
0.999989
0.999989
0.999989
0.999989
0.999989
0.999989
0.999989
0.999989
0.999989
0.999989
0.999989
0.999989
0.999989
0.999989
0.999989
0.999993
0.999993
0.999993
0.999993
0.999993
0.999993
0.999993
0.999994
0.999994
0.999994
0.999994
0.999994
0.999994
0.999994
0.999994
0.999994
0.999994
0.999994
0.999994
0.999994
0.999994
0.999994
0.999994
0.999994
0.999994
0.999994
0.999994
0.999994
0.999994
0.999994
0.999994
0.999994
0.999994
0.999994
0.999994
0.999994
0.999994
0.999994
0.999994
0.999994
0.999994
0.999994
0.999994
0.999994
0.999994
0.999994
0.999994
0.999994
0.999994
0.999994
0.999994
0.999994
0.999994
0.999993
0.999993
0.999993
0.999993
0.999993
0.999993
0.999993
0.999998
0.999998
0.999998
0.999998
0.999998
0.999998
0.999998
0.999998
0.999998
0.999998
0.999998
0.999998
0.999998
0.999998
0.999998
0.999998
0.999998
0.999998
0.999998
0.999998
0.999998
0.999998
0.999998
0.999998
0.999998
0.999998
0.999998
0.999998
0.999998
0.999998
0.999998
0.999998
0.999998
0.999998
0.999998
0.999998
0.999998
0.999998
0.999998
0.999998
0.999998
0.999998
0.999998
0.999998
0.999998
0.999998
0.999998
0.999998
0.999998
0.999998
0.999998
0.999998
0.999998
0.999998
0.999998
0.999998
0.999998
0.999998
0.999998
0.999998
)
;

boundaryField
{
    top
    {
        type            fixedValue;
        value           uniform 1;
    }
    bottom
    {
        type            fixedValue;
        value           uniform 1;
    }
    wall
    {
        type            zeroGradient;
    }
    frontAndBack
    {
        type            empty;
    }
}


// ************************************************************************* //
