/*--------------------------------*- C++ -*----------------------------------*\
| =========                 |                                                 |
| \\      /  F ield         | foam-extend: Open Source CFD                    |
|  \\    /   O peration     | Version:     4.0                                |
|   \\  /    A nd           | Web:         http://www.foam-extend.org         |
|    \\/     M anipulation  |                                                 |
\*---------------------------------------------------------------------------*/
FoamFile
{
    version     2.0;
    format      ascii;
    class       volScalarField;
    location    "440";
    object      cMinus;
}
// * * * * * * * * * * * * * * * * * * * * * * * * * * * * * * * * * * * * * //

dimensions      [0 0 0 0 0 0 0];

internalField   nonuniform List<scalar> 
6960
(
0.277897
0.277996
0.278013
0.278019
0.278022
0.278023
0.278024
0.278025
0.278025
0.278026
0.278026
0.278026
0.278026
0.278026
0.278026
0.278027
0.278027
0.278027
0.278027
0.278027
0.278027
0.278027
0.278027
0.278027
0.278027
0.278027
0.278027
0.278027
0.278027
0.278027
0.278027
0.278027
0.278027
0.278027
0.278027
0.278027
0.278027
0.278027
0.278027
0.278027
0.278027
0.278027
0.278027
0.278027
0.278027
0.278026
0.278026
0.278026
0.278026
0.278026
0.278026
0.278025
0.278025
0.278024
0.278023
0.278022
0.278019
0.278013
0.277996
0.277897
0.396039
0.396155
0.396173
0.396179
0.396182
0.396184
0.396185
0.396185
0.396186
0.396186
0.396186
0.396187
0.396187
0.396187
0.396187
0.396187
0.396187
0.396187
0.396188
0.396188
0.396188
0.396188
0.396188
0.396188
0.396188
0.396188
0.396188
0.396188
0.396188
0.396188
0.396188
0.396188
0.396188
0.396188
0.396188
0.396188
0.396188
0.396188
0.396188
0.396188
0.396188
0.396188
0.396187
0.396187
0.396187
0.396187
0.396187
0.396187
0.396187
0.396186
0.396186
0.396186
0.396185
0.396185
0.396184
0.396182
0.396179
0.396173
0.396155
0.396039
0.475985
0.476108
0.476126
0.476131
0.476133
0.476135
0.476136
0.476136
0.476137
0.476137
0.476137
0.476138
0.476138
0.476138
0.476138
0.476138
0.476138
0.476138
0.476138
0.476138
0.476138
0.476139
0.476139
0.476139
0.476139
0.476139
0.476139
0.476139
0.476139
0.476139
0.476139
0.476139
0.476139
0.476139
0.476139
0.476139
0.476139
0.476139
0.476139
0.476138
0.476138
0.476138
0.476138
0.476138
0.476138
0.476138
0.476138
0.476138
0.476138
0.476137
0.476137
0.476137
0.476136
0.476136
0.476135
0.476133
0.476131
0.476126
0.476108
0.475985
0.533045
0.533173
0.533189
0.533194
0.533196
0.533197
0.533198
0.533199
0.533199
0.533199
0.5332
0.5332
0.5332
0.5332
0.5332
0.5332
0.5332
0.5332
0.533201
0.533201
0.533201
0.533201
0.533201
0.533201
0.533201
0.533201
0.533201
0.533201
0.533201
0.533201
0.533201
0.533201
0.533201
0.533201
0.533201
0.533201
0.533201
0.533201
0.533201
0.533201
0.533201
0.533201
0.5332
0.5332
0.5332
0.5332
0.5332
0.5332
0.5332
0.5332
0.533199
0.533199
0.533199
0.533198
0.533197
0.533196
0.533194
0.533189
0.533173
0.533045
0.578677
0.578809
0.578825
0.578829
0.578831
0.578832
0.578833
0.578833
0.578834
0.578834
0.578834
0.578834
0.578835
0.578835
0.578835
0.578835
0.578835
0.578835
0.578835
0.578835
0.578835
0.578835
0.578835
0.578835
0.578835
0.578835
0.578835
0.578835
0.578835
0.578835
0.578835
0.578835
0.578835
0.578835
0.578835
0.578835
0.578835
0.578835
0.578835
0.578835
0.578835
0.578835
0.578835
0.578835
0.578835
0.578835
0.578835
0.578835
0.578834
0.578834
0.578834
0.578834
0.578833
0.578833
0.578832
0.578831
0.578829
0.578825
0.578809
0.578677
0.618483
0.618619
0.618635
0.618638
0.61864
0.618641
0.618641
0.618642
0.618642
0.618642
0.618643
0.618643
0.618643
0.618643
0.618643
0.618643
0.618643
0.618643
0.618643
0.618643
0.618643
0.618643
0.618643
0.618643
0.618643
0.618643
0.618643
0.618643
0.618644
0.618644
0.618644
0.618644
0.618643
0.618643
0.618643
0.618643
0.618643
0.618643
0.618643
0.618643
0.618643
0.618643
0.618643
0.618643
0.618643
0.618643
0.618643
0.618643
0.618643
0.618643
0.618642
0.618642
0.618642
0.618641
0.618641
0.61864
0.618638
0.618635
0.618619
0.618483
0.654741
0.654881
0.654896
0.654899
0.6549
0.654901
0.654902
0.654902
0.654902
0.654903
0.654903
0.654903
0.654903
0.654903
0.654903
0.654903
0.654903
0.654903
0.654903
0.654903
0.654903
0.654903
0.654904
0.654904
0.654904
0.654904
0.654904
0.654904
0.654904
0.654904
0.654904
0.654904
0.654904
0.654904
0.654904
0.654904
0.654904
0.654904
0.654903
0.654903
0.654903
0.654903
0.654903
0.654903
0.654903
0.654903
0.654903
0.654903
0.654903
0.654903
0.654903
0.654902
0.654902
0.654902
0.654901
0.6549
0.654899
0.654896
0.654881
0.654741
0.688291
0.688434
0.688448
0.688451
0.688452
0.688453
0.688454
0.688454
0.688454
0.688454
0.688454
0.688454
0.688455
0.688455
0.688455
0.688455
0.688455
0.688455
0.688455
0.688455
0.688455
0.688455
0.688455
0.688455
0.688455
0.688455
0.688455
0.688455
0.688455
0.688455
0.688455
0.688455
0.688455
0.688455
0.688455
0.688455
0.688455
0.688455
0.688455
0.688455
0.688455
0.688455
0.688455
0.688455
0.688455
0.688455
0.688455
0.688455
0.688454
0.688454
0.688454
0.688454
0.688454
0.688454
0.688453
0.688452
0.688451
0.688448
0.688434
0.688291
0.719438
0.719582
0.719596
0.719599
0.7196
0.7196
0.719601
0.719601
0.719601
0.719601
0.719601
0.719601
0.719602
0.719602
0.719602
0.719602
0.719602
0.719602
0.719602
0.719602
0.719602
0.719602
0.719602
0.719602
0.719602
0.719602
0.719602
0.719602
0.719602
0.719602
0.719602
0.719602
0.719602
0.719602
0.719602
0.719602
0.719602
0.719602
0.719602
0.719602
0.719602
0.719602
0.719602
0.719602
0.719602
0.719602
0.719602
0.719602
0.719601
0.719601
0.719601
0.719601
0.719601
0.719601
0.7196
0.7196
0.719599
0.719596
0.719582
0.719438
0.748309
0.748454
0.748468
0.74847
0.748471
0.748472
0.748472
0.748472
0.748472
0.748472
0.748473
0.748473
0.748473
0.748473
0.748473
0.748473
0.748473
0.748473
0.748473
0.748473
0.748473
0.748473
0.748473
0.748473
0.748473
0.748473
0.748473
0.748473
0.748473
0.748473
0.748473
0.748473
0.748473
0.748473
0.748473
0.748473
0.748473
0.748473
0.748473
0.748473
0.748473
0.748473
0.748473
0.748473
0.748473
0.748473
0.748473
0.748473
0.748473
0.748473
0.748472
0.748472
0.748472
0.748472
0.748472
0.748471
0.74847
0.748468
0.748454
0.748309
0.774987
0.775132
0.775145
0.775147
0.775148
0.775148
0.775149
0.775149
0.775149
0.775149
0.775149
0.775149
0.775149
0.775149
0.775149
0.775149
0.775149
0.77515
0.77515
0.77515
0.77515
0.77515
0.77515
0.77515
0.77515
0.77515
0.77515
0.77515
0.77515
0.77515
0.77515
0.77515
0.77515
0.77515
0.77515
0.77515
0.77515
0.77515
0.77515
0.77515
0.77515
0.77515
0.77515
0.775149
0.775149
0.775149
0.775149
0.775149
0.775149
0.775149
0.775149
0.775149
0.775149
0.775149
0.775148
0.775148
0.775147
0.775145
0.775132
0.774987
0.799546
0.799689
0.799701
0.799703
0.799704
0.799705
0.799705
0.799705
0.799705
0.799705
0.799705
0.799705
0.799705
0.799705
0.799706
0.799706
0.799706
0.799706
0.799706
0.799706
0.799706
0.799706
0.799706
0.799706
0.799706
0.799706
0.799706
0.799706
0.799706
0.799706
0.799706
0.799706
0.799706
0.799706
0.799706
0.799706
0.799706
0.799706
0.799706
0.799706
0.799706
0.799706
0.799706
0.799706
0.799706
0.799706
0.799705
0.799705
0.799705
0.799705
0.799705
0.799705
0.799705
0.799705
0.799705
0.799704
0.799703
0.799701
0.799689
0.799546
0.822063
0.822204
0.822216
0.822218
0.822219
0.822219
0.822219
0.82222
0.82222
0.82222
0.82222
0.82222
0.82222
0.82222
0.82222
0.82222
0.82222
0.82222
0.82222
0.82222
0.82222
0.82222
0.82222
0.82222
0.82222
0.82222
0.82222
0.82222
0.82222
0.82222
0.82222
0.82222
0.82222
0.82222
0.82222
0.82222
0.82222
0.82222
0.82222
0.82222
0.82222
0.82222
0.82222
0.82222
0.82222
0.82222
0.82222
0.82222
0.82222
0.82222
0.82222
0.82222
0.82222
0.822219
0.822219
0.822219
0.822218
0.822216
0.822204
0.822063
0.842626
0.842763
0.842775
0.842777
0.842777
0.842778
0.842778
0.842778
0.842778
0.842778
0.842778
0.842778
0.842778
0.842778
0.842778
0.842778
0.842778
0.842779
0.842779
0.842779
0.842779
0.842779
0.842779
0.842779
0.842779
0.842779
0.842779
0.842779
0.842779
0.842779
0.842779
0.842779
0.842779
0.842779
0.842779
0.842779
0.842779
0.842779
0.842779
0.842779
0.842779
0.842779
0.842779
0.842778
0.842778
0.842778
0.842778
0.842778
0.842778
0.842778
0.842778
0.842778
0.842778
0.842778
0.842778
0.842777
0.842777
0.842775
0.842763
0.842626
0.861325
0.861458
0.86147
0.861472
0.861472
0.861472
0.861473
0.861473
0.861473
0.861473
0.861473
0.861473
0.861473
0.861473
0.861473
0.861473
0.861473
0.861473
0.861473
0.861473
0.861473
0.861473
0.861473
0.861473
0.861473
0.861473
0.861473
0.861473
0.861473
0.861473
0.861473
0.861473
0.861473
0.861473
0.861473
0.861473
0.861473
0.861473
0.861473
0.861473
0.861473
0.861473
0.861473
0.861473
0.861473
0.861473
0.861473
0.861473
0.861473
0.861473
0.861473
0.861473
0.861473
0.861473
0.861472
0.861472
0.861472
0.86147
0.861458
0.861325
0.878258
0.878388
0.878399
0.8784
0.878401
0.878401
0.878401
0.878401
0.878401
0.878401
0.878401
0.878401
0.878401
0.878401
0.878401
0.878401
0.878401
0.878401
0.878401
0.878402
0.878402
0.878402
0.878402
0.878402
0.878402
0.878402
0.878402
0.878402
0.878402
0.878402
0.878402
0.878402
0.878402
0.878402
0.878402
0.878402
0.878402
0.878402
0.878402
0.878402
0.878402
0.878401
0.878401
0.878401
0.878401
0.878401
0.878401
0.878401
0.878401
0.878401
0.878401
0.878401
0.878401
0.878401
0.878401
0.878401
0.8784
0.878399
0.878388
0.878258
0.893528
0.893652
0.893663
0.893664
0.893665
0.893665
0.893665
0.893665
0.893665
0.893665
0.893665
0.893665
0.893665
0.893665
0.893665
0.893665
0.893665
0.893665
0.893666
0.893666
0.893666
0.893666
0.893666
0.893666
0.893666
0.893666
0.893666
0.893666
0.893666
0.893666
0.893666
0.893666
0.893666
0.893666
0.893666
0.893666
0.893666
0.893666
0.893666
0.893666
0.893666
0.893666
0.893665
0.893665
0.893665
0.893665
0.893665
0.893665
0.893665
0.893665
0.893665
0.893665
0.893665
0.893665
0.893665
0.893665
0.893664
0.893663
0.893652
0.893528
0.907238
0.907357
0.907368
0.907369
0.907369
0.907369
0.907369
0.907369
0.90737
0.90737
0.90737
0.90737
0.90737
0.90737
0.90737
0.90737
0.90737
0.90737
0.90737
0.90737
0.90737
0.90737
0.90737
0.90737
0.90737
0.90737
0.90737
0.90737
0.90737
0.90737
0.90737
0.90737
0.90737
0.90737
0.90737
0.90737
0.90737
0.90737
0.90737
0.90737
0.90737
0.90737
0.90737
0.90737
0.90737
0.90737
0.90737
0.90737
0.90737
0.90737
0.90737
0.90737
0.907369
0.907369
0.907369
0.907369
0.907369
0.907368
0.907357
0.907238
0.919496
0.919608
0.919619
0.91962
0.91962
0.91962
0.91962
0.91962
0.91962
0.91962
0.91962
0.91962
0.91962
0.91962
0.91962
0.91962
0.91962
0.91962
0.919621
0.919621
0.919621
0.919621
0.919621
0.919621
0.919621
0.919621
0.919621
0.919621
0.919621
0.919621
0.919621
0.919621
0.919621
0.919621
0.919621
0.919621
0.919621
0.919621
0.919621
0.919621
0.919621
0.919621
0.91962
0.91962
0.91962
0.91962
0.91962
0.91962
0.91962
0.91962
0.91962
0.91962
0.91962
0.91962
0.91962
0.91962
0.91962
0.919619
0.919608
0.919496
0.930406
0.930513
0.930522
0.930523
0.930524
0.930524
0.930524
0.930524
0.930524
0.930524
0.930524
0.930524
0.930524
0.930524
0.930524
0.930524
0.930524
0.930524
0.930524
0.930524
0.930524
0.930524
0.930524
0.930524
0.930524
0.930524
0.930524
0.930524
0.930524
0.930524
0.930524
0.930524
0.930524
0.930524
0.930524
0.930524
0.930524
0.930524
0.930524
0.930524
0.930524
0.930524
0.930524
0.930524
0.930524
0.930524
0.930524
0.930524
0.930524
0.930524
0.930524
0.930524
0.930524
0.930524
0.930524
0.930524
0.930523
0.930522
0.930513
0.930406
0.940075
0.940175
0.940184
0.940185
0.940186
0.940186
0.940186
0.940186
0.940186
0.940186
0.940186
0.940186
0.940186
0.940186
0.940186
0.940186
0.940186
0.940186
0.940186
0.940186
0.940186
0.940186
0.940186
0.940186
0.940186
0.940186
0.940186
0.940186
0.940186
0.940186
0.940186
0.940186
0.940186
0.940186
0.940186
0.940186
0.940186
0.940186
0.940186
0.940186
0.940186
0.940186
0.940186
0.940186
0.940186
0.940186
0.940186
0.940186
0.940186
0.940186
0.940186
0.940186
0.940186
0.940186
0.940186
0.940186
0.940185
0.940184
0.940175
0.940075
0.948606
0.948699
0.948708
0.948709
0.948709
0.948709
0.948709
0.948709
0.948709
0.948709
0.948709
0.948709
0.94871
0.94871
0.94871
0.94871
0.94871
0.94871
0.94871
0.94871
0.94871
0.94871
0.94871
0.94871
0.94871
0.94871
0.94871
0.94871
0.94871
0.94871
0.94871
0.94871
0.94871
0.94871
0.94871
0.94871
0.94871
0.94871
0.94871
0.94871
0.94871
0.94871
0.94871
0.94871
0.94871
0.94871
0.94871
0.94871
0.948709
0.948709
0.948709
0.948709
0.948709
0.948709
0.948709
0.948709
0.948709
0.948708
0.948699
0.948606
0.956099
0.956186
0.956194
0.956195
0.956195
0.956195
0.956195
0.956195
0.956196
0.956196
0.956196
0.956196
0.956196
0.956196
0.956196
0.956196
0.956196
0.956196
0.956196
0.956196
0.956196
0.956196
0.956196
0.956196
0.956196
0.956196
0.956196
0.956196
0.956196
0.956196
0.956196
0.956196
0.956196
0.956196
0.956196
0.956196
0.956196
0.956196
0.956196
0.956196
0.956196
0.956196
0.956196
0.956196
0.956196
0.956196
0.956196
0.956196
0.956196
0.956196
0.956196
0.956196
0.956195
0.956195
0.956195
0.956195
0.956195
0.956194
0.956186
0.956099
0.962651
0.962732
0.96274
0.962741
0.962741
0.962741
0.962741
0.962741
0.962741
0.962741
0.962741
0.962741
0.962741
0.962741
0.962741
0.962741
0.962741
0.962741
0.962741
0.962741
0.962741
0.962741
0.962741
0.962741
0.962741
0.962741
0.962741
0.962741
0.962741
0.962741
0.962741
0.962741
0.962741
0.962741
0.962741
0.962741
0.962741
0.962741
0.962741
0.962741
0.962741
0.962741
0.962741
0.962741
0.962741
0.962741
0.962741
0.962741
0.962741
0.962741
0.962741
0.962741
0.962741
0.962741
0.962741
0.962741
0.962741
0.96274
0.962732
0.962651
0.968355
0.968429
0.968437
0.968438
0.968438
0.968438
0.968438
0.968438
0.968438
0.968438
0.968438
0.968438
0.968438
0.968438
0.968438
0.968438
0.968438
0.968438
0.968438
0.968438
0.968438
0.968438
0.968438
0.968438
0.968438
0.968438
0.968438
0.968438
0.968438
0.968438
0.968438
0.968438
0.968438
0.968438
0.968438
0.968438
0.968438
0.968438
0.968438
0.968438
0.968438
0.968438
0.968438
0.968438
0.968438
0.968438
0.968438
0.968438
0.968438
0.968438
0.968438
0.968438
0.968438
0.968438
0.968438
0.968438
0.968438
0.968437
0.968429
0.968355
0.973298
0.973366
0.973373
0.973374
0.973374
0.973374
0.973374
0.973374
0.973374
0.973374
0.973374
0.973374
0.973374
0.973374
0.973374
0.973374
0.973374
0.973374
0.973374
0.973374
0.973374
0.973374
0.973374
0.973374
0.973374
0.973374
0.973374
0.973374
0.973374
0.973374
0.973374
0.973374
0.973374
0.973374
0.973374
0.973374
0.973374
0.973374
0.973374
0.973374
0.973374
0.973374
0.973374
0.973374
0.973374
0.973374
0.973374
0.973374
0.973374
0.973374
0.973374
0.973374
0.973374
0.973374
0.973374
0.973374
0.973374
0.973373
0.973366
0.973298
0.977562
0.977624
0.97763
0.977631
0.977631
0.977631
0.977631
0.977631
0.977631
0.977631
0.977631
0.977631
0.977631
0.977631
0.977631
0.977631
0.977631
0.977631
0.977631
0.977631
0.977631
0.977631
0.977631
0.977631
0.977631
0.977631
0.977631
0.977631
0.977631
0.977631
0.977631
0.977631
0.977631
0.977631
0.977631
0.977631
0.977631
0.977631
0.977631
0.977631
0.977631
0.977631
0.977631
0.977631
0.977631
0.977631
0.977631
0.977631
0.977631
0.977631
0.977631
0.977631
0.977631
0.977631
0.977631
0.977631
0.977631
0.97763
0.977624
0.977562
0.981224
0.981279
0.981286
0.981286
0.981286
0.981286
0.981286
0.981286
0.981286
0.981286
0.981286
0.981286
0.981286
0.981286
0.981286
0.981286
0.981286
0.981286
0.981286
0.981286
0.981286
0.981286
0.981286
0.981286
0.981286
0.981286
0.981286
0.981286
0.981286
0.981286
0.981286
0.981286
0.981286
0.981286
0.981286
0.981286
0.981286
0.981286
0.981286
0.981286
0.981286
0.981286
0.981286
0.981286
0.981286
0.981286
0.981286
0.981286
0.981286
0.981286
0.981286
0.981286
0.981286
0.981286
0.981286
0.981286
0.981286
0.981286
0.981279
0.981224
0.984353
0.984404
0.984409
0.98441
0.98441
0.98441
0.98441
0.98441
0.98441
0.98441
0.98441
0.98441
0.98441
0.98441
0.98441
0.98441
0.98441
0.98441
0.98441
0.98441
0.98441
0.98441
0.98441
0.98441
0.98441
0.98441
0.98441
0.98441
0.98441
0.98441
0.98441
0.98441
0.98441
0.98441
0.98441
0.98441
0.98441
0.98441
0.98441
0.98441
0.98441
0.98441
0.98441
0.98441
0.98441
0.98441
0.98441
0.98441
0.98441
0.98441
0.98441
0.98441
0.98441
0.98441
0.98441
0.98441
0.98441
0.984409
0.984404
0.984353
0.987016
0.987061
0.987067
0.987067
0.987067
0.987067
0.987067
0.987067
0.987067
0.987067
0.987067
0.987067
0.987067
0.987067
0.987067
0.987067
0.987067
0.987067
0.987067
0.987067
0.987067
0.987067
0.987067
0.987067
0.987067
0.987067
0.987067
0.987067
0.987067
0.987067
0.987067
0.987067
0.987067
0.987067
0.987067
0.987067
0.987067
0.987067
0.987067
0.987067
0.987067
0.987067
0.987067
0.987067
0.987067
0.987067
0.987067
0.987067
0.987067
0.987067
0.987067
0.987067
0.987067
0.987067
0.987067
0.987067
0.987067
0.987067
0.987061
0.987016
0.989272
0.989312
0.989317
0.989317
0.989317
0.989317
0.989317
0.989317
0.989317
0.989317
0.989317
0.989317
0.989317
0.989317
0.989317
0.989317
0.989317
0.989317
0.989317
0.989317
0.989317
0.989317
0.989317
0.989317
0.989317
0.989317
0.989317
0.989317
0.989317
0.989317
0.989317
0.989317
0.989317
0.989317
0.989317
0.989317
0.989317
0.989317
0.989317
0.989317
0.989317
0.989317
0.989317
0.989317
0.989317
0.989317
0.989317
0.989317
0.989317
0.989317
0.989317
0.989317
0.989317
0.989317
0.989317
0.989317
0.989317
0.989317
0.989312
0.989272
0.991173
0.991209
0.991213
0.991214
0.991214
0.991214
0.991214
0.991214
0.991214
0.991214
0.991214
0.991214
0.991214
0.991214
0.991214
0.991214
0.991214
0.991214
0.991214
0.991214
0.991214
0.991214
0.991214
0.991214
0.991214
0.991214
0.991214
0.991214
0.991214
0.991214
0.991214
0.991214
0.991214
0.991214
0.991214
0.991214
0.991214
0.991214
0.991214
0.991214
0.991214
0.991214
0.991214
0.991214
0.991214
0.991214
0.991214
0.991214
0.991214
0.991214
0.991214
0.991214
0.991214
0.991214
0.991214
0.991214
0.991214
0.991213
0.991209
0.991173
0.992768
0.9928
0.992804
0.992804
0.992804
0.992804
0.992804
0.992804
0.992804
0.992804
0.992804
0.992804
0.992804
0.992804
0.992804
0.992804
0.992804
0.992804
0.992804
0.992804
0.992804
0.992804
0.992804
0.992804
0.992804
0.992804
0.992804
0.992804
0.992804
0.992804
0.992804
0.992804
0.992804
0.992804
0.992804
0.992804
0.992804
0.992804
0.992804
0.992804
0.992804
0.992804
0.992804
0.992804
0.992804
0.992804
0.992804
0.992804
0.992804
0.992804
0.992804
0.992804
0.992804
0.992804
0.992804
0.992804
0.992804
0.992804
0.9928
0.992768
0.994101
0.994129
0.994132
0.994133
0.994133
0.994133
0.994133
0.994133
0.994133
0.994133
0.994133
0.994133
0.994133
0.994133
0.994133
0.994133
0.994133
0.994133
0.994133
0.994133
0.994133
0.994133
0.994133
0.994133
0.994133
0.994133
0.994133
0.994133
0.994133
0.994133
0.994133
0.994133
0.994133
0.994133
0.994133
0.994133
0.994133
0.994133
0.994133
0.994133
0.994133
0.994133
0.994133
0.994133
0.994133
0.994133
0.994133
0.994133
0.994133
0.994133
0.994133
0.994133
0.994133
0.994133
0.994133
0.994133
0.994133
0.994132
0.994129
0.994101
0.995209
0.995233
0.995236
0.995236
0.995237
0.995237
0.995237
0.995237
0.995237
0.995237
0.995237
0.995237
0.995237
0.995237
0.995237
0.995237
0.995237
0.995237
0.995237
0.995237
0.995237
0.995237
0.995237
0.995237
0.995237
0.995237
0.995237
0.995237
0.995237
0.995237
0.995237
0.995237
0.995237
0.995237
0.995237
0.995237
0.995237
0.995237
0.995237
0.995237
0.995237
0.995237
0.995237
0.995237
0.995237
0.995237
0.995237
0.995237
0.995237
0.995237
0.995237
0.995237
0.995237
0.995237
0.995237
0.995237
0.995236
0.995236
0.995233
0.995209
0.996125
0.996146
0.996149
0.99615
0.99615
0.99615
0.99615
0.99615
0.99615
0.99615
0.99615
0.99615
0.99615
0.99615
0.99615
0.99615
0.99615
0.99615
0.99615
0.99615
0.99615
0.99615
0.99615
0.99615
0.99615
0.99615
0.99615
0.99615
0.99615
0.99615
0.99615
0.99615
0.99615
0.99615
0.99615
0.99615
0.99615
0.99615
0.99615
0.99615
0.99615
0.99615
0.99615
0.99615
0.99615
0.99615
0.99615
0.99615
0.99615
0.99615
0.99615
0.99615
0.99615
0.99615
0.99615
0.99615
0.99615
0.996149
0.996146
0.996125
0.99688
0.996898
0.996901
0.996901
0.996901
0.996901
0.996901
0.996901
0.996901
0.996901
0.996901
0.996901
0.996901
0.996901
0.996901
0.996901
0.996901
0.996901
0.996901
0.996901
0.996901
0.996901
0.996901
0.996901
0.996901
0.996901
0.996901
0.996901
0.996901
0.996901
0.996901
0.996901
0.996901
0.996901
0.996901
0.996901
0.996901
0.996901
0.996901
0.996901
0.996901
0.996901
0.996901
0.996901
0.996901
0.996901
0.996901
0.996901
0.996901
0.996901
0.996901
0.996901
0.996901
0.996901
0.996901
0.996901
0.996901
0.996901
0.996898
0.99688
0.997499
0.997514
0.997517
0.997517
0.997517
0.997517
0.997517
0.997517
0.997517
0.997517
0.997517
0.997517
0.997517
0.997517
0.997517
0.997517
0.997517
0.997517
0.997517
0.997517
0.997517
0.997517
0.997517
0.997517
0.997517
0.997517
0.997517
0.997517
0.997517
0.997517
0.997517
0.997517
0.997517
0.997517
0.997517
0.997517
0.997517
0.997517
0.997517
0.997517
0.997517
0.997517
0.997517
0.997517
0.997517
0.997517
0.997517
0.997517
0.997517
0.997517
0.997517
0.997517
0.997517
0.997517
0.997517
0.997517
0.997517
0.997517
0.997514
0.997499
0.998004
0.998017
0.998019
0.998019
0.998019
0.998019
0.998019
0.998019
0.998019
0.998019
0.998019
0.998019
0.998019
0.998019
0.998019
0.998019
0.998019
0.998019
0.998019
0.998019
0.998019
0.998019
0.998019
0.998019
0.998019
0.998019
0.998019
0.998019
0.998019
0.998019
0.998019
0.998019
0.998019
0.998019
0.998019
0.998019
0.998019
0.998019
0.998019
0.998019
0.998019
0.998019
0.998019
0.998019
0.998019
0.998019
0.998019
0.998019
0.998019
0.998019
0.998019
0.998019
0.998019
0.998019
0.998019
0.998019
0.998019
0.998019
0.998017
0.998004
0.998414
0.998425
0.998427
0.998427
0.998427
0.998427
0.998427
0.998427
0.998427
0.998427
0.998427
0.998427
0.998427
0.998427
0.998427
0.998427
0.998427
0.998427
0.998427
0.998427
0.998427
0.998427
0.998427
0.998427
0.998427
0.998427
0.998427
0.998427
0.998427
0.998427
0.998427
0.998427
0.998427
0.998427
0.998427
0.998427
0.998427
0.998427
0.998427
0.998427
0.998427
0.998427
0.998427
0.998427
0.998427
0.998427
0.998427
0.998427
0.998427
0.998427
0.998427
0.998427
0.998427
0.998427
0.998427
0.998427
0.998427
0.998427
0.998425
0.998414
0.998745
0.998755
0.998756
0.998756
0.998756
0.998756
0.998756
0.998756
0.998756
0.998756
0.998756
0.998756
0.998756
0.998756
0.998756
0.998756
0.998756
0.998756
0.998756
0.998756
0.998756
0.998756
0.998756
0.998756
0.998756
0.998756
0.998756
0.998756
0.998756
0.998756
0.998756
0.998756
0.998756
0.998756
0.998756
0.998756
0.998756
0.998756
0.998756
0.998756
0.998756
0.998756
0.998756
0.998756
0.998756
0.998756
0.998756
0.998756
0.998756
0.998756
0.998756
0.998756
0.998756
0.998756
0.998756
0.998756
0.998756
0.998756
0.998755
0.998745
0.999012
0.99902
0.999021
0.999021
0.999021
0.999021
0.999021
0.999021
0.999021
0.999021
0.999021
0.999021
0.999021
0.999021
0.999021
0.999021
0.999021
0.999021
0.999021
0.999021
0.999021
0.999021
0.999021
0.999021
0.999021
0.999021
0.999021
0.999021
0.999021
0.999021
0.999021
0.999021
0.999021
0.999021
0.999021
0.999021
0.999021
0.999021
0.999021
0.999021
0.999021
0.999021
0.999021
0.999021
0.999021
0.999021
0.999021
0.999021
0.999021
0.999021
0.999021
0.999021
0.999021
0.999021
0.999021
0.999021
0.999021
0.999021
0.99902
0.999012
0.999225
0.999232
0.999233
0.999233
0.999233
0.999233
0.999233
0.999233
0.999233
0.999233
0.999233
0.999233
0.999233
0.999233
0.999233
0.999233
0.999233
0.999233
0.999233
0.999233
0.999233
0.999233
0.999233
0.999233
0.999233
0.999233
0.999233
0.999233
0.999233
0.999233
0.999233
0.999233
0.999233
0.999233
0.999233
0.999233
0.999233
0.999233
0.999233
0.999233
0.999233
0.999233
0.999233
0.999233
0.999233
0.999233
0.999233
0.999233
0.999233
0.999233
0.999233
0.999233
0.999233
0.999233
0.999233
0.999233
0.999233
0.999233
0.999232
0.999225
0.999395
0.999401
0.999402
0.999402
0.999402
0.999402
0.999402
0.999402
0.999402
0.999402
0.999402
0.999402
0.999402
0.999402
0.999402
0.999402
0.999402
0.999402
0.999402
0.999402
0.999402
0.999402
0.999402
0.999402
0.999402
0.999402
0.999402
0.999402
0.999402
0.999402
0.999402
0.999402
0.999402
0.999402
0.999402
0.999402
0.999402
0.999402
0.999402
0.999402
0.999402
0.999402
0.999402
0.999402
0.999402
0.999402
0.999402
0.999402
0.999402
0.999402
0.999402
0.999402
0.999402
0.999402
0.999402
0.999402
0.999402
0.999402
0.999401
0.999395
0.99953
0.999534
0.999535
0.999535
0.999535
0.999535
0.999535
0.999535
0.999535
0.999535
0.999535
0.999535
0.999535
0.999535
0.999535
0.999535
0.999535
0.999535
0.999535
0.999535
0.999535
0.999535
0.999535
0.999535
0.999535
0.999535
0.999535
0.999535
0.999535
0.999535
0.999535
0.999535
0.999535
0.999535
0.999535
0.999535
0.999535
0.999535
0.999535
0.999535
0.999535
0.999535
0.999535
0.999535
0.999535
0.999535
0.999535
0.999535
0.999535
0.999535
0.999535
0.999535
0.999535
0.999535
0.999535
0.999535
0.999535
0.999535
0.999534
0.99953
0.999636
0.99964
0.999641
0.999641
0.999641
0.999641
0.999641
0.999641
0.999641
0.999641
0.999641
0.999641
0.999641
0.999641
0.999641
0.999641
0.999641
0.999641
0.999641
0.999641
0.999641
0.999641
0.999641
0.999641
0.999641
0.999641
0.999641
0.999641
0.999641
0.999641
0.999641
0.999641
0.999641
0.999641
0.999641
0.999641
0.999641
0.999641
0.999641
0.999641
0.999641
0.999641
0.999641
0.999641
0.999641
0.999641
0.999641
0.999641
0.999641
0.999641
0.999641
0.999641
0.999641
0.999641
0.999641
0.999641
0.999641
0.999641
0.99964
0.999636
0.99972
0.999723
0.999724
0.999724
0.999724
0.999724
0.999724
0.999724
0.999724
0.999724
0.999724
0.999724
0.999724
0.999724
0.999724
0.999724
0.999724
0.999724
0.999724
0.999724
0.999724
0.999724
0.999724
0.999724
0.999724
0.999724
0.999724
0.999724
0.999724
0.999724
0.999724
0.999724
0.999724
0.999724
0.999724
0.999724
0.999724
0.999724
0.999724
0.999724
0.999724
0.999724
0.999724
0.999724
0.999724
0.999724
0.999724
0.999724
0.999724
0.999724
0.999724
0.999724
0.999724
0.999724
0.999724
0.999724
0.999724
0.999724
0.999723
0.99972
0.999785
0.999788
0.999788
0.999788
0.999788
0.999788
0.999788
0.999788
0.999788
0.999788
0.999788
0.999788
0.999788
0.999788
0.999788
0.999788
0.999788
0.999788
0.999788
0.999788
0.999788
0.999788
0.999788
0.999788
0.999788
0.999788
0.999788
0.999788
0.999788
0.999788
0.999788
0.999788
0.999788
0.999788
0.999788
0.999788
0.999788
0.999788
0.999788
0.999788
0.999788
0.999788
0.999788
0.999788
0.999788
0.999788
0.999788
0.999788
0.999788
0.999788
0.999788
0.999788
0.999788
0.999788
0.999788
0.999788
0.999788
0.999788
0.999788
0.999785
0.999836
0.999838
0.999838
0.999839
0.999839
0.999839
0.999839
0.999839
0.999839
0.999839
0.999839
0.999839
0.999839
0.999839
0.999839
0.999839
0.999839
0.999839
0.999839
0.999839
0.999839
0.999839
0.999839
0.999839
0.999839
0.999839
0.999839
0.999839
0.999839
0.999839
0.999839
0.999839
0.999839
0.999839
0.999839
0.999839
0.999839
0.999839
0.999839
0.999839
0.999839
0.999839
0.999839
0.999839
0.999839
0.999839
0.999839
0.999839
0.999839
0.999839
0.999839
0.999839
0.999839
0.999839
0.999839
0.999839
0.999839
0.999838
0.999838
0.999836
0.999875
0.999877
0.999877
0.999877
0.999877
0.999877
0.999877
0.999877
0.999877
0.999877
0.999877
0.999877
0.999877
0.999877
0.999877
0.999877
0.999877
0.999877
0.999877
0.999877
0.999877
0.999877
0.999877
0.999877
0.999877
0.999877
0.999877
0.999877
0.999877
0.999877
0.999877
0.999877
0.999877
0.999877
0.999877
0.999877
0.999877
0.999877
0.999877
0.999877
0.999877
0.999877
0.999877
0.999877
0.999877
0.999877
0.999877
0.999877
0.999877
0.999877
0.999877
0.999877
0.999877
0.999877
0.999877
0.999877
0.999877
0.999877
0.999877
0.999875
0.999906
0.999907
0.999907
0.999907
0.999907
0.999907
0.999907
0.999907
0.999907
0.999907
0.999907
0.999907
0.999907
0.999907
0.999907
0.999907
0.999907
0.999907
0.999907
0.999907
0.999907
0.999907
0.999907
0.999907
0.999907
0.999907
0.999907
0.999907
0.999907
0.999907
0.999907
0.999907
0.999907
0.999907
0.999907
0.999907
0.999907
0.999907
0.999907
0.999907
0.999907
0.999907
0.999907
0.999907
0.999907
0.999907
0.999907
0.999907
0.999907
0.999907
0.999907
0.999907
0.999907
0.999907
0.999907
0.999907
0.999907
0.999907
0.999907
0.999906
0.999929
0.99993
0.99993
0.99993
0.99993
0.99993
0.99993
0.99993
0.99993
0.99993
0.99993
0.99993
0.99993
0.99993
0.99993
0.99993
0.99993
0.99993
0.99993
0.99993
0.99993
0.99993
0.99993
0.99993
0.99993
0.99993
0.99993
0.99993
0.99993
0.99993
0.99993
0.99993
0.99993
0.99993
0.99993
0.99993
0.99993
0.99993
0.99993
0.99993
0.99993
0.99993
0.99993
0.99993
0.99993
0.99993
0.99993
0.99993
0.99993
0.99993
0.99993
0.99993
0.99993
0.99993
0.99993
0.99993
0.99993
0.99993
0.99993
0.999929
0.999947
0.999948
0.999948
0.999948
0.999948
0.999948
0.999948
0.999948
0.999948
0.999948
0.999948
0.999948
0.999948
0.999948
0.999948
0.999948
0.999948
0.999948
0.999948
0.999948
0.999948
0.999948
0.999948
0.999948
0.999948
0.999948
0.999948
0.999948
0.999948
0.999948
0.999948
0.999948
0.999948
0.999948
0.999948
0.999948
0.999948
0.999948
0.999948
0.999948
0.999948
0.999948
0.999948
0.999948
0.999948
0.999948
0.999948
0.999948
0.999948
0.999948
0.999948
0.999948
0.999948
0.999948
0.999948
0.999948
0.999948
0.999948
0.999948
0.999947
0.99996
0.999961
0.999961
0.999961
0.999961
0.999961
0.999961
0.999961
0.999961
0.999961
0.999961
0.999961
0.999961
0.999961
0.999961
0.999961
0.999961
0.999961
0.999961
0.999961
0.999961
0.999961
0.999961
0.999961
0.999961
0.999961
0.999961
0.999961
0.999961
0.999961
0.999961
0.999961
0.999961
0.999961
0.999961
0.999961
0.999961
0.999961
0.999961
0.999961
0.999961
0.999961
0.999961
0.999961
0.999961
0.999961
0.999961
0.999961
0.999961
0.999961
0.999961
0.999961
0.999961
0.999961
0.999961
0.999961
0.999961
0.999961
0.999961
0.99996
0.999971
0.999971
0.999971
0.999971
0.999971
0.999971
0.999971
0.999971
0.999971
0.999971
0.999971
0.999971
0.999971
0.999971
0.999971
0.999971
0.999971
0.999971
0.999971
0.999971
0.999971
0.999971
0.999971
0.999971
0.999971
0.999971
0.999971
0.999971
0.999971
0.999971
0.999971
0.999971
0.999971
0.999971
0.999971
0.999971
0.999971
0.999971
0.999971
0.999971
0.999971
0.999971
0.999971
0.999971
0.999971
0.999971
0.999971
0.999971
0.999971
0.999971
0.999971
0.999971
0.999971
0.999971
0.999971
0.999971
0.999971
0.999971
0.999971
0.999971
0.999978
0.999979
0.999979
0.999979
0.999979
0.999979
0.999979
0.999979
0.999979
0.999979
0.999979
0.999979
0.999979
0.999979
0.999979
0.999979
0.999979
0.999979
0.999979
0.999979
0.999979
0.999979
0.999979
0.999979
0.999979
0.999979
0.999979
0.999979
0.999979
0.999979
0.999979
0.999979
0.999979
0.999979
0.999979
0.999979
0.999979
0.999979
0.999979
0.999979
0.999979
0.999979
0.999979
0.999979
0.999979
0.999979
0.999979
0.999979
0.999979
0.999979
0.999979
0.999979
0.999979
0.999979
0.999979
0.999979
0.999979
0.999979
0.999979
0.999978
0.999984
0.999984
0.999984
0.999984
0.999984
0.999984
0.999984
0.999984
0.999984
0.999984
0.999984
0.999984
0.999984
0.999984
0.999984
0.999984
0.999984
0.999984
0.999984
0.999984
0.999984
0.999984
0.999984
0.999984
0.999984
0.999984
0.999984
0.999984
0.999984
0.999984
0.999984
0.999984
0.999984
0.999984
0.999984
0.999984
0.999984
0.999984
0.999984
0.999984
0.999984
0.999984
0.999984
0.999984
0.999984
0.999984
0.999984
0.999984
0.999984
0.999984
0.999984
0.999984
0.999984
0.999984
0.999984
0.999984
0.999984
0.999984
0.999984
0.999984
0.999988
0.999988
0.999989
0.999989
0.999989
0.999989
0.999989
0.999989
0.999989
0.999989
0.999989
0.999989
0.999989
0.999989
0.999989
0.999989
0.999989
0.999989
0.999989
0.999989
0.999989
0.999989
0.999989
0.999989
0.999989
0.999989
0.999989
0.999989
0.999989
0.999989
0.999989
0.999989
0.999989
0.999989
0.999989
0.999989
0.999989
0.999989
0.999989
0.999989
0.999989
0.999989
0.999989
0.999989
0.999989
0.999989
0.999989
0.999989
0.999989
0.999989
0.999989
0.999989
0.999989
0.999989
0.999989
0.999989
0.999989
0.999989
0.999988
0.999988
0.999991
0.999992
0.999992
0.999992
0.999992
0.999992
0.999992
0.999992
0.999992
0.999992
0.999992
0.999992
0.999992
0.999992
0.999992
0.999992
0.999992
0.999992
0.999992
0.999992
0.999992
0.999992
0.999992
0.999992
0.999992
0.999992
0.999992
0.999992
0.999992
0.999992
0.999992
0.999992
0.999992
0.999992
0.999992
0.999992
0.999992
0.999992
0.999992
0.999992
0.999992
0.999992
0.999992
0.999992
0.999992
0.999992
0.999992
0.999992
0.999992
0.999992
0.999992
0.999992
0.999992
0.999992
0.999992
0.999992
0.999992
0.999992
0.999992
0.999991
0.999994
0.999994
0.999994
0.999994
0.999994
0.999994
0.999994
0.999994
0.999994
0.999994
0.999994
0.999994
0.999994
0.999994
0.999994
0.999994
0.999994
0.999994
0.999994
0.999994
0.999994
0.999994
0.999994
0.999994
0.999994
0.999994
0.999994
0.999994
0.999994
0.999994
0.999994
0.999994
0.999994
0.999994
0.999994
0.999994
0.999994
0.999994
0.999994
0.999994
0.999994
0.999994
0.999994
0.999994
0.999994
0.999994
0.999994
0.999994
0.999994
0.999994
0.999994
0.999994
0.999994
0.999994
0.999994
0.999994
0.999994
0.999994
0.999994
0.999994
0.999996
0.999996
0.999996
0.999996
0.999996
0.999996
0.999996
0.999996
0.999996
0.999996
0.999996
0.999996
0.999996
0.999996
0.999996
0.999996
0.999996
0.999996
0.999996
0.999996
0.999996
0.999996
0.999996
0.999996
0.999996
0.999996
0.999996
0.999996
0.999996
0.999996
0.999996
0.999996
0.999996
0.999996
0.999996
0.999996
0.999996
0.999996
0.999996
0.999996
0.999996
0.999996
0.999996
0.999996
0.999996
0.999996
0.999996
0.999996
0.999996
0.999996
0.999996
0.999996
0.999996
0.999996
0.999996
0.999996
0.999996
0.999996
0.999996
0.999996
0.999997
0.999997
0.999997
0.999997
0.999997
0.999997
0.999997
0.999997
0.999997
0.999997
0.999997
0.999997
0.999997
0.999997
0.999997
0.999997
0.999997
0.999997
0.999997
0.999997
0.999997
0.999997
0.999997
0.999997
0.999997
0.999997
0.999997
0.999997
0.999997
0.999997
0.999997
0.999997
0.999997
0.999997
0.999997
0.999997
0.999997
0.999997
0.999997
0.999997
0.999997
0.999997
0.999997
0.999997
0.999997
0.999997
0.999997
0.999997
0.999997
0.999997
0.999997
0.999997
0.999997
0.999997
0.999997
0.999997
0.999997
0.999997
0.999997
0.999997
0.999998
0.999998
0.999998
0.999998
0.999998
0.999998
0.999998
0.999998
0.999998
0.999998
0.999998
0.999998
0.999998
0.999998
0.999998
0.999998
0.999998
0.999998
0.999998
0.999998
0.999998
0.999998
0.999998
0.999998
0.999998
0.999998
0.999998
0.999998
0.999998
0.999998
0.999998
0.999998
0.999998
0.999998
0.999998
0.999998
0.999998
0.999998
0.999998
0.999998
0.999998
0.999998
0.999998
0.999998
0.999998
0.999998
0.999998
0.999998
0.999998
0.999998
0.999998
0.999998
0.999998
0.999998
0.999998
0.999998
0.999998
0.999998
0.999998
0.999998
0.999998
0.999998
0.999998
0.999998
0.999998
0.999998
0.999998
0.999998
0.999998
0.999998
0.999998
0.999998
0.999998
0.999998
0.999998
0.999998
0.999998
0.999998
0.999998
0.999998
0.999998
0.999998
0.999998
0.999998
0.999998
0.999998
0.999998
0.999998
0.999998
0.999998
0.999998
0.999998
0.999998
0.999998
0.999998
0.999998
0.999998
0.999998
0.999998
0.999998
0.999998
0.999998
0.999998
0.999998
0.999998
0.999998
0.999998
0.999998
0.999998
0.999998
0.999998
0.999998
0.999998
0.999998
0.999998
0.999998
0.999998
0.999998
0.999998
0.999998
0.999999
0.999999
0.999999
0.999999
0.999999
0.999999
0.999999
0.999999
0.999999
0.999999
0.999999
0.999999
0.999999
0.999999
0.999999
0.999999
0.999999
0.999999
0.999999
0.999999
0.999999
0.999999
0.999999
0.999999
0.999999
0.999999
0.999999
0.999999
0.999999
0.999999
0.999999
0.999999
0.999999
0.999999
0.999999
0.999999
0.999999
0.999999
0.999999
0.999999
0.999999
0.999999
0.999999
0.999999
0.999999
0.999999
0.999999
0.999999
0.999999
0.999999
0.999999
0.999999
0.999999
0.999999
0.999999
0.999999
0.999999
0.999999
0.999999
0.999999
0.999999
0.999999
0.999999
0.999999
0.999999
0.999999
0.999999
0.999999
0.999999
0.999999
0.999999
0.999999
0.999999
0.999999
0.999999
0.999999
0.999999
0.999999
0.999999
0.999999
0.999999
0.999999
0.999999
0.999999
0.999999
0.999999
0.999999
0.999999
0.999999
0.999999
0.999999
0.999999
0.999999
0.999999
0.999999
0.999999
0.999999
0.999999
0.999999
0.999999
0.999999
0.999999
0.999999
0.999999
0.999999
0.999999
0.999999
0.999999
0.999999
0.999999
0.999999
0.999999
0.999999
0.999999
0.999999
0.999999
0.999999
0.999999
0.999999
0.999999
0.999999
0.999999
0.999999
0.999999
0.999999
0.999999
0.999999
0.999999
0.999999
0.999999
0.999999
0.999999
0.999999
0.999999
0.999999
0.999999
0.999999
0.999999
0.999999
0.999999
0.999999
0.999999
0.999999
0.999999
0.999999
0.999999
0.999999
0.999999
0.999999
0.999999
0.999999
0.999999
0.999999
0.999999
0.999999
0.999999
0.999999
0.999999
0.999999
0.999999
0.999999
0.999999
0.999999
0.999999
0.999999
0.999999
0.999999
0.999999
0.999999
0.999999
0.999999
0.999999
0.999999
0.999999
0.999999
0.999999
0.999999
0.999999
0.999999
0.999999
1
1
1
1
1
1
1
1
1
1
1
1
1
1
1
1
1
1
1
1
1
1
1
1
1
1
1
1
1
1
1
1
1
1
1
1
1
1
1
1
1
1
1
1
1
1
1
1
1
1
1
1
1
1
1
1
1
1
1
1
1
1
1
1
1
1
1
1
1
1
1
1
1
1
1
1
1
1
1
1
1
1
1
1
1
1
1
1
1
1
1
1
1
1
1
1
1
1
1
1
1
1
1
1
1
1
1
1
1
1
1
1
1
1
1
1
1
1
1
1
1
1
1
1
1
1
1
1
1
1
1
1
1
1
1
1
1
1
1
1
1
1
1
1
1
1
1
1
1
1
1
1
1
1
1
1
1
1
1
1
1
1
1
1
1
1
1
1
1
1
1
1
1
1
1
1
1
1
1
1
1
1
1
1
1
1
1
1
1
1
1
1
1
1
1
1
1
1
1
1
1
1
1
1
1
1
1
1
1
1
1
1
1
1
1
1
1
1
1
1
1
1
1
1
1
1
1
1
1
1
1
1
1
1
1
1
1
1
1
1
1
1
1
1
1
1
1
1
1
1
1
1
1
1
1
1
1
1
1
1
1
1
1
1
1
1
1
1
1
1
1
1
1
1
1
1
1
1
1
1
1
1
1
1
1
1
1
1
1
1
1
1
1
1
1
1
1
1
1
1
1
1
1
1
1
1
1
1
1
1
1
1
1
1
1
1
1
1
1
1
1
1
1
1
1
1
1
1
1
1
1
1
1
1
1
1
1
1
1
1
1
1
1
1
1
1
1
1
1
1
1
1
1
1
1
1
1
1
1
1
1
1
1
1
1
1
1
1
1
1
1
1
1
1
1
1
1
1
1
1
1
1
1
1
1
1
1
1
1
1
1
1
1
1
1
1
1
1
1
1
1
1
1
1
1
1
1
1
1
1
1
1
1
1
1
1
1
1
1
1
1
1
1
1
1
1
1
1
1
1
1
1
1
1
1
1
1
1
1
1
1
1
1
1
1
1
1
1
1
1
1
1
1
1
1
1
1
1
1
1
1
1
1
1
1
1
1
1
1
1
1
1
1
1
1
1
1
1
1
1
1
1
1
1
1
1
1
1
1
1
1
1
1
1
1
1
1
1
1
1
1
1
1
1
1
1
1
1
1
1
1
1
1
1
1
1
1
1
1
1
1
1
1
1
1
1
1
1
1
1
1
1
1
1
1
1
1
1
1
1
1
1
1
1
1
1
1
1
1
1
1
1
1
1
1
1
1
1
1
1
1
1
1
1
1
1
1
1
1
1
1
1
1
1
1
1
1
1
1
1
1
1
1
1
1
1
1
1
1
1
1
1
1
1
1
1
1
1
1
1
1
1
1
1
1
1
1
1
1
1
1
1
1
1
1
1
1
1
1
1
1
1
1
1
1
1
1
1
1
1
1
1
1
1
1
1
1
1
1
1
1
1
1
1
1
1
1
1
1
1
1
1
1
1
1
1
1
1
1
1
1
1
1
1
1
1
1
1
1
1
1
1
1
1
1
1
1
1
1
1
1
1
1
1
1
1
1
1
1
1
1
1
1
1
1
1
1
1
1
1
1
1
1
1
1
1
1
1
1
1
1
1
1
1
1
1
1
1
1
1
1
1
1
1
1
1
1
1
1
1
1
1
1
1
1
1
1
1
1
1
1
1
1
1
1
1
1
1
1
1
1
1
1
1
1
1
1
1
1
1
1
1
1
1
1
1
1
1
1
1
1
1
1
1
1
1
1
1
1
1
1
1
1
1
1
1
1
1
1
1
1
1
1
1
1
1
1
1
1
1
1
1
1
1
1
1
1
1
1
1
1
1
1
1
1
1
1
1
1
1
1
1
1
1
1
1
1
1
1
1
1
1
1
1
1
1
1
1
1
1
1
1
1
1
1
1
1
1
1
1
1
0.999999
0.999999
0.999999
0.999999
0.999999
0.999999
0.999999
0.999999
1
1
1
1
1
1
1
1
1
1
1
1
1
1
1
1
1
1
1
1
1
1
0.999999
0.999999
0.999999
0.999999
0.999999
0.999999
0.999999
0.999999
1
1
1
1
1
1
1
1
1
1
1
1
1
1
1
1
1
1
0.999999
0.999999
0.999999
0.999999
0.999999
0.999999
0.999999
0.999999
0.999999
0.999999
0.999999
0.999999
0.999999
0.999999
0.999999
0.999999
0.999999
0.999999
0.999999
0.999999
0.999999
0.999999
0.999999
0.999999
0.999999
0.999999
0.999999
0.999999
0.999999
0.999999
0.999999
0.999999
0.999999
0.999999
0.999999
0.999999
0.999999
0.999999
0.999999
0.999999
0.999999
0.999999
0.999999
0.999999
0.999999
0.999999
1
1
1
1
1
1
1
1
1
1
1
1
0.999999
0.999999
0.999999
0.999999
0.999999
0.999999
0.999999
0.999999
0.999999
0.999999
0.999999
0.999999
0.999999
0.999999
0.999999
0.999999
0.999999
0.999999
0.999999
0.999999
0.999999
0.999999
0.999999
0.999999
0.999999
0.999999
0.999999
0.999999
0.999999
0.999999
0.999999
0.999999
0.999999
0.999999
0.999999
0.999999
0.999999
0.999999
0.999999
0.999999
0.999999
0.999999
0.999999
0.999999
0.999999
0.999999
0.999999
0.999999
0.999999
0.999999
1
1
1
1
1
1
1
1
0.999999
0.999999
0.999999
0.999999
0.999999
0.999999
0.999999
0.999999
0.999999
0.999999
0.999999
0.999999
0.999999
0.999999
0.999999
0.999999
0.999999
0.999999
0.999999
0.999999
0.999999
0.999999
0.999999
0.999999
0.999999
0.999999
0.999999
0.999999
0.999999
0.999999
0.999999
0.999999
0.999999
0.999999
0.999999
0.999999
0.999999
0.999999
0.999999
0.999999
0.999999
0.999999
0.999999
0.999999
0.999999
0.999999
0.999999
0.999999
0.999999
0.999999
0.999999
0.999999
0.999999
0.999999
1
1
1
0.999999
0.999999
0.999999
0.999999
0.999999
0.999999
0.999999
0.999999
0.999999
0.999998
0.999998
0.999998
0.999998
0.999998
0.999998
0.999998
0.999998
0.999998
0.999998
0.999998
0.999998
0.999998
0.999998
0.999998
0.999998
0.999998
0.999998
0.999998
0.999998
0.999998
0.999998
0.999998
0.999998
0.999998
0.999998
0.999998
0.999998
0.999998
0.999998
0.999998
0.999998
0.999998
0.999998
0.999998
0.999998
0.999998
0.999998
0.999998
0.999998
0.999998
0.999998
0.999999
0.999999
0.999999
0.999999
0.999999
0.999999
0.999999
0.999999
0.999999
0.999999
0.999999
0.999999
0.999999
0.999999
0.999999
0.999998
0.999998
0.999998
0.999998
0.999998
0.999998
0.999998
0.999998
0.999998
0.999998
0.999998
0.999998
0.999998
0.999998
0.999998
0.999998
0.999998
0.999998
0.999998
0.999998
0.999998
0.999998
0.999998
0.999998
0.999998
0.999998
0.999998
0.999998
0.999998
0.999998
0.999998
0.999998
0.999998
0.999998
0.999998
0.999998
0.999998
0.999998
0.999998
0.999998
0.999998
0.999998
0.999998
0.999998
0.999998
0.999998
0.999998
0.999998
0.999999
0.999999
0.999999
0.999999
0.999999
0.999999
0.999999
0.999999
0.999999
0.999998
0.999998
0.999998
0.999998
0.999998
0.999997
0.999997
0.999997
0.999997
0.999997
0.999997
0.999997
0.999997
0.999997
0.999997
0.999997
0.999997
0.999997
0.999997
0.999997
0.999997
0.999997
0.999997
0.999997
0.999997
0.999997
0.999997
0.999997
0.999997
0.999997
0.999997
0.999997
0.999997
0.999997
0.999997
0.999997
0.999997
0.999997
0.999997
0.999997
0.999997
0.999997
0.999997
0.999997
0.999997
0.999997
0.999997
0.999997
0.999997
0.999998
0.999998
0.999998
0.999998
0.999998
0.999999
0.999999
0.999999
0.999998
0.999998
0.999998
0.999998
0.999998
0.999997
0.999997
0.999997
0.999997
0.999996
0.999996
0.999996
0.999996
0.999996
0.999996
0.999996
0.999996
0.999996
0.999996
0.999996
0.999996
0.999996
0.999996
0.999996
0.999996
0.999996
0.999996
0.999996
0.999996
0.999996
0.999996
0.999996
0.999996
0.999996
0.999996
0.999996
0.999996
0.999996
0.999996
0.999996
0.999996
0.999996
0.999996
0.999996
0.999996
0.999996
0.999996
0.999996
0.999996
0.999996
0.999996
0.999997
0.999997
0.999997
0.999997
0.999998
0.999998
0.999998
0.999998
0.999998
0.999997
0.999997
0.999997
0.999997
0.999997
0.999996
0.999996
0.999996
0.999996
0.999996
0.999995
0.999995
0.999995
0.999995
0.999995
0.999995
0.999995
0.999995
0.999995
0.999995
0.999995
0.999995
0.999995
0.999995
0.999995
0.999995
0.999995
0.999995
0.999995
0.999995
0.999995
0.999995
0.999995
0.999995
0.999995
0.999995
0.999995
0.999995
0.999995
0.999995
0.999995
0.999995
0.999995
0.999995
0.999995
0.999995
0.999995
0.999995
0.999995
0.999995
0.999996
0.999996
0.999996
0.999996
0.999996
0.999997
0.999997
0.999997
0.999997
0.999997
0.999996
0.999996
0.999996
0.999996
0.999996
0.999995
0.999995
0.999995
0.999995
0.999994
0.999994
0.999994
0.999994
0.999994
0.999994
0.999994
0.999994
0.999994
0.999994
0.999994
0.999994
0.999994
0.999994
0.999994
0.999994
0.999994
0.999994
0.999994
0.999994
0.999994
0.999994
0.999994
0.999994
0.999994
0.999994
0.999994
0.999994
0.999994
0.999994
0.999994
0.999994
0.999994
0.999994
0.999994
0.999994
0.999994
0.999994
0.999994
0.999994
0.999994
0.999994
0.999995
0.999995
0.999995
0.999995
0.999996
0.999996
0.999996
0.999996
0.999996
0.999995
0.999995
0.999995
0.999995
0.999995
0.999994
0.999994
0.999994
0.999993
0.999993
0.999993
0.999993
0.999992
0.999992
0.999992
0.999992
0.999992
0.999992
0.999992
0.999993
0.999993
0.999993
0.999993
0.999993
0.999993
0.999993
0.999993
0.999993
0.999993
0.999993
0.999993
0.999993
0.999993
0.999993
0.999993
0.999993
0.999993
0.999993
0.999993
0.999993
0.999993
0.999992
0.999992
0.999992
0.999992
0.999992
0.999992
0.999992
0.999993
0.999993
0.999993
0.999993
0.999994
0.999994
0.999994
0.999995
0.999995
0.999995
0.999995
0.999995
0.999994
0.999994
0.999994
0.999994
0.999993
0.999993
0.999992
0.999992
0.999992
0.999991
0.999991
0.999991
0.999991
0.999991
0.999991
0.999991
0.999991
0.999991
0.999991
0.999991
0.999991
0.999991
0.999991
0.999991
0.999991
0.999991
0.999991
0.999991
0.999991
0.999991
0.999991
0.999991
0.999991
0.999991
0.999991
0.999991
0.999991
0.999991
0.999991
0.999991
0.999991
0.999991
0.999991
0.999991
0.999991
0.999991
0.999991
0.999991
0.999991
0.999991
0.999991
0.999992
0.999992
0.999992
0.999993
0.999993
0.999994
0.999994
0.999994
0.999994
0.999993
0.999992
0.999992
0.999992
0.999992
0.999991
0.999991
0.99999
0.99999
0.999989
0.999989
0.999989
0.999989
0.999989
0.999989
0.999989
0.999989
0.999989
0.999989
0.999989
0.999989
0.999989
0.999989
0.999989
0.999989
0.999989
0.999989
0.999989
0.999989
0.999989
0.999989
0.999989
0.999989
0.999989
0.999989
0.999989
0.999989
0.999989
0.999989
0.999989
0.999989
0.999989
0.999989
0.999989
0.999989
0.999989
0.999989
0.999989
0.999989
0.999989
0.999989
0.99999
0.99999
0.999991
0.999991
0.999992
0.999992
0.999992
0.999992
0.999993
0.999991
0.999991
0.99999
0.99999
0.99999
0.999989
0.999989
0.999988
0.999988
0.999987
0.999987
0.999987
0.999986
0.999986
0.999986
0.999986
0.999986
0.999986
0.999986
0.999986
0.999986
0.999987
0.999987
0.999987
0.999987
0.999987
0.999987
0.999987
0.999987
0.999987
0.999987
0.999987
0.999987
0.999987
0.999987
0.999987
0.999987
0.999987
0.999987
0.999986
0.999986
0.999986
0.999986
0.999986
0.999986
0.999986
0.999986
0.999986
0.999987
0.999987
0.999987
0.999988
0.999988
0.999989
0.999989
0.99999
0.99999
0.99999
0.999991
0.999991
0.999989
0.999989
0.999988
0.999988
0.999987
0.999987
0.999986
0.999986
0.999985
0.999985
0.999984
0.999984
0.999984
0.999984
0.999984
0.999984
0.999984
0.999984
0.999984
0.999984
0.999984
0.999984
0.999984
0.999984
0.999984
0.999984
0.999984
0.999984
0.999984
0.999984
0.999984
0.999984
0.999984
0.999984
0.999984
0.999984
0.999984
0.999984
0.999984
0.999984
0.999984
0.999984
0.999984
0.999984
0.999984
0.999984
0.999984
0.999984
0.999984
0.999984
0.999985
0.999985
0.999986
0.999986
0.999987
0.999987
0.999988
0.999988
0.999989
0.999989
0.999986
0.999986
0.999986
0.999986
0.999985
0.999984
0.999984
0.999983
0.999982
0.999982
0.999981
0.999981
0.999981
0.999981
0.999981
0.999981
0.999981
0.999981
0.999981
0.999981
0.999981
0.999981
0.999981
0.999981
0.999981
0.999981
0.999981
0.999981
0.999981
0.999981
0.999981
0.999981
0.999981
0.999981
0.999981
0.999981
0.999981
0.999981
0.999981
0.999981
0.999981
0.999981
0.999981
0.999981
0.999981
0.999981
0.999981
0.999981
0.999981
0.999981
0.999982
0.999982
0.999983
0.999984
0.999984
0.999985
0.999986
0.999986
0.999986
0.999986
0.999984
0.999984
0.999983
0.999983
0.999982
0.999981
0.999981
0.99998
0.999979
0.999979
0.999978
0.999978
0.999978
0.999978
0.999978
0.999977
0.999978
0.999978
0.999978
0.999978
0.999978
0.999978
0.999978
0.999978
0.999978
0.999978
0.999978
0.999978
0.999978
0.999978
0.999978
0.999978
0.999978
0.999978
0.999978
0.999978
0.999978
0.999978
0.999978
0.999978
0.999978
0.999978
0.999978
0.999978
0.999977
0.999978
0.999978
0.999978
0.999978
0.999978
0.999979
0.999979
0.99998
0.999981
0.999981
0.999982
0.999983
0.999983
0.999984
0.999984
0.999981
0.999981
0.999981
0.99998
0.999979
0.999978
0.999978
0.999977
0.999976
0.999975
0.999975
0.999975
0.999974
0.999974
0.999974
0.999974
0.999974
0.999974
0.999974
0.999974
0.999974
0.999974
0.999974
0.999975
0.999975
0.999975
0.999975
0.999975
0.999975
0.999975
0.999975
0.999975
0.999975
0.999975
0.999975
0.999975
0.999975
0.999974
0.999974
0.999974
0.999974
0.999974
0.999974
0.999974
0.999974
0.999974
0.999974
0.999974
0.999975
0.999975
0.999975
0.999976
0.999977
0.999978
0.999978
0.999979
0.99998
0.999981
0.999981
0.999981
0.999978
0.999978
0.999977
0.999977
0.999976
0.999975
0.999974
0.999973
0.999973
0.999972
0.999971
0.999971
0.999971
0.999971
0.99997
0.99997
0.99997
0.999971
0.999971
0.999971
0.999971
0.999971
0.999971
0.999971
0.999971
0.999971
0.999971
0.999971
0.999971
0.999971
0.999971
0.999971
0.999971
0.999971
0.999971
0.999971
0.999971
0.999971
0.999971
0.999971
0.999971
0.999971
0.999971
0.99997
0.99997
0.99997
0.999971
0.999971
0.999971
0.999971
0.999972
0.999973
0.999973
0.999974
0.999975
0.999976
0.999977
0.999977
0.999978
0.999978
0.999975
0.999975
0.999974
0.999974
0.999973
0.999972
0.999971
0.99997
0.999969
0.999968
0.999968
0.999967
0.999967
0.999967
0.999967
0.999967
0.999967
0.999967
0.999967
0.999967
0.999967
0.999967
0.999967
0.999967
0.999967
0.999967
0.999967
0.999967
0.999967
0.999967
0.999967
0.999967
0.999967
0.999967
0.999967
0.999967
0.999967
0.999967
0.999967
0.999967
0.999967
0.999967
0.999967
0.999967
0.999967
0.999967
0.999967
0.999967
0.999967
0.999968
0.999968
0.999969
0.99997
0.999971
0.999972
0.999973
0.999974
0.999974
0.999975
0.999975
0.999972
0.999972
0.999971
0.99997
0.99997
0.999969
0.999968
0.999967
0.999966
0.999965
0.999964
0.999964
0.999963
0.999963
0.999963
0.999963
0.999963
0.999963
0.999963
0.999963
0.999963
0.999963
0.999964
0.999964
0.999964
0.999964
0.999964
0.999964
0.999964
0.999964
0.999964
0.999964
0.999964
0.999964
0.999964
0.999964
0.999964
0.999964
0.999963
0.999963
0.999963
0.999963
0.999963
0.999963
0.999963
0.999963
0.999963
0.999963
0.999964
0.999964
0.999965
0.999966
0.999967
0.999968
0.999969
0.99997
0.99997
0.999971
0.999972
0.999972
0.999969
0.999969
0.999968
0.999967
0.999966
0.999965
0.999964
0.999963
0.999962
0.999961
0.999961
0.99996
0.99996
0.99996
0.999959
0.999959
0.999959
0.999959
0.99996
0.99996
0.99996
0.99996
0.99996
0.99996
0.99996
0.99996
0.99996
0.99996
0.99996
0.99996
0.99996
0.99996
0.99996
0.99996
0.99996
0.99996
0.99996
0.99996
0.99996
0.99996
0.99996
0.99996
0.999959
0.999959
0.999959
0.999959
0.99996
0.99996
0.99996
0.999961
0.999961
0.999962
0.999963
0.999964
0.999965
0.999966
0.999967
0.999968
0.999969
0.999969
0.999966
0.999966
0.999965
0.999964
0.999963
0.999962
0.999961
0.99996
0.999959
0.999958
0.999958
0.999957
0.999957
0.999956
0.999956
0.999956
0.999956
0.999956
0.999956
0.999956
0.999956
0.999957
0.999957
0.999957
0.999957
0.999957
0.999957
0.999957
0.999957
0.999957
0.999957
0.999957
0.999957
0.999957
0.999957
0.999957
0.999957
0.999957
0.999957
0.999956
0.999956
0.999956
0.999956
0.999956
0.999956
0.999956
0.999956
0.999957
0.999957
0.999958
0.999958
0.999959
0.99996
0.999961
0.999962
0.999963
0.999964
0.999965
0.999966
0.999966
0.999964
0.999963
0.999963
0.999962
0.999961
0.99996
0.999959
0.999957
0.999956
0.999956
0.999955
0.999954
0.999954
0.999954
0.999953
0.999953
0.999953
0.999953
0.999953
0.999954
0.999954
0.999954
0.999954
0.999954
0.999954
0.999954
0.999954
0.999954
0.999954
0.999954
0.999954
0.999954
0.999954
0.999954
0.999954
0.999954
0.999954
0.999954
0.999954
0.999954
0.999954
0.999953
0.999953
0.999953
0.999953
0.999953
0.999954
0.999954
0.999954
0.999955
0.999956
0.999956
0.999957
0.999959
0.99996
0.999961
0.999962
0.999963
0.999963
0.999964
0.999962
0.999961
0.999961
0.99996
0.999959
0.999958
0.999956
0.999955
0.999954
0.999953
0.999953
0.999952
0.999952
0.999951
0.999951
0.999951
0.999951
0.999951
0.999951
0.999951
0.999951
0.999952
0.999952
0.999952
0.999952
0.999952
0.999952
0.999952
0.999952
0.999952
0.999952
0.999952
0.999952
0.999952
0.999952
0.999952
0.999952
0.999952
0.999952
0.999951
0.999951
0.999951
0.999951
0.999951
0.999951
0.999951
0.999951
0.999952
0.999952
0.999953
0.999953
0.999954
0.999955
0.999956
0.999958
0.999959
0.99996
0.999961
0.999961
0.999962
0.999961
0.99996
0.999959
0.999958
0.999957
0.999956
0.999955
0.999954
0.999953
0.999952
0.999951
0.999951
0.99995
0.99995
0.99995
0.99995
0.99995
0.99995
0.99995
0.99995
0.99995
0.99995
0.99995
0.99995
0.99995
0.999951
0.999951
0.999951
0.999951
0.999951
0.999951
0.999951
0.999951
0.999951
0.999951
0.99995
0.99995
0.99995
0.99995
0.99995
0.99995
0.99995
0.99995
0.99995
0.99995
0.99995
0.99995
0.99995
0.999951
0.999951
0.999952
0.999953
0.999954
0.999955
0.999956
0.999957
0.999958
0.999959
0.99996
0.999961
0.99996
0.99996
0.999959
0.999958
0.999957
0.999956
0.999955
0.999954
0.999953
0.999952
0.999951
0.99995
0.99995
0.99995
0.99995
0.999949
0.999949
0.999949
0.99995
0.99995
0.99995
0.99995
0.99995
0.99995
0.99995
0.99995
0.99995
0.99995
0.99995
0.99995
0.99995
0.99995
0.99995
0.99995
0.99995
0.99995
0.99995
0.99995
0.99995
0.99995
0.99995
0.99995
0.999949
0.999949
0.999949
0.99995
0.99995
0.99995
0.99995
0.999951
0.999952
0.999953
0.999954
0.999955
0.999956
0.999957
0.999958
0.999959
0.99996
0.99996
0.999961
0.99996
0.999959
0.999959
0.999958
0.999957
0.999955
0.999954
0.999953
0.999953
0.999952
0.999951
0.999951
0.999951
0.99995
0.99995
0.99995
0.99995
0.99995
0.999951
0.999951
0.999951
0.999951
0.999951
0.999951
0.999951
0.999951
0.999951
0.999951
0.999951
0.999951
0.999951
0.999951
0.999951
0.999951
0.999951
0.999951
0.999951
0.999951
0.999951
0.999951
0.99995
0.99995
0.99995
0.99995
0.99995
0.999951
0.999951
0.999951
0.999952
0.999953
0.999953
0.999954
0.999955
0.999957
0.999958
0.999959
0.999959
0.99996
0.999961
0.999962
0.999962
0.999961
0.99996
0.999959
0.999958
0.999957
0.999956
0.999955
0.999955
0.999954
0.999953
0.999953
0.999953
0.999953
0.999953
0.999953
0.999953
0.999953
0.999953
0.999953
0.999953
0.999953
0.999953
0.999953
0.999953
0.999953
0.999953
0.999953
0.999953
0.999953
0.999953
0.999953
0.999953
0.999953
0.999953
0.999953
0.999953
0.999953
0.999953
0.999953
0.999953
0.999953
0.999953
0.999953
0.999953
0.999953
0.999953
0.999953
0.999954
0.999955
0.999955
0.999956
0.999957
0.999958
0.999959
0.99996
0.999961
0.999962
0.999962
0.999965
0.999965
0.999964
0.999963
0.999962
0.999961
0.999961
0.99996
0.999959
0.999958
0.999958
0.999957
0.999957
0.999956
0.999956
0.999956
0.999956
0.999956
0.999956
0.999956
0.999956
0.999957
0.999957
0.999957
0.999957
0.999957
0.999957
0.999957
0.999957
0.999957
0.999957
0.999957
0.999957
0.999957
0.999957
0.999957
0.999957
0.999957
0.999957
0.999956
0.999956
0.999956
0.999956
0.999956
0.999956
0.999956
0.999956
0.999957
0.999957
0.999958
0.999958
0.999959
0.99996
0.999961
0.999961
0.999962
0.999963
0.999964
0.999965
0.999965
0.999969
0.999969
0.999968
0.999967
0.999967
0.999966
0.999965
0.999964
0.999964
0.999963
0.999963
0.999962
0.999962
0.999962
0.999961
0.999961
0.999961
0.999961
0.999961
0.999961
0.999962
0.999962
0.999962
0.999962
0.999962
0.999962
0.999962
0.999962
0.999962
0.999962
0.999962
0.999962
0.999962
0.999962
0.999962
0.999962
0.999962
0.999962
0.999962
0.999962
0.999961
0.999961
0.999961
0.999961
0.999961
0.999961
0.999962
0.999962
0.999962
0.999963
0.999963
0.999964
0.999964
0.999965
0.999966
0.999967
0.999967
0.999968
0.999969
0.999969
0.999975
0.999974
0.999974
0.999973
0.999972
0.999972
0.999971
0.999971
0.99997
0.999969
0.999969
0.999969
0.999968
0.999968
0.999968
0.999968
0.999968
0.999968
0.999968
0.999968
0.999968
0.999968
0.999968
0.999968
0.999968
0.999968
0.999968
0.999968
0.999968
0.999968
0.999968
0.999968
0.999968
0.999968
0.999968
0.999968
0.999968
0.999968
0.999968
0.999968
0.999968
0.999968
0.999968
0.999968
0.999968
0.999968
0.999968
0.999968
0.999969
0.999969
0.999969
0.99997
0.999971
0.999971
0.999972
0.999972
0.999973
0.999974
0.999974
0.999975
0.999982
0.999981
0.99998
0.99998
0.999979
0.999979
0.999979
0.999978
0.999978
0.999977
0.999977
0.999977
0.999976
0.999976
0.999976
0.999976
0.999976
0.999976
0.999976
0.999976
0.999976
0.999976
0.999976
0.999976
0.999976
0.999976
0.999976
0.999977
0.999977
0.999977
0.999977
0.999977
0.999977
0.999976
0.999976
0.999976
0.999976
0.999976
0.999976
0.999976
0.999976
0.999976
0.999976
0.999976
0.999976
0.999976
0.999976
0.999976
0.999977
0.999977
0.999977
0.999978
0.999978
0.999979
0.999979
0.999979
0.99998
0.99998
0.999981
0.999982
0.999993
0.999989
0.999989
0.999988
0.999988
0.999988
0.999988
0.999987
0.999987
0.999987
0.999987
0.999986
0.999986
0.999986
0.999986
0.999986
0.999986
0.999986
0.999986
0.999986
0.999986
0.999986
0.999986
0.999986
0.999986
0.999986
0.999986
0.999986
0.999986
0.999986
0.999986
0.999986
0.999986
0.999986
0.999986
0.999986
0.999986
0.999986
0.999986
0.999986
0.999986
0.999986
0.999986
0.999986
0.999986
0.999986
0.999986
0.999986
0.999986
0.999987
0.999987
0.999987
0.999987
0.999988
0.999988
0.999988
0.999988
0.999989
0.999989
0.999993
1
0.999997
0.999997
0.999996
0.999996
0.999996
0.999996
0.999996
0.999996
0.999996
0.999996
0.999996
0.999996
0.999996
0.999996
0.999996
0.999996
0.999996
0.999996
0.999996
0.999996
0.999996
0.999996
0.999996
0.999996
0.999996
0.999996
0.999996
0.999996
0.999996
0.999996
0.999996
0.999996
0.999996
0.999996
0.999996
0.999996
0.999996
0.999996
0.999996
0.999996
0.999996
0.999996
0.999996
0.999996
0.999996
0.999996
0.999996
0.999996
0.999996
0.999996
0.999996
0.999996
0.999996
0.999996
0.999996
0.999996
0.999997
0.999997
1
)
;

boundaryField
{
    top
    {
        type            fixedValue;
        value           uniform 1;
    }
    bottom
    {
        type            fixedIonicFlux;
        value           nonuniform List<scalar> 
60
(
0.233316
0.233405
0.23342
0.233425
0.233428
0.233429
0.23343
0.23343
0.233431
0.233431
0.233431
0.233432
0.233432
0.233432
0.233432
0.233432
0.233432
0.233432
0.233432
0.233432
0.233433
0.233433
0.233433
0.233433
0.233433
0.233433
0.233433
0.233433
0.233433
0.233433
0.233433
0.233433
0.233433
0.233433
0.233433
0.233433
0.233433
0.233433
0.233433
0.233433
0.233432
0.233432
0.233432
0.233432
0.233432
0.233432
0.233432
0.233432
0.233432
0.233431
0.233431
0.233431
0.23343
0.23343
0.233429
0.233428
0.233425
0.23342
0.233405
0.233316
)
;
    }
    wall
    {
        type            zeroGradient;
    }
    frontAndBack
    {
        type            empty;
    }
}


// ************************************************************************* //
