/*--------------------------------*- C++ -*----------------------------------*\
| =========                 |                                                 |
| \\      /  F ield         | foam-extend: Open Source CFD                    |
|  \\    /   O peration     | Version:     4.0                                |
|   \\  /    A nd           | Web:         http://www.foam-extend.org         |
|    \\/     M anipulation  |                                                 |
\*---------------------------------------------------------------------------*/
FoamFile
{
    version     2.0;
    format      ascii;
    class       volScalarField;
    location    "1630";
    object      cPlus;
}
// * * * * * * * * * * * * * * * * * * * * * * * * * * * * * * * * * * * * * //

dimensions      [0 0 0 0 0 0 0];

internalField   nonuniform List<scalar> 
6960
(
0.354748
0.354748
0.354748
0.354748
0.354748
0.354748
0.354748
0.354748
0.354748
0.354748
0.354748
0.354748
0.354748
0.354748
0.354748
0.354748
0.354748
0.354748
0.354748
0.354748
0.354748
0.354748
0.354748
0.354748
0.354748
0.354748
0.354748
0.354748
0.354748
0.354748
0.354748
0.354748
0.354748
0.354748
0.354748
0.354748
0.354748
0.354748
0.354748
0.354748
0.354748
0.354748
0.354748
0.354748
0.354748
0.354748
0.354748
0.354748
0.354748
0.354748
0.354748
0.354748
0.354748
0.354748
0.354748
0.354748
0.354748
0.354748
0.354748
0.354748
0.13008
0.13008
0.13008
0.13008
0.13008
0.13008
0.13008
0.13008
0.13008
0.13008
0.13008
0.13008
0.13008
0.13008
0.13008
0.13008
0.13008
0.13008
0.13008
0.13008
0.13008
0.13008
0.13008
0.13008
0.13008
0.13008
0.13008
0.13008
0.13008
0.13008
0.13008
0.13008
0.13008
0.13008
0.13008
0.13008
0.13008
0.13008
0.13008
0.13008
0.13008
0.13008
0.13008
0.13008
0.13008
0.13008
0.13008
0.13008
0.13008
0.13008
0.13008
0.13008
0.13008
0.13008
0.13008
0.13008
0.13008
0.13008
0.13008
0.13008
0.0565015
0.0565015
0.0565015
0.0565014
0.0565014
0.0565014
0.0565014
0.0565014
0.0565014
0.0565014
0.0565014
0.0565014
0.0565014
0.0565014
0.0565014
0.0565014
0.0565014
0.0565014
0.0565014
0.0565014
0.0565014
0.0565014
0.0565014
0.0565014
0.0565014
0.0565014
0.0565014
0.0565014
0.0565014
0.0565014
0.0565014
0.0565014
0.0565014
0.0565014
0.0565014
0.0565014
0.0565014
0.0565014
0.0565014
0.0565014
0.0565014
0.0565014
0.0565014
0.0565014
0.0565014
0.0565014
0.0565014
0.0565014
0.0565014
0.0565014
0.0565014
0.0565014
0.0565014
0.0565014
0.0565014
0.0565014
0.0565014
0.0565015
0.0565015
0.0565015
0.0268562
0.0268562
0.0268562
0.0268562
0.0268562
0.0268562
0.0268562
0.0268562
0.0268562
0.0268562
0.0268562
0.0268562
0.0268562
0.0268562
0.0268562
0.0268562
0.0268562
0.0268562
0.0268562
0.0268562
0.0268562
0.0268562
0.0268562
0.0268562
0.0268562
0.0268562
0.0268562
0.0268562
0.0268562
0.0268562
0.0268562
0.0268562
0.0268562
0.0268562
0.0268562
0.0268562
0.0268562
0.0268562
0.0268562
0.0268562
0.0268562
0.0268562
0.0268562
0.0268562
0.0268562
0.0268562
0.0268562
0.0268562
0.0268562
0.0268562
0.0268562
0.0268562
0.0268562
0.0268562
0.0268562
0.0268562
0.0268562
0.0268562
0.0268562
0.0268562
0.0139005
0.0139005
0.0139005
0.0139005
0.0139005
0.0139005
0.0139005
0.0139005
0.0139005
0.0139005
0.0139005
0.0139005
0.0139005
0.0139005
0.0139005
0.0139005
0.0139005
0.0139005
0.0139005
0.0139005
0.0139005
0.0139005
0.0139005
0.0139005
0.0139005
0.0139005
0.0139005
0.0139005
0.0139005
0.0139005
0.0139005
0.0139005
0.0139005
0.0139005
0.0139005
0.0139005
0.0139005
0.0139005
0.0139005
0.0139005
0.0139005
0.0139005
0.0139005
0.0139005
0.0139005
0.0139005
0.0139005
0.0139005
0.0139005
0.0139005
0.0139005
0.0139005
0.0139005
0.0139005
0.0139005
0.0139005
0.0139005
0.0139005
0.0139005
0.0139005
0.00808531
0.00808531
0.00808531
0.00808531
0.00808531
0.00808531
0.00808531
0.00808531
0.00808531
0.00808531
0.00808531
0.00808531
0.00808531
0.00808531
0.00808531
0.00808531
0.00808531
0.00808531
0.00808531
0.00808531
0.00808531
0.00808531
0.00808531
0.00808531
0.00808531
0.00808531
0.00808531
0.00808531
0.00808531
0.00808531
0.00808531
0.00808531
0.00808531
0.00808531
0.00808531
0.00808531
0.00808531
0.00808531
0.00808531
0.00808531
0.00808531
0.00808531
0.00808531
0.00808531
0.00808531
0.00808531
0.00808531
0.00808531
0.00808531
0.00808531
0.00808531
0.00808531
0.00808531
0.00808531
0.00808531
0.00808531
0.00808531
0.00808531
0.00808531
0.00808531
0.00547612
0.00547612
0.00547612
0.00547612
0.00547612
0.00547612
0.00547612
0.00547612
0.00547612
0.00547612
0.00547612
0.00547612
0.00547612
0.00547612
0.00547612
0.00547612
0.00547612
0.00547612
0.00547612
0.00547612
0.00547612
0.00547612
0.00547612
0.00547612
0.00547612
0.00547612
0.00547612
0.00547612
0.00547612
0.00547612
0.00547612
0.00547612
0.00547612
0.00547612
0.00547612
0.00547612
0.00547612
0.00547612
0.00547612
0.00547612
0.00547612
0.00547612
0.00547612
0.00547612
0.00547612
0.00547612
0.00547612
0.00547612
0.00547612
0.00547612
0.00547612
0.00547612
0.00547612
0.00547612
0.00547612
0.00547612
0.00547612
0.00547612
0.00547612
0.00547612
0.00432493
0.00432493
0.00432493
0.00432493
0.00432493
0.00432493
0.00432493
0.00432493
0.00432493
0.00432493
0.00432493
0.00432493
0.00432493
0.00432493
0.00432493
0.00432493
0.00432493
0.00432493
0.00432493
0.00432493
0.00432493
0.00432493
0.00432493
0.00432493
0.00432493
0.00432493
0.00432493
0.00432493
0.00432493
0.00432493
0.00432493
0.00432493
0.00432493
0.00432493
0.00432493
0.00432493
0.00432493
0.00432493
0.00432493
0.00432493
0.00432493
0.00432493
0.00432493
0.00432493
0.00432493
0.00432493
0.00432493
0.00432493
0.00432493
0.00432493
0.00432493
0.00432493
0.00432493
0.00432493
0.00432493
0.00432493
0.00432493
0.00432493
0.00432493
0.00432493
0.00383358
0.00383358
0.00383358
0.00383358
0.00383358
0.00383358
0.00383358
0.00383358
0.00383358
0.00383358
0.00383358
0.00383358
0.00383358
0.00383358
0.00383358
0.00383358
0.00383358
0.00383358
0.00383358
0.00383358
0.00383358
0.00383358
0.00383358
0.00383358
0.00383358
0.00383358
0.00383358
0.00383358
0.00383358
0.00383358
0.00383358
0.00383358
0.00383358
0.00383358
0.00383358
0.00383358
0.00383358
0.00383358
0.00383358
0.00383358
0.00383358
0.00383358
0.00383358
0.00383358
0.00383358
0.00383358
0.00383358
0.00383358
0.00383358
0.00383358
0.00383358
0.00383358
0.00383358
0.00383358
0.00383358
0.00383358
0.00383358
0.00383358
0.00383358
0.00383358
0.00363699
0.00363699
0.00363699
0.00363699
0.00363699
0.00363699
0.00363699
0.00363699
0.003637
0.003637
0.003637
0.003637
0.003637
0.003637
0.003637
0.003637
0.003637
0.003637
0.003637
0.003637
0.003637
0.003637
0.003637
0.003637
0.003637
0.003637
0.003637
0.003637
0.003637
0.003637
0.003637
0.003637
0.003637
0.003637
0.003637
0.003637
0.003637
0.003637
0.003637
0.003637
0.003637
0.003637
0.003637
0.003637
0.003637
0.003637
0.003637
0.003637
0.003637
0.003637
0.003637
0.003637
0.00363699
0.00363699
0.00363699
0.00363699
0.00363699
0.00363699
0.00363699
0.00363699
0.00357009
0.00357009
0.00357009
0.0035701
0.0035701
0.0035701
0.0035701
0.0035701
0.0035701
0.0035701
0.0035701
0.0035701
0.0035701
0.0035701
0.0035701
0.0035701
0.0035701
0.0035701
0.0035701
0.0035701
0.0035701
0.0035701
0.0035701
0.0035701
0.0035701
0.0035701
0.0035701
0.0035701
0.0035701
0.0035701
0.0035701
0.0035701
0.0035701
0.0035701
0.0035701
0.0035701
0.0035701
0.0035701
0.0035701
0.0035701
0.0035701
0.0035701
0.0035701
0.0035701
0.0035701
0.0035701
0.0035701
0.0035701
0.0035701
0.0035701
0.0035701
0.0035701
0.0035701
0.0035701
0.0035701
0.0035701
0.0035701
0.00357009
0.00357009
0.00357009
0.00355957
0.00355957
0.00355958
0.00355958
0.00355958
0.00355958
0.00355958
0.00355958
0.00355958
0.00355958
0.00355958
0.00355958
0.00355958
0.00355958
0.00355958
0.00355958
0.00355958
0.00355958
0.00355958
0.00355958
0.00355958
0.00355958
0.00355958
0.00355958
0.00355958
0.00355958
0.00355958
0.00355958
0.00355958
0.00355958
0.00355958
0.00355958
0.00355958
0.00355958
0.00355958
0.00355958
0.00355958
0.00355958
0.00355958
0.00355958
0.00355958
0.00355958
0.00355958
0.00355958
0.00355958
0.00355958
0.00355958
0.00355958
0.00355958
0.00355958
0.00355958
0.00355958
0.00355958
0.00355958
0.00355958
0.00355958
0.00355958
0.00355958
0.00355957
0.00355957
0.00357359
0.00357359
0.00357359
0.0035736
0.0035736
0.0035736
0.0035736
0.0035736
0.0035736
0.0035736
0.0035736
0.0035736
0.0035736
0.0035736
0.0035736
0.0035736
0.0035736
0.0035736
0.0035736
0.0035736
0.0035736
0.0035736
0.0035736
0.0035736
0.0035736
0.0035736
0.0035736
0.0035736
0.0035736
0.0035736
0.0035736
0.0035736
0.0035736
0.0035736
0.0035736
0.0035736
0.0035736
0.0035736
0.0035736
0.0035736
0.0035736
0.0035736
0.0035736
0.0035736
0.0035736
0.0035736
0.0035736
0.0035736
0.0035736
0.0035736
0.0035736
0.0035736
0.0035736
0.0035736
0.0035736
0.0035736
0.0035736
0.00357359
0.00357359
0.00357359
0.00359868
0.00359868
0.00359868
0.00359868
0.00359868
0.00359868
0.00359868
0.00359868
0.00359868
0.00359868
0.00359868
0.00359868
0.00359868
0.00359868
0.00359868
0.00359868
0.00359868
0.00359868
0.00359868
0.00359868
0.00359868
0.00359868
0.00359868
0.00359868
0.00359868
0.00359868
0.00359868
0.00359868
0.00359868
0.00359868
0.00359868
0.00359868
0.00359868
0.00359868
0.00359868
0.00359868
0.00359868
0.00359868
0.00359868
0.00359868
0.00359868
0.00359868
0.00359868
0.00359868
0.00359868
0.00359868
0.00359868
0.00359868
0.00359868
0.00359868
0.00359868
0.00359868
0.00359868
0.00359868
0.00359868
0.00359868
0.00359868
0.00359868
0.00359868
0.00359868
0.00362931
0.00362931
0.00362931
0.00362931
0.00362931
0.00362931
0.00362931
0.00362931
0.00362931
0.00362931
0.00362931
0.00362931
0.00362931
0.00362931
0.00362931
0.00362931
0.00362931
0.00362931
0.00362931
0.00362931
0.00362931
0.00362931
0.00362931
0.00362931
0.00362931
0.00362931
0.00362931
0.00362931
0.00362931
0.00362931
0.00362931
0.00362931
0.00362931
0.00362931
0.00362931
0.00362931
0.00362931
0.00362931
0.00362931
0.00362931
0.00362931
0.00362931
0.00362931
0.00362931
0.00362931
0.00362931
0.00362931
0.00362931
0.00362931
0.00362931
0.00362931
0.00362931
0.00362931
0.00362931
0.00362931
0.00362931
0.00362931
0.00362931
0.00362931
0.00362931
0.00366334
0.00366334
0.00366334
0.00366334
0.00366334
0.00366334
0.00366334
0.00366334
0.00366334
0.00366334
0.00366334
0.00366334
0.00366334
0.00366334
0.00366334
0.00366334
0.00366334
0.00366334
0.00366334
0.00366334
0.00366334
0.00366334
0.00366334
0.00366334
0.00366334
0.00366334
0.00366334
0.00366334
0.00366334
0.00366334
0.00366334
0.00366334
0.00366334
0.00366334
0.00366334
0.00366334
0.00366334
0.00366334
0.00366334
0.00366334
0.00366334
0.00366334
0.00366334
0.00366334
0.00366334
0.00366334
0.00366334
0.00366334
0.00366334
0.00366334
0.00366334
0.00366334
0.00366334
0.00366334
0.00366334
0.00366334
0.00366334
0.00366334
0.00366334
0.00366334
0.00370003
0.00370003
0.00370003
0.00370003
0.00370003
0.00370003
0.00370003
0.00370003
0.00370003
0.00370003
0.00370003
0.00370003
0.00370003
0.00370003
0.00370003
0.00370003
0.00370003
0.00370003
0.00370003
0.00370003
0.00370003
0.00370003
0.00370003
0.00370003
0.00370003
0.00370003
0.00370003
0.00370003
0.00370003
0.00370003
0.00370003
0.00370003
0.00370003
0.00370003
0.00370003
0.00370003
0.00370003
0.00370003
0.00370003
0.00370003
0.00370003
0.00370003
0.00370003
0.00370003
0.00370003
0.00370003
0.00370003
0.00370003
0.00370003
0.00370003
0.00370003
0.00370003
0.00370003
0.00370003
0.00370003
0.00370003
0.00370003
0.00370003
0.00370003
0.00370003
0.00373921
0.00373921
0.00373921
0.00373921
0.00373921
0.00373921
0.00373921
0.00373921
0.00373921
0.00373921
0.00373921
0.00373921
0.00373921
0.00373921
0.00373921
0.00373921
0.00373921
0.00373921
0.00373921
0.00373921
0.00373921
0.00373921
0.00373921
0.00373921
0.00373921
0.00373921
0.00373921
0.00373921
0.00373921
0.00373921
0.00373921
0.00373921
0.00373921
0.00373921
0.00373921
0.00373921
0.00373921
0.00373921
0.00373921
0.00373921
0.00373921
0.00373921
0.00373921
0.00373921
0.00373921
0.00373921
0.00373921
0.00373921
0.00373921
0.00373921
0.00373921
0.00373921
0.00373921
0.00373921
0.00373921
0.00373921
0.00373921
0.00373921
0.00373921
0.00373921
0.00378095
0.00378095
0.00378095
0.00378095
0.00378095
0.00378096
0.00378096
0.00378096
0.00378096
0.00378096
0.00378096
0.00378096
0.00378096
0.00378096
0.00378096
0.00378096
0.00378096
0.00378096
0.00378096
0.00378096
0.00378096
0.00378096
0.00378096
0.00378096
0.00378096
0.00378096
0.00378096
0.00378096
0.00378096
0.00378096
0.00378096
0.00378096
0.00378096
0.00378096
0.00378096
0.00378096
0.00378096
0.00378096
0.00378096
0.00378096
0.00378096
0.00378096
0.00378096
0.00378096
0.00378096
0.00378096
0.00378096
0.00378096
0.00378096
0.00378096
0.00378096
0.00378096
0.00378096
0.00378096
0.00378096
0.00378095
0.00378095
0.00378095
0.00378095
0.00378095
0.00382544
0.00382544
0.00382544
0.00382544
0.00382545
0.00382545
0.00382545
0.00382545
0.00382545
0.00382545
0.00382545
0.00382545
0.00382545
0.00382545
0.00382545
0.00382545
0.00382545
0.00382545
0.00382545
0.00382545
0.00382545
0.00382545
0.00382545
0.00382545
0.00382545
0.00382545
0.00382545
0.00382545
0.00382545
0.00382545
0.00382545
0.00382545
0.00382545
0.00382545
0.00382545
0.00382545
0.00382545
0.00382545
0.00382545
0.00382545
0.00382545
0.00382545
0.00382545
0.00382545
0.00382545
0.00382545
0.00382545
0.00382545
0.00382545
0.00382545
0.00382545
0.00382545
0.00382545
0.00382545
0.00382545
0.00382545
0.00382544
0.00382544
0.00382544
0.00382544
0.00387292
0.00387292
0.00387293
0.00387293
0.00387293
0.00387293
0.00387293
0.00387293
0.00387293
0.00387293
0.00387293
0.00387293
0.00387293
0.00387293
0.00387293
0.00387293
0.00387293
0.00387293
0.00387293
0.00387293
0.00387293
0.00387293
0.00387293
0.00387293
0.00387293
0.00387293
0.00387293
0.00387293
0.00387293
0.00387293
0.00387293
0.00387293
0.00387293
0.00387293
0.00387293
0.00387293
0.00387293
0.00387293
0.00387293
0.00387293
0.00387293
0.00387293
0.00387293
0.00387293
0.00387293
0.00387293
0.00387293
0.00387293
0.00387293
0.00387293
0.00387293
0.00387293
0.00387293
0.00387293
0.00387293
0.00387293
0.00387293
0.00387293
0.00387292
0.00387292
0.00392369
0.00392369
0.00392369
0.00392369
0.00392369
0.00392369
0.00392369
0.00392369
0.00392369
0.00392369
0.00392369
0.00392369
0.00392369
0.00392369
0.00392369
0.00392369
0.00392369
0.00392369
0.00392369
0.00392369
0.00392369
0.00392369
0.00392369
0.00392369
0.00392369
0.00392369
0.00392369
0.00392369
0.00392369
0.00392369
0.00392369
0.00392369
0.00392369
0.00392369
0.00392369
0.00392369
0.00392369
0.00392369
0.00392369
0.00392369
0.00392369
0.00392369
0.00392369
0.00392369
0.00392369
0.00392369
0.00392369
0.00392369
0.00392369
0.00392369
0.00392369
0.00392369
0.00392369
0.00392369
0.00392369
0.00392369
0.00392369
0.00392369
0.00392369
0.00392369
0.00397806
0.00397807
0.00397807
0.00397807
0.00397807
0.00397807
0.00397807
0.00397807
0.00397807
0.00397807
0.00397807
0.00397807
0.00397807
0.00397807
0.00397807
0.00397807
0.00397807
0.00397807
0.00397807
0.00397807
0.00397807
0.00397807
0.00397807
0.00397807
0.00397807
0.00397807
0.00397807
0.00397807
0.00397807
0.00397807
0.00397807
0.00397807
0.00397807
0.00397807
0.00397807
0.00397807
0.00397807
0.00397807
0.00397807
0.00397807
0.00397807
0.00397807
0.00397807
0.00397807
0.00397807
0.00397807
0.00397807
0.00397807
0.00397807
0.00397807
0.00397807
0.00397807
0.00397807
0.00397807
0.00397807
0.00397807
0.00397807
0.00397807
0.00397807
0.00397806
0.00403645
0.00403645
0.00403645
0.00403645
0.00403645
0.00403645
0.00403645
0.00403645
0.00403645
0.00403645
0.00403645
0.00403645
0.00403645
0.00403645
0.00403645
0.00403645
0.00403645
0.00403645
0.00403645
0.00403645
0.00403645
0.00403645
0.00403645
0.00403645
0.00403645
0.00403645
0.00403645
0.00403645
0.00403645
0.00403645
0.00403645
0.00403645
0.00403645
0.00403645
0.00403645
0.00403645
0.00403645
0.00403645
0.00403645
0.00403645
0.00403645
0.00403645
0.00403645
0.00403645
0.00403645
0.00403645
0.00403645
0.00403645
0.00403645
0.00403645
0.00403645
0.00403645
0.00403645
0.00403645
0.00403645
0.00403645
0.00403645
0.00403645
0.00403645
0.00403645
0.00409928
0.00409928
0.00409928
0.00409928
0.00409928
0.00409928
0.00409928
0.00409928
0.00409928
0.00409928
0.00409928
0.00409928
0.00409928
0.00409928
0.00409929
0.00409929
0.00409929
0.00409929
0.00409929
0.00409929
0.00409929
0.00409929
0.00409929
0.00409929
0.00409929
0.00409929
0.00409929
0.00409929
0.00409929
0.00409929
0.00409929
0.00409929
0.00409929
0.00409929
0.00409929
0.00409929
0.00409929
0.00409929
0.00409929
0.00409929
0.00409929
0.00409929
0.00409929
0.00409929
0.00409929
0.00409929
0.00409928
0.00409928
0.00409928
0.00409928
0.00409928
0.00409928
0.00409928
0.00409928
0.00409928
0.00409928
0.00409928
0.00409928
0.00409928
0.00409928
0.00416708
0.00416708
0.00416708
0.00416708
0.00416708
0.00416708
0.00416708
0.00416708
0.00416708
0.00416708
0.00416708
0.00416708
0.00416708
0.00416708
0.00416708
0.00416708
0.00416708
0.00416709
0.00416709
0.00416709
0.00416709
0.00416709
0.00416709
0.00416709
0.00416709
0.00416709
0.00416709
0.00416709
0.00416709
0.00416709
0.00416709
0.00416709
0.00416709
0.00416709
0.00416709
0.00416709
0.00416709
0.00416709
0.00416709
0.00416709
0.00416709
0.00416709
0.00416709
0.00416708
0.00416708
0.00416708
0.00416708
0.00416708
0.00416708
0.00416708
0.00416708
0.00416708
0.00416708
0.00416708
0.00416708
0.00416708
0.00416708
0.00416708
0.00416708
0.00416708
0.00424045
0.00424045
0.00424045
0.00424045
0.00424045
0.00424045
0.00424045
0.00424045
0.00424045
0.00424045
0.00424045
0.00424045
0.00424045
0.00424045
0.00424045
0.00424045
0.00424045
0.00424045
0.00424045
0.00424045
0.00424045
0.00424046
0.00424046
0.00424046
0.00424046
0.00424046
0.00424046
0.00424046
0.00424046
0.00424046
0.00424046
0.00424046
0.00424046
0.00424046
0.00424046
0.00424046
0.00424046
0.00424046
0.00424046
0.00424045
0.00424045
0.00424045
0.00424045
0.00424045
0.00424045
0.00424045
0.00424045
0.00424045
0.00424045
0.00424045
0.00424045
0.00424045
0.00424045
0.00424045
0.00424045
0.00424045
0.00424045
0.00424045
0.00424045
0.00424045
0.0043201
0.0043201
0.0043201
0.0043201
0.0043201
0.0043201
0.0043201
0.0043201
0.0043201
0.0043201
0.0043201
0.0043201
0.0043201
0.0043201
0.0043201
0.0043201
0.0043201
0.0043201
0.0043201
0.0043201
0.0043201
0.0043201
0.0043201
0.0043201
0.0043201
0.0043201
0.0043201
0.0043201
0.0043201
0.0043201
0.0043201
0.0043201
0.0043201
0.0043201
0.0043201
0.0043201
0.0043201
0.0043201
0.0043201
0.0043201
0.0043201
0.0043201
0.0043201
0.0043201
0.0043201
0.0043201
0.0043201
0.0043201
0.0043201
0.0043201
0.0043201
0.0043201
0.0043201
0.0043201
0.0043201
0.0043201
0.0043201
0.0043201
0.0043201
0.0043201
0.00440686
0.00440686
0.00440686
0.00440686
0.00440686
0.00440686
0.00440686
0.00440686
0.00440686
0.00440686
0.00440686
0.00440686
0.00440686
0.00440686
0.00440686
0.00440686
0.00440686
0.00440686
0.00440686
0.00440686
0.00440686
0.00440686
0.00440686
0.00440686
0.00440686
0.00440687
0.00440687
0.00440687
0.00440687
0.00440687
0.00440687
0.00440687
0.00440687
0.00440687
0.00440687
0.00440686
0.00440686
0.00440686
0.00440686
0.00440686
0.00440686
0.00440686
0.00440686
0.00440686
0.00440686
0.00440686
0.00440686
0.00440686
0.00440686
0.00440686
0.00440686
0.00440686
0.00440686
0.00440686
0.00440686
0.00440686
0.00440686
0.00440686
0.00440686
0.00440686
0.00450173
0.00450173
0.00450173
0.00450173
0.00450173
0.00450173
0.00450174
0.00450174
0.00450174
0.00450174
0.00450174
0.00450174
0.00450174
0.00450174
0.00450174
0.00450174
0.00450174
0.00450174
0.00450174
0.00450174
0.00450174
0.00450174
0.00450174
0.00450174
0.00450174
0.00450174
0.00450174
0.00450174
0.00450174
0.00450174
0.00450174
0.00450174
0.00450174
0.00450174
0.00450174
0.00450174
0.00450174
0.00450174
0.00450174
0.00450174
0.00450174
0.00450174
0.00450174
0.00450174
0.00450174
0.00450174
0.00450174
0.00450174
0.00450174
0.00450174
0.00450174
0.00450174
0.00450174
0.00450174
0.00450173
0.00450173
0.00450173
0.00450173
0.00450173
0.00450173
0.00460591
0.00460591
0.00460591
0.00460592
0.00460592
0.00460592
0.00460592
0.00460592
0.00460592
0.00460592
0.00460592
0.00460592
0.00460592
0.00460592
0.00460592
0.00460592
0.00460592
0.00460592
0.00460592
0.00460592
0.00460592
0.00460592
0.00460592
0.00460592
0.00460592
0.00460592
0.00460592
0.00460592
0.00460592
0.00460592
0.00460592
0.00460592
0.00460592
0.00460592
0.00460592
0.00460592
0.00460592
0.00460592
0.00460592
0.00460592
0.00460592
0.00460592
0.00460592
0.00460592
0.00460592
0.00460592
0.00460592
0.00460592
0.00460592
0.00460592
0.00460592
0.00460592
0.00460592
0.00460592
0.00460592
0.00460592
0.00460592
0.00460591
0.00460591
0.00460591
0.00472086
0.00472086
0.00472086
0.00472086
0.00472086
0.00472086
0.00472086
0.00472086
0.00472086
0.00472086
0.00472087
0.00472087
0.00472087
0.00472087
0.00472087
0.00472087
0.00472087
0.00472087
0.00472087
0.00472087
0.00472087
0.00472087
0.00472087
0.00472087
0.00472087
0.00472087
0.00472087
0.00472087
0.00472087
0.00472087
0.00472087
0.00472087
0.00472087
0.00472087
0.00472087
0.00472087
0.00472087
0.00472087
0.00472087
0.00472087
0.00472087
0.00472087
0.00472087
0.00472087
0.00472087
0.00472087
0.00472087
0.00472087
0.00472087
0.00472087
0.00472086
0.00472086
0.00472086
0.00472086
0.00472086
0.00472086
0.00472086
0.00472086
0.00472086
0.00472086
0.00484835
0.00484835
0.00484835
0.00484835
0.00484835
0.00484835
0.00484835
0.00484835
0.00484836
0.00484836
0.00484836
0.00484836
0.00484836
0.00484836
0.00484836
0.00484836
0.00484836
0.00484836
0.00484836
0.00484836
0.00484836
0.00484836
0.00484836
0.00484836
0.00484836
0.00484836
0.00484836
0.00484836
0.00484836
0.00484836
0.00484836
0.00484836
0.00484836
0.00484836
0.00484836
0.00484836
0.00484836
0.00484836
0.00484836
0.00484836
0.00484836
0.00484836
0.00484836
0.00484836
0.00484836
0.00484836
0.00484836
0.00484836
0.00484836
0.00484836
0.00484836
0.00484836
0.00484835
0.00484835
0.00484835
0.00484835
0.00484835
0.00484835
0.00484835
0.00484835
0.0049906
0.0049906
0.0049906
0.0049906
0.0049906
0.0049906
0.0049906
0.0049906
0.0049906
0.0049906
0.0049906
0.00499061
0.00499061
0.00499061
0.00499061
0.00499061
0.00499061
0.00499061
0.00499061
0.00499061
0.00499061
0.00499061
0.00499061
0.00499061
0.00499061
0.00499061
0.00499061
0.00499061
0.00499061
0.00499061
0.00499061
0.00499061
0.00499061
0.00499061
0.00499061
0.00499061
0.00499061
0.00499061
0.00499061
0.00499061
0.00499061
0.00499061
0.00499061
0.00499061
0.00499061
0.00499061
0.00499061
0.00499061
0.00499061
0.0049906
0.0049906
0.0049906
0.0049906
0.0049906
0.0049906
0.0049906
0.0049906
0.0049906
0.0049906
0.0049906
0.00515038
0.00515038
0.00515039
0.00515039
0.00515039
0.00515039
0.00515039
0.00515039
0.00515039
0.00515039
0.00515039
0.00515039
0.00515039
0.00515039
0.00515039
0.00515039
0.00515039
0.00515039
0.00515039
0.00515039
0.00515039
0.00515039
0.00515039
0.00515039
0.00515039
0.00515039
0.00515039
0.00515039
0.00515039
0.00515039
0.00515039
0.00515039
0.00515039
0.00515039
0.00515039
0.00515039
0.00515039
0.00515039
0.00515039
0.00515039
0.00515039
0.00515039
0.00515039
0.00515039
0.00515039
0.00515039
0.00515039
0.00515039
0.00515039
0.00515039
0.00515039
0.00515039
0.00515039
0.00515039
0.00515039
0.00515039
0.00515039
0.00515039
0.00515038
0.00515038
0.00533126
0.00533126
0.00533126
0.00533126
0.00533126
0.00533126
0.00533126
0.00533126
0.00533126
0.00533126
0.00533126
0.00533127
0.00533127
0.00533127
0.00533127
0.00533127
0.00533127
0.00533127
0.00533127
0.00533127
0.00533127
0.00533127
0.00533127
0.00533127
0.00533127
0.00533127
0.00533127
0.00533127
0.00533127
0.00533127
0.00533127
0.00533127
0.00533127
0.00533127
0.00533127
0.00533127
0.00533127
0.00533127
0.00533127
0.00533127
0.00533127
0.00533127
0.00533127
0.00533127
0.00533127
0.00533127
0.00533127
0.00533127
0.00533127
0.00533126
0.00533126
0.00533126
0.00533126
0.00533126
0.00533126
0.00533126
0.00533126
0.00533126
0.00533126
0.00533126
0.00553782
0.00553782
0.00553782
0.00553782
0.00553782
0.00553782
0.00553782
0.00553783
0.00553783
0.00553783
0.00553783
0.00553783
0.00553783
0.00553783
0.00553783
0.00553783
0.00553783
0.00553783
0.00553783
0.00553783
0.00553783
0.00553783
0.00553783
0.00553783
0.00553783
0.00553783
0.00553783
0.00553783
0.00553783
0.00553783
0.00553783
0.00553783
0.00553783
0.00553783
0.00553783
0.00553783
0.00553783
0.00553783
0.00553783
0.00553783
0.00553783
0.00553783
0.00553783
0.00553783
0.00553783
0.00553783
0.00553783
0.00553783
0.00553783
0.00553783
0.00553783
0.00553783
0.00553783
0.00553782
0.00553782
0.00553782
0.00553782
0.00553782
0.00553782
0.00553782
0.00577615
0.00577615
0.00577615
0.00577616
0.00577616
0.00577616
0.00577616
0.00577616
0.00577616
0.00577616
0.00577616
0.00577616
0.00577616
0.00577616
0.00577616
0.00577616
0.00577616
0.00577616
0.00577616
0.00577616
0.00577616
0.00577616
0.00577616
0.00577616
0.00577616
0.00577616
0.00577616
0.00577616
0.00577616
0.00577616
0.00577616
0.00577616
0.00577616
0.00577616
0.00577616
0.00577616
0.00577616
0.00577616
0.00577616
0.00577616
0.00577616
0.00577616
0.00577616
0.00577616
0.00577616
0.00577616
0.00577616
0.00577616
0.00577616
0.00577616
0.00577616
0.00577616
0.00577616
0.00577616
0.00577616
0.00577616
0.00577616
0.00577615
0.00577615
0.00577615
0.00605446
0.00605447
0.00605447
0.00605447
0.00605447
0.00605447
0.00605447
0.00605447
0.00605447
0.00605448
0.00605448
0.00605448
0.00605448
0.00605448
0.00605448
0.00605448
0.00605448
0.00605448
0.00605448
0.00605448
0.00605448
0.00605448
0.00605448
0.00605448
0.00605448
0.00605448
0.00605448
0.00605448
0.00605448
0.00605448
0.00605448
0.00605448
0.00605448
0.00605448
0.00605448
0.00605448
0.00605448
0.00605448
0.00605448
0.00605448
0.00605448
0.00605448
0.00605448
0.00605448
0.00605448
0.00605448
0.00605448
0.00605448
0.00605448
0.00605448
0.00605448
0.00605447
0.00605447
0.00605447
0.00605447
0.00605447
0.00605447
0.00605447
0.00605447
0.00605446
0.00638408
0.00638409
0.00638409
0.00638409
0.00638409
0.00638409
0.00638409
0.00638409
0.00638409
0.0063841
0.0063841
0.0063841
0.0063841
0.0063841
0.0063841
0.0063841
0.0063841
0.0063841
0.0063841
0.0063841
0.0063841
0.0063841
0.0063841
0.0063841
0.0063841
0.0063841
0.0063841
0.0063841
0.0063841
0.0063841
0.0063841
0.0063841
0.0063841
0.0063841
0.0063841
0.0063841
0.0063841
0.0063841
0.0063841
0.0063841
0.0063841
0.0063841
0.0063841
0.0063841
0.0063841
0.0063841
0.0063841
0.0063841
0.0063841
0.0063841
0.0063841
0.00638409
0.00638409
0.00638409
0.00638409
0.00638409
0.00638409
0.00638409
0.00638409
0.00638408
0.00678098
0.00678099
0.00678099
0.00678099
0.00678099
0.00678099
0.00678099
0.00678099
0.006781
0.006781
0.006781
0.006781
0.006781
0.006781
0.006781
0.006781
0.006781
0.006781
0.006781
0.006781
0.006781
0.006781
0.006781
0.006781
0.006781
0.006781
0.006781
0.006781
0.006781
0.006781
0.006781
0.006781
0.006781
0.006781
0.006781
0.006781
0.006781
0.006781
0.006781
0.006781
0.006781
0.006781
0.006781
0.006781
0.006781
0.006781
0.006781
0.006781
0.006781
0.006781
0.006781
0.006781
0.00678099
0.00678099
0.00678099
0.00678099
0.00678099
0.00678099
0.00678099
0.00678098
0.00726812
0.00726812
0.00726813
0.00726813
0.00726813
0.00726813
0.00726813
0.00726813
0.00726814
0.00726814
0.00726814
0.00726814
0.00726814
0.00726814
0.00726814
0.00726814
0.00726814
0.00726814
0.00726814
0.00726814
0.00726814
0.00726814
0.00726814
0.00726814
0.00726814
0.00726814
0.00726814
0.00726814
0.00726814
0.00726814
0.00726814
0.00726814
0.00726814
0.00726814
0.00726814
0.00726814
0.00726814
0.00726814
0.00726814
0.00726814
0.00726814
0.00726814
0.00726814
0.00726814
0.00726814
0.00726814
0.00726814
0.00726814
0.00726814
0.00726814
0.00726814
0.00726814
0.00726813
0.00726813
0.00726813
0.00726813
0.00726813
0.00726813
0.00726812
0.00726812
0.00787878
0.00787878
0.00787878
0.00787879
0.00787879
0.00787879
0.00787879
0.00787879
0.0078788
0.0078788
0.0078788
0.0078788
0.0078788
0.0078788
0.0078788
0.0078788
0.0078788
0.0078788
0.0078788
0.0078788
0.0078788
0.0078788
0.0078788
0.0078788
0.0078788
0.0078788
0.0078788
0.0078788
0.0078788
0.0078788
0.0078788
0.0078788
0.0078788
0.0078788
0.0078788
0.0078788
0.0078788
0.0078788
0.0078788
0.0078788
0.0078788
0.0078788
0.0078788
0.0078788
0.0078788
0.0078788
0.0078788
0.0078788
0.0078788
0.0078788
0.0078788
0.0078788
0.00787879
0.00787879
0.00787879
0.00787879
0.00787879
0.00787878
0.00787878
0.00787878
0.00866077
0.00866078
0.00866078
0.00866078
0.00866079
0.00866079
0.00866079
0.00866079
0.00866079
0.0086608
0.0086608
0.0086608
0.0086608
0.0086608
0.0086608
0.0086608
0.0086608
0.0086608
0.0086608
0.0086608
0.0086608
0.0086608
0.0086608
0.0086608
0.0086608
0.0086608
0.0086608
0.0086608
0.0086608
0.0086608
0.0086608
0.0086608
0.0086608
0.0086608
0.0086608
0.0086608
0.0086608
0.0086608
0.0086608
0.0086608
0.0086608
0.0086608
0.0086608
0.0086608
0.0086608
0.0086608
0.0086608
0.0086608
0.0086608
0.0086608
0.0086608
0.00866079
0.00866079
0.00866079
0.00866079
0.00866079
0.00866078
0.00866078
0.00866078
0.00866077
0.00968034
0.00968035
0.00968035
0.00968036
0.00968036
0.00968036
0.00968036
0.00968037
0.00968037
0.00968037
0.00968037
0.00968037
0.00968037
0.00968037
0.00968038
0.00968038
0.00968038
0.00968038
0.00968038
0.00968038
0.00968038
0.00968038
0.00968038
0.00968038
0.00968038
0.00968038
0.00968038
0.00968038
0.00968038
0.00968038
0.00968038
0.00968038
0.00968038
0.00968038
0.00968038
0.00968038
0.00968038
0.00968038
0.00968038
0.00968038
0.00968038
0.00968038
0.00968038
0.00968038
0.00968038
0.00968038
0.00968037
0.00968037
0.00968037
0.00968037
0.00968037
0.00968037
0.00968037
0.00968036
0.00968036
0.00968036
0.00968036
0.00968035
0.00968035
0.00968034
0.0110227
0.0110227
0.0110227
0.0110227
0.0110227
0.0110227
0.0110227
0.0110227
0.0110227
0.0110227
0.0110227
0.0110227
0.0110227
0.0110227
0.0110227
0.0110227
0.0110227
0.0110227
0.0110227
0.0110227
0.0110227
0.0110227
0.0110227
0.0110227
0.0110227
0.0110227
0.0110227
0.0110227
0.0110227
0.0110227
0.0110227
0.0110227
0.0110227
0.0110227
0.0110227
0.0110227
0.0110227
0.0110227
0.0110227
0.0110227
0.0110227
0.0110227
0.0110227
0.0110227
0.0110227
0.0110227
0.0110227
0.0110227
0.0110227
0.0110227
0.0110227
0.0110227
0.0110227
0.0110227
0.0110227
0.0110227
0.0110227
0.0110227
0.0110227
0.0110227
0.0127844
0.0127844
0.0127844
0.0127844
0.0127844
0.0127844
0.0127844
0.0127844
0.0127844
0.0127844
0.0127844
0.0127844
0.0127844
0.0127844
0.0127844
0.0127844
0.0127844
0.0127844
0.0127844
0.0127844
0.0127844
0.0127844
0.0127844
0.0127844
0.0127844
0.0127844
0.0127844
0.0127844
0.0127844
0.0127844
0.0127844
0.0127844
0.0127844
0.0127844
0.0127844
0.0127844
0.0127844
0.0127844
0.0127844
0.0127844
0.0127844
0.0127844
0.0127844
0.0127844
0.0127844
0.0127844
0.0127844
0.0127844
0.0127844
0.0127844
0.0127844
0.0127844
0.0127844
0.0127844
0.0127844
0.0127844
0.0127844
0.0127844
0.0127844
0.0127844
0.015055
0.015055
0.015055
0.015055
0.015055
0.015055
0.015055
0.015055
0.0150551
0.0150551
0.0150551
0.0150551
0.0150551
0.0150551
0.0150551
0.0150551
0.0150551
0.0150551
0.0150551
0.0150551
0.0150551
0.0150551
0.0150551
0.0150551
0.0150551
0.0150551
0.0150551
0.0150551
0.0150551
0.0150551
0.0150551
0.0150551
0.0150551
0.0150551
0.0150551
0.0150551
0.0150551
0.0150551
0.0150551
0.0150551
0.0150551
0.0150551
0.0150551
0.0150551
0.0150551
0.0150551
0.0150551
0.0150551
0.0150551
0.0150551
0.0150551
0.0150551
0.015055
0.015055
0.015055
0.015055
0.015055
0.015055
0.015055
0.015055
0.017891
0.017891
0.017891
0.0178911
0.0178911
0.0178911
0.0178911
0.0178911
0.0178911
0.0178911
0.0178911
0.0178911
0.0178911
0.0178911
0.0178911
0.0178911
0.0178911
0.0178911
0.0178911
0.0178911
0.0178911
0.0178911
0.0178911
0.0178911
0.0178911
0.0178911
0.0178911
0.0178911
0.0178911
0.0178911
0.0178911
0.0178911
0.0178911
0.0178911
0.0178911
0.0178911
0.0178911
0.0178911
0.0178911
0.0178911
0.0178911
0.0178911
0.0178911
0.0178911
0.0178911
0.0178911
0.0178911
0.0178911
0.0178911
0.0178911
0.0178911
0.0178911
0.0178911
0.0178911
0.0178911
0.0178911
0.0178911
0.017891
0.017891
0.017891
0.0212962
0.0212962
0.0212963
0.0212963
0.0212963
0.0212963
0.0212963
0.0212963
0.0212963
0.0212963
0.0212963
0.0212963
0.0212963
0.0212963
0.0212963
0.0212963
0.0212963
0.0212963
0.0212963
0.0212963
0.0212963
0.0212963
0.0212963
0.0212963
0.0212963
0.0212963
0.0212963
0.0212963
0.0212963
0.0212963
0.0212963
0.0212963
0.0212963
0.0212963
0.0212963
0.0212963
0.0212963
0.0212963
0.0212963
0.0212963
0.0212963
0.0212963
0.0212963
0.0212963
0.0212963
0.0212963
0.0212963
0.0212963
0.0212963
0.0212963
0.0212963
0.0212963
0.0212963
0.0212963
0.0212963
0.0212963
0.0212963
0.0212963
0.0212962
0.0212962
0.0252216
0.0252216
0.0252216
0.0252216
0.0252216
0.0252217
0.0252217
0.0252217
0.0252217
0.0252217
0.0252217
0.0252217
0.0252217
0.0252217
0.0252217
0.0252217
0.0252217
0.0252217
0.0252217
0.0252217
0.0252217
0.0252217
0.0252217
0.0252217
0.0252217
0.0252217
0.0252217
0.0252217
0.0252217
0.0252217
0.0252217
0.0252217
0.0252217
0.0252217
0.0252217
0.0252217
0.0252217
0.0252217
0.0252217
0.0252217
0.0252217
0.0252217
0.0252217
0.0252217
0.0252217
0.0252217
0.0252217
0.0252217
0.0252217
0.0252217
0.0252217
0.0252217
0.0252217
0.0252217
0.0252217
0.0252216
0.0252216
0.0252216
0.0252216
0.0252216
0.0295861
0.0295862
0.0295862
0.0295862
0.0295862
0.0295862
0.0295862
0.0295862
0.0295862
0.0295862
0.0295862
0.0295862
0.0295862
0.0295863
0.0295863
0.0295863
0.0295863
0.0295863
0.0295863
0.0295863
0.0295863
0.0295863
0.0295863
0.0295863
0.0295863
0.0295863
0.0295863
0.0295863
0.0295863
0.0295863
0.0295863
0.0295863
0.0295863
0.0295863
0.0295863
0.0295863
0.0295863
0.0295863
0.0295863
0.0295863
0.0295863
0.0295863
0.0295863
0.0295863
0.0295863
0.0295863
0.0295863
0.0295862
0.0295862
0.0295862
0.0295862
0.0295862
0.0295862
0.0295862
0.0295862
0.0295862
0.0295862
0.0295862
0.0295862
0.0295861
0.0343049
0.0343049
0.0343049
0.034305
0.034305
0.034305
0.034305
0.034305
0.034305
0.034305
0.034305
0.034305
0.034305
0.034305
0.034305
0.034305
0.034305
0.034305
0.034305
0.034305
0.034305
0.034305
0.034305
0.034305
0.0343051
0.0343051
0.0343051
0.0343051
0.0343051
0.0343051
0.0343051
0.0343051
0.0343051
0.0343051
0.0343051
0.0343051
0.034305
0.034305
0.034305
0.034305
0.034305
0.034305
0.034305
0.034305
0.034305
0.034305
0.034305
0.034305
0.034305
0.034305
0.034305
0.034305
0.034305
0.034305
0.034305
0.034305
0.034305
0.0343049
0.0343049
0.0343049
0.0393089
0.0393089
0.039309
0.039309
0.039309
0.039309
0.039309
0.039309
0.039309
0.039309
0.039309
0.0393091
0.0393091
0.0393091
0.0393091
0.0393091
0.0393091
0.0393091
0.0393091
0.0393091
0.0393091
0.0393091
0.0393091
0.0393091
0.0393091
0.0393091
0.0393091
0.0393091
0.0393091
0.0393091
0.0393091
0.0393091
0.0393091
0.0393091
0.0393091
0.0393091
0.0393091
0.0393091
0.0393091
0.0393091
0.0393091
0.0393091
0.0393091
0.0393091
0.0393091
0.0393091
0.0393091
0.0393091
0.0393091
0.039309
0.039309
0.039309
0.039309
0.039309
0.039309
0.039309
0.039309
0.039309
0.0393089
0.0393089
0.0445515
0.0445515
0.0445516
0.0445516
0.0445516
0.0445516
0.0445516
0.0445516
0.0445516
0.0445516
0.0445517
0.0445517
0.0445517
0.0445517
0.0445517
0.0445517
0.0445517
0.0445517
0.0445517
0.0445517
0.0445517
0.0445517
0.0445517
0.0445517
0.0445517
0.0445517
0.0445517
0.0445517
0.0445517
0.0445517
0.0445517
0.0445517
0.0445517
0.0445517
0.0445517
0.0445517
0.0445517
0.0445517
0.0445517
0.0445517
0.0445517
0.0445517
0.0445517
0.0445517
0.0445517
0.0445517
0.0445517
0.0445517
0.0445517
0.0445517
0.0445516
0.0445516
0.0445516
0.0445516
0.0445516
0.0445516
0.0445516
0.0445516
0.0445515
0.0445515
0.0500054
0.0500055
0.0500055
0.0500055
0.0500055
0.0500055
0.0500055
0.0500056
0.0500056
0.0500056
0.0500056
0.0500056
0.0500056
0.0500056
0.0500056
0.0500056
0.0500056
0.0500056
0.0500056
0.0500056
0.0500056
0.0500056
0.0500056
0.0500056
0.0500056
0.0500056
0.0500056
0.0500056
0.0500056
0.0500056
0.0500056
0.0500056
0.0500056
0.0500056
0.0500056
0.0500056
0.0500056
0.0500056
0.0500056
0.0500056
0.0500056
0.0500056
0.0500056
0.0500056
0.0500056
0.0500056
0.0500056
0.0500056
0.0500056
0.0500056
0.0500056
0.0500056
0.0500056
0.0500055
0.0500055
0.0500055
0.0500055
0.0500055
0.0500055
0.0500054
0.0556567
0.0556568
0.0556568
0.0556568
0.0556568
0.0556568
0.0556569
0.0556569
0.0556569
0.0556569
0.0556569
0.0556569
0.0556569
0.0556569
0.0556569
0.0556569
0.0556569
0.0556569
0.0556569
0.0556569
0.0556569
0.0556569
0.0556569
0.0556569
0.0556569
0.0556569
0.0556569
0.0556569
0.0556569
0.0556569
0.0556569
0.0556569
0.0556569
0.0556569
0.0556569
0.0556569
0.0556569
0.0556569
0.0556569
0.0556569
0.0556569
0.0556569
0.0556569
0.0556569
0.0556569
0.0556569
0.0556569
0.0556569
0.0556569
0.0556569
0.0556569
0.0556569
0.0556569
0.0556569
0.0556568
0.0556568
0.0556568
0.0556568
0.0556568
0.0556567
0.0614996
0.0614996
0.0614996
0.0614996
0.0614997
0.0614997
0.0614997
0.0614997
0.0614997
0.0614997
0.0614997
0.0614997
0.0614997
0.0614997
0.0614997
0.0614997
0.0614998
0.0614998
0.0614998
0.0614998
0.0614998
0.0614998
0.0614998
0.0614998
0.0614998
0.0614998
0.0614998
0.0614998
0.0614998
0.0614998
0.0614998
0.0614998
0.0614998
0.0614998
0.0614998
0.0614998
0.0614998
0.0614998
0.0614998
0.0614998
0.0614998
0.0614998
0.0614998
0.0614998
0.0614997
0.0614997
0.0614997
0.0614997
0.0614997
0.0614997
0.0614997
0.0614997
0.0614997
0.0614997
0.0614997
0.0614997
0.0614996
0.0614996
0.0614996
0.0614996
0.0675326
0.0675327
0.0675327
0.0675327
0.0675327
0.0675327
0.0675328
0.0675328
0.0675328
0.0675328
0.0675328
0.0675328
0.0675328
0.0675328
0.0675328
0.0675328
0.0675328
0.0675328
0.0675328
0.0675328
0.0675328
0.0675328
0.0675328
0.0675328
0.0675328
0.0675328
0.0675328
0.0675328
0.0675328
0.0675328
0.0675328
0.0675328
0.0675328
0.0675328
0.0675328
0.0675328
0.0675328
0.0675328
0.0675328
0.0675328
0.0675328
0.0675328
0.0675328
0.0675328
0.0675328
0.0675328
0.0675328
0.0675328
0.0675328
0.0675328
0.0675328
0.0675328
0.0675328
0.0675328
0.0675327
0.0675327
0.0675327
0.0675327
0.0675327
0.0675326
0.0737573
0.0737573
0.0737573
0.0737574
0.0737574
0.0737574
0.0737574
0.0737574
0.0737574
0.0737574
0.0737575
0.0737575
0.0737575
0.0737575
0.0737575
0.0737575
0.0737575
0.0737575
0.0737575
0.0737575
0.0737575
0.0737575
0.0737575
0.0737575
0.0737575
0.0737575
0.0737575
0.0737575
0.0737575
0.0737575
0.0737575
0.0737575
0.0737575
0.0737575
0.0737575
0.0737575
0.0737575
0.0737575
0.0737575
0.0737575
0.0737575
0.0737575
0.0737575
0.0737575
0.0737575
0.0737575
0.0737575
0.0737575
0.0737575
0.0737575
0.0737574
0.0737574
0.0737574
0.0737574
0.0737574
0.0737574
0.0737574
0.0737573
0.0737573
0.0737573
0.0801764
0.0801764
0.0801765
0.0801765
0.0801765
0.0801765
0.0801765
0.0801766
0.0801766
0.0801766
0.0801766
0.0801766
0.0801766
0.0801766
0.0801766
0.0801766
0.0801766
0.0801766
0.0801766
0.0801766
0.0801766
0.0801766
0.0801766
0.0801766
0.0801766
0.0801766
0.0801766
0.0801766
0.0801766
0.0801766
0.0801766
0.0801766
0.0801766
0.0801766
0.0801766
0.0801766
0.0801766
0.0801766
0.0801766
0.0801766
0.0801766
0.0801766
0.0801766
0.0801766
0.0801766
0.0801766
0.0801766
0.0801766
0.0801766
0.0801766
0.0801766
0.0801766
0.0801766
0.0801765
0.0801765
0.0801765
0.0801765
0.0801765
0.0801764
0.0801764
0.0867939
0.0867939
0.086794
0.086794
0.086794
0.086794
0.0867941
0.0867941
0.0867941
0.0867941
0.0867941
0.0867941
0.0867941
0.0867941
0.0867941
0.0867941
0.0867941
0.0867941
0.0867941
0.0867941
0.0867941
0.0867941
0.0867941
0.0867941
0.0867941
0.0867941
0.0867941
0.0867941
0.0867941
0.0867941
0.0867941
0.0867941
0.0867941
0.0867941
0.0867941
0.0867941
0.0867941
0.0867941
0.0867941
0.0867941
0.0867941
0.0867941
0.0867941
0.0867941
0.0867941
0.0867941
0.0867941
0.0867941
0.0867941
0.0867941
0.0867941
0.0867941
0.0867941
0.0867941
0.086794
0.086794
0.086794
0.086794
0.0867939
0.0867939
0.0936144
0.0936144
0.0936145
0.0936145
0.0936145
0.0936145
0.0936145
0.0936146
0.0936146
0.0936146
0.0936146
0.0936146
0.0936146
0.0936146
0.0936146
0.0936146
0.0936146
0.0936146
0.0936146
0.0936146
0.0936146
0.0936146
0.0936146
0.0936146
0.0936146
0.0936146
0.0936146
0.0936146
0.0936146
0.0936146
0.0936146
0.0936146
0.0936146
0.0936146
0.0936146
0.0936146
0.0936146
0.0936146
0.0936146
0.0936146
0.0936146
0.0936146
0.0936146
0.0936146
0.0936146
0.0936146
0.0936146
0.0936146
0.0936146
0.0936146
0.0936146
0.0936146
0.0936146
0.0936145
0.0936145
0.0936145
0.0936145
0.0936145
0.0936144
0.0936144
0.100643
0.100643
0.100643
0.100643
0.100643
0.100643
0.100643
0.100643
0.100643
0.100643
0.100643
0.100643
0.100643
0.100643
0.100643
0.100643
0.100643
0.100643
0.100643
0.100643
0.100643
0.100643
0.100643
0.100643
0.100643
0.100643
0.100643
0.100643
0.100643
0.100643
0.100643
0.100643
0.100643
0.100643
0.100643
0.100643
0.100643
0.100643
0.100643
0.100643
0.100643
0.100643
0.100643
0.100643
0.100643
0.100643
0.100643
0.100643
0.100643
0.100643
0.100643
0.100643
0.100643
0.100643
0.100643
0.100643
0.100643
0.100643
0.100643
0.100643
0.107885
0.107885
0.107885
0.107885
0.107885
0.107885
0.107885
0.107885
0.107885
0.107885
0.107885
0.107885
0.107885
0.107885
0.107885
0.107885
0.107885
0.107885
0.107885
0.107885
0.107885
0.107885
0.107885
0.107885
0.107885
0.107885
0.107885
0.107885
0.107885
0.107885
0.107885
0.107885
0.107885
0.107885
0.107885
0.107885
0.107885
0.107885
0.107885
0.107885
0.107885
0.107885
0.107885
0.107885
0.107885
0.107885
0.107885
0.107885
0.107885
0.107885
0.107885
0.107885
0.107885
0.107885
0.107885
0.107885
0.107885
0.107885
0.107885
0.107885
0.115347
0.115347
0.115347
0.115347
0.115347
0.115347
0.115347
0.115347
0.115347
0.115347
0.115347
0.115347
0.115347
0.115347
0.115347
0.115347
0.115347
0.115347
0.115347
0.115347
0.115347
0.115347
0.115347
0.115347
0.115347
0.115347
0.115347
0.115347
0.115347
0.115347
0.115347
0.115347
0.115347
0.115347
0.115347
0.115347
0.115347
0.115347
0.115347
0.115347
0.115347
0.115347
0.115347
0.115347
0.115347
0.115347
0.115347
0.115347
0.115347
0.115347
0.115347
0.115347
0.115347
0.115347
0.115347
0.115347
0.115347
0.115347
0.115347
0.115347
0.123034
0.123034
0.123034
0.123034
0.123034
0.123034
0.123034
0.123034
0.123034
0.123034
0.123034
0.123034
0.123034
0.123034
0.123034
0.123034
0.123034
0.123034
0.123034
0.123034
0.123034
0.123034
0.123034
0.123034
0.123034
0.123034
0.123034
0.123034
0.123034
0.123034
0.123034
0.123034
0.123034
0.123034
0.123034
0.123034
0.123034
0.123034
0.123034
0.123034
0.123034
0.123034
0.123034
0.123034
0.123034
0.123034
0.123034
0.123034
0.123034
0.123034
0.123034
0.123034
0.123034
0.123034
0.123034
0.123034
0.123034
0.123034
0.123034
0.123034
0.130953
0.130954
0.130954
0.130954
0.130954
0.130954
0.130954
0.130954
0.130954
0.130954
0.130954
0.130954
0.130954
0.130954
0.130954
0.130954
0.130954
0.130954
0.130954
0.130954
0.130954
0.130954
0.130954
0.130954
0.130954
0.130954
0.130954
0.130954
0.130954
0.130954
0.130954
0.130954
0.130954
0.130954
0.130954
0.130954
0.130954
0.130954
0.130954
0.130954
0.130954
0.130954
0.130954
0.130954
0.130954
0.130954
0.130954
0.130954
0.130954
0.130954
0.130954
0.130954
0.130954
0.130954
0.130954
0.130954
0.130954
0.130954
0.130954
0.130953
0.139112
0.139112
0.139112
0.139112
0.139112
0.139112
0.139112
0.139112
0.139112
0.139112
0.139112
0.139112
0.139112
0.139112
0.139112
0.139112
0.139112
0.139112
0.139112
0.139112
0.139112
0.139112
0.139112
0.139112
0.139112
0.139112
0.139112
0.139112
0.139112
0.139112
0.139112
0.139112
0.139112
0.139112
0.139112
0.139112
0.139112
0.139112
0.139112
0.139112
0.139112
0.139112
0.139112
0.139112
0.139112
0.139112
0.139112
0.139112
0.139112
0.139112
0.139112
0.139112
0.139112
0.139112
0.139112
0.139112
0.139112
0.139112
0.139112
0.139112
0.147516
0.147516
0.147516
0.147516
0.147516
0.147516
0.147516
0.147516
0.147516
0.147516
0.147516
0.147516
0.147516
0.147516
0.147516
0.147516
0.147516
0.147516
0.147516
0.147516
0.147516
0.147516
0.147516
0.147516
0.147516
0.147516
0.147516
0.147516
0.147516
0.147516
0.147516
0.147516
0.147516
0.147516
0.147516
0.147516
0.147516
0.147516
0.147516
0.147516
0.147516
0.147516
0.147516
0.147516
0.147516
0.147516
0.147516
0.147516
0.147516
0.147516
0.147516
0.147516
0.147516
0.147516
0.147516
0.147516
0.147516
0.147516
0.147516
0.147516
0.156173
0.156173
0.156173
0.156173
0.156173
0.156173
0.156173
0.156173
0.156173
0.156173
0.156173
0.156173
0.156173
0.156173
0.156173
0.156173
0.156173
0.156173
0.156173
0.156173
0.156173
0.156173
0.156173
0.156173
0.156173
0.156173
0.156173
0.156173
0.156173
0.156173
0.156173
0.156173
0.156173
0.156173
0.156173
0.156173
0.156173
0.156173
0.156173
0.156173
0.156173
0.156173
0.156173
0.156173
0.156173
0.156173
0.156173
0.156173
0.156173
0.156173
0.156173
0.156173
0.156173
0.156173
0.156173
0.156173
0.156173
0.156173
0.156173
0.156173
0.16509
0.16509
0.16509
0.16509
0.16509
0.16509
0.16509
0.16509
0.16509
0.16509
0.16509
0.16509
0.16509
0.16509
0.16509
0.16509
0.16509
0.16509
0.16509
0.16509
0.16509
0.16509
0.16509
0.16509
0.16509
0.16509
0.16509
0.16509
0.16509
0.16509
0.16509
0.16509
0.16509
0.16509
0.16509
0.16509
0.16509
0.16509
0.16509
0.16509
0.16509
0.16509
0.16509
0.16509
0.16509
0.16509
0.16509
0.16509
0.16509
0.16509
0.16509
0.16509
0.16509
0.16509
0.16509
0.16509
0.16509
0.16509
0.16509
0.16509
0.174276
0.174276
0.174276
0.174276
0.174276
0.174276
0.174276
0.174276
0.174276
0.174276
0.174276
0.174276
0.174276
0.174276
0.174276
0.174276
0.174276
0.174276
0.174276
0.174276
0.174276
0.174276
0.174276
0.174276
0.174276
0.174276
0.174276
0.174276
0.174276
0.174276
0.174276
0.174276
0.174276
0.174276
0.174276
0.174276
0.174276
0.174276
0.174276
0.174276
0.174276
0.174276
0.174276
0.174276
0.174276
0.174276
0.174276
0.174276
0.174276
0.174276
0.174276
0.174276
0.174276
0.174276
0.174276
0.174276
0.174276
0.174276
0.174276
0.174276
0.183737
0.183737
0.183737
0.183737
0.183737
0.183737
0.183737
0.183738
0.183738
0.183738
0.183738
0.183738
0.183738
0.183738
0.183738
0.183738
0.183738
0.183738
0.183738
0.183738
0.183738
0.183738
0.183738
0.183738
0.183738
0.183738
0.183738
0.183738
0.183738
0.183738
0.183738
0.183738
0.183738
0.183738
0.183738
0.183738
0.183738
0.183738
0.183738
0.183738
0.183738
0.183738
0.183738
0.183738
0.183738
0.183738
0.183738
0.183738
0.183738
0.183738
0.183738
0.183738
0.183738
0.183737
0.183737
0.183737
0.183737
0.183737
0.183737
0.183737
0.193483
0.193483
0.193483
0.193483
0.193483
0.193483
0.193484
0.193484
0.193484
0.193484
0.193484
0.193484
0.193484
0.193484
0.193484
0.193484
0.193484
0.193484
0.193484
0.193484
0.193484
0.193484
0.193484
0.193484
0.193484
0.193484
0.193484
0.193484
0.193484
0.193484
0.193484
0.193484
0.193484
0.193484
0.193484
0.193484
0.193484
0.193484
0.193484
0.193484
0.193484
0.193484
0.193484
0.193484
0.193484
0.193484
0.193484
0.193484
0.193484
0.193484
0.193484
0.193484
0.193484
0.193484
0.193483
0.193483
0.193483
0.193483
0.193483
0.193483
0.203522
0.203522
0.203522
0.203522
0.203522
0.203522
0.203522
0.203522
0.203522
0.203522
0.203522
0.203522
0.203522
0.203522
0.203522
0.203522
0.203522
0.203522
0.203522
0.203522
0.203522
0.203522
0.203522
0.203522
0.203522
0.203522
0.203522
0.203522
0.203522
0.203522
0.203522
0.203522
0.203522
0.203522
0.203522
0.203522
0.203522
0.203522
0.203522
0.203522
0.203522
0.203522
0.203522
0.203522
0.203522
0.203522
0.203522
0.203522
0.203522
0.203522
0.203522
0.203522
0.203522
0.203522
0.203522
0.203522
0.203522
0.203522
0.203522
0.203522
0.213863
0.213863
0.213863
0.213863
0.213863
0.213863
0.213863
0.213863
0.213863
0.213863
0.213863
0.213863
0.213863
0.213863
0.213863
0.213863
0.213863
0.213863
0.213863
0.213863
0.213863
0.213863
0.213863
0.213863
0.213863
0.213863
0.213863
0.213863
0.213863
0.213863
0.213863
0.213863
0.213863
0.213863
0.213863
0.213863
0.213863
0.213863
0.213863
0.213863
0.213863
0.213863
0.213863
0.213863
0.213863
0.213863
0.213863
0.213863
0.213863
0.213863
0.213863
0.213863
0.213863
0.213863
0.213863
0.213863
0.213863
0.213863
0.213863
0.213863
0.224513
0.224514
0.224514
0.224514
0.224514
0.224514
0.224514
0.224514
0.224514
0.224514
0.224514
0.224514
0.224514
0.224514
0.224514
0.224514
0.224514
0.224514
0.224514
0.224514
0.224514
0.224514
0.224514
0.224514
0.224514
0.224514
0.224514
0.224514
0.224514
0.224514
0.224514
0.224514
0.224514
0.224514
0.224514
0.224514
0.224514
0.224514
0.224514
0.224514
0.224514
0.224514
0.224514
0.224514
0.224514
0.224514
0.224514
0.224514
0.224514
0.224514
0.224514
0.224514
0.224514
0.224514
0.224514
0.224514
0.224514
0.224514
0.224514
0.224513
0.235484
0.235484
0.235484
0.235484
0.235484
0.235484
0.235484
0.235484
0.235484
0.235484
0.235484
0.235484
0.235484
0.235484
0.235484
0.235484
0.235484
0.235484
0.235484
0.235484
0.235484
0.235484
0.235484
0.235484
0.235484
0.235484
0.235484
0.235484
0.235484
0.235484
0.235484
0.235484
0.235484
0.235484
0.235484
0.235484
0.235484
0.235484
0.235484
0.235484
0.235484
0.235484
0.235484
0.235484
0.235484
0.235484
0.235484
0.235484
0.235484
0.235484
0.235484
0.235484
0.235484
0.235484
0.235484
0.235484
0.235484
0.235484
0.235484
0.235484
0.246784
0.246784
0.246784
0.246785
0.246785
0.246785
0.246785
0.246785
0.246785
0.246785
0.246785
0.246785
0.246785
0.246785
0.246785
0.246785
0.246785
0.246785
0.246785
0.246785
0.246785
0.246785
0.246785
0.246785
0.246785
0.246785
0.246785
0.246785
0.246785
0.246785
0.246785
0.246785
0.246785
0.246785
0.246785
0.246785
0.246785
0.246785
0.246785
0.246785
0.246785
0.246785
0.246785
0.246785
0.246785
0.246785
0.246785
0.246785
0.246785
0.246785
0.246785
0.246785
0.246785
0.246785
0.246785
0.246785
0.246785
0.246784
0.246784
0.246784
0.258424
0.258424
0.258424
0.258424
0.258424
0.258424
0.258424
0.258424
0.258424
0.258424
0.258424
0.258424
0.258424
0.258424
0.258424
0.258424
0.258424
0.258424
0.258424
0.258424
0.258424
0.258424
0.258424
0.258424
0.258424
0.258424
0.258424
0.258424
0.258424
0.258424
0.258424
0.258424
0.258424
0.258424
0.258424
0.258424
0.258424
0.258424
0.258424
0.258424
0.258424
0.258424
0.258424
0.258424
0.258424
0.258424
0.258424
0.258424
0.258424
0.258424
0.258424
0.258424
0.258424
0.258424
0.258424
0.258424
0.258424
0.258424
0.258424
0.258424
0.270413
0.270413
0.270413
0.270413
0.270413
0.270413
0.270413
0.270413
0.270413
0.270413
0.270413
0.270413
0.270413
0.270413
0.270413
0.270413
0.270413
0.270413
0.270413
0.270413
0.270413
0.270413
0.270413
0.270413
0.270413
0.270413
0.270413
0.270413
0.270413
0.270413
0.270413
0.270413
0.270413
0.270413
0.270413
0.270413
0.270413
0.270413
0.270413
0.270413
0.270413
0.270413
0.270413
0.270413
0.270413
0.270413
0.270413
0.270413
0.270413
0.270413
0.270413
0.270413
0.270413
0.270413
0.270413
0.270413
0.270413
0.270413
0.270413
0.270413
0.282761
0.282761
0.282761
0.282762
0.282762
0.282762
0.282762
0.282762
0.282762
0.282762
0.282762
0.282762
0.282762
0.282762
0.282762
0.282762
0.282762
0.282762
0.282762
0.282762
0.282762
0.282762
0.282762
0.282762
0.282762
0.282762
0.282762
0.282762
0.282762
0.282762
0.282762
0.282762
0.282762
0.282762
0.282762
0.282762
0.282762
0.282762
0.282762
0.282762
0.282762
0.282762
0.282762
0.282762
0.282762
0.282762
0.282762
0.282762
0.282762
0.282762
0.282762
0.282762
0.282762
0.282762
0.282762
0.282762
0.282762
0.282761
0.282761
0.282761
0.295481
0.295481
0.295481
0.295481
0.295481
0.295481
0.295481
0.295481
0.295481
0.295481
0.295481
0.295481
0.295481
0.295481
0.295481
0.295481
0.295481
0.295481
0.295481
0.295481
0.295481
0.295481
0.295481
0.295481
0.295481
0.295481
0.295481
0.295481
0.295481
0.295481
0.295481
0.295481
0.295481
0.295481
0.295481
0.295481
0.295481
0.295481
0.295481
0.295481
0.295481
0.295481
0.295481
0.295481
0.295481
0.295481
0.295481
0.295481
0.295481
0.295481
0.295481
0.295481
0.295481
0.295481
0.295481
0.295481
0.295481
0.295481
0.295481
0.295481
0.308582
0.308582
0.308582
0.308582
0.308582
0.308582
0.308582
0.308582
0.308582
0.308582
0.308582
0.308582
0.308582
0.308582
0.308582
0.308582
0.308582
0.308582
0.308582
0.308582
0.308582
0.308582
0.308582
0.308582
0.308582
0.308582
0.308582
0.308582
0.308582
0.308582
0.308582
0.308582
0.308582
0.308582
0.308582
0.308582
0.308582
0.308582
0.308582
0.308582
0.308582
0.308582
0.308582
0.308582
0.308582
0.308582
0.308582
0.308582
0.308582
0.308582
0.308582
0.308582
0.308582
0.308582
0.308582
0.308582
0.308582
0.308582
0.308582
0.308582
0.322076
0.322076
0.322076
0.322077
0.322077
0.322077
0.322077
0.322077
0.322077
0.322077
0.322077
0.322077
0.322077
0.322077
0.322077
0.322077
0.322077
0.322077
0.322077
0.322077
0.322077
0.322077
0.322077
0.322077
0.322077
0.322077
0.322077
0.322077
0.322077
0.322077
0.322077
0.322077
0.322077
0.322077
0.322077
0.322077
0.322077
0.322077
0.322077
0.322077
0.322077
0.322077
0.322077
0.322077
0.322077
0.322077
0.322077
0.322077
0.322077
0.322077
0.322077
0.322077
0.322077
0.322077
0.322077
0.322077
0.322077
0.322076
0.322076
0.322076
0.335976
0.335976
0.335976
0.335976
0.335976
0.335976
0.335976
0.335976
0.335976
0.335976
0.335976
0.335976
0.335976
0.335976
0.335976
0.335976
0.335976
0.335976
0.335976
0.335976
0.335976
0.335976
0.335976
0.335976
0.335976
0.335976
0.335976
0.335976
0.335976
0.335976
0.335976
0.335976
0.335976
0.335976
0.335976
0.335976
0.335976
0.335976
0.335976
0.335976
0.335976
0.335976
0.335976
0.335976
0.335976
0.335976
0.335976
0.335976
0.335976
0.335976
0.335976
0.335976
0.335976
0.335976
0.335976
0.335976
0.335976
0.335976
0.335976
0.335976
0.350292
0.350292
0.350292
0.350293
0.350293
0.350293
0.350293
0.350293
0.350293
0.350293
0.350293
0.350293
0.350293
0.350293
0.350293
0.350293
0.350293
0.350293
0.350293
0.350293
0.350293
0.350292
0.350292
0.350292
0.350292
0.350292
0.350292
0.350292
0.350292
0.350292
0.350292
0.350292
0.350292
0.350292
0.350292
0.350292
0.350292
0.350292
0.350292
0.350293
0.350293
0.350293
0.350293
0.350293
0.350293
0.350293
0.350293
0.350293
0.350293
0.350293
0.350293
0.350293
0.350293
0.350293
0.350293
0.350293
0.350293
0.350292
0.350292
0.350292
0.365039
0.365039
0.365039
0.365039
0.365039
0.365039
0.365039
0.365039
0.365039
0.365039
0.365039
0.365039
0.365039
0.365039
0.365039
0.365039
0.365039
0.365039
0.365039
0.365039
0.365039
0.365039
0.365039
0.365039
0.365039
0.365039
0.365039
0.365039
0.365039
0.365039
0.365039
0.365039
0.365039
0.365039
0.365039
0.365039
0.365039
0.365039
0.365039
0.365039
0.365039
0.365039
0.365039
0.365039
0.365039
0.365039
0.365039
0.365039
0.365039
0.365039
0.365039
0.365039
0.365039
0.365039
0.365039
0.365039
0.365039
0.365039
0.365039
0.365039
0.380228
0.380228
0.380228
0.380228
0.380228
0.380228
0.380228
0.380228
0.380228
0.380228
0.380228
0.380228
0.380228
0.380228
0.380228
0.380228
0.380228
0.380228
0.380228
0.380228
0.380228
0.380228
0.380228
0.380228
0.380228
0.380228
0.380228
0.380228
0.380228
0.380228
0.380228
0.380228
0.380228
0.380228
0.380228
0.380228
0.380228
0.380228
0.380228
0.380228
0.380228
0.380228
0.380228
0.380228
0.380228
0.380228
0.380228
0.380228
0.380228
0.380228
0.380228
0.380228
0.380228
0.380228
0.380228
0.380228
0.380228
0.380228
0.380228
0.380228
0.395872
0.395872
0.395872
0.395872
0.395872
0.395872
0.395872
0.395872
0.395872
0.395872
0.395872
0.395872
0.395872
0.395872
0.395872
0.395872
0.395872
0.395872
0.395872
0.395872
0.395872
0.395872
0.395872
0.395872
0.395872
0.395872
0.395872
0.395872
0.395872
0.395872
0.395872
0.395872
0.395872
0.395872
0.395872
0.395872
0.395872
0.395872
0.395872
0.395872
0.395872
0.395872
0.395872
0.395872
0.395872
0.395872
0.395872
0.395872
0.395872
0.395872
0.395872
0.395872
0.395872
0.395872
0.395872
0.395872
0.395872
0.395872
0.395872
0.395872
0.411986
0.411986
0.411986
0.411986
0.411987
0.411987
0.411987
0.411987
0.411987
0.411987
0.411986
0.411986
0.411986
0.411986
0.411986
0.411986
0.411986
0.411986
0.411986
0.411986
0.411986
0.411986
0.411986
0.411986
0.411986
0.411986
0.411986
0.411986
0.411986
0.411986
0.411986
0.411986
0.411986
0.411986
0.411986
0.411986
0.411986
0.411986
0.411986
0.411986
0.411986
0.411986
0.411986
0.411986
0.411986
0.411986
0.411986
0.411986
0.411986
0.411986
0.411987
0.411987
0.411987
0.411987
0.411987
0.411987
0.411986
0.411986
0.411986
0.411986
0.428584
0.428584
0.428584
0.428584
0.428584
0.428584
0.428584
0.428584
0.428584
0.428584
0.428584
0.428584
0.428584
0.428584
0.428584
0.428584
0.428584
0.428584
0.428584
0.428584
0.428584
0.428584
0.428584
0.428584
0.428584
0.428584
0.428584
0.428584
0.428584
0.428584
0.428584
0.428584
0.428584
0.428584
0.428584
0.428584
0.428584
0.428584
0.428584
0.428584
0.428584
0.428584
0.428584
0.428584
0.428584
0.428584
0.428584
0.428584
0.428584
0.428584
0.428584
0.428584
0.428584
0.428584
0.428584
0.428584
0.428584
0.428584
0.428584
0.428584
0.44568
0.44568
0.44568
0.44568
0.44568
0.44568
0.44568
0.44568
0.44568
0.44568
0.44568
0.44568
0.44568
0.44568
0.44568
0.44568
0.44568
0.44568
0.44568
0.44568
0.44568
0.44568
0.44568
0.44568
0.44568
0.44568
0.44568
0.44568
0.44568
0.44568
0.44568
0.44568
0.44568
0.44568
0.44568
0.44568
0.44568
0.44568
0.44568
0.44568
0.44568
0.44568
0.44568
0.44568
0.44568
0.44568
0.44568
0.44568
0.44568
0.44568
0.44568
0.44568
0.44568
0.44568
0.44568
0.44568
0.44568
0.44568
0.44568
0.44568
0.463289
0.463289
0.463289
0.463289
0.463289
0.463289
0.463289
0.463289
0.463289
0.463289
0.463289
0.463289
0.463289
0.463289
0.463289
0.463289
0.463289
0.463289
0.463289
0.463289
0.463289
0.463289
0.463289
0.463289
0.463289
0.463289
0.463289
0.463289
0.463289
0.463289
0.463289
0.463289
0.463289
0.463289
0.463289
0.463289
0.463289
0.463289
0.463289
0.463289
0.463289
0.463289
0.463289
0.463289
0.463289
0.463289
0.463289
0.463289
0.463289
0.463289
0.463289
0.463289
0.463289
0.463289
0.463289
0.463289
0.463289
0.463289
0.463289
0.463289
0.481427
0.481427
0.481427
0.481427
0.481427
0.481427
0.481427
0.481427
0.481427
0.481427
0.481427
0.481427
0.481427
0.481427
0.481427
0.481426
0.481426
0.481426
0.481426
0.481426
0.481426
0.481426
0.481426
0.481426
0.481426
0.481426
0.481426
0.481426
0.481426
0.481426
0.481426
0.481426
0.481426
0.481426
0.481426
0.481426
0.481426
0.481426
0.481426
0.481426
0.481426
0.481426
0.481426
0.481426
0.481426
0.481427
0.481427
0.481427
0.481427
0.481427
0.481427
0.481427
0.481427
0.481427
0.481427
0.481427
0.481427
0.481427
0.481427
0.481427
0.500109
0.500109
0.500109
0.500109
0.500109
0.500109
0.500109
0.500108
0.500108
0.500108
0.500108
0.500108
0.500108
0.500108
0.500108
0.500108
0.500108
0.500108
0.500108
0.500108
0.500108
0.500108
0.500108
0.500108
0.500108
0.500108
0.500108
0.500108
0.500108
0.500108
0.500108
0.500108
0.500108
0.500108
0.500108
0.500108
0.500108
0.500108
0.500108
0.500108
0.500108
0.500108
0.500108
0.500108
0.500108
0.500108
0.500108
0.500108
0.500108
0.500108
0.500108
0.500108
0.500108
0.500109
0.500109
0.500109
0.500109
0.500109
0.500109
0.500109
0.519351
0.519351
0.519351
0.519351
0.519351
0.519351
0.519351
0.519351
0.519351
0.519351
0.519351
0.519351
0.519351
0.519351
0.519351
0.519351
0.519351
0.519351
0.519351
0.519351
0.519351
0.519351
0.519351
0.519351
0.519351
0.519351
0.519351
0.519351
0.519351
0.519351
0.519351
0.519351
0.519351
0.519351
0.519351
0.519351
0.519351
0.519351
0.519351
0.519351
0.519351
0.519351
0.519351
0.519351
0.519351
0.519351
0.519351
0.519351
0.519351
0.519351
0.519351
0.519351
0.519351
0.519351
0.519351
0.519351
0.519351
0.519351
0.519351
0.519351
0.539171
0.539171
0.539171
0.539171
0.539171
0.539171
0.539171
0.539171
0.539171
0.539171
0.539171
0.539171
0.539171
0.539171
0.539171
0.539171
0.539171
0.539171
0.539171
0.539171
0.53917
0.53917
0.53917
0.53917
0.53917
0.53917
0.53917
0.53917
0.53917
0.53917
0.53917
0.53917
0.53917
0.53917
0.53917
0.53917
0.53917
0.53917
0.53917
0.53917
0.539171
0.539171
0.539171
0.539171
0.539171
0.539171
0.539171
0.539171
0.539171
0.539171
0.539171
0.539171
0.539171
0.539171
0.539171
0.539171
0.539171
0.539171
0.539171
0.539171
0.559586
0.559586
0.559586
0.559586
0.559586
0.559586
0.559586
0.559586
0.559586
0.559586
0.559586
0.559586
0.559585
0.559585
0.559585
0.559585
0.559585
0.559585
0.559585
0.559585
0.559585
0.559585
0.559585
0.559585
0.559585
0.559585
0.559585
0.559585
0.559585
0.559585
0.559585
0.559585
0.559585
0.559585
0.559585
0.559585
0.559585
0.559585
0.559585
0.559585
0.559585
0.559585
0.559585
0.559585
0.559585
0.559585
0.559585
0.559585
0.559586
0.559586
0.559586
0.559586
0.559586
0.559586
0.559586
0.559586
0.559586
0.559586
0.559586
0.559586
0.580614
0.580613
0.580613
0.580613
0.580613
0.580613
0.580613
0.580613
0.580613
0.580613
0.580613
0.580613
0.580613
0.580613
0.580613
0.580613
0.580613
0.580613
0.580613
0.580613
0.580613
0.580613
0.580613
0.580613
0.580613
0.580613
0.580613
0.580613
0.580613
0.580613
0.580613
0.580613
0.580613
0.580613
0.580613
0.580613
0.580613
0.580613
0.580613
0.580613
0.580613
0.580613
0.580613
0.580613
0.580613
0.580613
0.580613
0.580613
0.580613
0.580613
0.580613
0.580613
0.580613
0.580613
0.580613
0.580613
0.580613
0.580613
0.580613
0.580614
0.602272
0.602272
0.602272
0.602272
0.602272
0.602272
0.602272
0.602272
0.602272
0.602272
0.602271
0.602271
0.602271
0.602271
0.602271
0.602271
0.602271
0.602271
0.602271
0.602271
0.602271
0.602271
0.602271
0.602271
0.602271
0.602271
0.602271
0.602271
0.602271
0.602271
0.602271
0.602271
0.602271
0.602271
0.602271
0.602271
0.602271
0.602271
0.602271
0.602271
0.602271
0.602271
0.602271
0.602271
0.602271
0.602271
0.602271
0.602271
0.602271
0.602271
0.602272
0.602272
0.602272
0.602272
0.602272
0.602272
0.602272
0.602272
0.602272
0.602272
0.624581
0.624581
0.62458
0.62458
0.62458
0.62458
0.62458
0.62458
0.62458
0.62458
0.62458
0.62458
0.62458
0.62458
0.62458
0.62458
0.62458
0.62458
0.62458
0.62458
0.62458
0.624579
0.624579
0.624579
0.624579
0.624579
0.624579
0.624579
0.624579
0.624579
0.624579
0.624579
0.624579
0.624579
0.624579
0.624579
0.624579
0.624579
0.624579
0.62458
0.62458
0.62458
0.62458
0.62458
0.62458
0.62458
0.62458
0.62458
0.62458
0.62458
0.62458
0.62458
0.62458
0.62458
0.62458
0.62458
0.62458
0.62458
0.624581
0.624581
0.647559
0.647559
0.647559
0.647558
0.647558
0.647558
0.647558
0.647558
0.647558
0.647558
0.647558
0.647558
0.647558
0.647558
0.647558
0.647558
0.647558
0.647558
0.647557
0.647557
0.647557
0.647557
0.647557
0.647557
0.647557
0.647557
0.647557
0.647557
0.647557
0.647557
0.647557
0.647557
0.647557
0.647557
0.647557
0.647557
0.647557
0.647557
0.647557
0.647557
0.647557
0.647557
0.647558
0.647558
0.647558
0.647558
0.647558
0.647558
0.647558
0.647558
0.647558
0.647558
0.647558
0.647558
0.647558
0.647558
0.647558
0.647559
0.647559
0.647559
0.671227
0.671226
0.671226
0.671226
0.671226
0.671226
0.671226
0.671226
0.671225
0.671225
0.671225
0.671225
0.671225
0.671225
0.671225
0.671225
0.671225
0.671225
0.671225
0.671225
0.671225
0.671225
0.671225
0.671225
0.671225
0.671225
0.671225
0.671225
0.671225
0.671225
0.671225
0.671225
0.671225
0.671225
0.671225
0.671225
0.671225
0.671225
0.671225
0.671225
0.671225
0.671225
0.671225
0.671225
0.671225
0.671225
0.671225
0.671225
0.671225
0.671225
0.671225
0.671225
0.671226
0.671226
0.671226
0.671226
0.671226
0.671226
0.671226
0.671227
0.695605
0.695604
0.695604
0.695604
0.695604
0.695603
0.695603
0.695603
0.695603
0.695603
0.695603
0.695603
0.695603
0.695603
0.695603
0.695603
0.695603
0.695603
0.695603
0.695603
0.695602
0.695602
0.695602
0.695602
0.695602
0.695602
0.695602
0.695602
0.695602
0.695602
0.695602
0.695602
0.695602
0.695602
0.695602
0.695602
0.695602
0.695602
0.695602
0.695602
0.695603
0.695603
0.695603
0.695603
0.695603
0.695603
0.695603
0.695603
0.695603
0.695603
0.695603
0.695603
0.695603
0.695603
0.695603
0.695604
0.695604
0.695604
0.695604
0.695605
0.720714
0.720713
0.720713
0.720713
0.720713
0.720713
0.720712
0.720712
0.720712
0.720712
0.720712
0.720712
0.720712
0.720712
0.720712
0.720712
0.720712
0.720712
0.720712
0.720712
0.720711
0.720711
0.720711
0.720711
0.720711
0.720711
0.720711
0.720711
0.720711
0.720711
0.720711
0.720711
0.720711
0.720711
0.720711
0.720711
0.720711
0.720711
0.720711
0.720711
0.720712
0.720712
0.720712
0.720712
0.720712
0.720712
0.720712
0.720712
0.720712
0.720712
0.720712
0.720712
0.720712
0.720712
0.720713
0.720713
0.720713
0.720713
0.720713
0.720714
0.746576
0.746575
0.746575
0.746575
0.746575
0.746575
0.746574
0.746574
0.746574
0.746574
0.746574
0.746574
0.746574
0.746574
0.746574
0.746574
0.746574
0.746574
0.746573
0.746573
0.746573
0.746573
0.746573
0.746573
0.746573
0.746573
0.746573
0.746573
0.746573
0.746573
0.746573
0.746573
0.746573
0.746573
0.746573
0.746573
0.746573
0.746573
0.746573
0.746573
0.746573
0.746573
0.746574
0.746574
0.746574
0.746574
0.746574
0.746574
0.746574
0.746574
0.746574
0.746574
0.746574
0.746574
0.746575
0.746575
0.746575
0.746575
0.746575
0.746576
0.773212
0.773212
0.773212
0.773212
0.773211
0.773211
0.773211
0.773211
0.773211
0.773211
0.773211
0.77321
0.77321
0.77321
0.77321
0.77321
0.77321
0.77321
0.77321
0.77321
0.77321
0.77321
0.77321
0.77321
0.77321
0.77321
0.77321
0.77321
0.77321
0.77321
0.77321
0.77321
0.77321
0.77321
0.77321
0.77321
0.77321
0.77321
0.77321
0.77321
0.77321
0.77321
0.77321
0.77321
0.77321
0.77321
0.77321
0.77321
0.77321
0.773211
0.773211
0.773211
0.773211
0.773211
0.773211
0.773211
0.773212
0.773212
0.773212
0.773212
0.800644
0.800644
0.800644
0.800644
0.800644
0.800644
0.800643
0.800643
0.800643
0.800643
0.800643
0.800643
0.800643
0.800643
0.800643
0.800642
0.800642
0.800642
0.800642
0.800642
0.800642
0.800642
0.800642
0.800642
0.800642
0.800642
0.800642
0.800642
0.800642
0.800642
0.800642
0.800642
0.800642
0.800642
0.800642
0.800642
0.800642
0.800642
0.800642
0.800642
0.800642
0.800642
0.800642
0.800642
0.800642
0.800643
0.800643
0.800643
0.800643
0.800643
0.800643
0.800643
0.800643
0.800643
0.800644
0.800644
0.800644
0.800644
0.800644
0.800644
0.828889
0.828892
0.828892
0.828892
0.828892
0.828891
0.828891
0.828891
0.828891
0.828891
0.828891
0.828891
0.82889
0.82889
0.82889
0.82889
0.82889
0.82889
0.82889
0.82889
0.82889
0.82889
0.82889
0.82889
0.82889
0.82889
0.82889
0.82889
0.82889
0.82889
0.82889
0.82889
0.82889
0.82889
0.82889
0.82889
0.82889
0.82889
0.82889
0.82889
0.82889
0.82889
0.82889
0.82889
0.82889
0.82889
0.82889
0.82889
0.828891
0.828891
0.828891
0.828891
0.828891
0.828891
0.828891
0.828892
0.828892
0.828892
0.828892
0.828889
0.857967
0.857972
0.857974
0.857974
0.857973
0.857973
0.857973
0.857972
0.857972
0.857972
0.857972
0.857972
0.857972
0.857972
0.857972
0.857972
0.857972
0.857972
0.857972
0.857972
0.857971
0.857971
0.857971
0.857971
0.857971
0.857971
0.857971
0.857971
0.857971
0.857971
0.857971
0.857971
0.857971
0.857971
0.857971
0.857971
0.857971
0.857971
0.857971
0.857971
0.857972
0.857972
0.857972
0.857972
0.857972
0.857972
0.857972
0.857972
0.857972
0.857972
0.857972
0.857972
0.857972
0.857973
0.857973
0.857973
0.857974
0.857974
0.857972
0.857967
0.887893
0.887904
0.887907
0.887907
0.887906
0.887906
0.887905
0.887905
0.887905
0.887905
0.887905
0.887905
0.887905
0.887905
0.887905
0.887905
0.887904
0.887904
0.887904
0.887904
0.887904
0.887904
0.887904
0.887904
0.887904
0.887904
0.887904
0.887904
0.887904
0.887904
0.887904
0.887904
0.887904
0.887904
0.887904
0.887904
0.887904
0.887904
0.887904
0.887904
0.887904
0.887904
0.887904
0.887904
0.887905
0.887905
0.887905
0.887905
0.887905
0.887905
0.887905
0.887905
0.887905
0.887905
0.887906
0.887906
0.887907
0.887907
0.887904
0.887893
0.918688
0.918706
0.918711
0.918711
0.918711
0.91871
0.91871
0.91871
0.91871
0.91871
0.91871
0.91871
0.91871
0.91871
0.91871
0.918709
0.918709
0.918709
0.918709
0.918709
0.918709
0.918709
0.918709
0.918709
0.918709
0.918709
0.918709
0.918709
0.918709
0.918709
0.918709
0.918709
0.918709
0.918709
0.918709
0.918709
0.918709
0.918709
0.918709
0.918709
0.918709
0.918709
0.918709
0.918709
0.918709
0.91871
0.91871
0.91871
0.91871
0.91871
0.91871
0.91871
0.91871
0.91871
0.91871
0.918711
0.918711
0.918711
0.918706
0.918688
0.95039
0.950417
0.950427
0.950428
0.950428
0.950427
0.950427
0.950427
0.950427
0.950427
0.950427
0.950427
0.950427
0.950427
0.950427
0.950427
0.950427
0.950427
0.950427
0.950427
0.950427
0.950427
0.950427
0.950427
0.950427
0.950427
0.950427
0.950427
0.950427
0.950427
0.950427
0.950427
0.950427
0.950427
0.950427
0.950427
0.950427
0.950427
0.950427
0.950427
0.950427
0.950427
0.950427
0.950427
0.950427
0.950427
0.950427
0.950427
0.950427
0.950427
0.950427
0.950427
0.950427
0.950427
0.950427
0.950428
0.950428
0.950427
0.950417
0.95039
0.983155
0.983183
0.983196
0.983199
0.983199
0.983198
0.983198
0.983198
0.983198
0.983198
0.983198
0.983198
0.983198
0.983198
0.983198
0.983198
0.983198
0.983198
0.983198
0.983198
0.983198
0.983198
0.983198
0.983198
0.983198
0.983198
0.983198
0.983198
0.983198
0.983198
0.983198
0.983198
0.983198
0.983198
0.983198
0.983198
0.983198
0.983198
0.983198
0.983198
0.983198
0.983198
0.983198
0.983198
0.983198
0.983198
0.983198
0.983198
0.983198
0.983198
0.983198
0.983198
0.983198
0.983198
0.983198
0.983199
0.983199
0.983196
0.983183
0.983155
)
;

boundaryField
{
    top
    {
        type            fixedValue;
        value           uniform 1;
    }
    bottom
    {
        type            fixedValue;
        value           uniform 1;
    }
    wall
    {
        type            zeroGradient;
    }
    frontAndBack
    {
        type            empty;
    }
}


// ************************************************************************* //
