/*--------------------------------*- C++ -*----------------------------------*\
| =========                 |                                                 |
| \\      /  F ield         | foam-extend: Open Source CFD                    |
|  \\    /   O peration     | Version:     4.0                                |
|   \\  /    A nd           | Web:         http://www.foam-extend.org         |
|    \\/     M anipulation  |                                                 |
\*---------------------------------------------------------------------------*/
FoamFile
{
    version     2.0;
    format      ascii;
    class       volScalarField;
    location    "1810";
    object      cPlus;
}
// * * * * * * * * * * * * * * * * * * * * * * * * * * * * * * * * * * * * * //

dimensions      [0 0 0 0 0 0 0];

internalField   nonuniform List<scalar> 
6960
(
0.242196
0.242147
0.242135
0.242133
0.242133
0.242134
0.242135
0.242136
0.242137
0.242138
0.242139
0.24214
0.242141
0.242141
0.242142
0.242143
0.242143
0.242144
0.242144
0.242144
0.242145
0.242145
0.242145
0.242146
0.242146
0.242146
0.242146
0.242146
0.242146
0.242146
0.242146
0.242146
0.242146
0.242146
0.242146
0.242146
0.242146
0.242145
0.242145
0.242145
0.242144
0.242144
0.242144
0.242143
0.242143
0.242142
0.242141
0.242141
0.24214
0.242139
0.242138
0.242137
0.242136
0.242135
0.242134
0.242133
0.242133
0.242135
0.242147
0.242196
0.0883069
0.0883073
0.0883073
0.0883079
0.0883087
0.0883094
0.0883101
0.0883107
0.0883113
0.0883118
0.0883123
0.0883127
0.0883131
0.0883134
0.0883137
0.088314
0.0883143
0.0883145
0.0883147
0.0883149
0.0883151
0.0883152
0.0883154
0.0883155
0.0883156
0.0883156
0.0883157
0.0883157
0.0883158
0.0883158
0.0883158
0.0883158
0.0883157
0.0883157
0.0883156
0.0883156
0.0883155
0.0883154
0.0883152
0.0883151
0.0883149
0.0883147
0.0883145
0.0883143
0.088314
0.0883137
0.0883134
0.0883131
0.0883127
0.0883123
0.0883118
0.0883113
0.0883107
0.0883101
0.0883094
0.0883087
0.0883079
0.0883073
0.0883073
0.0883069
0.0628689
0.0628905
0.0628958
0.0628977
0.0628986
0.0628992
0.0628997
0.0629001
0.0629004
0.0629008
0.062901
0.0629013
0.0629015
0.0629017
0.0629019
0.062902
0.0629022
0.0629023
0.0629024
0.0629025
0.0629026
0.0629027
0.0629028
0.0629028
0.0629029
0.0629029
0.0629029
0.062903
0.062903
0.062903
0.062903
0.062903
0.062903
0.0629029
0.0629029
0.0629029
0.0629028
0.0629028
0.0629027
0.0629026
0.0629025
0.0629024
0.0629023
0.0629022
0.062902
0.0629019
0.0629017
0.0629015
0.0629013
0.062901
0.0629008
0.0629004
0.0629001
0.0628997
0.0628992
0.0628986
0.0628977
0.0628958
0.0628905
0.0628689
0.0600015
0.0600316
0.0600391
0.0600414
0.0600424
0.060043
0.0600435
0.0600438
0.0600441
0.0600444
0.0600446
0.0600448
0.060045
0.0600452
0.0600453
0.0600455
0.0600456
0.0600457
0.0600457
0.0600458
0.0600459
0.060046
0.060046
0.060046
0.0600461
0.0600461
0.0600461
0.0600462
0.0600462
0.0600462
0.0600462
0.0600462
0.0600462
0.0600461
0.0600461
0.0600461
0.060046
0.060046
0.060046
0.0600459
0.0600458
0.0600457
0.0600457
0.0600456
0.0600455
0.0600453
0.0600452
0.060045
0.0600448
0.0600446
0.0600444
0.0600441
0.0600438
0.0600435
0.060043
0.0600424
0.0600414
0.0600391
0.0600316
0.0600015
0.0620156
0.0620505
0.0620592
0.0620619
0.062063
0.0620637
0.0620641
0.0620645
0.0620648
0.0620651
0.0620654
0.0620656
0.0620658
0.0620659
0.0620661
0.0620662
0.0620663
0.0620664
0.0620665
0.0620666
0.0620666
0.0620667
0.0620668
0.0620668
0.0620668
0.0620669
0.0620669
0.0620669
0.0620669
0.0620669
0.0620669
0.0620669
0.0620669
0.0620669
0.0620669
0.0620668
0.0620668
0.0620668
0.0620667
0.0620666
0.0620666
0.0620665
0.0620664
0.0620663
0.0620662
0.0620661
0.0620659
0.0620658
0.0620656
0.0620654
0.0620651
0.0620648
0.0620645
0.0620641
0.0620637
0.062063
0.0620619
0.0620592
0.0620505
0.0620156
0.0656261
0.0656656
0.0656754
0.0656785
0.0656798
0.0656805
0.065681
0.0656815
0.0656818
0.0656822
0.0656824
0.0656827
0.0656829
0.0656831
0.0656832
0.0656834
0.0656835
0.0656836
0.0656837
0.0656838
0.0656839
0.065684
0.065684
0.0656841
0.0656841
0.0656842
0.0656842
0.0656842
0.0656842
0.0656842
0.0656842
0.0656842
0.0656842
0.0656842
0.0656842
0.0656841
0.0656841
0.065684
0.065684
0.0656839
0.0656838
0.0656837
0.0656836
0.0656835
0.0656834
0.0656832
0.0656831
0.0656829
0.0656827
0.0656824
0.0656822
0.0656818
0.0656815
0.065681
0.0656805
0.0656798
0.0656785
0.0656754
0.0656656
0.0656261
0.0703651
0.0704101
0.0704213
0.0704248
0.0704263
0.0704272
0.0704278
0.0704283
0.0704288
0.0704292
0.0704295
0.0704298
0.07043
0.0704303
0.0704305
0.0704306
0.0704308
0.0704309
0.070431
0.0704312
0.0704313
0.0704313
0.0704314
0.0704315
0.0704315
0.0704316
0.0704316
0.0704316
0.0704316
0.0704316
0.0704316
0.0704316
0.0704316
0.0704316
0.0704316
0.0704315
0.0704315
0.0704314
0.0704313
0.0704313
0.0704312
0.070431
0.0704309
0.0704308
0.0704306
0.0704305
0.0704303
0.07043
0.0704298
0.0704295
0.0704292
0.0704288
0.0704283
0.0704278
0.0704272
0.0704263
0.0704248
0.0704213
0.0704101
0.0703651
0.076433
0.0764854
0.0764984
0.0765026
0.0765044
0.0765054
0.0765062
0.0765068
0.0765073
0.0765078
0.0765082
0.0765086
0.0765089
0.0765092
0.0765094
0.0765096
0.0765098
0.07651
0.0765101
0.0765103
0.0765104
0.0765105
0.0765106
0.0765107
0.0765107
0.0765108
0.0765108
0.0765108
0.0765109
0.0765109
0.0765109
0.0765109
0.0765108
0.0765108
0.0765108
0.0765107
0.0765107
0.0765106
0.0765105
0.0765104
0.0765103
0.0765101
0.07651
0.0765098
0.0765096
0.0765094
0.0765092
0.0765089
0.0765086
0.0765082
0.0765078
0.0765073
0.0765068
0.0765062
0.0765054
0.0765044
0.0765026
0.0764984
0.0764854
0.076433
0.0842984
0.0843608
0.0843765
0.0843815
0.0843837
0.084385
0.0843859
0.0843867
0.0843874
0.0843879
0.0843884
0.0843889
0.0843893
0.0843896
0.0843899
0.0843902
0.0843905
0.0843907
0.0843909
0.084391
0.0843912
0.0843913
0.0843914
0.0843915
0.0843916
0.0843917
0.0843917
0.0843918
0.0843918
0.0843918
0.0843918
0.0843918
0.0843918
0.0843917
0.0843917
0.0843916
0.0843915
0.0843914
0.0843913
0.0843912
0.084391
0.0843909
0.0843907
0.0843905
0.0843902
0.0843899
0.0843896
0.0843893
0.0843889
0.0843884
0.0843879
0.0843874
0.0843867
0.0843859
0.084385
0.0843837
0.0843815
0.0843765
0.0843608
0.0842984
0.0946204
0.0946967
0.094716
0.0947222
0.0947248
0.0947264
0.0947276
0.0947286
0.0947295
0.0947302
0.0947308
0.0947314
0.0947319
0.0947323
0.0947327
0.0947331
0.0947334
0.0947337
0.0947339
0.0947341
0.0947343
0.0947345
0.0947346
0.0947348
0.0947349
0.0947349
0.094735
0.0947351
0.0947351
0.0947351
0.0947351
0.0947351
0.0947351
0.094735
0.0947349
0.0947349
0.0947348
0.0947346
0.0947345
0.0947343
0.0947341
0.0947339
0.0947337
0.0947334
0.0947331
0.0947327
0.0947323
0.0947319
0.0947314
0.0947308
0.0947302
0.0947295
0.0947286
0.0947276
0.0947264
0.0947248
0.0947222
0.094716
0.0946967
0.0946204
0.108173
0.108267
0.108291
0.108299
0.108302
0.108304
0.108306
0.108307
0.108308
0.108309
0.10831
0.108311
0.108311
0.108312
0.108312
0.108313
0.108313
0.108314
0.108314
0.108314
0.108314
0.108315
0.108315
0.108315
0.108315
0.108315
0.108315
0.108315
0.108315
0.108315
0.108315
0.108315
0.108315
0.108315
0.108315
0.108315
0.108315
0.108315
0.108315
0.108314
0.108314
0.108314
0.108314
0.108313
0.108313
0.108312
0.108312
0.108311
0.108311
0.10831
0.108309
0.108308
0.108307
0.108306
0.108304
0.108302
0.108299
0.108291
0.108267
0.108173
0.125666
0.125784
0.125814
0.125823
0.125828
0.12583
0.125832
0.125833
0.125835
0.125836
0.125837
0.125838
0.125839
0.125839
0.12584
0.12584
0.125841
0.125841
0.125842
0.125842
0.125842
0.125843
0.125843
0.125843
0.125843
0.125843
0.125843
0.125843
0.125844
0.125844
0.125844
0.125844
0.125843
0.125843
0.125843
0.125843
0.125843
0.125843
0.125843
0.125842
0.125842
0.125842
0.125841
0.125841
0.12584
0.12584
0.125839
0.125839
0.125838
0.125837
0.125836
0.125835
0.125833
0.125832
0.12583
0.125828
0.125823
0.125814
0.125784
0.125666
0.147483
0.147627
0.147664
0.147676
0.147681
0.147684
0.147686
0.147688
0.14769
0.147691
0.147692
0.147693
0.147694
0.147695
0.147696
0.147696
0.147697
0.147697
0.147698
0.147698
0.147699
0.147699
0.147699
0.147699
0.1477
0.1477
0.1477
0.1477
0.1477
0.1477
0.1477
0.1477
0.1477
0.1477
0.1477
0.1477
0.147699
0.147699
0.147699
0.147699
0.147698
0.147698
0.147697
0.147697
0.147696
0.147696
0.147695
0.147694
0.147693
0.147692
0.147691
0.14769
0.147688
0.147686
0.147684
0.147681
0.147676
0.147664
0.147627
0.147483
0.173454
0.173625
0.17367
0.173684
0.17369
0.173693
0.173696
0.173698
0.1737
0.173701
0.173703
0.173704
0.173705
0.173706
0.173706
0.173707
0.173708
0.173708
0.173709
0.173709
0.17371
0.17371
0.17371
0.173711
0.173711
0.173711
0.173711
0.173711
0.173711
0.173711
0.173711
0.173711
0.173711
0.173711
0.173711
0.173711
0.173711
0.17371
0.17371
0.17371
0.173709
0.173709
0.173708
0.173708
0.173707
0.173706
0.173706
0.173705
0.173704
0.173703
0.173701
0.1737
0.173698
0.173696
0.173693
0.17369
0.173684
0.17367
0.173625
0.173454
0.202839
0.203037
0.203089
0.203106
0.203113
0.203117
0.203119
0.203122
0.203123
0.203125
0.203126
0.203128
0.203129
0.20313
0.203131
0.203131
0.203132
0.203133
0.203133
0.203134
0.203134
0.203135
0.203135
0.203135
0.203135
0.203136
0.203136
0.203136
0.203136
0.203136
0.203136
0.203136
0.203136
0.203136
0.203136
0.203135
0.203135
0.203135
0.203135
0.203134
0.203134
0.203133
0.203133
0.203132
0.203131
0.203131
0.20313
0.203129
0.203128
0.203126
0.203125
0.203123
0.203122
0.203119
0.203117
0.203113
0.203106
0.203089
0.203037
0.202839
0.23456
0.234781
0.234841
0.23486
0.234867
0.234871
0.234874
0.234876
0.234878
0.23488
0.234882
0.234883
0.234884
0.234885
0.234886
0.234887
0.234887
0.234888
0.234888
0.234889
0.234889
0.23489
0.23489
0.23489
0.234891
0.234891
0.234891
0.234891
0.234891
0.234891
0.234891
0.234891
0.234891
0.234891
0.234891
0.234891
0.23489
0.23489
0.23489
0.234889
0.234889
0.234888
0.234888
0.234887
0.234887
0.234886
0.234885
0.234884
0.234883
0.234882
0.23488
0.234878
0.234876
0.234874
0.234871
0.234867
0.23486
0.234841
0.234781
0.23456
0.267512
0.267753
0.267819
0.26784
0.267848
0.267853
0.267855
0.267858
0.26786
0.267861
0.267863
0.267864
0.267865
0.267866
0.267867
0.267868
0.267869
0.267869
0.26787
0.26787
0.267871
0.267871
0.267871
0.267872
0.267872
0.267872
0.267872
0.267872
0.267872
0.267872
0.267872
0.267872
0.267872
0.267872
0.267872
0.267872
0.267872
0.267871
0.267871
0.267871
0.26787
0.26787
0.267869
0.267869
0.267868
0.267867
0.267866
0.267865
0.267864
0.267863
0.267861
0.26786
0.267858
0.267855
0.267853
0.267848
0.26784
0.267819
0.267753
0.267512
0.300796
0.301054
0.301126
0.301149
0.301157
0.301162
0.301165
0.301167
0.301169
0.301171
0.301172
0.301173
0.301174
0.301175
0.301176
0.301177
0.301178
0.301178
0.301179
0.301179
0.30118
0.30118
0.30118
0.30118
0.301181
0.301181
0.301181
0.301181
0.301181
0.301181
0.301181
0.301181
0.301181
0.301181
0.301181
0.301181
0.30118
0.30118
0.30118
0.30118
0.301179
0.301179
0.301178
0.301178
0.301177
0.301176
0.301175
0.301174
0.301173
0.301172
0.301171
0.301169
0.301167
0.301165
0.301162
0.301157
0.301149
0.301126
0.301054
0.300796
0.333791
0.334064
0.334141
0.334166
0.334175
0.334179
0.334182
0.334184
0.334186
0.334188
0.334189
0.33419
0.334191
0.334192
0.334193
0.334194
0.334194
0.334195
0.334195
0.334196
0.334196
0.334196
0.334197
0.334197
0.334197
0.334197
0.334198
0.334198
0.334198
0.334198
0.334198
0.334198
0.334198
0.334198
0.334197
0.334197
0.334197
0.334197
0.334196
0.334196
0.334196
0.334195
0.334195
0.334194
0.334194
0.334193
0.334192
0.334191
0.33419
0.334189
0.334188
0.334186
0.334184
0.334182
0.334179
0.334175
0.334166
0.334141
0.334064
0.333791
0.366117
0.366402
0.366485
0.36651
0.36652
0.366525
0.366527
0.36653
0.366531
0.366533
0.366534
0.366535
0.366536
0.366537
0.366538
0.366538
0.366539
0.36654
0.36654
0.36654
0.366541
0.366541
0.366541
0.366542
0.366542
0.366542
0.366542
0.366542
0.366542
0.366542
0.366542
0.366542
0.366542
0.366542
0.366542
0.366542
0.366542
0.366541
0.366541
0.366541
0.36654
0.36654
0.36654
0.366539
0.366538
0.366538
0.366537
0.366536
0.366535
0.366534
0.366533
0.366531
0.36653
0.366527
0.366525
0.36652
0.36651
0.366485
0.366402
0.366117
0.39756
0.397856
0.397943
0.39797
0.39798
0.397985
0.397987
0.397989
0.397991
0.397993
0.397994
0.397995
0.397996
0.397997
0.397997
0.397998
0.397998
0.397999
0.397999
0.398
0.398
0.398
0.398
0.398001
0.398001
0.398001
0.398001
0.398001
0.398001
0.398001
0.398001
0.398001
0.398001
0.398001
0.398001
0.398001
0.398001
0.398
0.398
0.398
0.398
0.397999
0.397999
0.397998
0.397998
0.397997
0.397997
0.397996
0.397995
0.397994
0.397993
0.397991
0.397989
0.397987
0.397985
0.39798
0.39797
0.397943
0.397856
0.39756
0.428008
0.428312
0.428403
0.428432
0.428442
0.428447
0.42845
0.428452
0.428453
0.428455
0.428456
0.428457
0.428458
0.428458
0.428459
0.42846
0.42846
0.428461
0.428461
0.428461
0.428462
0.428462
0.428462
0.428462
0.428462
0.428463
0.428463
0.428463
0.428463
0.428463
0.428463
0.428463
0.428463
0.428463
0.428463
0.428462
0.428462
0.428462
0.428462
0.428462
0.428461
0.428461
0.428461
0.42846
0.42846
0.428459
0.428458
0.428458
0.428457
0.428456
0.428455
0.428453
0.428452
0.42845
0.428447
0.428442
0.428432
0.428403
0.428312
0.428008
0.457405
0.457716
0.457812
0.457842
0.457853
0.457858
0.45786
0.457862
0.457864
0.457865
0.457866
0.457867
0.457868
0.457869
0.457869
0.45787
0.45787
0.457871
0.457871
0.457871
0.457872
0.457872
0.457872
0.457872
0.457872
0.457872
0.457872
0.457873
0.457873
0.457873
0.457873
0.457873
0.457873
0.457872
0.457872
0.457872
0.457872
0.457872
0.457872
0.457872
0.457871
0.457871
0.457871
0.45787
0.45787
0.457869
0.457869
0.457868
0.457867
0.457866
0.457865
0.457864
0.457862
0.45786
0.457858
0.457853
0.457842
0.457812
0.457716
0.457405
0.48573
0.486047
0.486147
0.486179
0.48619
0.486195
0.486197
0.486199
0.486201
0.486202
0.486203
0.486204
0.486204
0.486205
0.486205
0.486206
0.486206
0.486207
0.486207
0.486207
0.486208
0.486208
0.486208
0.486208
0.486208
0.486208
0.486209
0.486209
0.486209
0.486209
0.486209
0.486209
0.486209
0.486209
0.486208
0.486208
0.486208
0.486208
0.486208
0.486208
0.486207
0.486207
0.486207
0.486206
0.486206
0.486205
0.486205
0.486204
0.486204
0.486203
0.486202
0.486201
0.486199
0.486197
0.486195
0.48619
0.486179
0.486147
0.486047
0.48573
0.512979
0.5133
0.513404
0.513438
0.513449
0.513454
0.513457
0.513459
0.51346
0.513461
0.513462
0.513463
0.513463
0.513464
0.513464
0.513465
0.513465
0.513466
0.513466
0.513466
0.513466
0.513467
0.513467
0.513467
0.513467
0.513467
0.513467
0.513467
0.513467
0.513467
0.513467
0.513467
0.513467
0.513467
0.513467
0.513467
0.513467
0.513467
0.513467
0.513466
0.513466
0.513466
0.513466
0.513465
0.513465
0.513464
0.513464
0.513463
0.513463
0.513462
0.513461
0.51346
0.513459
0.513457
0.513454
0.513449
0.513438
0.513404
0.5133
0.512979
0.539159
0.539484
0.539591
0.539627
0.539639
0.539644
0.539646
0.539648
0.539649
0.53965
0.539651
0.539652
0.539652
0.539653
0.539653
0.539654
0.539654
0.539655
0.539655
0.539655
0.539655
0.539655
0.539656
0.539656
0.539656
0.539656
0.539656
0.539656
0.539656
0.539656
0.539656
0.539656
0.539656
0.539656
0.539656
0.539656
0.539656
0.539656
0.539655
0.539655
0.539655
0.539655
0.539655
0.539654
0.539654
0.539653
0.539653
0.539652
0.539652
0.539651
0.53965
0.539649
0.539648
0.539646
0.539644
0.539639
0.539627
0.539591
0.539484
0.539159
0.564285
0.564612
0.564723
0.56476
0.564772
0.564777
0.56478
0.564782
0.564783
0.564784
0.564784
0.564785
0.564786
0.564786
0.564787
0.564787
0.564787
0.564788
0.564788
0.564788
0.564788
0.564788
0.564789
0.564789
0.564789
0.564789
0.564789
0.564789
0.564789
0.564789
0.564789
0.564789
0.564789
0.564789
0.564789
0.564789
0.564789
0.564789
0.564788
0.564788
0.564788
0.564788
0.564788
0.564787
0.564787
0.564787
0.564786
0.564786
0.564785
0.564784
0.564784
0.564783
0.564782
0.56478
0.564777
0.564772
0.56476
0.564723
0.564612
0.564285
0.588374
0.588703
0.588817
0.588855
0.588868
0.588873
0.588876
0.588877
0.588878
0.588879
0.58888
0.588881
0.588881
0.588882
0.588882
0.588882
0.588883
0.588883
0.588883
0.588883
0.588884
0.588884
0.588884
0.588884
0.588884
0.588884
0.588884
0.588884
0.588884
0.588884
0.588884
0.588884
0.588884
0.588884
0.588884
0.588884
0.588884
0.588884
0.588884
0.588884
0.588883
0.588883
0.588883
0.588883
0.588882
0.588882
0.588882
0.588881
0.588881
0.58888
0.588879
0.588878
0.588877
0.588876
0.588873
0.588868
0.588855
0.588817
0.588703
0.588374
0.611448
0.611777
0.611894
0.611933
0.611947
0.611953
0.611955
0.611957
0.611958
0.611958
0.611959
0.61196
0.61196
0.611961
0.611961
0.611961
0.611962
0.611962
0.611962
0.611962
0.611962
0.611962
0.611963
0.611963
0.611963
0.611963
0.611963
0.611963
0.611963
0.611963
0.611963
0.611963
0.611963
0.611963
0.611963
0.611963
0.611963
0.611963
0.611962
0.611962
0.611962
0.611962
0.611962
0.611962
0.611961
0.611961
0.611961
0.61196
0.61196
0.611959
0.611958
0.611958
0.611957
0.611955
0.611953
0.611947
0.611933
0.611894
0.611777
0.611448
0.633529
0.633858
0.633977
0.634018
0.634032
0.634038
0.63404
0.634042
0.634043
0.634044
0.634044
0.634045
0.634045
0.634046
0.634046
0.634046
0.634047
0.634047
0.634047
0.634047
0.634047
0.634047
0.634047
0.634048
0.634048
0.634048
0.634048
0.634048
0.634048
0.634048
0.634048
0.634048
0.634048
0.634048
0.634048
0.634048
0.634048
0.634047
0.634047
0.634047
0.634047
0.634047
0.634047
0.634047
0.634046
0.634046
0.634046
0.634045
0.634045
0.634044
0.634044
0.634043
0.634042
0.63404
0.634038
0.634032
0.634018
0.633977
0.633858
0.633529
0.654642
0.654969
0.65509
0.655133
0.655148
0.655153
0.655156
0.655157
0.655158
0.655159
0.65516
0.65516
0.655161
0.655161
0.655161
0.655161
0.655162
0.655162
0.655162
0.655162
0.655162
0.655162
0.655163
0.655163
0.655163
0.655163
0.655163
0.655163
0.655163
0.655163
0.655163
0.655163
0.655163
0.655163
0.655163
0.655163
0.655163
0.655163
0.655162
0.655162
0.655162
0.655162
0.655162
0.655162
0.655161
0.655161
0.655161
0.655161
0.65516
0.65516
0.655159
0.655158
0.655157
0.655156
0.655153
0.655148
0.655133
0.65509
0.654969
0.654642
0.67481
0.675136
0.675259
0.675303
0.675318
0.675324
0.675327
0.675328
0.675329
0.67533
0.67533
0.675331
0.675331
0.675331
0.675332
0.675332
0.675332
0.675332
0.675332
0.675332
0.675333
0.675333
0.675333
0.675333
0.675333
0.675333
0.675333
0.675333
0.675333
0.675333
0.675333
0.675333
0.675333
0.675333
0.675333
0.675333
0.675333
0.675333
0.675333
0.675333
0.675332
0.675332
0.675332
0.675332
0.675332
0.675332
0.675331
0.675331
0.675331
0.67533
0.67533
0.675329
0.675328
0.675327
0.675324
0.675318
0.675303
0.675259
0.675136
0.67481
0.69406
0.694383
0.694508
0.694553
0.694569
0.694575
0.694578
0.694579
0.69458
0.694581
0.694581
0.694582
0.694582
0.694582
0.694582
0.694583
0.694583
0.694583
0.694583
0.694583
0.694583
0.694583
0.694583
0.694584
0.694584
0.694584
0.694584
0.694584
0.694584
0.694584
0.694584
0.694584
0.694584
0.694584
0.694584
0.694584
0.694584
0.694583
0.694583
0.694583
0.694583
0.694583
0.694583
0.694583
0.694583
0.694582
0.694582
0.694582
0.694582
0.694581
0.694581
0.69458
0.694579
0.694578
0.694575
0.694569
0.694553
0.694508
0.694383
0.69406
0.712417
0.712736
0.712863
0.712909
0.712926
0.712932
0.712935
0.712936
0.712937
0.712938
0.712938
0.712939
0.712939
0.712939
0.712939
0.71294
0.71294
0.71294
0.71294
0.71294
0.71294
0.71294
0.71294
0.71294
0.712941
0.712941
0.712941
0.712941
0.712941
0.712941
0.712941
0.712941
0.712941
0.712941
0.712941
0.712941
0.71294
0.71294
0.71294
0.71294
0.71294
0.71294
0.71294
0.71294
0.71294
0.712939
0.712939
0.712939
0.712939
0.712938
0.712938
0.712937
0.712936
0.712935
0.712932
0.712926
0.712909
0.712863
0.712736
0.712417
0.729907
0.730222
0.73035
0.730398
0.730415
0.730422
0.730424
0.730426
0.730427
0.730427
0.730428
0.730428
0.730428
0.730428
0.730429
0.730429
0.730429
0.730429
0.730429
0.730429
0.730429
0.73043
0.73043
0.73043
0.73043
0.73043
0.73043
0.73043
0.73043
0.73043
0.73043
0.73043
0.73043
0.73043
0.73043
0.73043
0.73043
0.73043
0.73043
0.730429
0.730429
0.730429
0.730429
0.730429
0.730429
0.730429
0.730428
0.730428
0.730428
0.730428
0.730427
0.730427
0.730426
0.730424
0.730422
0.730415
0.730398
0.73035
0.730222
0.729907
0.746556
0.746867
0.746995
0.747044
0.747062
0.747069
0.747072
0.747073
0.747074
0.747075
0.747075
0.747075
0.747076
0.747076
0.747076
0.747076
0.747076
0.747077
0.747077
0.747077
0.747077
0.747077
0.747077
0.747077
0.747077
0.747077
0.747077
0.747077
0.747077
0.747077
0.747077
0.747077
0.747077
0.747077
0.747077
0.747077
0.747077
0.747077
0.747077
0.747077
0.747077
0.747077
0.747077
0.747076
0.747076
0.747076
0.747076
0.747076
0.747075
0.747075
0.747075
0.747074
0.747073
0.747072
0.747069
0.747062
0.747044
0.746995
0.746867
0.746556
0.762391
0.762696
0.762825
0.762875
0.762894
0.762901
0.762904
0.762905
0.762906
0.762907
0.762907
0.762907
0.762908
0.762908
0.762908
0.762908
0.762908
0.762908
0.762908
0.762909
0.762909
0.762909
0.762909
0.762909
0.762909
0.762909
0.762909
0.762909
0.762909
0.762909
0.762909
0.762909
0.762909
0.762909
0.762909
0.762909
0.762909
0.762909
0.762909
0.762909
0.762909
0.762908
0.762908
0.762908
0.762908
0.762908
0.762908
0.762908
0.762907
0.762907
0.762907
0.762906
0.762905
0.762904
0.762901
0.762894
0.762875
0.762825
0.762696
0.762391
0.777436
0.777736
0.777866
0.777917
0.777936
0.777944
0.777947
0.777948
0.777949
0.777949
0.777949
0.77795
0.77795
0.77795
0.77795
0.77795
0.777951
0.777951
0.777951
0.777951
0.777951
0.777951
0.777951
0.777951
0.777951
0.777951
0.777951
0.777951
0.777951
0.777951
0.777951
0.777951
0.777951
0.777951
0.777951
0.777951
0.777951
0.777951
0.777951
0.777951
0.777951
0.777951
0.777951
0.777951
0.77795
0.77795
0.77795
0.77795
0.77795
0.777949
0.777949
0.777949
0.777948
0.777947
0.777944
0.777936
0.777917
0.777866
0.777736
0.777436
0.791719
0.792013
0.792142
0.792195
0.792215
0.792222
0.792225
0.792227
0.792228
0.792228
0.792228
0.792229
0.792229
0.792229
0.792229
0.792229
0.792229
0.792229
0.79223
0.79223
0.79223
0.79223
0.79223
0.79223
0.79223
0.79223
0.79223
0.79223
0.79223
0.79223
0.79223
0.79223
0.79223
0.79223
0.79223
0.79223
0.79223
0.79223
0.79223
0.79223
0.79223
0.79223
0.792229
0.792229
0.792229
0.792229
0.792229
0.792229
0.792229
0.792228
0.792228
0.792228
0.792227
0.792225
0.792222
0.792215
0.792195
0.792142
0.792013
0.791719
0.805266
0.805553
0.805682
0.805735
0.805755
0.805764
0.805767
0.805768
0.805769
0.805769
0.80577
0.80577
0.80577
0.80577
0.80577
0.80577
0.805771
0.805771
0.805771
0.805771
0.805771
0.805771
0.805771
0.805771
0.805771
0.805771
0.805771
0.805771
0.805771
0.805771
0.805771
0.805771
0.805771
0.805771
0.805771
0.805771
0.805771
0.805771
0.805771
0.805771
0.805771
0.805771
0.805771
0.805771
0.80577
0.80577
0.80577
0.80577
0.80577
0.80577
0.805769
0.805769
0.805768
0.805767
0.805764
0.805755
0.805735
0.805682
0.805553
0.805266
0.8181
0.818381
0.818509
0.818563
0.818584
0.818593
0.818596
0.818598
0.818598
0.818599
0.818599
0.818599
0.818599
0.8186
0.8186
0.8186
0.8186
0.8186
0.8186
0.8186
0.8186
0.8186
0.8186
0.8186
0.8186
0.8186
0.8186
0.8186
0.8186
0.8186
0.8186
0.8186
0.8186
0.8186
0.8186
0.8186
0.8186
0.8186
0.8186
0.8186
0.8186
0.8186
0.8186
0.8186
0.8186
0.8186
0.8186
0.818599
0.818599
0.818599
0.818599
0.818598
0.818598
0.818596
0.818593
0.818584
0.818563
0.818509
0.818381
0.8181
0.83025
0.830523
0.830651
0.830705
0.830727
0.830736
0.830739
0.830741
0.830742
0.830742
0.830742
0.830742
0.830743
0.830743
0.830743
0.830743
0.830743
0.830743
0.830743
0.830743
0.830743
0.830743
0.830743
0.830743
0.830743
0.830743
0.830743
0.830743
0.830743
0.830743
0.830743
0.830743
0.830743
0.830743
0.830743
0.830743
0.830743
0.830743
0.830743
0.830743
0.830743
0.830743
0.830743
0.830743
0.830743
0.830743
0.830743
0.830743
0.830742
0.830742
0.830742
0.830742
0.830741
0.830739
0.830736
0.830727
0.830705
0.830651
0.830523
0.83025
0.841739
0.842005
0.842131
0.842186
0.842209
0.842218
0.842221
0.842223
0.842224
0.842224
0.842224
0.842225
0.842225
0.842225
0.842225
0.842225
0.842225
0.842225
0.842225
0.842225
0.842225
0.842225
0.842225
0.842225
0.842225
0.842225
0.842225
0.842225
0.842225
0.842225
0.842225
0.842225
0.842225
0.842225
0.842225
0.842225
0.842225
0.842225
0.842225
0.842225
0.842225
0.842225
0.842225
0.842225
0.842225
0.842225
0.842225
0.842225
0.842225
0.842224
0.842224
0.842224
0.842223
0.842221
0.842218
0.842209
0.842186
0.842131
0.842005
0.841739
0.852593
0.852851
0.852976
0.853032
0.853055
0.853064
0.853068
0.853069
0.85307
0.853071
0.853071
0.853071
0.853071
0.853071
0.853071
0.853071
0.853072
0.853072
0.853072
0.853072
0.853072
0.853072
0.853072
0.853072
0.853072
0.853072
0.853072
0.853072
0.853072
0.853072
0.853072
0.853072
0.853072
0.853072
0.853072
0.853072
0.853072
0.853072
0.853072
0.853072
0.853072
0.853072
0.853072
0.853072
0.853071
0.853071
0.853071
0.853071
0.853071
0.853071
0.853071
0.85307
0.853069
0.853068
0.853064
0.853055
0.853032
0.852976
0.852851
0.852593
0.862836
0.863086
0.86321
0.863266
0.863289
0.863299
0.863303
0.863305
0.863306
0.863306
0.863306
0.863306
0.863307
0.863307
0.863307
0.863307
0.863307
0.863307
0.863307
0.863307
0.863307
0.863307
0.863307
0.863307
0.863307
0.863307
0.863307
0.863307
0.863307
0.863307
0.863307
0.863307
0.863307
0.863307
0.863307
0.863307
0.863307
0.863307
0.863307
0.863307
0.863307
0.863307
0.863307
0.863307
0.863307
0.863307
0.863307
0.863307
0.863306
0.863306
0.863306
0.863306
0.863305
0.863303
0.863299
0.863289
0.863266
0.86321
0.863086
0.862836
0.872494
0.872736
0.872858
0.872914
0.872938
0.872948
0.872952
0.872954
0.872955
0.872955
0.872955
0.872955
0.872956
0.872956
0.872956
0.872956
0.872956
0.872956
0.872956
0.872956
0.872956
0.872956
0.872956
0.872956
0.872956
0.872956
0.872956
0.872956
0.872956
0.872956
0.872956
0.872956
0.872956
0.872956
0.872956
0.872956
0.872956
0.872956
0.872956
0.872956
0.872956
0.872956
0.872956
0.872956
0.872956
0.872956
0.872956
0.872956
0.872955
0.872955
0.872955
0.872955
0.872954
0.872952
0.872948
0.872938
0.872914
0.872858
0.872736
0.872494
0.881589
0.881823
0.881943
0.881999
0.882024
0.882034
0.882039
0.88204
0.882041
0.882042
0.882042
0.882042
0.882042
0.882042
0.882042
0.882042
0.882042
0.882042
0.882043
0.882043
0.882043
0.882043
0.882043
0.882043
0.882043
0.882043
0.882043
0.882043
0.882043
0.882043
0.882043
0.882043
0.882043
0.882043
0.882043
0.882043
0.882043
0.882043
0.882043
0.882043
0.882043
0.882043
0.882042
0.882042
0.882042
0.882042
0.882042
0.882042
0.882042
0.882042
0.882042
0.882041
0.88204
0.882039
0.882034
0.882024
0.881999
0.881943
0.881823
0.881589
0.890147
0.890372
0.89049
0.890546
0.890571
0.890582
0.890587
0.890588
0.890589
0.89059
0.89059
0.89059
0.89059
0.89059
0.89059
0.89059
0.890591
0.890591
0.890591
0.890591
0.890591
0.890591
0.890591
0.890591
0.890591
0.890591
0.890591
0.890591
0.890591
0.890591
0.890591
0.890591
0.890591
0.890591
0.890591
0.890591
0.890591
0.890591
0.890591
0.890591
0.890591
0.890591
0.890591
0.890591
0.89059
0.89059
0.89059
0.89059
0.89059
0.89059
0.89059
0.890589
0.890588
0.890587
0.890582
0.890571
0.890546
0.89049
0.890372
0.890147
0.898189
0.898407
0.898522
0.898578
0.898603
0.898615
0.898619
0.898621
0.898622
0.898623
0.898623
0.898623
0.898623
0.898623
0.898623
0.898623
0.898623
0.898623
0.898623
0.898624
0.898624
0.898624
0.898624
0.898624
0.898624
0.898624
0.898624
0.898624
0.898624
0.898624
0.898624
0.898624
0.898624
0.898624
0.898624
0.898624
0.898624
0.898624
0.898624
0.898624
0.898624
0.898623
0.898623
0.898623
0.898623
0.898623
0.898623
0.898623
0.898623
0.898623
0.898623
0.898622
0.898621
0.898619
0.898615
0.898603
0.898578
0.898522
0.898407
0.898189
0.90574
0.905949
0.906062
0.906118
0.906144
0.906155
0.90616
0.906162
0.906163
0.906164
0.906164
0.906164
0.906164
0.906164
0.906164
0.906164
0.906164
0.906164
0.906164
0.906164
0.906164
0.906164
0.906164
0.906164
0.906164
0.906164
0.906164
0.906164
0.906164
0.906164
0.906164
0.906164
0.906164
0.906164
0.906164
0.906164
0.906164
0.906164
0.906164
0.906164
0.906164
0.906164
0.906164
0.906164
0.906164
0.906164
0.906164
0.906164
0.906164
0.906164
0.906164
0.906163
0.906162
0.90616
0.906155
0.906144
0.906118
0.906062
0.905949
0.90574
0.912822
0.913022
0.913133
0.913188
0.913214
0.913226
0.913231
0.913233
0.913234
0.913235
0.913235
0.913235
0.913235
0.913235
0.913235
0.913235
0.913235
0.913235
0.913235
0.913235
0.913235
0.913235
0.913235
0.913235
0.913235
0.913235
0.913235
0.913235
0.913235
0.913235
0.913235
0.913235
0.913235
0.913235
0.913235
0.913235
0.913235
0.913235
0.913235
0.913235
0.913235
0.913235
0.913235
0.913235
0.913235
0.913235
0.913235
0.913235
0.913235
0.913235
0.913235
0.913234
0.913233
0.913231
0.913226
0.913214
0.913188
0.913133
0.913022
0.912822
0.919456
0.919648
0.919756
0.91981
0.919837
0.919848
0.919854
0.919856
0.919857
0.919858
0.919858
0.919858
0.919858
0.919858
0.919858
0.919858
0.919858
0.919858
0.919859
0.919859
0.919859
0.919859
0.919859
0.919859
0.919859
0.919859
0.919859
0.919859
0.919859
0.919859
0.919859
0.919859
0.919859
0.919859
0.919859
0.919859
0.919859
0.919859
0.919859
0.919859
0.919859
0.919859
0.919858
0.919858
0.919858
0.919858
0.919858
0.919858
0.919858
0.919858
0.919858
0.919857
0.919856
0.919854
0.919848
0.919837
0.91981
0.919756
0.919648
0.919456
0.925664
0.925848
0.925952
0.926007
0.926033
0.926045
0.926051
0.926053
0.926054
0.926055
0.926055
0.926055
0.926055
0.926055
0.926055
0.926056
0.926056
0.926056
0.926056
0.926056
0.926056
0.926056
0.926056
0.926056
0.926056
0.926056
0.926056
0.926056
0.926056
0.926056
0.926056
0.926056
0.926056
0.926056
0.926056
0.926056
0.926056
0.926056
0.926056
0.926056
0.926056
0.926056
0.926056
0.926056
0.926056
0.926055
0.926055
0.926055
0.926055
0.926055
0.926055
0.926054
0.926053
0.926051
0.926045
0.926033
0.926007
0.925952
0.925848
0.925664
0.931467
0.931643
0.931744
0.931798
0.931824
0.931837
0.931842
0.931845
0.931846
0.931847
0.931847
0.931847
0.931847
0.931847
0.931847
0.931847
0.931847
0.931847
0.931847
0.931847
0.931847
0.931847
0.931847
0.931847
0.931847
0.931847
0.931847
0.931847
0.931847
0.931847
0.931847
0.931847
0.931847
0.931847
0.931847
0.931847
0.931847
0.931847
0.931847
0.931847
0.931847
0.931847
0.931847
0.931847
0.931847
0.931847
0.931847
0.931847
0.931847
0.931847
0.931847
0.931846
0.931845
0.931842
0.931837
0.931824
0.931798
0.931744
0.931643
0.931467
0.936886
0.937053
0.937151
0.937204
0.93723
0.937243
0.937249
0.937252
0.937253
0.937254
0.937254
0.937254
0.937254
0.937254
0.937254
0.937254
0.937254
0.937254
0.937254
0.937254
0.937254
0.937254
0.937254
0.937254
0.937254
0.937254
0.937254
0.937254
0.937254
0.937254
0.937254
0.937254
0.937254
0.937254
0.937254
0.937254
0.937254
0.937254
0.937254
0.937254
0.937254
0.937254
0.937254
0.937254
0.937254
0.937254
0.937254
0.937254
0.937254
0.937254
0.937254
0.937253
0.937252
0.937249
0.937243
0.93723
0.937204
0.937151
0.937053
0.936886
0.94194
0.942099
0.942194
0.942245
0.942272
0.942285
0.942291
0.942294
0.942295
0.942296
0.942296
0.942296
0.942296
0.942296
0.942296
0.942296
0.942296
0.942296
0.942296
0.942296
0.942296
0.942296
0.942296
0.942296
0.942296
0.942296
0.942296
0.942296
0.942296
0.942296
0.942296
0.942296
0.942296
0.942296
0.942296
0.942296
0.942296
0.942296
0.942296
0.942296
0.942296
0.942296
0.942296
0.942296
0.942296
0.942296
0.942296
0.942296
0.942296
0.942296
0.942296
0.942295
0.942294
0.942291
0.942285
0.942272
0.942245
0.942194
0.942099
0.94194
0.946648
0.946799
0.94689
0.946941
0.946967
0.946981
0.946987
0.94699
0.946991
0.946992
0.946992
0.946992
0.946992
0.946992
0.946993
0.946993
0.946993
0.946993
0.946993
0.946993
0.946993
0.946993
0.946993
0.946993
0.946993
0.946993
0.946993
0.946993
0.946993
0.946993
0.946993
0.946993
0.946993
0.946993
0.946993
0.946993
0.946993
0.946993
0.946993
0.946993
0.946993
0.946993
0.946993
0.946993
0.946993
0.946993
0.946992
0.946992
0.946992
0.946992
0.946992
0.946991
0.94699
0.946987
0.946981
0.946967
0.946941
0.94689
0.946799
0.946648
0.951029
0.951172
0.95126
0.95131
0.951336
0.951349
0.951356
0.951359
0.95136
0.951361
0.951361
0.951361
0.951362
0.951362
0.951362
0.951362
0.951362
0.951362
0.951362
0.951362
0.951362
0.951362
0.951362
0.951362
0.951362
0.951362
0.951362
0.951362
0.951362
0.951362
0.951362
0.951362
0.951362
0.951362
0.951362
0.951362
0.951362
0.951362
0.951362
0.951362
0.951362
0.951362
0.951362
0.951362
0.951362
0.951362
0.951362
0.951362
0.951361
0.951361
0.951361
0.95136
0.951359
0.951356
0.951349
0.951336
0.95131
0.95126
0.951172
0.951029
0.9551
0.955237
0.955321
0.95537
0.955396
0.955409
0.955416
0.955419
0.95542
0.955421
0.955421
0.955422
0.955422
0.955422
0.955422
0.955422
0.955422
0.955422
0.955422
0.955422
0.955422
0.955422
0.955422
0.955422
0.955422
0.955422
0.955422
0.955422
0.955422
0.955422
0.955422
0.955422
0.955422
0.955422
0.955422
0.955422
0.955422
0.955422
0.955422
0.955422
0.955422
0.955422
0.955422
0.955422
0.955422
0.955422
0.955422
0.955422
0.955422
0.955421
0.955421
0.95542
0.955419
0.955416
0.955409
0.955396
0.95537
0.955321
0.955237
0.9551
0.958881
0.95901
0.959091
0.959138
0.959164
0.959177
0.959184
0.959187
0.959189
0.959189
0.95919
0.95919
0.95919
0.95919
0.95919
0.95919
0.95919
0.95919
0.95919
0.95919
0.95919
0.95919
0.95919
0.95919
0.95919
0.95919
0.95919
0.95919
0.95919
0.95919
0.95919
0.95919
0.95919
0.95919
0.95919
0.95919
0.95919
0.95919
0.95919
0.95919
0.95919
0.95919
0.95919
0.95919
0.95919
0.95919
0.95919
0.95919
0.95919
0.95919
0.959189
0.959189
0.959187
0.959184
0.959177
0.959164
0.959138
0.959091
0.95901
0.958881
0.962386
0.962508
0.962586
0.962631
0.962657
0.96267
0.962677
0.962681
0.962682
0.962683
0.962683
0.962684
0.962684
0.962684
0.962684
0.962684
0.962684
0.962684
0.962684
0.962684
0.962684
0.962684
0.962684
0.962684
0.962684
0.962684
0.962684
0.962684
0.962684
0.962684
0.962684
0.962684
0.962684
0.962684
0.962684
0.962684
0.962684
0.962684
0.962684
0.962684
0.962684
0.962684
0.962684
0.962684
0.962684
0.962684
0.962684
0.962684
0.962684
0.962683
0.962683
0.962682
0.962681
0.962677
0.96267
0.962657
0.962631
0.962586
0.962508
0.962386
0.965633
0.965748
0.965822
0.965866
0.965891
0.965905
0.965912
0.965915
0.965917
0.965918
0.965918
0.965919
0.965919
0.965919
0.965919
0.965919
0.965919
0.965919
0.965919
0.965919
0.965919
0.965919
0.965919
0.965919
0.965919
0.965919
0.965919
0.965919
0.965919
0.965919
0.965919
0.965919
0.965919
0.965919
0.965919
0.965919
0.965919
0.965919
0.965919
0.965919
0.965919
0.965919
0.965919
0.965919
0.965919
0.965919
0.965919
0.965919
0.965919
0.965918
0.965918
0.965917
0.965915
0.965912
0.965905
0.965891
0.965866
0.965822
0.965748
0.965633
0.968637
0.968745
0.968816
0.968858
0.968883
0.968896
0.968903
0.968907
0.968909
0.96891
0.96891
0.96891
0.968911
0.968911
0.968911
0.968911
0.968911
0.968911
0.968911
0.968911
0.968911
0.968911
0.968911
0.968911
0.968911
0.968911
0.968911
0.968911
0.968911
0.968911
0.968911
0.968911
0.968911
0.968911
0.968911
0.968911
0.968911
0.968911
0.968911
0.968911
0.968911
0.968911
0.968911
0.968911
0.968911
0.968911
0.968911
0.968911
0.96891
0.96891
0.96891
0.968909
0.968907
0.968903
0.968896
0.968883
0.968858
0.968816
0.968745
0.968637
0.971412
0.971514
0.971581
0.971622
0.971646
0.97166
0.971667
0.971671
0.971672
0.971673
0.971674
0.971674
0.971674
0.971674
0.971674
0.971674
0.971674
0.971674
0.971674
0.971674
0.971674
0.971674
0.971674
0.971674
0.971674
0.971674
0.971674
0.971674
0.971674
0.971674
0.971674
0.971674
0.971674
0.971674
0.971674
0.971674
0.971674
0.971674
0.971674
0.971674
0.971674
0.971674
0.971674
0.971674
0.971674
0.971674
0.971674
0.971674
0.971674
0.971674
0.971673
0.971672
0.971671
0.971667
0.97166
0.971646
0.971622
0.971581
0.971514
0.971412
0.973973
0.974069
0.974133
0.974172
0.974196
0.974209
0.974216
0.97422
0.974222
0.974223
0.974224
0.974224
0.974224
0.974224
0.974224
0.974224
0.974224
0.974224
0.974224
0.974224
0.974224
0.974224
0.974224
0.974224
0.974224
0.974224
0.974224
0.974224
0.974224
0.974224
0.974224
0.974224
0.974224
0.974224
0.974224
0.974224
0.974224
0.974224
0.974224
0.974224
0.974224
0.974224
0.974224
0.974224
0.974224
0.974224
0.974224
0.974224
0.974224
0.974224
0.974223
0.974222
0.97422
0.974216
0.974209
0.974196
0.974172
0.974133
0.974069
0.973973
0.976334
0.976424
0.976484
0.976522
0.976545
0.976558
0.976565
0.976569
0.976571
0.976572
0.976573
0.976573
0.976573
0.976573
0.976573
0.976573
0.976573
0.976573
0.976573
0.976573
0.976573
0.976573
0.976573
0.976573
0.976573
0.976573
0.976573
0.976573
0.976573
0.976573
0.976573
0.976573
0.976573
0.976573
0.976573
0.976573
0.976573
0.976573
0.976573
0.976573
0.976573
0.976573
0.976573
0.976573
0.976573
0.976573
0.976573
0.976573
0.976573
0.976573
0.976572
0.976571
0.976569
0.976565
0.976558
0.976545
0.976522
0.976484
0.976424
0.976334
0.978508
0.978591
0.978648
0.978685
0.978707
0.97872
0.978727
0.978731
0.978733
0.978734
0.978735
0.978735
0.978735
0.978736
0.978736
0.978736
0.978736
0.978736
0.978736
0.978736
0.978736
0.978736
0.978736
0.978736
0.978736
0.978736
0.978736
0.978736
0.978736
0.978736
0.978736
0.978736
0.978736
0.978736
0.978736
0.978736
0.978736
0.978736
0.978736
0.978736
0.978736
0.978736
0.978736
0.978736
0.978736
0.978736
0.978736
0.978735
0.978735
0.978735
0.978734
0.978733
0.978731
0.978727
0.97872
0.978707
0.978685
0.978648
0.978591
0.978508
0.980506
0.980584
0.980638
0.980673
0.980694
0.980707
0.980714
0.980718
0.980721
0.980722
0.980722
0.980723
0.980723
0.980723
0.980723
0.980723
0.980723
0.980723
0.980723
0.980723
0.980723
0.980723
0.980723
0.980723
0.980723
0.980723
0.980723
0.980723
0.980723
0.980723
0.980723
0.980723
0.980723
0.980723
0.980723
0.980723
0.980723
0.980723
0.980723
0.980723
0.980723
0.980723
0.980723
0.980723
0.980723
0.980723
0.980723
0.980723
0.980723
0.980722
0.980722
0.980721
0.980718
0.980714
0.980707
0.980694
0.980673
0.980638
0.980584
0.980506
0.982341
0.982414
0.982465
0.982498
0.982519
0.982531
0.982538
0.982542
0.982545
0.982546
0.982546
0.982547
0.982547
0.982547
0.982547
0.982547
0.982547
0.982547
0.982547
0.982547
0.982547
0.982547
0.982547
0.982547
0.982547
0.982547
0.982547
0.982547
0.982547
0.982547
0.982547
0.982547
0.982547
0.982547
0.982547
0.982547
0.982547
0.982547
0.982547
0.982547
0.982547
0.982547
0.982547
0.982547
0.982547
0.982547
0.982547
0.982547
0.982547
0.982546
0.982546
0.982545
0.982542
0.982538
0.982531
0.982519
0.982498
0.982465
0.982414
0.982341
0.984024
0.984092
0.984139
0.984171
0.984191
0.984203
0.984211
0.984215
0.984217
0.984218
0.984219
0.984219
0.984219
0.984219
0.984219
0.984219
0.984219
0.984219
0.984219
0.984219
0.984219
0.984219
0.984219
0.984219
0.984219
0.984219
0.984219
0.984219
0.984219
0.984219
0.984219
0.984219
0.984219
0.984219
0.984219
0.984219
0.984219
0.984219
0.984219
0.984219
0.984219
0.984219
0.984219
0.984219
0.984219
0.984219
0.984219
0.984219
0.984219
0.984219
0.984218
0.984217
0.984215
0.984211
0.984203
0.984191
0.984171
0.984139
0.984092
0.984024
0.985565
0.985628
0.985673
0.985703
0.985723
0.985735
0.985742
0.985746
0.985748
0.985749
0.98575
0.98575
0.985751
0.985751
0.985751
0.985751
0.985751
0.985751
0.985751
0.985751
0.985751
0.985751
0.985751
0.985751
0.985751
0.985751
0.985751
0.985751
0.985751
0.985751
0.985751
0.985751
0.985751
0.985751
0.985751
0.985751
0.985751
0.985751
0.985751
0.985751
0.985751
0.985751
0.985751
0.985751
0.985751
0.985751
0.985751
0.985751
0.98575
0.98575
0.985749
0.985748
0.985746
0.985742
0.985735
0.985723
0.985703
0.985673
0.985628
0.985565
0.986975
0.987034
0.987076
0.987105
0.987123
0.987135
0.987142
0.987146
0.987148
0.987149
0.98715
0.98715
0.987151
0.987151
0.987151
0.987151
0.987151
0.987151
0.987151
0.987151
0.987151
0.987151
0.987151
0.987151
0.987151
0.987151
0.987151
0.987151
0.987151
0.987151
0.987151
0.987151
0.987151
0.987151
0.987151
0.987151
0.987151
0.987151
0.987151
0.987151
0.987151
0.987151
0.987151
0.987151
0.987151
0.987151
0.987151
0.987151
0.98715
0.98715
0.987149
0.987148
0.987146
0.987142
0.987135
0.987123
0.987105
0.987076
0.987034
0.986975
0.988264
0.988318
0.988357
0.988384
0.988402
0.988413
0.98842
0.988424
0.988426
0.988428
0.988428
0.988429
0.988429
0.988429
0.988429
0.988429
0.988429
0.988429
0.988429
0.988429
0.988429
0.988429
0.988429
0.988429
0.988429
0.988429
0.988429
0.988429
0.988429
0.988429
0.988429
0.988429
0.988429
0.988429
0.988429
0.988429
0.988429
0.988429
0.988429
0.988429
0.988429
0.988429
0.988429
0.988429
0.988429
0.988429
0.988429
0.988429
0.988429
0.988428
0.988428
0.988426
0.988424
0.98842
0.988413
0.988402
0.988384
0.988357
0.988318
0.988264
0.989439
0.989489
0.989526
0.989551
0.989568
0.989579
0.989586
0.98959
0.989592
0.989593
0.989594
0.989595
0.989595
0.989595
0.989595
0.989595
0.989595
0.989595
0.989595
0.989595
0.989595
0.989595
0.989595
0.989595
0.989595
0.989595
0.989595
0.989595
0.989595
0.989595
0.989595
0.989595
0.989595
0.989595
0.989595
0.989595
0.989595
0.989595
0.989595
0.989595
0.989595
0.989595
0.989595
0.989595
0.989595
0.989595
0.989595
0.989595
0.989595
0.989594
0.989593
0.989592
0.98959
0.989586
0.989579
0.989568
0.989551
0.989526
0.989489
0.989439
0.99051
0.990556
0.99059
0.990614
0.99063
0.990641
0.990647
0.990651
0.990654
0.990655
0.990656
0.990656
0.990657
0.990657
0.990657
0.990657
0.990657
0.990657
0.990657
0.990657
0.990657
0.990657
0.990657
0.990657
0.990657
0.990657
0.990657
0.990657
0.990657
0.990657
0.990657
0.990657
0.990657
0.990657
0.990657
0.990657
0.990657
0.990657
0.990657
0.990657
0.990657
0.990657
0.990657
0.990657
0.990657
0.990657
0.990657
0.990657
0.990656
0.990656
0.990655
0.990654
0.990651
0.990647
0.990641
0.99063
0.990614
0.99059
0.990556
0.99051
0.991484
0.991527
0.991559
0.991581
0.991596
0.991606
0.991613
0.991617
0.991619
0.991621
0.991621
0.991622
0.991622
0.991622
0.991622
0.991622
0.991622
0.991622
0.991622
0.991622
0.991622
0.991622
0.991622
0.991622
0.991622
0.991622
0.991622
0.991622
0.991622
0.991622
0.991622
0.991622
0.991622
0.991622
0.991622
0.991622
0.991622
0.991622
0.991622
0.991622
0.991622
0.991622
0.991622
0.991622
0.991622
0.991622
0.991622
0.991622
0.991622
0.991621
0.991621
0.991619
0.991617
0.991613
0.991606
0.991596
0.991581
0.991559
0.991527
0.991484
0.99237
0.992409
0.992438
0.992459
0.992474
0.992483
0.99249
0.992493
0.992496
0.992497
0.992498
0.992499
0.992499
0.992499
0.992499
0.992499
0.992499
0.992499
0.992499
0.992499
0.992499
0.992499
0.992499
0.992499
0.992499
0.992499
0.992499
0.992499
0.992499
0.992499
0.992499
0.992499
0.992499
0.992499
0.992499
0.992499
0.992499
0.992499
0.992499
0.992499
0.992499
0.992499
0.992499
0.992499
0.992499
0.992499
0.992499
0.992499
0.992499
0.992498
0.992497
0.992496
0.992493
0.99249
0.992483
0.992474
0.992459
0.992438
0.992409
0.99237
0.993173
0.993209
0.993236
0.993256
0.99327
0.993279
0.993285
0.993289
0.993291
0.993292
0.993293
0.993294
0.993294
0.993294
0.993294
0.993294
0.993294
0.993294
0.993294
0.993294
0.993294
0.993294
0.993294
0.993294
0.993294
0.993294
0.993294
0.993294
0.993294
0.993294
0.993294
0.993294
0.993294
0.993294
0.993294
0.993294
0.993294
0.993294
0.993294
0.993294
0.993294
0.993294
0.993294
0.993294
0.993294
0.993294
0.993294
0.993294
0.993294
0.993293
0.993292
0.993291
0.993289
0.993285
0.993279
0.99327
0.993256
0.993236
0.993209
0.993173
0.993901
0.993934
0.993959
0.993977
0.99399
0.993999
0.994005
0.994008
0.994011
0.994012
0.994013
0.994014
0.994014
0.994014
0.994014
0.994014
0.994014
0.994014
0.994014
0.994014
0.994014
0.994014
0.994014
0.994014
0.994014
0.994014
0.994014
0.994014
0.994014
0.994014
0.994014
0.994014
0.994014
0.994014
0.994014
0.994014
0.994014
0.994014
0.994014
0.994014
0.994014
0.994014
0.994014
0.994014
0.994014
0.994014
0.994014
0.994014
0.994014
0.994013
0.994012
0.994011
0.994008
0.994005
0.993999
0.99399
0.993977
0.993959
0.993934
0.993901
0.994559
0.99459
0.994613
0.99463
0.994642
0.99465
0.994656
0.994659
0.994662
0.994663
0.994664
0.994665
0.994665
0.994665
0.994665
0.994665
0.994665
0.994665
0.994665
0.994665
0.994665
0.994665
0.994665
0.994665
0.994665
0.994665
0.994665
0.994665
0.994665
0.994665
0.994665
0.994665
0.994665
0.994665
0.994665
0.994665
0.994665
0.994665
0.994665
0.994665
0.994665
0.994665
0.994665
0.994665
0.994665
0.994665
0.994665
0.994665
0.994665
0.994664
0.994663
0.994662
0.994659
0.994656
0.99465
0.994642
0.99463
0.994613
0.99459
0.994559
0.995154
0.995182
0.995203
0.995219
0.995231
0.995238
0.995244
0.995247
0.995249
0.995251
0.995252
0.995252
0.995253
0.995253
0.995253
0.995253
0.995253
0.995253
0.995253
0.995253
0.995253
0.995253
0.995253
0.995253
0.995253
0.995253
0.995253
0.995253
0.995253
0.995253
0.995253
0.995253
0.995253
0.995253
0.995253
0.995253
0.995253
0.995253
0.995253
0.995253
0.995253
0.995253
0.995253
0.995253
0.995253
0.995253
0.995253
0.995253
0.995252
0.995252
0.995251
0.995249
0.995247
0.995244
0.995238
0.995231
0.995219
0.995203
0.995182
0.995154
0.995691
0.995716
0.995736
0.995751
0.995761
0.995769
0.995774
0.995777
0.995779
0.995781
0.995781
0.995782
0.995782
0.995782
0.995783
0.995783
0.995783
0.995783
0.995783
0.995783
0.995783
0.995783
0.995783
0.995783
0.995783
0.995783
0.995783
0.995783
0.995783
0.995783
0.995783
0.995783
0.995783
0.995783
0.995783
0.995783
0.995783
0.995783
0.995783
0.995783
0.995783
0.995783
0.995783
0.995783
0.995783
0.995783
0.995782
0.995782
0.995782
0.995781
0.995781
0.995779
0.995777
0.995774
0.995769
0.995761
0.995751
0.995736
0.995716
0.995691
0.996175
0.996197
0.996215
0.996229
0.996239
0.996246
0.996251
0.996254
0.996256
0.996257
0.996258
0.996259
0.996259
0.996259
0.996259
0.99626
0.99626
0.99626
0.99626
0.99626
0.99626
0.996259
0.996259
0.996259
0.996259
0.996259
0.996259
0.996259
0.996259
0.996259
0.996259
0.996259
0.996259
0.996259
0.996259
0.996259
0.996259
0.996259
0.996259
0.99626
0.99626
0.99626
0.99626
0.99626
0.99626
0.996259
0.996259
0.996259
0.996259
0.996258
0.996257
0.996256
0.996254
0.996251
0.996246
0.996239
0.996229
0.996215
0.996197
0.996175
0.996609
0.99663
0.996647
0.996659
0.996668
0.996675
0.996679
0.996683
0.996685
0.996686
0.996687
0.996687
0.996688
0.996688
0.996688
0.996688
0.996688
0.996688
0.996688
0.996688
0.996688
0.996688
0.996688
0.996688
0.996688
0.996688
0.996688
0.996688
0.996688
0.996688
0.996688
0.996688
0.996688
0.996688
0.996688
0.996688
0.996688
0.996688
0.996688
0.996688
0.996688
0.996688
0.996688
0.996688
0.996688
0.996688
0.996688
0.996688
0.996687
0.996687
0.996686
0.996685
0.996683
0.996679
0.996675
0.996668
0.996659
0.996647
0.99663
0.996609
0.997
0.997019
0.997034
0.997045
0.997054
0.99706
0.997064
0.997067
0.997069
0.99707
0.997071
0.997072
0.997072
0.997072
0.997072
0.997073
0.997073
0.997073
0.997073
0.997073
0.997073
0.997072
0.997072
0.997072
0.997072
0.997072
0.997072
0.997072
0.997072
0.997072
0.997072
0.997072
0.997072
0.997072
0.997072
0.997072
0.997072
0.997072
0.997072
0.997073
0.997073
0.997073
0.997073
0.997073
0.997073
0.997072
0.997072
0.997072
0.997072
0.997071
0.99707
0.997069
0.997067
0.997064
0.99706
0.997054
0.997045
0.997034
0.997019
0.997
0.99735
0.997367
0.997381
0.997391
0.997399
0.997405
0.997409
0.997412
0.997414
0.997415
0.997416
0.997416
0.997417
0.997417
0.997417
0.997417
0.997417
0.997417
0.997417
0.997417
0.997417
0.997417
0.997417
0.997417
0.997417
0.997417
0.997417
0.997417
0.997417
0.997417
0.997417
0.997417
0.997417
0.997417
0.997417
0.997417
0.997417
0.997417
0.997417
0.997417
0.997417
0.997417
0.997417
0.997417
0.997417
0.997417
0.997417
0.997417
0.997416
0.997416
0.997415
0.997414
0.997412
0.997409
0.997405
0.997399
0.997391
0.997381
0.997367
0.99735
0.997663
0.997679
0.997691
0.997701
0.997708
0.997713
0.997717
0.99772
0.997722
0.997723
0.997724
0.997724
0.997724
0.997725
0.997725
0.997725
0.997725
0.997725
0.997725
0.997725
0.997725
0.997725
0.997725
0.997725
0.997725
0.997725
0.997725
0.997725
0.997725
0.997725
0.997725
0.997725
0.997725
0.997725
0.997725
0.997725
0.997725
0.997725
0.997725
0.997725
0.997725
0.997725
0.997725
0.997725
0.997725
0.997725
0.997725
0.997724
0.997724
0.997724
0.997723
0.997722
0.99772
0.997717
0.997713
0.997708
0.997701
0.997691
0.997679
0.997663
0.997943
0.997957
0.997968
0.997977
0.997984
0.997989
0.997992
0.997995
0.997997
0.997998
0.997999
0.997999
0.997999
0.998
0.998
0.998
0.998
0.998
0.998
0.998
0.998
0.998
0.998
0.998
0.998
0.998
0.998
0.998
0.998
0.998
0.998
0.998
0.998
0.998
0.998
0.998
0.998
0.998
0.998
0.998
0.998
0.998
0.998
0.998
0.998
0.998
0.998
0.997999
0.997999
0.997999
0.997998
0.997997
0.997995
0.997992
0.997989
0.997984
0.997977
0.997968
0.997957
0.997943
0.998193
0.998205
0.998215
0.998223
0.99823
0.998234
0.998238
0.99824
0.998242
0.998243
0.998244
0.998244
0.998244
0.998245
0.998245
0.998245
0.998245
0.998245
0.998245
0.998245
0.998245
0.998245
0.998245
0.998245
0.998245
0.998245
0.998245
0.998245
0.998245
0.998245
0.998245
0.998245
0.998245
0.998245
0.998245
0.998245
0.998245
0.998245
0.998245
0.998245
0.998245
0.998245
0.998245
0.998245
0.998245
0.998245
0.998245
0.998244
0.998244
0.998244
0.998243
0.998242
0.99824
0.998238
0.998234
0.99823
0.998223
0.998215
0.998205
0.998193
0.998415
0.998426
0.998436
0.998443
0.998448
0.998453
0.998456
0.998458
0.99846
0.998461
0.998462
0.998462
0.998462
0.998463
0.998463
0.998463
0.998463
0.998463
0.998463
0.998463
0.998463
0.998463
0.998463
0.998463
0.998463
0.998463
0.998463
0.998463
0.998463
0.998463
0.998463
0.998463
0.998463
0.998463
0.998463
0.998463
0.998463
0.998463
0.998463
0.998463
0.998463
0.998463
0.998463
0.998463
0.998463
0.998463
0.998463
0.998462
0.998462
0.998462
0.998461
0.99846
0.998458
0.998456
0.998453
0.998448
0.998443
0.998436
0.998426
0.998415
0.998613
0.998623
0.998631
0.998638
0.998643
0.998647
0.99865
0.998652
0.998653
0.998654
0.998655
0.998656
0.998656
0.998656
0.998656
0.998656
0.998656
0.998656
0.998656
0.998656
0.998656
0.998656
0.998656
0.998656
0.998656
0.998656
0.998656
0.998656
0.998656
0.998656
0.998656
0.998656
0.998656
0.998656
0.998656
0.998656
0.998656
0.998656
0.998656
0.998656
0.998656
0.998656
0.998656
0.998656
0.998656
0.998656
0.998656
0.998656
0.998656
0.998655
0.998654
0.998653
0.998652
0.99865
0.998647
0.998643
0.998638
0.998631
0.998623
0.998613
0.998788
0.998797
0.998805
0.998811
0.998815
0.998819
0.998822
0.998823
0.998825
0.998826
0.998827
0.998827
0.998827
0.998828
0.998828
0.998828
0.998828
0.998828
0.998828
0.998828
0.998828
0.998828
0.998828
0.998828
0.998828
0.998828
0.998828
0.998828
0.998828
0.998828
0.998828
0.998828
0.998828
0.998828
0.998828
0.998828
0.998828
0.998828
0.998828
0.998828
0.998828
0.998828
0.998828
0.998828
0.998828
0.998828
0.998828
0.998827
0.998827
0.998827
0.998826
0.998825
0.998823
0.998822
0.998819
0.998815
0.998811
0.998805
0.998797
0.998788
0.998944
0.998952
0.998958
0.998964
0.998968
0.998971
0.998974
0.998975
0.998977
0.998978
0.998978
0.998979
0.998979
0.998979
0.998979
0.998979
0.998979
0.998979
0.998979
0.998979
0.998979
0.998979
0.998979
0.998979
0.998979
0.998979
0.998979
0.998979
0.998979
0.998979
0.998979
0.998979
0.998979
0.998979
0.998979
0.998979
0.998979
0.998979
0.998979
0.998979
0.998979
0.998979
0.998979
0.998979
0.998979
0.998979
0.998979
0.998979
0.998979
0.998978
0.998978
0.998977
0.998975
0.998974
0.998971
0.998968
0.998964
0.998958
0.998952
0.998944
0.999081
0.999088
0.999094
0.999099
0.999103
0.999106
0.999108
0.99911
0.999111
0.999112
0.999112
0.999113
0.999113
0.999113
0.999113
0.999113
0.999113
0.999113
0.999113
0.999113
0.999113
0.999113
0.999113
0.999113
0.999113
0.999113
0.999113
0.999113
0.999113
0.999113
0.999113
0.999113
0.999113
0.999113
0.999113
0.999113
0.999113
0.999113
0.999113
0.999113
0.999113
0.999113
0.999113
0.999113
0.999113
0.999113
0.999113
0.999113
0.999113
0.999112
0.999112
0.999111
0.99911
0.999108
0.999106
0.999103
0.999099
0.999094
0.999088
0.999081
0.999202
0.999209
0.999214
0.999218
0.999221
0.999224
0.999226
0.999228
0.999229
0.99923
0.99923
0.999231
0.999231
0.999231
0.999231
0.999231
0.999231
0.999231
0.999231
0.999231
0.999231
0.999231
0.999231
0.999231
0.999231
0.999231
0.999231
0.999231
0.999231
0.999231
0.999231
0.999231
0.999231
0.999231
0.999231
0.999231
0.999231
0.999231
0.999231
0.999231
0.999231
0.999231
0.999231
0.999231
0.999231
0.999231
0.999231
0.999231
0.999231
0.99923
0.99923
0.999229
0.999228
0.999226
0.999224
0.999221
0.999218
0.999214
0.999209
0.999202
0.999309
0.999315
0.999319
0.999323
0.999326
0.999328
0.99933
0.999332
0.999333
0.999334
0.999334
0.999335
0.999335
0.999335
0.999335
0.999335
0.999335
0.999335
0.999335
0.999335
0.999335
0.999335
0.999335
0.999335
0.999335
0.999335
0.999335
0.999335
0.999335
0.999335
0.999335
0.999335
0.999335
0.999335
0.999335
0.999335
0.999335
0.999335
0.999335
0.999335
0.999335
0.999335
0.999335
0.999335
0.999335
0.999335
0.999335
0.999335
0.999335
0.999334
0.999334
0.999333
0.999332
0.99933
0.999328
0.999326
0.999323
0.999319
0.999315
0.999309
0.999403
0.999408
0.999412
0.999415
0.999418
0.99942
0.999422
0.999423
0.999424
0.999425
0.999425
0.999426
0.999426
0.999426
0.999426
0.999426
0.999426
0.999426
0.999426
0.999426
0.999426
0.999426
0.999426
0.999426
0.999426
0.999426
0.999426
0.999426
0.999426
0.999426
0.999426
0.999426
0.999426
0.999426
0.999426
0.999426
0.999426
0.999426
0.999426
0.999426
0.999426
0.999426
0.999426
0.999426
0.999426
0.999426
0.999426
0.999426
0.999426
0.999425
0.999425
0.999424
0.999423
0.999422
0.99942
0.999418
0.999415
0.999412
0.999408
0.999403
0.999485
0.999489
0.999493
0.999496
0.999498
0.9995
0.999502
0.999503
0.999504
0.999505
0.999505
0.999505
0.999506
0.999506
0.999506
0.999506
0.999506
0.999506
0.999506
0.999506
0.999506
0.999506
0.999506
0.999506
0.999506
0.999506
0.999506
0.999506
0.999506
0.999506
0.999506
0.999506
0.999506
0.999506
0.999506
0.999506
0.999506
0.999506
0.999506
0.999506
0.999506
0.999506
0.999506
0.999506
0.999506
0.999506
0.999506
0.999506
0.999505
0.999505
0.999505
0.999504
0.999503
0.999502
0.9995
0.999498
0.999496
0.999493
0.999489
0.999485
0.999557
0.999561
0.999564
0.999567
0.999569
0.999571
0.999572
0.999573
0.999574
0.999574
0.999575
0.999575
0.999575
0.999576
0.999576
0.999576
0.999576
0.999576
0.999576
0.999576
0.999576
0.999576
0.999576
0.999576
0.999576
0.999576
0.999576
0.999576
0.999576
0.999576
0.999576
0.999576
0.999576
0.999576
0.999576
0.999576
0.999576
0.999576
0.999576
0.999576
0.999576
0.999576
0.999576
0.999576
0.999576
0.999576
0.999576
0.999575
0.999575
0.999575
0.999574
0.999574
0.999573
0.999572
0.999571
0.999569
0.999567
0.999564
0.999561
0.999557
0.99962
0.999623
0.999626
0.999628
0.99963
0.999632
0.999633
0.999634
0.999635
0.999635
0.999636
0.999636
0.999636
0.999636
0.999636
0.999636
0.999636
0.999636
0.999636
0.999636
0.999636
0.999636
0.999636
0.999636
0.999636
0.999636
0.999636
0.999636
0.999636
0.999636
0.999636
0.999636
0.999636
0.999636
0.999636
0.999636
0.999636
0.999636
0.999636
0.999636
0.999636
0.999636
0.999636
0.999636
0.999636
0.999636
0.999636
0.999636
0.999636
0.999636
0.999635
0.999635
0.999634
0.999633
0.999632
0.99963
0.999628
0.999626
0.999623
0.99962
0.999675
0.999677
0.99968
0.999682
0.999684
0.999685
0.999686
0.999687
0.999688
0.999688
0.999689
0.999689
0.999689
0.999689
0.999689
0.999689
0.999689
0.999689
0.999689
0.999689
0.999689
0.999689
0.999689
0.999689
0.999689
0.999689
0.999689
0.999689
0.999689
0.999689
0.999689
0.999689
0.999689
0.999689
0.999689
0.999689
0.999689
0.999689
0.999689
0.999689
0.999689
0.999689
0.999689
0.999689
0.999689
0.999689
0.999689
0.999689
0.999689
0.999689
0.999688
0.999688
0.999687
0.999686
0.999685
0.999684
0.999682
0.99968
0.999677
0.999675
0.999722
0.999725
0.999727
0.999729
0.99973
0.999731
0.999732
0.999733
0.999734
0.999734
0.999735
0.999735
0.999735
0.999735
0.999735
0.999735
0.999735
0.999735
0.999735
0.999735
0.999735
0.999735
0.999735
0.999735
0.999735
0.999735
0.999735
0.999735
0.999735
0.999735
0.999735
0.999735
0.999735
0.999735
0.999735
0.999735
0.999735
0.999735
0.999735
0.999735
0.999735
0.999735
0.999735
0.999735
0.999735
0.999735
0.999735
0.999735
0.999735
0.999735
0.999734
0.999734
0.999733
0.999732
0.999731
0.99973
0.999729
0.999727
0.999725
0.999722
0.999764
0.999766
0.999768
0.999769
0.999771
0.999772
0.999772
0.999773
0.999774
0.999774
0.999774
0.999775
0.999775
0.999775
0.999775
0.999775
0.999775
0.999775
0.999775
0.999775
0.999775
0.999775
0.999775
0.999775
0.999775
0.999775
0.999775
0.999775
0.999775
0.999775
0.999775
0.999775
0.999775
0.999775
0.999775
0.999775
0.999775
0.999775
0.999775
0.999775
0.999775
0.999775
0.999775
0.999775
0.999775
0.999775
0.999775
0.999775
0.999775
0.999774
0.999774
0.999774
0.999773
0.999772
0.999772
0.999771
0.999769
0.999768
0.999766
0.999764
0.999799
0.999801
0.999803
0.999804
0.999805
0.999806
0.999807
0.999808
0.999808
0.999809
0.999809
0.999809
0.999809
0.999809
0.999809
0.999809
0.999809
0.999809
0.999809
0.999809
0.999809
0.999809
0.999809
0.999809
0.999809
0.999809
0.999809
0.999809
0.999809
0.999809
0.999809
0.999809
0.999809
0.999809
0.999809
0.999809
0.999809
0.999809
0.999809
0.999809
0.999809
0.999809
0.999809
0.999809
0.999809
0.999809
0.999809
0.999809
0.999809
0.999809
0.999809
0.999808
0.999808
0.999807
0.999806
0.999805
0.999804
0.999803
0.999801
0.999799
0.999831
0.999832
0.999834
0.999835
0.999836
0.999836
0.999837
0.999838
0.999838
0.999838
0.999839
0.999839
0.999839
0.999839
0.999839
0.999839
0.999839
0.999839
0.999839
0.999839
0.999839
0.999839
0.999839
0.999839
0.999839
0.999839
0.999839
0.999839
0.999839
0.999839
0.999839
0.999839
0.999839
0.999839
0.999839
0.999839
0.999839
0.999839
0.999839
0.999839
0.999839
0.999839
0.999839
0.999839
0.999839
0.999839
0.999839
0.999839
0.999839
0.999839
0.999838
0.999838
0.999838
0.999837
0.999836
0.999836
0.999835
0.999834
0.999832
0.999831
0.999857
0.999859
0.99986
0.999861
0.999862
0.999862
0.999863
0.999864
0.999864
0.999864
0.999864
0.999865
0.999865
0.999865
0.999865
0.999865
0.999865
0.999865
0.999865
0.999865
0.999865
0.999865
0.999865
0.999865
0.999865
0.999865
0.999865
0.999865
0.999865
0.999865
0.999865
0.999865
0.999865
0.999865
0.999865
0.999865
0.999865
0.999865
0.999865
0.999865
0.999865
0.999865
0.999865
0.999865
0.999865
0.999865
0.999865
0.999865
0.999865
0.999864
0.999864
0.999864
0.999864
0.999863
0.999862
0.999862
0.999861
0.99986
0.999859
0.999857
0.999881
0.999882
0.999883
0.999884
0.999884
0.999885
0.999885
0.999886
0.999886
0.999886
0.999887
0.999887
0.999887
0.999887
0.999887
0.999887
0.999887
0.999887
0.999887
0.999887
0.999887
0.999887
0.999887
0.999887
0.999887
0.999887
0.999887
0.999887
0.999887
0.999887
0.999887
0.999887
0.999887
0.999887
0.999887
0.999887
0.999887
0.999887
0.999887
0.999887
0.999887
0.999887
0.999887
0.999887
0.999887
0.999887
0.999887
0.999887
0.999887
0.999887
0.999886
0.999886
0.999886
0.999885
0.999885
0.999884
0.999884
0.999883
0.999882
0.999881
0.999901
0.999902
0.999902
0.999903
0.999904
0.999904
0.999905
0.999905
0.999905
0.999906
0.999906
0.999906
0.999906
0.999906
0.999906
0.999906
0.999906
0.999906
0.999906
0.999906
0.999906
0.999906
0.999906
0.999906
0.999906
0.999906
0.999906
0.999906
0.999906
0.999906
0.999906
0.999906
0.999906
0.999906
0.999906
0.999906
0.999906
0.999906
0.999906
0.999906
0.999906
0.999906
0.999906
0.999906
0.999906
0.999906
0.999906
0.999906
0.999906
0.999906
0.999906
0.999905
0.999905
0.999905
0.999904
0.999904
0.999903
0.999902
0.999902
0.999901
0.999918
0.999919
0.999919
0.99992
0.999921
0.999921
0.999921
0.999922
0.999922
0.999922
0.999922
0.999922
0.999922
0.999923
0.999923
0.999923
0.999923
0.999923
0.999923
0.999923
0.999923
0.999923
0.999923
0.999923
0.999923
0.999923
0.999923
0.999923
0.999923
0.999923
0.999923
0.999923
0.999923
0.999923
0.999923
0.999923
0.999923
0.999923
0.999923
0.999923
0.999923
0.999923
0.999923
0.999923
0.999923
0.999923
0.999923
0.999922
0.999922
0.999922
0.999922
0.999922
0.999922
0.999921
0.999921
0.999921
0.99992
0.999919
0.999919
0.999918
0.999933
0.999934
0.999934
0.999935
0.999935
0.999936
0.999936
0.999936
0.999936
0.999937
0.999937
0.999937
0.999937
0.999937
0.999937
0.999937
0.999937
0.999937
0.999937
0.999937
0.999937
0.999937
0.999937
0.999937
0.999937
0.999937
0.999937
0.999937
0.999937
0.999937
0.999937
0.999937
0.999937
0.999937
0.999937
0.999937
0.999937
0.999937
0.999937
0.999937
0.999937
0.999937
0.999937
0.999937
0.999937
0.999937
0.999937
0.999937
0.999937
0.999937
0.999937
0.999936
0.999936
0.999936
0.999936
0.999935
0.999935
0.999934
0.999934
0.999933
0.999946
0.999947
0.999947
0.999948
0.999948
0.999948
0.999949
0.999949
0.999949
0.999949
0.999949
0.999949
0.999949
0.999949
0.999949
0.999949
0.999949
0.999949
0.999949
0.999949
0.999949
0.999949
0.999949
0.999949
0.999949
0.999949
0.999949
0.999949
0.999949
0.999949
0.999949
0.999949
0.999949
0.999949
0.999949
0.999949
0.999949
0.999949
0.999949
0.999949
0.999949
0.999949
0.999949
0.999949
0.999949
0.999949
0.999949
0.999949
0.999949
0.999949
0.999949
0.999949
0.999949
0.999949
0.999948
0.999948
0.999948
0.999947
0.999947
0.999946
0.999958
0.999958
0.999959
0.999959
0.999959
0.99996
0.99996
0.99996
0.99996
0.99996
0.99996
0.99996
0.99996
0.99996
0.99996
0.99996
0.99996
0.99996
0.99996
0.99996
0.99996
0.99996
0.99996
0.99996
0.99996
0.99996
0.99996
0.99996
0.99996
0.99996
0.99996
0.99996
0.99996
0.99996
0.99996
0.99996
0.99996
0.99996
0.99996
0.99996
0.99996
0.99996
0.99996
0.99996
0.99996
0.99996
0.99996
0.99996
0.99996
0.99996
0.99996
0.99996
0.99996
0.99996
0.99996
0.999959
0.999959
0.999959
0.999958
0.999958
0.999968
0.999969
0.999969
0.999969
0.999969
0.99997
0.99997
0.99997
0.99997
0.99997
0.99997
0.99997
0.99997
0.99997
0.99997
0.99997
0.99997
0.99997
0.99997
0.99997
0.99997
0.99997
0.99997
0.99997
0.99997
0.99997
0.99997
0.99997
0.99997
0.99997
0.99997
0.99997
0.99997
0.99997
0.99997
0.99997
0.99997
0.99997
0.99997
0.99997
0.99997
0.99997
0.99997
0.99997
0.99997
0.99997
0.99997
0.99997
0.99997
0.99997
0.99997
0.99997
0.99997
0.99997
0.99997
0.999969
0.999969
0.999969
0.999969
0.999968
0.999978
0.999978
0.999978
0.999979
0.999979
0.999979
0.999979
0.999979
0.999979
0.999979
0.999979
0.999979
0.999979
0.999979
0.999979
0.999979
0.999979
0.999979
0.999979
0.999979
0.999979
0.999979
0.999979
0.999979
0.999979
0.999979
0.999979
0.999979
0.999979
0.999979
0.999979
0.999979
0.999979
0.999979
0.999979
0.999979
0.999979
0.999979
0.999979
0.999979
0.999979
0.999979
0.999979
0.999979
0.999979
0.999979
0.999979
0.999979
0.999979
0.999979
0.999979
0.999979
0.999979
0.999979
0.999979
0.999979
0.999979
0.999978
0.999978
0.999978
0.999987
0.999987
0.999987
0.999987
0.999987
0.999987
0.999988
0.999988
0.999988
0.999988
0.999988
0.999988
0.999988
0.999988
0.999988
0.999988
0.999988
0.999988
0.999988
0.999988
0.999988
0.999988
0.999988
0.999988
0.999988
0.999988
0.999988
0.999988
0.999988
0.999988
0.999988
0.999988
0.999988
0.999988
0.999988
0.999988
0.999988
0.999988
0.999988
0.999988
0.999988
0.999988
0.999988
0.999988
0.999988
0.999988
0.999988
0.999988
0.999988
0.999988
0.999988
0.999988
0.999988
0.999988
0.999987
0.999987
0.999987
0.999987
0.999987
0.999987
0.999996
0.999996
0.999996
0.999996
0.999996
0.999996
0.999996
0.999996
0.999996
0.999996
0.999996
0.999996
0.999996
0.999996
0.999996
0.999996
0.999996
0.999996
0.999996
0.999996
0.999996
0.999996
0.999996
0.999996
0.999996
0.999996
0.999996
0.999996
0.999996
0.999996
0.999996
0.999996
0.999996
0.999996
0.999996
0.999996
0.999996
0.999996
0.999996
0.999996
0.999996
0.999996
0.999996
0.999996
0.999996
0.999996
0.999996
0.999996
0.999996
0.999996
0.999996
0.999996
0.999996
0.999996
0.999996
0.999996
0.999996
0.999996
0.999996
0.999996
)
;

boundaryField
{
    top
    {
        type            fixedValue;
        value           uniform 1;
    }
    bottom
    {
        type            fixedValue;
        value           uniform 1;
    }
    wall
    {
        type            zeroGradient;
    }
    frontAndBack
    {
        type            empty;
    }
}


// ************************************************************************* //
