/*--------------------------------*- C++ -*----------------------------------*\
| =========                 |                                                 |
| \\      /  F ield         | foam-extend: Open Source CFD                    |
|  \\    /   O peration     | Version:     4.0                                |
|   \\  /    A nd           | Web:         http://www.foam-extend.org         |
|    \\/     M anipulation  |                                                 |
\*---------------------------------------------------------------------------*/
FoamFile
{
    version     2.0;
    format      ascii;
    class       volScalarField;
    location    "1310";
    object      psiE;
}
// * * * * * * * * * * * * * * * * * * * * * * * * * * * * * * * * * * * * * //

dimensions      [0 0 0 0 0 0 0];

internalField   nonuniform List<scalar> 
6960
(
0.322602
0.322602
0.322602
0.322602
0.322602
0.322602
0.322602
0.322602
0.322603
0.322603
0.322603
0.322603
0.322603
0.322604
0.322604
0.322604
0.322604
0.322605
0.322605
0.322605
0.322605
0.322605
0.322605
0.322605
0.322606
0.322606
0.322606
0.322606
0.322606
0.322606
0.322606
0.322606
0.322606
0.322606
0.322606
0.322606
0.322605
0.322605
0.322605
0.322605
0.322605
0.322605
0.322605
0.322604
0.322604
0.322604
0.322604
0.322603
0.322603
0.322603
0.322603
0.322603
0.322602
0.322602
0.322602
0.322602
0.322602
0.322602
0.322602
0.322602
0.786337
0.786337
0.786337
0.786338
0.786338
0.786338
0.786339
0.786339
0.78634
0.786341
0.786341
0.786342
0.786343
0.786343
0.786344
0.786345
0.786345
0.786346
0.786347
0.786347
0.786348
0.786348
0.786349
0.786349
0.786349
0.78635
0.78635
0.78635
0.78635
0.78635
0.78635
0.78635
0.78635
0.78635
0.78635
0.786349
0.786349
0.786349
0.786348
0.786348
0.786347
0.786347
0.786346
0.786345
0.786345
0.786344
0.786343
0.786343
0.786342
0.786341
0.786341
0.78634
0.786339
0.786339
0.786338
0.786338
0.786338
0.786337
0.786337
0.786337
1.18966
1.18966
1.18966
1.18966
1.18966
1.18966
1.18966
1.18966
1.18966
1.18966
1.18967
1.18967
1.18967
1.18967
1.18967
1.18967
1.18967
1.18967
1.18967
1.18968
1.18968
1.18968
1.18968
1.18968
1.18968
1.18968
1.18968
1.18968
1.18968
1.18968
1.18968
1.18968
1.18968
1.18968
1.18968
1.18968
1.18968
1.18968
1.18968
1.18968
1.18968
1.18967
1.18967
1.18967
1.18967
1.18967
1.18967
1.18967
1.18967
1.18967
1.18966
1.18966
1.18966
1.18966
1.18966
1.18966
1.18966
1.18966
1.18966
1.18966
1.57084
1.57084
1.57084
1.57085
1.57085
1.57085
1.57085
1.57085
1.57085
1.57085
1.57086
1.57086
1.57086
1.57086
1.57086
1.57086
1.57087
1.57087
1.57087
1.57087
1.57087
1.57087
1.57087
1.57087
1.57087
1.57088
1.57088
1.57088
1.57088
1.57088
1.57088
1.57088
1.57088
1.57088
1.57088
1.57087
1.57087
1.57087
1.57087
1.57087
1.57087
1.57087
1.57087
1.57087
1.57086
1.57086
1.57086
1.57086
1.57086
1.57086
1.57085
1.57085
1.57085
1.57085
1.57085
1.57085
1.57085
1.57084
1.57084
1.57084
1.94621
1.94621
1.94621
1.94621
1.94621
1.94622
1.94622
1.94622
1.94622
1.94622
1.94623
1.94623
1.94623
1.94623
1.94623
1.94624
1.94624
1.94624
1.94624
1.94625
1.94625
1.94625
1.94625
1.94625
1.94625
1.94625
1.94625
1.94625
1.94625
1.94625
1.94625
1.94625
1.94625
1.94625
1.94625
1.94625
1.94625
1.94625
1.94625
1.94625
1.94625
1.94624
1.94624
1.94624
1.94624
1.94623
1.94623
1.94623
1.94623
1.94623
1.94622
1.94622
1.94622
1.94622
1.94622
1.94621
1.94621
1.94621
1.94621
1.94621
2.32337
2.32337
2.32337
2.32337
2.32337
2.32337
2.32338
2.32338
2.32338
2.32338
2.32339
2.32339
2.32339
2.32339
2.3234
2.3234
2.3234
2.32341
2.32341
2.32341
2.32341
2.32341
2.32342
2.32342
2.32342
2.32342
2.32342
2.32342
2.32342
2.32342
2.32342
2.32342
2.32342
2.32342
2.32342
2.32342
2.32342
2.32342
2.32341
2.32341
2.32341
2.32341
2.32341
2.3234
2.3234
2.3234
2.32339
2.32339
2.32339
2.32339
2.32338
2.32338
2.32338
2.32338
2.32337
2.32337
2.32337
2.32337
2.32337
2.32337
2.70599
2.70599
2.70599
2.706
2.706
2.706
2.706
2.70601
2.70601
2.70601
2.70602
2.70602
2.70602
2.70603
2.70603
2.70603
2.70604
2.70604
2.70604
2.70605
2.70605
2.70605
2.70605
2.70605
2.70606
2.70606
2.70606
2.70606
2.70606
2.70606
2.70606
2.70606
2.70606
2.70606
2.70606
2.70606
2.70605
2.70605
2.70605
2.70605
2.70605
2.70604
2.70604
2.70604
2.70603
2.70603
2.70603
2.70602
2.70602
2.70602
2.70601
2.70601
2.70601
2.706
2.706
2.706
2.706
2.70599
2.70599
2.70599
3.09589
3.0959
3.0959
3.0959
3.0959
3.09591
3.09591
3.09591
3.09592
3.09592
3.09592
3.09593
3.09593
3.09594
3.09594
3.09594
3.09595
3.09595
3.09595
3.09596
3.09596
3.09596
3.09597
3.09597
3.09597
3.09597
3.09597
3.09597
3.09597
3.09597
3.09597
3.09597
3.09597
3.09597
3.09597
3.09597
3.09597
3.09597
3.09596
3.09596
3.09596
3.09595
3.09595
3.09595
3.09594
3.09594
3.09594
3.09593
3.09593
3.09592
3.09592
3.09592
3.09591
3.09591
3.09591
3.0959
3.0959
3.0959
3.0959
3.09589
3.49397
3.49397
3.49398
3.49398
3.49398
3.49398
3.49399
3.49399
3.494
3.494
3.49401
3.49401
3.49402
3.49402
3.49403
3.49403
3.49403
3.49404
3.49404
3.49405
3.49405
3.49405
3.49406
3.49406
3.49406
3.49406
3.49406
3.49406
3.49406
3.49407
3.49407
3.49406
3.49406
3.49406
3.49406
3.49406
3.49406
3.49406
3.49405
3.49405
3.49405
3.49404
3.49404
3.49403
3.49403
3.49403
3.49402
3.49402
3.49401
3.49401
3.494
3.494
3.49399
3.49399
3.49398
3.49398
3.49398
3.49398
3.49397
3.49397
3.90068
3.90068
3.90068
3.90069
3.90069
3.90069
3.9007
3.9007
3.90071
3.90071
3.90072
3.90072
3.90073
3.90073
3.90074
3.90074
3.90075
3.90075
3.90076
3.90076
3.90077
3.90077
3.90077
3.90078
3.90078
3.90078
3.90078
3.90078
3.90078
3.90078
3.90078
3.90078
3.90078
3.90078
3.90078
3.90078
3.90078
3.90077
3.90077
3.90077
3.90076
3.90076
3.90075
3.90075
3.90074
3.90074
3.90073
3.90073
3.90072
3.90072
3.90071
3.90071
3.9007
3.9007
3.90069
3.90069
3.90069
3.90068
3.90068
3.90068
4.31625
4.31625
4.31625
4.31626
4.31626
4.31626
4.31627
4.31627
4.31628
4.31629
4.31629
4.3163
4.3163
4.31631
4.31632
4.31632
4.31633
4.31633
4.31634
4.31634
4.31635
4.31635
4.31635
4.31636
4.31636
4.31636
4.31636
4.31637
4.31637
4.31637
4.31637
4.31637
4.31637
4.31636
4.31636
4.31636
4.31636
4.31635
4.31635
4.31635
4.31634
4.31634
4.31633
4.31633
4.31632
4.31632
4.31631
4.3163
4.3163
4.31629
4.31629
4.31628
4.31627
4.31627
4.31626
4.31626
4.31626
4.31625
4.31625
4.31625
4.74081
4.74081
4.74081
4.74082
4.74082
4.74083
4.74083
4.74084
4.74085
4.74085
4.74086
4.74086
4.74087
4.74088
4.74089
4.74089
4.7409
4.7409
4.74091
4.74091
4.74092
4.74092
4.74093
4.74093
4.74093
4.74094
4.74094
4.74094
4.74094
4.74094
4.74094
4.74094
4.74094
4.74094
4.74094
4.74093
4.74093
4.74093
4.74092
4.74092
4.74091
4.74091
4.7409
4.7409
4.74089
4.74089
4.74088
4.74087
4.74086
4.74086
4.74085
4.74085
4.74084
4.74083
4.74083
4.74082
4.74082
4.74081
4.74081
4.74081
5.17443
5.17443
5.17444
5.17444
5.17444
5.17445
5.17446
5.17446
5.17447
5.17448
5.17448
5.17449
5.1745
5.17451
5.17451
5.17452
5.17453
5.17453
5.17454
5.17455
5.17455
5.17456
5.17456
5.17456
5.17457
5.17457
5.17457
5.17457
5.17458
5.17458
5.17458
5.17458
5.17457
5.17457
5.17457
5.17457
5.17456
5.17456
5.17456
5.17455
5.17455
5.17454
5.17453
5.17453
5.17452
5.17451
5.17451
5.1745
5.17449
5.17448
5.17448
5.17447
5.17446
5.17446
5.17445
5.17444
5.17444
5.17444
5.17443
5.17443
5.61714
5.61714
5.61715
5.61715
5.61716
5.61716
5.61717
5.61718
5.61718
5.61719
5.6172
5.61721
5.61722
5.61722
5.61723
5.61724
5.61725
5.61725
5.61726
5.61727
5.61727
5.61728
5.61728
5.61729
5.61729
5.6173
5.6173
5.6173
5.6173
5.6173
5.6173
5.6173
5.6173
5.6173
5.6173
5.61729
5.61729
5.61728
5.61728
5.61727
5.61727
5.61726
5.61725
5.61725
5.61724
5.61723
5.61722
5.61722
5.61721
5.6172
5.61719
5.61718
5.61718
5.61717
5.61716
5.61716
5.61715
5.61715
5.61714
5.61714
6.06895
6.06895
6.06895
6.06896
6.06896
6.06897
6.06898
6.06899
6.06899
6.069
6.06901
6.06902
6.06903
6.06904
6.06905
6.06906
6.06906
6.06907
6.06908
6.06909
6.06909
6.0691
6.0691
6.06911
6.06911
6.06912
6.06912
6.06912
6.06912
6.06912
6.06912
6.06912
6.06912
6.06912
6.06912
6.06911
6.06911
6.0691
6.0691
6.06909
6.06909
6.06908
6.06907
6.06906
6.06906
6.06905
6.06904
6.06903
6.06902
6.06901
6.069
6.06899
6.06899
6.06898
6.06897
6.06896
6.06896
6.06895
6.06895
6.06895
6.52983
6.52983
6.52983
6.52984
6.52985
6.52985
6.52986
6.52987
6.52988
6.52989
6.5299
6.52991
6.52992
6.52993
6.52994
6.52995
6.52995
6.52996
6.52997
6.52998
6.52999
6.52999
6.53
6.53
6.53001
6.53001
6.53001
6.53002
6.53002
6.53002
6.53002
6.53002
6.53002
6.53001
6.53001
6.53001
6.53
6.53
6.52999
6.52999
6.52998
6.52997
6.52996
6.52995
6.52995
6.52994
6.52993
6.52992
6.52991
6.5299
6.52989
6.52988
6.52987
6.52986
6.52985
6.52985
6.52984
6.52983
6.52983
6.52983
6.99974
6.99974
6.99974
6.99975
6.99976
6.99977
6.99977
6.99978
6.99979
6.9998
6.99981
6.99982
6.99983
6.99984
6.99985
6.99986
6.99987
6.99988
6.99989
6.9999
6.99991
6.99991
6.99992
6.99993
6.99993
6.99994
6.99994
6.99994
6.99994
6.99994
6.99994
6.99994
6.99994
6.99994
6.99994
6.99993
6.99993
6.99992
6.99991
6.99991
6.9999
6.99989
6.99988
6.99987
6.99986
6.99985
6.99984
6.99983
6.99982
6.99981
6.9998
6.99979
6.99978
6.99977
6.99977
6.99976
6.99975
6.99974
6.99974
6.99974
7.4786
7.47861
7.47861
7.47862
7.47862
7.47863
7.47864
7.47865
7.47866
7.47867
7.47868
7.47869
7.47871
7.47872
7.47873
7.47874
7.47875
7.47876
7.47877
7.47878
7.47879
7.47879
7.4788
7.47881
7.47881
7.47882
7.47882
7.47882
7.47882
7.47882
7.47882
7.47882
7.47882
7.47882
7.47882
7.47881
7.47881
7.4788
7.47879
7.47879
7.47878
7.47877
7.47876
7.47875
7.47874
7.47873
7.47872
7.47871
7.47869
7.47868
7.47867
7.47866
7.47865
7.47864
7.47863
7.47862
7.47862
7.47861
7.47861
7.4786
7.96632
7.96633
7.96633
7.96634
7.96635
7.96635
7.96636
7.96637
7.96638
7.9664
7.96641
7.96642
7.96643
7.96644
7.96646
7.96647
7.96648
7.96649
7.9665
7.96651
7.96652
7.96653
7.96653
7.96654
7.96655
7.96655
7.96655
7.96656
7.96656
7.96656
7.96656
7.96656
7.96656
7.96655
7.96655
7.96655
7.96654
7.96653
7.96653
7.96652
7.96651
7.9665
7.96649
7.96648
7.96647
7.96646
7.96644
7.96643
7.96642
7.96641
7.9664
7.96638
7.96637
7.96636
7.96635
7.96635
7.96634
7.96633
7.96633
7.96632
8.46276
8.46276
8.46277
8.46277
8.46278
8.46279
8.4628
8.46281
8.46282
8.46284
8.46285
8.46286
8.46288
8.46289
8.4629
8.46291
8.46293
8.46294
8.46295
8.46296
8.46297
8.46298
8.46298
8.46299
8.463
8.463
8.46301
8.46301
8.46301
8.46301
8.46301
8.46301
8.46301
8.46301
8.463
8.463
8.46299
8.46298
8.46298
8.46297
8.46296
8.46295
8.46294
8.46293
8.46291
8.4629
8.46289
8.46288
8.46286
8.46285
8.46284
8.46282
8.46281
8.4628
8.46279
8.46278
8.46277
8.46277
8.46276
8.46276
8.96774
8.96774
8.96775
8.96775
8.96776
8.96777
8.96778
8.9678
8.96781
8.96782
8.96784
8.96785
8.96786
8.96788
8.96789
8.9679
8.96792
8.96793
8.96794
8.96795
8.96796
8.96797
8.96798
8.96799
8.96799
8.968
8.968
8.968
8.96801
8.96801
8.96801
8.96801
8.968
8.968
8.968
8.96799
8.96799
8.96798
8.96797
8.96796
8.96795
8.96794
8.96793
8.96792
8.9679
8.96789
8.96788
8.96786
8.96785
8.96784
8.96782
8.96781
8.9678
8.96778
8.96777
8.96776
8.96775
8.96775
8.96774
8.96774
9.48105
9.48105
9.48106
9.48106
9.48107
9.48108
9.4811
9.48111
9.48112
9.48114
9.48115
9.48116
9.48118
9.48119
9.48121
9.48122
9.48124
9.48125
9.48126
9.48127
9.48128
9.48129
9.4813
9.48131
9.48132
9.48132
9.48133
9.48133
9.48133
9.48133
9.48133
9.48133
9.48133
9.48133
9.48132
9.48132
9.48131
9.4813
9.48129
9.48128
9.48127
9.48126
9.48125
9.48124
9.48122
9.48121
9.48119
9.48118
9.48116
9.48115
9.48114
9.48112
9.48111
9.4811
9.48108
9.48107
9.48106
9.48106
9.48105
9.48105
10.0024
10.0024
10.0024
10.0024
10.0025
10.0025
10.0025
10.0025
10.0025
10.0025
10.0025
10.0025
10.0026
10.0026
10.0026
10.0026
10.0026
10.0026
10.0027
10.0027
10.0027
10.0027
10.0027
10.0027
10.0027
10.0027
10.0027
10.0027
10.0027
10.0027
10.0027
10.0027
10.0027
10.0027
10.0027
10.0027
10.0027
10.0027
10.0027
10.0027
10.0027
10.0027
10.0026
10.0026
10.0026
10.0026
10.0026
10.0026
10.0025
10.0025
10.0025
10.0025
10.0025
10.0025
10.0025
10.0025
10.0024
10.0024
10.0024
10.0024
10.5316
10.5316
10.5316
10.5316
10.5316
10.5316
10.5316
10.5316
10.5316
10.5317
10.5317
10.5317
10.5317
10.5317
10.5317
10.5318
10.5318
10.5318
10.5318
10.5318
10.5318
10.5318
10.5318
10.5318
10.5319
10.5319
10.5319
10.5319
10.5319
10.5319
10.5319
10.5319
10.5319
10.5319
10.5319
10.5319
10.5318
10.5318
10.5318
10.5318
10.5318
10.5318
10.5318
10.5318
10.5318
10.5317
10.5317
10.5317
10.5317
10.5317
10.5317
10.5316
10.5316
10.5316
10.5316
10.5316
10.5316
10.5316
10.5316
10.5316
11.0681
11.0681
11.0681
11.0681
11.0681
11.0681
11.0681
11.0681
11.0682
11.0682
11.0682
11.0682
11.0682
11.0682
11.0683
11.0683
11.0683
11.0683
11.0683
11.0683
11.0683
11.0684
11.0684
11.0684
11.0684
11.0684
11.0684
11.0684
11.0684
11.0684
11.0684
11.0684
11.0684
11.0684
11.0684
11.0684
11.0684
11.0684
11.0684
11.0683
11.0683
11.0683
11.0683
11.0683
11.0683
11.0683
11.0682
11.0682
11.0682
11.0682
11.0682
11.0682
11.0681
11.0681
11.0681
11.0681
11.0681
11.0681
11.0681
11.0681
11.6115
11.6115
11.6115
11.6115
11.6116
11.6116
11.6116
11.6116
11.6116
11.6116
11.6117
11.6117
11.6117
11.6117
11.6117
11.6117
11.6118
11.6118
11.6118
11.6118
11.6118
11.6118
11.6118
11.6119
11.6119
11.6119
11.6119
11.6119
11.6119
11.6119
11.6119
11.6119
11.6119
11.6119
11.6119
11.6119
11.6119
11.6118
11.6118
11.6118
11.6118
11.6118
11.6118
11.6118
11.6117
11.6117
11.6117
11.6117
11.6117
11.6117
11.6116
11.6116
11.6116
11.6116
11.6116
11.6116
11.6115
11.6115
11.6115
11.6115
12.1614
12.1614
12.1614
12.1614
12.1615
12.1615
12.1615
12.1615
12.1615
12.1615
12.1616
12.1616
12.1616
12.1616
12.1616
12.1617
12.1617
12.1617
12.1617
12.1617
12.1617
12.1617
12.1618
12.1618
12.1618
12.1618
12.1618
12.1618
12.1618
12.1618
12.1618
12.1618
12.1618
12.1618
12.1618
12.1618
12.1618
12.1618
12.1617
12.1617
12.1617
12.1617
12.1617
12.1617
12.1617
12.1616
12.1616
12.1616
12.1616
12.1616
12.1615
12.1615
12.1615
12.1615
12.1615
12.1615
12.1614
12.1614
12.1614
12.1614
12.7172
12.7172
12.7172
12.7172
12.7172
12.7172
12.7172
12.7172
12.7173
12.7173
12.7173
12.7173
12.7173
12.7174
12.7174
12.7174
12.7174
12.7174
12.7175
12.7175
12.7175
12.7175
12.7175
12.7175
12.7175
12.7175
12.7175
12.7176
12.7176
12.7176
12.7176
12.7176
12.7176
12.7175
12.7175
12.7175
12.7175
12.7175
12.7175
12.7175
12.7175
12.7175
12.7174
12.7174
12.7174
12.7174
12.7174
12.7173
12.7173
12.7173
12.7173
12.7173
12.7172
12.7172
12.7172
12.7172
12.7172
12.7172
12.7172
12.7172
13.278
13.2781
13.2781
13.2781
13.2781
13.2781
13.2781
13.2781
13.2782
13.2782
13.2782
13.2782
13.2782
13.2783
13.2783
13.2783
13.2783
13.2783
13.2784
13.2784
13.2784
13.2784
13.2784
13.2784
13.2784
13.2785
13.2785
13.2785
13.2785
13.2785
13.2785
13.2785
13.2785
13.2785
13.2785
13.2784
13.2784
13.2784
13.2784
13.2784
13.2784
13.2784
13.2783
13.2783
13.2783
13.2783
13.2783
13.2782
13.2782
13.2782
13.2782
13.2782
13.2781
13.2781
13.2781
13.2781
13.2781
13.2781
13.2781
13.278
13.8433
13.8433
13.8433
13.8433
13.8433
13.8434
13.8434
13.8434
13.8434
13.8434
13.8435
13.8435
13.8435
13.8435
13.8435
13.8436
13.8436
13.8436
13.8436
13.8436
13.8437
13.8437
13.8437
13.8437
13.8437
13.8437
13.8437
13.8437
13.8437
13.8437
13.8437
13.8437
13.8437
13.8437
13.8437
13.8437
13.8437
13.8437
13.8437
13.8437
13.8436
13.8436
13.8436
13.8436
13.8436
13.8435
13.8435
13.8435
13.8435
13.8435
13.8434
13.8434
13.8434
13.8434
13.8434
13.8433
13.8433
13.8433
13.8433
13.8433
14.412
14.412
14.412
14.412
14.412
14.4121
14.4121
14.4121
14.4121
14.4121
14.4122
14.4122
14.4122
14.4122
14.4123
14.4123
14.4123
14.4123
14.4123
14.4124
14.4124
14.4124
14.4124
14.4124
14.4124
14.4124
14.4125
14.4125
14.4125
14.4125
14.4125
14.4125
14.4125
14.4125
14.4124
14.4124
14.4124
14.4124
14.4124
14.4124
14.4124
14.4123
14.4123
14.4123
14.4123
14.4123
14.4122
14.4122
14.4122
14.4122
14.4121
14.4121
14.4121
14.4121
14.4121
14.412
14.412
14.412
14.412
14.412
14.9831
14.9831
14.9831
14.9831
14.9831
14.9832
14.9832
14.9832
14.9832
14.9832
14.9833
14.9833
14.9833
14.9833
14.9834
14.9834
14.9834
14.9834
14.9835
14.9835
14.9835
14.9835
14.9835
14.9835
14.9835
14.9836
14.9836
14.9836
14.9836
14.9836
14.9836
14.9836
14.9836
14.9836
14.9836
14.9835
14.9835
14.9835
14.9835
14.9835
14.9835
14.9835
14.9834
14.9834
14.9834
14.9834
14.9833
14.9833
14.9833
14.9833
14.9832
14.9832
14.9832
14.9832
14.9832
14.9831
14.9831
14.9831
14.9831
14.9831
15.5554
15.5554
15.5554
15.5554
15.5554
15.5554
15.5554
15.5555
15.5555
15.5555
15.5555
15.5556
15.5556
15.5556
15.5556
15.5557
15.5557
15.5557
15.5557
15.5558
15.5558
15.5558
15.5558
15.5558
15.5558
15.5558
15.5559
15.5559
15.5559
15.5559
15.5559
15.5559
15.5559
15.5559
15.5558
15.5558
15.5558
15.5558
15.5558
15.5558
15.5558
15.5557
15.5557
15.5557
15.5557
15.5556
15.5556
15.5556
15.5556
15.5555
15.5555
15.5555
15.5555
15.5554
15.5554
15.5554
15.5554
15.5554
15.5554
15.5554
16.1274
16.1274
16.1274
16.1275
16.1275
16.1275
16.1275
16.1275
16.1276
16.1276
16.1276
16.1276
16.1277
16.1277
16.1277
16.1277
16.1278
16.1278
16.1278
16.1278
16.1279
16.1279
16.1279
16.1279
16.1279
16.1279
16.1279
16.1279
16.1279
16.128
16.128
16.1279
16.1279
16.1279
16.1279
16.1279
16.1279
16.1279
16.1279
16.1279
16.1278
16.1278
16.1278
16.1278
16.1277
16.1277
16.1277
16.1277
16.1276
16.1276
16.1276
16.1276
16.1275
16.1275
16.1275
16.1275
16.1275
16.1274
16.1274
16.1274
16.6977
16.6977
16.6977
16.6977
16.6977
16.6977
16.6978
16.6978
16.6978
16.6978
16.6979
16.6979
16.6979
16.6979
16.698
16.698
16.698
16.698
16.6981
16.6981
16.6981
16.6981
16.6981
16.6982
16.6982
16.6982
16.6982
16.6982
16.6982
16.6982
16.6982
16.6982
16.6982
16.6982
16.6982
16.6982
16.6982
16.6981
16.6981
16.6981
16.6981
16.6981
16.698
16.698
16.698
16.698
16.6979
16.6979
16.6979
16.6979
16.6978
16.6978
16.6978
16.6978
16.6977
16.6977
16.6977
16.6977
16.6977
16.6977
17.2642
17.2642
17.2642
17.2643
17.2643
17.2643
17.2643
17.2643
17.2644
17.2644
17.2644
17.2644
17.2645
17.2645
17.2645
17.2646
17.2646
17.2646
17.2646
17.2647
17.2647
17.2647
17.2647
17.2647
17.2648
17.2648
17.2648
17.2648
17.2648
17.2648
17.2648
17.2648
17.2648
17.2648
17.2648
17.2648
17.2647
17.2647
17.2647
17.2647
17.2647
17.2646
17.2646
17.2646
17.2646
17.2645
17.2645
17.2645
17.2644
17.2644
17.2644
17.2644
17.2643
17.2643
17.2643
17.2643
17.2643
17.2642
17.2642
17.2642
17.8249
17.8249
17.825
17.825
17.825
17.825
17.825
17.8251
17.8251
17.8251
17.8251
17.8252
17.8252
17.8252
17.8253
17.8253
17.8253
17.8253
17.8254
17.8254
17.8254
17.8254
17.8255
17.8255
17.8255
17.8255
17.8255
17.8255
17.8255
17.8255
17.8255
17.8255
17.8255
17.8255
17.8255
17.8255
17.8255
17.8255
17.8254
17.8254
17.8254
17.8254
17.8253
17.8253
17.8253
17.8253
17.8252
17.8252
17.8252
17.8251
17.8251
17.8251
17.8251
17.825
17.825
17.825
17.825
17.825
17.8249
17.8249
18.3773
18.3773
18.3773
18.3773
18.3774
18.3774
18.3774
18.3774
18.3775
18.3775
18.3775
18.3776
18.3776
18.3776
18.3776
18.3777
18.3777
18.3777
18.3778
18.3778
18.3778
18.3778
18.3779
18.3779
18.3779
18.3779
18.3779
18.3779
18.3779
18.3779
18.3779
18.3779
18.3779
18.3779
18.3779
18.3779
18.3779
18.3779
18.3778
18.3778
18.3778
18.3778
18.3777
18.3777
18.3777
18.3776
18.3776
18.3776
18.3776
18.3775
18.3775
18.3775
18.3774
18.3774
18.3774
18.3774
18.3773
18.3773
18.3773
18.3773
18.9184
18.9184
18.9184
18.9184
18.9185
18.9185
18.9185
18.9185
18.9186
18.9186
18.9186
18.9187
18.9187
18.9187
18.9188
18.9188
18.9188
18.9189
18.9189
18.9189
18.9189
18.919
18.919
18.919
18.919
18.919
18.919
18.919
18.919
18.919
18.919
18.919
18.919
18.919
18.919
18.919
18.919
18.919
18.919
18.9189
18.9189
18.9189
18.9189
18.9188
18.9188
18.9188
18.9187
18.9187
18.9187
18.9186
18.9186
18.9186
18.9185
18.9185
18.9185
18.9185
18.9184
18.9184
18.9184
18.9184
19.4448
19.4448
19.4448
19.4448
19.4448
19.4449
19.4449
19.4449
19.4449
19.445
19.445
19.445
19.4451
19.4451
19.4451
19.4452
19.4452
19.4452
19.4453
19.4453
19.4453
19.4453
19.4454
19.4454
19.4454
19.4454
19.4454
19.4454
19.4454
19.4454
19.4454
19.4454
19.4454
19.4454
19.4454
19.4454
19.4454
19.4454
19.4453
19.4453
19.4453
19.4453
19.4452
19.4452
19.4452
19.4451
19.4451
19.4451
19.445
19.445
19.445
19.4449
19.4449
19.4449
19.4449
19.4448
19.4448
19.4448
19.4448
19.4448
19.9523
19.9523
19.9524
19.9524
19.9524
19.9524
19.9524
19.9525
19.9525
19.9525
19.9526
19.9526
19.9526
19.9527
19.9527
19.9527
19.9528
19.9528
19.9528
19.9529
19.9529
19.9529
19.9529
19.953
19.953
19.953
19.953
19.953
19.953
19.953
19.953
19.953
19.953
19.953
19.953
19.953
19.953
19.9529
19.9529
19.9529
19.9529
19.9528
19.9528
19.9528
19.9527
19.9527
19.9527
19.9526
19.9526
19.9526
19.9525
19.9525
19.9525
19.9524
19.9524
19.9524
19.9524
19.9524
19.9523
19.9523
20.4363
20.4363
20.4363
20.4363
20.4363
20.4364
20.4364
20.4364
20.4364
20.4365
20.4365
20.4365
20.4366
20.4366
20.4367
20.4367
20.4367
20.4368
20.4368
20.4368
20.4368
20.4369
20.4369
20.4369
20.4369
20.4369
20.437
20.437
20.437
20.437
20.437
20.437
20.437
20.437
20.4369
20.4369
20.4369
20.4369
20.4369
20.4368
20.4368
20.4368
20.4368
20.4367
20.4367
20.4367
20.4366
20.4366
20.4365
20.4365
20.4365
20.4364
20.4364
20.4364
20.4364
20.4363
20.4363
20.4363
20.4363
20.4363
20.891
20.891
20.891
20.891
20.891
20.891
20.8911
20.8911
20.8911
20.8912
20.8912
20.8912
20.8913
20.8913
20.8913
20.8914
20.8914
20.8914
20.8915
20.8915
20.8915
20.8916
20.8916
20.8916
20.8916
20.8916
20.8917
20.8917
20.8917
20.8917
20.8917
20.8917
20.8917
20.8917
20.8916
20.8916
20.8916
20.8916
20.8916
20.8915
20.8915
20.8915
20.8914
20.8914
20.8914
20.8913
20.8913
20.8913
20.8912
20.8912
20.8912
20.8911
20.8911
20.8911
20.891
20.891
20.891
20.891
20.891
20.891
21.31
21.31
21.31
21.3101
21.3101
21.3101
21.3101
21.3102
21.3102
21.3102
21.3103
21.3103
21.3103
21.3104
21.3104
21.3105
21.3105
21.3105
21.3106
21.3106
21.3106
21.3107
21.3107
21.3107
21.3107
21.3107
21.3107
21.3108
21.3108
21.3108
21.3108
21.3108
21.3108
21.3107
21.3107
21.3107
21.3107
21.3107
21.3107
21.3106
21.3106
21.3106
21.3105
21.3105
21.3105
21.3104
21.3104
21.3103
21.3103
21.3103
21.3102
21.3102
21.3102
21.3101
21.3101
21.3101
21.3101
21.31
21.31
21.31
21.687
21.687
21.687
21.687
21.687
21.687
21.6871
21.6871
21.6871
21.6872
21.6872
21.6872
21.6873
21.6873
21.6874
21.6874
21.6874
21.6875
21.6875
21.6875
21.6876
21.6876
21.6876
21.6876
21.6877
21.6877
21.6877
21.6877
21.6877
21.6877
21.6877
21.6877
21.6877
21.6877
21.6877
21.6877
21.6876
21.6876
21.6876
21.6876
21.6875
21.6875
21.6875
21.6874
21.6874
21.6874
21.6873
21.6873
21.6872
21.6872
21.6872
21.6871
21.6871
21.6871
21.687
21.687
21.687
21.687
21.687
21.687
22.0161
22.0161
22.0161
22.0161
22.0161
22.0161
22.0162
22.0162
22.0162
22.0163
22.0163
22.0163
22.0164
22.0164
22.0165
22.0165
22.0165
22.0166
22.0166
22.0167
22.0167
22.0167
22.0167
22.0168
22.0168
22.0168
22.0168
22.0168
22.0168
22.0168
22.0168
22.0168
22.0168
22.0168
22.0168
22.0168
22.0168
22.0167
22.0167
22.0167
22.0167
22.0166
22.0166
22.0165
22.0165
22.0165
22.0164
22.0164
22.0163
22.0163
22.0163
22.0162
22.0162
22.0162
22.0161
22.0161
22.0161
22.0161
22.0161
22.0161
22.2941
22.2941
22.2941
22.2941
22.2942
22.2942
22.2942
22.2942
22.2943
22.2943
22.2944
22.2944
22.2944
22.2945
22.2945
22.2946
22.2946
22.2947
22.2947
22.2947
22.2948
22.2948
22.2948
22.2948
22.2949
22.2949
22.2949
22.2949
22.2949
22.2949
22.2949
22.2949
22.2949
22.2949
22.2949
22.2949
22.2948
22.2948
22.2948
22.2948
22.2947
22.2947
22.2947
22.2946
22.2946
22.2945
22.2945
22.2944
22.2944
22.2944
22.2943
22.2943
22.2942
22.2942
22.2942
22.2942
22.2941
22.2941
22.2941
22.2941
22.5218
22.5218
22.5219
22.5219
22.5219
22.5219
22.5219
22.522
22.522
22.522
22.5221
22.5221
22.5222
22.5222
22.5223
22.5223
22.5224
22.5224
22.5224
22.5225
22.5225
22.5225
22.5226
22.5226
22.5226
22.5226
22.5226
22.5226
22.5227
22.5227
22.5227
22.5227
22.5226
22.5226
22.5226
22.5226
22.5226
22.5226
22.5225
22.5225
22.5225
22.5224
22.5224
22.5224
22.5223
22.5223
22.5222
22.5222
22.5221
22.5221
22.522
22.522
22.522
22.5219
22.5219
22.5219
22.5219
22.5219
22.5218
22.5218
22.7042
22.7042
22.7042
22.7042
22.7042
22.7042
22.7043
22.7043
22.7043
22.7044
22.7044
22.7044
22.7045
22.7045
22.7046
22.7046
22.7047
22.7047
22.7048
22.7048
22.7048
22.7049
22.7049
22.7049
22.7049
22.705
22.705
22.705
22.705
22.705
22.705
22.705
22.705
22.705
22.705
22.7049
22.7049
22.7049
22.7049
22.7048
22.7048
22.7048
22.7047
22.7047
22.7046
22.7046
22.7045
22.7045
22.7044
22.7044
22.7044
22.7043
22.7043
22.7043
22.7042
22.7042
22.7042
22.7042
22.7042
22.7042
22.8489
22.8489
22.8489
22.8489
22.8489
22.849
22.849
22.849
22.8491
22.8491
22.8491
22.8492
22.8492
22.8493
22.8493
22.8494
22.8494
22.8495
22.8495
22.8496
22.8496
22.8496
22.8496
22.8497
22.8497
22.8497
22.8497
22.8497
22.8497
22.8498
22.8498
22.8497
22.8497
22.8497
22.8497
22.8497
22.8497
22.8496
22.8496
22.8496
22.8496
22.8495
22.8495
22.8494
22.8494
22.8493
22.8493
22.8492
22.8492
22.8491
22.8491
22.8491
22.849
22.849
22.849
22.8489
22.8489
22.8489
22.8489
22.8489
22.9647
22.9647
22.9647
22.9647
22.9648
22.9648
22.9648
22.9649
22.9649
22.9649
22.965
22.965
22.9651
22.9651
22.9652
22.9652
22.9653
22.9653
22.9654
22.9654
22.9654
22.9655
22.9655
22.9655
22.9656
22.9656
22.9656
22.9656
22.9656
22.9656
22.9656
22.9656
22.9656
22.9656
22.9656
22.9656
22.9655
22.9655
22.9655
22.9654
22.9654
22.9654
22.9653
22.9653
22.9652
22.9652
22.9651
22.9651
22.965
22.965
22.9649
22.9649
22.9649
22.9648
22.9648
22.9648
22.9647
22.9647
22.9647
22.9647
23.0594
23.0594
23.0594
23.0594
23.0594
23.0594
23.0595
23.0595
23.0595
23.0596
23.0596
23.0597
23.0597
23.0598
23.0598
23.0599
23.0599
23.06
23.06
23.0601
23.0601
23.0601
23.0602
23.0602
23.0602
23.0602
23.0603
23.0603
23.0603
23.0603
23.0603
23.0603
23.0603
23.0603
23.0602
23.0602
23.0602
23.0602
23.0601
23.0601
23.0601
23.06
23.06
23.0599
23.0599
23.0598
23.0598
23.0597
23.0597
23.0596
23.0596
23.0595
23.0595
23.0595
23.0594
23.0594
23.0594
23.0594
23.0594
23.0594
23.1387
23.1387
23.1387
23.1387
23.1388
23.1388
23.1388
23.1389
23.1389
23.1389
23.139
23.139
23.1391
23.1392
23.1392
23.1393
23.1393
23.1394
23.1394
23.1394
23.1395
23.1395
23.1396
23.1396
23.1396
23.1396
23.1396
23.1397
23.1397
23.1397
23.1397
23.1397
23.1397
23.1396
23.1396
23.1396
23.1396
23.1396
23.1395
23.1395
23.1394
23.1394
23.1394
23.1393
23.1393
23.1392
23.1392
23.1391
23.139
23.139
23.1389
23.1389
23.1389
23.1388
23.1388
23.1388
23.1387
23.1387
23.1387
23.1387
23.207
23.207
23.207
23.207
23.207
23.207
23.2071
23.2071
23.2072
23.2072
23.2073
23.2073
23.2074
23.2074
23.2075
23.2075
23.2076
23.2076
23.2077
23.2077
23.2078
23.2078
23.2078
23.2079
23.2079
23.2079
23.2079
23.2079
23.208
23.208
23.208
23.208
23.2079
23.2079
23.2079
23.2079
23.2079
23.2078
23.2078
23.2078
23.2077
23.2077
23.2076
23.2076
23.2075
23.2075
23.2074
23.2074
23.2073
23.2073
23.2072
23.2072
23.2071
23.2071
23.207
23.207
23.207
23.207
23.207
23.207
23.2669
23.2669
23.2669
23.2669
23.267
23.267
23.267
23.2671
23.2671
23.2672
23.2672
23.2673
23.2673
23.2674
23.2674
23.2675
23.2675
23.2676
23.2676
23.2677
23.2677
23.2678
23.2678
23.2678
23.2679
23.2679
23.2679
23.2679
23.2679
23.2679
23.2679
23.2679
23.2679
23.2679
23.2679
23.2679
23.2678
23.2678
23.2678
23.2677
23.2677
23.2676
23.2676
23.2675
23.2675
23.2674
23.2674
23.2673
23.2673
23.2672
23.2672
23.2671
23.2671
23.267
23.267
23.267
23.2669
23.2669
23.2669
23.2669
23.3204
23.3204
23.3204
23.3204
23.3204
23.3205
23.3205
23.3205
23.3206
23.3206
23.3207
23.3208
23.3208
23.3209
23.3209
23.321
23.321
23.3211
23.3212
23.3212
23.3212
23.3213
23.3213
23.3214
23.3214
23.3214
23.3214
23.3214
23.3214
23.3215
23.3215
23.3214
23.3214
23.3214
23.3214
23.3214
23.3214
23.3213
23.3213
23.3212
23.3212
23.3212
23.3211
23.321
23.321
23.3209
23.3209
23.3208
23.3208
23.3207
23.3206
23.3206
23.3205
23.3205
23.3205
23.3204
23.3204
23.3204
23.3204
23.3204
23.3687
23.3687
23.3687
23.3687
23.3687
23.3688
23.3688
23.3689
23.3689
23.369
23.369
23.3691
23.3691
23.3692
23.3693
23.3693
23.3694
23.3694
23.3695
23.3695
23.3696
23.3696
23.3697
23.3697
23.3697
23.3697
23.3698
23.3698
23.3698
23.3698
23.3698
23.3698
23.3698
23.3698
23.3697
23.3697
23.3697
23.3697
23.3696
23.3696
23.3695
23.3695
23.3694
23.3694
23.3693
23.3693
23.3692
23.3691
23.3691
23.369
23.369
23.3689
23.3689
23.3688
23.3688
23.3687
23.3687
23.3687
23.3687
23.3687
23.4127
23.4127
23.4127
23.4127
23.4128
23.4128
23.4128
23.4129
23.4129
23.413
23.4131
23.4131
23.4132
23.4132
23.4133
23.4134
23.4134
23.4135
23.4135
23.4136
23.4136
23.4137
23.4137
23.4138
23.4138
23.4138
23.4138
23.4139
23.4139
23.4139
23.4139
23.4139
23.4139
23.4138
23.4138
23.4138
23.4138
23.4137
23.4137
23.4136
23.4136
23.4135
23.4135
23.4134
23.4134
23.4133
23.4132
23.4132
23.4131
23.4131
23.413
23.4129
23.4129
23.4128
23.4128
23.4128
23.4127
23.4127
23.4127
23.4127
23.4531
23.4531
23.4532
23.4532
23.4532
23.4532
23.4533
23.4533
23.4534
23.4534
23.4535
23.4536
23.4536
23.4537
23.4538
23.4538
23.4539
23.454
23.454
23.4541
23.4541
23.4542
23.4542
23.4542
23.4543
23.4543
23.4543
23.4543
23.4543
23.4543
23.4543
23.4543
23.4543
23.4543
23.4543
23.4543
23.4542
23.4542
23.4542
23.4541
23.4541
23.454
23.454
23.4539
23.4538
23.4538
23.4537
23.4536
23.4536
23.4535
23.4534
23.4534
23.4533
23.4533
23.4532
23.4532
23.4532
23.4532
23.4531
23.4531
23.4905
23.4905
23.4905
23.4905
23.4905
23.4906
23.4906
23.4907
23.4907
23.4908
23.4908
23.4909
23.491
23.4911
23.4911
23.4912
23.4913
23.4913
23.4914
23.4914
23.4915
23.4915
23.4916
23.4916
23.4916
23.4917
23.4917
23.4917
23.4917
23.4917
23.4917
23.4917
23.4917
23.4917
23.4917
23.4916
23.4916
23.4916
23.4915
23.4915
23.4914
23.4914
23.4913
23.4913
23.4912
23.4911
23.4911
23.491
23.4909
23.4908
23.4908
23.4907
23.4907
23.4906
23.4906
23.4905
23.4905
23.4905
23.4905
23.4905
23.5251
23.5251
23.5251
23.5252
23.5252
23.5252
23.5253
23.5253
23.5254
23.5254
23.5255
23.5256
23.5257
23.5257
23.5258
23.5259
23.5259
23.526
23.5261
23.5261
23.5262
23.5262
23.5263
23.5263
23.5263
23.5264
23.5264
23.5264
23.5264
23.5264
23.5264
23.5264
23.5264
23.5264
23.5264
23.5263
23.5263
23.5263
23.5262
23.5262
23.5261
23.5261
23.526
23.5259
23.5259
23.5258
23.5257
23.5257
23.5256
23.5255
23.5254
23.5254
23.5253
23.5253
23.5252
23.5252
23.5252
23.5251
23.5251
23.5251
23.5574
23.5574
23.5574
23.5574
23.5575
23.5575
23.5575
23.5576
23.5577
23.5577
23.5578
23.5579
23.5579
23.558
23.5581
23.5582
23.5582
23.5583
23.5584
23.5584
23.5585
23.5585
23.5586
23.5586
23.5587
23.5587
23.5587
23.5587
23.5587
23.5587
23.5587
23.5587
23.5587
23.5587
23.5587
23.5587
23.5586
23.5586
23.5585
23.5585
23.5584
23.5584
23.5583
23.5582
23.5582
23.5581
23.558
23.5579
23.5579
23.5578
23.5577
23.5577
23.5576
23.5575
23.5575
23.5575
23.5574
23.5574
23.5574
23.5574
23.5876
23.5876
23.5876
23.5876
23.5876
23.5877
23.5877
23.5878
23.5878
23.5879
23.588
23.588
23.5881
23.5882
23.5883
23.5884
23.5884
23.5885
23.5886
23.5886
23.5887
23.5887
23.5888
23.5888
23.5889
23.5889
23.5889
23.5889
23.589
23.589
23.589
23.589
23.5889
23.5889
23.5889
23.5889
23.5888
23.5888
23.5887
23.5887
23.5886
23.5886
23.5885
23.5884
23.5884
23.5883
23.5882
23.5881
23.588
23.588
23.5879
23.5878
23.5878
23.5877
23.5877
23.5876
23.5876
23.5876
23.5876
23.5876
23.6158
23.6158
23.6158
23.6158
23.6159
23.6159
23.616
23.616
23.6161
23.6162
23.6162
23.6163
23.6164
23.6165
23.6166
23.6166
23.6167
23.6168
23.6169
23.6169
23.617
23.617
23.6171
23.6171
23.6172
23.6172
23.6172
23.6172
23.6173
23.6173
23.6173
23.6173
23.6172
23.6172
23.6172
23.6172
23.6171
23.6171
23.617
23.617
23.6169
23.6169
23.6168
23.6167
23.6166
23.6166
23.6165
23.6164
23.6163
23.6162
23.6162
23.6161
23.616
23.616
23.6159
23.6159
23.6158
23.6158
23.6158
23.6158
23.6423
23.6423
23.6423
23.6424
23.6424
23.6424
23.6425
23.6426
23.6426
23.6427
23.6428
23.6429
23.6429
23.643
23.6431
23.6432
23.6433
23.6434
23.6434
23.6435
23.6436
23.6436
23.6437
23.6437
23.6437
23.6438
23.6438
23.6438
23.6438
23.6438
23.6438
23.6438
23.6438
23.6438
23.6438
23.6437
23.6437
23.6437
23.6436
23.6436
23.6435
23.6434
23.6434
23.6433
23.6432
23.6431
23.643
23.6429
23.6429
23.6428
23.6427
23.6426
23.6426
23.6425
23.6424
23.6424
23.6424
23.6423
23.6423
23.6423
23.6673
23.6673
23.6673
23.6673
23.6673
23.6674
23.6674
23.6675
23.6676
23.6677
23.6677
23.6678
23.6679
23.668
23.6681
23.6682
23.6683
23.6683
23.6684
23.6685
23.6685
23.6686
23.6687
23.6687
23.6687
23.6688
23.6688
23.6688
23.6688
23.6688
23.6688
23.6688
23.6688
23.6688
23.6688
23.6687
23.6687
23.6687
23.6686
23.6685
23.6685
23.6684
23.6683
23.6683
23.6682
23.6681
23.668
23.6679
23.6678
23.6677
23.6677
23.6676
23.6675
23.6674
23.6674
23.6673
23.6673
23.6673
23.6673
23.6673
23.6908
23.6908
23.6908
23.6908
23.6908
23.6909
23.6909
23.691
23.6911
23.6912
23.6912
23.6913
23.6914
23.6915
23.6916
23.6917
23.6918
23.6919
23.6919
23.692
23.6921
23.6921
23.6922
23.6922
23.6923
23.6923
23.6924
23.6924
23.6924
23.6924
23.6924
23.6924
23.6924
23.6924
23.6923
23.6923
23.6922
23.6922
23.6921
23.6921
23.692
23.6919
23.6919
23.6918
23.6917
23.6916
23.6915
23.6914
23.6913
23.6912
23.6912
23.6911
23.691
23.6909
23.6909
23.6908
23.6908
23.6908
23.6908
23.6908
23.7129
23.7129
23.7129
23.7129
23.713
23.713
23.7131
23.7131
23.7132
23.7133
23.7134
23.7135
23.7136
23.7137
23.7138
23.7139
23.714
23.714
23.7141
23.7142
23.7143
23.7143
23.7144
23.7144
23.7145
23.7145
23.7145
23.7146
23.7146
23.7146
23.7146
23.7146
23.7146
23.7145
23.7145
23.7145
23.7144
23.7144
23.7143
23.7143
23.7142
23.7141
23.714
23.714
23.7139
23.7138
23.7137
23.7136
23.7135
23.7134
23.7133
23.7132
23.7131
23.7131
23.713
23.713
23.7129
23.7129
23.7129
23.7129
23.7338
23.7338
23.7338
23.7338
23.7338
23.7339
23.7339
23.734
23.7341
23.7342
23.7343
23.7344
23.7345
23.7346
23.7347
23.7348
23.7349
23.735
23.735
23.7351
23.7352
23.7353
23.7353
23.7354
23.7354
23.7354
23.7355
23.7355
23.7355
23.7355
23.7355
23.7355
23.7355
23.7355
23.7354
23.7354
23.7354
23.7353
23.7353
23.7352
23.7351
23.735
23.735
23.7349
23.7348
23.7347
23.7346
23.7345
23.7344
23.7343
23.7342
23.7341
23.734
23.7339
23.7339
23.7338
23.7338
23.7338
23.7338
23.7338
23.7534
23.7534
23.7534
23.7535
23.7535
23.7536
23.7536
23.7537
23.7538
23.7539
23.754
23.7541
23.7542
23.7543
23.7544
23.7545
23.7546
23.7547
23.7548
23.7548
23.7549
23.755
23.7551
23.7551
23.7552
23.7552
23.7552
23.7552
23.7553
23.7553
23.7553
23.7553
23.7552
23.7552
23.7552
23.7552
23.7551
23.7551
23.755
23.7549
23.7548
23.7548
23.7547
23.7546
23.7545
23.7544
23.7543
23.7542
23.7541
23.754
23.7539
23.7538
23.7537
23.7536
23.7536
23.7535
23.7535
23.7534
23.7534
23.7534
23.772
23.772
23.772
23.772
23.7721
23.7721
23.7722
23.7723
23.7724
23.7724
23.7725
23.7727
23.7728
23.7729
23.773
23.7731
23.7732
23.7733
23.7734
23.7735
23.7735
23.7736
23.7737
23.7737
23.7738
23.7738
23.7738
23.7739
23.7739
23.7739
23.7739
23.7739
23.7739
23.7738
23.7738
23.7738
23.7737
23.7737
23.7736
23.7735
23.7735
23.7734
23.7733
23.7732
23.7731
23.773
23.7729
23.7728
23.7727
23.7725
23.7724
23.7724
23.7723
23.7722
23.7721
23.7721
23.772
23.772
23.772
23.772
23.7895
23.7895
23.7895
23.7895
23.7896
23.7896
23.7897
23.7898
23.7899
23.79
23.7901
23.7902
23.7903
23.7904
23.7905
23.7906
23.7907
23.7908
23.7909
23.791
23.7911
23.7912
23.7912
23.7913
23.7913
23.7914
23.7914
23.7914
23.7914
23.7915
23.7915
23.7914
23.7914
23.7914
23.7914
23.7913
23.7913
23.7912
23.7912
23.7911
23.791
23.7909
23.7908
23.7907
23.7906
23.7905
23.7904
23.7903
23.7902
23.7901
23.79
23.7899
23.7898
23.7897
23.7896
23.7896
23.7895
23.7895
23.7895
23.7895
23.8059
23.8059
23.806
23.806
23.806
23.8061
23.8062
23.8062
23.8063
23.8064
23.8065
23.8067
23.8068
23.8069
23.807
23.8071
23.8072
23.8073
23.8074
23.8075
23.8076
23.8077
23.8078
23.8078
23.8079
23.8079
23.808
23.808
23.808
23.808
23.808
23.808
23.808
23.808
23.8079
23.8079
23.8078
23.8078
23.8077
23.8076
23.8075
23.8074
23.8073
23.8072
23.8071
23.807
23.8069
23.8068
23.8067
23.8065
23.8064
23.8063
23.8062
23.8062
23.8061
23.806
23.806
23.806
23.8059
23.8059
23.8214
23.8214
23.8214
23.8215
23.8215
23.8216
23.8216
23.8217
23.8218
23.8219
23.8221
23.8222
23.8223
23.8224
23.8226
23.8227
23.8228
23.8229
23.823
23.8231
23.8232
23.8233
23.8233
23.8234
23.8234
23.8235
23.8235
23.8236
23.8236
23.8236
23.8236
23.8236
23.8236
23.8235
23.8235
23.8234
23.8234
23.8233
23.8233
23.8232
23.8231
23.823
23.8229
23.8228
23.8227
23.8226
23.8224
23.8223
23.8222
23.8221
23.8219
23.8218
23.8217
23.8216
23.8216
23.8215
23.8215
23.8214
23.8214
23.8214
23.836
23.836
23.836
23.836
23.8361
23.8361
23.8362
23.8363
23.8364
23.8365
23.8366
23.8368
23.8369
23.837
23.8371
23.8373
23.8374
23.8375
23.8376
23.8377
23.8378
23.8379
23.838
23.838
23.8381
23.8381
23.8382
23.8382
23.8382
23.8382
23.8382
23.8382
23.8382
23.8382
23.8381
23.8381
23.838
23.838
23.8379
23.8378
23.8377
23.8376
23.8375
23.8374
23.8373
23.8371
23.837
23.8369
23.8368
23.8366
23.8365
23.8364
23.8363
23.8362
23.8361
23.8361
23.836
23.836
23.836
23.836
23.8496
23.8496
23.8496
23.8496
23.8497
23.8498
23.8498
23.8499
23.85
23.8502
23.8503
23.8504
23.8506
23.8507
23.8508
23.851
23.8511
23.8512
23.8513
23.8514
23.8515
23.8516
23.8517
23.8517
23.8518
23.8518
23.8519
23.8519
23.8519
23.8519
23.8519
23.8519
23.8519
23.8519
23.8518
23.8518
23.8517
23.8517
23.8516
23.8515
23.8514
23.8513
23.8512
23.8511
23.851
23.8508
23.8507
23.8506
23.8504
23.8503
23.8502
23.85
23.8499
23.8498
23.8498
23.8497
23.8496
23.8496
23.8496
23.8496
23.8623
23.8623
23.8624
23.8624
23.8624
23.8625
23.8626
23.8627
23.8628
23.8629
23.8631
23.8632
23.8633
23.8635
23.8636
23.8638
23.8639
23.864
23.8641
23.8642
23.8643
23.8644
23.8645
23.8646
23.8646
23.8647
23.8647
23.8647
23.8648
23.8648
23.8648
23.8648
23.8647
23.8647
23.8647
23.8646
23.8646
23.8645
23.8644
23.8643
23.8642
23.8641
23.864
23.8639
23.8638
23.8636
23.8635
23.8633
23.8632
23.8631
23.8629
23.8628
23.8627
23.8626
23.8625
23.8624
23.8624
23.8624
23.8623
23.8623
23.8742
23.8742
23.8742
23.8742
23.8743
23.8744
23.8745
23.8746
23.8747
23.8748
23.875
23.8751
23.8752
23.8754
23.8755
23.8757
23.8758
23.8759
23.8761
23.8762
23.8763
23.8764
23.8764
23.8765
23.8766
23.8766
23.8767
23.8767
23.8767
23.8767
23.8767
23.8767
23.8767
23.8767
23.8766
23.8766
23.8765
23.8764
23.8764
23.8763
23.8762
23.8761
23.8759
23.8758
23.8757
23.8755
23.8754
23.8752
23.8751
23.875
23.8748
23.8747
23.8746
23.8745
23.8744
23.8743
23.8742
23.8742
23.8742
23.8742
23.8852
23.8852
23.8852
23.8853
23.8853
23.8854
23.8855
23.8856
23.8857
23.8858
23.886
23.8861
23.8863
23.8865
23.8866
23.8868
23.8869
23.887
23.8872
23.8873
23.8874
23.8875
23.8876
23.8876
23.8877
23.8877
23.8878
23.8878
23.8878
23.8878
23.8878
23.8878
23.8878
23.8878
23.8877
23.8877
23.8876
23.8876
23.8875
23.8874
23.8873
23.8872
23.887
23.8869
23.8868
23.8866
23.8865
23.8863
23.8861
23.886
23.8858
23.8857
23.8856
23.8855
23.8854
23.8853
23.8853
23.8852
23.8852
23.8852
23.8954
23.8954
23.8954
23.8954
23.8955
23.8955
23.8956
23.8958
23.8959
23.896
23.8962
23.8964
23.8965
23.8967
23.8968
23.897
23.8971
23.8973
23.8974
23.8975
23.8976
23.8977
23.8978
23.8979
23.898
23.898
23.8981
23.8981
23.8981
23.8981
23.8981
23.8981
23.8981
23.8981
23.898
23.898
23.8979
23.8978
23.8977
23.8976
23.8975
23.8974
23.8973
23.8971
23.897
23.8968
23.8967
23.8965
23.8964
23.8962
23.896
23.8959
23.8958
23.8956
23.8955
23.8955
23.8954
23.8954
23.8954
23.8954
23.9047
23.9047
23.9047
23.9047
23.9048
23.9049
23.905
23.9051
23.9052
23.9054
23.9056
23.9057
23.9059
23.9061
23.9062
23.9064
23.9065
23.9067
23.9068
23.9069
23.9071
23.9072
23.9073
23.9073
23.9074
23.9075
23.9075
23.9075
23.9076
23.9076
23.9076
23.9076
23.9075
23.9075
23.9075
23.9074
23.9073
23.9073
23.9072
23.9071
23.9069
23.9068
23.9067
23.9065
23.9064
23.9062
23.9061
23.9059
23.9057
23.9056
23.9054
23.9052
23.9051
23.905
23.9049
23.9048
23.9047
23.9047
23.9047
23.9047
23.9132
23.9132
23.9132
23.9132
23.9133
23.9134
23.9135
23.9136
23.9138
23.9139
23.9141
23.9143
23.9144
23.9146
23.9148
23.915
23.9151
23.9153
23.9154
23.9155
23.9157
23.9158
23.9159
23.9159
23.916
23.9161
23.9161
23.9161
23.9162
23.9162
23.9162
23.9162
23.9161
23.9161
23.9161
23.916
23.9159
23.9159
23.9158
23.9157
23.9155
23.9154
23.9153
23.9151
23.915
23.9148
23.9146
23.9144
23.9143
23.9141
23.9139
23.9138
23.9136
23.9135
23.9134
23.9133
23.9132
23.9132
23.9132
23.9132
23.9209
23.9209
23.9209
23.9209
23.9209
23.921
23.9211
23.9213
23.9214
23.9216
23.9218
23.922
23.9222
23.9224
23.9225
23.9227
23.9229
23.923
23.9232
23.9233
23.9234
23.9235
23.9236
23.9237
23.9238
23.9239
23.9239
23.9239
23.924
23.924
23.924
23.924
23.9239
23.9239
23.9239
23.9238
23.9237
23.9236
23.9235
23.9234
23.9233
23.9232
23.923
23.9229
23.9227
23.9225
23.9224
23.9222
23.922
23.9218
23.9216
23.9214
23.9213
23.9211
23.921
23.9209
23.9209
23.9209
23.9209
23.9209
23.9277
23.9277
23.9277
23.9277
23.9278
23.9278
23.928
23.9281
23.9283
23.9285
23.9287
23.9289
23.9291
23.9292
23.9294
23.9296
23.9298
23.93
23.9301
23.9303
23.9304
23.9305
23.9306
23.9307
23.9308
23.9308
23.9309
23.9309
23.9309
23.9309
23.9309
23.9309
23.9309
23.9309
23.9308
23.9308
23.9307
23.9306
23.9305
23.9304
23.9303
23.9301
23.93
23.9298
23.9296
23.9294
23.9292
23.9291
23.9289
23.9287
23.9285
23.9283
23.9281
23.928
23.9278
23.9278
23.9277
23.9277
23.9277
23.9277
23.9337
23.9337
23.9337
23.9337
23.9337
23.9338
23.934
23.9341
23.9343
23.9345
23.9347
23.9349
23.9351
23.9353
23.9355
23.9357
23.9359
23.9361
23.9362
23.9364
23.9365
23.9366
23.9367
23.9368
23.9369
23.9369
23.937
23.937
23.9371
23.9371
23.9371
23.9371
23.937
23.937
23.9369
23.9369
23.9368
23.9367
23.9366
23.9365
23.9364
23.9362
23.9361
23.9359
23.9357
23.9355
23.9353
23.9351
23.9349
23.9347
23.9345
23.9343
23.9341
23.934
23.9338
23.9337
23.9337
23.9337
23.9337
23.9337
23.9388
23.9388
23.9388
23.9388
23.9389
23.939
23.9391
23.9392
23.9394
23.9396
23.9399
23.9401
23.9403
23.9405
23.9407
23.9409
23.9411
23.9413
23.9415
23.9416
23.9417
23.9419
23.942
23.9421
23.9422
23.9422
23.9423
23.9423
23.9423
23.9423
23.9423
23.9423
23.9423
23.9423
23.9422
23.9422
23.9421
23.942
23.9419
23.9417
23.9416
23.9415
23.9413
23.9411
23.9409
23.9407
23.9405
23.9403
23.9401
23.9399
23.9396
23.9394
23.9392
23.9391
23.939
23.9389
23.9388
23.9388
23.9388
23.9388
23.9431
23.943
23.943
23.943
23.9431
23.9432
23.9433
23.9435
23.9437
23.9439
23.9442
23.9444
23.9446
23.9449
23.9451
23.9453
23.9455
23.9457
23.9459
23.946
23.9461
23.9463
23.9464
23.9465
23.9466
23.9466
23.9467
23.9467
23.9468
23.9468
23.9468
23.9468
23.9467
23.9467
23.9466
23.9466
23.9465
23.9464
23.9463
23.9461
23.946
23.9459
23.9457
23.9455
23.9453
23.9451
23.9449
23.9446
23.9444
23.9442
23.9439
23.9437
23.9435
23.9433
23.9432
23.9431
23.943
23.943
23.943
23.9431
23.9464
23.9464
23.9464
23.9464
23.9464
23.9466
23.9467
23.9469
23.9471
23.9473
23.9476
23.9478
23.9481
23.9483
23.9486
23.9488
23.949
23.9492
23.9494
23.9495
23.9497
23.9498
23.9499
23.95
23.9501
23.9502
23.9502
23.9503
23.9503
23.9503
23.9503
23.9503
23.9503
23.9502
23.9502
23.9501
23.95
23.9499
23.9498
23.9497
23.9495
23.9494
23.9492
23.949
23.9488
23.9486
23.9483
23.9481
23.9478
23.9476
23.9473
23.9471
23.9469
23.9467
23.9466
23.9464
23.9464
23.9464
23.9464
23.9464
23.9489
23.9488
23.9488
23.9488
23.9489
23.949
23.9491
23.9493
23.9496
23.9498
23.9501
23.9504
23.9506
23.9509
23.9511
23.9513
23.9516
23.9518
23.952
23.9521
23.9523
23.9524
23.9525
23.9526
23.9527
23.9528
23.9528
23.9529
23.9529
23.9529
23.9529
23.9529
23.9529
23.9528
23.9528
23.9527
23.9526
23.9525
23.9524
23.9523
23.9521
23.952
23.9518
23.9516
23.9513
23.9511
23.9509
23.9506
23.9504
23.9501
23.9498
23.9496
23.9493
23.9491
23.949
23.9489
23.9488
23.9488
23.9488
23.9489
23.9504
23.9503
23.9502
23.9503
23.9503
23.9504
23.9506
23.9508
23.9511
23.9514
23.9516
23.9519
23.9522
23.9525
23.9527
23.953
23.9532
23.9534
23.9536
23.9538
23.9539
23.9541
23.9542
23.9543
23.9544
23.9545
23.9545
23.9546
23.9546
23.9546
23.9546
23.9546
23.9546
23.9545
23.9545
23.9544
23.9543
23.9542
23.9541
23.9539
23.9538
23.9536
23.9534
23.9532
23.953
23.9527
23.9525
23.9522
23.9519
23.9516
23.9514
23.9511
23.9508
23.9506
23.9504
23.9503
23.9503
23.9502
23.9503
23.9504
23.9508
23.9508
23.9507
23.9507
23.9508
23.9509
23.9511
23.9513
23.9516
23.9519
23.9522
23.9525
23.9528
23.9531
23.9533
23.9536
23.9538
23.9541
23.9543
23.9544
23.9546
23.9547
23.9549
23.955
23.9551
23.9551
23.9552
23.9553
23.9553
23.9553
23.9553
23.9553
23.9553
23.9552
23.9551
23.9551
23.955
23.9549
23.9547
23.9546
23.9544
23.9543
23.9541
23.9538
23.9536
23.9533
23.9531
23.9528
23.9525
23.9522
23.9519
23.9516
23.9513
23.9511
23.9509
23.9508
23.9507
23.9507
23.9508
23.9508
23.9503
23.9501
23.9501
23.9501
23.9501
23.9503
23.9505
23.9508
23.951
23.9514
23.9517
23.952
23.9523
23.9526
23.9529
23.9532
23.9534
23.9537
23.9539
23.9541
23.9542
23.9544
23.9545
23.9546
23.9547
23.9548
23.9548
23.9549
23.9549
23.9549
23.9549
23.9549
23.9549
23.9548
23.9548
23.9547
23.9546
23.9545
23.9544
23.9542
23.9541
23.9539
23.9537
23.9534
23.9532
23.9529
23.9526
23.9523
23.952
23.9517
23.9514
23.951
23.9508
23.9505
23.9503
23.9501
23.9501
23.9501
23.9501
23.9503
23.9485
23.9484
23.9483
23.9483
23.9484
23.9485
23.9488
23.949
23.9494
23.9497
23.95
23.9504
23.9507
23.951
23.9513
23.9516
23.9519
23.9521
23.9524
23.9525
23.9527
23.9529
23.953
23.9531
23.9532
23.9533
23.9534
23.9534
23.9534
23.9535
23.9535
23.9534
23.9534
23.9534
23.9533
23.9532
23.9531
23.953
23.9529
23.9527
23.9525
23.9524
23.9521
23.9519
23.9516
23.9513
23.951
23.9507
23.9504
23.95
23.9497
23.9494
23.949
23.9488
23.9485
23.9484
23.9483
23.9483
23.9484
23.9485
23.9455
23.9454
23.9453
23.9453
23.9454
23.9455
23.9458
23.9461
23.9465
23.9468
23.9472
23.9476
23.9479
23.9483
23.9486
23.9489
23.9492
23.9494
23.9496
23.9498
23.95
23.9502
23.9503
23.9504
23.9505
23.9506
23.9507
23.9507
23.9508
23.9508
23.9508
23.9508
23.9507
23.9507
23.9506
23.9505
23.9504
23.9503
23.9502
23.95
23.9498
23.9496
23.9494
23.9492
23.9489
23.9486
23.9483
23.9479
23.9476
23.9472
23.9468
23.9465
23.9461
23.9458
23.9455
23.9454
23.9453
23.9453
23.9454
23.9455
23.9412
23.941
23.9409
23.9409
23.941
23.9412
23.9415
23.9418
23.9422
23.9426
23.943
23.9434
23.9438
23.9442
23.9445
23.9448
23.9451
23.9454
23.9456
23.9458
23.946
23.9461
23.9463
23.9464
23.9465
23.9466
23.9467
23.9467
23.9467
23.9468
23.9468
23.9467
23.9467
23.9467
23.9466
23.9465
23.9464
23.9463
23.9461
23.946
23.9458
23.9456
23.9454
23.9451
23.9448
23.9445
23.9442
23.9438
23.9434
23.943
23.9426
23.9422
23.9418
23.9415
23.9412
23.941
23.9409
23.9409
23.941
23.9412
23.9353
23.9351
23.935
23.935
23.9351
23.9354
23.9357
23.9361
23.9365
23.9369
23.9374
23.9378
23.9382
23.9386
23.9389
23.9393
23.9396
23.9398
23.9401
23.9403
23.9405
23.9407
23.9408
23.9409
23.941
23.9411
23.9412
23.9412
23.9413
23.9413
23.9413
23.9413
23.9412
23.9412
23.9411
23.941
23.9409
23.9408
23.9407
23.9405
23.9403
23.9401
23.9398
23.9396
23.9393
23.9389
23.9386
23.9382
23.9378
23.9374
23.9369
23.9365
23.9361
23.9357
23.9354
23.9351
23.935
23.935
23.9351
23.9353
23.9278
23.9276
23.9274
23.9274
23.9276
23.9279
23.9282
23.9287
23.9291
23.9296
23.9301
23.9306
23.931
23.9314
23.9318
23.9321
23.9324
23.9327
23.933
23.9332
23.9334
23.9336
23.9337
23.9338
23.9339
23.934
23.9341
23.9342
23.9342
23.9342
23.9342
23.9342
23.9342
23.9341
23.934
23.9339
23.9338
23.9337
23.9336
23.9334
23.9332
23.933
23.9327
23.9324
23.9321
23.9318
23.9314
23.931
23.9306
23.9301
23.9296
23.9291
23.9287
23.9282
23.9279
23.9276
23.9274
23.9274
23.9276
23.9278
23.9184
23.9181
23.9179
23.918
23.9182
23.9185
23.9189
23.9194
23.9199
23.9205
23.921
23.9215
23.922
23.9224
23.9228
23.9232
23.9235
23.9238
23.924
23.9243
23.9245
23.9246
23.9248
23.9249
23.925
23.9251
23.9252
23.9252
23.9253
23.9253
23.9253
23.9253
23.9252
23.9252
23.9251
23.925
23.9249
23.9248
23.9246
23.9245
23.9243
23.924
23.9238
23.9235
23.9232
23.9228
23.9224
23.922
23.9215
23.921
23.9205
23.9199
23.9194
23.9189
23.9185
23.9182
23.918
23.9179
23.9181
23.9184
23.9068
23.9065
23.9063
23.9064
23.9066
23.907
23.9075
23.9081
23.9087
23.9093
23.9098
23.9104
23.9109
23.9113
23.9117
23.9121
23.9125
23.9128
23.913
23.9133
23.9135
23.9137
23.9138
23.9139
23.9141
23.9141
23.9142
23.9143
23.9143
23.9143
23.9143
23.9143
23.9143
23.9142
23.9141
23.9141
23.9139
23.9138
23.9137
23.9135
23.9133
23.913
23.9128
23.9125
23.9121
23.9117
23.9113
23.9109
23.9104
23.9098
23.9093
23.9087
23.9081
23.9075
23.907
23.9066
23.9064
23.9063
23.9065
23.9068
23.8927
23.8924
23.8922
23.8923
23.8926
23.8931
23.8937
23.8944
23.895
23.8957
23.8963
23.8969
23.8974
23.8979
23.8984
23.8987
23.8991
23.8994
23.8997
23.8999
23.9001
23.9003
23.9005
23.9006
23.9007
23.9008
23.9009
23.9009
23.901
23.901
23.901
23.901
23.9009
23.9009
23.9008
23.9007
23.9006
23.9005
23.9003
23.9001
23.8999
23.8997
23.8994
23.8991
23.8987
23.8984
23.8979
23.8974
23.8969
23.8963
23.8957
23.895
23.8944
23.8937
23.8931
23.8926
23.8923
23.8922
23.8924
23.8927
23.8757
23.8754
23.8753
23.8755
23.8759
23.8765
23.8772
23.8779
23.8787
23.8794
23.8801
23.8807
23.8813
23.8818
23.8823
23.8827
23.8831
23.8834
23.8837
23.8839
23.8841
23.8843
23.8845
23.8846
23.8847
23.8848
23.8849
23.8849
23.885
23.885
23.885
23.885
23.8849
23.8849
23.8848
23.8847
23.8846
23.8845
23.8843
23.8841
23.8839
23.8837
23.8834
23.8831
23.8827
23.8823
23.8818
23.8813
23.8807
23.8801
23.8794
23.8787
23.8779
23.8772
23.8765
23.8759
23.8755
23.8753
23.8754
23.8757
23.8555
23.8552
23.8552
23.8554
23.856
23.8567
23.8576
23.8584
23.8593
23.8601
23.8609
23.8615
23.8621
23.8627
23.8632
23.8636
23.864
23.8643
23.8646
23.8649
23.8651
23.8653
23.8654
23.8656
23.8657
23.8658
23.8658
23.8659
23.8659
23.8659
23.8659
23.8659
23.8659
23.8658
23.8658
23.8657
23.8656
23.8654
23.8653
23.8651
23.8649
23.8646
23.8643
23.864
23.8636
23.8632
23.8627
23.8621
23.8615
23.8609
23.8601
23.8593
23.8584
23.8576
23.8567
23.856
23.8554
23.8552
23.8552
23.8555
23.8315
23.8313
23.8313
23.8318
23.8325
23.8334
23.8344
23.8354
23.8364
23.8373
23.8381
23.8388
23.8395
23.8401
23.8406
23.841
23.8414
23.8418
23.8421
23.8423
23.8425
23.8427
23.8429
23.843
23.8431
23.8432
23.8433
23.8433
23.8434
23.8434
23.8434
23.8434
23.8433
23.8433
23.8432
23.8431
23.843
23.8429
23.8427
23.8425
23.8423
23.8421
23.8418
23.8414
23.841
23.8406
23.8401
23.8395
23.8388
23.8381
23.8373
23.8364
23.8354
23.8344
23.8334
23.8325
23.8318
23.8313
23.8313
23.8315
23.8032
23.803
23.8032
23.8039
23.8049
23.806
23.8072
23.8084
23.8095
23.8105
23.8114
23.8122
23.8129
23.8135
23.814
23.8145
23.8149
23.8152
23.8155
23.8158
23.816
23.8162
23.8163
23.8165
23.8166
23.8167
23.8167
23.8168
23.8168
23.8168
23.8168
23.8168
23.8168
23.8167
23.8167
23.8166
23.8165
23.8163
23.8162
23.816
23.8158
23.8155
23.8152
23.8149
23.8145
23.814
23.8135
23.8129
23.8122
23.8114
23.8105
23.8095
23.8084
23.8072
23.806
23.8049
23.8039
23.8032
23.803
23.8032
23.7698
23.7698
23.7703
23.7713
23.7726
23.774
23.7755
23.7768
23.7781
23.7792
23.7801
23.781
23.7817
23.7823
23.7829
23.7834
23.7838
23.7841
23.7844
23.7847
23.7849
23.7851
23.7852
23.7854
23.7855
23.7856
23.7856
23.7857
23.7857
23.7857
23.7857
23.7857
23.7857
23.7856
23.7856
23.7855
23.7854
23.7852
23.7851
23.7849
23.7847
23.7844
23.7841
23.7838
23.7834
23.7829
23.7823
23.7817
23.781
23.7801
23.7792
23.7781
23.7768
23.7755
23.774
23.7726
23.7713
23.7703
23.7698
23.7698
23.7307
23.7309
23.7318
23.7332
23.735
23.7368
23.7385
23.7401
23.7415
23.7427
23.7437
23.7446
23.7454
23.7461
23.7466
23.7471
23.7475
23.7478
23.7481
23.7484
23.7486
23.7488
23.7489
23.7491
23.7492
23.7493
23.7493
23.7494
23.7494
23.7494
23.7494
23.7494
23.7494
23.7493
23.7493
23.7492
23.7491
23.7489
23.7488
23.7486
23.7484
23.7481
23.7478
23.7475
23.7471
23.7466
23.7461
23.7454
23.7446
23.7437
23.7427
23.7415
23.7401
23.7385
23.7368
23.735
23.7332
23.7318
23.7309
23.7307
23.6849
23.6855
23.687
23.6891
23.6914
23.6937
23.6957
23.6975
23.6991
23.7004
23.7015
23.7025
23.7033
23.7039
23.7045
23.705
23.7054
23.7057
23.706
23.7063
23.7065
23.7066
23.7068
23.7069
23.707
23.7071
23.7072
23.7072
23.7072
23.7073
23.7073
23.7072
23.7072
23.7072
23.7071
23.707
23.7069
23.7068
23.7066
23.7065
23.7063
23.706
23.7057
23.7054
23.705
23.7045
23.7039
23.7033
23.7025
23.7015
23.7004
23.6991
23.6975
23.6957
23.6937
23.6914
23.6891
23.687
23.6855
23.6849
23.6315
23.6327
23.6352
23.6382
23.6412
23.644
23.6465
23.6485
23.6503
23.6517
23.6529
23.6538
23.6547
23.6553
23.6559
23.6564
23.6567
23.6571
23.6574
23.6576
23.6578
23.658
23.6581
23.6582
23.6583
23.6584
23.6585
23.6585
23.6585
23.6586
23.6586
23.6585
23.6585
23.6585
23.6584
23.6583
23.6582
23.6581
23.658
23.6578
23.6576
23.6574
23.6571
23.6567
23.6564
23.6559
23.6553
23.6547
23.6538
23.6529
23.6517
23.6503
23.6485
23.6465
23.644
23.6412
23.6382
23.6352
23.6327
23.6315
23.5696
23.5719
23.5758
23.5801
23.5841
23.5875
23.5903
23.5927
23.5945
23.596
23.5973
23.5983
23.5991
23.5997
23.6003
23.6007
23.6011
23.6014
23.6017
23.6019
23.6021
23.6023
23.6024
23.6025
23.6026
23.6027
23.6027
23.6028
23.6028
23.6028
23.6028
23.6028
23.6028
23.6027
23.6027
23.6026
23.6025
23.6024
23.6023
23.6021
23.6019
23.6017
23.6014
23.6011
23.6007
23.6003
23.5997
23.5991
23.5983
23.5973
23.596
23.5945
23.5927
23.5903
23.5875
23.5841
23.5801
23.5758
23.5719
23.5696
23.4989
23.5032
23.5093
23.5153
23.5205
23.5246
23.5278
23.5304
23.5323
23.5339
23.5351
23.5361
23.5369
23.5375
23.538
23.5385
23.5388
23.5391
23.5394
23.5396
23.5397
23.5399
23.54
23.5401
23.5402
23.5403
23.5403
23.5403
23.5404
23.5404
23.5404
23.5404
23.5403
23.5403
23.5403
23.5402
23.5401
23.54
23.5399
23.5397
23.5396
23.5394
23.5391
23.5388
23.5385
23.538
23.5375
23.5369
23.5361
23.5351
23.5339
23.5323
23.5304
23.5278
23.5246
23.5205
23.5153
23.5093
23.5032
23.4989
23.4221
23.4299
23.4394
23.4477
23.4541
23.4589
23.4624
23.4651
23.4671
23.4686
23.4698
23.4707
23.4715
23.4721
23.4725
23.4729
23.4732
23.4735
23.4737
23.4739
23.4741
23.4742
23.4743
23.4744
23.4745
23.4745
23.4746
23.4746
23.4746
23.4746
23.4746
23.4746
23.4746
23.4746
23.4745
23.4745
23.4744
23.4743
23.4742
23.4741
23.4739
23.4737
23.4735
23.4732
23.4729
23.4725
23.4721
23.4715
23.4707
23.4698
23.4686
23.4671
23.4651
23.4624
23.4589
23.4541
23.4477
23.4394
23.4299
23.4221
23.3512
23.3645
23.3788
23.3897
23.3973
23.4025
23.4062
23.4089
23.4108
23.4122
23.4133
23.4142
23.4148
23.4153
23.4158
23.4161
23.4164
23.4166
23.4168
23.417
23.4171
23.4172
23.4173
23.4174
23.4174
23.4175
23.4175
23.4175
23.4176
23.4176
23.4176
23.4176
23.4175
23.4175
23.4175
23.4174
23.4174
23.4173
23.4172
23.4171
23.417
23.4168
23.4166
23.4164
23.4161
23.4158
23.4153
23.4148
23.4142
23.4133
23.4122
23.4108
23.4089
23.4062
23.4025
23.3973
23.3897
23.3788
23.3645
23.3512
23.3204
23.3417
23.3618
23.3752
23.3835
23.3887
23.3921
23.3945
23.3963
23.3975
23.3984
23.3991
23.3997
23.4001
23.4005
23.4007
23.401
23.4011
23.4013
23.4014
23.4015
23.4016
23.4017
23.4017
23.4018
23.4018
23.4019
23.4019
23.4019
23.4019
23.4019
23.4019
23.4019
23.4019
23.4018
23.4018
23.4017
23.4017
23.4016
23.4015
23.4014
23.4013
23.4011
23.401
23.4007
23.4005
23.4001
23.3997
23.3991
23.3984
23.3975
23.3963
23.3945
23.3921
23.3887
23.3835
23.3752
23.3618
23.3417
23.3204
23.4064
23.4366
23.4619
23.4763
23.484
23.4884
23.4912
23.4931
23.4945
23.4954
23.4961
23.4966
23.497
23.4974
23.4976
23.4978
23.498
23.4981
23.4982
23.4983
23.4984
23.4984
23.4985
23.4985
23.4986
23.4986
23.4986
23.4986
23.4986
23.4986
23.4986
23.4986
23.4986
23.4986
23.4986
23.4986
23.4985
23.4985
23.4984
23.4984
23.4983
23.4982
23.4981
23.498
23.4978
23.4976
23.4974
23.497
23.4966
23.4961
23.4954
23.4945
23.4931
23.4912
23.4884
23.484
23.4763
23.4619
23.4366
23.4064
23.7381
23.773
23.7987
23.8108
23.8161
23.8189
23.8207
23.8219
23.8227
23.8232
23.8237
23.824
23.8242
23.8244
23.8245
23.8247
23.8247
23.8248
23.8249
23.8249
23.825
23.825
23.825
23.8251
23.8251
23.8251
23.8251
23.8251
23.8251
23.8251
23.8251
23.8251
23.8251
23.8251
23.8251
23.8251
23.8251
23.825
23.825
23.825
23.8249
23.8249
23.8248
23.8247
23.8247
23.8245
23.8244
23.8242
23.824
23.8237
23.8232
23.8227
23.8219
23.8207
23.8189
23.8161
23.8108
23.7987
23.773
23.7381
24.4595
24.4826
24.4971
24.5021
24.5036
24.5044
24.5049
24.5052
24.5055
24.5057
24.5058
24.5059
24.506
24.506
24.5061
24.5061
24.5061
24.5061
24.5062
24.5062
24.5062
24.5062
24.5062
24.5062
24.5062
24.5062
24.5062
24.5062
24.5062
24.5062
24.5062
24.5062
24.5062
24.5062
24.5062
24.5062
24.5062
24.5062
24.5062
24.5062
24.5062
24.5062
24.5061
24.5061
24.5061
24.5061
24.506
24.506
24.5059
24.5058
24.5057
24.5055
24.5052
24.5049
24.5044
24.5036
24.5021
24.4971
24.4826
24.4595
)
;

boundaryField
{
    top
    {
        type            fixedValue;
        value           uniform 25;
    }
    bottom
    {
        type            fixedValue;
        value           uniform 0;
    }
    wall
    {
        type            zeroGradient;
    }
    frontAndBack
    {
        type            empty;
    }
}


// ************************************************************************* //
