/*--------------------------------*- C++ -*----------------------------------*\
| =========                 |                                                 |
| \\      /  F ield         | foam-extend: Open Source CFD                    |
|  \\    /   O peration     | Version:     4.0                                |
|   \\  /    A nd           | Web:         http://www.foam-extend.org         |
|    \\/     M anipulation  |                                                 |
\*---------------------------------------------------------------------------*/
FoamFile
{
    version     2.0;
    format      ascii;
    class       volScalarField;
    location    "7";
    object      C1;
}
// * * * * * * * * * * * * * * * * * * * * * * * * * * * * * * * * * * * * * //

dimensions      [0 0 0 0 0 0 0];

internalField   nonuniform List<scalar> 
6960
(
1.7271
1.7271
1.7271
1.7271
1.7271
1.7271
1.7271
1.7271
1.7271
1.7271
1.7271
1.7271
1.7271
1.7271
1.7271
1.7271
1.7271
1.7271
1.7271
1.7271
1.7271
1.7271
1.7271
1.7271
1.7271
1.7271
1.7271
1.7271
1.7271
1.7271
1.7271
1.7271
1.7271
1.7271
1.7271
1.7271
1.7271
1.7271
1.7271
1.7271
1.7271
1.7271
1.7271
1.7271
1.7271
1.7271
1.7271
1.7271
1.7271
1.7271
1.7271
1.7271
1.7271
1.7271
1.7271
1.7271
1.7271
1.7271
1.7271
1.7271
0.768439
0.768439
0.768439
0.768439
0.768439
0.768439
0.768439
0.768439
0.768439
0.768439
0.768439
0.768439
0.768439
0.768439
0.768439
0.768439
0.768439
0.768439
0.768439
0.768439
0.768439
0.768439
0.768439
0.768439
0.768439
0.768439
0.768439
0.768439
0.768439
0.768439
0.768439
0.768439
0.768439
0.768439
0.768439
0.768439
0.768439
0.768439
0.768439
0.768439
0.768439
0.768439
0.768439
0.768439
0.768439
0.768439
0.768439
0.768439
0.768439
0.768439
0.768439
0.768439
0.768439
0.768439
0.768439
0.768439
0.768439
0.768439
0.768439
0.768439
0.510453
0.510453
0.510453
0.510453
0.510453
0.510453
0.510453
0.510453
0.510453
0.510453
0.510453
0.510453
0.510453
0.510453
0.510453
0.510453
0.510453
0.510453
0.510453
0.510453
0.510453
0.510453
0.510453
0.510453
0.510453
0.510453
0.510453
0.510453
0.510453
0.510453
0.510453
0.510453
0.510453
0.510453
0.510453
0.510453
0.510453
0.510453
0.510453
0.510453
0.510453
0.510453
0.510453
0.510453
0.510453
0.510453
0.510453
0.510453
0.510453
0.510453
0.510453
0.510453
0.510453
0.510453
0.510453
0.510453
0.510453
0.510453
0.510453
0.510453
0.41421
0.41421
0.41421
0.41421
0.41421
0.41421
0.41421
0.41421
0.41421
0.41421
0.41421
0.41421
0.41421
0.41421
0.41421
0.41421
0.41421
0.41421
0.41421
0.41421
0.41421
0.41421
0.41421
0.41421
0.41421
0.41421
0.41421
0.41421
0.41421
0.41421
0.41421
0.41421
0.41421
0.41421
0.41421
0.41421
0.41421
0.41421
0.41421
0.41421
0.41421
0.41421
0.41421
0.41421
0.41421
0.41421
0.41421
0.41421
0.41421
0.41421
0.41421
0.41421
0.41421
0.41421
0.41421
0.41421
0.41421
0.41421
0.41421
0.41421
0.375532
0.375532
0.375532
0.375532
0.375532
0.375532
0.375532
0.375532
0.375532
0.375532
0.375532
0.375532
0.375532
0.375532
0.375532
0.375532
0.375532
0.375532
0.375532
0.375532
0.375532
0.375532
0.375532
0.375532
0.375532
0.375532
0.375532
0.375532
0.375532
0.375532
0.375532
0.375532
0.375532
0.375532
0.375532
0.375532
0.375532
0.375532
0.375532
0.375532
0.375532
0.375532
0.375532
0.375532
0.375532
0.375532
0.375532
0.375532
0.375532
0.375532
0.375532
0.375532
0.375532
0.375532
0.375532
0.375532
0.375532
0.375532
0.375532
0.375532
0.362174
0.362174
0.362174
0.362174
0.362174
0.362174
0.362174
0.362174
0.362174
0.362174
0.362174
0.362174
0.362174
0.362174
0.362174
0.362174
0.362174
0.362174
0.362174
0.362174
0.362174
0.362174
0.362174
0.362174
0.362174
0.362174
0.362174
0.362174
0.362174
0.362174
0.362174
0.362174
0.362174
0.362174
0.362174
0.362174
0.362174
0.362174
0.362174
0.362174
0.362174
0.362174
0.362174
0.362174
0.362174
0.362174
0.362174
0.362174
0.362174
0.362174
0.362174
0.362174
0.362174
0.362174
0.362174
0.362174
0.362174
0.362174
0.362174
0.362174
0.361265
0.361265
0.361265
0.361265
0.361265
0.361265
0.361265
0.361265
0.361265
0.361265
0.361265
0.361265
0.361265
0.361265
0.361265
0.361265
0.361265
0.361265
0.361265
0.361265
0.361265
0.361265
0.361265
0.361265
0.361265
0.361265
0.361265
0.361265
0.361265
0.361265
0.361265
0.361265
0.361265
0.361265
0.361265
0.361265
0.361265
0.361265
0.361265
0.361265
0.361265
0.361265
0.361265
0.361265
0.361265
0.361265
0.361265
0.361265
0.361265
0.361265
0.361265
0.361265
0.361265
0.361265
0.361265
0.361265
0.361265
0.361265
0.361265
0.361265
0.366841
0.366841
0.366841
0.366841
0.366841
0.366841
0.366841
0.366841
0.366841
0.366841
0.366841
0.366841
0.366841
0.366841
0.366841
0.366841
0.366841
0.366841
0.366841
0.366841
0.366841
0.366841
0.366841
0.366841
0.366841
0.366841
0.366841
0.366841
0.366841
0.366841
0.366841
0.366841
0.366841
0.366841
0.366841
0.366841
0.366841
0.366841
0.366841
0.366841
0.366841
0.366841
0.366841
0.366841
0.366841
0.366841
0.366841
0.366841
0.366841
0.366841
0.366841
0.366841
0.366841
0.366841
0.366841
0.366841
0.366841
0.366841
0.366841
0.366841
0.375913
0.375913
0.375913
0.375913
0.375913
0.375913
0.375913
0.375913
0.375913
0.375913
0.375913
0.375913
0.375913
0.375913
0.375913
0.375913
0.375913
0.375913
0.375913
0.375913
0.375913
0.375913
0.375913
0.375913
0.375913
0.375913
0.375913
0.375913
0.375913
0.375913
0.375913
0.375913
0.375913
0.375913
0.375913
0.375913
0.375913
0.375913
0.375913
0.375913
0.375913
0.375913
0.375913
0.375913
0.375913
0.375913
0.375913
0.375913
0.375913
0.375913
0.375913
0.375913
0.375913
0.375913
0.375913
0.375913
0.375913
0.375913
0.375913
0.375913
0.38694
0.38694
0.38694
0.38694
0.38694
0.38694
0.38694
0.38694
0.38694
0.38694
0.38694
0.38694
0.38694
0.38694
0.38694
0.38694
0.38694
0.38694
0.38694
0.38694
0.38694
0.38694
0.38694
0.38694
0.38694
0.38694
0.38694
0.38694
0.38694
0.38694
0.38694
0.38694
0.38694
0.38694
0.38694
0.38694
0.38694
0.38694
0.38694
0.38694
0.38694
0.38694
0.38694
0.38694
0.38694
0.38694
0.38694
0.38694
0.38694
0.38694
0.38694
0.38694
0.38694
0.38694
0.38694
0.38694
0.38694
0.38694
0.38694
0.38694
0.399129
0.399129
0.399129
0.399129
0.399129
0.399129
0.399129
0.399129
0.399129
0.399129
0.399129
0.399129
0.399129
0.399129
0.399129
0.399129
0.399129
0.399129
0.399129
0.399129
0.399129
0.399129
0.399129
0.399129
0.399129
0.399129
0.399129
0.399129
0.399129
0.399129
0.399129
0.399129
0.399129
0.399129
0.399129
0.399129
0.399129
0.399129
0.399129
0.399129
0.399129
0.399129
0.399129
0.399129
0.399129
0.399129
0.399129
0.399129
0.399129
0.399129
0.399129
0.399129
0.399129
0.399129
0.399129
0.399129
0.399129
0.399129
0.399129
0.399129
0.412083
0.412083
0.412083
0.412083
0.412083
0.412083
0.412083
0.412083
0.412083
0.412083
0.412083
0.412083
0.412083
0.412083
0.412083
0.412083
0.412083
0.412083
0.412083
0.412083
0.412083
0.412083
0.412083
0.412083
0.412083
0.412083
0.412083
0.412083
0.412083
0.412083
0.412083
0.412083
0.412083
0.412083
0.412083
0.412083
0.412083
0.412083
0.412083
0.412083
0.412083
0.412083
0.412083
0.412083
0.412083
0.412083
0.412083
0.412083
0.412083
0.412083
0.412083
0.412083
0.412083
0.412083
0.412083
0.412083
0.412083
0.412083
0.412083
0.412083
0.425614
0.425614
0.425614
0.425614
0.425614
0.425614
0.425614
0.425614
0.425614
0.425614
0.425614
0.425614
0.425614
0.425614
0.425614
0.425614
0.425614
0.425614
0.425614
0.425614
0.425614
0.425614
0.425614
0.425614
0.425614
0.425614
0.425614
0.425614
0.425614
0.425614
0.425614
0.425614
0.425614
0.425614
0.425614
0.425614
0.425614
0.425614
0.425614
0.425614
0.425614
0.425614
0.425614
0.425614
0.425614
0.425614
0.425614
0.425614
0.425614
0.425614
0.425614
0.425614
0.425614
0.425614
0.425614
0.425614
0.425614
0.425614
0.425614
0.425614
0.439637
0.439637
0.439636
0.439636
0.439636
0.439636
0.439636
0.439636
0.439636
0.439636
0.439636
0.439636
0.439636
0.439636
0.439636
0.439636
0.439636
0.439636
0.439636
0.439636
0.439636
0.439636
0.439636
0.439636
0.439636
0.439636
0.439636
0.439636
0.439636
0.439636
0.439636
0.439636
0.439636
0.439636
0.439636
0.439636
0.439636
0.439636
0.439636
0.439636
0.439636
0.439636
0.439636
0.439636
0.439636
0.439636
0.439636
0.439636
0.439636
0.439636
0.439636
0.439636
0.439636
0.439636
0.439636
0.439636
0.439636
0.439636
0.439637
0.439637
0.454119
0.454119
0.454119
0.454119
0.454119
0.454119
0.454119
0.454119
0.454119
0.454119
0.454119
0.454119
0.454119
0.454119
0.454119
0.454119
0.454119
0.454119
0.454119
0.454119
0.454119
0.454119
0.454119
0.454119
0.454119
0.454119
0.454119
0.454119
0.454119
0.454119
0.454119
0.454119
0.454119
0.454119
0.454119
0.454119
0.454119
0.454119
0.454119
0.454119
0.454119
0.454119
0.454119
0.454119
0.454119
0.454119
0.454119
0.454119
0.454119
0.454119
0.454119
0.454119
0.454119
0.454119
0.454119
0.454119
0.454119
0.454119
0.454119
0.454119
0.469055
0.469055
0.469055
0.469055
0.469055
0.469055
0.469055
0.469055
0.469055
0.469055
0.469055
0.469055
0.469055
0.469055
0.469055
0.469055
0.469055
0.469055
0.469055
0.469055
0.469055
0.469055
0.469055
0.469055
0.469055
0.469055
0.469055
0.469055
0.469055
0.469055
0.469055
0.469055
0.469055
0.469055
0.469055
0.469055
0.469055
0.469055
0.469055
0.469055
0.469055
0.469055
0.469055
0.469055
0.469055
0.469055
0.469055
0.469055
0.469055
0.469055
0.469055
0.469055
0.469055
0.469055
0.469055
0.469055
0.469055
0.469055
0.469055
0.469055
0.484449
0.484449
0.484449
0.484449
0.484449
0.484449
0.484449
0.484449
0.484449
0.484449
0.484449
0.484449
0.484449
0.484449
0.484449
0.484449
0.484449
0.484449
0.484449
0.484449
0.484449
0.484449
0.484449
0.484449
0.484449
0.484449
0.484449
0.484449
0.484449
0.484449
0.484449
0.484449
0.484449
0.484449
0.484449
0.484449
0.484449
0.484449
0.484449
0.484449
0.484449
0.484449
0.484449
0.484449
0.484449
0.484449
0.484449
0.484449
0.484449
0.484449
0.484449
0.484449
0.484449
0.484449
0.484449
0.484449
0.484449
0.484449
0.484449
0.484449
0.500311
0.500311
0.50031
0.50031
0.50031
0.50031
0.50031
0.50031
0.50031
0.50031
0.50031
0.50031
0.50031
0.50031
0.50031
0.50031
0.50031
0.50031
0.50031
0.50031
0.50031
0.50031
0.50031
0.50031
0.50031
0.50031
0.50031
0.50031
0.50031
0.50031
0.50031
0.50031
0.50031
0.50031
0.50031
0.50031
0.50031
0.50031
0.50031
0.50031
0.50031
0.50031
0.50031
0.50031
0.50031
0.50031
0.50031
0.50031
0.50031
0.50031
0.50031
0.50031
0.50031
0.50031
0.50031
0.50031
0.50031
0.50031
0.500311
0.500311
0.516653
0.516653
0.516653
0.516653
0.516652
0.516652
0.516652
0.516652
0.516652
0.516652
0.516652
0.516652
0.516652
0.516652
0.516652
0.516652
0.516652
0.516652
0.516652
0.516652
0.516652
0.516652
0.516652
0.516652
0.516652
0.516652
0.516652
0.516652
0.516652
0.516652
0.516652
0.516652
0.516652
0.516652
0.516652
0.516652
0.516652
0.516652
0.516652
0.516652
0.516652
0.516652
0.516652
0.516652
0.516652
0.516652
0.516652
0.516652
0.516652
0.516652
0.516652
0.516652
0.516652
0.516652
0.516652
0.516652
0.516653
0.516653
0.516653
0.516653
0.533489
0.533489
0.533489
0.533489
0.533489
0.533489
0.533489
0.533489
0.533489
0.533489
0.533489
0.533489
0.533489
0.533489
0.533489
0.533489
0.533489
0.533489
0.533489
0.533489
0.533489
0.533489
0.533489
0.533489
0.533489
0.533489
0.533489
0.533489
0.533489
0.533489
0.533489
0.533489
0.533489
0.533489
0.533489
0.533489
0.533489
0.533489
0.533489
0.533489
0.533489
0.533489
0.533489
0.533489
0.533489
0.533489
0.533489
0.533489
0.533489
0.533489
0.533489
0.533489
0.533489
0.533489
0.533489
0.533489
0.533489
0.533489
0.533489
0.533489
0.550834
0.550833
0.550833
0.550833
0.550833
0.550833
0.550833
0.550833
0.550833
0.550833
0.550833
0.550833
0.550833
0.550833
0.550833
0.550833
0.550833
0.550833
0.550833
0.550833
0.550833
0.550833
0.550833
0.550833
0.550833
0.550833
0.550833
0.550833
0.550833
0.550833
0.550833
0.550833
0.550833
0.550833
0.550833
0.550833
0.550833
0.550833
0.550833
0.550833
0.550833
0.550833
0.550833
0.550833
0.550833
0.550833
0.550833
0.550833
0.550833
0.550833
0.550833
0.550833
0.550833
0.550833
0.550833
0.550833
0.550833
0.550833
0.550833
0.550834
0.568702
0.568701
0.568701
0.568701
0.568701
0.568701
0.568701
0.568701
0.568701
0.568701
0.568701
0.568701
0.568701
0.568701
0.568701
0.568701
0.568701
0.568701
0.568701
0.568701
0.568701
0.568701
0.568701
0.568701
0.568701
0.568701
0.568701
0.568701
0.568701
0.568701
0.568701
0.568701
0.568701
0.568701
0.568701
0.568701
0.568701
0.568701
0.568701
0.568701
0.568701
0.568701
0.568701
0.568701
0.568701
0.568701
0.568701
0.568701
0.568701
0.568701
0.568701
0.568701
0.568701
0.568701
0.568701
0.568701
0.568701
0.568701
0.568701
0.568702
0.587109
0.587108
0.587108
0.587108
0.587108
0.587108
0.587108
0.587108
0.587108
0.587108
0.587108
0.587108
0.587108
0.587108
0.587108
0.587108
0.587108
0.587108
0.587108
0.587108
0.587108
0.587108
0.587108
0.587108
0.587108
0.587108
0.587108
0.587108
0.587108
0.587108
0.587108
0.587108
0.587108
0.587108
0.587108
0.587108
0.587108
0.587108
0.587108
0.587108
0.587108
0.587108
0.587108
0.587108
0.587108
0.587108
0.587108
0.587108
0.587108
0.587108
0.587108
0.587108
0.587108
0.587108
0.587108
0.587108
0.587108
0.587108
0.587108
0.587109
0.606071
0.60607
0.60607
0.60607
0.60607
0.60607
0.60607
0.60607
0.60607
0.60607
0.60607
0.60607
0.60607
0.60607
0.60607
0.60607
0.60607
0.60607
0.60607
0.60607
0.60607
0.60607
0.60607
0.60607
0.60607
0.60607
0.60607
0.60607
0.60607
0.60607
0.60607
0.60607
0.60607
0.60607
0.60607
0.60607
0.60607
0.60607
0.60607
0.60607
0.60607
0.60607
0.60607
0.60607
0.60607
0.60607
0.60607
0.60607
0.60607
0.60607
0.60607
0.60607
0.60607
0.60607
0.60607
0.60607
0.60607
0.60607
0.60607
0.606071
0.625604
0.625604
0.625604
0.625604
0.625604
0.625604
0.625604
0.625604
0.625604
0.625604
0.625604
0.625604
0.625604
0.625604
0.625604
0.625604
0.625604
0.625604
0.625604
0.625604
0.625604
0.625604
0.625604
0.625604
0.625604
0.625604
0.625604
0.625604
0.625604
0.625604
0.625604
0.625604
0.625604
0.625604
0.625604
0.625604
0.625604
0.625604
0.625604
0.625604
0.625604
0.625604
0.625604
0.625604
0.625604
0.625604
0.625604
0.625604
0.625604
0.625604
0.625604
0.625604
0.625604
0.625604
0.625604
0.625604
0.625604
0.625604
0.625604
0.625604
0.645726
0.645726
0.645726
0.645726
0.645726
0.645726
0.645726
0.645726
0.645726
0.645726
0.645726
0.645726
0.645726
0.645726
0.645726
0.645726
0.645726
0.645726
0.645726
0.645726
0.645726
0.645726
0.645726
0.645726
0.645726
0.645726
0.645726
0.645726
0.645726
0.645726
0.645726
0.645726
0.645726
0.645726
0.645726
0.645726
0.645726
0.645726
0.645726
0.645726
0.645726
0.645726
0.645726
0.645726
0.645726
0.645726
0.645726
0.645726
0.645726
0.645726
0.645726
0.645726
0.645726
0.645726
0.645726
0.645726
0.645726
0.645726
0.645726
0.645726
0.666454
0.666454
0.666454
0.666454
0.666454
0.666454
0.666454
0.666454
0.666454
0.666454
0.666454
0.666454
0.666454
0.666454
0.666454
0.666454
0.666454
0.666454
0.666454
0.666454
0.666454
0.666454
0.666454
0.666454
0.666454
0.666454
0.666454
0.666454
0.666454
0.666454
0.666454
0.666454
0.666454
0.666454
0.666454
0.666454
0.666454
0.666454
0.666454
0.666454
0.666454
0.666454
0.666454
0.666454
0.666454
0.666454
0.666454
0.666454
0.666454
0.666454
0.666454
0.666454
0.666454
0.666454
0.666454
0.666454
0.666454
0.666454
0.666454
0.666454
0.687806
0.687806
0.687806
0.687806
0.687806
0.687806
0.687806
0.687806
0.687806
0.687806
0.687806
0.687806
0.687806
0.687806
0.687806
0.687806
0.687806
0.687806
0.687806
0.687806
0.687806
0.687806
0.687806
0.687806
0.687806
0.687806
0.687806
0.687806
0.687806
0.687806
0.687806
0.687806
0.687806
0.687806
0.687806
0.687806
0.687806
0.687806
0.687806
0.687806
0.687806
0.687806
0.687806
0.687806
0.687806
0.687806
0.687806
0.687806
0.687806
0.687806
0.687806
0.687806
0.687806
0.687806
0.687806
0.687806
0.687806
0.687806
0.687806
0.687806
0.709801
0.709801
0.709801
0.709801
0.709801
0.709801
0.709801
0.709801
0.709801
0.709801
0.709801
0.709801
0.709801
0.709801
0.709801
0.709801
0.709801
0.709801
0.709801
0.709801
0.709801
0.709801
0.709801
0.709801
0.709801
0.709801
0.709801
0.709801
0.709801
0.709801
0.709801
0.709801
0.709801
0.709801
0.709801
0.709801
0.709801
0.709801
0.709801
0.709801
0.709801
0.709801
0.709801
0.709801
0.709801
0.709801
0.709801
0.709801
0.709801
0.709801
0.709801
0.709801
0.709801
0.709801
0.709801
0.709801
0.709801
0.709801
0.709801
0.709801
0.732458
0.732457
0.732457
0.732457
0.732457
0.732457
0.732457
0.732457
0.732457
0.732457
0.732457
0.732457
0.732457
0.732457
0.732457
0.732457
0.732457
0.732457
0.732457
0.732457
0.732457
0.732457
0.732457
0.732457
0.732457
0.732457
0.732457
0.732457
0.732457
0.732457
0.732457
0.732457
0.732457
0.732457
0.732457
0.732457
0.732457
0.732457
0.732457
0.732457
0.732457
0.732457
0.732457
0.732457
0.732457
0.732457
0.732457
0.732457
0.732457
0.732457
0.732457
0.732457
0.732457
0.732457
0.732457
0.732457
0.732457
0.732457
0.732457
0.732458
0.755796
0.755796
0.755795
0.755795
0.755795
0.755795
0.755795
0.755795
0.755795
0.755795
0.755795
0.755795
0.755795
0.755795
0.755795
0.755795
0.755795
0.755795
0.755795
0.755795
0.755795
0.755795
0.755795
0.755795
0.755795
0.755795
0.755795
0.755795
0.755795
0.755795
0.755795
0.755795
0.755795
0.755795
0.755795
0.755795
0.755795
0.755795
0.755795
0.755795
0.755795
0.755795
0.755795
0.755795
0.755795
0.755795
0.755795
0.755795
0.755795
0.755795
0.755795
0.755795
0.755795
0.755795
0.755795
0.755795
0.755795
0.755795
0.755796
0.755796
0.779836
0.779836
0.779835
0.779835
0.779835
0.779835
0.779835
0.779835
0.779835
0.779835
0.779835
0.779835
0.779835
0.779835
0.779835
0.779835
0.779835
0.779835
0.779835
0.779835
0.779835
0.779835
0.779835
0.779835
0.779835
0.779835
0.779835
0.779835
0.779835
0.779835
0.779835
0.779835
0.779835
0.779835
0.779835
0.779835
0.779835
0.779835
0.779835
0.779835
0.779835
0.779835
0.779835
0.779835
0.779835
0.779835
0.779835
0.779835
0.779835
0.779835
0.779835
0.779835
0.779835
0.779835
0.779835
0.779835
0.779835
0.779835
0.779836
0.779836
0.804599
0.804599
0.804599
0.804599
0.804598
0.804598
0.804598
0.804598
0.804598
0.804598
0.804598
0.804598
0.804598
0.804598
0.804598
0.804598
0.804598
0.804598
0.804598
0.804598
0.804598
0.804598
0.804598
0.804598
0.804598
0.804598
0.804598
0.804598
0.804598
0.804598
0.804598
0.804598
0.804598
0.804598
0.804598
0.804598
0.804598
0.804598
0.804598
0.804598
0.804598
0.804598
0.804598
0.804598
0.804598
0.804598
0.804598
0.804598
0.804598
0.804598
0.804598
0.804598
0.804598
0.804598
0.804598
0.804598
0.804599
0.804599
0.804599
0.804599
0.830107
0.830106
0.830106
0.830106
0.830106
0.830106
0.830106
0.830106
0.830106
0.830106
0.830106
0.830106
0.830106
0.830106
0.830106
0.830106
0.830106
0.830106
0.830106
0.830106
0.830106
0.830106
0.830106
0.830106
0.830106
0.830106
0.830106
0.830106
0.830106
0.830106
0.830106
0.830106
0.830106
0.830106
0.830106
0.830106
0.830106
0.830106
0.830106
0.830106
0.830106
0.830106
0.830106
0.830106
0.830106
0.830106
0.830106
0.830106
0.830106
0.830106
0.830106
0.830106
0.830106
0.830106
0.830106
0.830106
0.830106
0.830106
0.830106
0.830107
0.856381
0.856381
0.856381
0.856381
0.856381
0.856381
0.856381
0.856381
0.856381
0.856381
0.856381
0.856381
0.856381
0.856381
0.856381
0.856381
0.856381
0.856381
0.856381
0.856381
0.856381
0.856381
0.856381
0.856381
0.856381
0.856381
0.856381
0.856381
0.856381
0.856381
0.856381
0.856381
0.856381
0.856381
0.856381
0.856381
0.856381
0.856381
0.856381
0.856381
0.856381
0.856381
0.856381
0.856381
0.856381
0.856381
0.856381
0.856381
0.856381
0.856381
0.856381
0.856381
0.856381
0.856381
0.856381
0.856381
0.856381
0.856381
0.856381
0.856381
0.883445
0.883445
0.883445
0.883445
0.883445
0.883445
0.883445
0.883445
0.883445
0.883445
0.883445
0.883445
0.883445
0.883445
0.883445
0.883445
0.883445
0.883445
0.883445
0.883445
0.883445
0.883445
0.883445
0.883445
0.883445
0.883445
0.883445
0.883445
0.883445
0.883445
0.883445
0.883445
0.883445
0.883445
0.883445
0.883445
0.883445
0.883445
0.883445
0.883445
0.883445
0.883445
0.883445
0.883445
0.883445
0.883445
0.883445
0.883445
0.883445
0.883445
0.883445
0.883445
0.883445
0.883445
0.883445
0.883445
0.883445
0.883445
0.883445
0.883445
0.911323
0.911323
0.911323
0.911323
0.911323
0.911323
0.911323
0.911323
0.911323
0.911323
0.911323
0.911323
0.911323
0.911323
0.911323
0.911323
0.911323
0.911323
0.911323
0.911323
0.911323
0.911323
0.911323
0.911323
0.911323
0.911323
0.911323
0.911323
0.911323
0.911323
0.911323
0.911323
0.911323
0.911323
0.911323
0.911323
0.911323
0.911323
0.911323
0.911323
0.911323
0.911323
0.911323
0.911323
0.911323
0.911323
0.911323
0.911323
0.911323
0.911323
0.911323
0.911323
0.911323
0.911323
0.911323
0.911323
0.911323
0.911323
0.911323
0.911323
0.940039
0.940038
0.940038
0.940038
0.940038
0.940038
0.940038
0.940038
0.940038
0.940038
0.940038
0.940038
0.940038
0.940038
0.940038
0.940038
0.940038
0.940038
0.940038
0.940038
0.940038
0.940038
0.940038
0.940038
0.940038
0.940038
0.940038
0.940038
0.940038
0.940038
0.940038
0.940038
0.940038
0.940038
0.940038
0.940038
0.940038
0.940038
0.940038
0.940038
0.940038
0.940038
0.940038
0.940038
0.940038
0.940038
0.940038
0.940038
0.940038
0.940038
0.940038
0.940038
0.940038
0.940038
0.940038
0.940038
0.940038
0.940038
0.940038
0.940039
0.969617
0.969617
0.969616
0.969616
0.969616
0.969616
0.969616
0.969616
0.969616
0.969616
0.969616
0.969616
0.969616
0.969616
0.969616
0.969616
0.969616
0.969616
0.969616
0.969616
0.969616
0.969616
0.969616
0.969616
0.969616
0.969616
0.969616
0.969616
0.969616
0.969616
0.969616
0.969616
0.969616
0.969616
0.969616
0.969616
0.969616
0.969616
0.969616
0.969616
0.969616
0.969616
0.969616
0.969616
0.969616
0.969616
0.969616
0.969616
0.969616
0.969616
0.969616
0.969616
0.969616
0.969616
0.969616
0.969616
0.969616
0.969616
0.969617
0.969617
1.00008
1.00008
1.00008
1.00008
1.00008
1.00008
1.00008
1.00008
1.00008
1.00008
1.00008
1.00008
1.00008
1.00008
1.00008
1.00008
1.00008
1.00008
1.00008
1.00008
1.00008
1.00008
1.00008
1.00008
1.00008
1.00008
1.00008
1.00008
1.00008
1.00008
1.00008
1.00008
1.00008
1.00008
1.00008
1.00008
1.00008
1.00008
1.00008
1.00008
1.00008
1.00008
1.00008
1.00008
1.00008
1.00008
1.00008
1.00008
1.00008
1.00008
1.00008
1.00008
1.00008
1.00008
1.00008
1.00008
1.00008
1.00008
1.00008
1.00008
1.03147
1.03147
1.03147
1.03147
1.03147
1.03147
1.03147
1.03147
1.03147
1.03147
1.03147
1.03147
1.03147
1.03147
1.03147
1.03147
1.03147
1.03147
1.03147
1.03147
1.03147
1.03147
1.03147
1.03147
1.03147
1.03147
1.03147
1.03147
1.03147
1.03147
1.03147
1.03147
1.03147
1.03147
1.03147
1.03147
1.03147
1.03147
1.03147
1.03147
1.03147
1.03147
1.03147
1.03147
1.03147
1.03147
1.03147
1.03147
1.03147
1.03147
1.03147
1.03147
1.03147
1.03147
1.03147
1.03147
1.03147
1.03147
1.03147
1.03147
1.06379
1.06379
1.06379
1.06379
1.06379
1.06379
1.06379
1.06379
1.06379
1.06379
1.06379
1.06379
1.06379
1.06379
1.06379
1.06379
1.06379
1.06379
1.06379
1.06379
1.06379
1.06379
1.06379
1.06379
1.06379
1.06379
1.06379
1.06379
1.06379
1.06379
1.06379
1.06379
1.06379
1.06379
1.06379
1.06379
1.06379
1.06379
1.06379
1.06379
1.06379
1.06379
1.06379
1.06379
1.06379
1.06379
1.06379
1.06379
1.06379
1.06379
1.06379
1.06379
1.06379
1.06379
1.06379
1.06379
1.06379
1.06379
1.06379
1.06379
1.09709
1.09709
1.09709
1.09709
1.09709
1.09709
1.09709
1.09709
1.09709
1.09709
1.09709
1.09709
1.09709
1.09709
1.09709
1.09709
1.09709
1.09709
1.09709
1.09709
1.09709
1.09709
1.09709
1.09709
1.09709
1.09709
1.09709
1.09709
1.09709
1.09709
1.09709
1.09709
1.09709
1.09709
1.09709
1.09709
1.09709
1.09709
1.09709
1.09709
1.09709
1.09709
1.09709
1.09709
1.09709
1.09709
1.09709
1.09709
1.09709
1.09709
1.09709
1.09709
1.09709
1.09709
1.09709
1.09709
1.09709
1.09709
1.09709
1.09709
1.13138
1.13138
1.13138
1.13138
1.13138
1.13138
1.13138
1.13138
1.13138
1.13138
1.13138
1.13138
1.13138
1.13138
1.13138
1.13138
1.13138
1.13138
1.13138
1.13138
1.13138
1.13138
1.13138
1.13138
1.13138
1.13138
1.13138
1.13138
1.13138
1.13138
1.13138
1.13138
1.13138
1.13138
1.13138
1.13138
1.13138
1.13138
1.13138
1.13138
1.13138
1.13138
1.13138
1.13138
1.13138
1.13138
1.13138
1.13138
1.13138
1.13138
1.13138
1.13138
1.13138
1.13138
1.13138
1.13138
1.13138
1.13138
1.13138
1.13138
1.16671
1.16671
1.16671
1.16671
1.16671
1.16671
1.16671
1.16671
1.16671
1.16671
1.16671
1.16671
1.16671
1.16671
1.16671
1.16671
1.16671
1.16671
1.16671
1.16671
1.16671
1.16671
1.16671
1.16671
1.16671
1.16671
1.16671
1.16671
1.16671
1.16671
1.16671
1.16671
1.16671
1.16671
1.16671
1.16671
1.16671
1.16671
1.16671
1.16671
1.16671
1.16671
1.16671
1.16671
1.16671
1.16671
1.16671
1.16671
1.16671
1.16671
1.16671
1.16671
1.16671
1.16671
1.16671
1.16671
1.16671
1.16671
1.16671
1.16671
1.2031
1.2031
1.2031
1.2031
1.2031
1.2031
1.2031
1.2031
1.2031
1.2031
1.2031
1.2031
1.2031
1.2031
1.2031
1.2031
1.2031
1.2031
1.2031
1.2031
1.2031
1.2031
1.2031
1.2031
1.2031
1.2031
1.2031
1.2031
1.2031
1.2031
1.2031
1.2031
1.2031
1.2031
1.2031
1.2031
1.2031
1.2031
1.2031
1.2031
1.2031
1.2031
1.2031
1.2031
1.2031
1.2031
1.2031
1.2031
1.2031
1.2031
1.2031
1.2031
1.2031
1.2031
1.2031
1.2031
1.2031
1.2031
1.2031
1.2031
1.24058
1.24058
1.24058
1.24058
1.24058
1.24058
1.24058
1.24058
1.24058
1.24058
1.24058
1.24058
1.24058
1.24058
1.24058
1.24058
1.24058
1.24058
1.24058
1.24058
1.24058
1.24058
1.24058
1.24058
1.24058
1.24058
1.24058
1.24058
1.24058
1.24058
1.24058
1.24058
1.24058
1.24058
1.24058
1.24058
1.24058
1.24058
1.24058
1.24058
1.24058
1.24058
1.24058
1.24058
1.24058
1.24058
1.24058
1.24058
1.24058
1.24058
1.24058
1.24058
1.24058
1.24058
1.24058
1.24058
1.24058
1.24058
1.24058
1.24058
1.27918
1.27918
1.27918
1.27918
1.27918
1.27918
1.27918
1.27918
1.27918
1.27918
1.27918
1.27918
1.27918
1.27918
1.27918
1.27918
1.27918
1.27918
1.27918
1.27918
1.27918
1.27918
1.27918
1.27918
1.27918
1.27918
1.27918
1.27918
1.27918
1.27918
1.27918
1.27918
1.27918
1.27918
1.27918
1.27918
1.27918
1.27918
1.27918
1.27918
1.27918
1.27918
1.27918
1.27918
1.27918
1.27918
1.27918
1.27918
1.27918
1.27918
1.27918
1.27918
1.27918
1.27918
1.27918
1.27918
1.27918
1.27918
1.27918
1.27918
1.31895
1.31895
1.31895
1.31895
1.31895
1.31895
1.31895
1.31895
1.31895
1.31895
1.31895
1.31895
1.31895
1.31895
1.31895
1.31895
1.31895
1.31895
1.31895
1.31895
1.31895
1.31895
1.31895
1.31895
1.31895
1.31895
1.31895
1.31895
1.31895
1.31895
1.31895
1.31895
1.31895
1.31895
1.31895
1.31895
1.31895
1.31895
1.31895
1.31895
1.31895
1.31895
1.31895
1.31895
1.31895
1.31895
1.31895
1.31895
1.31895
1.31895
1.31895
1.31895
1.31895
1.31895
1.31895
1.31895
1.31895
1.31895
1.31895
1.31895
1.35991
1.35991
1.35991
1.35991
1.35991
1.35991
1.35991
1.35991
1.35991
1.35991
1.35991
1.35991
1.35991
1.35991
1.35991
1.35991
1.35991
1.35991
1.35991
1.35991
1.35991
1.35991
1.35991
1.35991
1.35991
1.35991
1.35991
1.35991
1.35991
1.35991
1.35991
1.35991
1.35991
1.35991
1.35991
1.35991
1.35991
1.35991
1.35991
1.35991
1.35991
1.35991
1.35991
1.35991
1.35991
1.35991
1.35991
1.35991
1.35991
1.35991
1.35991
1.35991
1.35991
1.35991
1.35991
1.35991
1.35991
1.35991
1.35991
1.35991
1.4021
1.4021
1.4021
1.4021
1.4021
1.4021
1.4021
1.4021
1.4021
1.4021
1.4021
1.4021
1.4021
1.4021
1.4021
1.4021
1.4021
1.4021
1.4021
1.4021
1.4021
1.4021
1.4021
1.4021
1.4021
1.4021
1.4021
1.4021
1.4021
1.4021
1.4021
1.4021
1.4021
1.4021
1.4021
1.4021
1.4021
1.4021
1.4021
1.4021
1.4021
1.4021
1.4021
1.4021
1.4021
1.4021
1.4021
1.4021
1.4021
1.4021
1.4021
1.4021
1.4021
1.4021
1.4021
1.4021
1.4021
1.4021
1.4021
1.4021
1.44555
1.44555
1.44555
1.44555
1.44555
1.44555
1.44555
1.44555
1.44555
1.44555
1.44555
1.44555
1.44555
1.44555
1.44555
1.44555
1.44555
1.44555
1.44555
1.44555
1.44555
1.44555
1.44555
1.44555
1.44555
1.44555
1.44555
1.44555
1.44555
1.44555
1.44555
1.44555
1.44555
1.44555
1.44555
1.44555
1.44555
1.44555
1.44555
1.44555
1.44555
1.44555
1.44555
1.44555
1.44555
1.44555
1.44555
1.44555
1.44555
1.44555
1.44555
1.44555
1.44555
1.44555
1.44555
1.44555
1.44555
1.44555
1.44555
1.44555
1.49031
1.49031
1.49031
1.49031
1.49031
1.49031
1.49031
1.49031
1.49031
1.49031
1.49031
1.49031
1.49031
1.49031
1.49031
1.49031
1.49031
1.49031
1.49031
1.49031
1.49031
1.49031
1.49031
1.49031
1.49031
1.49031
1.49031
1.49031
1.49031
1.49031
1.49031
1.49031
1.49031
1.49031
1.49031
1.49031
1.49031
1.49031
1.49031
1.49031
1.49031
1.49031
1.49031
1.49031
1.49031
1.49031
1.49031
1.49031
1.49031
1.49031
1.49031
1.49031
1.49031
1.49031
1.49031
1.49031
1.49031
1.49031
1.49031
1.49031
1.53642
1.53642
1.53642
1.53642
1.53642
1.53642
1.53642
1.53642
1.53642
1.53642
1.53642
1.53642
1.53642
1.53642
1.53642
1.53642
1.53642
1.53642
1.53642
1.53642
1.53642
1.53642
1.53642
1.53642
1.53642
1.53642
1.53642
1.53642
1.53642
1.53642
1.53642
1.53642
1.53642
1.53642
1.53642
1.53642
1.53642
1.53642
1.53642
1.53642
1.53642
1.53642
1.53642
1.53642
1.53642
1.53642
1.53642
1.53642
1.53642
1.53642
1.53642
1.53642
1.53642
1.53642
1.53642
1.53642
1.53642
1.53642
1.53642
1.53642
1.5839
1.5839
1.5839
1.5839
1.5839
1.5839
1.5839
1.5839
1.5839
1.5839
1.5839
1.5839
1.5839
1.5839
1.5839
1.5839
1.5839
1.5839
1.5839
1.5839
1.5839
1.5839
1.5839
1.5839
1.5839
1.5839
1.5839
1.5839
1.5839
1.5839
1.5839
1.5839
1.5839
1.5839
1.5839
1.5839
1.5839
1.5839
1.5839
1.5839
1.5839
1.5839
1.5839
1.5839
1.5839
1.5839
1.5839
1.5839
1.5839
1.5839
1.5839
1.5839
1.5839
1.5839
1.5839
1.5839
1.5839
1.5839
1.5839
1.5839
1.63282
1.63282
1.63282
1.63282
1.63282
1.63282
1.63282
1.63282
1.63282
1.63282
1.63282
1.63282
1.63282
1.63282
1.63282
1.63282
1.63282
1.63282
1.63282
1.63282
1.63282
1.63282
1.63282
1.63282
1.63282
1.63282
1.63282
1.63282
1.63282
1.63282
1.63282
1.63282
1.63282
1.63282
1.63282
1.63282
1.63282
1.63282
1.63282
1.63282
1.63282
1.63282
1.63282
1.63282
1.63282
1.63282
1.63282
1.63282
1.63282
1.63282
1.63282
1.63282
1.63282
1.63282
1.63282
1.63282
1.63282
1.63282
1.63282
1.63282
1.6832
1.6832
1.6832
1.6832
1.6832
1.6832
1.6832
1.6832
1.6832
1.6832
1.6832
1.6832
1.6832
1.6832
1.6832
1.6832
1.6832
1.6832
1.6832
1.6832
1.6832
1.6832
1.6832
1.6832
1.6832
1.6832
1.6832
1.6832
1.6832
1.6832
1.6832
1.6832
1.6832
1.6832
1.6832
1.6832
1.6832
1.6832
1.6832
1.6832
1.6832
1.6832
1.6832
1.6832
1.6832
1.6832
1.6832
1.6832
1.6832
1.6832
1.6832
1.6832
1.6832
1.6832
1.6832
1.6832
1.6832
1.6832
1.6832
1.6832
1.7351
1.7351
1.7351
1.7351
1.7351
1.7351
1.7351
1.7351
1.7351
1.7351
1.7351
1.7351
1.7351
1.7351
1.7351
1.7351
1.7351
1.7351
1.7351
1.7351
1.7351
1.7351
1.7351
1.7351
1.7351
1.7351
1.7351
1.7351
1.7351
1.7351
1.7351
1.7351
1.7351
1.7351
1.7351
1.7351
1.7351
1.7351
1.7351
1.7351
1.7351
1.7351
1.7351
1.7351
1.7351
1.7351
1.7351
1.7351
1.7351
1.7351
1.7351
1.7351
1.7351
1.7351
1.7351
1.7351
1.7351
1.7351
1.7351
1.7351
1.78855
1.78855
1.78855
1.78855
1.78855
1.78855
1.78855
1.78855
1.78855
1.78855
1.78855
1.78855
1.78855
1.78855
1.78855
1.78855
1.78855
1.78855
1.78855
1.78855
1.78855
1.78855
1.78855
1.78855
1.78855
1.78855
1.78855
1.78855
1.78855
1.78855
1.78855
1.78855
1.78855
1.78855
1.78855
1.78855
1.78855
1.78855
1.78855
1.78855
1.78855
1.78855
1.78855
1.78855
1.78855
1.78855
1.78855
1.78855
1.78855
1.78855
1.78855
1.78855
1.78855
1.78855
1.78855
1.78855
1.78855
1.78855
1.78855
1.78855
1.84361
1.84361
1.84361
1.84361
1.84361
1.84361
1.84361
1.84361
1.84361
1.84361
1.84361
1.84361
1.84361
1.84361
1.84361
1.84361
1.84361
1.84361
1.84361
1.84361
1.84361
1.84361
1.84361
1.84361
1.84361
1.84361
1.84361
1.84361
1.84361
1.84361
1.84361
1.84361
1.84361
1.84361
1.84361
1.84361
1.84361
1.84361
1.84361
1.84361
1.84361
1.84361
1.84361
1.84361
1.84361
1.84361
1.84361
1.84361
1.84361
1.84361
1.84361
1.84361
1.84361
1.84361
1.84361
1.84361
1.84361
1.84361
1.84361
1.84361
1.90032
1.90032
1.90032
1.90032
1.90032
1.90032
1.90032
1.90032
1.90032
1.90032
1.90032
1.90032
1.90032
1.90032
1.90032
1.90032
1.90032
1.90032
1.90032
1.90032
1.90032
1.90032
1.90032
1.90032
1.90032
1.90032
1.90032
1.90032
1.90032
1.90032
1.90032
1.90032
1.90032
1.90032
1.90032
1.90032
1.90032
1.90032
1.90032
1.90032
1.90032
1.90032
1.90032
1.90032
1.90032
1.90032
1.90032
1.90032
1.90032
1.90032
1.90032
1.90032
1.90032
1.90032
1.90032
1.90032
1.90032
1.90032
1.90032
1.90032
1.95874
1.95874
1.95873
1.95873
1.95873
1.95873
1.95873
1.95873
1.95873
1.95873
1.95873
1.95873
1.95873
1.95873
1.95873
1.95873
1.95873
1.95873
1.95873
1.95873
1.95873
1.95873
1.95873
1.95873
1.95873
1.95873
1.95873
1.95873
1.95873
1.95873
1.95873
1.95873
1.95873
1.95873
1.95873
1.95873
1.95873
1.95873
1.95873
1.95873
1.95873
1.95873
1.95873
1.95873
1.95873
1.95873
1.95873
1.95873
1.95873
1.95873
1.95873
1.95873
1.95873
1.95873
1.95873
1.95873
1.95873
1.95873
1.95874
1.95874
2.0189
2.0189
2.0189
2.0189
2.0189
2.0189
2.0189
2.0189
2.0189
2.0189
2.0189
2.0189
2.0189
2.0189
2.0189
2.0189
2.0189
2.0189
2.0189
2.0189
2.0189
2.0189
2.0189
2.0189
2.0189
2.0189
2.0189
2.0189
2.0189
2.0189
2.0189
2.0189
2.0189
2.0189
2.0189
2.0189
2.0189
2.0189
2.0189
2.0189
2.0189
2.0189
2.0189
2.0189
2.0189
2.0189
2.0189
2.0189
2.0189
2.0189
2.0189
2.0189
2.0189
2.0189
2.0189
2.0189
2.0189
2.0189
2.0189
2.0189
2.08088
2.08088
2.08088
2.08088
2.08088
2.08088
2.08088
2.08088
2.08088
2.08088
2.08088
2.08088
2.08088
2.08088
2.08088
2.08088
2.08088
2.08088
2.08088
2.08088
2.08088
2.08088
2.08088
2.08088
2.08088
2.08088
2.08088
2.08088
2.08088
2.08088
2.08088
2.08088
2.08088
2.08088
2.08088
2.08088
2.08088
2.08088
2.08088
2.08088
2.08088
2.08088
2.08088
2.08088
2.08088
2.08088
2.08088
2.08088
2.08088
2.08088
2.08088
2.08088
2.08088
2.08088
2.08088
2.08088
2.08088
2.08088
2.08088
2.08088
2.14471
2.14471
2.14471
2.14471
2.14471
2.14471
2.14471
2.14471
2.14471
2.14471
2.14471
2.14471
2.14471
2.14471
2.14471
2.14471
2.14471
2.14471
2.14471
2.14471
2.14471
2.14471
2.14471
2.14471
2.14471
2.14471
2.14471
2.14471
2.14471
2.14471
2.14471
2.14471
2.14471
2.14471
2.14471
2.14471
2.14471
2.14471
2.14471
2.14471
2.14471
2.14471
2.14471
2.14471
2.14471
2.14471
2.14471
2.14471
2.14471
2.14471
2.14471
2.14471
2.14471
2.14471
2.14471
2.14471
2.14471
2.14471
2.14471
2.14471
2.21046
2.21046
2.21046
2.21046
2.21046
2.21046
2.21046
2.21046
2.21046
2.21046
2.21046
2.21046
2.21046
2.21046
2.21046
2.21046
2.21046
2.21046
2.21046
2.21046
2.21046
2.21046
2.21046
2.21046
2.21046
2.21046
2.21046
2.21046
2.21046
2.21046
2.21046
2.21046
2.21046
2.21046
2.21046
2.21046
2.21046
2.21046
2.21046
2.21046
2.21046
2.21046
2.21046
2.21046
2.21046
2.21046
2.21046
2.21046
2.21046
2.21046
2.21046
2.21046
2.21046
2.21046
2.21046
2.21046
2.21046
2.21046
2.21046
2.21046
2.27819
2.27819
2.27819
2.27819
2.27818
2.27818
2.27818
2.27818
2.27818
2.27818
2.27818
2.27818
2.27818
2.27818
2.27818
2.27818
2.27818
2.27818
2.27818
2.27818
2.27818
2.27818
2.27818
2.27818
2.27818
2.27818
2.27818
2.27818
2.27818
2.27818
2.27818
2.27818
2.27818
2.27818
2.27818
2.27818
2.27818
2.27818
2.27818
2.27818
2.27818
2.27818
2.27818
2.27818
2.27818
2.27818
2.27818
2.27818
2.27818
2.27818
2.27818
2.27818
2.27818
2.27818
2.27818
2.27818
2.27819
2.27819
2.27819
2.27819
2.34794
2.34794
2.34794
2.34794
2.34794
2.34794
2.34794
2.34794
2.34794
2.34794
2.34794
2.34794
2.34794
2.34794
2.34794
2.34794
2.34794
2.34794
2.34794
2.34794
2.34794
2.34794
2.34794
2.34794
2.34794
2.34794
2.34794
2.34794
2.34794
2.34794
2.34794
2.34794
2.34794
2.34794
2.34794
2.34794
2.34794
2.34794
2.34794
2.34794
2.34794
2.34794
2.34794
2.34794
2.34794
2.34794
2.34794
2.34794
2.34794
2.34794
2.34794
2.34794
2.34794
2.34794
2.34794
2.34794
2.34794
2.34794
2.34794
2.34794
2.41979
2.41979
2.41979
2.41979
2.41979
2.41979
2.41979
2.41979
2.41979
2.41979
2.41979
2.41979
2.41979
2.41979
2.41979
2.41979
2.41979
2.41979
2.41979
2.41979
2.41979
2.41979
2.41979
2.41979
2.41979
2.41979
2.41979
2.41979
2.41979
2.41979
2.41979
2.41979
2.41979
2.41979
2.41979
2.41979
2.41979
2.41979
2.41979
2.41979
2.41979
2.41979
2.41979
2.41979
2.41979
2.41979
2.41979
2.41979
2.41979
2.41979
2.41979
2.41979
2.41979
2.41979
2.41979
2.41979
2.41979
2.41979
2.41979
2.41979
2.4938
2.4938
2.4938
2.4938
2.4938
2.4938
2.4938
2.4938
2.4938
2.4938
2.4938
2.4938
2.4938
2.4938
2.4938
2.4938
2.4938
2.4938
2.4938
2.4938
2.4938
2.4938
2.4938
2.4938
2.4938
2.4938
2.4938
2.4938
2.4938
2.4938
2.4938
2.4938
2.4938
2.4938
2.4938
2.4938
2.4938
2.4938
2.4938
2.4938
2.4938
2.4938
2.4938
2.4938
2.4938
2.4938
2.4938
2.4938
2.4938
2.4938
2.4938
2.4938
2.4938
2.4938
2.4938
2.4938
2.4938
2.4938
2.4938
2.4938
2.57003
2.57003
2.57003
2.57003
2.57003
2.57003
2.57003
2.57003
2.57003
2.57003
2.57003
2.57003
2.57003
2.57003
2.57003
2.57003
2.57003
2.57003
2.57003
2.57003
2.57003
2.57003
2.57003
2.57003
2.57003
2.57003
2.57003
2.57003
2.57003
2.57003
2.57003
2.57003
2.57003
2.57003
2.57003
2.57003
2.57003
2.57003
2.57003
2.57003
2.57003
2.57003
2.57003
2.57003
2.57003
2.57003
2.57003
2.57003
2.57003
2.57003
2.57003
2.57003
2.57003
2.57003
2.57003
2.57003
2.57003
2.57003
2.57003
2.57003
2.64855
2.64855
2.64855
2.64855
2.64855
2.64855
2.64855
2.64855
2.64855
2.64855
2.64855
2.64855
2.64855
2.64855
2.64855
2.64855
2.64855
2.64855
2.64855
2.64855
2.64855
2.64855
2.64855
2.64855
2.64855
2.64855
2.64855
2.64855
2.64855
2.64855
2.64855
2.64855
2.64855
2.64855
2.64855
2.64855
2.64855
2.64855
2.64855
2.64855
2.64855
2.64855
2.64855
2.64855
2.64855
2.64855
2.64855
2.64855
2.64855
2.64855
2.64855
2.64855
2.64855
2.64855
2.64855
2.64855
2.64855
2.64855
2.64855
2.64855
2.72943
2.72943
2.72943
2.72943
2.72943
2.72943
2.72943
2.72943
2.72943
2.72943
2.72943
2.72943
2.72943
2.72943
2.72943
2.72943
2.72943
2.72943
2.72943
2.72943
2.72943
2.72943
2.72943
2.72943
2.72943
2.72943
2.72943
2.72943
2.72943
2.72943
2.72943
2.72943
2.72943
2.72943
2.72943
2.72943
2.72943
2.72943
2.72943
2.72943
2.72943
2.72943
2.72943
2.72943
2.72943
2.72943
2.72943
2.72943
2.72943
2.72943
2.72943
2.72943
2.72943
2.72943
2.72943
2.72943
2.72943
2.72943
2.72943
2.72943
2.81273
2.81273
2.81273
2.81273
2.81273
2.81273
2.81273
2.81273
2.81273
2.81273
2.81273
2.81273
2.81273
2.81273
2.81273
2.81273
2.81273
2.81273
2.81273
2.81273
2.81273
2.81273
2.81273
2.81273
2.81273
2.81273
2.81273
2.81273
2.81273
2.81273
2.81273
2.81273
2.81273
2.81273
2.81273
2.81273
2.81273
2.81273
2.81273
2.81273
2.81273
2.81273
2.81273
2.81273
2.81273
2.81273
2.81273
2.81273
2.81273
2.81273
2.81273
2.81273
2.81273
2.81273
2.81273
2.81273
2.81273
2.81273
2.81273
2.81273
2.89853
2.89853
2.89853
2.89853
2.89853
2.89853
2.89853
2.89853
2.89853
2.89853
2.89853
2.89853
2.89853
2.89853
2.89853
2.89853
2.89853
2.89853
2.89853
2.89853
2.89853
2.89853
2.89853
2.89853
2.89853
2.89853
2.89853
2.89853
2.89853
2.89853
2.89853
2.89853
2.89853
2.89853
2.89853
2.89853
2.89853
2.89853
2.89853
2.89853
2.89853
2.89853
2.89853
2.89853
2.89853
2.89853
2.89853
2.89853
2.89853
2.89853
2.89853
2.89853
2.89853
2.89853
2.89853
2.89853
2.89853
2.89853
2.89853
2.89853
2.98691
2.98691
2.98691
2.98691
2.98691
2.98691
2.98691
2.98691
2.98691
2.98691
2.98691
2.98691
2.98691
2.98691
2.98691
2.98691
2.98691
2.98691
2.98691
2.98691
2.98691
2.98691
2.98691
2.98691
2.98691
2.98691
2.98691
2.98691
2.98691
2.98691
2.98691
2.98691
2.98691
2.98691
2.98691
2.98691
2.98691
2.98691
2.98691
2.98691
2.98691
2.98691
2.98691
2.98691
2.98691
2.98691
2.98691
2.98691
2.98691
2.98691
2.98691
2.98691
2.98691
2.98691
2.98691
2.98691
2.98691
2.98691
2.98691
2.98691
3.07794
3.07794
3.07794
3.07794
3.07794
3.07794
3.07794
3.07794
3.07794
3.07794
3.07794
3.07794
3.07794
3.07794
3.07794
3.07794
3.07794
3.07794
3.07794
3.07794
3.07794
3.07794
3.07794
3.07794
3.07794
3.07794
3.07794
3.07794
3.07794
3.07794
3.07794
3.07794
3.07794
3.07794
3.07794
3.07794
3.07794
3.07794
3.07794
3.07794
3.07794
3.07794
3.07794
3.07794
3.07794
3.07794
3.07794
3.07794
3.07794
3.07794
3.07794
3.07794
3.07794
3.07794
3.07794
3.07794
3.07794
3.07794
3.07794
3.07794
3.17171
3.17171
3.17171
3.17171
3.17171
3.17171
3.17171
3.17171
3.17171
3.17171
3.17171
3.17171
3.17171
3.17171
3.17171
3.17171
3.17171
3.17171
3.17171
3.17171
3.17171
3.17171
3.17171
3.17171
3.17171
3.17171
3.17171
3.17171
3.17171
3.17171
3.17171
3.17171
3.17171
3.17171
3.17171
3.17171
3.17171
3.17171
3.17171
3.17171
3.17171
3.17171
3.17171
3.17171
3.17171
3.17171
3.17171
3.17171
3.17171
3.17171
3.17171
3.17171
3.17171
3.17171
3.17171
3.17171
3.17171
3.17171
3.17171
3.17171
3.26829
3.26829
3.26829
3.26829
3.26829
3.26829
3.26829
3.26829
3.26829
3.26829
3.26829
3.26829
3.26829
3.26829
3.26829
3.26829
3.26829
3.26829
3.26829
3.26829
3.26829
3.26829
3.26829
3.26829
3.26829
3.26829
3.26829
3.26829
3.26829
3.26829
3.26829
3.26829
3.26829
3.26829
3.26829
3.26829
3.26829
3.26829
3.26829
3.26829
3.26829
3.26829
3.26829
3.26829
3.26829
3.26829
3.26829
3.26829
3.26829
3.26829
3.26829
3.26829
3.26829
3.26829
3.26829
3.26829
3.26829
3.26829
3.26829
3.26829
3.36777
3.36777
3.36777
3.36777
3.36777
3.36777
3.36777
3.36777
3.36777
3.36777
3.36777
3.36777
3.36777
3.36777
3.36777
3.36777
3.36777
3.36777
3.36777
3.36777
3.36777
3.36777
3.36777
3.36777
3.36777
3.36777
3.36777
3.36777
3.36777
3.36777
3.36777
3.36777
3.36777
3.36777
3.36777
3.36777
3.36777
3.36777
3.36777
3.36777
3.36777
3.36777
3.36777
3.36777
3.36777
3.36777
3.36777
3.36777
3.36777
3.36777
3.36777
3.36777
3.36777
3.36777
3.36777
3.36777
3.36777
3.36777
3.36777
3.36777
3.47023
3.47023
3.47023
3.47023
3.47023
3.47023
3.47023
3.47023
3.47023
3.47023
3.47023
3.47023
3.47023
3.47023
3.47023
3.47023
3.47023
3.47023
3.47023
3.47023
3.47023
3.47023
3.47023
3.47023
3.47023
3.47023
3.47023
3.47023
3.47023
3.47023
3.47023
3.47023
3.47023
3.47023
3.47023
3.47023
3.47023
3.47023
3.47023
3.47023
3.47023
3.47023
3.47023
3.47023
3.47023
3.47023
3.47023
3.47023
3.47023
3.47023
3.47023
3.47023
3.47023
3.47023
3.47023
3.47023
3.47023
3.47023
3.47023
3.47023
3.57577
3.57577
3.57577
3.57577
3.57577
3.57577
3.57577
3.57577
3.57577
3.57577
3.57577
3.57577
3.57577
3.57577
3.57577
3.57577
3.57577
3.57577
3.57577
3.57577
3.57577
3.57577
3.57577
3.57577
3.57577
3.57577
3.57577
3.57577
3.57577
3.57577
3.57577
3.57577
3.57577
3.57577
3.57577
3.57577
3.57577
3.57577
3.57577
3.57577
3.57577
3.57577
3.57577
3.57577
3.57577
3.57577
3.57577
3.57577
3.57577
3.57577
3.57577
3.57577
3.57577
3.57577
3.57577
3.57577
3.57577
3.57577
3.57577
3.57577
3.68448
3.68448
3.68448
3.68448
3.68448
3.68448
3.68448
3.68448
3.68448
3.68448
3.68448
3.68448
3.68448
3.68448
3.68448
3.68448
3.68448
3.68448
3.68448
3.68448
3.68448
3.68448
3.68448
3.68448
3.68448
3.68448
3.68448
3.68448
3.68448
3.68448
3.68448
3.68448
3.68448
3.68448
3.68448
3.68448
3.68448
3.68448
3.68448
3.68448
3.68448
3.68448
3.68448
3.68448
3.68448
3.68448
3.68448
3.68448
3.68448
3.68448
3.68448
3.68448
3.68448
3.68448
3.68448
3.68448
3.68448
3.68448
3.68448
3.68448
3.79645
3.79645
3.79645
3.79645
3.79645
3.79645
3.79645
3.79645
3.79645
3.79645
3.79645
3.79645
3.79645
3.79645
3.79645
3.79645
3.79645
3.79645
3.79645
3.79645
3.79645
3.79645
3.79645
3.79645
3.79645
3.79645
3.79645
3.79645
3.79645
3.79645
3.79645
3.79645
3.79645
3.79645
3.79645
3.79645
3.79645
3.79645
3.79645
3.79645
3.79645
3.79645
3.79645
3.79645
3.79645
3.79645
3.79645
3.79645
3.79645
3.79645
3.79645
3.79645
3.79645
3.79645
3.79645
3.79645
3.79645
3.79645
3.79645
3.79645
3.91179
3.91179
3.91179
3.91179
3.91179
3.91179
3.91179
3.91179
3.91179
3.91179
3.91179
3.91179
3.91179
3.91179
3.91179
3.91179
3.91179
3.91179
3.91179
3.91179
3.91179
3.91179
3.91179
3.91179
3.91179
3.91179
3.91179
3.91179
3.91179
3.91179
3.91179
3.91179
3.91179
3.91179
3.91179
3.91179
3.91179
3.91179
3.91179
3.91179
3.91179
3.91179
3.91179
3.91179
3.91179
3.91179
3.91179
3.91179
3.91179
3.91179
3.91179
3.91179
3.91179
3.91179
3.91179
3.91179
3.91179
3.91179
3.91179
3.91179
4.03058
4.03058
4.03058
4.03058
4.03058
4.03058
4.03058
4.03058
4.03058
4.03058
4.03058
4.03058
4.03058
4.03058
4.03058
4.03058
4.03058
4.03058
4.03058
4.03058
4.03058
4.03058
4.03058
4.03058
4.03058
4.03058
4.03058
4.03058
4.03058
4.03058
4.03058
4.03058
4.03058
4.03058
4.03058
4.03058
4.03058
4.03058
4.03058
4.03058
4.03058
4.03058
4.03058
4.03058
4.03058
4.03058
4.03058
4.03058
4.03058
4.03058
4.03058
4.03058
4.03058
4.03058
4.03058
4.03058
4.03058
4.03058
4.03058
4.03058
4.15294
4.15294
4.15294
4.15294
4.15294
4.15294
4.15294
4.15294
4.15294
4.15294
4.15294
4.15294
4.15294
4.15294
4.15294
4.15294
4.15294
4.15294
4.15294
4.15294
4.15294
4.15294
4.15294
4.15294
4.15294
4.15294
4.15294
4.15294
4.15294
4.15294
4.15294
4.15294
4.15294
4.15294
4.15294
4.15294
4.15294
4.15294
4.15294
4.15294
4.15294
4.15294
4.15294
4.15294
4.15294
4.15294
4.15294
4.15294
4.15294
4.15294
4.15294
4.15294
4.15294
4.15294
4.15294
4.15294
4.15294
4.15294
4.15294
4.15294
4.27898
4.27898
4.27898
4.27898
4.27898
4.27898
4.27898
4.27898
4.27898
4.27898
4.27898
4.27898
4.27898
4.27898
4.27898
4.27898
4.27898
4.27898
4.27898
4.27898
4.27898
4.27898
4.27898
4.27898
4.27898
4.27898
4.27898
4.27898
4.27898
4.27898
4.27898
4.27898
4.27898
4.27898
4.27898
4.27898
4.27898
4.27898
4.27898
4.27898
4.27898
4.27898
4.27898
4.27898
4.27898
4.27898
4.27898
4.27898
4.27898
4.27898
4.27898
4.27898
4.27898
4.27898
4.27898
4.27898
4.27898
4.27898
4.27898
4.27898
4.4088
4.4088
4.4088
4.4088
4.4088
4.4088
4.4088
4.4088
4.4088
4.4088
4.4088
4.4088
4.4088
4.4088
4.4088
4.4088
4.4088
4.4088
4.4088
4.4088
4.4088
4.4088
4.4088
4.4088
4.4088
4.4088
4.4088
4.4088
4.4088
4.4088
4.4088
4.4088
4.4088
4.4088
4.4088
4.4088
4.4088
4.4088
4.4088
4.4088
4.4088
4.4088
4.4088
4.4088
4.4088
4.4088
4.4088
4.4088
4.4088
4.4088
4.4088
4.4088
4.4088
4.4088
4.4088
4.4088
4.4088
4.4088
4.4088
4.4088
4.54251
4.54251
4.54251
4.54251
4.54251
4.54251
4.54251
4.54251
4.54251
4.54251
4.54251
4.54251
4.54251
4.54251
4.54251
4.54251
4.54251
4.54251
4.54251
4.54251
4.54251
4.54251
4.54251
4.54251
4.54251
4.54251
4.54251
4.54251
4.54251
4.54251
4.54251
4.54251
4.54251
4.54251
4.54251
4.54251
4.54251
4.54251
4.54251
4.54251
4.54251
4.54251
4.54251
4.54251
4.54251
4.54251
4.54251
4.54251
4.54251
4.54251
4.54251
4.54251
4.54251
4.54251
4.54251
4.54251
4.54251
4.54251
4.54251
4.54251
4.68024
4.68024
4.68024
4.68024
4.68024
4.68024
4.68024
4.68024
4.68024
4.68024
4.68024
4.68024
4.68024
4.68024
4.68024
4.68024
4.68024
4.68024
4.68024
4.68024
4.68024
4.68024
4.68024
4.68024
4.68024
4.68024
4.68024
4.68024
4.68024
4.68024
4.68024
4.68024
4.68024
4.68024
4.68024
4.68024
4.68024
4.68024
4.68024
4.68024
4.68024
4.68024
4.68024
4.68024
4.68024
4.68024
4.68024
4.68024
4.68024
4.68024
4.68024
4.68024
4.68024
4.68024
4.68024
4.68024
4.68024
4.68024
4.68024
4.68024
4.8221
4.8221
4.8221
4.8221
4.8221
4.8221
4.8221
4.8221
4.8221
4.8221
4.8221
4.8221
4.8221
4.8221
4.8221
4.8221
4.8221
4.8221
4.8221
4.8221
4.8221
4.8221
4.8221
4.8221
4.8221
4.8221
4.8221
4.8221
4.8221
4.8221
4.8221
4.8221
4.8221
4.8221
4.8221
4.8221
4.8221
4.8221
4.8221
4.8221
4.8221
4.8221
4.8221
4.8221
4.8221
4.8221
4.8221
4.8221
4.8221
4.8221
4.8221
4.8221
4.8221
4.8221
4.8221
4.8221
4.8221
4.8221
4.8221
4.8221
4.96822
4.96822
4.96822
4.96822
4.96822
4.96822
4.96822
4.96822
4.96822
4.96822
4.96822
4.96822
4.96822
4.96822
4.96822
4.96822
4.96822
4.96822
4.96822
4.96822
4.96822
4.96822
4.96822
4.96822
4.96822
4.96822
4.96822
4.96822
4.96822
4.96822
4.96822
4.96822
4.96822
4.96822
4.96822
4.96822
4.96822
4.96822
4.96822
4.96822
4.96822
4.96822
4.96822
4.96822
4.96822
4.96822
4.96822
4.96822
4.96822
4.96822
4.96822
4.96822
4.96822
4.96822
4.96822
4.96822
4.96822
4.96822
4.96822
4.96822
5.11873
5.11873
5.11873
5.11873
5.11873
5.11873
5.11873
5.11873
5.11873
5.11873
5.11873
5.11873
5.11873
5.11873
5.11873
5.11873
5.11873
5.11873
5.11873
5.11873
5.11873
5.11873
5.11873
5.11873
5.11873
5.11873
5.11873
5.11873
5.11873
5.11873
5.11873
5.11873
5.11873
5.11873
5.11873
5.11873
5.11873
5.11873
5.11873
5.11873
5.11873
5.11873
5.11873
5.11873
5.11873
5.11873
5.11873
5.11873
5.11873
5.11873
5.11873
5.11873
5.11873
5.11873
5.11873
5.11873
5.11873
5.11873
5.11873
5.11873
5.27375
5.27375
5.27375
5.27375
5.27375
5.27375
5.27375
5.27375
5.27375
5.27375
5.27375
5.27375
5.27375
5.27375
5.27375
5.27375
5.27375
5.27375
5.27375
5.27375
5.27375
5.27375
5.27375
5.27375
5.27375
5.27375
5.27375
5.27375
5.27375
5.27375
5.27375
5.27375
5.27375
5.27375
5.27375
5.27375
5.27375
5.27375
5.27375
5.27375
5.27375
5.27375
5.27375
5.27375
5.27375
5.27375
5.27375
5.27375
5.27375
5.27375
5.27375
5.27375
5.27375
5.27375
5.27375
5.27375
5.27375
5.27375
5.27375
5.27375
5.43343
5.43343
5.43343
5.43343
5.43343
5.43343
5.43343
5.43343
5.43343
5.43343
5.43343
5.43343
5.43343
5.43343
5.43343
5.43343
5.43343
5.43343
5.43343
5.43343
5.43343
5.43343
5.43343
5.43343
5.43343
5.43343
5.43343
5.43343
5.43343
5.43343
5.43343
5.43343
5.43343
5.43343
5.43343
5.43343
5.43343
5.43343
5.43343
5.43343
5.43343
5.43343
5.43343
5.43343
5.43343
5.43343
5.43343
5.43343
5.43343
5.43343
5.43343
5.43343
5.43343
5.43343
5.43343
5.43343
5.43343
5.43343
5.43343
5.43343
5.5979
5.5979
5.5979
5.5979
5.5979
5.5979
5.5979
5.5979
5.5979
5.5979
5.5979
5.5979
5.5979
5.5979
5.5979
5.5979
5.5979
5.5979
5.5979
5.5979
5.5979
5.5979
5.5979
5.5979
5.5979
5.5979
5.5979
5.5979
5.5979
5.5979
5.5979
5.5979
5.5979
5.5979
5.5979
5.5979
5.5979
5.5979
5.5979
5.5979
5.5979
5.5979
5.5979
5.5979
5.5979
5.5979
5.5979
5.5979
5.5979
5.5979
5.5979
5.5979
5.5979
5.5979
5.5979
5.5979
5.5979
5.5979
5.5979
5.5979
5.76731
5.76731
5.76731
5.76731
5.76731
5.76731
5.76731
5.76731
5.76731
5.76731
5.76731
5.76731
5.76731
5.76731
5.76731
5.76731
5.76731
5.76731
5.76731
5.76731
5.76731
5.76731
5.76731
5.76731
5.76731
5.76731
5.76731
5.76731
5.76731
5.76731
5.76731
5.76731
5.76731
5.76731
5.76731
5.76731
5.76731
5.76731
5.76731
5.76731
5.76731
5.76731
5.76731
5.76731
5.76731
5.76731
5.76731
5.76731
5.76731
5.76731
5.76731
5.76731
5.76731
5.76731
5.76731
5.76731
5.76731
5.76731
5.76731
5.76731
5.9418
5.9418
5.9418
5.9418
5.9418
5.9418
5.9418
5.9418
5.9418
5.9418
5.9418
5.9418
5.9418
5.9418
5.9418
5.9418
5.9418
5.9418
5.9418
5.9418
5.9418
5.9418
5.9418
5.9418
5.9418
5.9418
5.9418
5.9418
5.9418
5.9418
5.9418
5.9418
5.9418
5.9418
5.9418
5.9418
5.9418
5.9418
5.9418
5.9418
5.9418
5.9418
5.9418
5.9418
5.9418
5.9418
5.9418
5.9418
5.9418
5.9418
5.9418
5.9418
5.9418
5.9418
5.9418
5.9418
5.9418
5.9418
5.9418
5.9418
6.12154
6.12154
6.12154
6.12154
6.12154
6.12154
6.12154
6.12154
6.12154
6.12154
6.12154
6.12154
6.12154
6.12154
6.12154
6.12154
6.12154
6.12154
6.12154
6.12154
6.12154
6.12154
6.12154
6.12154
6.12154
6.12154
6.12154
6.12154
6.12154
6.12154
6.12154
6.12154
6.12154
6.12154
6.12154
6.12154
6.12154
6.12154
6.12154
6.12154
6.12154
6.12154
6.12154
6.12154
6.12154
6.12154
6.12154
6.12154
6.12154
6.12154
6.12154
6.12154
6.12154
6.12154
6.12154
6.12154
6.12154
6.12154
6.12154
6.12154
6.30666
6.30666
6.30666
6.30666
6.30666
6.30666
6.30666
6.30666
6.30666
6.30666
6.30666
6.30666
6.30666
6.30666
6.30666
6.30666
6.30666
6.30666
6.30666
6.30666
6.30666
6.30666
6.30666
6.30666
6.30666
6.30666
6.30666
6.30666
6.30666
6.30666
6.30666
6.30666
6.30666
6.30666
6.30666
6.30666
6.30666
6.30666
6.30666
6.30666
6.30666
6.30666
6.30666
6.30666
6.30666
6.30666
6.30666
6.30666
6.30666
6.30666
6.30666
6.30666
6.30666
6.30666
6.30666
6.30666
6.30666
6.30666
6.30666
6.30666
6.49735
6.49735
6.49735
6.49735
6.49735
6.49735
6.49735
6.49735
6.49735
6.49735
6.49735
6.49735
6.49735
6.49735
6.49735
6.49735
6.49735
6.49735
6.49735
6.49735
6.49735
6.49735
6.49735
6.49735
6.49735
6.49735
6.49735
6.49735
6.49735
6.49735
6.49735
6.49735
6.49735
6.49735
6.49735
6.49735
6.49735
6.49735
6.49735
6.49735
6.49735
6.49735
6.49735
6.49735
6.49735
6.49735
6.49735
6.49735
6.49735
6.49735
6.49735
6.49735
6.49735
6.49735
6.49735
6.49735
6.49735
6.49735
6.49735
6.49735
6.69375
6.69375
6.69375
6.69375
6.69375
6.69375
6.69375
6.69375
6.69375
6.69375
6.69375
6.69375
6.69375
6.69375
6.69375
6.69375
6.69375
6.69375
6.69375
6.69375
6.69375
6.69375
6.69375
6.69375
6.69375
6.69375
6.69375
6.69375
6.69375
6.69375
6.69375
6.69375
6.69375
6.69375
6.69375
6.69375
6.69375
6.69375
6.69375
6.69375
6.69375
6.69375
6.69375
6.69375
6.69375
6.69375
6.69375
6.69375
6.69375
6.69375
6.69375
6.69375
6.69375
6.69375
6.69375
6.69375
6.69375
6.69375
6.69375
6.69375
6.89606
6.89606
6.89606
6.89606
6.89606
6.89606
6.89606
6.89606
6.89606
6.89606
6.89606
6.89606
6.89606
6.89606
6.89606
6.89606
6.89606
6.89606
6.89606
6.89606
6.89606
6.89606
6.89606
6.89606
6.89606
6.89606
6.89606
6.89606
6.89606
6.89606
6.89606
6.89606
6.89606
6.89606
6.89606
6.89606
6.89606
6.89606
6.89606
6.89606
6.89606
6.89606
6.89606
6.89606
6.89606
6.89606
6.89606
6.89606
6.89606
6.89606
6.89606
6.89606
6.89606
6.89606
6.89606
6.89606
6.89606
6.89606
6.89606
6.89606
7.10443
7.10443
7.10443
7.10443
7.10443
7.10443
7.10443
7.10443
7.10443
7.10443
7.10443
7.10443
7.10443
7.10443
7.10443
7.10443
7.10443
7.10443
7.10443
7.10443
7.10443
7.10443
7.10443
7.10443
7.10443
7.10443
7.10443
7.10443
7.10443
7.10443
7.10443
7.10443
7.10443
7.10443
7.10443
7.10443
7.10443
7.10443
7.10443
7.10443
7.10443
7.10443
7.10443
7.10443
7.10443
7.10443
7.10443
7.10443
7.10443
7.10443
7.10443
7.10443
7.10443
7.10443
7.10443
7.10443
7.10443
7.10443
7.10443
7.10443
7.31906
7.31906
7.31906
7.31906
7.31906
7.31906
7.31906
7.31906
7.31906
7.31906
7.31906
7.31906
7.31906
7.31906
7.31906
7.31906
7.31906
7.31906
7.31906
7.31906
7.31906
7.31906
7.31906
7.31906
7.31906
7.31906
7.31906
7.31906
7.31906
7.31906
7.31906
7.31906
7.31906
7.31906
7.31906
7.31906
7.31906
7.31906
7.31906
7.31906
7.31906
7.31906
7.31906
7.31906
7.31906
7.31906
7.31906
7.31906
7.31906
7.31906
7.31906
7.31906
7.31906
7.31906
7.31906
7.31906
7.31906
7.31906
7.31906
7.31906
7.54014
7.54014
7.54014
7.54014
7.54014
7.54014
7.54014
7.54014
7.54014
7.54014
7.54014
7.54014
7.54014
7.54014
7.54014
7.54014
7.54014
7.54014
7.54014
7.54014
7.54014
7.54014
7.54014
7.54014
7.54014
7.54014
7.54014
7.54014
7.54014
7.54014
7.54014
7.54014
7.54014
7.54014
7.54014
7.54014
7.54014
7.54014
7.54014
7.54014
7.54014
7.54014
7.54014
7.54014
7.54014
7.54014
7.54014
7.54014
7.54014
7.54014
7.54014
7.54014
7.54014
7.54014
7.54014
7.54014
7.54014
7.54014
7.54014
7.54014
7.76784
7.76784
7.76784
7.76784
7.76784
7.76784
7.76784
7.76784
7.76784
7.76784
7.76784
7.76784
7.76784
7.76784
7.76784
7.76784
7.76784
7.76784
7.76784
7.76784
7.76784
7.76784
7.76784
7.76784
7.76784
7.76784
7.76784
7.76784
7.76784
7.76784
7.76784
7.76784
7.76784
7.76784
7.76784
7.76784
7.76784
7.76784
7.76784
7.76784
7.76784
7.76784
7.76784
7.76784
7.76784
7.76784
7.76784
7.76784
7.76784
7.76784
7.76784
7.76784
7.76784
7.76784
7.76784
7.76784
7.76784
7.76784
7.76784
7.76784
8.00239
8.00239
8.00239
8.00239
8.00239
8.00239
8.00239
8.00239
8.00239
8.00239
8.00239
8.00239
8.00239
8.00239
8.00239
8.00239
8.00239
8.00239
8.00239
8.00239
8.00239
8.00239
8.00239
8.00239
8.00239
8.00239
8.00239
8.00239
8.00239
8.00239
8.00239
8.00239
8.00239
8.00239
8.00239
8.00239
8.00239
8.00239
8.00239
8.00239
8.00239
8.00239
8.00239
8.00239
8.00239
8.00239
8.00239
8.00239
8.00239
8.00239
8.00239
8.00239
8.00239
8.00239
8.00239
8.00239
8.00239
8.00239
8.00239
8.00239
8.24397
8.24397
8.24397
8.24397
8.24397
8.24397
8.24397
8.24397
8.24397
8.24397
8.24397
8.24397
8.24397
8.24397
8.24397
8.24397
8.24397
8.24397
8.24397
8.24397
8.24397
8.24397
8.24397
8.24397
8.24397
8.24397
8.24397
8.24397
8.24397
8.24397
8.24397
8.24397
8.24397
8.24397
8.24397
8.24397
8.24397
8.24397
8.24397
8.24397
8.24397
8.24397
8.24397
8.24397
8.24397
8.24397
8.24397
8.24397
8.24397
8.24397
8.24397
8.24397
8.24397
8.24397
8.24397
8.24397
8.24397
8.24397
8.24397
8.24397
8.49281
8.49281
8.49281
8.49281
8.49281
8.49281
8.49281
8.49281
8.49281
8.49281
8.49281
8.49281
8.49281
8.49281
8.49281
8.49281
8.49281
8.49281
8.49281
8.49281
8.49281
8.49281
8.49281
8.49281
8.49281
8.49281
8.49281
8.49281
8.49281
8.49281
8.49281
8.49281
8.49281
8.49281
8.49281
8.49281
8.49281
8.49281
8.49281
8.49281
8.49281
8.49281
8.49281
8.49281
8.49281
8.49281
8.49281
8.49281
8.49281
8.49281
8.49281
8.49281
8.49281
8.49281
8.49281
8.49281
8.49281
8.49281
8.49281
8.49281
8.74912
8.74912
8.74912
8.74912
8.74912
8.74912
8.74912
8.74912
8.74912
8.74912
8.74912
8.74912
8.74912
8.74912
8.74912
8.74912
8.74912
8.74912
8.74912
8.74912
8.74912
8.74912
8.74912
8.74912
8.74912
8.74912
8.74912
8.74912
8.74912
8.74912
8.74912
8.74912
8.74912
8.74912
8.74912
8.74912
8.74912
8.74912
8.74912
8.74912
8.74912
8.74912
8.74912
8.74912
8.74912
8.74912
8.74912
8.74912
8.74912
8.74912
8.74912
8.74912
8.74912
8.74912
8.74912
8.74912
8.74912
8.74912
8.74912
8.74912
9.01312
9.01312
9.01312
9.01312
9.01312
9.01312
9.01312
9.01312
9.01312
9.01312
9.01312
9.01312
9.01312
9.01312
9.01312
9.01312
9.01312
9.01312
9.01312
9.01312
9.01312
9.01312
9.01312
9.01312
9.01312
9.01312
9.01312
9.01312
9.01312
9.01312
9.01312
9.01312
9.01312
9.01312
9.01312
9.01312
9.01312
9.01312
9.01312
9.01312
9.01312
9.01312
9.01312
9.01312
9.01312
9.01312
9.01312
9.01312
9.01312
9.01312
9.01312
9.01312
9.01312
9.01312
9.01312
9.01312
9.01312
9.01312
9.01312
9.01312
9.28504
9.28504
9.28504
9.28504
9.28504
9.28504
9.28504
9.28504
9.28504
9.28504
9.28504
9.28504
9.28504
9.28504
9.28504
9.28504
9.28504
9.28504
9.28504
9.28504
9.28504
9.28504
9.28504
9.28504
9.28504
9.28504
9.28504
9.28504
9.28504
9.28504
9.28504
9.28504
9.28504
9.28504
9.28504
9.28504
9.28504
9.28504
9.28504
9.28504
9.28504
9.28504
9.28504
9.28504
9.28504
9.28504
9.28504
9.28504
9.28504
9.28504
9.28504
9.28504
9.28504
9.28504
9.28504
9.28504
9.28504
9.28504
9.28504
9.28504
9.56513
9.56513
9.56513
9.56513
9.56513
9.56513
9.56513
9.56513
9.56513
9.56513
9.56513
9.56513
9.56513
9.56513
9.56513
9.56513
9.56513
9.56513
9.56513
9.56513
9.56513
9.56513
9.56513
9.56513
9.56513
9.56513
9.56513
9.56513
9.56513
9.56513
9.56513
9.56513
9.56513
9.56513
9.56513
9.56513
9.56513
9.56513
9.56513
9.56513
9.56513
9.56513
9.56513
9.56513
9.56513
9.56513
9.56513
9.56513
9.56513
9.56513
9.56513
9.56513
9.56513
9.56513
9.56513
9.56513
9.56513
9.56513
9.56513
9.56513
9.85362
9.85362
9.85362
9.85362
9.85362
9.85362
9.85362
9.85362
9.85362
9.85362
9.85362
9.85362
9.85362
9.85362
9.85362
9.85362
9.85362
9.85362
9.85362
9.85362
9.85362
9.85362
9.85362
9.85362
9.85362
9.85362
9.85362
9.85362
9.85362
9.85362
9.85362
9.85362
9.85362
9.85362
9.85362
9.85362
9.85362
9.85362
9.85362
9.85362
9.85362
9.85362
9.85362
9.85362
9.85362
9.85362
9.85362
9.85362
9.85362
9.85362
9.85362
9.85362
9.85362
9.85362
9.85362
9.85362
9.85362
9.85362
9.85362
9.85362
)
;

boundaryField
{
    top
    {
        type            fixedValue;
        value           uniform 10;
    }
    bottom
    {
        type            fixedValue;
        value           uniform 10;
    }
    wall
    {
        type            zeroGradient;
    }
    frontAndBack
    {
        type            empty;
    }
}


// ************************************************************************* //
