/*--------------------------------*- C++ -*----------------------------------*\
| =========                 |                                                 |
| \\      /  F ield         | foam-extend: Open Source CFD                    |
|  \\    /   O peration     | Version:     4.0                                |
|   \\  /    A nd           | Web:         http://www.foam-extend.org         |
|    \\/     M anipulation  |                                                 |
\*---------------------------------------------------------------------------*/
FoamFile
{
    version     2.0;
    format      ascii;
    class       volScalarField;
    location    "24";
    object      p;
}
// * * * * * * * * * * * * * * * * * * * * * * * * * * * * * * * * * * * * * //

dimensions      [0 2 -2 0 0 0 0];

internalField   nonuniform List<scalar> 
6960
(
1.83495e-14
-5.65577e-14
-7.32704e-14
-6.94941e-14
-6.70003e-14
-6.47577e-14
-6.30673e-14
-6.09129e-14
-6.02149e-14
-6.01265e-14
-6.07794e-14
-6.16024e-14
-6.26808e-14
-6.34849e-14
-6.43179e-14
-6.48333e-14
-6.53294e-14
-6.56002e-14
-6.58935e-14
-6.60453e-14
-6.62171e-14
-6.62972e-14
-6.64086e-14
-6.65018e-14
-6.66746e-14
-6.69159e-14
-6.72792e-14
-6.77396e-14
-6.82878e-14
-6.88779e-14
-6.94708e-14
-7.00389e-14
-7.05603e-14
-7.10671e-14
-7.15632e-14
-7.21315e-14
-7.27354e-14
-7.34622e-14
-7.41518e-14
-7.48868e-14
-7.53617e-14
-7.57331e-14
-7.56336e-14
-7.54094e-14
-7.48002e-14
-7.42844e-14
-7.39414e-14
-7.38569e-14
-7.49641e-14
-7.55671e-14
-7.89423e-14
-7.87941e-14
-8.46353e-14
-8.00441e-14
-8.94433e-14
-7.53249e-14
-9.31474e-14
-6.5818e-14
-9.83904e-14
-6.70088e-14
-6.14735e-14
-5.50543e-14
-6.69841e-14
-6.30538e-14
-6.2062e-14
-6.19468e-14
-6.30144e-14
-6.32454e-14
-6.41492e-14
-6.4751e-14
-6.52878e-14
-6.54176e-14
-6.55356e-14
-6.53633e-14
-6.5406e-14
-6.53849e-14
-6.55981e-14
-6.57682e-14
-6.60586e-14
-6.62321e-14
-6.64093e-14
-6.6471e-14
-6.65542e-14
-6.6641e-14
-6.68525e-14
-6.71903e-14
-6.77026e-14
-6.83435e-14
-6.90751e-14
-6.98214e-14
-7.05169e-14
-7.11172e-14
-7.15931e-14
-7.19799e-14
-7.22901e-14
-7.26226e-14
-7.29565e-14
-7.33971e-14
-7.38001e-14
-7.42647e-14
-7.45031e-14
-7.46855e-14
-7.44749e-14
-7.42248e-14
-7.37218e-14
-7.34209e-14
-7.34594e-14
-7.38156e-14
-7.54776e-14
-7.65151e-14
-8.03005e-14
-8.01972e-14
-8.59709e-14
-8.0847e-14
-8.97971e-14
-7.49735e-14
-9.25692e-14
-6.50284e-14
-9.75141e-14
-6.64248e-14
-9.19367e-14
-5.59041e-14
-6.29035e-14
-5.83816e-14
-5.75718e-14
-5.83039e-14
-6.11974e-14
-6.32477e-14
-6.5666e-14
-6.72059e-14
-6.81277e-14
-6.81001e-14
-6.77329e-14
-6.69068e-14
-6.63096e-14
-6.5767e-14
-6.56325e-14
-6.56252e-14
-6.58758e-14
-6.60941e-14
-6.63572e-14
-6.65076e-14
-6.66645e-14
-6.6802e-14
-6.70446e-14
-6.74004e-14
-6.79266e-14
-6.85847e-14
-6.9343e-14
-7.01285e-14
-7.08752e-14
-7.1533e-14
-7.20611e-14
-7.24789e-14
-7.27805e-14
-7.30504e-14
-7.32584e-14
-7.35148e-14
-7.36918e-14
-7.39194e-14
-7.39469e-14
-7.39813e-14
-7.37168e-14
-7.3515e-14
-7.31657e-14
-7.30762e-14
-7.33699e-14
-7.39246e-14
-7.57562e-14
-7.67946e-14
-8.05604e-14
-8.02327e-14
-8.5916e-14
-8.05179e-14
-8.95542e-14
-7.45667e-14
-9.24269e-14
-6.46478e-14
-9.69657e-14
-6.59724e-14
-6.58957e-14
-5.64198e-14
-6.20439e-14
-5.72524e-14
-5.63555e-14
-5.72261e-14
-6.05341e-14
-6.30491e-14
-6.58999e-14
-6.76855e-14
-6.87402e-14
-6.86785e-14
-6.82003e-14
-6.72028e-14
-6.64482e-14
-6.57879e-14
-6.56026e-14
-6.56008e-14
-6.5903e-14
-6.6189e-14
-6.65103e-14
-6.66906e-14
-6.68391e-14
-6.69313e-14
-6.71017e-14
-6.73757e-14
-6.78294e-14
-6.84426e-14
-6.9196e-14
-7.00213e-14
-7.08491e-14
-7.16176e-14
-7.22668e-14
-7.2795e-14
-7.31732e-14
-7.34698e-14
-7.36429e-14
-7.38041e-14
-7.38346e-14
-7.3885e-14
-7.37282e-14
-7.3602e-14
-7.32234e-14
-7.29739e-14
-7.26541e-14
-7.26617e-14
-7.31192e-14
-7.38564e-14
-7.58929e-14
-7.70722e-14
-8.09697e-14
-8.06274e-14
-8.63228e-14
-8.07451e-14
-8.97527e-14
-7.45282e-14
-9.24495e-14
-6.44772e-14
-9.68598e-14
-6.59979e-14
-5.91188e-14
-5.68767e-14
-6.17591e-14
-5.67789e-14
-5.57625e-14
-5.6632e-14
-6.0103e-14
-6.28203e-14
-6.59128e-14
-6.78487e-14
-6.8995e-14
-6.89395e-14
-6.84108e-14
-6.73287e-14
-6.64865e-14
-6.57663e-14
-6.55594e-14
-6.55767e-14
-6.59278e-14
-6.62743e-14
-6.66501e-14
-6.68599e-14
-6.70064e-14
-6.70615e-14
-6.71684e-14
-6.73654e-14
-6.77447e-14
-6.83037e-14
-6.90359e-14
-6.9881e-14
-7.07679e-14
-7.16266e-14
-7.23817e-14
-7.30124e-14
-7.34698e-14
-7.38061e-14
-7.39696e-14
-7.40719e-14
-7.40009e-14
-7.39241e-14
-7.36345e-14
-7.33922e-14
-7.29307e-14
-7.26448e-14
-7.23353e-14
-7.23992e-14
-7.29417e-14
-7.37773e-14
-7.59168e-14
-7.71738e-14
-8.11458e-14
-8.08258e-14
-8.65664e-14
-8.0959e-14
-9.0003e-14
-7.47038e-14
-9.26278e-14
-6.45483e-14
-9.68458e-14
-6.60625e-14
-5.79806e-14
-5.75984e-14
-6.18243e-14
-5.65313e-14
-5.52406e-14
-5.60102e-14
-5.95121e-14
-6.23669e-14
-6.57362e-14
-6.78766e-14
-6.92006e-14
-6.92555e-14
-6.87492e-14
-6.76362e-14
-6.67286e-14
-6.59323e-14
-6.56604e-14
-6.56335e-14
-6.59651e-14
-6.63106e-14
-6.66972e-14
-6.69195e-14
-6.7072e-14
-6.71223e-14
-6.72144e-14
-6.73888e-14
-6.77436e-14
-6.82825e-14
-6.90043e-14
-6.98524e-14
-7.07571e-14
-7.16464e-14
-7.24406e-14
-7.31125e-14
-7.36062e-14
-7.39676e-14
-7.41397e-14
-7.4233e-14
-7.41353e-14
-7.402e-14
-7.36825e-14
-7.33914e-14
-7.28819e-14
-7.25557e-14
-7.2209e-14
-7.22455e-14
-7.27661e-14
-7.35946e-14
-7.5737e-14
-7.70211e-14
-8.10433e-14
-8.07974e-14
-8.66312e-14
-8.11062e-14
-9.02204e-14
-7.4921e-14
-9.27924e-14
-6.46165e-14
-9.67748e-14
-6.6148e-14
-5.80101e-14
-5.84461e-14
-6.20144e-14
-5.63813e-14
-5.47488e-14
-5.53441e-14
-5.88413e-14
-6.18588e-14
-6.54541e-14
-6.78272e-14
-6.93622e-14
-6.95515e-14
-6.91143e-14
-6.79943e-14
-6.70325e-14
-6.61591e-14
-6.58108e-14
-6.57238e-14
-6.60172e-14
-6.63459e-14
-6.67309e-14
-6.69579e-14
-6.71148e-14
-6.71643e-14
-6.72491e-14
-6.74108e-14
-6.77516e-14
-6.8278e-14
-6.89929e-14
-6.98421e-14
-7.07569e-14
-7.16641e-14
-7.2482e-14
-7.31801e-14
-7.36993e-14
-7.40816e-14
-7.42675e-14
-7.43657e-14
-7.42632e-14
-7.41344e-14
-7.37735e-14
-7.34523e-14
-7.29018e-14
-7.25299e-14
-7.21275e-14
-7.21098e-14
-7.25736e-14
-7.33638e-14
-7.54851e-14
-7.67915e-14
-8.08682e-14
-8.07178e-14
-8.66689e-14
-8.12519e-14
-9.04328e-14
-7.5138e-14
-9.29329e-14
-6.46527e-14
-9.66697e-14
-6.62383e-14
-5.89907e-14
-5.93023e-14
-6.22947e-14
-5.63447e-14
-5.427e-14
-5.46784e-14
-5.81694e-14
-6.12955e-14
-6.50952e-14
-6.77212e-14
-6.94765e-14
-6.98055e-14
-6.94416e-14
-6.8325e-14
-6.73176e-14
-6.63808e-14
-6.59631e-14
-6.58216e-14
-6.60809e-14
-6.6394e-14
-6.67774e-14
-6.70067e-14
-6.71644e-14
-6.72084e-14
-6.72804e-14
-6.74244e-14
-6.77461e-14
-6.82576e-14
-6.8965e-14
-6.98164e-14
-7.0744e-14
-7.1673e-14
-7.25187e-14
-7.32464e-14
-7.37937e-14
-7.41978e-14
-7.43978e-14
-7.45009e-14
-7.43941e-14
-7.4253e-14
-7.3872e-14
-7.3524e-14
-7.29379e-14
-7.25232e-14
-7.20668e-14
-7.19924e-14
-7.23936e-14
-7.31364e-14
-7.52251e-14
-7.65431e-14
-8.06661e-14
-8.06139e-14
-8.66825e-14
-8.13916e-14
-9.06571e-14
-7.53774e-14
-9.30976e-14
-6.47091e-14
-9.65808e-14
-6.63229e-14
-6.01351e-14
-6.01984e-14
-6.27376e-14
-5.63601e-14
-5.38838e-14
-5.40783e-14
-5.75014e-14
-6.0725e-14
-6.47147e-14
-6.75669e-14
-6.9523e-14
-7.0017e-14
-6.97328e-14
-6.8632e-14
-6.75931e-14
-6.65931e-14
-6.61133e-14
-6.59212e-14
-6.61512e-14
-6.64524e-14
-6.68351e-14
-6.7066e-14
-6.72226e-14
-6.72565e-14
-6.73106e-14
-6.74315e-14
-6.77297e-14
-6.82221e-14
-6.89204e-14
-6.97749e-14
-7.07178e-14
-7.16721e-14
-7.255e-14
-7.33118e-14
-7.38898e-14
-7.43181e-14
-7.45325e-14
-7.46405e-14
-7.45294e-14
-7.4377e-14
-7.39779e-14
-7.36068e-14
-7.29892e-14
-7.25356e-14
-7.20263e-14
-7.18941e-14
-7.22261e-14
-7.29127e-14
-7.49551e-14
-7.62735e-14
-8.04329e-14
-8.04787e-14
-8.66706e-14
-8.15214e-14
-9.08824e-14
-7.56415e-14
-9.3288e-14
-6.47935e-14
-9.65118e-14
-6.63967e-14
-6.09818e-14
-6.11073e-14
-6.32109e-14
-5.64839e-14
-5.35683e-14
-5.34631e-14
-5.68244e-14
-6.0124e-14
-6.42814e-14
-6.73701e-14
-6.95586e-14
-7.0194e-14
-7.00095e-14
-6.89341e-14
-6.78659e-14
-6.68059e-14
-6.62667e-14
-6.60249e-14
-6.6225e-14
-6.65151e-14
-6.68985e-14
-6.71337e-14
-6.7289e-14
-6.73126e-14
-6.73463e-14
-6.74407e-14
-6.77109e-14
-6.81808e-14
-6.88666e-14
-6.97218e-14
-7.06793e-14
-7.16598e-14
-7.25711e-14
-7.33688e-14
-7.39795e-14
-7.44342e-14
-7.46661e-14
-7.47822e-14
-7.4671e-14
-7.45117e-14
-7.40998e-14
-7.37106e-14
-7.30649e-14
-7.25741e-14
-7.20096e-14
-7.18124e-14
-7.20642e-14
-7.2681e-14
-7.46639e-14
-7.59719e-14
-8.0159e-14
-8.03081e-14
-8.66297e-14
-8.16437e-14
-9.11135e-14
-7.59363e-14
-9.35093e-14
-6.49007e-14
-9.64593e-14
-6.64593e-14
-6.18592e-14
-6.20806e-14
-6.37742e-14
-5.67007e-14
-5.32722e-14
-5.29099e-14
-5.61222e-14
-5.94713e-14
-6.38256e-14
-6.7123e-14
-6.95306e-14
-7.03563e-14
-7.0276e-14
-6.92325e-14
-6.81424e-14
-6.70281e-14
-6.64273e-14
-6.61347e-14
-6.63034e-14
-6.6582e-14
-6.69668e-14
-6.72075e-14
-6.73626e-14
-6.73768e-14
-6.73897e-14
-6.74549e-14
-6.76939e-14
-6.81375e-14
-6.88069e-14
-6.96599e-14
-7.06296e-14
-7.1635e-14
-7.25798e-14
-7.3414e-14
-7.40599e-14
-7.45434e-14
-7.47965e-14
-7.49254e-14
-7.48193e-14
-7.46593e-14
-7.42402e-14
-7.3838e-14
-7.31674e-14
-7.26401e-14
-7.20164e-14
-7.17474e-14
-7.19068e-14
-7.24411e-14
-7.43473e-14
-7.56356e-14
-7.98433e-14
-8.00981e-14
-8.65571e-14
-8.17551e-14
-9.13504e-14
-7.62525e-14
-9.37512e-14
-6.50323e-14
-9.64239e-14
-6.65133e-14
-6.28508e-14
-6.3072e-14
-6.44667e-14
-5.69605e-14
-5.30253e-14
-5.2366e-14
-5.54084e-14
-5.87939e-14
-6.33082e-14
-6.68259e-14
-6.94736e-14
-7.04892e-14
-7.05245e-14
-6.95261e-14
-6.84218e-14
-6.7255e-14
-6.65936e-14
-6.62498e-14
-6.63868e-14
-6.66534e-14
-6.70402e-14
-6.72866e-14
-6.74427e-14
-6.74469e-14
-6.74374e-14
-6.74716e-14
-6.76767e-14
-6.80904e-14
-6.87404e-14
-6.95886e-14
-7.0569e-14
-7.15986e-14
-7.25772e-14
-7.34494e-14
-7.41323e-14
-7.46473e-14
-7.49247e-14
-7.50697e-14
-7.49727e-14
-7.48168e-14
-7.43955e-14
-7.39853e-14
-7.32933e-14
-7.27312e-14
-7.20469e-14
-7.17016e-14
-7.17591e-14
-7.21981e-14
-7.40138e-14
-7.52699e-14
-7.94874e-14
-7.9849e-14
-8.64486e-14
-8.18477e-14
-9.15796e-14
-7.65855e-14
-9.40221e-14
-6.51896e-14
-9.64097e-14
-6.6559e-14
-6.37447e-14
-6.40893e-14
-6.52195e-14
-5.7356e-14
-5.28587e-14
-5.18687e-14
-5.46966e-14
-5.80945e-14
-6.27176e-14
-6.64774e-14
-6.93655e-14
-7.05839e-14
-7.07465e-14
-6.98069e-14
-6.86985e-14
-6.74859e-14
-6.67659e-14
-6.63707e-14
-6.64753e-14
-6.67292e-14
-6.71181e-14
-6.73702e-14
-6.75283e-14
-6.75219e-14
-6.74892e-14
-6.74901e-14
-6.76581e-14
-6.8039e-14
-6.86669e-14
-6.95076e-14
-7.04972e-14
-7.15506e-14
-7.25637e-14
-7.34751e-14
-7.4197e-14
-7.4746e-14
-7.50502e-14
-7.52144e-14
-7.51303e-14
-7.49825e-14
-7.45636e-14
-7.41505e-14
-7.3442e-14
-7.28479e-14
-7.21034e-14
-7.16776e-14
-7.16248e-14
-7.19585e-14
-7.36663e-14
-7.48776e-14
-7.90922e-14
-7.95584e-14
-8.63009e-14
-8.19171e-14
-9.1801e-14
-7.69373e-14
-9.4314e-14
-6.53732e-14
-9.64193e-14
-6.65945e-14
-6.45534e-14
-6.5141e-14
-6.61076e-14
-5.78339e-14
-5.27424e-14
-5.1384e-14
-5.39806e-14
-5.73596e-14
-6.20843e-14
-6.60712e-14
-6.91983e-14
-7.06382e-14
-7.09455e-14
-7.00759e-14
-6.89718e-14
-6.77198e-14
-6.69443e-14
-6.64984e-14
-6.65697e-14
-6.68101e-14
-6.72008e-14
-6.74593e-14
-6.76191e-14
-6.76024e-14
-6.75459e-14
-6.75117e-14
-6.76404e-14
-6.79851e-14
-6.85874e-14
-6.94179e-14
-7.04146e-14
-7.14907e-14
-7.25381e-14
-7.34896e-14
-7.42519e-14
-7.48372e-14
-7.51712e-14
-7.53584e-14
-7.52916e-14
-7.5157e-14
-7.47464e-14
-7.43356e-14
-7.36153e-14
-7.29926e-14
-7.21873e-14
-7.16778e-14
-7.15056e-14
-7.17221e-14
-7.3306e-14
-7.44591e-14
-7.86575e-14
-7.92254e-14
-8.61108e-14
-8.19617e-14
-9.2014e-14
-7.7302e-14
-9.46274e-14
-6.55864e-14
-9.6454e-14
-6.66194e-14
-6.53987e-14
-6.61913e-14
-6.70786e-14
-5.84175e-14
-5.27364e-14
-5.09314e-14
-5.32765e-14
-5.65737e-14
-6.14102e-14
-6.56104e-14
-6.89878e-14
-7.06416e-14
-7.11119e-14
-7.03303e-14
-6.92446e-14
-6.79565e-14
-6.71298e-14
-6.6633e-14
-6.66698e-14
-6.6896e-14
-6.72881e-14
-6.75535e-14
-6.77153e-14
-6.76892e-14
-6.76081e-14
-6.75379e-14
-6.76247e-14
-6.79301e-14
-6.85034e-14
-6.93205e-14
-7.03216e-14
-7.14185e-14
-7.24993e-14
-7.34913e-14
-7.42955e-14
-7.49192e-14
-7.52863e-14
-7.55005e-14
-7.5456e-14
-7.534e-14
-7.49436e-14
-7.45412e-14
-7.38134e-14
-7.31651e-14
-7.2299e-14
-7.17023e-14
-7.14017e-14
-7.14894e-14
-7.29351e-14
-7.40172e-14
-7.81847e-14
-7.88528e-14
-8.58768e-14
-8.19785e-14
-9.22098e-14
-7.76792e-14
-9.49623e-14
-6.58276e-14
-9.65154e-14
-6.66343e-14
-6.62502e-14
-6.72516e-14
-6.8167e-14
-5.91331e-14
-5.28e-14
-5.05728e-14
-5.25904e-14
-5.57949e-14
-6.06965e-14
-6.50932e-14
-6.8715e-14
-7.06093e-14
-7.12477e-14
-7.05648e-14
-6.95076e-14
-6.81955e-14
-6.73202e-14
-6.67723e-14
-6.67757e-14
-6.69869e-14
-6.73805e-14
-6.76527e-14
-6.78177e-14
-6.77823e-14
-6.7677e-14
-6.75691e-14
-6.7612e-14
-6.78747e-14
-6.84152e-14
-6.92153e-14
-7.02181e-14
-7.13337e-14
-7.24472e-14
-7.34795e-14
-7.4327e-14
-7.49916e-14
-7.53948e-14
-7.56399e-14
-7.56221e-14
-7.55299e-14
-7.51534e-14
-7.47648e-14
-7.40349e-14
-7.33646e-14
-7.24389e-14
-7.17526e-14
-7.13167e-14
-7.12662e-14
-7.25581e-14
-7.35555e-14
-7.76764e-14
-7.84368e-14
-8.55971e-14
-8.19629e-14
-9.23848e-14
-7.80612e-14
-9.53164e-14
-6.60955e-14
-9.66058e-14
-6.66398e-14
-6.7008e-14
-6.82991e-14
-6.93486e-14
-5.99535e-14
-5.29665e-14
-5.03009e-14
-5.19331e-14
-5.50265e-14
-5.99375e-14
-6.45245e-14
-6.83932e-14
-7.05151e-14
-7.13443e-14
-7.07773e-14
-6.97596e-14
-6.84329e-14
-6.75141e-14
-6.69182e-14
-6.68869e-14
-6.70823e-14
-6.74764e-14
-6.77568e-14
-6.79257e-14
-6.78817e-14
-6.77525e-14
-6.7606e-14
-6.76024e-14
-6.78197e-14
-6.83238e-14
-6.91031e-14
-7.01043e-14
-7.12365e-14
-7.23816e-14
-7.34543e-14
-7.4346e-14
-7.50533e-14
-7.54956e-14
-7.57752e-14
-7.57886e-14
-7.57251e-14
-7.53738e-14
-7.50047e-14
-7.42785e-14
-7.35906e-14
-7.26073e-14
-7.18314e-14
-7.12554e-14
-7.10571e-14
-7.21809e-14
-7.3078e-14
-7.71355e-14
-7.79799e-14
-8.52703e-14
-8.19105e-14
-9.25356e-14
-7.84467e-14
-9.56867e-14
-6.63942e-14
-9.67271e-14
-6.66353e-14
-6.76549e-14
-6.93145e-14
-7.06491e-14
-6.08787e-14
-5.32062e-14
-5.0061e-14
-5.13172e-14
-5.42118e-14
-5.9137e-14
-6.39015e-14
-6.80029e-14
-7.03703e-14
-7.1403e-14
-7.09639e-14
-6.99985e-14
-6.86677e-14
-6.77099e-14
-6.70682e-14
-6.70032e-14
-6.71822e-14
-6.75767e-14
-6.7865e-14
-6.80393e-14
-6.79876e-14
-6.78345e-14
-6.76488e-14
-6.75974e-14
-6.7766e-14
-6.82301e-14
-6.89849e-14
-6.99808e-14
-7.1127e-14
-7.23018e-14
-7.34148e-14
-7.43516e-14
-7.51034e-14
-7.55877e-14
-7.5905e-14
-7.59537e-14
-7.59238e-14
-7.56034e-14
-7.52596e-14
-7.45425e-14
-7.38425e-14
-7.2805e-14
-7.19401e-14
-7.12196e-14
-7.0866e-14
-7.18074e-14
-7.25901e-14
-7.65649e-14
-7.74837e-14
-8.48948e-14
-8.18169e-14
-9.26524e-14
-7.88275e-14
-9.60689e-14
-6.67226e-14
-9.68812e-14
-6.66205e-14
-6.82212e-14
-7.03114e-14
-7.19922e-14
-6.19049e-14
-5.3579e-14
-4.99656e-14
-5.07515e-14
-5.34212e-14
-5.83239e-14
-6.32276e-14
-6.75502e-14
-7.01792e-14
-7.1416e-14
-7.11195e-14
-7.02182e-14
-6.88974e-14
-6.79071e-14
-6.72226e-14
-6.71232e-14
-6.72858e-14
-6.76811e-14
-6.79774e-14
-6.81575e-14
-6.81002e-14
-6.79239e-14
-6.76988e-14
-6.75978e-14
-6.77149e-14
-6.81353e-14
-6.88617e-14
-6.98484e-14
-7.10053e-14
-7.22079e-14
-7.33602e-14
-7.43426e-14
-7.51406e-14
-7.56693e-14
-7.60278e-14
-7.61158e-14
-7.61241e-14
-7.58398e-14
-7.55273e-14
-7.48256e-14
-7.41193e-14
-7.30317e-14
-7.208e-14
-7.12126e-14
-7.06967e-14
-7.14433e-14
-7.20963e-14
-7.59681e-14
-7.69487e-14
-8.44665e-14
-8.16787e-14
-9.27317e-14
-7.9199e-14
-9.6462e-14
-6.70785e-14
-9.70697e-14
-6.65957e-14
-6.87137e-14
-7.12758e-14
-7.34442e-14
-6.30608e-14
-5.40723e-14
-4.98741e-14
-5.02368e-14
-5.26616e-14
-5.74894e-14
-6.251e-14
-6.70398e-14
-6.9911e-14
-7.13788e-14
-7.12417e-14
-7.04225e-14
-6.91168e-14
-6.81031e-14
-6.73797e-14
-6.72471e-14
-6.7393e-14
-6.77882e-14
-6.80937e-14
-6.82812e-14
-6.82188e-14
-6.80213e-14
-6.77569e-14
-6.76048e-14
-6.76677e-14
-6.80407e-14
-6.87341e-14
-6.97077e-14
-7.08717e-14
-7.20997e-14
-7.32901e-14
-7.43182e-14
-7.51639e-14
-7.57394e-14
-7.61421e-14
-7.62733e-14
-7.63242e-14
-7.6081e-14
-7.58059e-14
-7.51263e-14
-7.44199e-14
-7.32883e-14
-7.22523e-14
-7.12364e-14
-7.05538e-14
-7.1091e-14
-7.16019e-14
-7.53498e-14
-7.63789e-14
-8.39861e-14
-8.14922e-14
-9.27682e-14
-7.95565e-14
-9.68601e-14
-6.74601e-14
-9.72939e-14
-6.65612e-14
-6.91104e-14
-7.21724e-14
-7.4989e-14
-6.43223e-14
-5.46412e-14
-4.99879e-14
-4.98004e-14
-5.19257e-14
-5.66295e-14
-6.17509e-14
-6.64711e-14
-6.95942e-14
-7.12887e-14
-7.13267e-14
-7.06008e-14
-6.93258e-14
-6.82966e-14
-6.75375e-14
-6.73736e-14
-6.75026e-14
-6.78976e-14
-6.82127e-14
-6.84091e-14
-6.83442e-14
-6.81263e-14
-6.78234e-14
-6.76196e-14
-6.76259e-14
-6.79478e-14
-6.86038e-14
-6.95597e-14
-7.07268e-14
-7.19775e-14
-7.32045e-14
-7.42781e-14
-7.51723e-14
-7.57966e-14
-7.62462e-14
-7.64241e-14
-7.65215e-14
-7.63247e-14
-7.60922e-14
-7.54415e-14
-7.47426e-14
-7.35731e-14
-7.24589e-14
-7.12955e-14
-7.04424e-14
-7.07608e-14
-7.1113e-14
-7.4715e-14
-7.57744e-14
-8.34544e-14
-8.12538e-14
-9.27559e-14
-7.98926e-14
-9.72588e-14
-6.78698e-14
-9.75549e-14
-6.65169e-14
-6.93976e-14
-7.29883e-14
-7.66146e-14
-6.56353e-14
-5.53499e-14
-5.02029e-14
-4.94496e-14
-5.1225e-14
-5.57686e-14
-6.09563e-14
-6.58484e-14
-6.92153e-14
-7.11472e-14
-7.13685e-14
-7.07514e-14
-6.95204e-14
-6.84837e-14
-6.76954e-14
-6.75017e-14
-6.76139e-14
-6.80091e-14
-6.83343e-14
-6.8541e-14
-6.84756e-14
-6.82396e-14
-6.78991e-14
-6.76432e-14
-6.75906e-14
-6.78578e-14
-6.84719e-14
-6.94054e-14
-7.05714e-14
-7.18415e-14
-7.31032e-14
-7.42216e-14
-7.51648e-14
-7.58397e-14
-7.63385e-14
-7.65662e-14
-7.67138e-14
-7.65682e-14
-7.63842e-14
-7.57691e-14
-7.50852e-14
-7.3886e-14
-7.2699e-14
-7.13912e-14
-7.03664e-14
-7.04564e-14
-7.06353e-14
-7.40694e-14
-7.51411e-14
-8.28702e-14
-8.09602e-14
-9.26882e-14
-8.02001e-14
-9.76526e-14
-6.83004e-14
-9.78535e-14
-6.64632e-14
-6.95744e-14
-7.37141e-14
-7.82428e-14
-6.70686e-14
-5.61933e-14
-5.05048e-14
-4.9191e-14
-5.05715e-14
-5.49166e-14
-6.01279e-14
-6.51714e-14
-6.87834e-14
-7.09457e-14
-7.13666e-14
-7.0872e-14
-6.96963e-14
-6.86633e-14
-6.78506e-14
-6.76298e-14
-6.77259e-14
-6.81211e-14
-6.84575e-14
-6.86763e-14
-6.86131e-14
-6.83613e-14
-6.79849e-14
-6.76763e-14
-6.75636e-14
-6.77725e-14
-6.834e-14
-6.92462e-14
-7.04065e-14
-7.16918e-14
-7.29857e-14
-7.41483e-14
-7.51405e-14
-7.58673e-14
-7.64173e-14
-7.66975e-14
-7.68985e-14
-7.68083e-14
-7.66783e-14
-7.61058e-14
-7.54452e-14
-7.4225e-14
-7.29739e-14
-7.15272e-14
-7.03309e-14
-7.01839e-14
-7.01774e-14
-7.34195e-14
-7.44807e-14
-8.22362e-14
-8.06089e-14
-9.25585e-14
-8.04723e-14
-9.80363e-14
-6.87516e-14
-9.81904e-14
-6.64003e-14
-6.96511e-14
-7.43358e-14
-7.9939e-14
-6.8569e-14
-5.71457e-14
-5.09679e-14
-4.90393e-14
-4.99779e-14
-5.40808e-14
-5.92848e-14
-6.44537e-14
-6.82947e-14
-7.06897e-14
-7.13147e-14
-7.09571e-14
-6.98523e-14
-6.88323e-14
-6.80015e-14
-6.77558e-14
-6.7837e-14
-6.82327e-14
-6.85816e-14
-6.88145e-14
-6.8756e-14
-6.84912e-14
-6.80811e-14
-6.77207e-14
-6.7546e-14
-6.76936e-14
-6.82101e-14
-6.90833e-14
-7.02327e-14
-7.15294e-14
-7.28525e-14
-7.40575e-14
-7.50989e-14
-7.58783e-14
-7.64811e-14
-7.68159e-14
-7.7073e-14
-7.70419e-14
-7.6971e-14
-7.64485e-14
-7.58198e-14
-7.45889e-14
-7.3284e-14
-7.17052e-14
-7.03402e-14
-6.99506e-14
-6.97461e-14
-7.27719e-14
-7.38009e-14
-8.15524e-14
-8.01981e-14
-9.23632e-14
-8.07017e-14
-9.84017e-14
-6.92161e-14
-9.85653e-14
-6.63285e-14
-6.96262e-14
-7.4833e-14
-8.16366e-14
-7.01572e-14
-5.82235e-14
-5.15726e-14
-4.89945e-14
-4.94885e-14
-5.32888e-14
-5.84317e-14
-6.36872e-14
-6.77403e-14
-7.0369e-14
-7.12128e-14
-7.10069e-14
-6.99824e-14
-6.8986e-14
-6.81454e-14
-6.78784e-14
-6.79456e-14
-6.83429e-14
-6.87049e-14
-6.89544e-14
-6.89039e-14
-6.86296e-14
-6.81882e-14
-6.77771e-14
-6.75396e-14
-6.76227e-14
-6.80835e-14
-6.89185e-14
-7.00516e-14
-7.1355e-14
-7.27037e-14
-7.39494e-14
-7.5039e-14
-7.58716e-14
-7.65284e-14
-7.69194e-14
-7.72348e-14
-7.72661e-14
-7.72587e-14
-7.67927e-14
-7.62055e-14
-7.49749e-14
-7.36277e-14
-7.19262e-14
-7.03983e-14
-6.97623e-14
-6.93488e-14
-7.21343e-14
-7.31072e-14
-8.08215e-14
-7.97267e-14
-9.20944e-14
-8.08834e-14
-9.87422e-14
-6.96941e-14
-9.8978e-14
-6.62481e-14
-6.94983e-14
-7.51877e-14
-8.33272e-14
-7.17913e-14
-5.94022e-14
-5.22659e-14
-4.90768e-14
-4.90932e-14
-5.25322e-14
-5.75738e-14
-6.28852e-14
-6.71289e-14
-6.99912e-14
-7.1057e-14
-7.10128e-14
-7.00845e-14
-6.91235e-14
-6.828e-14
-6.79951e-14
-6.80503e-14
-6.84493e-14
-6.88262e-14
-6.90947e-14
-6.90557e-14
-6.87759e-14
-6.83068e-14
-6.78467e-14
-6.75456e-14
-6.75618e-14
-6.79622e-14
-6.87537e-14
-6.98647e-14
-7.11696e-14
-7.254e-14
-7.38239e-14
-7.49607e-14
-7.58464e-14
-7.65576e-14
-7.7006e-14
-7.73811e-14
-7.74772e-14
-7.75375e-14
-7.71352e-14
-7.65984e-14
-7.53804e-14
-7.4004e-14
-7.21921e-14
-7.05088e-14
-6.96243e-14
-6.89933e-14
-7.15151e-14
-7.24062e-14
-8.00481e-14
-7.91946e-14
-9.17495e-14
-8.10056e-14
-9.90508e-14
-7.01785e-14
-9.94272e-14
-6.61597e-14
-6.9276e-14
-7.53768e-14
-8.50085e-14
-7.34594e-14
-6.07338e-14
-5.31314e-14
-4.9294e-14
-4.87862e-14
-5.18246e-14
-5.67301e-14
-6.20523e-14
-6.64764e-14
-6.9552e-14
-7.08466e-14
-7.09743e-14
-7.01559e-14
-6.92402e-14
-6.84023e-14
-6.81041e-14
-6.81488e-14
-6.85507e-14
-6.89438e-14
-6.92341e-14
-6.92108e-14
-6.89299e-14
-6.84366e-14
-6.793e-14
-6.75659e-14
-6.75126e-14
-6.78485e-14
-6.85907e-14
-6.96734e-14
-7.09743e-14
-7.23623e-14
-7.36812e-14
-7.48638e-14
-7.58017e-14
-7.65674e-14
-7.70737e-14
-7.75094e-14
-7.76725e-14
-7.78038e-14
-7.74714e-14
-7.69944e-14
-7.58022e-14
-7.44107e-14
-7.25025e-14
-7.06744e-14
-6.95436e-14
-6.8687e-14
-7.09229e-14
-7.17052e-14
-7.92365e-14
-7.86027e-14
-9.13251e-14
-8.10633e-14
-9.93201e-14
-7.06621e-14
-9.99113e-14
-6.60635e-14
-6.89636e-14
-7.53929e-14
-8.66306e-14
-7.51532e-14
-6.21368e-14
-5.41239e-14
-4.96439e-14
-4.85707e-14
-5.11932e-14
-5.59069e-14
-6.12081e-14
-6.57726e-14
-6.90616e-14
-7.05807e-14
-7.08873e-14
-7.01921e-14
-6.93336e-14
-6.85089e-14
-6.8203e-14
-6.82393e-14
-6.86454e-14
-6.90562e-14
-6.93714e-14
-6.93677e-14
-6.90907e-14
-6.85778e-14
-6.80277e-14
-6.76012e-14
-6.74768e-14
-6.77441e-14
-6.84313e-14
-6.94797e-14
-7.07708e-14
-7.21713e-14
-7.35218e-14
-7.47478e-14
-7.57373e-14
-7.65568e-14
-7.7121e-14
-7.76173e-14
-7.78484e-14
-7.80535e-14
-7.77968e-14
-7.73891e-14
-7.62357e-14
-7.48465e-14
-7.28575e-14
-7.08973e-14
-6.95258e-14
-6.8438e-14
-7.03664e-14
-7.10132e-14
-7.8392e-14
-7.79529e-14
-9.08143e-14
-8.10504e-14
-9.954e-14
-7.1137e-14
-1.00428e-13
-6.59597e-14
-6.85666e-14
-7.52187e-14
-8.81969e-14
-7.68401e-14
-6.35943e-14
-5.52596e-14
-5.01324e-14
-4.85114e-14
-5.06344e-14
-5.5117e-14
-6.03528e-14
-6.50349e-14
-6.85185e-14
-7.02602e-14
-7.07522e-14
-7.019e-14
-6.94e-14
-6.85975e-14
-6.82884e-14
-6.83195e-14
-6.87312e-14
-6.91617e-14
-6.95044e-14
-6.95252e-14
-6.92574e-14
-6.87303e-14
-6.81406e-14
-6.76533e-14
-6.74565e-14
-6.76515e-14
-6.82781e-14
-6.92857e-14
-7.05605e-14
-7.19681e-14
-7.33464e-14
-7.46131e-14
-7.56527e-14
-7.65248e-14
-7.71461e-14
-7.77024e-14
-7.80017e-14
-7.82824e-14
-7.81067e-14
-7.77772e-14
-7.66769e-14
-7.5306e-14
-7.32558e-14
-7.11797e-14
-6.95743e-14
-6.82537e-14
-6.98549e-14
-7.034e-14
-7.75243e-14
-7.72486e-14
-9.0217e-14
-8.09604e-14
-9.97013e-14
-7.15961e-14
-1.00975e-13
-6.58486e-14
-6.80854e-14
-7.48375e-14
-8.96661e-14
-7.85045e-14
-6.51387e-14
-5.65242e-14
-5.07656e-14
-4.85645e-14
-5.01754e-14
-5.438e-14
-5.94946e-14
-6.4273e-14
-6.79198e-14
-6.98849e-14
-7.05683e-14
-7.01474e-14
-6.94364e-14
-6.86649e-14
-6.83584e-14
-6.83871e-14
-6.88057e-14
-6.9258e-14
-6.96316e-14
-6.96815e-14
-6.94289e-14
-6.88935e-14
-6.82689e-14
-6.77229e-14
-6.74533e-14
-6.75726e-14
-6.81332e-14
-6.90935e-14
-7.03454e-14
-7.17544e-14
-7.3156e-14
-7.44603e-14
-7.55476e-14
-7.64709e-14
-7.71479e-14
-7.77625e-14
-7.81296e-14
-7.84868e-14
-7.83963e-14
-7.81537e-14
-7.712e-14
-7.57862e-14
-7.3695e-14
-7.15221e-14
-6.96934e-14
-6.81408e-14
-6.9398e-14
-6.96942e-14
-7.6639e-14
-7.64949e-14
-8.95337e-14
-8.07884e-14
-9.97963e-14
-7.20294e-14
-1.01548e-13
-6.57305e-14
-6.75283e-14
-7.42456e-14
-9.10179e-14
-8.01197e-14
-6.67465e-14
-5.78812e-14
-5.15404e-14
-4.87607e-14
-4.98183e-14
-5.36992e-14
-5.86546e-14
-6.34873e-14
-6.72804e-14
-6.94576e-14
-7.03323e-14
-7.00636e-14
-6.94396e-14
-6.87086e-14
-6.84099e-14
-6.84393e-14
-6.88666e-14
-6.93423e-14
-6.97506e-14
-6.98345e-14
-6.96038e-14
-6.90668e-14
-6.84124e-14
-6.7811e-14
-6.74687e-14
-6.75097e-14
-6.79991e-14
-6.89055e-14
-7.01277e-14
-7.15318e-14
-7.29516e-14
-7.42898e-14
-7.54223e-14
-7.63945e-14
-7.71252e-14
-7.77962e-14
-7.82294e-14
-7.8663e-14
-7.86613e-14
-7.8513e-14
-7.75599e-14
-7.62822e-14
-7.41717e-14
-7.19228e-14
-6.98864e-14
-6.81062e-14
-6.90047e-14
-6.9088e-14
-7.57461e-14
-7.56978e-14
-8.87635e-14
-8.05271e-14
-9.98141e-14
-7.24281e-14
-1.02143e-13
-6.56052e-14
-6.69025e-14
-7.34184e-14
-9.22209e-14
-8.16643e-14
-6.84028e-14
-5.93508e-14
-5.24581e-14
-4.90923e-14
-4.95754e-14
-5.30928e-14
-5.78454e-14
-6.26893e-14
-6.6605e-14
-6.89814e-14
-7.00459e-14
-6.9936e-14
-6.94084e-14
-6.87258e-14
-6.84403e-14
-6.84737e-14
-6.89114e-14
-6.94127e-14
-6.98587e-14
-6.99825e-14
-6.97802e-14
-6.92487e-14
-6.85711e-14
-6.79182e-14
-6.75042e-14
-6.74646e-14
-6.7878e-14
-6.87241e-14
-6.99095e-14
-7.13021e-14
-7.27346e-14
-7.41026e-14
-7.52771e-14
-7.62957e-14
-7.70774e-14
-7.78019e-14
-7.82988e-14
-7.88073e-14
-7.88966e-14
-7.88496e-14
-7.79909e-14
-7.67878e-14
-7.46825e-14
-7.2381e-14
-7.01548e-14
-6.81553e-14
-6.8684e-14
-6.85313e-14
-7.48565e-14
-7.48653e-14
-8.79091e-14
-8.01763e-14
-9.97495e-14
-7.27808e-14
-1.02755e-13
-6.54724e-14
-6.62127e-14
-7.23566e-14
-9.32607e-14
-8.30965e-14
-7.00352e-14
-6.09017e-14
-5.35051e-14
-4.95799e-14
-4.94577e-14
-5.2575e-14
-5.70778e-14
-6.18919e-14
-6.58988e-14
-6.84603e-14
-6.97112e-14
-6.97627e-14
-6.93401e-14
-6.87137e-14
-6.8447e-14
-6.84879e-14
-6.89379e-14
-6.94666e-14
-6.99537e-14
-7.01229e-14
-6.99561e-14
-6.94379e-14
-6.87441e-14
-6.8045e-14
-6.75611e-14
-6.74395e-14
-6.77726e-14
-6.85518e-14
-6.96934e-14
-7.10676e-14
-7.25067e-14
-7.39e-14
-7.5113e-14
-7.61746e-14
-7.70043e-14
-7.77784e-14
-7.83358e-14
-7.89167e-14
-7.90981e-14
-7.91578e-14
-7.84061e-14
-7.72968e-14
-7.52214e-14
-7.2894e-14
-7.04993e-14
-6.8292e-14
-6.84445e-14
-6.80348e-14
-7.39818e-14
-7.40069e-14
-8.69743e-14
-7.97336e-14
-9.9592e-14
-7.30777e-14
-1.03378e-13
-6.53319e-14
-6.54665e-14
-7.10551e-14
-9.40965e-14
-8.44033e-14
-7.16611e-14
-6.25146e-14
-5.46723e-14
-5.02033e-14
-4.94663e-14
-5.21518e-14
-5.63585e-14
-6.11072e-14
-6.51729e-14
-6.79016e-14
-6.93315e-14
-6.95467e-14
-6.92339e-14
-6.86701e-14
-6.84279e-14
-6.84795e-14
-6.89435e-14
-6.95018e-14
-7.00332e-14
-7.02528e-14
-7.0129e-14
-6.96326e-14
-6.89307e-14
-6.81911e-14
-6.76403e-14
-6.74361e-14
-6.76849e-14
-6.83912e-14
-6.94817e-14
-7.08305e-14
-7.227e-14
-7.36832e-14
-7.49308e-14
-7.6032e-14
-7.69059e-14
-7.77254e-14
-7.83388e-14
-7.89887e-14
-7.92617e-14
-7.94321e-14
-7.87989e-14
-7.78025e-14
-7.57822e-14
-7.3457e-14
-7.09189e-14
-6.85206e-14
-6.8294e-14
-6.76106e-14
-7.31347e-14
-7.31337e-14
-8.59659e-14
-7.91986e-14
-9.93339e-14
-7.33077e-14
-1.04006e-13
-6.51827e-14
-6.4668e-14
-6.95188e-14
-9.47348e-14
-8.55557e-14
-7.32476e-14
-6.41558e-14
-5.59504e-14
-5.09727e-14
-4.96019e-14
-5.18349e-14
-5.57053e-14
-6.03468e-14
-6.44372e-14
-6.73107e-14
-6.89073e-14
-6.92875e-14
-6.9089e-14
-6.85944e-14
-6.8381e-14
-6.84462e-14
-6.89258e-14
-6.95153e-14
-7.00941e-14
-7.03696e-14
-7.02963e-14
-6.98309e-14
-6.91293e-14
-6.83562e-14
-6.77425e-14
-6.74561e-14
-6.76176e-14
-6.82452e-14
-6.92773e-14
-7.05931e-14
-7.20266e-14
-7.34542e-14
-7.47319e-14
-7.58686e-14
-7.67827e-14
-7.76429e-14
-7.83072e-14
-7.90211e-14
-7.93835e-14
-7.96672e-14
-7.91628e-14
-7.82961e-14
-7.63577e-14
-7.40641e-14
-7.14115e-14
-6.88429e-14
-6.82395e-14
-6.727e-14
-7.23278e-14
-7.2258e-14
-8.48887e-14
-7.85735e-14
-9.89691e-14
-7.34596e-14
-1.04633e-13
-6.50237e-14
-6.38236e-14
-6.7745e-14
-9.51264e-14
-8.65383e-14
-7.47548e-14
-6.58609e-14
-5.73257e-14
-5.18743e-14
-4.98971e-14
-5.16362e-14
-5.51325e-14
-5.96246e-14
-6.37002e-14
-6.66949e-14
-6.84466e-14
-6.8987e-14
-6.89047e-14
-6.8485e-14
-6.83046e-14
-6.83862e-14
-6.88824e-14
-6.95044e-14
-7.01334e-14
-7.047e-14
-7.04552e-14
-7.00297e-14
-6.93382e-14
-6.85395e-14
-6.78679e-14
-6.75006e-14
-6.75725e-14
-6.81163e-14
-6.90829e-14
-7.03581e-14
-7.17787e-14
-7.32148e-14
-7.4518e-14
-7.56859e-14
-7.66358e-14
-7.75311e-14
-7.82406e-14
-7.90124e-14
-7.94607e-14
-7.9858e-14
-7.94909e-14
-7.87702e-14
-7.69394e-14
-7.47087e-14
-7.19729e-14
-6.92592e-14
-6.82867e-14
-6.70226e-14
-7.15748e-14
-7.13939e-14
-8.37553e-14
-7.78627e-14
-9.84913e-14
-7.35232e-14
-1.05251e-13
-6.48534e-14
-6.29458e-14
-6.57531e-14
-9.52794e-14
-8.73051e-14
-7.61666e-14
-6.75289e-14
-5.87744e-14
-5.28926e-14
-5.03237e-14
-5.15592e-14
-5.46546e-14
-5.89527e-14
-6.29757e-14
-6.60648e-14
-6.79534e-14
-6.86492e-14
-6.86827e-14
-6.83419e-14
-6.81975e-14
-6.82977e-14
-6.88116e-14
-6.9467e-14
-7.01481e-14
-7.0551e-14
-7.06021e-14
-7.02264e-14
-6.95551e-14
-6.87398e-14
-6.80165e-14
-6.75708e-14
-6.75517e-14
-6.80069e-14
-6.89013e-14
-7.01285e-14
-7.15287e-14
-7.29674e-14
-7.42908e-14
-7.54855e-14
-7.64664e-14
-7.73912e-14
-7.81391e-14
-7.89618e-14
-7.94909e-14
-8.00003e-14
-7.97762e-14
-7.9217e-14
-7.75183e-14
-7.53821e-14
-7.25974e-14
-6.97679e-14
-6.84396e-14
-6.6878e-14
-7.0889e-14
-7.05567e-14
-8.25771e-14
-7.70717e-14
-9.78989e-14
-7.34876e-14
-1.05853e-13
-6.46698e-14
-6.20409e-14
-6.35522e-14
-9.51742e-14
-8.78633e-14
-7.74368e-14
-6.91771e-14
-6.02781e-14
-5.40127e-14
-5.08918e-14
-5.16115e-14
-5.42746e-14
-5.83444e-14
-6.22758e-14
-6.54286e-14
-6.74342e-14
-6.82771e-14
-6.8426e-14
-6.81648e-14
-6.80591e-14
-6.81797e-14
-6.87112e-14
-6.94006e-14
-7.0136e-14
-7.06095e-14
-7.07337e-14
-7.04176e-14
-6.9777e-14
-6.89552e-14
-6.81876e-14
-6.76671e-14
-6.75568e-14
-6.79194e-14
-6.87353e-14
-6.99068e-14
-7.12795e-14
-7.27143e-14
-7.40527e-14
-7.52694e-14
-7.62766e-14
-7.72247e-14
-7.8004e-14
-7.88692e-14
-7.94722e-14
-8.009e-14
-8.00128e-14
-7.96273e-14
-7.80846e-14
-7.60744e-14
-7.32771e-14
-7.03654e-14
-6.87008e-14
-6.68455e-14
-7.02849e-14
-6.97624e-14
-8.13685e-14
-7.621e-14
-9.71875e-14
-7.33453e-14
-1.06431e-13
-6.44701e-14
-6.11159e-14
-6.11663e-14
-9.47843e-14
-8.81909e-14
-7.85774e-14
-7.07364e-14
-6.18129e-14
-5.52402e-14
-5.1571e-14
-5.17927e-14
-5.40023e-14
-5.78085e-14
-6.16109e-14
-6.47976e-14
-6.68981e-14
-6.78768e-14
-6.81359e-14
-6.79556e-14
-6.78896e-14
-6.80317e-14
-6.85806e-14
-6.93037e-14
-7.00942e-14
-7.06419e-14
-7.08464e-14
-7.05996e-14
-7.00011e-14
-6.91834e-14
-6.83802e-14
-6.77899e-14
-6.75891e-14
-6.78562e-14
-6.85875e-14
-6.96961e-14
-7.10338e-14
-7.2458e-14
-7.38059e-14
-7.50398e-14
-7.60685e-14
-7.7034e-14
-7.7837e-14
-7.87357e-14
-7.94041e-14
-8.01242e-14
-8.0195e-14
-7.99923e-14
-7.86275e-14
-7.67745e-14
-7.40029e-14
-7.10458e-14
-6.90707e-14
-6.69319e-14
-6.97757e-14
-6.90278e-14
-8.01436e-14
-7.52888e-14
-9.63587e-14
-7.30863e-14
-1.06979e-13
-6.42512e-14
-6.01814e-14
-5.8619e-14
-9.41359e-14
-8.82657e-14
-7.95237e-14
-7.22024e-14
-6.33498e-14
-5.65372e-14
-5.23854e-14
-5.21032e-14
-5.38412e-14
-5.73567e-14
-6.09966e-14
-6.41804e-14
-6.63539e-14
-6.74537e-14
-6.78173e-14
-6.77163e-14
-6.76905e-14
-6.78536e-14
-6.84189e-14
-6.91745e-14
-7.00203e-14
-7.06453e-14
-7.09366e-14
-7.07685e-14
-7.02237e-14
-6.94218e-14
-6.85925e-14
-6.79388e-14
-6.76496e-14
-6.78192e-14
-6.84607e-14
-6.94993e-14
-7.07943e-14
-7.22012e-14
-7.3553e-14
-7.47995e-14
-7.58448e-14
-7.68216e-14
-7.76408e-14
-7.8563e-14
-7.92868e-14
-8.01008e-14
-8.03179e-14
-8.0304e-14
-7.91363e-14
-7.74708e-14
-7.47639e-14
-7.18022e-14
-6.95473e-14
-6.71426e-14
-6.93726e-14
-6.83701e-14
-7.89203e-14
-7.43215e-14
-9.54144e-14
-7.27062e-14
-1.07489e-13
-6.40093e-14
-5.92528e-14
-5.59391e-14
-9.32236e-14
-8.80807e-14
-8.02839e-14
-7.35558e-14
-6.48651e-14
-5.7897e-14
-5.33026e-14
-5.25413e-14
-5.3799e-14
-5.69941e-14
-6.04373e-14
-6.35906e-14
-6.58119e-14
-6.7016e-14
-6.74749e-14
-6.74507e-14
-6.74632e-14
-6.76465e-14
-6.82259e-14
-6.90122e-14
-6.99124e-14
-7.06167e-14
-7.10002e-14
-7.09203e-14
-7.04407e-14
-6.9667e-14
-6.88224e-14
-6.8113e-14
-6.77387e-14
-6.78098e-14
-6.83571e-14
-6.93189e-14
-7.0564e-14
-7.19467e-14
-7.32967e-14
-7.45509e-14
-7.56083e-14
-7.65907e-14
-7.74181e-14
-7.83536e-14
-7.91216e-14
-8.0019e-14
-8.03769e-14
-8.05557e-14
-7.96005e-14
-7.81505e-14
-7.55472e-14
-7.26246e-14
-7.01269e-14
-6.74808e-14
-6.90877e-14
-6.78065e-14
-7.77172e-14
-7.33241e-14
-9.43601e-14
-7.22017e-14
-1.07955e-13
-6.37399e-14
-5.83369e-14
-5.31723e-14
-9.20374e-14
-8.76327e-14
-8.0816e-14
-7.47607e-14
-6.63269e-14
-5.92748e-14
-5.43086e-14
-5.30975e-14
-5.38749e-14
-5.67284e-14
-5.99493e-14
-6.30374e-14
-6.52796e-14
-6.65708e-14
-6.71145e-14
-6.71621e-14
-6.72106e-14
-6.74119e-14
-6.80024e-14
-6.88164e-14
-6.97689e-14
-7.05535e-14
-7.10338e-14
-7.10507e-14
-7.06481e-14
-6.99153e-14
-6.90674e-14
-6.8311e-14
-6.78565e-14
-6.78293e-14
-6.82788e-14
-6.91576e-14
-7.03456e-14
-7.16973e-14
-7.30398e-14
-7.42972e-14
-7.53623e-14
-7.63449e-14
-7.71729e-14
-7.8111e-14
-7.89108e-14
-7.98788e-14
-8.03695e-14
-8.07397e-14
-8.00096e-14
-7.88001e-14
-7.63391e-14
-7.35008e-14
-7.08026e-14
-6.79466e-14
-6.89303e-14
-6.73536e-14
-7.65539e-14
-7.23157e-14
-9.32029e-14
-7.15706e-14
-1.08372e-13
-6.34378e-14
-5.74498e-14
-5.03387e-14
-9.06099e-14
-8.69322e-14
-8.11268e-14
-7.57916e-14
-6.77068e-14
-6.06636e-14
-5.53908e-14
-5.37641e-14
-5.40738e-14
-5.65718e-14
-5.95369e-14
-6.25322e-14
-6.47684e-14
-6.61274e-14
-6.6743e-14
-6.68561e-14
-6.69363e-14
-6.71525e-14
-6.77499e-14
-6.85874e-14
-6.95888e-14
-7.04534e-14
-7.10339e-14
-7.11555e-14
-7.08411e-14
-7.01624e-14
-6.93238e-14
-6.8531e-14
-6.80024e-14
-6.78786e-14
-6.82277e-14
-6.90182e-14
-7.01419e-14
-7.14557e-14
-7.27851e-14
-7.40411e-14
-7.511e-14
-7.60879e-14
-7.69096e-14
-7.78397e-14
-7.86579e-14
-7.96819e-14
-8.0294e-14
-8.08505e-14
-8.03535e-14
-7.94059e-14
-7.71246e-14
-7.4417e-14
-7.15653e-14
-6.85395e-14
-6.89073e-14
-6.70268e-14
-7.54514e-14
-7.13163e-14
-9.19537e-14
-7.08159e-14
-1.08736e-13
-6.30974e-14
-5.66025e-14
-4.74991e-14
-8.89618e-14
-8.59854e-14
-8.11788e-14
-7.66249e-14
-6.89821e-14
-6.20156e-14
-5.65221e-14
-5.45264e-14
-5.43876e-14
-5.65234e-14
-5.92094e-14
-6.20847e-14
-6.42869e-14
-6.56939e-14
-6.63677e-14
-6.6538e-14
-6.66449e-14
-6.68717e-14
-6.74707e-14
-6.83261e-14
-6.93721e-14
-7.03146e-14
-7.09974e-14
-7.12305e-14
-7.10149e-14
-7.04037e-14
-6.95881e-14
-6.87703e-14
-6.81753e-14
-6.79582e-14
-6.82053e-14
-6.89026e-14
-6.99555e-14
-7.12249e-14
-7.25354e-14
-7.37858e-14
-7.4855e-14
-7.58241e-14
-7.66328e-14
-7.75447e-14
-7.83674e-14
-7.94312e-14
-8.01499e-14
-8.08841e-14
-8.06234e-14
-7.99549e-14
-7.78881e-14
-7.53576e-14
-7.24033e-14
-6.92525e-14
-6.90235e-14
-6.68401e-14
-7.44295e-14
-7.03482e-14
-9.06255e-14
-6.99422e-14
-1.09043e-13
-6.27125e-14
-5.58075e-14
-4.46918e-14
-8.71244e-14
-8.48045e-14
-8.09939e-14
-7.72711e-14
-7.01204e-14
-6.33214e-14
-5.76862e-14
-5.53679e-14
-5.48081e-14
-5.65803e-14
-5.89744e-14
-6.17024e-14
-6.38463e-14
-6.52792e-14
-6.59968e-14
-6.62153e-14
-6.63418e-14
-6.65736e-14
-6.71681e-14
-6.8035e-14
-6.91194e-14
-7.01361e-14
-7.09217e-14
-7.12716e-14
-7.1165e-14
-7.06344e-14
-6.98558e-14
-6.90257e-14
-6.83737e-14
-6.80676e-14
-6.82126e-14
-6.88127e-14
-6.97888e-14
-7.10071e-14
-7.22932e-14
-7.3534e-14
-7.46006e-14
-7.55574e-14
-7.63476e-14
-7.72316e-14
-7.80451e-14
-7.91308e-14
-7.9939e-14
-8.08374e-14
-8.08113e-14
-8.04343e-14
-7.86133e-14
-7.63052e-14
-7.33024e-14
-7.00794e-14
-6.92805e-14
-6.68052e-14
-7.35088e-14
-6.94345e-14
-8.92353e-14
-6.89594e-14
-1.09294e-13
-6.22761e-14
-5.50827e-14
-4.19613e-14
-8.51076e-14
-8.34122e-14
-8.05582e-14
-7.76743e-14
-7.11031e-14
-6.45513e-14
-5.88573e-14
-5.62695e-14
-5.53232e-14
-5.674e-14
-5.88316e-14
-6.13918e-14
-6.3454e-14
-6.48928e-14
-6.56386e-14
-6.58944e-14
-6.60333e-14
-6.62635e-14
-6.68464e-14
-6.77168e-14
-6.88319e-14
-6.99178e-14
-7.08047e-14
-7.12753e-14
-7.12864e-14
-7.08494e-14
-7.01223e-14
-6.92936e-14
-6.8595e-14
-6.82061e-14
-6.82503e-14
-6.87502e-14
-6.96438e-14
-7.08049e-14
-7.20611e-14
-7.32886e-14
-7.435e-14
-7.52921e-14
-7.60592e-14
-7.69067e-14
-7.76972e-14
-7.87864e-14
-7.96643e-14
-8.07097e-14
-8.09111e-14
-8.08325e-14
-7.92835e-14
-7.72419e-14
-7.42461e-14
-7.10084e-14
-6.96772e-14
-6.69313e-14
-7.27074e-14
-6.85994e-14
-8.78019e-14
-6.78794e-14
-1.09489e-13
-6.17815e-14
-5.44385e-14
-3.93538e-14
-8.29489e-14
-8.18371e-14
-7.98853e-14
-7.78536e-14
-7.19114e-14
-6.56788e-14
-5.99984e-14
-5.72117e-14
-5.59193e-14
-5.69961e-14
-5.87824e-14
-6.11582e-14
-6.31177e-14
-6.4543e-14
-6.53012e-14
-6.55833e-14
-6.57262e-14
-6.59474e-14
-6.65103e-14
-6.73755e-14
-6.85122e-14
-6.96601e-14
-7.06451e-14
-7.12384e-14
-7.13748e-14
-7.10435e-14
-7.03824e-14
-6.95696e-14
-6.88365e-14
-6.83724e-14
-6.83184e-14
-6.87163e-14
-6.95226e-14
-7.06204e-14
-7.18414e-14
-7.30521e-14
-7.41063e-14
-7.50321e-14
-7.57727e-14
-7.65764e-14
-7.73309e-14
-7.84047e-14
-7.93305e-14
-8.05019e-14
-8.09184e-14
-8.11388e-14
-7.98838e-14
-7.81483e-14
-7.52158e-14
-7.20254e-14
-7.02085e-14
-6.72244e-14
-7.20426e-14
-6.78672e-14
-8.6346e-14
-6.672e-14
-1.09632e-13
-6.12212e-14
-5.38854e-14
-3.69241e-14
-8.07045e-14
-8.01046e-14
-7.89847e-14
-7.78123e-14
-7.25261e-14
-6.66794e-14
-6.11091e-14
-5.81746e-14
-5.65814e-14
-5.73397e-14
-5.88237e-14
-6.10041e-14
-6.28427e-14
-6.42363e-14
-6.4992e-14
-6.52897e-14
-6.54275e-14
-6.5632e-14
-6.61661e-14
-6.70157e-14
-6.81635e-14
-6.93646e-14
-7.04423e-14
-7.11584e-14
-7.1426e-14
-7.12114e-14
-7.06308e-14
-6.98491e-14
-6.90946e-14
-6.85646e-14
-6.84164e-14
-6.87118e-14
-6.94266e-14
-7.04557e-14
-7.16361e-14
-7.28266e-14
-7.38721e-14
-7.47813e-14
-7.54934e-14
-7.62474e-14
-7.6954e-14
-7.79938e-14
-7.89442e-14
-8.02169e-14
-8.08308e-14
-8.13448e-14
-8.0399e-14
-7.90052e-14
-7.61914e-14
-7.31138e-14
-7.08659e-14
-6.76868e-14
-7.15293e-14
-6.72605e-14
-8.48909e-14
-6.55018e-14
-1.09728e-13
-6.05886e-14
-5.34366e-14
-3.47142e-14
-7.83996e-14
-7.8254e-14
-7.78899e-14
-7.75404e-14
-7.2937e-14
-6.75406e-14
-6.21395e-14
-5.91336e-14
-5.72957e-14
-5.77618e-14
-5.89535e-14
-6.093e-14
-6.26344e-14
-6.39796e-14
-6.47185e-14
-6.50206e-14
-6.51448e-14
-6.53246e-14
-6.58204e-14
-6.66437e-14
-6.77906e-14
-6.90339e-14
-7.01967e-14
-7.10334e-14
-7.14362e-14
-7.13482e-14
-7.0862e-14
-7.0127e-14
-6.93654e-14
-6.87801e-14
-6.85435e-14
-6.87371e-14
-6.93571e-14
-7.03123e-14
-7.14471e-14
-7.26141e-14
-7.365e-14
-7.45427e-14
-7.52261e-14
-7.59262e-14
-7.65746e-14
-7.75624e-14
-7.85131e-14
-7.986e-14
-8.06487e-14
-8.14441e-14
-8.08159e-14
-7.97935e-14
-7.71518e-14
-7.42533e-14
-7.16369e-14
-6.83167e-14
-7.11781e-14
-6.6801e-14
-8.3461e-14
-6.42491e-14
-1.09785e-13
-5.9877e-14
-5.31029e-14
-3.27568e-14
-7.6086e-14
-7.63164e-14
-7.6612e-14
-7.70496e-14
-7.31404e-14
-6.8242e-14
-6.30789e-14
-6.00658e-14
-5.80394e-14
-5.82462e-14
-5.91636e-14
-6.09341e-14
-6.24946e-14
-6.37784e-14
-6.4488e-14
-6.47839e-14
-6.48859e-14
-6.50324e-14
-6.54804e-14
-6.62657e-14
-6.73988e-14
-6.86718e-14
-6.991e-14
-7.08627e-14
-7.14025e-14
-7.14493e-14
-7.10707e-14
-7.03979e-14
-6.96443e-14
-6.90158e-14
-6.86981e-14
-6.87919e-14
-6.93149e-14
-7.01915e-14
-7.12759e-14
-7.24163e-14
-7.34417e-14
-7.43193e-14
-7.49748e-14
-7.56191e-14
-7.62008e-14
-7.712e-14
-7.80467e-14
-7.94381e-14
-8.03745e-14
-8.14328e-14
-8.11231e-14
-8.04953e-14
-7.8075e-14
-7.54217e-14
-7.25064e-14
-6.9108e-14
-7.09978e-14
-6.65077e-14
-8.2081e-14
-6.29897e-14
-1.09814e-13
-5.90805e-14
-5.28962e-14
-3.10887e-14
-7.38006e-14
-7.43451e-14
-7.51879e-14
-7.63589e-14
-7.31386e-14
-6.87748e-14
-6.39093e-14
-6.09481e-14
-5.87917e-14
-5.87786e-14
-5.94423e-14
-6.10125e-14
-6.24237e-14
-6.36353e-14
-6.43053e-14
-6.45857e-14
-6.46577e-14
-6.47631e-14
-6.51536e-14
-6.58892e-14
-6.69944e-14
-6.82831e-14
-6.95849e-14
-7.06465e-14
-7.13227e-14
-7.15106e-14
-7.12515e-14
-7.06563e-14
-6.99264e-14
-6.9268e-14
-6.88779e-14
-6.88757e-14
-6.93005e-14
-7.00945e-14
-7.11237e-14
-7.22342e-14
-7.32485e-14
-7.41129e-14
-7.47432e-14
-7.53317e-14
-7.58408e-14
-7.66765e-14
-7.75555e-14
-7.89605e-14
-8.00135e-14
-8.13097e-14
-8.13122e-14
-8.10939e-14
-7.89391e-14
-7.65955e-14
-7.34547e-14
-7.00502e-14
-7.09914e-14
-6.63973e-14
-8.07767e-14
-6.17541e-14
-1.09828e-13
-5.81947e-14
-5.28254e-14
-2.97386e-14
-7.159e-14
-7.23756e-14
-7.365e-14
-7.54908e-14
-7.29371e-14
-6.91297e-14
-6.46195e-14
-6.17619e-14
-5.95363e-14
-5.93423e-14
-5.97801e-14
-6.11581e-14
-6.24201e-14
-6.35528e-14
-6.41745e-14
-6.44314e-14
-6.44668e-14
-6.45241e-14
-6.48479e-14
-6.55218e-14
-6.65847e-14
-6.78736e-14
-6.92251e-14
-7.03862e-14
-7.11956e-14
-7.15286e-14
-7.13994e-14
-7.08966e-14
-7.02065e-14
-6.95327e-14
-6.90806e-14
-6.89873e-14
-6.9314e-14
-7.00219e-14
-7.09913e-14
-7.20687e-14
-7.30714e-14
-7.39254e-14
-7.4534e-14
-7.50688e-14
-7.55019e-14
-7.6242e-14
-7.70509e-14
-7.84381e-14
-7.95735e-14
-8.1077e-14
-8.13771e-14
-8.15749e-14
-7.97231e-14
-7.77497e-14
-7.44597e-14
-7.11285e-14
-7.11589e-14
-6.64818e-14
-7.95728e-14
-6.05745e-14
-1.0984e-13
-5.72166e-14
-5.28934e-14
-2.87305e-14
-6.94844e-14
-7.04564e-14
-7.20378e-14
-7.44772e-14
-7.2547e-14
-6.93116e-14
-6.51876e-14
-6.2489e-14
-6.02502e-14
-5.99178e-14
-6.01623e-14
-6.13623e-14
-6.24794e-14
-6.35291e-14
-6.40979e-14
-6.43256e-14
-6.4319e-14
-6.43222e-14
-6.45712e-14
-6.51719e-14
-6.61774e-14
-6.74501e-14
-6.88355e-14
-7.00841e-14
-7.10209e-14
-7.15006e-14
-7.151e-14
-7.11133e-14
-7.04793e-14
-6.98055e-14
-6.93031e-14
-6.91252e-14
-6.9355e-14
-6.99742e-14
-7.08794e-14
-7.19204e-14
-7.29108e-14
-7.37572e-14
-7.4349e-14
-7.48346e-14
-7.5191e-14
-7.58263e-14
-7.65448e-14
-7.78833e-14
-7.90645e-14
-8.07395e-14
-8.13152e-14
-8.19267e-14
-8.04073e-14
-7.88586e-14
-7.54975e-14
-7.23234e-14
-7.14935e-14
-6.67696e-14
-7.84918e-14
-5.94842e-14
-1.09867e-13
-5.61455e-14
-5.31093e-14
-2.80701e-14
-6.75323e-14
-6.86216e-14
-7.03906e-14
-7.33495e-14
-7.19875e-14
-6.93116e-14
-6.56062e-14
-6.31148e-14
-6.09171e-14
-6.04905e-14
-6.0575e-14
-6.16145e-14
-6.25959e-14
-6.35626e-14
-6.40755e-14
-6.42706e-14
-6.42189e-14
-6.41635e-14
-6.4331e-14
-6.48475e-14
-6.57812e-14
-6.70204e-14
-6.84223e-14
-6.97442e-14
-7.07997e-14
-7.1425e-14
-7.15794e-14
-7.13015e-14
-7.07392e-14
-7.00813e-14
-6.95416e-14
-6.92874e-14
-6.94228e-14
-6.99516e-14
-7.07884e-14
-7.17894e-14
-7.27666e-14
-7.36083e-14
-7.41892e-14
-7.46319e-14
-7.49138e-14
-7.54384e-14
-7.60491e-14
-7.73095e-14
-7.84989e-14
-8.03051e-14
-8.11275e-14
-8.21405e-14
-8.0974e-14
-7.98972e-14
-7.65416e-14
-7.36119e-14
-7.19847e-14
-6.72628e-14
-7.75543e-14
-5.85169e-14
-1.09925e-13
-5.4983e-14
-5.34707e-14
-2.77597e-14
-6.57632e-14
-6.69101e-14
-6.87512e-14
-7.2136e-14
-7.12812e-14
-6.91498e-14
-6.58804e-14
-6.36286e-14
-6.15201e-14
-6.10425e-14
-6.10023e-14
-6.19034e-14
-6.27615e-14
-6.36487e-14
-6.41066e-14
-6.42678e-14
-6.41701e-14
-6.40534e-14
-6.4134e-14
-6.45569e-14
-6.54044e-14
-6.65927e-14
-6.79925e-14
-6.93713e-14
-7.05343e-14
-7.13012e-14
-7.16045e-14
-7.14561e-14
-7.09809e-14
-7.03553e-14
-6.97924e-14
-6.94715e-14
-6.95165e-14
-6.9954e-14
-7.07186e-14
-7.16758e-14
-7.26383e-14
-7.34782e-14
-7.40546e-14
-7.44623e-14
-7.46748e-14
-7.50866e-14
-7.55756e-14
-7.67307e-14
-7.78908e-14
-7.9785e-14
-8.08182e-14
-8.22114e-14
-8.14086e-14
-8.08414e-14
-7.75646e-14
-7.49671e-14
-7.26167e-14
-6.79587e-14
-7.67774e-14
-5.77048e-14
-1.10033e-13
-5.37341e-14
-5.39772e-14
-2.77917e-14
-6.41939e-14
-6.53563e-14
-6.71563e-14
-7.08795e-14
-7.04561e-14
-6.88431e-14
-6.60042e-14
-6.40236e-14
-6.2047e-14
-6.15565e-14
-6.14293e-14
-6.22157e-14
-6.29656e-14
-6.37806e-14
-6.41879e-14
-6.43168e-14
-6.41741e-14
-6.39957e-14
-6.39861e-14
-6.43075e-14
-6.5056e-14
-6.61759e-14
-6.75543e-14
-6.89715e-14
-7.0228e-14
-7.11297e-14
-7.15831e-14
-7.15732e-14
-7.11992e-14
-7.06222e-14
-7.00512e-14
-6.96745e-14
-6.96346e-14
-6.9981e-14
-7.067e-14
-7.15795e-14
-7.25252e-14
-7.33656e-14
-7.39441e-14
-7.43264e-14
-7.44773e-14
-7.47777e-14
-7.51354e-14
-7.61614e-14
-7.72557e-14
-7.91924e-14
-8.03955e-14
-8.21382e-14
-8.16997e-14
-8.16692e-14
-7.85395e-14
-7.63598e-14
-7.33689e-14
-6.88483e-14
-7.61744e-14
-5.70779e-14
-1.10206e-13
-5.2407e-14
-5.46229e-14
-2.81492e-14
-6.28454e-14
-6.39841e-14
-6.56417e-14
-6.96116e-14
-6.95405e-14
-6.84084e-14
-6.59926e-14
-6.42982e-14
-6.24874e-14
-6.20194e-14
-6.18425e-14
-6.25383e-14
-6.31984e-14
-6.39505e-14
-6.4314e-14
-6.44148e-14
-6.4231e-14
-6.3993e-14
-6.38923e-14
-6.41063e-14
-6.47442e-14
-6.57791e-14
-6.7116e-14
-6.85518e-14
-6.98855e-14
-7.09123e-14
-7.15142e-14
-7.16493e-14
-7.13893e-14
-7.0877e-14
-7.03135e-14
-6.98934e-14
-6.97755e-14
-7.00321e-14
-7.06426e-14
-7.15e-14
-7.24263e-14
-7.32691e-14
-7.38561e-14
-7.42232e-14
-7.43227e-14
-7.45172e-14
-7.47382e-14
-7.56154e-14
-7.66098e-14
-7.85433e-14
-7.98708e-14
-8.19241e-14
-8.18398e-14
-8.23611e-14
-7.94393e-14
-7.77584e-14
-7.4217e-14
-6.99174e-14
-7.57536e-14
-5.66625e-14
-1.10461e-13
-5.10141e-14
-5.54014e-14
-2.88105e-14
-6.17296e-14
-6.28149e-14
-6.42361e-14
-6.83678e-14
-6.8567e-14
-6.78667e-14
-6.5852e-14
-6.44536e-14
-6.28352e-14
-6.24221e-14
-6.22278e-14
-6.28582e-14
-6.34483e-14
-6.41496e-14
-6.44786e-14
-6.45577e-14
-6.43391e-14
-6.40459e-14
-6.38558e-14
-6.3959e-14
-6.44768e-14
-6.54111e-14
-6.6687e-14
-6.81204e-14
-6.95129e-14
-7.06519e-14
-7.13978e-14
-7.16817e-14
-7.15468e-14
-7.11145e-14
-7.05747e-14
-7.01246e-14
-6.99371e-14
-7.01066e-14
-7.06363e-14
-7.14373e-14
-7.23408e-14
-7.31864e-14
-7.37878e-14
-7.41507e-14
-7.42112e-14
-7.43087e-14
-7.43925e-14
-7.51061e-14
-7.59701e-14
-7.78551e-14
-7.92587e-14
-8.15759e-14
-8.18259e-14
-8.29014e-14
-8.02397e-14
-7.91305e-14
-7.51331e-14
-7.11457e-14
-7.55182e-14
-5.64799e-14
-1.10811e-13
-4.95717e-14
-5.63052e-14
-2.97416e-14
-6.0852e-14
-6.18649e-14
-6.29721e-14
-6.71843e-14
-6.75673e-14
-6.72478e-14
-6.56025e-14
-6.44956e-14
-6.30883e-14
-6.27542e-14
-6.25739e-14
-6.31633e-14
-6.37046e-14
-6.43679e-14
-6.46736e-14
-6.47397e-14
-6.44951e-14
-6.41535e-14
-6.38783e-14
-6.387e-14
-6.42608e-14
-6.50807e-14
-6.62764e-14
-6.76859e-14
-6.9117e-14
-7.0353e-14
-7.12352e-14
-7.16689e-14
-7.1668e-14
-7.133e-14
-7.08301e-14
-7.03645e-14
-7.01171e-14
-7.02034e-14
-7.0651e-14
-7.13913e-14
-7.22676e-14
-7.31157e-14
-7.37364e-14
-7.41061e-14
-7.41413e-14
-7.41541e-14
-7.41048e-14
-7.46452e-14
-7.53529e-14
-7.71465e-14
-7.85761e-14
-8.11047e-14
-8.16593e-14
-8.32785e-14
-8.09184e-14
-8.0444e-14
-7.60863e-14
-7.25083e-14
-7.54659e-14
-5.65466e-14
-1.11265e-13
-4.81008e-14
-5.73218e-14
-3.09e-14
-6.02071e-14
-6.11423e-14
-6.1872e-14
-6.60949e-14
-6.65729e-14
-6.65733e-14
-6.52621e-14
-6.44344e-14
-6.32461e-14
-6.30124e-14
-6.28726e-14
-6.34428e-14
-6.39554e-14
-6.45951e-14
-6.48903e-14
-6.49537e-14
-6.46938e-14
-6.43133e-14
-6.39603e-14
-6.38426e-14
-6.41021e-14
-6.47959e-14
-6.58935e-14
-6.72576e-14
-6.87055e-14
-7.00209e-14
-7.10286e-14
-7.16103e-14
-7.17498e-14
-7.15191e-14
-7.10751e-14
-7.0609e-14
-7.03129e-14
-7.03215e-14
-7.06864e-14
-7.13618e-14
-7.2206e-14
-7.30547e-14
-7.36986e-14
-7.40855e-14
-7.41099e-14
-7.40533e-14
-7.38797e-14
-7.42429e-14
-7.4774e-14
-7.64366e-14
-7.78424e-14
-8.05251e-14
-8.13461e-14
-8.34852e-14
-8.14568e-14
-8.16674e-14
-7.70449e-14
-7.39751e-14
-7.55887e-14
-5.68716e-14
-1.1183e-13
-4.66264e-14
-5.84333e-14
-3.22449e-14
-5.97881e-14
-6.06444e-14
-6.09513e-14
-6.51165e-14
-6.56139e-14
-6.58764e-14
-6.48522e-14
-6.42839e-14
-6.33149e-14
-6.3196e-14
-6.31158e-14
-6.3687e-14
-6.41906e-14
-6.4821e-14
-6.5119e-14
-6.51913e-14
-6.49288e-14
-6.45207e-14
-6.40999e-14
-6.3878e-14
-6.4005e-14
-6.45638e-14
-6.55472e-14
-6.68448e-14
-6.82872e-14
-6.96621e-14
-7.07818e-14
-7.15064e-14
-7.17903e-14
-7.1678e-14
-7.13049e-14
-7.08542e-14
-7.05219e-14
-7.04595e-14
-7.07425e-14
-7.13491e-14
-7.21557e-14
-7.30018e-14
-7.36707e-14
-7.40841e-14
-7.4113e-14
-7.40041e-14
-7.37192e-14
-7.39073e-14
-7.42474e-14
-7.57444e-14
-7.70785e-14
-7.9855e-14
-8.08968e-14
-8.35194e-14
-8.18405e-14
-8.27718e-14
-7.79764e-14
-7.55128e-14
-7.58728e-14
-5.74564e-14
-1.12507e-13
-4.51782e-14
-5.96211e-14
-3.37326e-14
-5.95777e-14
-6.03644e-14
-6.02188e-14
-6.42674e-14
-6.47175e-14
-6.51813e-14
-6.43969e-14
-6.40602e-14
-6.33031e-14
-6.33056e-14
-6.33008e-14
-6.38893e-14
-6.4401e-14
-6.50356e-14
-6.53498e-14
-6.54436e-14
-6.51922e-14
-6.47701e-14
-6.42938e-14
-6.3976e-14
-6.39726e-14
-6.43903e-14
-6.52457e-14
-6.64568e-14
-6.78709e-14
-6.9284e-14
-7.04996e-14
-7.13589e-14
-7.1788e-14
-7.18032e-14
-7.15155e-14
-7.1096e-14
-7.07407e-14
-7.06159e-14
-7.08189e-14
-7.13535e-14
-7.21165e-14
-7.29554e-14
-7.36496e-14
-7.40973e-14
-7.41451e-14
-7.40028e-14
-7.36235e-14
-7.36439e-14
-7.37855e-14
-7.50879e-14
-7.63056e-14
-7.91145e-14
-8.0326e-14
-8.33841e-14
-8.20601e-14
-8.37313e-14
-7.8849e-14
-7.70857e-14
-7.62993e-14
-5.82949e-14
-1.1329e-13
-4.37896e-14
-6.08653e-14
-3.53147e-14
-5.95555e-14
-6.02875e-14
-5.96746e-14
-6.35695e-14
-6.39069e-14
-6.4513e-14
-6.39149e-14
-6.37813e-14
-6.32224e-14
-6.33446e-14
-6.34262e-14
-6.40446e-14
-6.4579e-14
-6.523e-14
-6.55736e-14
-6.57011e-14
-6.54754e-14
-6.5054e-14
-6.45369e-14
-6.41343e-14
-6.40059e-14
-6.42799e-14
-6.49963e-14
-6.61026e-14
-6.7466e-14
-6.88946e-14
-7.01876e-14
-7.11706e-14
-7.17429e-14
-7.1892e-14
-7.17027e-14
-7.133e-14
-7.09663e-14
-7.07888e-14
-7.09154e-14
-7.13755e-14
-7.20887e-14
-7.29147e-14
-7.36325e-14
-7.412e-14
-7.42004e-14
-7.40441e-14
-7.35903e-14
-7.34559e-14
-7.33979e-14
-7.44836e-14
-7.55453e-14
-7.83259e-14
-7.96519e-14
-8.30873e-14
-8.21111e-14
-8.45241e-14
-7.96336e-14
-7.86565e-14
-7.68447e-14
-5.93729e-14
-1.14171e-13
-4.24973e-14
-6.21464e-14
-3.69445e-14
-5.96948e-14
-6.03976e-14
-5.93182e-14
-6.30242e-14
-6.31975e-14
-6.38921e-14
-6.34286e-14
-6.34655e-14
-6.30853e-14
-6.33217e-14
-6.34943e-14
-6.41506e-14
-6.47192e-14
-6.53968e-14
-6.57815e-14
-6.59546e-14
-6.5769e-14
-6.53642e-14
-6.48227e-14
-6.4349e-14
-6.41044e-14
-6.42355e-14
-6.4805e-14
-6.57904e-14
-6.70817e-14
-6.85026e-14
-6.98525e-14
-7.09453e-14
-7.16556e-14
-7.19427e-14
-7.18629e-14
-7.15522e-14
-7.11952e-14
-7.09762e-14
-7.10314e-14
-7.14157e-14
-7.20732e-14
-7.28793e-14
-7.36168e-14
-7.41477e-14
-7.42724e-14
-7.41215e-14
-7.36151e-14
-7.33436e-14
-7.30917e-14
-7.39459e-14
-7.48183e-14
-7.75123e-14
-7.88959e-14
-8.26415e-14
-8.19946e-14
-8.51334e-14
-8.03035e-14
-8.01878e-14
-7.74812e-14
-6.06689e-14
-1.1513e-13
-4.13404e-14
-6.34428e-14
-3.85767e-14
-5.99683e-14
-6.06699e-14
-5.9139e-14
-6.26322e-14
-6.26029e-14
-6.33364e-14
-6.29622e-14
-6.3132e-14
-6.29068e-14
-6.32458e-14
-6.35092e-14
-6.42075e-14
-6.48183e-14
-6.553e-14
-6.59658e-14
-6.61951e-14
-6.60638e-14
-6.56915e-14
-6.51434e-14
-6.46147e-14
-6.42657e-14
-6.42582e-14
-6.46765e-14
-6.55278e-14
-6.67268e-14
-6.8117e-14
-6.9502e-14
-7.06879e-14
-7.1528e-14
-7.19541e-14
-7.1993e-14
-7.17585e-14
-7.14236e-14
-7.11758e-14
-7.11663e-14
-7.14748e-14
-7.2071e-14
-7.28495e-14
-7.36012e-14
-7.41762e-14
-7.43549e-14
-7.42278e-14
-7.36921e-14
-7.33047e-14
-7.28711e-14
-7.34865e-14
-7.41434e-14
-7.66971e-14
-7.80814e-14
-8.20639e-14
-8.17172e-14
-8.5548e-14
-8.08366e-14
-8.1644e-14
-7.81785e-14
-6.2154e-14
-1.16145e-13
-4.03596e-14
-6.47295e-14
-4.01739e-14
-6.03521e-14
-6.108e-14
-5.91218e-14
-6.23968e-14
-6.21317e-14
-6.28616e-14
-6.25334e-14
-6.27985e-14
-6.27015e-14
-6.31278e-14
-6.34768e-14
-6.42177e-14
-6.4875e-14
-6.56258e-14
-6.61201e-14
-6.64146e-14
-6.63504e-14
-6.60264e-14
-6.54902e-14
-6.49243e-14
-6.44858e-14
-6.43477e-14
-6.4614e-14
-6.53209e-14
-6.64098e-14
-6.77466e-14
-6.91438e-14
-7.04042e-14
-7.13629e-14
-7.1926e-14
-7.20904e-14
-7.19452e-14
-7.16478e-14
-7.13848e-14
-7.13191e-14
-7.15534e-14
-7.20835e-14
-7.28263e-14
-7.35848e-14
-7.42021e-14
-7.44416e-14
-7.43549e-14
-7.38136e-14
-7.33347e-14
-7.27373e-14
-7.31142e-14
-7.35373e-14
-7.59031e-14
-7.72334e-14
-8.13748e-14
-8.12905e-14
-8.57623e-14
-8.12157e-14
-8.29915e-14
-7.89042e-14
-6.37929e-14
-1.17186e-13
-3.95956e-14
-6.59848e-14
-4.17019e-14
-6.08123e-14
-6.15985e-14
-5.92502e-14
-6.23032e-14
-6.1786e-14
-6.24783e-14
-6.21563e-14
-6.24798e-14
-6.24835e-14
-6.29806e-14
-6.34063e-14
-6.41858e-14
-6.48899e-14
-6.5682e-14
-6.62396e-14
-6.66062e-14
-6.66204e-14
-6.63595e-14
-6.58536e-14
-6.52698e-14
-6.47589e-14
-6.45015e-14
-6.46188e-14
-6.51747e-14
-6.61382e-14
-6.74001e-14
-6.87864e-14
-7.01007e-14
-7.11641e-14
-7.18591e-14
-7.21531e-14
-7.21087e-14
-7.18639e-14
-7.16001e-14
-7.14884e-14
-7.16518e-14
-7.21124e-14
-7.28114e-14
-7.35678e-14
-7.42231e-14
-7.45273e-14
-7.4495e-14
-7.3971e-14
-7.3427e-14
-7.26885e-14
-7.28347e-14
-7.3014e-14
-7.51513e-14
-7.63771e-14
-8.05977e-14
-8.07306e-14
-8.57768e-14
-8.14291e-14
-8.42003e-14
-7.96253e-14
-6.55455e-14
-1.18218e-13
-3.90878e-14
-6.71878e-14
-4.31322e-14
-6.13213e-14
-6.21998e-14
-5.95013e-14
-6.23364e-14
-6.15656e-14
-6.21916e-14
-6.18396e-14
-6.21916e-14
-6.2267e-14
-6.28157e-14
-6.33061e-14
-6.41177e-14
-6.48662e-14
-6.56988e-14
-6.63215e-14
-6.67643e-14
-6.68658e-14
-6.66814e-14
-6.62239e-14
-6.56421e-14
-6.5078e-14
-6.47157e-14
-6.46907e-14
-6.50926e-14
-6.59183e-14
-6.70859e-14
-6.84383e-14
-6.97846e-14
-7.09363e-14
-7.17552e-14
-7.21801e-14
-7.22457e-14
-7.20679e-14
-7.18185e-14
-7.16724e-14
-7.17702e-14
-7.21593e-14
-7.28067e-14
-7.35515e-14
-7.42379e-14
-7.46073e-14
-7.46406e-14
-7.41552e-14
-7.35731e-14
-7.27202e-14
-7.26501e-14
-7.25842e-14
-7.44609e-14
-7.55374e-14
-7.97578e-14
-8.00578e-14
-8.5598e-14
-8.14718e-14
-8.52452e-14
-8.03096e-14
-6.7368e-14
-1.19203e-13
-3.88724e-14
-6.8319e-14
-4.44425e-14
-6.18537e-14
-6.28575e-14
-5.98544e-14
-6.24822e-14
-6.14627e-14
-6.20016e-14
-6.15937e-14
-6.19448e-14
-6.20644e-14
-6.26454e-14
-6.31851e-14
-6.40208e-14
-6.4808e-14
-6.56777e-14
-6.63643e-14
-6.68849e-14
-6.70802e-14
-6.69838e-14
-6.65914e-14
-6.60316e-14
-6.54348e-14
-6.49845e-14
-6.48276e-14
-6.50764e-14
-6.57555e-14
-6.68115e-14
-6.81078e-14
-6.94635e-14
-7.06849e-14
-7.16166e-14
-7.21708e-14
-7.23535e-14
-7.22558e-14
-7.20361e-14
-7.18686e-14
-7.19082e-14
-7.22256e-14
-7.28148e-14
-7.35376e-14
-7.42462e-14
-7.46784e-14
-7.47848e-14
-7.43567e-14
-7.37634e-14
-7.28253e-14
-7.25595e-14
-7.22551e-14
-7.38481e-14
-7.47376e-14
-7.88815e-14
-7.92954e-14
-8.52378e-14
-8.13448e-14
-8.61065e-14
-8.09262e-14
-6.92145e-14
-1.20099e-13
-3.89808e-14
-6.93607e-14
-4.56196e-14
-6.23881e-14
-6.35454e-14
-6.02846e-14
-6.27248e-14
-6.14693e-14
-6.19039e-14
-6.14214e-14
-6.17469e-14
-6.18858e-14
-6.24801e-14
-6.30535e-14
-6.39029e-14
-6.4721e-14
-6.56218e-14
-6.63684e-14
-6.69658e-14
-6.72585e-14
-6.7259e-14
-6.69469e-14
-6.64284e-14
-6.58202e-14
-6.53011e-14
-6.50258e-14
-6.51262e-14
-6.56536e-14
-6.65835e-14
-6.78031e-14
-6.91453e-14
-7.04161e-14
-7.1447e-14
-7.21256e-14
-7.24299e-14
-7.24239e-14
-7.22489e-14
-7.20743e-14
-7.20648e-14
-7.23126e-14
-7.28381e-14
-7.35287e-14
-7.4249e-14
-7.47384e-14
-7.49218e-14
-7.45666e-14
-7.39874e-14
-7.29951e-14
-7.25587e-14
-7.20304e-14
-7.33259e-14
-7.3999e-14
-7.7995e-14
-7.8469e-14
-8.47133e-14
-8.1055e-14
-8.67701e-14
-8.14476e-14
-7.10387e-14
-1.20863e-13
-3.94379e-14
-7.02969e-14
-4.66554e-14
-6.29009e-14
-6.42405e-14
-6.07692e-14
-6.30437e-14
-6.15718e-14
-6.18961e-14
-6.13244e-14
-6.16034e-14
-6.17397e-14
-6.23293e-14
-6.29206e-14
-6.37726e-14
-6.46117e-14
-6.55358e-14
-6.63359e-14
-6.70064e-14
-6.7397e-14
-6.75007e-14
-6.72817e-14
-6.68226e-14
-6.62245e-14
-6.56574e-14
-6.52801e-14
-6.52404e-14
-6.56147e-14
-6.64074e-14
-6.75315e-14
-6.88378e-14
-7.01367e-14
-7.12505e-14
-7.20458e-14
-7.24732e-14
-7.25686e-14
-7.24527e-14
-7.22859e-14
-7.22385e-14
-7.24207e-14
-7.28791e-14
-7.3528e-14
-7.42484e-14
-7.47866e-14
-7.50472e-14
-7.47768e-14
-7.42347e-14
-7.32191e-14
-7.26411e-14
-7.19101e-14
-7.29037e-14
-7.33401e-14
-7.71237e-14
-7.76055e-14
-8.40458e-14
-8.06153e-14
-8.72285e-14
-8.18499e-14
-7.27955e-14
-1.21454e-13
-4.02603e-14
-7.11145e-14
-4.75501e-14
-6.33765e-14
-6.49214e-14
-6.12869e-14
-6.34159e-14
-6.17565e-14
-6.19663e-14
-6.12984e-14
-6.15166e-14
-6.16315e-14
-6.22008e-14
-6.27949e-14
-6.36376e-14
-6.44872e-14
-6.54253e-14
-6.62703e-14
-6.70076e-14
-6.74939e-14
-6.7704e-14
-6.75883e-14
-6.72049e-14
-6.66377e-14
-6.60443e-14
-6.55838e-14
-6.5416e-14
-6.56396e-14
-6.62875e-14
-6.73e-14
-6.8549e-14
-6.98537e-14
-7.10322e-14
-7.19336e-14
-7.24825e-14
-7.26867e-14
-7.26433e-14
-7.24996e-14
-7.24268e-14
-7.25502e-14
-7.29399e-14
-7.35387e-14
-7.42471e-14
-7.48238e-14
-7.51579e-14
-7.49799e-14
-7.44949e-14
-7.34859e-14
-7.27978e-14
-7.18908e-14
-7.25871e-14
-7.27757e-14
-7.62914e-14
-7.67319e-14
-8.32601e-14
-8.00439e-14
-8.74804e-14
-8.21141e-14
-7.44428e-14
-1.21834e-13
-4.14548e-14
-7.18042e-14
-4.83085e-14
-6.38004e-14
-6.55717e-14
-6.18181e-14
-6.38247e-14
-6.2008e-14
-6.21053e-14
-6.13419e-14
-6.14861e-14
-6.15651e-14
-6.21002e-14
-6.26836e-14
-6.35058e-14
-6.43544e-14
-6.52965e-14
-6.61762e-14
-6.69719e-14
-6.75488e-14
-6.78655e-14
-6.78602e-14
-6.75666e-14
-6.70499e-14
-6.64523e-14
-6.59292e-14
-6.56482e-14
-6.57275e-14
-6.62267e-14
-6.71144e-14
-6.82861e-14
-6.95745e-14
-7.07979e-14
-7.17919e-14
-7.24579e-14
-7.27754e-14
-7.28163e-14
-7.27108e-14
-7.26268e-14
-7.26999e-14
-7.30221e-14
-7.3564e-14
-7.42487e-14
-7.48516e-14
-7.52524e-14
-7.51704e-14
-7.47583e-14
-7.37837e-14
-7.30178e-14
-7.19661e-14
-7.23781e-14
-7.23171e-14
-7.55192e-14
-7.58746e-14
-8.23837e-14
-7.93631e-14
-8.75308e-14
-8.22265e-14
-7.59431e-14
-1.21969e-13
-4.3017e-14
-7.23594e-14
-4.89396e-14
-6.41643e-14
-6.61781e-14
-6.23456e-14
-6.42529e-14
-6.23114e-14
-6.23008e-14
-6.14469e-14
-6.1509e-14
-6.15416e-14
-6.20311e-14
-6.25918e-14
-6.33836e-14
-6.42206e-14
-6.5156e-14
-6.60593e-14
-6.69031e-14
-6.75627e-14
-6.79834e-14
-6.80924e-14
-6.78999e-14
-6.74516e-14
-6.68713e-14
-6.63074e-14
-6.59308e-14
-6.58758e-14
-6.62263e-14
-6.69793e-14
-6.80561e-14
-6.93066e-14
-7.05538e-14
-7.16246e-14
-7.24e-14
-7.28326e-14
-7.29675e-14
-7.29149e-14
-7.28345e-14
-7.28683e-14
-7.31264e-14
-7.36071e-14
-7.42569e-14
-7.48729e-14
-7.53308e-14
-7.5344e-14
-7.50165e-14
-7.41008e-14
-7.32893e-14
-7.2127e-14
-7.22749e-14
-7.19713e-14
-7.4825e-14
-7.5058e-14
-8.14455e-14
-7.85986e-14
-8.73901e-14
-8.21792e-14
-7.72643e-14
-1.21835e-13
-4.49312e-14
-7.2776e-14
-4.94565e-14
-6.44613e-14
-6.67294e-14
-6.28549e-14
-6.46847e-14
-6.26514e-14
-6.25407e-14
-6.16036e-14
-6.15808e-14
-6.15598e-14
-6.19956e-14
-6.25231e-14
-6.32764e-14
-6.40917e-14
-6.50104e-14
-6.59253e-14
-6.68058e-14
-6.75383e-14
-6.80573e-14
-6.82813e-14
-6.81982e-14
-6.78338e-14
-6.72915e-14
-6.67091e-14
-6.62566e-14
-6.60804e-14
-6.62861e-14
-6.68983e-14
-6.78652e-14
-6.90572e-14
-7.03067e-14
-7.14364e-14
-7.23106e-14
-7.2857e-14
-7.30931e-14
-7.31069e-14
-7.30454e-14
-7.30526e-14
-7.32529e-14
-7.36701e-14
-7.42758e-14
-7.48915e-14
-7.53945e-14
-7.54983e-14
-7.52625e-14
-7.44262e-14
-7.35998e-14
-7.23624e-14
-7.22727e-14
-7.17414e-14
-7.42234e-14
-7.43042e-14
-8.04747e-14
-7.77783e-14
-8.70741e-14
-8.19702e-14
-7.83816e-14
-1.21415e-13
-4.7169e-14
-7.30536e-14
-4.98736e-14
-6.46886e-14
-6.72189e-14
-6.33344e-14
-6.51039e-14
-6.30147e-14
-6.28127e-14
-6.18031e-14
-6.16954e-14
-6.16169e-14
-6.19934e-14
-6.24803e-14
-6.31885e-14
-6.39732e-14
-6.4866e-14
-6.57806e-14
-6.66856e-14
-6.74793e-14
-6.80885e-14
-6.84251e-14
-6.84564e-14
-6.81886e-14
-6.77032e-14
-6.71244e-14
-6.66173e-14
-6.6336e-14
-6.64045e-14
-6.68734e-14
-6.77184e-14
-6.88333e-14
-7.00636e-14
-7.12326e-14
-7.21923e-14
-7.28479e-14
-7.31899e-14
-7.32818e-14
-7.32544e-14
-7.32492e-14
-7.34003e-14
-7.37549e-14
-7.43089e-14
-7.49115e-14
-7.54462e-14
-7.56324e-14
-7.54909e-14
-7.475e-14
-7.39369e-14
-7.26597e-14
-7.23636e-14
-7.16265e-14
-7.37248e-14
-7.36323e-14
-7.95003e-14
-7.69315e-14
-8.6603e-14
-8.16035e-14
-7.92779e-14
-1.20704e-13
-4.96907e-14
-7.31931e-14
-5.02094e-14
-6.48468e-14
-6.76411e-14
-6.37754e-14
-6.55001e-14
-6.33873e-14
-6.31049e-14
-6.20357e-14
-6.18456e-14
-6.17087e-14
-6.20231e-14
-6.24645e-14
-6.31227e-14
-6.38693e-14
-6.4728e-14
-6.56312e-14
-6.65483e-14
-6.73904e-14
-6.80795e-14
-6.85231e-14
-6.86705e-14
-6.8509e-14
-6.80973e-14
-6.75435e-14
-6.70037e-14
-6.66358e-14
-6.65782e-14
-6.69053e-14
-6.76199e-14
-6.86411e-14
-6.98314e-14
-7.10194e-14
-7.20489e-14
-7.28059e-14
-7.32553e-14
-7.34349e-14
-7.34562e-14
-7.34535e-14
-7.35664e-14
-7.38618e-14
-7.43594e-14
-7.49372e-14
-7.54894e-14
-7.57471e-14
-7.56983e-14
-7.50637e-14
-7.42885e-14
-7.30057e-14
-7.25375e-14
-7.16221e-14
-7.33357e-14
-7.30572e-14
-7.85494e-14
-7.60872e-14
-8.60003e-14
-8.10887e-14
-7.99443e-14
-1.19707e-13
-5.24452e-14
-7.3198e-14
-5.04818e-14
-6.49371e-14
-6.79941e-14
-6.41718e-14
-6.58633e-14
-6.37585e-14
-6.34062e-14
-6.22914e-14
-6.20239e-14
-6.18298e-14
-6.20813e-14
-6.24747e-14
-6.30799e-14
-6.37831e-14
-6.46012e-14
-6.54828e-14
-6.64001e-14
-6.7277e-14
-6.80339e-14
-6.85764e-14
-6.88384e-14
-6.87895e-14
-6.84656e-14
-6.79566e-14
-6.74062e-14
-6.6972e-14
-6.68025e-14
-6.69931e-14
-6.75725e-14
-6.84864e-14
-6.96173e-14
-7.08033e-14
-7.18848e-14
-7.27326e-14
-7.32876e-14
-7.3562e-14
-7.36452e-14
-7.36603e-14
-7.37478e-14
-7.39905e-14
-7.44295e-14
-7.49727e-14
-7.55285e-14
-7.58447e-14
-7.58828e-14
-7.53608e-14
-7.46437e-14
-7.33866e-14
-7.27825e-14
-7.17205e-14
-7.30586e-14
-7.25904e-14
-7.76473e-14
-7.52733e-14
-8.52917e-14
-8.04406e-14
-8.03809e-14
-1.18441e-13
-5.53725e-14
-7.30729e-14
-5.07079e-14
-6.49648e-14
-6.82776e-14
-6.45198e-14
-6.61882e-14
-6.41184e-14
-6.37069e-14
-6.25609e-14
-6.22217e-14
-6.19743e-14
-6.21644e-14
-6.25083e-14
-6.30602e-14
-6.37166e-14
-6.44893e-14
-6.53406e-14
-6.62468e-14
-6.7145e-14
-6.79565e-14
-6.85874e-14
-6.89593e-14
-6.90259e-14
-6.88008e-14
-6.83544e-14
-6.78151e-14
-6.73359e-14
-6.70713e-14
-6.71342e-14
-6.75776e-14
-6.83738e-14
-6.94276e-14
-7.05911e-14
-7.17055e-14
-7.26306e-14
-7.32862e-14
-7.36594e-14
-7.38158e-14
-7.38638e-14
-7.39401e-14
-7.4139e-14
-7.45204e-14
-7.50217e-14
-7.5568e-14
-7.59283e-14
-7.60447e-14
-7.56363e-14
-7.4993e-14
-7.37893e-14
-7.30857e-14
-7.19113e-14
-7.28924e-14
-7.22387e-14
-7.68159e-14
-7.45156e-14
-8.45046e-14
-7.96785e-14
-8.05962e-14
-1.16935e-13
-5.84052e-14
-7.28241e-14
-5.09041e-14
-6.49374e-14
-6.84932e-14
-6.48179e-14
-6.64685e-14
-6.44592e-14
-6.39982e-14
-6.28347e-14
-6.24314e-14
-6.21359e-14
-6.22672e-14
-6.25626e-14
-6.30622e-14
-6.36705e-14
-6.43948e-14
-6.52089e-14
-6.60941e-14
-6.70003e-14
-6.78526e-14
-6.85596e-14
-6.9034e-14
-6.92156e-14
-6.9097e-14
-6.87285e-14
-6.82207e-14
-6.77182e-14
-6.73775e-14
-6.73249e-14
-6.76352e-14
-6.83068e-14
-6.92686e-14
-7.03896e-14
-7.15169e-14
-7.25035e-14
-7.32516e-14
-7.37244e-14
-7.3963e-14
-7.40581e-14
-7.41381e-14
-7.43044e-14
-7.46323e-14
-7.5087e-14
-7.56124e-14
-7.60022e-14
-7.61855e-14
-7.58874e-14
-7.53287e-14
-7.42016e-14
-7.34335e-14
-7.21818e-14
-7.28324e-14
-7.2005e-14
-7.60735e-14
-7.38365e-14
-8.36666e-14
-7.88256e-14
-8.06069e-14
-1.15227e-13
-6.14714e-14
-7.2458e-14
-5.10859e-14
-6.48619e-14
-6.86432e-14
-6.50666e-14
-6.6702e-14
-6.47738e-14
-6.42735e-14
-6.31056e-14
-6.2646e-14
-6.23079e-14
-6.23844e-14
-6.26338e-14
-6.30832e-14
-6.36439e-14
-6.43189e-14
-6.50911e-14
-6.59469e-14
-6.68487e-14
-6.7728e-14
-6.84976e-14
-6.90645e-14
-6.93575e-14
-6.93498e-14
-6.90714e-14
-6.86136e-14
-6.81094e-14
-6.77129e-14
-6.75599e-14
-6.77437e-14
-6.82876e-14
-6.91453e-14
-7.02058e-14
-7.13256e-14
-7.23562e-14
-7.31855e-14
-7.37555e-14
-7.40824e-14
-7.42371e-14
-7.43359e-14
-7.44826e-14
-7.47639e-14
-7.51705e-14
-7.56659e-14
-7.6071e-14
-7.63082e-14
-7.61132e-14
-7.56452e-14
-7.46124e-14
-7.38126e-14
-7.25184e-14
-7.28709e-14
-7.18883e-14
-7.54344e-14
-7.32547e-14
-8.28049e-14
-7.79077e-14
-8.04372e-14
-1.13364e-13
-6.44983e-14
-7.19815e-14
-5.12666e-14
-6.47468e-14
-6.87317e-14
-6.52669e-14
-6.6887e-14
-6.50568e-14
-6.4527e-14
-6.33663e-14
-6.28586e-14
-6.2484e-14
-6.25106e-14
-6.27174e-14
-6.31202e-14
-6.36356e-14
-6.42619e-14
-6.49892e-14
-6.58092e-14
-6.6696e-14
-6.75888e-14
-6.84067e-14
-6.90544e-14
-6.94521e-14
-6.95561e-14
-6.93768e-14
-6.89852e-14
-6.84999e-14
-6.80686e-14
-6.78325e-14
-6.78999e-14
-6.83169e-14
-6.90619e-14
-7.00459e-14
-7.11388e-14
-7.21944e-14
-7.30911e-14
-7.37523e-14
-7.41705e-14
-7.43952e-14
-7.45272e-14
-7.46683e-14
-7.49126e-14
-7.52728e-14
-7.57318e-14
-7.61393e-14
-7.64167e-14
-7.63146e-14
-7.59387e-14
-7.50129e-14
-7.42106e-14
-7.29065e-14
-7.2998e-14
-7.18836e-14
-7.49085e-14
-7.27845e-14
-8.1945e-14
-7.69525e-14
-8.0118e-14
-1.11396e-13
-6.7415e-14
-7.14007e-14
-5.1458e-14
-6.46024e-14
-6.87609e-14
-6.54212e-14
-6.70234e-14
-6.53062e-14
-6.47546e-14
-6.36116e-14
-6.30637e-14
-6.26586e-14
-6.26403e-14
-6.28087e-14
-6.31693e-14
-6.36426e-14
-6.42228e-14
-6.49044e-14
-6.56844e-14
-6.65471e-14
-6.74409e-14
-6.82927e-14
-6.9008e-14
-6.95013e-14
-6.97146e-14
-6.96401e-14
-6.93279e-14
-6.88803e-14
-6.84354e-14
-6.81354e-14
-6.80996e-14
-6.83942e-14
-6.90215e-14
-6.99157e-14
-7.09632e-14
-7.20245e-14
-7.29726e-14
-7.3716e-14
-7.42251e-14
-7.45275e-14
-7.4706e-14
-7.4856e-14
-7.50747e-14
-7.53932e-14
-7.58126e-14
-7.62117e-14
-7.65158e-14
-7.6494e-14
-7.62075e-14
-7.5396e-14
-7.4616e-14
-7.33317e-14
-7.3202e-14
-7.19833e-14
-7.45015e-14
-7.24353e-14
-8.11102e-14
-7.59887e-14
-7.96848e-14
-1.0938e-13
-7.01563e-14
-7.07215e-14
-5.16696e-14
-6.44366e-14
-6.87346e-14
-6.55327e-14
-6.71125e-14
-6.55194e-14
-6.49535e-14
-6.38369e-14
-6.32564e-14
-6.28264e-14
-6.27685e-14
-6.29029e-14
-6.32263e-14
-6.36618e-14
-6.41998e-14
-6.48368e-14
-6.55745e-14
-6.64061e-14
-6.72899e-14
-6.81619e-14
-6.89308e-14
-6.95084e-14
-6.98257e-14
-6.98579e-14
-6.96354e-14
-6.92423e-14
-6.88041e-14
-6.84601e-14
-6.83369e-14
-6.85173e-14
-6.90258e-14
-6.98202e-14
-7.08057e-14
-7.18535e-14
-7.28356e-14
-7.36492e-14
-7.42454e-14
-7.46301e-14
-7.48663e-14
-7.50395e-14
-7.52456e-14
-7.55298e-14
-7.59095e-14
-7.6292e-14
-7.66103e-14
-7.66551e-14
-7.6452e-14
-7.57569e-14
-7.50193e-14
-7.37804e-14
-7.34702e-14
-7.21768e-14
-7.42146e-14
-7.22115e-14
-8.03209e-14
-7.50444e-14
-7.91766e-14
-1.07368e-13
-7.2666e-14
-6.99492e-14
-5.19093e-14
-6.42593e-14
-6.86575e-14
-6.56052e-14
-6.71572e-14
-6.56951e-14
-6.51218e-14
-6.40386e-14
-6.34326e-14
-6.29831e-14
-6.28908e-14
-6.29954e-14
-6.32867e-14
-6.36896e-14
-6.41903e-14
-6.47856e-14
-6.54806e-14
-6.62764e-14
-6.71411e-14
-6.80203e-14
-6.88288e-14
-6.94781e-14
-6.98912e-14
-7.0029e-14
-6.99028e-14
-6.95782e-14
-6.91657e-14
-6.87981e-14
-6.86051e-14
-6.86825e-14
-6.90749e-14
-6.97631e-14
-7.06727e-14
-7.16887e-14
-7.26864e-14
-7.35561e-14
-7.42323e-14
-7.47005e-14
-7.50031e-14
-7.52126e-14
-7.54199e-14
-7.56796e-14
-7.60227e-14
-7.63833e-14
-7.6705e-14
-7.68025e-14
-7.66742e-14
-7.60932e-14
-7.54129e-14
-7.424e-14
-7.37898e-14
-7.24519e-14
-7.40453e-14
-7.21129e-14
-7.9594e-14
-7.41466e-14
-7.86338e-14
-1.05412e-13
-7.48994e-14
-6.90878e-14
-5.21829e-14
-6.40792e-14
-6.85337e-14
-6.56421e-14
-6.71594e-14
-6.58335e-14
-6.52584e-14
-6.42141e-14
-6.35894e-14
-6.31253e-14
-6.30031e-14
-6.30821e-14
-6.33463e-14
-6.3722e-14
-6.4191e-14
-6.47488e-14
-6.54029e-14
-6.61603e-14
-6.69988e-14
-6.78739e-14
-6.87083e-14
-6.94157e-14
-6.99145e-14
-7.01536e-14
-7.01271e-14
-6.98819e-14
-6.9512e-14
-6.91407e-14
-6.88966e-14
-6.88852e-14
-6.91678e-14
-6.97471e-14
-7.05699e-14
-7.15375e-14
-7.25324e-14
-7.34421e-14
-7.41882e-14
-7.47377e-14
-7.51125e-14
-7.53699e-14
-7.5592e-14
-7.58386e-14
-7.6151e-14
-7.64876e-14
-7.68042e-14
-7.69411e-14
-7.68775e-14
-7.64044e-14
-7.57914e-14
-7.47003e-14
-7.4148e-14
-7.27955e-14
-7.39876e-14
-7.2135e-14
-7.89428e-14
-7.33202e-14
-7.80963e-14
-1.03558e-13
-7.68262e-14
-6.81407e-14
-5.24952e-14
-6.39054e-14
-6.83667e-14
-6.5647e-14
-6.71221e-14
-6.59344e-14
-6.53633e-14
-6.4362e-14
-6.37249e-14
-6.32504e-14
-6.31023e-14
-6.31594e-14
-6.34013e-14
-6.3755e-14
-6.41982e-14
-6.4724e-14
-6.53406e-14
-6.60591e-14
-6.68665e-14
-6.77281e-14
-6.85757e-14
-6.93276e-14
-6.99002e-14
-7.02337e-14
-7.03069e-14
-7.01488e-14
-6.98359e-14
-6.94795e-14
-6.92038e-14
-6.91195e-14
-6.93019e-14
-6.97733e-14
-7.05018e-14
-7.14068e-14
-7.23813e-14
-7.33139e-14
-7.41173e-14
-7.47427e-14
-7.51922e-14
-7.55066e-14
-7.57564e-14
-7.60021e-14
-7.62922e-14
-7.66057e-14
-7.69118e-14
-7.70761e-14
-7.70662e-14
-7.66922e-14
-7.61516e-14
-7.51529e-14
-7.45334e-14
-7.3194e-14
-7.40329e-14
-7.22694e-14
-7.8377e-14
-7.25869e-14
-7.76014e-14
-1.01842e-13
-7.84312e-14
-6.71106e-14
-5.28498e-14
-6.3746e-14
-6.81599e-14
-6.56226e-14
-6.70486e-14
-6.59986e-14
-6.54368e-14
-6.44814e-14
-6.38376e-14
-6.33562e-14
-6.31861e-14
-6.32245e-14
-6.3448e-14
-6.37849e-14
-6.42084e-14
-6.47081e-14
-6.52918e-14
-6.59732e-14
-6.6747e-14
-6.75877e-14
-6.84373e-14
-6.92204e-14
-6.98543e-14
-7.02731e-14
-7.04429e-14
-7.03761e-14
-7.01319e-14
-6.98071e-14
-6.95188e-14
-6.93791e-14
-6.94735e-14
-6.98419e-14
-7.04722e-14
-7.13032e-14
-7.2241e-14
-7.31792e-14
-7.40254e-14
-7.47181e-14
-7.52416e-14
-7.56192e-14
-7.5908e-14
-7.61654e-14
-7.64432e-14
-7.67374e-14
-7.70303e-14
-7.72124e-14
-7.72456e-14
-7.69596e-14
-7.64926e-14
-7.55919e-14
-7.4936e-14
-7.36344e-14
-7.41703e-14
-7.25047e-14
-7.79026e-14
-7.19652e-14
-7.71823e-14
-1.00292e-13
-7.97151e-14
-6.59994e-14
-5.32491e-14
-6.3609e-14
-6.79175e-14
-6.55716e-14
-6.69422e-14
-6.60267e-14
-6.54791e-14
-6.45717e-14
-6.39267e-14
-6.34416e-14
-6.32528e-14
-6.32752e-14
-6.34836e-14
-6.38082e-14
-6.42178e-14
-6.46978e-14
-6.52544e-14
-6.59021e-14
-6.66419e-14
-6.74568e-14
-6.8299e-14
-6.9101e-14
-6.97833e-14
-7.02767e-14
-7.05375e-14
-7.05632e-14
-7.03958e-14
-7.01172e-14
-6.98342e-14
-6.96573e-14
-6.96783e-14
-6.99515e-14
-7.04836e-14
-7.12324e-14
-7.21194e-14
-7.30463e-14
-7.39196e-14
-7.46687e-14
-7.52619e-14
-7.5706e-14
-7.6043e-14
-7.63238e-14
-7.66004e-14
-7.68817e-14
-7.71615e-14
-7.73542e-14
-7.74208e-14
-7.7211e-14
-7.68154e-14
-7.60142e-14
-7.53477e-14
-7.41045e-14
-7.43879e-14
-7.28274e-14
-7.75224e-14
-7.14693e-14
-7.6866e-14
-9.89242e-14
-8.06941e-14
-6.48085e-14
-5.36955e-14
-6.35014e-14
-6.76433e-14
-6.54964e-14
-6.68057e-14
-6.60202e-14
-6.54913e-14
-6.46331e-14
-6.39918e-14
-6.35061e-14
-6.33014e-14
-6.331e-14
-6.35061e-14
-6.38221e-14
-6.4223e-14
-6.46899e-14
-6.52257e-14
-6.58446e-14
-6.6552e-14
-6.73385e-14
-6.81662e-14
-6.89762e-14
-6.96945e-14
-7.0251e-14
-7.0595e-14
-7.07113e-14
-7.06259e-14
-7.04051e-14
-7.01438e-14
-6.99475e-14
-6.99112e-14
-7.01e-14
-7.05371e-14
-7.11992e-14
-7.20239e-14
-7.2924e-14
-7.38083e-14
-7.46007e-14
-7.52566e-14
-7.57671e-14
-7.61588e-14
-7.64736e-14
-7.67603e-14
-7.70366e-14
-7.73063e-14
-7.75052e-14
-7.75971e-14
-7.74518e-14
-7.71229e-14
-7.64187e-14
-7.57626e-14
-7.45941e-14
-7.46734e-14
-7.32232e-14
-7.72365e-14
-7.11093e-14
-7.66727e-14
-9.77461e-14
-8.13982e-14
-6.35393e-14
-5.41903e-14
-6.34306e-14
-6.73405e-14
-6.53988e-14
-6.66422e-14
-6.59801e-14
-6.54738e-14
-6.46658e-14
-6.40328e-14
-6.35493e-14
-6.33316e-14
-6.33282e-14
-6.35142e-14
-6.38246e-14
-6.42214e-14
-6.46812e-14
-6.52029e-14
-6.57988e-14
-6.64773e-14
-6.72351e-14
-6.80435e-14
-6.88527e-14
-6.95954e-14
-7.02032e-14
-7.06212e-14
-7.08236e-14
-7.08222e-14
-7.06679e-14
-7.04426e-14
-7.0244e-14
-7.0167e-14
-7.02844e-14
-7.06331e-14
-7.12073e-14
-7.19615e-14
-7.28211e-14
-7.37008e-14
-7.45221e-14
-7.52311e-14
-7.58048e-14
-7.62547e-14
-7.66119e-14
-7.69194e-14
-7.72e-14
-7.74647e-14
-7.76681e-14
-7.77793e-14
-7.76875e-14
-7.74191e-14
-7.68067e-14
-7.61772e-14
-7.50948e-14
-7.50148e-14
-7.36775e-14
-7.70429e-14
-7.08914e-14
-7.66148e-14
-9.67544e-14
-8.18695e-14
-6.21933e-14
-5.47351e-14
-6.34033e-14
-6.70131e-14
-6.52807e-14
-6.64542e-14
-6.59077e-14
-6.54276e-14
-6.46702e-14
-6.40501e-14
-6.35715e-14
-6.33436e-14
-6.33299e-14
-6.35072e-14
-6.38145e-14
-6.4211e-14
-6.4669e-14
-6.51832e-14
-6.57627e-14
-6.64173e-14
-6.71481e-14
-6.79348e-14
-6.87365e-14
-6.94936e-14
-7.01415e-14
-7.06232e-14
-7.09052e-14
-7.09872e-14
-7.09052e-14
-7.07274e-14
-7.05421e-14
-7.0441e-14
-7.05014e-14
-7.07711e-14
-7.12597e-14
-7.19382e-14
-7.27462e-14
-7.36067e-14
-7.44423e-14
-7.51926e-14
-7.58234e-14
-7.6332e-14
-7.67376e-14
-7.70755e-14
-7.73696e-14
-7.7636e-14
-7.78448e-14
-7.79715e-14
-7.79238e-14
-7.7709e-14
-7.71815e-14
-7.65899e-14
-7.56006e-14
-7.54012e-14
-7.41767e-14
-7.69378e-14
-7.08176e-14
-7.66971e-14
-9.59381e-14
-8.21585e-14
-6.07724e-14
-5.53314e-14
-6.3426e-14
-6.6665e-14
-6.51435e-14
-6.62446e-14
-6.58044e-14
-6.53534e-14
-6.46468e-14
-6.4044e-14
-6.35732e-14
-6.3338e-14
-6.33156e-14
-6.34855e-14
-6.37913e-14
-6.41904e-14
-6.46515e-14
-6.51644e-14
-6.57345e-14
-6.63711e-14
-6.70784e-14
-6.78433e-14
-6.86331e-14
-6.93966e-14
-7.00741e-14
-7.06092e-14
-7.09632e-14
-7.11253e-14
-7.11184e-14
-7.0997e-14
-7.08386e-14
-7.07294e-14
-7.07479e-14
-7.09499e-14
-7.13583e-14
-7.19594e-14
-7.27075e-14
-7.35359e-14
-7.43713e-14
-7.51502e-14
-7.58295e-14
-7.63941e-14
-7.68514e-14
-7.72272e-14
-7.75438e-14
-7.78194e-14
-7.80366e-14
-7.81772e-14
-7.81661e-14
-7.79981e-14
-7.75474e-14
-7.70013e-14
-7.61077e-14
-7.58233e-14
-7.47087e-14
-7.69169e-14
-7.08865e-14
-7.69169e-14
-9.52804e-14
-8.23214e-14
-5.92792e-14
-5.59811e-14
-6.35056e-14
-6.63007e-14
-6.49882e-14
-6.60158e-14
-6.56714e-14
-6.52519e-14
-6.45961e-14
-6.40149e-14
-6.35552e-14
-6.3316e-14
-6.32865e-14
-6.34502e-14
-6.37556e-14
-6.41595e-14
-6.46276e-14
-6.51449e-14
-6.57122e-14
-6.63375e-14
-6.70265e-14
-6.77715e-14
-6.85474e-14
-6.93114e-14
-7.00098e-14
-7.05885e-14
-7.10057e-14
-7.12429e-14
-7.13113e-14
-7.12525e-14
-7.11323e-14
-7.10295e-14
-7.10213e-14
-7.11685e-14
-7.15044e-14
-7.20296e-14
-7.27126e-14
-7.34983e-14
-7.43199e-14
-7.5114e-14
-7.58315e-14
-7.64467e-14
-7.69559e-14
-7.73748e-14
-7.77216e-14
-7.80143e-14
-7.82442e-14
-7.83991e-14
-7.84192e-14
-7.8292e-14
-7.79099e-14
-7.74134e-14
-7.66144e-14
-7.62736e-14
-7.52637e-14
-7.69756e-14
-7.10936e-14
-7.72653e-14
-9.47604e-14
-8.24162e-14
-5.77172e-14
-5.66862e-14
-6.36491e-14
-6.5925e-14
-6.48158e-14
-6.57699e-14
-6.55102e-14
-6.51238e-14
-6.45187e-14
-6.39632e-14
-6.35183e-14
-6.32785e-14
-6.32441e-14
-6.34028e-14
-6.37088e-14
-6.41192e-14
-6.45972e-14
-6.51238e-14
-6.56949e-14
-6.63159e-14
-6.69926e-14
-6.77214e-14
-6.84839e-14
-6.92447e-14
-6.9957e-14
-7.05704e-14
-7.10423e-14
-7.13483e-14
-7.14901e-14
-7.14971e-14
-7.14239e-14
-7.13403e-14
-7.13199e-14
-7.14257e-14
-7.16991e-14
-7.21526e-14
-7.27683e-14
-7.35032e-14
-7.42992e-14
-7.50952e-14
-7.58391e-14
-7.64973e-14
-7.70559e-14
-7.75205e-14
-7.79034e-14
-7.82202e-14
-7.8468e-14
-7.86393e-14
-7.86872e-14
-7.8596e-14
-7.82747e-14
-7.78294e-14
-7.71212e-14
-7.67467e-14
-7.58346e-14
-7.71094e-14
-7.14323e-14
-7.77284e-14
-9.43559e-14
-8.24995e-14
-5.60912e-14
-5.74491e-14
-6.38632e-14
-6.55434e-14
-6.46281e-14
-6.55093e-14
-6.53223e-14
-6.49698e-14
-6.44152e-14
-6.38895e-14
-6.34633e-14
-6.32271e-14
-6.31905e-14
-6.33458e-14
-6.36531e-14
-6.4071e-14
-6.45615e-14
-6.51014e-14
-6.56822e-14
-6.63058e-14
-6.69772e-14
-6.7695e-14
-6.84461e-14
-6.92025e-14
-6.99239e-14
-7.05646e-14
-7.10829e-14
-7.14509e-14
-7.16624e-14
-7.17365e-14
-7.17164e-14
-7.16627e-14
-7.16433e-14
-7.17213e-14
-7.19432e-14
-7.23315e-14
-7.28804e-14
-7.35594e-14
-7.43197e-14
-7.51052e-14
-7.58635e-14
-7.65551e-14
-7.7158e-14
-7.7668e-14
-7.80907e-14
-7.84376e-14
-7.87085e-14
-7.88992e-14
-7.89733e-14
-7.89146e-14
-7.86473e-14
-7.82531e-14
-7.76297e-14
-7.72391e-14
-7.64165e-14
-7.73144e-14
-7.18938e-14
-7.82891e-14
-9.40456e-14
-8.2623e-14
-5.44074e-14
-5.82728e-14
-6.41553e-14
-6.5162e-14
-6.44265e-14
-6.52362e-14
-6.51092e-14
-6.47904e-14
-6.42862e-14
-6.37943e-14
-6.33914e-14
-6.31634e-14
-6.3128e-14
-6.32819e-14
-6.35916e-14
-6.40179e-14
-6.45224e-14
-6.5079e-14
-6.56747e-14
-6.63076e-14
-6.69806e-14
-6.76937e-14
-6.84377e-14
-6.91904e-14
-6.99182e-14
-7.05807e-14
-7.11383e-14
-7.15613e-14
-7.18379e-14
-7.19781e-14
-7.20149e-14
-7.19993e-14
-7.19926e-14
-7.20556e-14
-7.22377e-14
-7.25689e-14
-7.30542e-14
-7.36747e-14
-7.43916e-14
-7.51556e-14
-7.59159e-14
-7.66304e-14
-7.72701e-14
-7.78227e-14
-7.82865e-14
-7.86676e-14
-7.89662e-14
-7.91796e-14
-7.928e-14
-7.92516e-14
-7.90327e-14
-7.8688e-14
-7.81424e-14
-7.7749e-14
-7.70074e-14
-7.75873e-14
-7.24683e-14
-7.89288e-14
-9.38105e-14
-8.2831e-14
-5.26736e-14
-5.91607e-14
-6.45328e-14
-6.47877e-14
-6.42131e-14
-6.49527e-14
-6.48728e-14
-6.45866e-14
-6.41324e-14
-6.36783e-14
-6.33034e-14
-6.30892e-14
-6.3059e-14
-6.32144e-14
-6.35278e-14
-6.39633e-14
-6.44833e-14
-6.50591e-14
-6.56741e-14
-6.63223e-14
-6.70041e-14
-6.77194e-14
-6.84614e-14
-6.92132e-14
-6.9947e-14
-7.06275e-14
-7.12186e-14
-7.16903e-14
-7.20266e-14
-7.22307e-14
-7.2326e-14
-7.23545e-14
-7.23701e-14
-7.24297e-14
-7.25837e-14
-7.2867e-14
-7.32937e-14
-7.38554e-14
-7.45236e-14
-7.52567e-14
-7.60077e-14
-7.67337e-14
-7.74014e-14
-7.79912e-14
-7.84946e-14
-7.89119e-14
-7.92416e-14
-7.9481e-14
-7.96082e-14
-7.96091e-14
-7.94345e-14
-7.91374e-14
-7.86621e-14
-7.82755e-14
-7.76067e-14
-7.79256e-14
-7.31452e-14
-7.96292e-14
-9.36357e-14
-8.31582e-14
-5.08989e-14
-6.01166e-14
-6.50033e-14
-6.44277e-14
-6.399e-14
-6.46612e-14
-6.46148e-14
-6.43592e-14
-6.39547e-14
-6.35422e-14
-6.32007e-14
-6.3006e-14
-6.29861e-14
-6.31466e-14
-6.34658e-14
-6.39116e-14
-6.4448e-14
-6.50451e-14
-6.56829e-14
-6.63519e-14
-6.70492e-14
-6.77736e-14
-6.85201e-14
-6.92752e-14
-7.00163e-14
-7.07133e-14
-7.13337e-14
-7.18485e-14
-7.22394e-14
-7.25038e-14
-7.26577e-14
-7.27341e-14
-7.27795e-14
-7.28458e-14
-7.29823e-14
-7.32273e-14
-7.36019e-14
-7.41066e-14
-7.4723e-14
-7.54176e-14
-7.61489e-14
-7.68751e-14
-7.75606e-14
-7.81804e-14
-7.87197e-14
-7.91728e-14
-7.95352e-14
-7.98029e-14
-7.99581e-14
-7.99881e-14
-7.98546e-14
-7.96029e-14
-7.91907e-14
-7.88183e-14
-7.82152e-14
-7.83267e-14
-7.39136e-14
-8.03739e-14
-9.35112e-14
-8.36276e-14
-4.90941e-14
-6.11448e-14
-6.55748e-14
-6.40902e-14
-6.37598e-14
-6.43634e-14
-6.43372e-14
-6.41092e-14
-6.3754e-14
-6.33869e-14
-6.30843e-14
-6.29159e-14
-6.29122e-14
-6.30821e-14
-6.34099e-14
-6.38675e-14
-6.44212e-14
-6.5041e-14
-6.57046e-14
-6.63987e-14
-6.71176e-14
-6.78582e-14
-6.86158e-14
-6.93796e-14
-7.0131e-14
-7.08447e-14
-7.14919e-14
-7.20455e-14
-7.24861e-14
-7.28071e-14
-7.30179e-14
-7.31441e-14
-7.32246e-14
-7.33057e-14
-7.34345e-14
-7.36506e-14
-7.398e-14
-7.44312e-14
-7.49946e-14
-7.56451e-14
-7.63476e-14
-7.70632e-14
-7.77557e-14
-7.83966e-14
-7.89657e-14
-7.94518e-14
-7.98467e-14
-8.01438e-14
-8.03277e-14
-8.0387e-14
-8.02927e-14
-8.00844e-14
-7.97291e-14
-7.93764e-14
-7.88339e-14
-7.87882e-14
-7.47624e-14
-8.11496e-14
-9.34317e-14
-8.425e-14
-4.7273e-14
-6.22503e-14
-6.62549e-14
-6.37835e-14
-6.35251e-14
-6.40612e-14
-6.40416e-14
-6.38374e-14
-6.35309e-14
-6.32131e-14
-6.29554e-14
-6.28203e-14
-6.28394e-14
-6.30241e-14
-6.33639e-14
-6.38352e-14
-6.44074e-14
-6.5051e-14
-6.57422e-14
-6.64652e-14
-6.72109e-14
-6.79741e-14
-6.87496e-14
-6.9528e-14
-7.0294e-14
-7.10262e-14
-7.16993e-14
-7.22886e-14
-7.27747e-14
-7.31483e-14
-7.34137e-14
-7.35899e-14
-7.37087e-14
-7.38109e-14
-7.394e-14
-7.41355e-14
-7.44269e-14
-7.48289e-14
-7.53396e-14
-7.59423e-14
-7.66083e-14
-7.73033e-14
-7.79921e-14
-7.8644e-14
-7.92353e-14
-7.97494e-14
-8.01743e-14
-8.05005e-14
-8.07132e-14
-8.0802e-14
-8.07453e-14
-8.05787e-14
-8.02754e-14
-7.99476e-14
-7.94631e-14
-7.93065e-14
-7.56801e-14
-8.19464e-14
-9.33969e-14
-8.50242e-14
-4.54528e-14
-6.34397e-14
-6.70508e-14
-6.35147e-14
-6.32878e-14
-6.37552e-14
-6.37288e-14
-6.35439e-14
-6.32858e-14
-6.3021e-14
-6.28144e-14
-6.27202e-14
-6.27692e-14
-6.29748e-14
-6.33307e-14
-6.38181e-14
-6.44098e-14
-6.5078e-14
-6.57984e-14
-6.65528e-14
-6.73295e-14
-6.81209e-14
-6.89206e-14
-6.97198e-14
-7.05053e-14
-7.12587e-14
-7.19583e-14
-7.25815e-14
-7.31098e-14
-7.35321e-14
-7.3849e-14
-7.4074e-14
-7.42325e-14
-7.43599e-14
-7.44955e-14
-7.46778e-14
-7.49379e-14
-7.52953e-14
-7.57548e-14
-7.63072e-14
-7.69308e-14
-7.75962e-14
-7.82707e-14
-7.89233e-14
-7.95275e-14
-8.00629e-14
-8.05135e-14
-8.08666e-14
-8.11072e-14
-8.12252e-14
-8.12052e-14
-8.1079e-14
-8.08244e-14
-8.05268e-14
-8.01005e-14
-7.9876e-14
-7.66547e-14
-8.2759e-14
-9.34116e-14
-8.59383e-14
-4.36505e-14
-6.47211e-14
-6.79709e-14
-6.32915e-14
-6.30485e-14
-6.34448e-14
-6.3399e-14
-6.32286e-14
-6.30184e-14
-6.28106e-14
-6.26614e-14
-6.26158e-14
-6.27023e-14
-6.2935e-14
-6.33117e-14
-6.38178e-14
-6.44303e-14
-6.51235e-14
-6.58735e-14
-6.66608e-14
-6.74714e-14
-6.82955e-14
-6.91249e-14
-6.99506e-14
-7.07606e-14
-7.15389e-14
-7.22664e-14
-7.29229e-14
-7.34908e-14
-7.39584e-14
-7.43234e-14
-7.45948e-14
-7.4793e-14
-7.49475e-14
-7.5094e-14
-7.52686e-14
-7.55031e-14
-7.58204e-14
-7.62308e-14
-7.67317e-14
-7.73082e-14
-7.79363e-14
-7.85868e-14
-7.92296e-14
-7.98369e-14
-8.03854e-14
-8.08557e-14
-8.1232e-14
-8.14983e-14
-8.16448e-14
-8.16604e-14
-8.15739e-14
-8.13664e-14
-8.11052e-14
-8.07405e-14
-8.0488e-14
-7.76731e-14
-8.35867e-14
-9.3484e-14
-8.69671e-14
-4.18783e-14
-6.6102e-14
-6.90259e-14
-6.31229e-14
-6.28077e-14
-6.31274e-14
-6.30504e-14
-6.28898e-14
-6.27277e-14
-6.25808e-14
-6.24951e-14
-6.25056e-14
-6.26371e-14
-6.29034e-14
-6.33055e-14
-6.3833e-14
-6.44671e-14
-6.51852e-14
-6.59644e-14
-6.6785e-14
-6.7631e-14
-6.84906e-14
-6.93538e-14
-7.02109e-14
-7.10501e-14
-7.1857e-14
-7.26144e-14
-7.33042e-14
-7.39099e-14
-7.44196e-14
-7.48292e-14
-7.51441e-14
-7.53801e-14
-7.55621e-14
-7.57217e-14
-7.58924e-14
-7.61059e-14
-7.63871e-14
-7.67506e-14
-7.71996e-14
-7.77255e-14
-7.83098e-14
-7.89275e-14
-7.95505e-14
-8.0151e-14
-8.07036e-14
-8.11864e-14
-8.15808e-14
-8.18698e-14
-8.20431e-14
-8.20934e-14
-8.20464e-14
-8.18862e-14
-8.16688e-14
-8.13727e-14
-8.11306e-14
-7.87229e-14
-8.4433e-14
-9.3623e-14
-8.8072e-14
-4.01606e-14
-6.75909e-14
-7.02213e-14
-6.30157e-14
-6.25642e-14
-6.27969e-14
-6.26773e-14
-6.25229e-14
-6.24096e-14
-6.23275e-14
-6.23111e-14
-6.23847e-14
-6.25679e-14
-6.28736e-14
-6.33051e-14
-6.3856e-14
-6.45119e-14
-6.52537e-14
-6.60607e-14
-6.69131e-14
-6.77943e-14
-6.86905e-14
-6.95901e-14
-7.04819e-14
-7.13541e-14
-7.21928e-14
-7.29822e-14
-7.37057e-14
-7.43478e-14
-7.48969e-14
-7.53473e-14
-7.5702e-14
-7.59731e-14
-7.61814e-14
-7.63545e-14
-7.65234e-14
-7.67189e-14
-7.69669e-14
-7.72857e-14
-7.7683e-14
-7.81558e-14
-7.86914e-14
-7.92689e-14
-7.98633e-14
-8.04474e-14
-8.09952e-14
-8.14829e-14
-8.18895e-14
-8.21973e-14
-8.23957e-14
-8.24798e-14
-8.24728e-14
-8.23619e-14
-8.2197e-14
-8.19809e-14
-8.1788e-14
-7.97888e-14
-8.53018e-14
-9.38388e-14
-8.92134e-14
-3.85564e-14
-6.92052e-14
-7.15484e-14
-6.29619e-14
-6.23108e-14
-6.24444e-14
-6.22695e-14
-6.21174e-14
-6.20545e-14
-6.20414e-14
-6.20994e-14
-6.22414e-14
-6.24815e-14
-6.28307e-14
-6.3294e-14
-6.38689e-14
-6.45454e-14
-6.53084e-14
-6.61397e-14
-6.70209e-14
-6.79348e-14
-6.88666e-14
-6.98027e-14
-7.07309e-14
-7.16384e-14
-7.25111e-14
-7.33341e-14
-7.40917e-14
-7.47691e-14
-7.53548e-14
-7.58424e-14
-7.62329e-14
-7.65354e-14
-7.67673e-14
-7.69528e-14
-7.71203e-14
-7.72993e-14
-7.75165e-14
-7.77923e-14
-7.81386e-14
-7.85573e-14
-7.90406e-14
-7.95726e-14
-8.01311e-14
-8.06909e-14
-8.12259e-14
-8.17112e-14
-8.21246e-14
-8.24473e-14
-8.26687e-14
-8.27859e-14
-8.282e-14
-8.27621e-14
-8.26615e-14
-8.25417e-14
-8.24356e-14
-8.0846e-14
-8.61919e-14
-9.41487e-14
-9.03701e-14
-3.71208e-14
-7.09787e-14
-7.30066e-14
-6.29433e-14
-6.20271e-14
-6.20539e-14
-6.18133e-14
-6.16588e-14
-6.1648e-14
-6.17078e-14
-6.18438e-14
-6.20575e-14
-6.2357e-14
-6.27509e-14
-6.32458e-14
-6.38426e-14
-6.4536e-14
-6.53151e-14
-6.6165e-14
-6.70693e-14
-6.80111e-14
-6.89747e-14
-6.99454e-14
-7.09093e-14
-7.18524e-14
-7.27601e-14
-7.36174e-14
-7.44088e-14
-7.51202e-14
-7.57399e-14
-7.6261e-14
-7.66829e-14
-7.70125e-14
-7.72644e-14
-7.74598e-14
-7.7625e-14
-7.77881e-14
-7.79757e-14
-7.82103e-14
-7.85069e-14
-7.88717e-14
-7.93015e-14
-7.97847e-14
-8.03028e-14
-8.08325e-14
-8.13487e-14
-8.18262e-14
-8.22417e-14
-8.25761e-14
-8.28191e-14
-8.29692e-14
-8.30461e-14
-8.30469e-14
-8.30247e-14
-8.30204e-14
-8.30351e-14
-8.18616e-14
-8.7107e-14
-9.4578e-14
-9.15194e-14
-3.58403e-14
-7.29554e-14
-7.46374e-14
-6.29604e-14
-6.16803e-14
-6.15936e-14
-6.12885e-14
-6.11303e-14
-6.11717e-14
-6.13066e-14
-6.15219e-14
-6.1807e-14
-6.21639e-14
-6.25995e-14
-6.31213e-14
-6.37341e-14
-6.4437e-14
-6.52238e-14
-6.60836e-14
-6.70022e-14
-6.7964e-14
-6.89529e-14
-6.99533e-14
-7.09497e-14
-7.19265e-14
-7.28684e-14
-7.37593e-14
-7.45837e-14
-7.53272e-14
-7.59781e-14
-7.65289e-14
-7.69778e-14
-7.73298e-14
-7.75975e-14
-7.77998e-14
-7.79609e-14
-7.81077e-14
-7.8267e-14
-7.84624e-14
-7.87116e-14
-7.90243e-14
-7.94017e-14
-7.98362e-14
-8.03125e-14
-8.08099e-14
-8.13045e-14
-8.17711e-14
-8.21863e-14
-8.2531e-14
-8.27948e-14
-8.29781e-14
-8.31009e-14
-8.3168e-14
-8.3238e-14
-8.33655e-14
-8.35355e-14
-8.2809e-14
-8.80673e-14
-9.51458e-14
-9.25964e-14
-3.47707e-14
-7.51849e-14
-7.64654e-14
-6.30224e-14
-6.12421e-14
-6.1015e-14
-6.06547e-14
-6.05016e-14
-6.05956e-14
-6.08034e-14
-6.10942e-14
-6.14446e-14
-6.18506e-14
-6.23178e-14
-6.28556e-14
-6.34722e-14
-6.4172e-14
-6.49534e-14
-6.58098e-14
-6.67301e-14
-6.77003e-14
-6.87047e-14
-6.97266e-14
-7.07493e-14
-7.17556e-14
-7.27284e-14
-7.36507e-14
-7.4506e-14
-7.52793e-14
-7.59584e-14
-7.6535e-14
-7.70065e-14
-7.73765e-14
-7.76558e-14
-7.78616e-14
-7.80168e-14
-7.81473e-14
-7.828e-14
-7.84394e-14
-7.86455e-14
-7.89112e-14
-7.92411e-14
-7.9631e-14
-8.00691e-14
-8.05369e-14
-8.10117e-14
-8.14688e-14
-8.18849e-14
-8.22409e-14
-8.25269e-14
-8.27455e-14
-8.29185e-14
-8.30585e-14
-8.32296e-14
-8.35048e-14
-8.38768e-14
-8.36549e-14
-8.90673e-14
-9.58605e-14
-9.35867e-14
-3.43351e-14
-7.77203e-14
-7.83041e-14
-6.30034e-14
-6.06362e-14
-6.02188e-14
-5.97926e-14
-5.9658e-14
-5.98113e-14
-6.00868e-14
-6.04417e-14
-6.08432e-14
-6.12819e-14
-6.17626e-14
-6.22974e-14
-6.2899e-14
-6.35767e-14
-6.43345e-14
-6.51701e-14
-6.6076e-14
-6.70402e-14
-6.80475e-14
-6.90809e-14
-7.01221e-14
-7.11524e-14
-7.21526e-14
-7.31041e-14
-7.3989e-14
-7.47912e-14
-7.54974e-14
-7.60986e-14
-7.65912e-14
-7.69777e-14
-7.72678e-14
-7.74777e-14
-7.7629e-14
-7.77474e-14
-7.786e-14
-7.79923e-14
-7.81662e-14
-7.8397e-14
-7.86923e-14
-7.9051e-14
-7.94636e-14
-7.99135e-14
-8.03791e-14
-8.08362e-14
-8.12612e-14
-8.16349e-14
-8.19485e-14
-8.22072e-14
-8.24342e-14
-8.26489e-14
-8.29285e-14
-8.33808e-14
-8.40103e-14
-8.43286e-14
-9.00327e-14
-9.68022e-14
-9.47922e-14
-3.54186e-14
-8.08286e-14
-7.98937e-14
-6.26376e-14
-5.96942e-14
-5.9067e-14
-5.85482e-14
-5.84356e-14
-5.86589e-14
-5.89988e-14
-5.94003e-14
-5.98293e-14
-6.02741e-14
-6.07404e-14
-6.12438e-14
-6.18023e-14
-6.2431e-14
-6.31392e-14
-6.39299e-14
-6.47991e-14
-6.57373e-14
-6.67302e-14
-6.77606e-14
-6.88089e-14
-6.98545e-14
-7.08762e-14
-7.18531e-14
-7.27655e-14
-7.35956e-14
-7.43288e-14
-7.4955e-14
-7.54696e-14
-7.58745e-14
-7.61785e-14
-7.63973e-14
-7.65524e-14
-7.66692e-14
-7.67755e-14
-7.68977e-14
-7.70593e-14
-7.72775e-14
-7.75618e-14
-7.7913e-14
-7.83232e-14
-7.87767e-14
-7.9252e-14
-7.97244e-14
-8.01696e-14
-8.05686e-14
-8.09134e-14
-8.12107e-14
-8.14842e-14
-8.17647e-14
-8.21599e-14
-8.28227e-14
-8.37471e-14
-8.46193e-14
-9.08377e-14
-9.8216e-14
-9.68743e-14
-3.7309e-14
-8.46161e-14
-8.13486e-14
-6.20026e-14
-5.84926e-14
-5.77592e-14
-5.72074e-14
-5.7125e-14
-5.74179e-14
-5.78174e-14
-5.82448e-14
-5.86681e-14
-5.90815e-14
-5.94944e-14
-5.9928e-14
-6.04066e-14
-6.09518e-14
-6.1579e-14
-6.2296e-14
-6.31029e-14
-6.39923e-14
-6.4951e-14
-6.59616e-14
-6.70032e-14
-6.80534e-14
-6.90886e-14
-7.00857e-14
-7.10226e-14
-7.18796e-14
-7.26403e-14
-7.32932e-14
-7.38326e-14
-7.42594e-14
-7.45817e-14
-7.48148e-14
-7.49799e-14
-7.51027e-14
-7.52113e-14
-7.53332e-14
-7.54928e-14
-7.57088e-14
-7.59923e-14
-7.63453e-14
-7.67606e-14
-7.72228e-14
-7.771e-14
-7.81967e-14
-7.86577e-14
-7.90734e-14
-7.94359e-14
-7.97509e-14
-8.0044e-14
-8.03662e-14
-8.0853e-14
-8.16791e-14
-8.28423e-14
-8.42777e-14
-9.1253e-14
-9.98302e-14
-9.91878e-14
-3.71835e-14
-8.93972e-14
-8.40928e-14
-6.25611e-14
-5.80834e-14
-5.71888e-14
-5.66533e-14
-5.65578e-14
-5.68324e-14
-5.72106e-14
-5.75819e-14
-5.79088e-14
-5.81959e-14
-5.84628e-14
-5.87385e-14
-5.90554e-14
-5.94422e-14
-5.99203e-14
-6.05019e-14
-6.11903e-14
-6.19799e-14
-6.28582e-14
-6.38074e-14
-6.48056e-14
-6.5829e-14
-6.68524e-14
-6.78506e-14
-6.87997e-14
-6.96777e-14
-7.04662e-14
-7.11511e-14
-7.1724e-14
-7.21832e-14
-7.25342e-14
-7.27899e-14
-7.29696e-14
-7.30977e-14
-7.32019e-14
-7.33104e-14
-7.3449e-14
-7.36388e-14
-7.38935e-14
-7.42178e-14
-7.46076e-14
-7.50495e-14
-7.55234e-14
-7.60047e-14
-7.6469e-14
-7.6897e-14
-7.72792e-14
-7.76205e-14
-7.79532e-14
-7.83455e-14
-7.89227e-14
-7.98521e-14
-8.12292e-14
-8.3275e-14
-9.08228e-14
-1.00048e-13
-9.86122e-14
-4.58177e-14
-9.53508e-14
-8.4803e-14
-6.12293e-14
-5.48906e-14
-5.32706e-14
-5.26029e-14
-5.24356e-14
-5.25945e-14
-5.28311e-14
-5.30289e-14
-5.31508e-14
-5.32101e-14
-5.32378e-14
-5.32724e-14
-5.33541e-14
-5.35183e-14
-5.37921e-14
-5.41931e-14
-5.47285e-14
-5.53964e-14
-5.61868e-14
-5.70836e-14
-5.80659e-14
-5.91096e-14
-6.01888e-14
-6.12765e-14
-6.23457e-14
-6.33709e-14
-6.43285e-14
-6.51989e-14
-6.59677e-14
-6.66268e-14
-6.71753e-14
-6.76206e-14
-6.79775e-14
-6.82677e-14
-6.85175e-14
-6.87558e-14
-6.90106e-14
-6.93066e-14
-6.9662e-14
-7.00866e-14
-7.05808e-14
-7.11353e-14
-7.17329e-14
-7.2351e-14
-7.29658e-14
-7.35572e-14
-7.4114e-14
-7.46413e-14
-7.5174e-14
-7.57791e-14
-7.65654e-14
-7.77482e-14
-7.95814e-14
-8.22909e-14
-8.98949e-14
-1.01407e-13
-1.03941e-13
-1.48181e-13
-1.13435e-13
-7.19597e-14
-4.73906e-14
-3.98051e-14
-3.73204e-14
-3.66026e-14
-3.65846e-14
-3.67459e-14
-3.67896e-14
-3.66485e-14
-3.63219e-14
-3.58331e-14
-3.52257e-14
-3.45591e-14
-3.3899e-14
-3.33096e-14
-3.28487e-14
-3.25643e-14
-3.24916e-14
-3.26523e-14
-3.30543e-14
-3.36933e-14
-3.45535e-14
-3.56099e-14
-3.68298e-14
-3.81741e-14
-3.95998e-14
-4.10616e-14
-4.25143e-14
-4.39155e-14
-4.52284e-14
-4.64245e-14
-4.74861e-14
-4.84078e-14
-4.91972e-14
-4.98747e-14
-5.04708e-14
-5.10233e-14
-5.15727e-14
-5.21575e-14
-5.2809e-14
-5.3547e-14
-5.43766e-14
-5.52874e-14
-5.62539e-14
-5.72398e-14
-5.82039e-14
-5.91097e-14
-5.99385e-14
-6.0697e-14
-6.14199e-14
-6.21937e-14
-6.3234e-14
-6.49869e-14
-6.7831e-14
-7.16579e-14
-8.21658e-14
-1.16282e-13
-1.67863e-13
-3.15569e-13
-1.24508e-13
-3.80061e-14
-2.51685e-14
-2.37873e-14
-2.39441e-14
-2.5065e-14
-2.64497e-14
-2.75066e-14
-2.79976e-14
-2.79861e-14
-2.756e-14
-2.67764e-14
-2.5704e-14
-2.4436e-14
-2.30781e-14
-2.17373e-14
-2.05147e-14
-1.94983e-14
-1.87583e-14
-1.83436e-14
-1.82811e-14
-1.85769e-14
-1.92183e-14
-2.0176e-14
-2.14073e-14
-2.28582e-14
-2.44669e-14
-2.61667e-14
-2.78895e-14
-2.95697e-14
-3.11489e-14
-3.25794e-14
-3.38291e-14
-3.48835e-14
-3.57478e-14
-3.64462e-14
-3.70195e-14
-3.75204e-14
-3.80073e-14
-3.85365e-14
-3.9154e-14
-3.98883e-14
-4.07444e-14
-4.17013e-14
-4.27121e-14
-4.37095e-14
-4.46148e-14
-4.53559e-14
-4.58882e-14
-4.61997e-14
-4.62998e-14
-4.62733e-14
-4.64183e-14
-4.72614e-14
-4.87955e-14
-4.99328e-14
-6.0209e-14
-1.30968e-13
-2.69718e-13
)
;

boundaryField
{
    top
    {
        type            zeroGradient;
    }
    bottom
    {
        type            zeroGradient;
    }
    wall
    {
        type            zeroGradient;
    }
    frontAndBack
    {
        type            empty;
    }
}


// ************************************************************************* //
