/*--------------------------------*- C++ -*----------------------------------*\
| =========                 |                                                 |
| \\      /  F ield         | foam-extend: Open Source CFD                    |
|  \\    /   O peration     | Version:     4.0                                |
|   \\  /    A nd           | Web:         http://www.foam-extend.org         |
|    \\/     M anipulation  |                                                 |
\*---------------------------------------------------------------------------*/
FoamFile
{
    version     2.0;
    format      ascii;
    class       volScalarField;
    location    "10";
    object      cPlus;
}
// * * * * * * * * * * * * * * * * * * * * * * * * * * * * * * * * * * * * * //

dimensions      [0 -3 0 0 0 0 0];

internalField   nonuniform List<scalar> 
6960
(
10.0329
10.0329
10.0329
10.0329
10.0329
10.0329
10.0329
10.0329
10.0329
10.0329
10.0329
10.0329
10.0329
10.0329
10.0329
10.0329
10.0329
10.0329
10.0329
10.0329
10.0329
10.0329
10.0329
10.0329
10.0329
10.0329
10.0329
10.0329
10.0329
10.0329
10.0329
10.0329
10.0329
10.0329
10.0329
10.0329
10.0329
10.0329
10.0329
10.0329
10.0329
10.0329
10.0329
10.0329
10.0329
10.0329
10.0329
10.0329
10.0329
10.0329
10.0329
10.0329
10.0329
10.0329
10.0329
10.0329
10.0329
10.0329
10.0329
10.0329
10.0983
10.0983
10.0983
10.0983
10.0983
10.0983
10.0983
10.0983
10.0983
10.0983
10.0983
10.0983
10.0983
10.0983
10.0983
10.0983
10.0983
10.0983
10.0983
10.0983
10.0983
10.0983
10.0983
10.0983
10.0983
10.0983
10.0983
10.0983
10.0983
10.0983
10.0983
10.0983
10.0983
10.0983
10.0983
10.0983
10.0983
10.0983
10.0983
10.0983
10.0983
10.0983
10.0983
10.0983
10.0983
10.0983
10.0983
10.0983
10.0983
10.0983
10.0983
10.0983
10.0983
10.0983
10.0983
10.0983
10.0983
10.0983
10.0983
10.0983
10.1644
10.1644
10.1644
10.1644
10.1644
10.1644
10.1644
10.1644
10.1644
10.1644
10.1644
10.1644
10.1644
10.1644
10.1644
10.1644
10.1644
10.1644
10.1644
10.1644
10.1644
10.1644
10.1644
10.1644
10.1644
10.1644
10.1644
10.1644
10.1644
10.1644
10.1644
10.1644
10.1644
10.1644
10.1644
10.1644
10.1644
10.1644
10.1644
10.1644
10.1644
10.1644
10.1644
10.1644
10.1644
10.1644
10.1644
10.1644
10.1644
10.1644
10.1644
10.1644
10.1644
10.1644
10.1644
10.1644
10.1644
10.1644
10.1644
10.1644
10.2312
10.2312
10.2312
10.2312
10.2312
10.2312
10.2312
10.2312
10.2312
10.2312
10.2312
10.2312
10.2312
10.2312
10.2312
10.2312
10.2312
10.2312
10.2312
10.2312
10.2312
10.2312
10.2312
10.2312
10.2312
10.2312
10.2312
10.2312
10.2312
10.2312
10.2312
10.2312
10.2312
10.2312
10.2312
10.2312
10.2312
10.2312
10.2312
10.2312
10.2312
10.2312
10.2312
10.2312
10.2312
10.2312
10.2312
10.2312
10.2312
10.2312
10.2312
10.2312
10.2312
10.2312
10.2312
10.2312
10.2312
10.2312
10.2312
10.2312
10.2986
10.2986
10.2986
10.2986
10.2986
10.2986
10.2986
10.2986
10.2986
10.2986
10.2986
10.2986
10.2986
10.2986
10.2986
10.2986
10.2986
10.2986
10.2986
10.2986
10.2986
10.2986
10.2986
10.2986
10.2986
10.2986
10.2986
10.2986
10.2986
10.2986
10.2986
10.2986
10.2986
10.2986
10.2986
10.2986
10.2986
10.2986
10.2986
10.2986
10.2986
10.2986
10.2986
10.2986
10.2986
10.2986
10.2986
10.2986
10.2986
10.2986
10.2986
10.2986
10.2986
10.2986
10.2986
10.2986
10.2986
10.2986
10.2986
10.2986
10.3665
10.3665
10.3665
10.3665
10.3665
10.3665
10.3665
10.3665
10.3665
10.3665
10.3665
10.3665
10.3665
10.3665
10.3665
10.3665
10.3665
10.3665
10.3665
10.3665
10.3665
10.3665
10.3665
10.3665
10.3665
10.3665
10.3665
10.3665
10.3665
10.3665
10.3665
10.3665
10.3665
10.3665
10.3665
10.3665
10.3665
10.3665
10.3665
10.3665
10.3665
10.3665
10.3665
10.3665
10.3665
10.3665
10.3665
10.3665
10.3665
10.3665
10.3665
10.3665
10.3665
10.3665
10.3665
10.3665
10.3665
10.3665
10.3665
10.3665
10.435
10.435
10.435
10.435
10.435
10.435
10.435
10.435
10.435
10.435
10.435
10.435
10.435
10.435
10.435
10.435
10.435
10.435
10.435
10.435
10.435
10.435
10.435
10.435
10.435
10.435
10.435
10.435
10.435
10.435
10.435
10.435
10.435
10.435
10.435
10.435
10.435
10.435
10.435
10.435
10.435
10.435
10.435
10.435
10.435
10.435
10.435
10.435
10.435
10.435
10.435
10.435
10.435
10.435
10.435
10.435
10.435
10.435
10.435
10.435
10.5039
10.5039
10.5039
10.5039
10.5039
10.5039
10.5039
10.5039
10.5039
10.5039
10.5039
10.5039
10.5039
10.5039
10.5039
10.5039
10.5039
10.5039
10.5039
10.5039
10.5039
10.5039
10.5039
10.5039
10.5039
10.5039
10.5039
10.5039
10.5039
10.5039
10.5039
10.5039
10.5039
10.5039
10.5039
10.5039
10.5039
10.5039
10.5039
10.5039
10.5039
10.5039
10.5039
10.5039
10.5039
10.5039
10.5039
10.5039
10.5039
10.5039
10.5039
10.5039
10.5039
10.5039
10.5039
10.5039
10.5039
10.5039
10.5039
10.5039
10.5733
10.5733
10.5733
10.5733
10.5733
10.5733
10.5733
10.5733
10.5733
10.5733
10.5733
10.5733
10.5733
10.5733
10.5733
10.5733
10.5733
10.5733
10.5733
10.5733
10.5733
10.5733
10.5733
10.5733
10.5733
10.5733
10.5733
10.5733
10.5733
10.5733
10.5733
10.5733
10.5733
10.5733
10.5733
10.5733
10.5733
10.5733
10.5733
10.5733
10.5733
10.5733
10.5733
10.5733
10.5733
10.5733
10.5733
10.5733
10.5733
10.5733
10.5733
10.5733
10.5733
10.5733
10.5733
10.5733
10.5733
10.5733
10.5733
10.5733
10.6431
10.6431
10.6431
10.6431
10.6431
10.6431
10.6431
10.6431
10.6431
10.6431
10.6431
10.6431
10.6431
10.6431
10.6431
10.6431
10.6431
10.6431
10.6431
10.6431
10.6431
10.6431
10.6431
10.6431
10.6431
10.6431
10.6431
10.6431
10.6431
10.6431
10.6431
10.6431
10.6431
10.6431
10.6431
10.6431
10.6431
10.6431
10.6431
10.6431
10.6431
10.6431
10.6431
10.6431
10.6431
10.6431
10.6431
10.6431
10.6431
10.6431
10.6431
10.6431
10.6431
10.6431
10.6431
10.6431
10.6431
10.6431
10.6431
10.6431
10.7132
10.7132
10.7132
10.7132
10.7132
10.7132
10.7132
10.7132
10.7132
10.7132
10.7132
10.7132
10.7132
10.7132
10.7132
10.7132
10.7132
10.7132
10.7132
10.7132
10.7132
10.7132
10.7132
10.7132
10.7132
10.7132
10.7132
10.7132
10.7132
10.7132
10.7132
10.7132
10.7132
10.7132
10.7132
10.7132
10.7132
10.7132
10.7132
10.7132
10.7132
10.7132
10.7132
10.7132
10.7132
10.7132
10.7132
10.7132
10.7132
10.7132
10.7132
10.7132
10.7132
10.7132
10.7132
10.7132
10.7132
10.7132
10.7132
10.7132
10.7835
10.7835
10.7835
10.7835
10.7835
10.7835
10.7835
10.7835
10.7835
10.7835
10.7835
10.7835
10.7835
10.7835
10.7835
10.7835
10.7835
10.7835
10.7835
10.7835
10.7835
10.7835
10.7835
10.7835
10.7835
10.7835
10.7835
10.7835
10.7835
10.7835
10.7835
10.7835
10.7835
10.7835
10.7835
10.7835
10.7835
10.7835
10.7835
10.7835
10.7835
10.7835
10.7835
10.7835
10.7835
10.7835
10.7835
10.7835
10.7835
10.7835
10.7835
10.7835
10.7835
10.7835
10.7835
10.7835
10.7835
10.7835
10.7835
10.7835
10.8541
10.8541
10.8541
10.8541
10.8541
10.8541
10.8541
10.8541
10.8541
10.8541
10.8541
10.8541
10.8541
10.8541
10.8541
10.8541
10.8541
10.8541
10.8541
10.8541
10.8541
10.8541
10.8541
10.8541
10.8541
10.8541
10.8541
10.8541
10.8541
10.8541
10.8541
10.8541
10.8541
10.8541
10.8541
10.8541
10.8541
10.8541
10.8541
10.8541
10.8541
10.8541
10.8541
10.8541
10.8541
10.8541
10.8541
10.8541
10.8541
10.8541
10.8541
10.8541
10.8541
10.8541
10.8541
10.8541
10.8541
10.8541
10.8541
10.8541
10.9248
10.9248
10.9248
10.9248
10.9248
10.9248
10.9248
10.9248
10.9248
10.9248
10.9248
10.9248
10.9248
10.9248
10.9248
10.9248
10.9248
10.9248
10.9248
10.9248
10.9248
10.9248
10.9248
10.9248
10.9248
10.9248
10.9248
10.9248
10.9248
10.9248
10.9248
10.9248
10.9248
10.9248
10.9248
10.9248
10.9248
10.9248
10.9248
10.9248
10.9248
10.9248
10.9248
10.9248
10.9248
10.9248
10.9248
10.9248
10.9248
10.9248
10.9248
10.9248
10.9248
10.9248
10.9248
10.9248
10.9248
10.9248
10.9248
10.9248
10.9957
10.9957
10.9957
10.9957
10.9957
10.9957
10.9957
10.9957
10.9957
10.9957
10.9957
10.9957
10.9957
10.9957
10.9957
10.9957
10.9957
10.9957
10.9957
10.9957
10.9957
10.9957
10.9957
10.9957
10.9957
10.9957
10.9957
10.9957
10.9957
10.9957
10.9957
10.9957
10.9957
10.9957
10.9957
10.9957
10.9957
10.9957
10.9957
10.9957
10.9957
10.9957
10.9957
10.9957
10.9957
10.9957
10.9957
10.9957
10.9957
10.9957
10.9957
10.9957
10.9957
10.9957
10.9957
10.9957
10.9957
10.9957
10.9957
10.9957
11.0665
11.0665
11.0665
11.0665
11.0665
11.0665
11.0665
11.0665
11.0665
11.0665
11.0665
11.0665
11.0665
11.0665
11.0665
11.0665
11.0665
11.0665
11.0665
11.0665
11.0665
11.0665
11.0665
11.0665
11.0665
11.0665
11.0665
11.0665
11.0665
11.0665
11.0665
11.0665
11.0665
11.0665
11.0665
11.0665
11.0665
11.0665
11.0665
11.0665
11.0665
11.0665
11.0665
11.0665
11.0665
11.0665
11.0665
11.0665
11.0665
11.0665
11.0665
11.0665
11.0665
11.0665
11.0665
11.0665
11.0665
11.0665
11.0665
11.0665
11.1373
11.1373
11.1373
11.1373
11.1373
11.1373
11.1373
11.1373
11.1373
11.1373
11.1373
11.1373
11.1373
11.1373
11.1373
11.1373
11.1373
11.1373
11.1373
11.1373
11.1373
11.1373
11.1373
11.1373
11.1373
11.1373
11.1373
11.1373
11.1373
11.1373
11.1373
11.1373
11.1373
11.1373
11.1373
11.1373
11.1373
11.1373
11.1373
11.1373
11.1373
11.1373
11.1373
11.1373
11.1373
11.1373
11.1373
11.1373
11.1373
11.1373
11.1373
11.1373
11.1373
11.1373
11.1373
11.1373
11.1373
11.1373
11.1373
11.1373
11.208
11.208
11.208
11.208
11.208
11.208
11.208
11.208
11.208
11.208
11.208
11.208
11.208
11.208
11.208
11.208
11.208
11.208
11.208
11.208
11.208
11.208
11.208
11.208
11.208
11.208
11.208
11.208
11.208
11.208
11.208
11.208
11.208
11.208
11.208
11.208
11.208
11.208
11.208
11.208
11.208
11.208
11.208
11.208
11.208
11.208
11.208
11.208
11.208
11.208
11.208
11.208
11.208
11.208
11.208
11.208
11.208
11.208
11.208
11.208
11.2785
11.2785
11.2785
11.2785
11.2785
11.2785
11.2785
11.2785
11.2785
11.2785
11.2785
11.2785
11.2785
11.2785
11.2785
11.2785
11.2785
11.2785
11.2785
11.2785
11.2785
11.2785
11.2785
11.2785
11.2785
11.2785
11.2785
11.2785
11.2785
11.2785
11.2785
11.2785
11.2785
11.2785
11.2785
11.2785
11.2785
11.2785
11.2785
11.2785
11.2785
11.2785
11.2785
11.2785
11.2785
11.2785
11.2785
11.2785
11.2785
11.2785
11.2785
11.2785
11.2785
11.2785
11.2785
11.2785
11.2785
11.2785
11.2785
11.2785
11.3487
11.3487
11.3487
11.3487
11.3487
11.3487
11.3487
11.3487
11.3487
11.3487
11.3487
11.3487
11.3487
11.3487
11.3487
11.3487
11.3487
11.3487
11.3487
11.3487
11.3487
11.3487
11.3487
11.3487
11.3487
11.3487
11.3487
11.3487
11.3487
11.3487
11.3487
11.3487
11.3487
11.3487
11.3487
11.3487
11.3487
11.3487
11.3487
11.3487
11.3487
11.3487
11.3487
11.3487
11.3487
11.3487
11.3487
11.3487
11.3487
11.3487
11.3487
11.3487
11.3487
11.3487
11.3487
11.3487
11.3487
11.3487
11.3487
11.3487
11.4186
11.4186
11.4186
11.4186
11.4186
11.4186
11.4186
11.4186
11.4186
11.4186
11.4186
11.4186
11.4186
11.4186
11.4186
11.4186
11.4186
11.4186
11.4186
11.4186
11.4186
11.4186
11.4186
11.4186
11.4186
11.4186
11.4186
11.4186
11.4186
11.4186
11.4186
11.4186
11.4186
11.4186
11.4186
11.4186
11.4186
11.4186
11.4186
11.4186
11.4186
11.4186
11.4186
11.4186
11.4186
11.4186
11.4186
11.4186
11.4186
11.4186
11.4186
11.4186
11.4186
11.4186
11.4186
11.4186
11.4186
11.4186
11.4186
11.4186
11.488
11.488
11.488
11.488
11.488
11.488
11.488
11.488
11.488
11.488
11.488
11.488
11.488
11.488
11.488
11.488
11.488
11.488
11.488
11.488
11.488
11.488
11.488
11.488
11.488
11.488
11.488
11.488
11.488
11.488
11.488
11.488
11.488
11.488
11.488
11.488
11.488
11.488
11.488
11.488
11.488
11.488
11.488
11.488
11.488
11.488
11.488
11.488
11.488
11.488
11.488
11.488
11.488
11.488
11.488
11.488
11.488
11.488
11.488
11.488
11.557
11.557
11.557
11.557
11.557
11.557
11.557
11.557
11.557
11.557
11.557
11.557
11.557
11.557
11.557
11.557
11.557
11.557
11.557
11.557
11.557
11.557
11.557
11.557
11.557
11.557
11.557
11.557
11.557
11.557
11.557
11.557
11.557
11.557
11.557
11.557
11.557
11.557
11.557
11.557
11.557
11.557
11.557
11.557
11.557
11.557
11.557
11.557
11.557
11.557
11.557
11.557
11.557
11.557
11.557
11.557
11.557
11.557
11.557
11.557
11.6254
11.6254
11.6254
11.6254
11.6254
11.6254
11.6254
11.6254
11.6254
11.6254
11.6254
11.6254
11.6254
11.6254
11.6254
11.6254
11.6254
11.6254
11.6254
11.6254
11.6254
11.6254
11.6254
11.6254
11.6254
11.6254
11.6254
11.6254
11.6254
11.6254
11.6254
11.6254
11.6254
11.6254
11.6254
11.6254
11.6254
11.6254
11.6254
11.6254
11.6254
11.6254
11.6254
11.6254
11.6254
11.6254
11.6254
11.6254
11.6254
11.6254
11.6254
11.6254
11.6254
11.6254
11.6254
11.6254
11.6254
11.6254
11.6254
11.6254
11.693
11.693
11.693
11.693
11.693
11.693
11.693
11.693
11.693
11.693
11.693
11.693
11.693
11.693
11.693
11.693
11.693
11.693
11.693
11.693
11.693
11.693
11.693
11.693
11.693
11.693
11.693
11.693
11.693
11.693
11.693
11.693
11.693
11.693
11.693
11.693
11.693
11.693
11.693
11.693
11.693
11.693
11.693
11.693
11.693
11.693
11.693
11.693
11.693
11.693
11.693
11.693
11.693
11.693
11.693
11.693
11.693
11.693
11.693
11.693
11.7599
11.7599
11.7599
11.7599
11.7599
11.7599
11.7599
11.7599
11.7599
11.7599
11.7599
11.7599
11.7599
11.7599
11.7599
11.7599
11.7599
11.7599
11.7599
11.7599
11.7599
11.7599
11.7599
11.7599
11.7599
11.7599
11.7599
11.7599
11.7599
11.7599
11.7599
11.7599
11.7599
11.7599
11.7599
11.7599
11.7599
11.7599
11.7599
11.7599
11.7599
11.7599
11.7599
11.7599
11.7599
11.7599
11.7599
11.7599
11.7599
11.7599
11.7599
11.7599
11.7599
11.7599
11.7599
11.7599
11.7599
11.7599
11.7599
11.7599
11.826
11.826
11.826
11.826
11.826
11.826
11.826
11.826
11.826
11.826
11.826
11.826
11.826
11.826
11.826
11.826
11.826
11.826
11.826
11.826
11.826
11.826
11.826
11.826
11.826
11.826
11.826
11.826
11.826
11.826
11.826
11.826
11.826
11.826
11.826
11.826
11.826
11.826
11.826
11.826
11.826
11.826
11.826
11.826
11.826
11.826
11.826
11.826
11.826
11.826
11.826
11.826
11.826
11.826
11.826
11.826
11.826
11.826
11.826
11.826
11.8911
11.8911
11.8911
11.8911
11.8911
11.8911
11.8911
11.8911
11.8911
11.8911
11.8911
11.8911
11.8911
11.8911
11.8911
11.8911
11.8911
11.8911
11.8911
11.8911
11.8911
11.8911
11.8911
11.8911
11.8911
11.8911
11.8911
11.8911
11.8911
11.8911
11.8911
11.8911
11.8911
11.8911
11.8911
11.8911
11.8911
11.8911
11.8911
11.8911
11.8911
11.8911
11.8911
11.8911
11.8911
11.8911
11.8911
11.8911
11.8911
11.8911
11.8911
11.8911
11.8911
11.8911
11.8911
11.8911
11.8911
11.8911
11.8911
11.8911
11.9552
11.9552
11.9552
11.9552
11.9552
11.9552
11.9552
11.9552
11.9552
11.9552
11.9552
11.9552
11.9552
11.9552
11.9552
11.9552
11.9552
11.9552
11.9552
11.9552
11.9552
11.9552
11.9552
11.9552
11.9552
11.9552
11.9552
11.9552
11.9552
11.9552
11.9552
11.9552
11.9552
11.9552
11.9552
11.9552
11.9552
11.9552
11.9552
11.9552
11.9552
11.9552
11.9552
11.9552
11.9552
11.9552
11.9552
11.9552
11.9552
11.9552
11.9552
11.9552
11.9552
11.9552
11.9552
11.9552
11.9552
11.9552
11.9552
11.9552
12.0181
12.0181
12.0181
12.0181
12.0181
12.0181
12.0181
12.0181
12.0181
12.0181
12.0181
12.0181
12.0181
12.0181
12.0181
12.0181
12.0181
12.0181
12.0181
12.0181
12.0181
12.0181
12.0181
12.0181
12.0181
12.0181
12.0181
12.0181
12.0181
12.0181
12.0181
12.0181
12.0181
12.0181
12.0181
12.0181
12.0181
12.0181
12.0181
12.0181
12.0181
12.0181
12.0181
12.0181
12.0181
12.0181
12.0181
12.0181
12.0181
12.0181
12.0181
12.0181
12.0181
12.0181
12.0181
12.0181
12.0181
12.0181
12.0181
12.0181
12.0799
12.0799
12.0799
12.0799
12.0799
12.0799
12.0799
12.0799
12.0799
12.0799
12.0799
12.0799
12.0799
12.0799
12.0799
12.0799
12.0799
12.0799
12.0799
12.0799
12.0799
12.0799
12.0799
12.0799
12.0799
12.0799
12.0799
12.0799
12.0799
12.0799
12.0799
12.0799
12.0799
12.0799
12.0799
12.0799
12.0799
12.0799
12.0799
12.0799
12.0799
12.0799
12.0799
12.0799
12.0799
12.0799
12.0799
12.0799
12.0799
12.0799
12.0799
12.0799
12.0799
12.0799
12.0799
12.0799
12.0799
12.0799
12.0799
12.0799
12.1403
12.1403
12.1403
12.1403
12.1403
12.1403
12.1403
12.1403
12.1403
12.1403
12.1403
12.1403
12.1403
12.1403
12.1403
12.1403
12.1403
12.1403
12.1403
12.1403
12.1403
12.1403
12.1403
12.1403
12.1403
12.1403
12.1403
12.1403
12.1403
12.1403
12.1403
12.1403
12.1403
12.1403
12.1403
12.1403
12.1403
12.1403
12.1403
12.1403
12.1403
12.1403
12.1403
12.1403
12.1403
12.1403
12.1403
12.1403
12.1403
12.1403
12.1403
12.1403
12.1403
12.1403
12.1403
12.1403
12.1403
12.1403
12.1403
12.1403
12.1993
12.1993
12.1993
12.1993
12.1993
12.1993
12.1993
12.1993
12.1993
12.1993
12.1993
12.1993
12.1993
12.1993
12.1993
12.1993
12.1993
12.1993
12.1993
12.1993
12.1993
12.1993
12.1993
12.1993
12.1993
12.1993
12.1993
12.1993
12.1993
12.1993
12.1993
12.1993
12.1993
12.1993
12.1993
12.1993
12.1993
12.1993
12.1993
12.1993
12.1993
12.1993
12.1993
12.1993
12.1993
12.1993
12.1993
12.1993
12.1993
12.1993
12.1993
12.1993
12.1993
12.1993
12.1993
12.1993
12.1993
12.1993
12.1993
12.1993
12.2568
12.2568
12.2568
12.2568
12.2568
12.2568
12.2568
12.2568
12.2568
12.2568
12.2568
12.2568
12.2568
12.2568
12.2568
12.2568
12.2568
12.2568
12.2568
12.2568
12.2568
12.2568
12.2568
12.2568
12.2568
12.2568
12.2568
12.2568
12.2568
12.2568
12.2568
12.2568
12.2568
12.2568
12.2568
12.2568
12.2568
12.2568
12.2568
12.2568
12.2568
12.2568
12.2568
12.2568
12.2568
12.2568
12.2568
12.2568
12.2568
12.2568
12.2568
12.2568
12.2568
12.2568
12.2568
12.2568
12.2568
12.2568
12.2568
12.2568
12.3128
12.3128
12.3128
12.3128
12.3128
12.3128
12.3128
12.3128
12.3128
12.3128
12.3128
12.3128
12.3128
12.3128
12.3128
12.3128
12.3128
12.3128
12.3128
12.3128
12.3128
12.3128
12.3128
12.3128
12.3128
12.3128
12.3128
12.3128
12.3128
12.3128
12.3128
12.3128
12.3128
12.3128
12.3128
12.3128
12.3128
12.3128
12.3128
12.3128
12.3128
12.3128
12.3128
12.3128
12.3128
12.3128
12.3128
12.3128
12.3128
12.3128
12.3128
12.3128
12.3128
12.3128
12.3128
12.3128
12.3128
12.3128
12.3128
12.3128
12.3671
12.3671
12.3671
12.3671
12.3671
12.3671
12.3671
12.3671
12.3671
12.3671
12.3671
12.3671
12.3671
12.3671
12.3671
12.3671
12.3671
12.3671
12.3671
12.3671
12.3671
12.3671
12.3671
12.3671
12.3671
12.3671
12.3671
12.3671
12.3671
12.3671
12.3671
12.3671
12.3671
12.3671
12.3671
12.3671
12.3671
12.3671
12.3671
12.3671
12.3671
12.3671
12.3671
12.3671
12.3671
12.3671
12.3671
12.3671
12.3671
12.3671
12.3671
12.3671
12.3671
12.3671
12.3671
12.3671
12.3671
12.3671
12.3671
12.3671
12.4197
12.4197
12.4197
12.4197
12.4197
12.4197
12.4197
12.4197
12.4197
12.4197
12.4197
12.4197
12.4197
12.4197
12.4197
12.4197
12.4197
12.4197
12.4197
12.4197
12.4197
12.4197
12.4197
12.4197
12.4197
12.4197
12.4197
12.4197
12.4197
12.4197
12.4197
12.4197
12.4197
12.4197
12.4197
12.4197
12.4197
12.4197
12.4197
12.4197
12.4197
12.4197
12.4197
12.4197
12.4197
12.4197
12.4197
12.4197
12.4197
12.4197
12.4197
12.4197
12.4197
12.4197
12.4197
12.4197
12.4197
12.4197
12.4197
12.4197
12.4704
12.4704
12.4704
12.4704
12.4704
12.4704
12.4704
12.4704
12.4704
12.4704
12.4704
12.4704
12.4704
12.4704
12.4704
12.4704
12.4704
12.4704
12.4704
12.4704
12.4704
12.4704
12.4704
12.4704
12.4704
12.4704
12.4704
12.4704
12.4704
12.4704
12.4704
12.4704
12.4704
12.4704
12.4704
12.4704
12.4704
12.4704
12.4704
12.4704
12.4704
12.4704
12.4704
12.4704
12.4704
12.4704
12.4704
12.4704
12.4704
12.4704
12.4704
12.4704
12.4704
12.4704
12.4704
12.4704
12.4704
12.4704
12.4704
12.4704
12.5192
12.5192
12.5192
12.5192
12.5192
12.5192
12.5192
12.5192
12.5192
12.5192
12.5192
12.5192
12.5192
12.5192
12.5192
12.5192
12.5192
12.5192
12.5192
12.5192
12.5192
12.5192
12.5192
12.5192
12.5192
12.5192
12.5192
12.5192
12.5192
12.5192
12.5192
12.5192
12.5192
12.5192
12.5192
12.5192
12.5192
12.5192
12.5192
12.5192
12.5192
12.5192
12.5192
12.5192
12.5192
12.5192
12.5192
12.5192
12.5192
12.5192
12.5192
12.5192
12.5192
12.5192
12.5192
12.5192
12.5192
12.5192
12.5192
12.5192
12.566
12.566
12.566
12.566
12.566
12.566
12.566
12.566
12.566
12.566
12.566
12.566
12.566
12.566
12.566
12.566
12.566
12.566
12.566
12.566
12.566
12.566
12.566
12.566
12.566
12.566
12.566
12.566
12.566
12.566
12.566
12.566
12.566
12.566
12.566
12.566
12.566
12.566
12.566
12.566
12.566
12.566
12.566
12.566
12.566
12.566
12.566
12.566
12.566
12.566
12.566
12.566
12.566
12.566
12.566
12.566
12.566
12.566
12.566
12.566
12.6108
12.6108
12.6108
12.6108
12.6108
12.6108
12.6108
12.6108
12.6108
12.6108
12.6108
12.6108
12.6108
12.6108
12.6108
12.6108
12.6108
12.6108
12.6108
12.6108
12.6108
12.6108
12.6108
12.6108
12.6108
12.6108
12.6108
12.6108
12.6108
12.6108
12.6108
12.6108
12.6108
12.6108
12.6108
12.6108
12.6108
12.6108
12.6108
12.6108
12.6108
12.6108
12.6108
12.6108
12.6108
12.6108
12.6108
12.6108
12.6108
12.6108
12.6108
12.6108
12.6108
12.6108
12.6108
12.6108
12.6108
12.6108
12.6108
12.6108
12.6535
12.6535
12.6535
12.6535
12.6535
12.6535
12.6535
12.6535
12.6535
12.6535
12.6535
12.6535
12.6535
12.6535
12.6535
12.6535
12.6535
12.6535
12.6535
12.6535
12.6535
12.6535
12.6535
12.6535
12.6535
12.6535
12.6535
12.6535
12.6535
12.6535
12.6535
12.6535
12.6535
12.6535
12.6535
12.6535
12.6535
12.6535
12.6535
12.6535
12.6535
12.6535
12.6535
12.6535
12.6535
12.6535
12.6535
12.6535
12.6535
12.6535
12.6535
12.6535
12.6535
12.6535
12.6535
12.6535
12.6535
12.6535
12.6535
12.6535
12.6939
12.6939
12.6939
12.6939
12.6939
12.6939
12.6939
12.6939
12.6939
12.6939
12.6939
12.6939
12.6939
12.6939
12.6939
12.6939
12.6939
12.6939
12.6939
12.6939
12.6939
12.6939
12.6939
12.6939
12.6939
12.6939
12.6939
12.6939
12.6939
12.6939
12.6939
12.6939
12.6939
12.6939
12.6939
12.6939
12.6939
12.6939
12.6939
12.6939
12.6939
12.6939
12.6939
12.6939
12.6939
12.6939
12.6939
12.6939
12.6939
12.6939
12.6939
12.6939
12.6939
12.6939
12.6939
12.6939
12.6939
12.6939
12.6939
12.6939
12.7321
12.7321
12.7321
12.7321
12.7321
12.7321
12.7321
12.7321
12.7321
12.7321
12.7321
12.7321
12.7321
12.7321
12.7321
12.7321
12.7321
12.7321
12.7321
12.7321
12.7321
12.7321
12.7321
12.7321
12.7321
12.7321
12.7321
12.7321
12.7321
12.7321
12.7321
12.7321
12.7321
12.7321
12.7321
12.7321
12.7321
12.7321
12.7321
12.7321
12.7321
12.7321
12.7321
12.7321
12.7321
12.7321
12.7321
12.7321
12.7321
12.7321
12.7321
12.7321
12.7321
12.7321
12.7321
12.7321
12.7321
12.7321
12.7321
12.7321
12.768
12.768
12.768
12.768
12.768
12.768
12.768
12.768
12.768
12.768
12.768
12.768
12.768
12.768
12.768
12.768
12.768
12.768
12.768
12.768
12.768
12.768
12.768
12.768
12.768
12.768
12.768
12.768
12.768
12.768
12.768
12.768
12.768
12.768
12.768
12.768
12.768
12.768
12.768
12.768
12.768
12.768
12.768
12.768
12.768
12.768
12.768
12.768
12.768
12.768
12.768
12.768
12.768
12.768
12.768
12.768
12.768
12.768
12.768
12.768
12.8016
12.8016
12.8016
12.8016
12.8016
12.8016
12.8016
12.8016
12.8016
12.8016
12.8016
12.8016
12.8016
12.8016
12.8016
12.8016
12.8016
12.8016
12.8016
12.8016
12.8016
12.8016
12.8016
12.8016
12.8016
12.8016
12.8016
12.8016
12.8016
12.8016
12.8016
12.8016
12.8016
12.8016
12.8016
12.8016
12.8016
12.8016
12.8016
12.8016
12.8016
12.8016
12.8016
12.8016
12.8016
12.8016
12.8016
12.8016
12.8016
12.8016
12.8016
12.8016
12.8016
12.8016
12.8016
12.8016
12.8016
12.8016
12.8016
12.8016
12.8327
12.8327
12.8327
12.8327
12.8327
12.8327
12.8327
12.8327
12.8327
12.8327
12.8327
12.8327
12.8327
12.8327
12.8327
12.8327
12.8327
12.8327
12.8327
12.8327
12.8327
12.8327
12.8327
12.8327
12.8327
12.8327
12.8327
12.8327
12.8327
12.8327
12.8327
12.8327
12.8327
12.8327
12.8327
12.8327
12.8327
12.8327
12.8327
12.8327
12.8327
12.8327
12.8327
12.8327
12.8327
12.8327
12.8327
12.8327
12.8327
12.8327
12.8327
12.8327
12.8327
12.8327
12.8327
12.8327
12.8327
12.8327
12.8327
12.8327
12.8614
12.8614
12.8614
12.8614
12.8614
12.8614
12.8614
12.8614
12.8614
12.8614
12.8614
12.8614
12.8614
12.8614
12.8614
12.8614
12.8614
12.8614
12.8614
12.8614
12.8614
12.8614
12.8614
12.8614
12.8614
12.8614
12.8614
12.8614
12.8614
12.8614
12.8614
12.8614
12.8614
12.8614
12.8614
12.8614
12.8614
12.8614
12.8614
12.8614
12.8614
12.8614
12.8614
12.8614
12.8614
12.8614
12.8614
12.8614
12.8614
12.8614
12.8614
12.8614
12.8614
12.8614
12.8614
12.8614
12.8614
12.8614
12.8614
12.8614
12.8876
12.8876
12.8876
12.8876
12.8876
12.8876
12.8876
12.8876
12.8876
12.8876
12.8876
12.8876
12.8876
12.8876
12.8876
12.8876
12.8876
12.8876
12.8876
12.8876
12.8876
12.8876
12.8876
12.8876
12.8876
12.8876
12.8876
12.8876
12.8876
12.8876
12.8876
12.8876
12.8876
12.8876
12.8876
12.8876
12.8876
12.8876
12.8876
12.8876
12.8876
12.8876
12.8876
12.8876
12.8876
12.8876
12.8876
12.8876
12.8876
12.8876
12.8876
12.8876
12.8876
12.8876
12.8876
12.8876
12.8876
12.8876
12.8876
12.8876
12.9113
12.9113
12.9113
12.9113
12.9113
12.9113
12.9113
12.9113
12.9113
12.9113
12.9113
12.9113
12.9113
12.9113
12.9113
12.9113
12.9113
12.9113
12.9113
12.9113
12.9113
12.9113
12.9113
12.9113
12.9113
12.9113
12.9113
12.9113
12.9113
12.9113
12.9113
12.9113
12.9113
12.9113
12.9113
12.9113
12.9113
12.9113
12.9113
12.9113
12.9113
12.9113
12.9113
12.9113
12.9113
12.9113
12.9113
12.9113
12.9113
12.9113
12.9113
12.9113
12.9113
12.9113
12.9113
12.9113
12.9113
12.9113
12.9113
12.9113
12.9325
12.9325
12.9325
12.9325
12.9325
12.9325
12.9325
12.9325
12.9325
12.9325
12.9325
12.9325
12.9325
12.9325
12.9325
12.9325
12.9325
12.9325
12.9325
12.9325
12.9325
12.9325
12.9325
12.9325
12.9325
12.9325
12.9325
12.9325
12.9325
12.9325
12.9325
12.9325
12.9325
12.9325
12.9325
12.9325
12.9325
12.9325
12.9325
12.9325
12.9325
12.9325
12.9325
12.9325
12.9325
12.9325
12.9325
12.9325
12.9325
12.9325
12.9325
12.9325
12.9325
12.9325
12.9325
12.9325
12.9325
12.9325
12.9325
12.9325
12.9511
12.9511
12.9511
12.9511
12.9511
12.9511
12.9511
12.9511
12.9511
12.9511
12.9511
12.9511
12.9511
12.9511
12.9511
12.9511
12.9511
12.9511
12.9511
12.9511
12.9511
12.9511
12.9511
12.9511
12.9511
12.9511
12.9511
12.9511
12.9511
12.9511
12.9511
12.9511
12.9511
12.9511
12.9511
12.9511
12.9511
12.9511
12.9511
12.9511
12.9511
12.9511
12.9511
12.9511
12.9511
12.9511
12.9511
12.9511
12.9511
12.9511
12.9511
12.9511
12.9511
12.9511
12.9511
12.9511
12.9511
12.9511
12.9511
12.9511
12.9672
12.9672
12.9672
12.9672
12.9672
12.9672
12.9672
12.9672
12.9672
12.9672
12.9672
12.9672
12.9672
12.9672
12.9672
12.9672
12.9672
12.9672
12.9672
12.9672
12.9672
12.9672
12.9672
12.9672
12.9672
12.9672
12.9672
12.9672
12.9672
12.9672
12.9672
12.9672
12.9672
12.9672
12.9672
12.9672
12.9672
12.9672
12.9672
12.9672
12.9672
12.9672
12.9672
12.9672
12.9672
12.9672
12.9672
12.9672
12.9672
12.9672
12.9672
12.9672
12.9672
12.9672
12.9672
12.9672
12.9672
12.9672
12.9672
12.9672
12.9807
12.9807
12.9807
12.9807
12.9807
12.9807
12.9807
12.9807
12.9807
12.9807
12.9807
12.9807
12.9807
12.9807
12.9807
12.9807
12.9807
12.9807
12.9807
12.9807
12.9807
12.9807
12.9807
12.9807
12.9807
12.9807
12.9807
12.9807
12.9807
12.9807
12.9807
12.9807
12.9807
12.9807
12.9807
12.9807
12.9807
12.9807
12.9807
12.9807
12.9807
12.9807
12.9807
12.9807
12.9807
12.9807
12.9807
12.9807
12.9807
12.9807
12.9807
12.9807
12.9807
12.9807
12.9807
12.9807
12.9807
12.9807
12.9807
12.9807
12.9917
12.9917
12.9917
12.9917
12.9917
12.9917
12.9917
12.9917
12.9917
12.9917
12.9917
12.9917
12.9917
12.9917
12.9917
12.9917
12.9917
12.9917
12.9917
12.9917
12.9917
12.9917
12.9917
12.9917
12.9917
12.9917
12.9917
12.9917
12.9917
12.9917
12.9917
12.9917
12.9917
12.9917
12.9917
12.9917
12.9917
12.9917
12.9917
12.9917
12.9917
12.9917
12.9917
12.9917
12.9917
12.9917
12.9917
12.9917
12.9917
12.9917
12.9917
12.9917
12.9917
12.9917
12.9917
12.9917
12.9917
12.9917
12.9917
12.9917
13.0001
13.0001
13.0001
13.0001
13.0001
13.0001
13.0001
13.0001
13.0001
13.0001
13.0001
13.0001
13.0001
13.0001
13.0001
13.0001
13.0001
13.0001
13.0001
13.0001
13.0001
13.0001
13.0001
13.0001
13.0001
13.0001
13.0001
13.0001
13.0001
13.0001
13.0001
13.0001
13.0001
13.0001
13.0001
13.0001
13.0001
13.0001
13.0001
13.0001
13.0001
13.0001
13.0001
13.0001
13.0001
13.0001
13.0001
13.0001
13.0001
13.0001
13.0001
13.0001
13.0001
13.0001
13.0001
13.0001
13.0001
13.0001
13.0001
13.0001
13.0059
13.0059
13.0059
13.0059
13.0059
13.0059
13.0059
13.0059
13.0059
13.0059
13.0059
13.0059
13.0059
13.0059
13.0059
13.0059
13.0059
13.0059
13.0059
13.0059
13.0059
13.0059
13.0059
13.0059
13.0059
13.0059
13.0059
13.0059
13.0059
13.0059
13.0059
13.0059
13.0059
13.0059
13.0059
13.0059
13.0059
13.0059
13.0059
13.0059
13.0059
13.0059
13.0059
13.0059
13.0059
13.0059
13.0059
13.0059
13.0059
13.0059
13.0059
13.0059
13.0059
13.0059
13.0059
13.0059
13.0059
13.0059
13.0059
13.0059
13.0093
13.0093
13.0093
13.0093
13.0093
13.0093
13.0093
13.0093
13.0093
13.0093
13.0093
13.0093
13.0093
13.0093
13.0093
13.0093
13.0093
13.0093
13.0093
13.0093
13.0093
13.0093
13.0093
13.0093
13.0093
13.0093
13.0093
13.0093
13.0093
13.0093
13.0093
13.0093
13.0093
13.0093
13.0093
13.0093
13.0093
13.0093
13.0093
13.0093
13.0093
13.0093
13.0093
13.0093
13.0093
13.0093
13.0093
13.0093
13.0093
13.0093
13.0093
13.0093
13.0093
13.0093
13.0093
13.0093
13.0093
13.0093
13.0093
13.0093
13.0101
13.0101
13.0101
13.0101
13.0101
13.0101
13.0101
13.0101
13.0101
13.0101
13.0101
13.0101
13.0101
13.0101
13.0101
13.0101
13.0101
13.0101
13.0101
13.0101
13.0101
13.0101
13.0101
13.0101
13.0101
13.0101
13.0101
13.0101
13.0101
13.0101
13.0101
13.0101
13.0101
13.0101
13.0101
13.0101
13.0101
13.0101
13.0101
13.0101
13.0101
13.0101
13.0101
13.0101
13.0101
13.0101
13.0101
13.0101
13.0101
13.0101
13.0101
13.0101
13.0101
13.0101
13.0101
13.0101
13.0101
13.0101
13.0101
13.0101
13.0085
13.0085
13.0085
13.0085
13.0085
13.0085
13.0085
13.0085
13.0085
13.0085
13.0085
13.0085
13.0085
13.0085
13.0085
13.0085
13.0085
13.0085
13.0085
13.0085
13.0085
13.0085
13.0085
13.0085
13.0085
13.0085
13.0085
13.0085
13.0085
13.0085
13.0085
13.0085
13.0085
13.0085
13.0085
13.0085
13.0085
13.0085
13.0085
13.0085
13.0085
13.0085
13.0085
13.0085
13.0085
13.0085
13.0085
13.0085
13.0085
13.0085
13.0085
13.0085
13.0085
13.0085
13.0085
13.0085
13.0085
13.0085
13.0085
13.0085
13.0044
13.0044
13.0044
13.0044
13.0044
13.0044
13.0044
13.0044
13.0044
13.0044
13.0044
13.0044
13.0044
13.0044
13.0044
13.0044
13.0044
13.0044
13.0044
13.0044
13.0044
13.0044
13.0044
13.0044
13.0044
13.0044
13.0044
13.0044
13.0044
13.0044
13.0044
13.0044
13.0044
13.0044
13.0044
13.0044
13.0044
13.0044
13.0044
13.0044
13.0044
13.0044
13.0044
13.0044
13.0044
13.0044
13.0044
13.0044
13.0044
13.0044
13.0044
13.0044
13.0044
13.0044
13.0044
13.0044
13.0044
13.0044
13.0044
13.0044
12.9979
12.9979
12.9979
12.9979
12.9979
12.9979
12.9979
12.9979
12.9979
12.9979
12.9979
12.9979
12.9979
12.9979
12.9979
12.9979
12.9979
12.9979
12.9979
12.9979
12.9979
12.9979
12.9979
12.9979
12.9979
12.9979
12.9979
12.9979
12.9979
12.9979
12.9979
12.9979
12.9979
12.9979
12.9979
12.9979
12.9979
12.9979
12.9979
12.9979
12.9979
12.9979
12.9979
12.9979
12.9979
12.9979
12.9979
12.9979
12.9979
12.9979
12.9979
12.9979
12.9979
12.9979
12.9979
12.9979
12.9979
12.9979
12.9979
12.9979
12.9891
12.9891
12.9891
12.9891
12.9891
12.9891
12.9891
12.9891
12.9891
12.9891
12.9891
12.9891
12.9891
12.9891
12.9891
12.9891
12.9891
12.9891
12.9891
12.9891
12.9891
12.9891
12.9891
12.9891
12.9891
12.9891
12.9891
12.9891
12.9891
12.9891
12.9891
12.9891
12.9891
12.9891
12.9891
12.9891
12.9891
12.9891
12.9891
12.9891
12.9891
12.9891
12.9891
12.9891
12.9891
12.9891
12.9891
12.9891
12.9891
12.9891
12.9891
12.9891
12.9891
12.9891
12.9891
12.9891
12.9891
12.9891
12.9891
12.9891
12.9779
12.9779
12.9779
12.9779
12.9779
12.9779
12.9779
12.9779
12.9779
12.9779
12.9779
12.9779
12.9779
12.9779
12.9779
12.9779
12.9779
12.9779
12.9779
12.9779
12.9779
12.9779
12.9779
12.9779
12.9779
12.9779
12.9779
12.9779
12.9779
12.9779
12.9779
12.9779
12.9779
12.9779
12.9779
12.9779
12.9779
12.9779
12.9779
12.9779
12.9779
12.9779
12.9779
12.9779
12.9779
12.9779
12.9779
12.9779
12.9779
12.9779
12.9779
12.9779
12.9779
12.9779
12.9779
12.9779
12.9779
12.9779
12.9779
12.9779
12.9645
12.9645
12.9645
12.9645
12.9645
12.9645
12.9645
12.9645
12.9645
12.9645
12.9645
12.9645
12.9645
12.9645
12.9645
12.9645
12.9645
12.9645
12.9645
12.9645
12.9645
12.9645
12.9645
12.9645
12.9645
12.9645
12.9645
12.9645
12.9645
12.9645
12.9645
12.9645
12.9645
12.9645
12.9645
12.9645
12.9645
12.9645
12.9645
12.9645
12.9645
12.9645
12.9645
12.9645
12.9645
12.9645
12.9645
12.9645
12.9645
12.9645
12.9645
12.9645
12.9645
12.9645
12.9645
12.9645
12.9645
12.9645
12.9645
12.9645
12.9488
12.9488
12.9488
12.9488
12.9488
12.9488
12.9488
12.9488
12.9488
12.9488
12.9488
12.9488
12.9488
12.9488
12.9488
12.9488
12.9488
12.9488
12.9488
12.9488
12.9488
12.9488
12.9488
12.9488
12.9488
12.9488
12.9488
12.9488
12.9488
12.9488
12.9488
12.9488
12.9488
12.9488
12.9488
12.9488
12.9488
12.9488
12.9488
12.9488
12.9488
12.9488
12.9488
12.9488
12.9488
12.9488
12.9488
12.9488
12.9488
12.9488
12.9488
12.9488
12.9488
12.9488
12.9488
12.9488
12.9488
12.9488
12.9488
12.9488
12.9309
12.9309
12.9309
12.9309
12.9309
12.9309
12.9309
12.9309
12.9309
12.9309
12.9309
12.9309
12.9309
12.9309
12.9309
12.9309
12.9309
12.9309
12.9309
12.9309
12.9309
12.9309
12.9309
12.9309
12.9309
12.9309
12.9309
12.9309
12.9309
12.9309
12.9309
12.9309
12.9309
12.9309
12.9309
12.9309
12.9309
12.9309
12.9309
12.9309
12.9309
12.9309
12.9309
12.9309
12.9309
12.9309
12.9309
12.9309
12.9309
12.9309
12.9309
12.9309
12.9309
12.9309
12.9309
12.9309
12.9309
12.9309
12.9309
12.9309
12.9108
12.9108
12.9108
12.9108
12.9108
12.9108
12.9108
12.9108
12.9108
12.9108
12.9108
12.9108
12.9108
12.9108
12.9108
12.9108
12.9108
12.9108
12.9108
12.9108
12.9108
12.9108
12.9108
12.9108
12.9108
12.9108
12.9108
12.9108
12.9108
12.9108
12.9108
12.9108
12.9108
12.9108
12.9108
12.9108
12.9108
12.9108
12.9108
12.9108
12.9108
12.9108
12.9108
12.9108
12.9108
12.9108
12.9108
12.9108
12.9108
12.9108
12.9108
12.9108
12.9108
12.9108
12.9108
12.9108
12.9108
12.9108
12.9108
12.9108
12.8887
12.8887
12.8887
12.8887
12.8887
12.8887
12.8887
12.8887
12.8887
12.8887
12.8887
12.8887
12.8887
12.8887
12.8887
12.8887
12.8887
12.8887
12.8887
12.8887
12.8887
12.8887
12.8887
12.8887
12.8887
12.8887
12.8887
12.8887
12.8887
12.8887
12.8887
12.8887
12.8887
12.8887
12.8887
12.8887
12.8887
12.8887
12.8887
12.8887
12.8887
12.8887
12.8887
12.8887
12.8887
12.8887
12.8887
12.8887
12.8887
12.8887
12.8887
12.8887
12.8887
12.8887
12.8887
12.8887
12.8887
12.8887
12.8887
12.8887
12.8644
12.8644
12.8644
12.8644
12.8644
12.8644
12.8644
12.8644
12.8644
12.8644
12.8644
12.8644
12.8644
12.8644
12.8644
12.8644
12.8644
12.8644
12.8644
12.8644
12.8644
12.8644
12.8644
12.8644
12.8644
12.8644
12.8644
12.8644
12.8644
12.8644
12.8644
12.8644
12.8644
12.8644
12.8644
12.8644
12.8644
12.8644
12.8644
12.8644
12.8644
12.8644
12.8644
12.8644
12.8644
12.8644
12.8644
12.8644
12.8644
12.8644
12.8644
12.8644
12.8644
12.8644
12.8644
12.8644
12.8644
12.8644
12.8644
12.8644
12.8382
12.8382
12.8382
12.8382
12.8382
12.8382
12.8382
12.8382
12.8382
12.8382
12.8382
12.8382
12.8382
12.8382
12.8382
12.8382
12.8382
12.8382
12.8382
12.8382
12.8382
12.8382
12.8382
12.8382
12.8382
12.8382
12.8382
12.8382
12.8382
12.8382
12.8382
12.8382
12.8382
12.8382
12.8382
12.8382
12.8382
12.8382
12.8382
12.8382
12.8382
12.8382
12.8382
12.8382
12.8382
12.8382
12.8382
12.8382
12.8382
12.8382
12.8382
12.8382
12.8382
12.8382
12.8382
12.8382
12.8382
12.8382
12.8382
12.8382
12.8099
12.8099
12.8099
12.8099
12.8099
12.8099
12.8099
12.8099
12.8099
12.8099
12.8099
12.8099
12.8099
12.8099
12.8099
12.8099
12.8099
12.8099
12.8099
12.8099
12.8099
12.8099
12.8099
12.8099
12.8099
12.8099
12.8099
12.8099
12.8099
12.8099
12.8099
12.8099
12.8099
12.8099
12.8099
12.8099
12.8099
12.8099
12.8099
12.8099
12.8099
12.8099
12.8099
12.8099
12.8099
12.8099
12.8099
12.8099
12.8099
12.8099
12.8099
12.8099
12.8099
12.8099
12.8099
12.8099
12.8099
12.8099
12.8099
12.8099
12.7797
12.7797
12.7797
12.7797
12.7797
12.7797
12.7797
12.7797
12.7797
12.7797
12.7797
12.7797
12.7797
12.7797
12.7797
12.7797
12.7797
12.7797
12.7797
12.7797
12.7797
12.7797
12.7797
12.7797
12.7797
12.7797
12.7797
12.7797
12.7797
12.7797
12.7797
12.7797
12.7797
12.7797
12.7797
12.7797
12.7797
12.7797
12.7797
12.7797
12.7797
12.7797
12.7797
12.7797
12.7797
12.7797
12.7797
12.7797
12.7797
12.7797
12.7797
12.7797
12.7797
12.7797
12.7797
12.7797
12.7797
12.7797
12.7797
12.7797
12.7475
12.7475
12.7475
12.7475
12.7475
12.7475
12.7475
12.7475
12.7475
12.7475
12.7475
12.7475
12.7475
12.7475
12.7475
12.7475
12.7475
12.7475
12.7475
12.7475
12.7475
12.7475
12.7475
12.7475
12.7475
12.7475
12.7475
12.7475
12.7475
12.7475
12.7475
12.7475
12.7475
12.7475
12.7475
12.7475
12.7475
12.7475
12.7475
12.7475
12.7475
12.7475
12.7475
12.7475
12.7475
12.7475
12.7475
12.7475
12.7475
12.7475
12.7475
12.7475
12.7475
12.7475
12.7475
12.7475
12.7475
12.7475
12.7475
12.7475
12.7135
12.7135
12.7135
12.7135
12.7135
12.7135
12.7135
12.7135
12.7135
12.7135
12.7135
12.7135
12.7135
12.7135
12.7135
12.7135
12.7135
12.7135
12.7135
12.7135
12.7135
12.7135
12.7135
12.7135
12.7135
12.7135
12.7135
12.7135
12.7135
12.7135
12.7135
12.7135
12.7135
12.7135
12.7135
12.7135
12.7135
12.7135
12.7135
12.7135
12.7135
12.7135
12.7135
12.7135
12.7135
12.7135
12.7135
12.7135
12.7135
12.7135
12.7135
12.7135
12.7135
12.7135
12.7135
12.7135
12.7135
12.7135
12.7135
12.7135
12.6775
12.6775
12.6775
12.6775
12.6775
12.6775
12.6775
12.6775
12.6775
12.6775
12.6775
12.6775
12.6775
12.6775
12.6775
12.6775
12.6775
12.6775
12.6775
12.6775
12.6775
12.6775
12.6775
12.6775
12.6775
12.6775
12.6775
12.6775
12.6775
12.6775
12.6775
12.6775
12.6775
12.6775
12.6775
12.6775
12.6775
12.6775
12.6775
12.6775
12.6775
12.6775
12.6775
12.6775
12.6775
12.6775
12.6775
12.6775
12.6775
12.6775
12.6775
12.6775
12.6775
12.6775
12.6775
12.6775
12.6775
12.6775
12.6775
12.6775
12.6396
12.6396
12.6396
12.6396
12.6396
12.6396
12.6396
12.6396
12.6396
12.6396
12.6396
12.6396
12.6396
12.6396
12.6396
12.6396
12.6396
12.6396
12.6396
12.6396
12.6396
12.6396
12.6396
12.6396
12.6396
12.6396
12.6396
12.6396
12.6396
12.6396
12.6396
12.6396
12.6396
12.6396
12.6396
12.6396
12.6396
12.6396
12.6396
12.6396
12.6396
12.6396
12.6396
12.6396
12.6396
12.6396
12.6396
12.6396
12.6396
12.6396
12.6396
12.6396
12.6396
12.6396
12.6396
12.6396
12.6396
12.6396
12.6396
12.6396
12.5999
12.5999
12.5999
12.5999
12.5999
12.5999
12.5999
12.5999
12.5999
12.5999
12.5999
12.5999
12.5999
12.5999
12.5999
12.5999
12.5999
12.5999
12.5999
12.5999
12.5999
12.5999
12.5999
12.5999
12.5999
12.5999
12.5999
12.5999
12.5999
12.5999
12.5999
12.5999
12.5999
12.5999
12.5999
12.5999
12.5999
12.5999
12.5999
12.5999
12.5999
12.5999
12.5999
12.5999
12.5999
12.5999
12.5999
12.5999
12.5999
12.5999
12.5999
12.5999
12.5999
12.5999
12.5999
12.5999
12.5999
12.5999
12.5999
12.5999
12.5583
12.5583
12.5583
12.5583
12.5583
12.5583
12.5583
12.5583
12.5583
12.5583
12.5583
12.5583
12.5583
12.5583
12.5583
12.5583
12.5583
12.5583
12.5583
12.5583
12.5583
12.5583
12.5583
12.5583
12.5583
12.5583
12.5583
12.5583
12.5583
12.5583
12.5583
12.5583
12.5583
12.5583
12.5583
12.5583
12.5583
12.5583
12.5583
12.5583
12.5583
12.5583
12.5583
12.5583
12.5583
12.5583
12.5583
12.5583
12.5583
12.5583
12.5583
12.5583
12.5583
12.5583
12.5583
12.5583
12.5583
12.5583
12.5583
12.5583
12.5148
12.5148
12.5148
12.5148
12.5148
12.5148
12.5148
12.5148
12.5148
12.5148
12.5148
12.5148
12.5148
12.5148
12.5148
12.5148
12.5148
12.5148
12.5148
12.5148
12.5148
12.5148
12.5148
12.5148
12.5148
12.5148
12.5148
12.5148
12.5148
12.5148
12.5148
12.5148
12.5148
12.5148
12.5148
12.5148
12.5148
12.5148
12.5148
12.5148
12.5148
12.5148
12.5148
12.5148
12.5148
12.5148
12.5148
12.5148
12.5148
12.5148
12.5148
12.5148
12.5148
12.5148
12.5148
12.5148
12.5148
12.5148
12.5148
12.5148
12.4694
12.4694
12.4694
12.4694
12.4694
12.4694
12.4694
12.4694
12.4694
12.4694
12.4694
12.4694
12.4694
12.4694
12.4694
12.4694
12.4694
12.4694
12.4694
12.4694
12.4694
12.4694
12.4694
12.4694
12.4694
12.4694
12.4694
12.4694
12.4694
12.4694
12.4694
12.4694
12.4694
12.4694
12.4694
12.4694
12.4694
12.4694
12.4694
12.4694
12.4694
12.4694
12.4694
12.4694
12.4694
12.4694
12.4694
12.4694
12.4694
12.4694
12.4694
12.4694
12.4694
12.4694
12.4694
12.4694
12.4694
12.4694
12.4694
12.4694
12.422
12.422
12.422
12.422
12.422
12.422
12.422
12.422
12.422
12.422
12.422
12.422
12.422
12.422
12.422
12.422
12.422
12.422
12.422
12.422
12.422
12.422
12.422
12.422
12.422
12.422
12.422
12.422
12.422
12.422
12.422
12.422
12.422
12.422
12.422
12.422
12.422
12.422
12.422
12.422
12.422
12.422
12.422
12.422
12.422
12.422
12.422
12.422
12.422
12.422
12.422
12.422
12.422
12.422
12.422
12.422
12.422
12.422
12.422
12.422
12.3728
12.3728
12.3728
12.3728
12.3728
12.3728
12.3728
12.3728
12.3728
12.3728
12.3728
12.3728
12.3728
12.3728
12.3728
12.3728
12.3728
12.3728
12.3728
12.3728
12.3728
12.3728
12.3728
12.3728
12.3728
12.3728
12.3728
12.3728
12.3728
12.3728
12.3728
12.3728
12.3728
12.3728
12.3728
12.3728
12.3728
12.3728
12.3728
12.3728
12.3728
12.3728
12.3728
12.3728
12.3728
12.3728
12.3728
12.3728
12.3728
12.3728
12.3728
12.3728
12.3728
12.3728
12.3728
12.3728
12.3728
12.3728
12.3728
12.3728
12.3215
12.3215
12.3215
12.3215
12.3215
12.3215
12.3215
12.3215
12.3215
12.3215
12.3215
12.3215
12.3215
12.3215
12.3215
12.3215
12.3215
12.3215
12.3215
12.3215
12.3215
12.3215
12.3215
12.3215
12.3215
12.3215
12.3215
12.3215
12.3215
12.3215
12.3215
12.3215
12.3215
12.3215
12.3215
12.3215
12.3215
12.3215
12.3215
12.3215
12.3215
12.3215
12.3215
12.3215
12.3215
12.3215
12.3215
12.3215
12.3215
12.3215
12.3215
12.3215
12.3215
12.3215
12.3215
12.3215
12.3215
12.3215
12.3215
12.3215
12.2682
12.2682
12.2682
12.2682
12.2682
12.2682
12.2682
12.2682
12.2682
12.2682
12.2682
12.2682
12.2682
12.2682
12.2682
12.2682
12.2682
12.2682
12.2682
12.2682
12.2682
12.2682
12.2682
12.2682
12.2682
12.2682
12.2682
12.2682
12.2682
12.2682
12.2682
12.2682
12.2682
12.2682
12.2682
12.2682
12.2682
12.2682
12.2682
12.2682
12.2682
12.2682
12.2682
12.2682
12.2682
12.2682
12.2682
12.2682
12.2682
12.2682
12.2682
12.2682
12.2682
12.2682
12.2682
12.2682
12.2682
12.2682
12.2682
12.2682
12.2129
12.2129
12.2129
12.2129
12.2129
12.2129
12.2129
12.2129
12.2129
12.2129
12.2129
12.2129
12.2129
12.2129
12.2129
12.2129
12.2129
12.2129
12.2129
12.2129
12.2129
12.2129
12.2129
12.2129
12.2129
12.2129
12.2129
12.2129
12.2129
12.2129
12.2129
12.2129
12.2129
12.2129
12.2129
12.2129
12.2129
12.2129
12.2129
12.2129
12.2129
12.2129
12.2129
12.2129
12.2129
12.2129
12.2129
12.2129
12.2129
12.2129
12.2129
12.2129
12.2129
12.2129
12.2129
12.2129
12.2129
12.2129
12.2129
12.2129
12.1553
12.1553
12.1553
12.1553
12.1553
12.1553
12.1553
12.1553
12.1553
12.1553
12.1553
12.1553
12.1553
12.1553
12.1553
12.1553
12.1553
12.1553
12.1553
12.1553
12.1553
12.1553
12.1553
12.1553
12.1553
12.1553
12.1553
12.1553
12.1553
12.1553
12.1553
12.1553
12.1553
12.1553
12.1553
12.1553
12.1553
12.1553
12.1553
12.1553
12.1553
12.1553
12.1553
12.1553
12.1553
12.1553
12.1553
12.1553
12.1553
12.1553
12.1553
12.1553
12.1553
12.1553
12.1553
12.1553
12.1553
12.1553
12.1553
12.1553
12.0956
12.0956
12.0956
12.0956
12.0956
12.0956
12.0956
12.0956
12.0956
12.0956
12.0956
12.0956
12.0956
12.0956
12.0956
12.0956
12.0956
12.0956
12.0956
12.0956
12.0956
12.0956
12.0956
12.0956
12.0956
12.0956
12.0956
12.0956
12.0956
12.0956
12.0956
12.0956
12.0956
12.0956
12.0956
12.0956
12.0956
12.0956
12.0956
12.0956
12.0956
12.0956
12.0956
12.0956
12.0956
12.0956
12.0956
12.0956
12.0956
12.0956
12.0956
12.0956
12.0956
12.0956
12.0956
12.0956
12.0956
12.0956
12.0956
12.0956
12.0336
12.0336
12.0336
12.0336
12.0336
12.0336
12.0336
12.0336
12.0336
12.0336
12.0336
12.0336
12.0336
12.0336
12.0336
12.0336
12.0336
12.0336
12.0336
12.0336
12.0336
12.0336
12.0336
12.0336
12.0336
12.0336
12.0336
12.0336
12.0336
12.0336
12.0336
12.0336
12.0336
12.0336
12.0336
12.0336
12.0336
12.0336
12.0336
12.0336
12.0336
12.0336
12.0336
12.0336
12.0336
12.0336
12.0336
12.0336
12.0336
12.0336
12.0336
12.0336
12.0336
12.0336
12.0336
12.0336
12.0336
12.0336
12.0336
12.0336
11.9693
11.9693
11.9693
11.9693
11.9693
11.9693
11.9693
11.9693
11.9693
11.9693
11.9693
11.9693
11.9693
11.9693
11.9693
11.9693
11.9693
11.9693
11.9693
11.9693
11.9693
11.9693
11.9693
11.9693
11.9693
11.9693
11.9693
11.9693
11.9693
11.9693
11.9693
11.9693
11.9693
11.9693
11.9693
11.9693
11.9693
11.9693
11.9693
11.9693
11.9693
11.9693
11.9693
11.9693
11.9693
11.9693
11.9693
11.9693
11.9693
11.9693
11.9693
11.9693
11.9693
11.9693
11.9693
11.9693
11.9693
11.9693
11.9693
11.9693
11.9025
11.9025
11.9025
11.9025
11.9025
11.9025
11.9025
11.9025
11.9025
11.9025
11.9025
11.9025
11.9025
11.9025
11.9025
11.9025
11.9025
11.9025
11.9025
11.9025
11.9025
11.9025
11.9025
11.9025
11.9025
11.9025
11.9025
11.9025
11.9025
11.9025
11.9025
11.9025
11.9025
11.9025
11.9025
11.9025
11.9025
11.9025
11.9025
11.9025
11.9025
11.9025
11.9025
11.9025
11.9025
11.9025
11.9025
11.9025
11.9025
11.9025
11.9025
11.9025
11.9025
11.9025
11.9025
11.9025
11.9025
11.9025
11.9025
11.9025
11.8332
11.8332
11.8332
11.8332
11.8332
11.8332
11.8332
11.8332
11.8332
11.8332
11.8332
11.8332
11.8332
11.8332
11.8332
11.8332
11.8332
11.8332
11.8332
11.8332
11.8332
11.8332
11.8332
11.8332
11.8332
11.8332
11.8332
11.8332
11.8332
11.8332
11.8332
11.8332
11.8332
11.8332
11.8332
11.8332
11.8332
11.8332
11.8332
11.8332
11.8332
11.8332
11.8332
11.8332
11.8332
11.8332
11.8332
11.8332
11.8332
11.8332
11.8332
11.8332
11.8332
11.8332
11.8332
11.8332
11.8332
11.8332
11.8332
11.8332
11.7612
11.7612
11.7612
11.7612
11.7612
11.7612
11.7612
11.7612
11.7612
11.7612
11.7612
11.7612
11.7612
11.7612
11.7612
11.7612
11.7612
11.7612
11.7612
11.7612
11.7612
11.7612
11.7612
11.7612
11.7612
11.7612
11.7612
11.7612
11.7612
11.7612
11.7612
11.7612
11.7612
11.7612
11.7612
11.7612
11.7612
11.7612
11.7612
11.7612
11.7612
11.7612
11.7612
11.7612
11.7612
11.7612
11.7612
11.7612
11.7612
11.7612
11.7612
11.7612
11.7612
11.7612
11.7612
11.7612
11.7612
11.7612
11.7612
11.7612
11.6865
11.6865
11.6865
11.6865
11.6865
11.6865
11.6865
11.6865
11.6865
11.6865
11.6865
11.6865
11.6865
11.6865
11.6865
11.6865
11.6865
11.6865
11.6865
11.6865
11.6865
11.6865
11.6865
11.6865
11.6865
11.6865
11.6865
11.6865
11.6865
11.6865
11.6865
11.6865
11.6865
11.6865
11.6865
11.6865
11.6865
11.6865
11.6865
11.6865
11.6865
11.6865
11.6865
11.6865
11.6865
11.6865
11.6865
11.6865
11.6865
11.6865
11.6865
11.6865
11.6865
11.6865
11.6865
11.6865
11.6865
11.6865
11.6865
11.6865
11.609
11.609
11.609
11.609
11.609
11.609
11.609
11.609
11.609
11.609
11.609
11.609
11.609
11.609
11.609
11.609
11.609
11.609
11.609
11.609
11.609
11.609
11.609
11.609
11.609
11.609
11.609
11.609
11.609
11.609
11.609
11.609
11.609
11.609
11.609
11.609
11.609
11.609
11.609
11.609
11.609
11.609
11.609
11.609
11.609
11.609
11.609
11.609
11.609
11.609
11.609
11.609
11.609
11.609
11.609
11.609
11.609
11.609
11.609
11.609
11.5284
11.5284
11.5284
11.5284
11.5284
11.5284
11.5284
11.5284
11.5284
11.5284
11.5284
11.5284
11.5284
11.5284
11.5284
11.5284
11.5284
11.5284
11.5284
11.5284
11.5284
11.5284
11.5284
11.5284
11.5284
11.5284
11.5284
11.5284
11.5284
11.5284
11.5284
11.5284
11.5284
11.5284
11.5284
11.5284
11.5284
11.5284
11.5284
11.5284
11.5284
11.5284
11.5284
11.5284
11.5284
11.5284
11.5284
11.5284
11.5284
11.5284
11.5284
11.5284
11.5284
11.5284
11.5284
11.5284
11.5284
11.5284
11.5284
11.5284
11.4447
11.4447
11.4447
11.4447
11.4447
11.4447
11.4447
11.4447
11.4447
11.4447
11.4447
11.4447
11.4447
11.4447
11.4447
11.4447
11.4447
11.4447
11.4447
11.4447
11.4447
11.4447
11.4447
11.4447
11.4447
11.4447
11.4447
11.4447
11.4447
11.4447
11.4447
11.4447
11.4447
11.4447
11.4447
11.4447
11.4447
11.4447
11.4447
11.4447
11.4447
11.4447
11.4447
11.4447
11.4447
11.4447
11.4447
11.4447
11.4447
11.4447
11.4447
11.4447
11.4447
11.4447
11.4447
11.4447
11.4447
11.4447
11.4447
11.4447
11.3578
11.3578
11.3578
11.3578
11.3578
11.3578
11.3578
11.3578
11.3578
11.3578
11.3578
11.3578
11.3578
11.3578
11.3578
11.3578
11.3578
11.3578
11.3578
11.3578
11.3578
11.3578
11.3578
11.3578
11.3578
11.3578
11.3578
11.3578
11.3578
11.3578
11.3578
11.3578
11.3578
11.3578
11.3578
11.3578
11.3578
11.3578
11.3578
11.3578
11.3578
11.3578
11.3578
11.3578
11.3578
11.3578
11.3578
11.3578
11.3578
11.3578
11.3578
11.3578
11.3578
11.3578
11.3578
11.3578
11.3578
11.3578
11.3578
11.3578
11.2675
11.2675
11.2675
11.2675
11.2675
11.2675
11.2675
11.2675
11.2675
11.2675
11.2675
11.2675
11.2675
11.2675
11.2675
11.2675
11.2675
11.2675
11.2675
11.2675
11.2675
11.2675
11.2675
11.2675
11.2675
11.2675
11.2675
11.2675
11.2675
11.2675
11.2675
11.2675
11.2675
11.2675
11.2675
11.2675
11.2675
11.2675
11.2675
11.2675
11.2675
11.2675
11.2675
11.2675
11.2675
11.2675
11.2675
11.2675
11.2675
11.2675
11.2675
11.2675
11.2675
11.2675
11.2675
11.2675
11.2675
11.2675
11.2675
11.2675
11.1735
11.1735
11.1735
11.1735
11.1735
11.1735
11.1735
11.1735
11.1735
11.1735
11.1735
11.1735
11.1735
11.1735
11.1735
11.1735
11.1735
11.1735
11.1735
11.1735
11.1735
11.1735
11.1735
11.1735
11.1735
11.1735
11.1735
11.1735
11.1735
11.1735
11.1735
11.1735
11.1735
11.1735
11.1735
11.1735
11.1735
11.1735
11.1735
11.1735
11.1735
11.1735
11.1735
11.1735
11.1735
11.1735
11.1735
11.1735
11.1735
11.1735
11.1735
11.1735
11.1735
11.1735
11.1735
11.1735
11.1735
11.1735
11.1735
11.1735
11.0759
11.0759
11.0759
11.0759
11.0759
11.0759
11.0759
11.0759
11.0759
11.0759
11.0759
11.0759
11.0759
11.0759
11.0759
11.0759
11.0759
11.0759
11.0759
11.0759
11.0759
11.0759
11.0759
11.0759
11.0759
11.0759
11.0759
11.0759
11.0759
11.0759
11.0759
11.0759
11.0759
11.0759
11.0759
11.0759
11.0759
11.0759
11.0759
11.0759
11.0759
11.0759
11.0759
11.0759
11.0759
11.0759
11.0759
11.0759
11.0759
11.0759
11.0759
11.0759
11.0759
11.0759
11.0759
11.0759
11.0759
11.0759
11.0759
11.0759
10.9744
10.9744
10.9744
10.9744
10.9744
10.9744
10.9744
10.9744
10.9744
10.9744
10.9744
10.9744
10.9744
10.9744
10.9744
10.9744
10.9744
10.9744
10.9744
10.9744
10.9744
10.9744
10.9744
10.9744
10.9744
10.9744
10.9744
10.9744
10.9744
10.9744
10.9744
10.9744
10.9744
10.9744
10.9744
10.9744
10.9744
10.9744
10.9744
10.9744
10.9744
10.9744
10.9744
10.9744
10.9744
10.9744
10.9744
10.9744
10.9744
10.9744
10.9744
10.9744
10.9744
10.9744
10.9744
10.9744
10.9744
10.9744
10.9744
10.9744
10.8687
10.8687
10.8687
10.8687
10.8687
10.8687
10.8687
10.8687
10.8687
10.8687
10.8687
10.8687
10.8687
10.8687
10.8687
10.8687
10.8687
10.8687
10.8687
10.8687
10.8687
10.8687
10.8687
10.8687
10.8687
10.8687
10.8687
10.8687
10.8687
10.8687
10.8687
10.8687
10.8687
10.8687
10.8687
10.8687
10.8687
10.8687
10.8687
10.8687
10.8687
10.8687
10.8687
10.8687
10.8687
10.8687
10.8687
10.8687
10.8687
10.8687
10.8687
10.8687
10.8687
10.8687
10.8687
10.8687
10.8687
10.8687
10.8687
10.8687
10.7588
10.7588
10.7588
10.7588
10.7588
10.7588
10.7588
10.7588
10.7588
10.7588
10.7588
10.7588
10.7588
10.7588
10.7588
10.7588
10.7588
10.7588
10.7588
10.7588
10.7588
10.7588
10.7588
10.7588
10.7588
10.7588
10.7588
10.7588
10.7588
10.7588
10.7588
10.7588
10.7588
10.7588
10.7588
10.7588
10.7588
10.7588
10.7588
10.7588
10.7588
10.7588
10.7588
10.7588
10.7588
10.7588
10.7588
10.7588
10.7588
10.7588
10.7588
10.7588
10.7588
10.7588
10.7588
10.7588
10.7588
10.7588
10.7588
10.7588
10.6444
10.6444
10.6444
10.6444
10.6444
10.6444
10.6444
10.6444
10.6444
10.6444
10.6444
10.6444
10.6444
10.6444
10.6444
10.6444
10.6444
10.6444
10.6444
10.6444
10.6444
10.6444
10.6444
10.6444
10.6444
10.6444
10.6444
10.6444
10.6444
10.6444
10.6444
10.6444
10.6444
10.6444
10.6444
10.6444
10.6444
10.6444
10.6444
10.6444
10.6444
10.6444
10.6444
10.6444
10.6444
10.6444
10.6444
10.6444
10.6444
10.6444
10.6444
10.6444
10.6444
10.6444
10.6444
10.6444
10.6444
10.6444
10.6444
10.6444
10.5252
10.5252
10.5252
10.5252
10.5252
10.5252
10.5252
10.5252
10.5252
10.5252
10.5252
10.5252
10.5252
10.5252
10.5252
10.5252
10.5252
10.5252
10.5252
10.5252
10.5252
10.5252
10.5252
10.5252
10.5252
10.5252
10.5252
10.5252
10.5252
10.5252
10.5252
10.5252
10.5252
10.5252
10.5252
10.5252
10.5252
10.5252
10.5252
10.5252
10.5252
10.5252
10.5252
10.5252
10.5252
10.5252
10.5252
10.5252
10.5252
10.5252
10.5252
10.5252
10.5252
10.5252
10.5252
10.5252
10.5252
10.5252
10.5252
10.5252
10.4011
10.4011
10.4011
10.4011
10.4011
10.4011
10.4011
10.4011
10.4011
10.4011
10.4011
10.4011
10.4011
10.4011
10.4011
10.4011
10.4011
10.4011
10.4011
10.4011
10.4011
10.4011
10.4011
10.4011
10.4011
10.4011
10.4011
10.4011
10.4011
10.4011
10.4011
10.4011
10.4011
10.4011
10.4011
10.4011
10.4011
10.4011
10.4011
10.4011
10.4011
10.4011
10.4011
10.4011
10.4011
10.4011
10.4011
10.4011
10.4011
10.4011
10.4011
10.4011
10.4011
10.4011
10.4011
10.4011
10.4011
10.4011
10.4011
10.4011
10.2718
10.2718
10.2718
10.2718
10.2718
10.2718
10.2718
10.2718
10.2718
10.2718
10.2718
10.2718
10.2718
10.2718
10.2718
10.2718
10.2718
10.2718
10.2718
10.2718
10.2718
10.2718
10.2718
10.2718
10.2718
10.2718
10.2718
10.2718
10.2718
10.2718
10.2718
10.2718
10.2718
10.2718
10.2718
10.2718
10.2718
10.2718
10.2718
10.2718
10.2718
10.2718
10.2718
10.2718
10.2718
10.2718
10.2718
10.2718
10.2718
10.2718
10.2718
10.2718
10.2718
10.2718
10.2718
10.2718
10.2718
10.2718
10.2718
10.2718
10.137
10.137
10.137
10.137
10.137
10.137
10.137
10.137
10.137
10.137
10.137
10.137
10.137
10.137
10.137
10.137
10.137
10.137
10.137
10.137
10.137
10.137
10.137
10.137
10.137
10.137
10.137
10.137
10.137
10.137
10.137
10.137
10.137
10.137
10.137
10.137
10.137
10.137
10.137
10.137
10.137
10.137
10.137
10.137
10.137
10.137
10.137
10.137
10.137
10.137
10.137
10.137
10.137
10.137
10.137
10.137
10.137
10.137
10.137
10.137
9.99652
9.99652
9.99652
9.99652
9.99652
9.99652
9.99652
9.99652
9.99652
9.99652
9.99652
9.99652
9.99652
9.99652
9.99652
9.99652
9.99652
9.99652
9.99652
9.99652
9.99652
9.99652
9.99652
9.99652
9.99652
9.99652
9.99652
9.99652
9.99652
9.99652
9.99652
9.99652
9.99652
9.99652
9.99652
9.99652
9.99652
9.99652
9.99652
9.99652
9.99652
9.99652
9.99652
9.99652
9.99652
9.99652
9.99652
9.99652
9.99652
9.99652
9.99652
9.99652
9.99652
9.99652
9.99652
9.99652
9.99652
9.99652
9.99652
9.99652
9.84993
9.84993
9.84993
9.84993
9.84993
9.84993
9.84993
9.84993
9.84993
9.84993
9.84993
9.84993
9.84993
9.84993
9.84993
9.84993
9.84993
9.84993
9.84993
9.84993
9.84993
9.84993
9.84993
9.84993
9.84993
9.84993
9.84993
9.84993
9.84993
9.84993
9.84993
9.84993
9.84993
9.84993
9.84993
9.84993
9.84993
9.84993
9.84993
9.84993
9.84993
9.84993
9.84993
9.84993
9.84993
9.84993
9.84993
9.84993
9.84993
9.84993
9.84993
9.84993
9.84993
9.84993
9.84993
9.84993
9.84993
9.84993
9.84993
9.84993
9.69698
9.69698
9.69698
9.69698
9.69698
9.69698
9.69698
9.69698
9.69698
9.69698
9.69698
9.69698
9.69698
9.69698
9.69698
9.69698
9.69698
9.69698
9.69698
9.69698
9.69698
9.69698
9.69698
9.69698
9.69698
9.69698
9.69698
9.69698
9.69698
9.69698
9.69698
9.69698
9.69698
9.69698
9.69698
9.69698
9.69698
9.69698
9.69698
9.69698
9.69698
9.69698
9.69698
9.69698
9.69698
9.69698
9.69698
9.69698
9.69698
9.69698
9.69698
9.69698
9.69698
9.69698
9.69698
9.69698
9.69698
9.69698
9.69698
9.69698
9.53733
9.53733
9.53733
9.53733
9.53733
9.53733
9.53733
9.53733
9.53733
9.53733
9.53733
9.53733
9.53733
9.53733
9.53733
9.53733
9.53733
9.53733
9.53733
9.53733
9.53733
9.53733
9.53733
9.53733
9.53733
9.53733
9.53733
9.53733
9.53733
9.53733
9.53733
9.53733
9.53733
9.53733
9.53733
9.53733
9.53733
9.53733
9.53733
9.53733
9.53733
9.53733
9.53733
9.53733
9.53733
9.53733
9.53733
9.53733
9.53733
9.53733
9.53733
9.53733
9.53733
9.53733
9.53733
9.53733
9.53733
9.53733
9.53733
9.53733
9.3706
9.3706
9.3706
9.3706
9.3706
9.3706
9.3706
9.3706
9.3706
9.3706
9.3706
9.3706
9.3706
9.3706
9.3706
9.3706
9.3706
9.3706
9.3706
9.3706
9.3706
9.3706
9.3706
9.3706
9.3706
9.3706
9.3706
9.3706
9.3706
9.3706
9.3706
9.3706
9.3706
9.3706
9.3706
9.3706
9.3706
9.3706
9.3706
9.3706
9.3706
9.3706
9.3706
9.3706
9.3706
9.3706
9.3706
9.3706
9.3706
9.3706
9.3706
9.3706
9.3706
9.3706
9.3706
9.3706
9.3706
9.3706
9.3706
9.3706
9.19642
9.19642
9.19642
9.19642
9.19642
9.19642
9.19642
9.19642
9.19642
9.19642
9.19642
9.19642
9.19642
9.19642
9.19642
9.19642
9.19642
9.19642
9.19642
9.19642
9.19642
9.19642
9.19642
9.19642
9.19642
9.19642
9.19642
9.19642
9.19642
9.19642
9.19642
9.19642
9.19642
9.19642
9.19642
9.19642
9.19642
9.19642
9.19642
9.19642
9.19642
9.19642
9.19642
9.19642
9.19642
9.19642
9.19642
9.19642
9.19642
9.19642
9.19642
9.19642
9.19642
9.19642
9.19642
9.19642
9.19642
9.19642
9.19642
9.19642
9.01438
9.01438
9.01438
9.01438
9.01438
9.01438
9.01438
9.01438
9.01438
9.01438
9.01438
9.01438
9.01438
9.01438
9.01438
9.01438
9.01438
9.01438
9.01438
9.01438
9.01438
9.01438
9.01438
9.01438
9.01438
9.01438
9.01438
9.01438
9.01438
9.01438
9.01438
9.01438
9.01438
9.01438
9.01438
9.01438
9.01438
9.01438
9.01438
9.01438
9.01438
9.01438
9.01438
9.01438
9.01438
9.01438
9.01438
9.01438
9.01438
9.01438
9.01438
9.01438
9.01438
9.01438
9.01438
9.01438
9.01438
9.01438
9.01438
9.01438
)
;

boundaryField
{
    top
    {
        type            fixedValue;
        value           uniform 10;
    }
    bottom
    {
        type            fixedValue;
        value           uniform 10;
    }
    wall
    {
        type            zeroGradient;
    }
    frontAndBack
    {
        type            empty;
    }
}


// ************************************************************************* //
