/*--------------------------------*- C++ -*----------------------------------*\
| =========                 |                                                 |
| \\      /  F ield         | foam-extend: Open Source CFD                    |
|  \\    /   O peration     | Version:     4.0                                |
|   \\  /    A nd           | Web:         http://www.foam-extend.org         |
|    \\/     M anipulation  |                                                 |
\*---------------------------------------------------------------------------*/
FoamFile
{
    version     2.0;
    format      ascii;
    class       volScalarField;
    location    "420";
    object      cPlus;
}
// * * * * * * * * * * * * * * * * * * * * * * * * * * * * * * * * * * * * * //

dimensions      [0 0 0 0 0 0 0];

internalField   nonuniform List<scalar> 
6960
(
0.191254
0.191173
0.191143
0.191133
0.191129
0.191128
0.191128
0.191128
0.191129
0.191129
0.191129
0.19113
0.19113
0.19113
0.191131
0.191131
0.191131
0.191132
0.191132
0.191132
0.191132
0.191133
0.191133
0.191133
0.191133
0.191133
0.191133
0.191133
0.191133
0.191133
0.191133
0.191133
0.191133
0.191133
0.191133
0.191133
0.191133
0.191133
0.191133
0.191132
0.191132
0.191132
0.191132
0.191131
0.191131
0.191131
0.19113
0.19113
0.19113
0.191129
0.191129
0.191129
0.191128
0.191128
0.191128
0.191129
0.191133
0.191143
0.191173
0.191254
0.0575451
0.057537
0.0575331
0.0575319
0.0575315
0.0575316
0.0575318
0.057532
0.0575322
0.0575324
0.0575326
0.0575328
0.057533
0.0575332
0.0575334
0.0575336
0.0575337
0.0575339
0.057534
0.0575341
0.0575343
0.0575344
0.0575345
0.0575346
0.0575346
0.0575347
0.0575347
0.0575348
0.0575348
0.0575348
0.0575348
0.0575348
0.0575348
0.0575347
0.0575347
0.0575346
0.0575346
0.0575345
0.0575344
0.0575343
0.0575341
0.057534
0.0575339
0.0575337
0.0575336
0.0575334
0.0575332
0.057533
0.0575328
0.0575326
0.0575324
0.0575322
0.057532
0.0575318
0.0575316
0.0575315
0.0575319
0.0575331
0.057537
0.0575451
0.0401307
0.040146
0.0401506
0.0401523
0.040153
0.0401534
0.0401536
0.0401538
0.040154
0.0401542
0.0401543
0.0401545
0.0401546
0.0401548
0.0401549
0.040155
0.0401551
0.0401552
0.0401553
0.0401554
0.0401555
0.0401556
0.0401557
0.0401557
0.0401558
0.0401558
0.0401558
0.0401559
0.0401559
0.0401559
0.0401559
0.0401559
0.0401559
0.0401558
0.0401558
0.0401558
0.0401557
0.0401557
0.0401556
0.0401555
0.0401554
0.0401553
0.0401552
0.0401551
0.040155
0.0401549
0.0401548
0.0401546
0.0401545
0.0401543
0.0401542
0.040154
0.0401538
0.0401536
0.0401534
0.040153
0.0401523
0.0401506
0.040146
0.0401307
0.0385314
0.0385528
0.0385596
0.0385621
0.0385631
0.0385635
0.0385638
0.038564
0.0385642
0.0385644
0.0385645
0.0385647
0.0385648
0.038565
0.0385651
0.0385652
0.0385653
0.0385654
0.0385655
0.0385656
0.0385657
0.0385657
0.0385658
0.0385659
0.0385659
0.0385659
0.038566
0.038566
0.038566
0.038566
0.038566
0.038566
0.038566
0.038566
0.0385659
0.0385659
0.0385659
0.0385658
0.0385657
0.0385657
0.0385656
0.0385655
0.0385654
0.0385653
0.0385652
0.0385651
0.038565
0.0385648
0.0385647
0.0385645
0.0385644
0.0385642
0.038564
0.0385638
0.0385635
0.0385631
0.0385621
0.0385596
0.0385528
0.0385314
0.039315
0.0393386
0.0393462
0.039349
0.03935
0.0393506
0.0393509
0.0393511
0.0393513
0.0393515
0.0393516
0.0393518
0.0393519
0.039352
0.0393522
0.0393523
0.0393524
0.0393525
0.0393526
0.0393527
0.0393528
0.0393529
0.0393529
0.039353
0.039353
0.0393531
0.0393531
0.0393531
0.0393531
0.0393531
0.0393531
0.0393531
0.0393531
0.0393531
0.0393531
0.039353
0.039353
0.0393529
0.0393529
0.0393528
0.0393527
0.0393526
0.0393525
0.0393524
0.0393523
0.0393522
0.039352
0.0393519
0.0393518
0.0393516
0.0393515
0.0393513
0.0393511
0.0393509
0.0393506
0.03935
0.039349
0.0393462
0.0393386
0.039315
0.0405814
0.0406066
0.0406147
0.0406177
0.0406188
0.0406194
0.0406197
0.0406199
0.0406201
0.0406203
0.0406205
0.0406207
0.0406208
0.040621
0.0406211
0.0406212
0.0406214
0.0406215
0.0406216
0.0406217
0.0406218
0.0406218
0.0406219
0.040622
0.040622
0.0406221
0.0406221
0.0406221
0.0406221
0.0406221
0.0406221
0.0406221
0.0406221
0.0406221
0.0406221
0.040622
0.040622
0.0406219
0.0406218
0.0406218
0.0406217
0.0406216
0.0406215
0.0406214
0.0406212
0.0406211
0.040621
0.0406208
0.0406207
0.0406205
0.0406203
0.0406201
0.0406199
0.0406197
0.0406194
0.0406188
0.0406177
0.0406147
0.0406066
0.0405814
0.0420877
0.0421146
0.0421233
0.0421264
0.0421277
0.0421283
0.0421286
0.0421289
0.0421291
0.0421293
0.0421295
0.0421297
0.0421298
0.04213
0.0421301
0.0421303
0.0421304
0.0421305
0.0421306
0.0421308
0.0421308
0.0421309
0.042131
0.0421311
0.0421311
0.0421312
0.0421312
0.0421312
0.0421313
0.0421313
0.0421313
0.0421313
0.0421312
0.0421312
0.0421312
0.0421311
0.0421311
0.042131
0.0421309
0.0421308
0.0421308
0.0421306
0.0421305
0.0421304
0.0421303
0.0421301
0.04213
0.0421298
0.0421297
0.0421295
0.0421293
0.0421291
0.0421289
0.0421286
0.0421283
0.0421277
0.0421264
0.0421233
0.0421146
0.0420877
0.0438399
0.0438689
0.0438783
0.0438816
0.043883
0.0438836
0.043884
0.0438843
0.0438845
0.0438847
0.043885
0.0438851
0.0438853
0.0438855
0.0438857
0.0438858
0.043886
0.0438861
0.0438862
0.0438863
0.0438864
0.0438865
0.0438866
0.0438867
0.0438868
0.0438868
0.0438869
0.0438869
0.0438869
0.0438869
0.0438869
0.0438869
0.0438869
0.0438869
0.0438868
0.0438868
0.0438867
0.0438866
0.0438865
0.0438864
0.0438863
0.0438862
0.0438861
0.043886
0.0438858
0.0438857
0.0438855
0.0438853
0.0438851
0.043885
0.0438847
0.0438845
0.0438843
0.043884
0.0438836
0.043883
0.0438816
0.0438783
0.0438689
0.0438399
0.0458951
0.0459266
0.0459368
0.0459404
0.0459419
0.0459426
0.045943
0.0459433
0.0459436
0.0459438
0.0459441
0.0459443
0.0459445
0.0459447
0.0459449
0.045945
0.0459452
0.0459454
0.0459455
0.0459456
0.0459457
0.0459458
0.0459459
0.045946
0.0459461
0.0459461
0.0459462
0.0459462
0.0459462
0.0459463
0.0459463
0.0459462
0.0459462
0.0459462
0.0459461
0.0459461
0.045946
0.0459459
0.0459458
0.0459457
0.0459456
0.0459455
0.0459454
0.0459452
0.045945
0.0459449
0.0459447
0.0459445
0.0459443
0.0459441
0.0459438
0.0459436
0.0459433
0.045943
0.0459426
0.0459419
0.0459404
0.0459368
0.0459266
0.0458951
0.0483401
0.0483746
0.0483858
0.0483898
0.0483915
0.0483922
0.0483927
0.0483931
0.0483934
0.0483937
0.0483939
0.0483942
0.0483944
0.0483946
0.0483948
0.048395
0.0483952
0.0483954
0.0483955
0.0483957
0.0483958
0.0483959
0.048396
0.0483961
0.0483962
0.0483963
0.0483963
0.0483963
0.0483964
0.0483964
0.0483964
0.0483964
0.0483963
0.0483963
0.0483963
0.0483962
0.0483961
0.048396
0.0483959
0.0483958
0.0483957
0.0483955
0.0483954
0.0483952
0.048395
0.0483948
0.0483946
0.0483944
0.0483942
0.0483939
0.0483937
0.0483934
0.0483931
0.0483927
0.0483922
0.0483915
0.0483898
0.0483858
0.0483746
0.0483401
0.0513005
0.0513391
0.0513515
0.0513561
0.0513579
0.0513588
0.0513593
0.0513597
0.0513601
0.0513604
0.0513607
0.051361
0.0513612
0.0513615
0.0513617
0.051362
0.0513622
0.0513624
0.0513625
0.0513627
0.0513629
0.051363
0.0513631
0.0513632
0.0513633
0.0513634
0.0513634
0.0513635
0.0513635
0.0513635
0.0513635
0.0513635
0.0513635
0.0513634
0.0513634
0.0513633
0.0513632
0.0513631
0.051363
0.0513629
0.0513627
0.0513625
0.0513624
0.0513622
0.051362
0.0513617
0.0513615
0.0513612
0.051361
0.0513607
0.0513604
0.0513601
0.0513597
0.0513593
0.0513588
0.0513579
0.0513561
0.0513515
0.0513391
0.0513005
0.0549625
0.0550064
0.0550206
0.0550258
0.0550279
0.0550289
0.0550295
0.05503
0.0550304
0.0550308
0.0550312
0.0550315
0.0550318
0.0550321
0.0550324
0.0550327
0.0550329
0.0550331
0.0550333
0.0550335
0.0550337
0.0550339
0.055034
0.0550341
0.0550342
0.0550343
0.0550344
0.0550345
0.0550345
0.0550345
0.0550345
0.0550345
0.0550345
0.0550344
0.0550343
0.0550342
0.0550341
0.055034
0.0550339
0.0550337
0.0550335
0.0550333
0.0550331
0.0550329
0.0550327
0.0550324
0.0550321
0.0550318
0.0550315
0.0550312
0.0550308
0.0550304
0.05503
0.0550295
0.0550289
0.0550279
0.0550258
0.0550206
0.0550064
0.0549625
0.0596068
0.059658
0.0596747
0.0596808
0.0596833
0.0596845
0.0596852
0.0596858
0.0596863
0.0596867
0.0596872
0.0596876
0.0596879
0.0596883
0.0596886
0.059689
0.0596893
0.0596895
0.0596898
0.05969
0.0596902
0.0596904
0.0596906
0.0596908
0.0596909
0.059691
0.0596911
0.0596911
0.0596912
0.0596912
0.0596912
0.0596912
0.0596911
0.0596911
0.059691
0.0596909
0.0596908
0.0596906
0.0596904
0.0596902
0.05969
0.0596898
0.0596895
0.0596893
0.059689
0.0596886
0.0596883
0.0596879
0.0596876
0.0596872
0.0596867
0.0596863
0.0596858
0.0596852
0.0596845
0.0596833
0.0596808
0.0596747
0.059658
0.0596068
0.0656559
0.0657174
0.0657375
0.0657448
0.0657478
0.0657493
0.0657502
0.0657509
0.0657516
0.0657521
0.0657527
0.0657532
0.0657536
0.0657541
0.0657545
0.0657549
0.0657553
0.0657556
0.0657559
0.0657562
0.0657565
0.0657567
0.0657569
0.0657571
0.0657573
0.0657574
0.0657575
0.0657576
0.0657577
0.0657577
0.0657577
0.0657577
0.0657576
0.0657575
0.0657574
0.0657573
0.0657571
0.0657569
0.0657567
0.0657565
0.0657562
0.0657559
0.0657556
0.0657553
0.0657549
0.0657545
0.0657541
0.0657536
0.0657532
0.0657527
0.0657521
0.0657516
0.0657509
0.0657502
0.0657493
0.0657478
0.0657448
0.0657375
0.0657174
0.0656559
0.0737172
0.0737933
0.0738182
0.0738274
0.0738311
0.073833
0.0738341
0.073835
0.0738358
0.0738365
0.0738372
0.0738378
0.0738384
0.073839
0.0738395
0.07384
0.0738405
0.073841
0.0738414
0.0738417
0.0738421
0.0738424
0.0738427
0.0738429
0.0738431
0.0738433
0.0738434
0.0738435
0.0738436
0.0738436
0.0738436
0.0738436
0.0738435
0.0738434
0.0738433
0.0738431
0.0738429
0.0738427
0.0738424
0.0738421
0.0738417
0.0738414
0.073841
0.0738405
0.07384
0.0738395
0.073839
0.0738384
0.0738378
0.0738372
0.0738365
0.0738358
0.073835
0.0738341
0.073833
0.0738311
0.0738274
0.0738182
0.0737933
0.0737172
0.0845749
0.0846711
0.0847028
0.0847145
0.0847192
0.0847216
0.0847231
0.0847243
0.0847253
0.0847262
0.084727
0.0847279
0.0847286
0.0847294
0.08473
0.0847307
0.0847313
0.0847319
0.0847324
0.0847329
0.0847333
0.0847337
0.0847341
0.0847344
0.0847346
0.0847349
0.084735
0.0847352
0.0847353
0.0847353
0.0847353
0.0847353
0.0847352
0.084735
0.0847349
0.0847346
0.0847344
0.0847341
0.0847337
0.0847333
0.0847329
0.0847324
0.0847319
0.0847313
0.0847307
0.08473
0.0847294
0.0847286
0.0847279
0.084727
0.0847262
0.0847253
0.0847243
0.0847231
0.0847216
0.0847192
0.0847145
0.0847028
0.0846711
0.0845749
0.0990577
0.0991799
0.0992205
0.0992355
0.0992416
0.0992446
0.0992465
0.099248
0.0992493
0.0992504
0.0992515
0.0992526
0.0992536
0.0992545
0.0992554
0.0992562
0.099257
0.0992577
0.0992583
0.0992589
0.0992595
0.09926
0.0992605
0.0992609
0.0992612
0.0992615
0.0992617
0.0992619
0.099262
0.099262
0.099262
0.099262
0.0992619
0.0992617
0.0992615
0.0992612
0.0992609
0.0992605
0.09926
0.0992595
0.0992589
0.0992583
0.0992577
0.099257
0.0992562
0.0992554
0.0992545
0.0992536
0.0992526
0.0992515
0.0992504
0.0992493
0.099248
0.0992465
0.0992446
0.0992416
0.0992355
0.0992205
0.0991799
0.0990577
0.117759
0.117912
0.117963
0.117982
0.11799
0.117994
0.117996
0.117998
0.117999
0.118001
0.118002
0.118004
0.118005
0.118006
0.118007
0.118008
0.118009
0.11801
0.118011
0.118011
0.118012
0.118013
0.118013
0.118014
0.118014
0.118014
0.118015
0.118015
0.118015
0.118015
0.118015
0.118015
0.118015
0.118015
0.118014
0.118014
0.118014
0.118013
0.118013
0.118012
0.118011
0.118011
0.11801
0.118009
0.118008
0.118007
0.118006
0.118005
0.118004
0.118002
0.118001
0.117999
0.117998
0.117996
0.117994
0.11799
0.117982
0.117963
0.117912
0.117759
0.140732
0.140918
0.14098
0.141004
0.141013
0.141018
0.141021
0.141023
0.141025
0.141026
0.141028
0.141029
0.141031
0.141032
0.141033
0.141035
0.141036
0.141037
0.141038
0.141038
0.141039
0.14104
0.141041
0.141041
0.141042
0.141042
0.141042
0.141043
0.141043
0.141043
0.141043
0.141043
0.141043
0.141042
0.141042
0.141042
0.141041
0.141041
0.14104
0.141039
0.141038
0.141038
0.141037
0.141036
0.141035
0.141033
0.141032
0.141031
0.141029
0.141028
0.141026
0.141025
0.141023
0.141021
0.141018
0.141013
0.141004
0.14098
0.140918
0.140732
0.167384
0.167602
0.167676
0.167703
0.167714
0.16772
0.167723
0.167725
0.167727
0.167729
0.167731
0.167733
0.167734
0.167736
0.167737
0.167739
0.16774
0.167741
0.167742
0.167743
0.167744
0.167745
0.167745
0.167746
0.167747
0.167747
0.167747
0.167748
0.167748
0.167748
0.167748
0.167748
0.167748
0.167747
0.167747
0.167747
0.167746
0.167745
0.167745
0.167744
0.167743
0.167742
0.167741
0.16774
0.167739
0.167737
0.167736
0.167734
0.167733
0.167731
0.167729
0.167727
0.167725
0.167723
0.16772
0.167714
0.167703
0.167676
0.167602
0.167384
0.19668
0.196926
0.19701
0.197041
0.197054
0.19706
0.197064
0.197066
0.197069
0.197071
0.197073
0.197074
0.197076
0.197078
0.197079
0.19708
0.197082
0.197083
0.197084
0.197085
0.197086
0.197087
0.197088
0.197088
0.197089
0.197089
0.19709
0.19709
0.19709
0.19709
0.19709
0.19709
0.19709
0.19709
0.197089
0.197089
0.197088
0.197088
0.197087
0.197086
0.197085
0.197084
0.197083
0.197082
0.19708
0.197079
0.197078
0.197076
0.197074
0.197073
0.197071
0.197069
0.197066
0.197064
0.19706
0.197054
0.197041
0.19701
0.196926
0.19668
0.227498
0.227768
0.227861
0.227896
0.22791
0.227917
0.227921
0.227924
0.227926
0.227928
0.22793
0.227932
0.227934
0.227935
0.227937
0.227938
0.22794
0.227941
0.227942
0.227943
0.227944
0.227945
0.227946
0.227946
0.227947
0.227948
0.227948
0.227948
0.227948
0.227949
0.227949
0.227948
0.227948
0.227948
0.227948
0.227947
0.227946
0.227946
0.227945
0.227944
0.227943
0.227942
0.227941
0.22794
0.227938
0.227937
0.227935
0.227934
0.227932
0.22793
0.227928
0.227926
0.227924
0.227921
0.227917
0.22791
0.227896
0.227861
0.227768
0.227498
0.258913
0.259202
0.259304
0.259342
0.259357
0.259364
0.259369
0.259371
0.259374
0.259376
0.259378
0.25938
0.259382
0.259383
0.259385
0.259386
0.259388
0.259389
0.25939
0.259391
0.259392
0.259393
0.259394
0.259394
0.259395
0.259396
0.259396
0.259396
0.259396
0.259397
0.259397
0.259396
0.259396
0.259396
0.259396
0.259395
0.259394
0.259394
0.259393
0.259392
0.259391
0.25939
0.259389
0.259388
0.259386
0.259385
0.259383
0.259382
0.25938
0.259378
0.259376
0.259374
0.259371
0.259369
0.259364
0.259357
0.259342
0.259304
0.259202
0.258913
0.290285
0.29059
0.290699
0.290741
0.290757
0.290765
0.290769
0.290772
0.290775
0.290777
0.290779
0.29078
0.290782
0.290784
0.290785
0.290787
0.290788
0.290789
0.29079
0.290792
0.290793
0.290793
0.290794
0.290795
0.290795
0.290796
0.290796
0.290797
0.290797
0.290797
0.290797
0.290797
0.290797
0.290796
0.290796
0.290795
0.290795
0.290794
0.290793
0.290793
0.290792
0.29079
0.290789
0.290788
0.290787
0.290785
0.290784
0.290782
0.29078
0.290779
0.290777
0.290775
0.290772
0.290769
0.290765
0.290757
0.290741
0.290699
0.29059
0.290285
0.321224
0.321543
0.321659
0.321703
0.321721
0.321729
0.321733
0.321736
0.321739
0.321741
0.321743
0.321745
0.321746
0.321748
0.321749
0.321751
0.321752
0.321753
0.321755
0.321756
0.321757
0.321757
0.321758
0.321759
0.321759
0.32176
0.32176
0.321761
0.321761
0.321761
0.321761
0.321761
0.321761
0.32176
0.32176
0.321759
0.321759
0.321758
0.321757
0.321757
0.321756
0.321755
0.321753
0.321752
0.321751
0.321749
0.321748
0.321746
0.321745
0.321743
0.321741
0.321739
0.321736
0.321733
0.321729
0.321721
0.321703
0.321659
0.321543
0.321224
0.351508
0.351838
0.351961
0.352008
0.352027
0.352035
0.35204
0.352043
0.352045
0.352047
0.352049
0.352051
0.352053
0.352054
0.352056
0.352057
0.352058
0.352059
0.352061
0.352062
0.352063
0.352063
0.352064
0.352065
0.352065
0.352066
0.352066
0.352066
0.352067
0.352067
0.352067
0.352067
0.352066
0.352066
0.352066
0.352065
0.352065
0.352064
0.352063
0.352063
0.352062
0.352061
0.352059
0.352058
0.352057
0.352056
0.352054
0.352053
0.352051
0.352049
0.352047
0.352045
0.352043
0.35204
0.352035
0.352027
0.352008
0.351961
0.351838
0.351508
0.381013
0.381353
0.381482
0.381531
0.381552
0.381561
0.381565
0.381568
0.381571
0.381573
0.381575
0.381576
0.381578
0.381579
0.381581
0.381582
0.381583
0.381585
0.381586
0.381587
0.381587
0.381588
0.381589
0.38159
0.38159
0.381591
0.381591
0.381591
0.381591
0.381591
0.381591
0.381591
0.381591
0.381591
0.381591
0.38159
0.38159
0.381589
0.381588
0.381587
0.381587
0.381586
0.381585
0.381583
0.381582
0.381581
0.381579
0.381578
0.381576
0.381575
0.381573
0.381571
0.381568
0.381565
0.381561
0.381552
0.381531
0.381482
0.381353
0.381013
0.409671
0.41002
0.410154
0.410206
0.410228
0.410237
0.410242
0.410245
0.410247
0.410249
0.410251
0.410253
0.410254
0.410256
0.410257
0.410258
0.41026
0.410261
0.410262
0.410263
0.410264
0.410264
0.410265
0.410266
0.410266
0.410267
0.410267
0.410267
0.410267
0.410267
0.410267
0.410267
0.410267
0.410267
0.410267
0.410266
0.410266
0.410265
0.410264
0.410264
0.410263
0.410262
0.410261
0.41026
0.410258
0.410257
0.410256
0.410254
0.410253
0.410251
0.410249
0.410247
0.410245
0.410242
0.410237
0.410228
0.410206
0.410154
0.41002
0.409671
0.437446
0.437801
0.43794
0.437995
0.438018
0.438028
0.438033
0.438036
0.438038
0.43804
0.438042
0.438044
0.438045
0.438046
0.438048
0.438049
0.43805
0.438051
0.438052
0.438053
0.438054
0.438055
0.438055
0.438056
0.438056
0.438057
0.438057
0.438057
0.438057
0.438058
0.438058
0.438057
0.438057
0.438057
0.438057
0.438056
0.438056
0.438055
0.438055
0.438054
0.438053
0.438052
0.438051
0.43805
0.438049
0.438048
0.438046
0.438045
0.438044
0.438042
0.43804
0.438038
0.438036
0.438033
0.438028
0.438018
0.437995
0.43794
0.437801
0.437446
0.464317
0.464678
0.464822
0.46488
0.464903
0.464914
0.464919
0.464922
0.464924
0.464926
0.464928
0.46493
0.464931
0.464932
0.464934
0.464935
0.464936
0.464937
0.464938
0.464939
0.464939
0.46494
0.464941
0.464941
0.464942
0.464942
0.464942
0.464943
0.464943
0.464943
0.464943
0.464943
0.464943
0.464942
0.464942
0.464942
0.464941
0.464941
0.46494
0.464939
0.464939
0.464938
0.464937
0.464936
0.464935
0.464934
0.464932
0.464931
0.46493
0.464928
0.464926
0.464924
0.464922
0.464919
0.464914
0.464903
0.46488
0.464822
0.464678
0.464317
0.490278
0.490642
0.490791
0.490852
0.490877
0.490887
0.490893
0.490896
0.490898
0.4909
0.490902
0.490903
0.490905
0.490906
0.490907
0.490908
0.490909
0.49091
0.490911
0.490912
0.490913
0.490913
0.490914
0.490914
0.490915
0.490915
0.490916
0.490916
0.490916
0.490916
0.490916
0.490916
0.490916
0.490916
0.490915
0.490915
0.490914
0.490914
0.490913
0.490913
0.490912
0.490911
0.49091
0.490909
0.490908
0.490907
0.490906
0.490905
0.490903
0.490902
0.4909
0.490898
0.490896
0.490893
0.490887
0.490877
0.490852
0.490791
0.490642
0.490278
0.515328
0.515695
0.515848
0.515911
0.515937
0.515949
0.515954
0.515958
0.51596
0.515962
0.515963
0.515965
0.515966
0.515967
0.515968
0.515969
0.51597
0.515971
0.515972
0.515973
0.515974
0.515974
0.515975
0.515975
0.515976
0.515976
0.515976
0.515977
0.515977
0.515977
0.515977
0.515977
0.515977
0.515976
0.515976
0.515976
0.515975
0.515975
0.515974
0.515974
0.515973
0.515972
0.515971
0.51597
0.515969
0.515968
0.515967
0.515966
0.515965
0.515963
0.515962
0.51596
0.515958
0.515954
0.515949
0.515937
0.515911
0.515848
0.515695
0.515328
0.539472
0.539841
0.539998
0.540063
0.540091
0.540103
0.540109
0.540112
0.540114
0.540116
0.540117
0.540119
0.54012
0.540121
0.540122
0.540123
0.540124
0.540125
0.540126
0.540127
0.540127
0.540128
0.540128
0.540129
0.540129
0.54013
0.54013
0.54013
0.54013
0.54013
0.54013
0.54013
0.54013
0.54013
0.54013
0.540129
0.540129
0.540128
0.540128
0.540127
0.540127
0.540126
0.540125
0.540124
0.540123
0.540122
0.540121
0.54012
0.540119
0.540117
0.540116
0.540114
0.540112
0.540109
0.540103
0.540091
0.540063
0.539998
0.539841
0.539472
0.56272
0.56309
0.56325
0.563318
0.563346
0.563359
0.563365
0.563368
0.56337
0.563372
0.563374
0.563375
0.563376
0.563377
0.563378
0.563379
0.56338
0.563381
0.563382
0.563382
0.563383
0.563383
0.563384
0.563384
0.563385
0.563385
0.563385
0.563386
0.563386
0.563386
0.563386
0.563386
0.563386
0.563385
0.563385
0.563385
0.563384
0.563384
0.563383
0.563383
0.563382
0.563382
0.563381
0.56338
0.563379
0.563378
0.563377
0.563376
0.563375
0.563374
0.563372
0.56337
0.563368
0.563365
0.563359
0.563346
0.563318
0.56325
0.56309
0.56272
0.585083
0.585452
0.585616
0.585686
0.585716
0.585729
0.585735
0.585739
0.585741
0.585742
0.585744
0.585745
0.585746
0.585747
0.585748
0.585749
0.58575
0.585751
0.585751
0.585752
0.585753
0.585753
0.585754
0.585754
0.585754
0.585755
0.585755
0.585755
0.585755
0.585755
0.585755
0.585755
0.585755
0.585755
0.585755
0.585754
0.585754
0.585754
0.585753
0.585753
0.585752
0.585751
0.585751
0.58575
0.585749
0.585748
0.585747
0.585746
0.585745
0.585744
0.585742
0.585741
0.585739
0.585735
0.585729
0.585716
0.585686
0.585616
0.585452
0.585083
0.606576
0.606944
0.60711
0.607182
0.607213
0.607227
0.607234
0.607237
0.607239
0.607241
0.607242
0.607243
0.607244
0.607245
0.607246
0.607247
0.607248
0.607249
0.607249
0.60725
0.60725
0.607251
0.607251
0.607252
0.607252
0.607253
0.607253
0.607253
0.607253
0.607253
0.607253
0.607253
0.607253
0.607253
0.607253
0.607252
0.607252
0.607251
0.607251
0.60725
0.60725
0.607249
0.607249
0.607248
0.607247
0.607246
0.607245
0.607244
0.607243
0.607242
0.607241
0.607239
0.607237
0.607234
0.607227
0.607213
0.607182
0.60711
0.606944
0.606576
0.627214
0.62758
0.627748
0.627822
0.627855
0.627869
0.627876
0.62788
0.627882
0.627884
0.627885
0.627886
0.627887
0.627888
0.627889
0.62789
0.62789
0.627891
0.627892
0.627892
0.627893
0.627893
0.627894
0.627894
0.627894
0.627895
0.627895
0.627895
0.627895
0.627895
0.627895
0.627895
0.627895
0.627895
0.627895
0.627894
0.627894
0.627894
0.627893
0.627893
0.627892
0.627892
0.627891
0.62789
0.62789
0.627889
0.627888
0.627887
0.627886
0.627885
0.627884
0.627882
0.62788
0.627876
0.627869
0.627855
0.627822
0.627748
0.62758
0.627214
0.647016
0.647378
0.647548
0.647625
0.647658
0.647674
0.647681
0.647684
0.647687
0.647688
0.647689
0.64769
0.647691
0.647692
0.647693
0.647694
0.647694
0.647695
0.647696
0.647696
0.647697
0.647697
0.647698
0.647698
0.647698
0.647698
0.647699
0.647699
0.647699
0.647699
0.647699
0.647699
0.647699
0.647699
0.647698
0.647698
0.647698
0.647698
0.647697
0.647697
0.647696
0.647696
0.647695
0.647694
0.647694
0.647693
0.647692
0.647691
0.64769
0.647689
0.647688
0.647687
0.647684
0.647681
0.647674
0.647658
0.647625
0.647548
0.647378
0.647016
0.665999
0.666357
0.666529
0.666607
0.666642
0.666658
0.666665
0.666669
0.666671
0.666673
0.666674
0.666675
0.666676
0.666677
0.666677
0.666678
0.666679
0.666679
0.66668
0.66668
0.666681
0.666681
0.666682
0.666682
0.666682
0.666683
0.666683
0.666683
0.666683
0.666683
0.666683
0.666683
0.666683
0.666683
0.666683
0.666682
0.666682
0.666682
0.666681
0.666681
0.66668
0.66668
0.666679
0.666679
0.666678
0.666677
0.666677
0.666676
0.666675
0.666674
0.666673
0.666671
0.666669
0.666665
0.666658
0.666642
0.666607
0.666529
0.666357
0.665999
0.684182
0.684536
0.684709
0.684789
0.684825
0.684842
0.68485
0.684854
0.684856
0.684857
0.684858
0.684859
0.68486
0.684861
0.684862
0.684862
0.684863
0.684863
0.684864
0.684864
0.684865
0.684865
0.684866
0.684866
0.684866
0.684866
0.684867
0.684867
0.684867
0.684867
0.684867
0.684867
0.684867
0.684867
0.684866
0.684866
0.684866
0.684866
0.684865
0.684865
0.684864
0.684864
0.684863
0.684863
0.684862
0.684862
0.684861
0.68486
0.684859
0.684858
0.684857
0.684856
0.684854
0.68485
0.684842
0.684825
0.684789
0.684709
0.684536
0.684182
0.701587
0.701936
0.702109
0.702191
0.702228
0.702246
0.702254
0.702258
0.70226
0.702262
0.702263
0.702264
0.702264
0.702265
0.702266
0.702266
0.702267
0.702267
0.702268
0.702268
0.702269
0.702269
0.702269
0.70227
0.70227
0.70227
0.70227
0.70227
0.70227
0.70227
0.70227
0.70227
0.70227
0.70227
0.70227
0.70227
0.70227
0.702269
0.702269
0.702269
0.702268
0.702268
0.702267
0.702267
0.702266
0.702266
0.702265
0.702264
0.702264
0.702263
0.702262
0.70226
0.702258
0.702254
0.702246
0.702228
0.702191
0.702109
0.701936
0.701587
0.718233
0.718576
0.71875
0.718833
0.718872
0.71889
0.718898
0.718902
0.718905
0.718906
0.718907
0.718908
0.718909
0.718909
0.71891
0.71891
0.718911
0.718911
0.718912
0.718912
0.718913
0.718913
0.718913
0.718914
0.718914
0.718914
0.718914
0.718914
0.718914
0.718914
0.718914
0.718914
0.718914
0.718914
0.718914
0.718914
0.718914
0.718913
0.718913
0.718913
0.718912
0.718912
0.718911
0.718911
0.71891
0.71891
0.718909
0.718909
0.718908
0.718907
0.718906
0.718905
0.718902
0.718898
0.71889
0.718872
0.718833
0.71875
0.718576
0.718233
0.734141
0.734478
0.734652
0.734736
0.734776
0.734795
0.734804
0.734808
0.734811
0.734812
0.734813
0.734814
0.734814
0.734815
0.734816
0.734816
0.734817
0.734817
0.734817
0.734818
0.734818
0.734818
0.734819
0.734819
0.734819
0.734819
0.734819
0.73482
0.73482
0.73482
0.73482
0.73482
0.73482
0.734819
0.734819
0.734819
0.734819
0.734819
0.734818
0.734818
0.734818
0.734817
0.734817
0.734817
0.734816
0.734816
0.734815
0.734814
0.734814
0.734813
0.734812
0.734811
0.734808
0.734804
0.734795
0.734776
0.734736
0.734652
0.734478
0.734141
0.749332
0.749663
0.749837
0.749922
0.749963
0.749983
0.749992
0.749997
0.749999
0.750001
0.750001
0.750002
0.750003
0.750003
0.750004
0.750004
0.750005
0.750005
0.750005
0.750006
0.750006
0.750006
0.750007
0.750007
0.750007
0.750007
0.750007
0.750007
0.750007
0.750007
0.750007
0.750007
0.750007
0.750007
0.750007
0.750007
0.750007
0.750007
0.750006
0.750006
0.750006
0.750005
0.750005
0.750005
0.750004
0.750004
0.750003
0.750003
0.750002
0.750001
0.750001
0.749999
0.749997
0.749992
0.749983
0.749963
0.749922
0.749837
0.749663
0.749332
0.763829
0.764152
0.764326
0.764412
0.764455
0.764475
0.764484
0.764489
0.764492
0.764493
0.764494
0.764495
0.764495
0.764496
0.764496
0.764496
0.764497
0.764497
0.764498
0.764498
0.764498
0.764498
0.764499
0.764499
0.764499
0.764499
0.764499
0.764499
0.764499
0.764499
0.764499
0.764499
0.764499
0.764499
0.764499
0.764499
0.764499
0.764499
0.764498
0.764498
0.764498
0.764498
0.764497
0.764497
0.764496
0.764496
0.764496
0.764495
0.764495
0.764494
0.764493
0.764492
0.764489
0.764484
0.764475
0.764455
0.764412
0.764326
0.764152
0.763829
0.777652
0.777968
0.77814
0.778228
0.778271
0.778292
0.778302
0.778307
0.77831
0.778311
0.778312
0.778313
0.778313
0.778313
0.778314
0.778314
0.778315
0.778315
0.778315
0.778315
0.778316
0.778316
0.778316
0.778316
0.778316
0.778317
0.778317
0.778317
0.778317
0.778317
0.778317
0.778317
0.778317
0.778317
0.778317
0.778316
0.778316
0.778316
0.778316
0.778316
0.778315
0.778315
0.778315
0.778315
0.778314
0.778314
0.778313
0.778313
0.778313
0.778312
0.778311
0.77831
0.778307
0.778302
0.778292
0.778271
0.778228
0.77814
0.777968
0.777652
0.790823
0.791131
0.791302
0.791391
0.791435
0.791456
0.791467
0.791472
0.791475
0.791476
0.791477
0.791478
0.791478
0.791478
0.791479
0.791479
0.791479
0.79148
0.79148
0.79148
0.79148
0.791481
0.791481
0.791481
0.791481
0.791481
0.791481
0.791481
0.791481
0.791481
0.791481
0.791481
0.791481
0.791481
0.791481
0.791481
0.791481
0.791481
0.791481
0.79148
0.79148
0.79148
0.79148
0.791479
0.791479
0.791479
0.791478
0.791478
0.791478
0.791477
0.791476
0.791475
0.791472
0.791467
0.791456
0.791435
0.791391
0.791302
0.791131
0.790823
0.803363
0.803664
0.803833
0.803922
0.803967
0.803989
0.804
0.804005
0.804008
0.80401
0.80401
0.804011
0.804011
0.804012
0.804012
0.804012
0.804013
0.804013
0.804013
0.804013
0.804013
0.804014
0.804014
0.804014
0.804014
0.804014
0.804014
0.804014
0.804014
0.804014
0.804014
0.804014
0.804014
0.804014
0.804014
0.804014
0.804014
0.804014
0.804014
0.804013
0.804013
0.804013
0.804013
0.804013
0.804012
0.804012
0.804012
0.804011
0.804011
0.80401
0.80401
0.804008
0.804005
0.804
0.803989
0.803967
0.803922
0.803833
0.803664
0.803363
0.815294
0.815586
0.815754
0.815843
0.815889
0.815912
0.815923
0.815929
0.815932
0.815933
0.815934
0.815935
0.815935
0.815935
0.815935
0.815936
0.815936
0.815936
0.815936
0.815936
0.815937
0.815937
0.815937
0.815937
0.815937
0.815937
0.815937
0.815937
0.815937
0.815937
0.815937
0.815937
0.815937
0.815937
0.815937
0.815937
0.815937
0.815937
0.815937
0.815937
0.815936
0.815936
0.815936
0.815936
0.815936
0.815935
0.815935
0.815935
0.815935
0.815934
0.815933
0.815932
0.815929
0.815923
0.815912
0.815889
0.815843
0.815754
0.815586
0.815294
0.826637
0.826921
0.827086
0.827175
0.827222
0.827246
0.827257
0.827263
0.827266
0.827268
0.827269
0.827269
0.827269
0.82727
0.82727
0.82727
0.82727
0.82727
0.827271
0.827271
0.827271
0.827271
0.827271
0.827271
0.827271
0.827271
0.827271
0.827272
0.827272
0.827272
0.827272
0.827272
0.827272
0.827271
0.827271
0.827271
0.827271
0.827271
0.827271
0.827271
0.827271
0.827271
0.82727
0.82727
0.82727
0.82727
0.82727
0.827269
0.827269
0.827269
0.827268
0.827266
0.827263
0.827257
0.827246
0.827222
0.827175
0.827086
0.826921
0.826637
0.837413
0.837688
0.83785
0.83794
0.837987
0.838012
0.838024
0.83803
0.838033
0.838035
0.838035
0.838036
0.838036
0.838036
0.838037
0.838037
0.838037
0.838037
0.838037
0.838037
0.838037
0.838037
0.838038
0.838038
0.838038
0.838038
0.838038
0.838038
0.838038
0.838038
0.838038
0.838038
0.838038
0.838038
0.838038
0.838038
0.838038
0.838038
0.838037
0.838037
0.838037
0.838037
0.838037
0.838037
0.838037
0.838037
0.838036
0.838036
0.838036
0.838035
0.838035
0.838033
0.83803
0.838024
0.838012
0.837987
0.83794
0.83785
0.837688
0.837413
0.847642
0.847909
0.848068
0.848158
0.848206
0.84823
0.848243
0.84825
0.848253
0.848254
0.848255
0.848256
0.848256
0.848256
0.848256
0.848256
0.848257
0.848257
0.848257
0.848257
0.848257
0.848257
0.848257
0.848257
0.848257
0.848257
0.848257
0.848257
0.848257
0.848257
0.848257
0.848257
0.848257
0.848257
0.848257
0.848257
0.848257
0.848257
0.848257
0.848257
0.848257
0.848257
0.848257
0.848257
0.848256
0.848256
0.848256
0.848256
0.848256
0.848255
0.848254
0.848253
0.84825
0.848243
0.84823
0.848206
0.848158
0.848068
0.847909
0.847642
0.857345
0.857603
0.85776
0.857849
0.857898
0.857923
0.857936
0.857943
0.857946
0.857948
0.857949
0.857949
0.857949
0.857949
0.85795
0.85795
0.85795
0.85795
0.85795
0.85795
0.85795
0.85795
0.85795
0.85795
0.85795
0.85795
0.85795
0.85795
0.85795
0.85795
0.85795
0.85795
0.85795
0.85795
0.85795
0.85795
0.85795
0.85795
0.85795
0.85795
0.85795
0.85795
0.85795
0.85795
0.85795
0.85795
0.857949
0.857949
0.857949
0.857949
0.857948
0.857946
0.857943
0.857936
0.857923
0.857898
0.857849
0.85776
0.857603
0.857345
0.866543
0.866792
0.866946
0.867035
0.867083
0.867109
0.867123
0.86713
0.867133
0.867135
0.867136
0.867136
0.867136
0.867137
0.867137
0.867137
0.867137
0.867137
0.867137
0.867137
0.867137
0.867137
0.867137
0.867137
0.867137
0.867137
0.867137
0.867137
0.867137
0.867137
0.867137
0.867137
0.867137
0.867137
0.867137
0.867137
0.867137
0.867137
0.867137
0.867137
0.867137
0.867137
0.867137
0.867137
0.867137
0.867137
0.867137
0.867136
0.867136
0.867136
0.867135
0.867133
0.86713
0.867123
0.867109
0.867083
0.867035
0.866946
0.866792
0.866543
0.875255
0.875496
0.875646
0.875734
0.875783
0.875809
0.875823
0.87583
0.875834
0.875836
0.875837
0.875837
0.875837
0.875837
0.875837
0.875837
0.875837
0.875837
0.875837
0.875837
0.875837
0.875837
0.875837
0.875837
0.875837
0.875837
0.875837
0.875837
0.875837
0.875837
0.875837
0.875837
0.875837
0.875837
0.875837
0.875837
0.875837
0.875837
0.875837
0.875837
0.875837
0.875837
0.875837
0.875837
0.875837
0.875837
0.875837
0.875837
0.875837
0.875837
0.875836
0.875834
0.87583
0.875823
0.875809
0.875783
0.875734
0.875646
0.875496
0.875255
0.883501
0.883733
0.883879
0.883966
0.884016
0.884042
0.884057
0.884064
0.884068
0.88407
0.884071
0.884071
0.884071
0.884072
0.884071
0.884071
0.884071
0.884071
0.884071
0.884071
0.884071
0.884071
0.884071
0.884071
0.884071
0.884071
0.884071
0.884071
0.884071
0.884071
0.884071
0.884071
0.884071
0.884071
0.884071
0.884071
0.884071
0.884071
0.884071
0.884071
0.884071
0.884071
0.884071
0.884071
0.884071
0.884071
0.884072
0.884071
0.884071
0.884071
0.88407
0.884068
0.884064
0.884057
0.884042
0.884016
0.883966
0.883879
0.883733
0.883501
0.8913
0.891523
0.891666
0.891752
0.891801
0.891828
0.891843
0.891851
0.891855
0.891857
0.891858
0.891858
0.891858
0.891858
0.891858
0.891858
0.891858
0.891858
0.891858
0.891858
0.891858
0.891858
0.891857
0.891857
0.891857
0.891857
0.891857
0.891857
0.891857
0.891857
0.891857
0.891857
0.891857
0.891857
0.891857
0.891857
0.891857
0.891857
0.891858
0.891858
0.891858
0.891858
0.891858
0.891858
0.891858
0.891858
0.891858
0.891858
0.891858
0.891858
0.891857
0.891855
0.891851
0.891843
0.891828
0.891801
0.891752
0.891666
0.891523
0.8913
0.89867
0.898884
0.899024
0.899109
0.899158
0.899186
0.899201
0.899209
0.899213
0.899215
0.899216
0.899216
0.899216
0.899216
0.899216
0.899216
0.899216
0.899216
0.899216
0.899215
0.899215
0.899215
0.899215
0.899215
0.899215
0.899215
0.899215
0.899215
0.899215
0.899215
0.899215
0.899215
0.899215
0.899215
0.899215
0.899215
0.899215
0.899215
0.899215
0.899215
0.899215
0.899216
0.899216
0.899216
0.899216
0.899216
0.899216
0.899216
0.899216
0.899216
0.899215
0.899213
0.899209
0.899201
0.899186
0.899158
0.899109
0.899024
0.898884
0.89867
0.905631
0.905837
0.905972
0.906055
0.906105
0.906133
0.906148
0.906156
0.906161
0.906163
0.906164
0.906164
0.906164
0.906164
0.906164
0.906164
0.906164
0.906163
0.906163
0.906163
0.906163
0.906163
0.906163
0.906163
0.906163
0.906163
0.906163
0.906163
0.906163
0.906163
0.906163
0.906163
0.906163
0.906163
0.906163
0.906163
0.906163
0.906163
0.906163
0.906163
0.906163
0.906163
0.906163
0.906164
0.906164
0.906164
0.906164
0.906164
0.906164
0.906164
0.906163
0.906161
0.906156
0.906148
0.906133
0.906105
0.906055
0.905972
0.905837
0.905631
0.9122
0.912397
0.912528
0.91261
0.912659
0.912688
0.912703
0.912712
0.912716
0.912718
0.912719
0.91272
0.91272
0.91272
0.91272
0.912719
0.912719
0.912719
0.912719
0.912719
0.912718
0.912718
0.912718
0.912718
0.912718
0.912718
0.912718
0.912718
0.912718
0.912718
0.912718
0.912718
0.912718
0.912718
0.912718
0.912718
0.912718
0.912718
0.912718
0.912718
0.912719
0.912719
0.912719
0.912719
0.912719
0.91272
0.91272
0.91272
0.91272
0.912719
0.912718
0.912716
0.912712
0.912703
0.912688
0.912659
0.91261
0.912528
0.912397
0.9122
0.918395
0.918583
0.91871
0.918791
0.91884
0.918868
0.918884
0.918893
0.918897
0.9189
0.918901
0.918901
0.918901
0.918901
0.918901
0.9189
0.9189
0.9189
0.9189
0.918899
0.918899
0.918899
0.918899
0.918899
0.918899
0.918899
0.918899
0.918899
0.918899
0.918899
0.918899
0.918899
0.918899
0.918899
0.918899
0.918899
0.918899
0.918899
0.918899
0.918899
0.918899
0.9189
0.9189
0.9189
0.9189
0.918901
0.918901
0.918901
0.918901
0.918901
0.9189
0.918897
0.918893
0.918884
0.918868
0.91884
0.918791
0.91871
0.918583
0.918395
0.924232
0.924413
0.924535
0.924614
0.924663
0.924691
0.924707
0.924716
0.924721
0.924723
0.924725
0.924725
0.924725
0.924725
0.924724
0.924724
0.924724
0.924724
0.924723
0.924723
0.924723
0.924723
0.924722
0.924722
0.924722
0.924722
0.924722
0.924722
0.924722
0.924722
0.924722
0.924722
0.924722
0.924722
0.924722
0.924722
0.924722
0.924722
0.924723
0.924723
0.924723
0.924723
0.924724
0.924724
0.924724
0.924724
0.924725
0.924725
0.924725
0.924725
0.924723
0.924721
0.924716
0.924707
0.924691
0.924663
0.924614
0.924535
0.924413
0.924232
0.92973
0.929902
0.93002
0.930097
0.930145
0.930174
0.93019
0.930199
0.930204
0.930207
0.930208
0.930208
0.930208
0.930208
0.930208
0.930207
0.930207
0.930207
0.930206
0.930206
0.930206
0.930205
0.930205
0.930205
0.930205
0.930205
0.930205
0.930205
0.930205
0.930205
0.930205
0.930205
0.930205
0.930205
0.930205
0.930205
0.930205
0.930205
0.930205
0.930206
0.930206
0.930206
0.930207
0.930207
0.930207
0.930208
0.930208
0.930208
0.930208
0.930208
0.930207
0.930204
0.930199
0.93019
0.930174
0.930145
0.930097
0.93002
0.929902
0.92973
0.934903
0.935067
0.935181
0.935256
0.935303
0.935332
0.935348
0.935358
0.935363
0.935365
0.935367
0.935367
0.935367
0.935367
0.935366
0.935366
0.935365
0.935365
0.935365
0.935364
0.935364
0.935364
0.935364
0.935363
0.935363
0.935363
0.935363
0.935363
0.935363
0.935363
0.935363
0.935363
0.935363
0.935363
0.935363
0.935363
0.935363
0.935364
0.935364
0.935364
0.935364
0.935365
0.935365
0.935365
0.935366
0.935366
0.935367
0.935367
0.935367
0.935367
0.935365
0.935363
0.935358
0.935348
0.935332
0.935303
0.935256
0.935181
0.935067
0.934903
0.939767
0.939923
0.940033
0.940106
0.940153
0.940181
0.940198
0.940208
0.940213
0.940216
0.940217
0.940217
0.940217
0.940217
0.940216
0.940216
0.940215
0.940215
0.940215
0.940214
0.940214
0.940214
0.940213
0.940213
0.940213
0.940213
0.940213
0.940213
0.940213
0.940213
0.940213
0.940213
0.940213
0.940213
0.940213
0.940213
0.940213
0.940213
0.940214
0.940214
0.940214
0.940215
0.940215
0.940215
0.940216
0.940216
0.940217
0.940217
0.940217
0.940217
0.940216
0.940213
0.940208
0.940198
0.940181
0.940153
0.940106
0.940033
0.939923
0.939767
0.944339
0.944487
0.944593
0.944664
0.944709
0.944738
0.944755
0.944764
0.94477
0.944772
0.944774
0.944774
0.944774
0.944774
0.944773
0.944773
0.944772
0.944772
0.944771
0.944771
0.944771
0.94477
0.94477
0.94477
0.94477
0.944769
0.944769
0.944769
0.944769
0.944769
0.944769
0.944769
0.944769
0.944769
0.944769
0.94477
0.94477
0.94477
0.94477
0.944771
0.944771
0.944771
0.944772
0.944772
0.944773
0.944773
0.944774
0.944774
0.944774
0.944774
0.944772
0.94477
0.944764
0.944755
0.944738
0.944709
0.944664
0.944593
0.944487
0.944339
0.948632
0.948773
0.948874
0.948943
0.948988
0.949016
0.949033
0.949043
0.949048
0.949051
0.949052
0.949053
0.949053
0.949052
0.949052
0.949051
0.949051
0.94905
0.94905
0.949049
0.949049
0.949048
0.949048
0.949048
0.949048
0.949047
0.949047
0.949047
0.949047
0.949047
0.949047
0.949047
0.949047
0.949047
0.949047
0.949048
0.949048
0.949048
0.949048
0.949049
0.949049
0.94905
0.94905
0.949051
0.949051
0.949052
0.949052
0.949053
0.949053
0.949052
0.949051
0.949048
0.949043
0.949033
0.949016
0.948988
0.948943
0.948874
0.948773
0.948632
0.952661
0.952795
0.952892
0.952958
0.953002
0.95303
0.953047
0.953057
0.953062
0.953065
0.953067
0.953067
0.953067
0.953067
0.953066
0.953066
0.953065
0.953064
0.953064
0.953063
0.953063
0.953063
0.953062
0.953062
0.953062
0.953061
0.953061
0.953061
0.953061
0.953061
0.953061
0.953061
0.953061
0.953061
0.953061
0.953062
0.953062
0.953062
0.953063
0.953063
0.953063
0.953064
0.953064
0.953065
0.953066
0.953066
0.953067
0.953067
0.953067
0.953067
0.953065
0.953062
0.953057
0.953047
0.95303
0.953002
0.952958
0.952892
0.952795
0.952661
0.95644
0.956567
0.95666
0.956724
0.956767
0.956794
0.956811
0.956821
0.956827
0.95683
0.956831
0.956832
0.956831
0.956831
0.95683
0.95683
0.956829
0.956829
0.956828
0.956827
0.956827
0.956827
0.956826
0.956826
0.956826
0.956825
0.956825
0.956825
0.956825
0.956825
0.956825
0.956825
0.956825
0.956825
0.956825
0.956826
0.956826
0.956826
0.956827
0.956827
0.956827
0.956828
0.956829
0.956829
0.95683
0.95683
0.956831
0.956831
0.956832
0.956831
0.95683
0.956827
0.956821
0.956811
0.956794
0.956767
0.956724
0.95666
0.956567
0.95644
0.959982
0.960103
0.960191
0.960253
0.960295
0.960322
0.960339
0.960349
0.960354
0.960357
0.960359
0.960359
0.960359
0.960359
0.960358
0.960357
0.960357
0.960356
0.960355
0.960355
0.960354
0.960354
0.960353
0.960353
0.960353
0.960353
0.960352
0.960352
0.960352
0.960352
0.960352
0.960352
0.960352
0.960352
0.960353
0.960353
0.960353
0.960353
0.960354
0.960354
0.960355
0.960355
0.960356
0.960357
0.960357
0.960358
0.960359
0.960359
0.960359
0.960359
0.960357
0.960354
0.960349
0.960339
0.960322
0.960295
0.960253
0.960191
0.960103
0.959982
0.963301
0.963414
0.963499
0.963558
0.963599
0.963626
0.963642
0.963652
0.963658
0.963661
0.963663
0.963663
0.963663
0.963663
0.963662
0.963661
0.96366
0.96366
0.963659
0.963658
0.963658
0.963657
0.963657
0.963657
0.963656
0.963656
0.963656
0.963656
0.963655
0.963655
0.963655
0.963655
0.963656
0.963656
0.963656
0.963656
0.963657
0.963657
0.963657
0.963658
0.963658
0.963659
0.96366
0.96366
0.963661
0.963662
0.963663
0.963663
0.963663
0.963663
0.963661
0.963658
0.963652
0.963642
0.963626
0.963599
0.963558
0.963499
0.963414
0.963301
0.966408
0.966515
0.966595
0.966653
0.966692
0.966718
0.966735
0.966745
0.966751
0.966754
0.966755
0.966756
0.966756
0.966755
0.966754
0.966754
0.966753
0.966752
0.966751
0.966751
0.96675
0.966749
0.966749
0.966749
0.966748
0.966748
0.966748
0.966748
0.966747
0.966747
0.966747
0.966747
0.966748
0.966748
0.966748
0.966748
0.966749
0.966749
0.966749
0.96675
0.966751
0.966751
0.966752
0.966753
0.966754
0.966754
0.966755
0.966756
0.966756
0.966755
0.966754
0.966751
0.966745
0.966735
0.966718
0.966692
0.966653
0.966595
0.966515
0.966408
0.969316
0.969417
0.969493
0.969548
0.969586
0.969612
0.969628
0.969638
0.969644
0.969647
0.969649
0.969649
0.969649
0.969648
0.969648
0.969647
0.969646
0.969645
0.969644
0.969644
0.969643
0.969642
0.969642
0.969641
0.969641
0.969641
0.96964
0.96964
0.96964
0.96964
0.96964
0.96964
0.96964
0.96964
0.969641
0.969641
0.969641
0.969642
0.969642
0.969643
0.969644
0.969644
0.969645
0.969646
0.969647
0.969648
0.969648
0.969649
0.969649
0.969649
0.969647
0.969644
0.969638
0.969628
0.969612
0.969586
0.969548
0.969493
0.969417
0.969316
0.972035
0.972131
0.972203
0.972256
0.972292
0.972317
0.972333
0.972343
0.972349
0.972353
0.972354
0.972355
0.972354
0.972354
0.972353
0.972352
0.972351
0.97235
0.972349
0.972348
0.972348
0.972347
0.972347
0.972346
0.972346
0.972345
0.972345
0.972345
0.972345
0.972345
0.972345
0.972345
0.972345
0.972345
0.972345
0.972346
0.972346
0.972347
0.972347
0.972348
0.972348
0.972349
0.97235
0.972351
0.972352
0.972353
0.972354
0.972354
0.972355
0.972354
0.972353
0.972349
0.972343
0.972333
0.972317
0.972292
0.972256
0.972203
0.972131
0.972035
0.974578
0.974668
0.974736
0.974786
0.974822
0.974846
0.974862
0.974872
0.974878
0.974881
0.974883
0.974883
0.974883
0.974882
0.974881
0.97488
0.974879
0.974878
0.974877
0.974877
0.974876
0.974875
0.974875
0.974874
0.974874
0.974873
0.974873
0.974873
0.974873
0.974873
0.974873
0.974873
0.974873
0.974873
0.974873
0.974874
0.974874
0.974875
0.974875
0.974876
0.974877
0.974877
0.974878
0.974879
0.97488
0.974881
0.974882
0.974883
0.974883
0.974883
0.974881
0.974878
0.974872
0.974862
0.974846
0.974822
0.974786
0.974736
0.974668
0.974578
0.976954
0.977038
0.977103
0.977151
0.977185
0.977209
0.977224
0.977234
0.97724
0.977243
0.977245
0.977245
0.977245
0.977244
0.977243
0.977242
0.977241
0.97724
0.977239
0.977238
0.977237
0.977237
0.977236
0.977235
0.977235
0.977235
0.977234
0.977234
0.977234
0.977234
0.977234
0.977234
0.977234
0.977234
0.977235
0.977235
0.977235
0.977236
0.977237
0.977237
0.977238
0.977239
0.97724
0.977241
0.977242
0.977243
0.977244
0.977245
0.977245
0.977245
0.977243
0.97724
0.977234
0.977224
0.977209
0.977185
0.977151
0.977103
0.977038
0.976954
0.979173
0.979252
0.979313
0.979359
0.979392
0.979415
0.97943
0.97944
0.979446
0.979449
0.97945
0.979451
0.97945
0.97945
0.979449
0.979448
0.979447
0.979445
0.979444
0.979443
0.979443
0.979442
0.979441
0.979441
0.97944
0.97944
0.979439
0.979439
0.979439
0.979439
0.979439
0.979439
0.979439
0.979439
0.97944
0.97944
0.979441
0.979441
0.979442
0.979443
0.979443
0.979444
0.979445
0.979447
0.979448
0.979449
0.97945
0.97945
0.979451
0.97945
0.979449
0.979446
0.97944
0.97943
0.979415
0.979392
0.979359
0.979313
0.979252
0.979173
0.981246
0.98132
0.981377
0.981421
0.981452
0.981474
0.981489
0.981499
0.981505
0.981508
0.981509
0.98151
0.981509
0.981509
0.981508
0.981506
0.981505
0.981504
0.981503
0.981502
0.981501
0.9815
0.981499
0.981499
0.981498
0.981498
0.981497
0.981497
0.981497
0.981497
0.981497
0.981497
0.981497
0.981497
0.981498
0.981498
0.981499
0.981499
0.9815
0.981501
0.981502
0.981503
0.981504
0.981505
0.981506
0.981508
0.981509
0.981509
0.98151
0.981509
0.981508
0.981505
0.981499
0.981489
0.981474
0.981452
0.981421
0.981377
0.98132
0.981246
0.98318
0.983249
0.983304
0.983345
0.983375
0.983396
0.983411
0.98342
0.983426
0.983429
0.98343
0.983431
0.98343
0.98343
0.983429
0.983427
0.983426
0.983425
0.983424
0.983423
0.983422
0.983421
0.98342
0.983419
0.983419
0.983418
0.983418
0.983418
0.983417
0.983417
0.983417
0.983417
0.983418
0.983418
0.983418
0.983419
0.983419
0.98342
0.983421
0.983422
0.983423
0.983424
0.983425
0.983426
0.983427
0.983429
0.98343
0.98343
0.983431
0.98343
0.983429
0.983426
0.98342
0.983411
0.983396
0.983375
0.983345
0.983304
0.983249
0.98318
0.984985
0.985049
0.985101
0.98514
0.985169
0.985189
0.985203
0.985212
0.985218
0.985221
0.985222
0.985223
0.985222
0.985222
0.98522
0.985219
0.985218
0.985216
0.985215
0.985214
0.985213
0.985212
0.985211
0.985211
0.98521
0.985209
0.985209
0.985209
0.985209
0.985209
0.985209
0.985209
0.985209
0.985209
0.985209
0.98521
0.985211
0.985211
0.985212
0.985213
0.985214
0.985215
0.985216
0.985218
0.985219
0.98522
0.985222
0.985222
0.985223
0.985222
0.985221
0.985218
0.985212
0.985203
0.985189
0.985169
0.98514
0.985101
0.985049
0.984985
0.986668
0.986729
0.986777
0.986814
0.986841
0.986861
0.986875
0.986883
0.986889
0.986892
0.986894
0.986894
0.986893
0.986892
0.986891
0.98689
0.986888
0.986887
0.986886
0.986885
0.986884
0.986883
0.986882
0.986881
0.98688
0.98688
0.986879
0.986879
0.986879
0.986879
0.986879
0.986879
0.986879
0.986879
0.98688
0.98688
0.986881
0.986882
0.986883
0.986884
0.986885
0.986886
0.986887
0.986888
0.98689
0.986891
0.986892
0.986893
0.986894
0.986894
0.986892
0.986889
0.986883
0.986875
0.986861
0.986841
0.986814
0.986777
0.986729
0.986668
0.988238
0.988295
0.98834
0.988375
0.988401
0.98842
0.988433
0.988441
0.988447
0.98845
0.988451
0.988451
0.988451
0.98845
0.988449
0.988447
0.988446
0.988444
0.988443
0.988442
0.988441
0.98844
0.988439
0.988438
0.988437
0.988437
0.988436
0.988436
0.988436
0.988436
0.988436
0.988436
0.988436
0.988436
0.988437
0.988437
0.988438
0.988439
0.98844
0.988441
0.988442
0.988443
0.988444
0.988446
0.988447
0.988449
0.98845
0.988451
0.988451
0.988451
0.98845
0.988447
0.988441
0.988433
0.98842
0.988401
0.988375
0.98834
0.988295
0.988238
0.989701
0.989754
0.989797
0.98983
0.989854
0.989872
0.989885
0.989893
0.989899
0.989902
0.989903
0.989903
0.989903
0.989901
0.9899
0.989899
0.989897
0.989896
0.989894
0.989893
0.989892
0.989891
0.98989
0.989889
0.989888
0.989887
0.989887
0.989887
0.989886
0.989886
0.989886
0.989886
0.989887
0.989887
0.989887
0.989888
0.989889
0.98989
0.989891
0.989892
0.989893
0.989894
0.989896
0.989897
0.989899
0.9899
0.989901
0.989903
0.989903
0.989903
0.989902
0.989899
0.989893
0.989885
0.989872
0.989854
0.98983
0.989797
0.989754
0.989701
0.991065
0.991114
0.991154
0.991185
0.991209
0.991226
0.991238
0.991246
0.991251
0.991254
0.991255
0.991255
0.991255
0.991254
0.991252
0.991251
0.991249
0.991247
0.991246
0.991245
0.991243
0.991242
0.991241
0.99124
0.991239
0.991239
0.991238
0.991238
0.991238
0.991238
0.991238
0.991238
0.991238
0.991238
0.991239
0.991239
0.99124
0.991241
0.991242
0.991243
0.991245
0.991246
0.991247
0.991249
0.991251
0.991252
0.991254
0.991255
0.991255
0.991255
0.991254
0.991251
0.991246
0.991238
0.991226
0.991209
0.991185
0.991154
0.991114
0.991065
0.992335
0.992381
0.992418
0.992448
0.99247
0.992486
0.992498
0.992506
0.992511
0.992513
0.992514
0.992515
0.992514
0.992513
0.992511
0.99251
0.992508
0.992506
0.992505
0.992503
0.992502
0.992501
0.9925
0.992499
0.992498
0.992497
0.992497
0.992496
0.992496
0.992496
0.992496
0.992496
0.992496
0.992497
0.992497
0.992498
0.992499
0.9925
0.992501
0.992502
0.992503
0.992505
0.992506
0.992508
0.99251
0.992511
0.992513
0.992514
0.992515
0.992514
0.992513
0.992511
0.992506
0.992498
0.992486
0.99247
0.992448
0.992418
0.992381
0.992335
0.993517
0.99356
0.993595
0.993623
0.993644
0.99366
0.993671
0.993678
0.993683
0.993686
0.993687
0.993687
0.993686
0.993685
0.993683
0.993681
0.99368
0.993678
0.993676
0.993675
0.993673
0.993672
0.993671
0.99367
0.993669
0.993668
0.993668
0.993667
0.993667
0.993667
0.993667
0.993667
0.993667
0.993668
0.993668
0.993669
0.99367
0.993671
0.993672
0.993673
0.993675
0.993676
0.993678
0.99368
0.993681
0.993683
0.993685
0.993686
0.993687
0.993687
0.993686
0.993683
0.993678
0.993671
0.99366
0.993644
0.993623
0.993595
0.99356
0.993517
0.994618
0.994658
0.994691
0.994717
0.994737
0.994751
0.994762
0.994769
0.994774
0.994776
0.994777
0.994777
0.994776
0.994775
0.994773
0.994772
0.99477
0.994768
0.994766
0.994765
0.994763
0.994762
0.994761
0.99476
0.994759
0.994758
0.994757
0.994757
0.994757
0.994756
0.994756
0.994757
0.994757
0.994757
0.994758
0.994759
0.99476
0.994761
0.994762
0.994763
0.994765
0.994766
0.994768
0.99477
0.994772
0.994773
0.994775
0.994776
0.994777
0.994777
0.994776
0.994774
0.994769
0.994762
0.994751
0.994737
0.994717
0.994691
0.994658
0.994618
0.995641
0.995678
0.995709
0.995734
0.995752
0.995766
0.995777
0.995783
0.995788
0.99579
0.995791
0.995791
0.99579
0.995788
0.995787
0.995785
0.995783
0.995781
0.995779
0.995778
0.995776
0.995775
0.995773
0.995772
0.995771
0.995771
0.99577
0.99577
0.995769
0.995769
0.995769
0.995769
0.99577
0.99577
0.995771
0.995771
0.995772
0.995773
0.995775
0.995776
0.995778
0.995779
0.995781
0.995783
0.995785
0.995787
0.995788
0.99579
0.995791
0.995791
0.99579
0.995788
0.995783
0.995777
0.995766
0.995752
0.995734
0.995709
0.995678
0.995641
0.996592
0.996627
0.996655
0.996678
0.996696
0.996709
0.996719
0.996726
0.99673
0.996732
0.996733
0.996732
0.996731
0.99673
0.996728
0.996726
0.996724
0.996722
0.99672
0.996719
0.996717
0.996716
0.996714
0.996713
0.996712
0.996711
0.996711
0.99671
0.99671
0.99671
0.99671
0.99671
0.99671
0.996711
0.996711
0.996712
0.996713
0.996714
0.996716
0.996717
0.996719
0.99672
0.996722
0.996724
0.996726
0.996728
0.99673
0.996731
0.996732
0.996733
0.996732
0.99673
0.996726
0.996719
0.996709
0.996696
0.996678
0.996655
0.996627
0.996592
0.997474
0.997507
0.997534
0.997555
0.997572
0.997585
0.997594
0.9976
0.997604
0.997606
0.997606
0.997606
0.997605
0.997603
0.997601
0.9976
0.997597
0.997595
0.997594
0.997592
0.99759
0.997589
0.997587
0.997586
0.997585
0.997584
0.997583
0.997583
0.997583
0.997582
0.997582
0.997583
0.997583
0.997583
0.997584
0.997585
0.997586
0.997587
0.997589
0.99759
0.997592
0.997594
0.997595
0.997597
0.9976
0.997601
0.997603
0.997605
0.997606
0.997606
0.997606
0.997604
0.9976
0.997594
0.997585
0.997572
0.997555
0.997534
0.997507
0.997474
0.998292
0.998322
0.998348
0.998368
0.998384
0.998396
0.998404
0.99841
0.998414
0.998415
0.998416
0.998415
0.998414
0.998413
0.998411
0.998409
0.998407
0.998404
0.998402
0.998401
0.998399
0.998397
0.998396
0.998395
0.998394
0.998393
0.998392
0.998392
0.998391
0.998391
0.998391
0.998391
0.998392
0.998392
0.998393
0.998394
0.998395
0.998396
0.998397
0.998399
0.998401
0.998402
0.998404
0.998407
0.998409
0.998411
0.998413
0.998414
0.998415
0.998416
0.998415
0.998414
0.99841
0.998404
0.998396
0.998384
0.998368
0.998348
0.998322
0.998292
0.999048
0.999077
0.999101
0.99912
0.999135
0.999146
0.999154
0.999159
0.999163
0.999164
0.999165
0.999164
0.999163
0.999161
0.999159
0.999157
0.999155
0.999153
0.999151
0.999149
0.999147
0.999145
0.999144
0.999142
0.999141
0.99914
0.99914
0.999139
0.999139
0.999139
0.999139
0.999139
0.999139
0.99914
0.99914
0.999141
0.999142
0.999144
0.999145
0.999147
0.999149
0.999151
0.999153
0.999155
0.999157
0.999159
0.999161
0.999163
0.999164
0.999165
0.999164
0.999163
0.999159
0.999154
0.999146
0.999135
0.99912
0.999101
0.999077
0.999048
0.999747
0.999774
0.999796
0.999814
0.999828
0.999838
0.999846
0.999851
0.999854
0.999855
0.999856
0.999855
0.999854
0.999852
0.99985
0.999847
0.999845
0.999843
0.999841
0.999839
0.999837
0.999835
0.999834
0.999833
0.999831
0.99983
0.99983
0.999829
0.999829
0.999829
0.999829
0.999829
0.999829
0.99983
0.99983
0.999831
0.999833
0.999834
0.999835
0.999837
0.999839
0.999841
0.999843
0.999845
0.999847
0.99985
0.999852
0.999854
0.999855
0.999856
0.999855
0.999854
0.999851
0.999846
0.999838
0.999828
0.999814
0.999796
0.999774
0.999747
1.00039
1.00041
1.00044
1.00045
1.00047
1.00048
1.00048
1.00049
1.00049
1.00049
1.00049
1.00049
1.00049
1.00049
1.00049
1.00048
1.00048
1.00048
1.00048
1.00047
1.00047
1.00047
1.00047
1.00047
1.00047
1.00047
1.00046
1.00046
1.00046
1.00046
1.00046
1.00046
1.00046
1.00046
1.00047
1.00047
1.00047
1.00047
1.00047
1.00047
1.00047
1.00048
1.00048
1.00048
1.00048
1.00049
1.00049
1.00049
1.00049
1.00049
1.00049
1.00049
1.00049
1.00048
1.00048
1.00047
1.00045
1.00044
1.00041
1.00039
1.00098
1.001
1.00102
1.00104
1.00105
1.00106
1.00107
1.00107
1.00107
1.00107
1.00107
1.00107
1.00107
1.00107
1.00107
1.00106
1.00106
1.00106
1.00106
1.00106
1.00105
1.00105
1.00105
1.00105
1.00105
1.00105
1.00105
1.00105
1.00105
1.00104
1.00104
1.00105
1.00105
1.00105
1.00105
1.00105
1.00105
1.00105
1.00105
1.00105
1.00106
1.00106
1.00106
1.00106
1.00106
1.00107
1.00107
1.00107
1.00107
1.00107
1.00107
1.00107
1.00107
1.00107
1.00106
1.00105
1.00104
1.00102
1.001
1.00098
1.00152
1.00154
1.00156
1.00157
1.00158
1.00159
1.0016
1.0016
1.00161
1.00161
1.00161
1.0016
1.0016
1.0016
1.0016
1.0016
1.00159
1.00159
1.00159
1.00159
1.00158
1.00158
1.00158
1.00158
1.00158
1.00158
1.00158
1.00158
1.00158
1.00158
1.00158
1.00158
1.00158
1.00158
1.00158
1.00158
1.00158
1.00158
1.00158
1.00158
1.00159
1.00159
1.00159
1.00159
1.0016
1.0016
1.0016
1.0016
1.0016
1.00161
1.00161
1.00161
1.0016
1.0016
1.00159
1.00158
1.00157
1.00156
1.00154
1.00152
1.002
1.00203
1.00204
1.00206
1.00207
1.00208
1.00208
1.00209
1.00209
1.00209
1.00209
1.00209
1.00208
1.00208
1.00208
1.00208
1.00207
1.00207
1.00207
1.00207
1.00207
1.00206
1.00206
1.00206
1.00206
1.00206
1.00206
1.00206
1.00206
1.00206
1.00206
1.00206
1.00206
1.00206
1.00206
1.00206
1.00206
1.00206
1.00206
1.00207
1.00207
1.00207
1.00207
1.00207
1.00208
1.00208
1.00208
1.00208
1.00209
1.00209
1.00209
1.00209
1.00209
1.00208
1.00208
1.00207
1.00206
1.00204
1.00203
1.002
1.00244
1.00246
1.00248
1.00249
1.0025
1.00251
1.00252
1.00252
1.00252
1.00252
1.00252
1.00252
1.00252
1.00252
1.00251
1.00251
1.00251
1.00251
1.0025
1.0025
1.0025
1.0025
1.00249
1.00249
1.00249
1.00249
1.00249
1.00249
1.00249
1.00249
1.00249
1.00249
1.00249
1.00249
1.00249
1.00249
1.00249
1.00249
1.0025
1.0025
1.0025
1.0025
1.00251
1.00251
1.00251
1.00251
1.00252
1.00252
1.00252
1.00252
1.00252
1.00252
1.00252
1.00252
1.00251
1.0025
1.00249
1.00248
1.00246
1.00244
1.00284
1.00285
1.00287
1.00288
1.00289
1.0029
1.0029
1.00291
1.00291
1.00291
1.00291
1.00291
1.0029
1.0029
1.0029
1.0029
1.00289
1.00289
1.00289
1.00289
1.00288
1.00288
1.00288
1.00288
1.00288
1.00288
1.00288
1.00287
1.00287
1.00287
1.00287
1.00287
1.00287
1.00288
1.00288
1.00288
1.00288
1.00288
1.00288
1.00288
1.00289
1.00289
1.00289
1.00289
1.0029
1.0029
1.0029
1.0029
1.00291
1.00291
1.00291
1.00291
1.00291
1.0029
1.0029
1.00289
1.00288
1.00287
1.00285
1.00284
1.00318
1.0032
1.00321
1.00322
1.00323
1.00324
1.00324
1.00325
1.00325
1.00325
1.00325
1.00324
1.00324
1.00324
1.00324
1.00323
1.00323
1.00323
1.00323
1.00322
1.00322
1.00322
1.00322
1.00322
1.00322
1.00321
1.00321
1.00321
1.00321
1.00321
1.00321
1.00321
1.00321
1.00321
1.00321
1.00322
1.00322
1.00322
1.00322
1.00322
1.00322
1.00323
1.00323
1.00323
1.00323
1.00324
1.00324
1.00324
1.00324
1.00325
1.00325
1.00325
1.00325
1.00324
1.00324
1.00323
1.00322
1.00321
1.0032
1.00318
1.00348
1.0035
1.00351
1.00352
1.00353
1.00353
1.00354
1.00354
1.00354
1.00354
1.00354
1.00354
1.00353
1.00353
1.00353
1.00353
1.00352
1.00352
1.00352
1.00352
1.00351
1.00351
1.00351
1.00351
1.00351
1.00351
1.0035
1.0035
1.0035
1.0035
1.0035
1.0035
1.0035
1.0035
1.00351
1.00351
1.00351
1.00351
1.00351
1.00351
1.00352
1.00352
1.00352
1.00352
1.00353
1.00353
1.00353
1.00353
1.00354
1.00354
1.00354
1.00354
1.00354
1.00354
1.00353
1.00353
1.00352
1.00351
1.0035
1.00348
1.00373
1.00375
1.00376
1.00377
1.00378
1.00378
1.00378
1.00379
1.00379
1.00379
1.00378
1.00378
1.00378
1.00378
1.00377
1.00377
1.00377
1.00377
1.00376
1.00376
1.00376
1.00376
1.00375
1.00375
1.00375
1.00375
1.00375
1.00375
1.00375
1.00375
1.00375
1.00375
1.00375
1.00375
1.00375
1.00375
1.00375
1.00375
1.00376
1.00376
1.00376
1.00376
1.00377
1.00377
1.00377
1.00377
1.00378
1.00378
1.00378
1.00378
1.00379
1.00379
1.00379
1.00378
1.00378
1.00378
1.00377
1.00376
1.00375
1.00373
1.00393
1.00395
1.00396
1.00397
1.00398
1.00398
1.00398
1.00399
1.00399
1.00398
1.00398
1.00398
1.00398
1.00397
1.00397
1.00397
1.00397
1.00396
1.00396
1.00396
1.00396
1.00395
1.00395
1.00395
1.00395
1.00395
1.00395
1.00395
1.00395
1.00395
1.00395
1.00395
1.00395
1.00395
1.00395
1.00395
1.00395
1.00395
1.00395
1.00396
1.00396
1.00396
1.00396
1.00397
1.00397
1.00397
1.00397
1.00398
1.00398
1.00398
1.00398
1.00399
1.00399
1.00398
1.00398
1.00398
1.00397
1.00396
1.00395
1.00393
1.00409
1.00411
1.00412
1.00413
1.00413
1.00414
1.00414
1.00414
1.00414
1.00414
1.00413
1.00413
1.00413
1.00413
1.00412
1.00412
1.00412
1.00411
1.00411
1.00411
1.00411
1.00411
1.0041
1.0041
1.0041
1.0041
1.0041
1.0041
1.0041
1.0041
1.0041
1.0041
1.0041
1.0041
1.0041
1.0041
1.0041
1.0041
1.00411
1.00411
1.00411
1.00411
1.00411
1.00412
1.00412
1.00412
1.00413
1.00413
1.00413
1.00413
1.00414
1.00414
1.00414
1.00414
1.00414
1.00413
1.00413
1.00412
1.00411
1.00409
1.0042
1.00422
1.00423
1.00424
1.00424
1.00424
1.00424
1.00424
1.00424
1.00424
1.00424
1.00424
1.00423
1.00423
1.00423
1.00422
1.00422
1.00422
1.00422
1.00421
1.00421
1.00421
1.00421
1.00421
1.00421
1.0042
1.0042
1.0042
1.0042
1.0042
1.0042
1.0042
1.0042
1.0042
1.0042
1.00421
1.00421
1.00421
1.00421
1.00421
1.00421
1.00422
1.00422
1.00422
1.00422
1.00423
1.00423
1.00423
1.00424
1.00424
1.00424
1.00424
1.00424
1.00424
1.00424
1.00424
1.00424
1.00423
1.00422
1.0042
1.00427
1.00428
1.00429
1.0043
1.0043
1.0043
1.0043
1.0043
1.0043
1.0043
1.00429
1.00429
1.00429
1.00429
1.00428
1.00428
1.00428
1.00427
1.00427
1.00427
1.00427
1.00427
1.00426
1.00426
1.00426
1.00426
1.00426
1.00426
1.00426
1.00426
1.00426
1.00426
1.00426
1.00426
1.00426
1.00426
1.00426
1.00426
1.00427
1.00427
1.00427
1.00427
1.00427
1.00428
1.00428
1.00428
1.00429
1.00429
1.00429
1.00429
1.0043
1.0043
1.0043
1.0043
1.0043
1.0043
1.0043
1.00429
1.00428
1.00427
1.00428
1.0043
1.0043
1.00431
1.00431
1.00431
1.00431
1.00431
1.00431
1.0043
1.0043
1.0043
1.0043
1.00429
1.00429
1.00429
1.00428
1.00428
1.00428
1.00428
1.00427
1.00427
1.00427
1.00427
1.00427
1.00427
1.00427
1.00427
1.00427
1.00427
1.00427
1.00427
1.00427
1.00427
1.00427
1.00427
1.00427
1.00427
1.00427
1.00427
1.00428
1.00428
1.00428
1.00428
1.00429
1.00429
1.00429
1.0043
1.0043
1.0043
1.0043
1.00431
1.00431
1.00431
1.00431
1.00431
1.00431
1.0043
1.0043
1.00428
1.00425
1.00426
1.00427
1.00427
1.00427
1.00427
1.00427
1.00427
1.00426
1.00426
1.00426
1.00426
1.00425
1.00425
1.00425
1.00424
1.00424
1.00424
1.00424
1.00423
1.00423
1.00423
1.00423
1.00423
1.00423
1.00422
1.00422
1.00422
1.00422
1.00422
1.00422
1.00422
1.00422
1.00422
1.00422
1.00423
1.00423
1.00423
1.00423
1.00423
1.00423
1.00424
1.00424
1.00424
1.00424
1.00425
1.00425
1.00425
1.00426
1.00426
1.00426
1.00426
1.00427
1.00427
1.00427
1.00427
1.00427
1.00427
1.00426
1.00425
1.00417
1.00418
1.00418
1.00418
1.00418
1.00418
1.00418
1.00417
1.00417
1.00417
1.00417
1.00416
1.00416
1.00416
1.00415
1.00415
1.00415
1.00414
1.00414
1.00414
1.00414
1.00414
1.00414
1.00413
1.00413
1.00413
1.00413
1.00413
1.00413
1.00413
1.00413
1.00413
1.00413
1.00413
1.00413
1.00413
1.00413
1.00414
1.00414
1.00414
1.00414
1.00414
1.00414
1.00415
1.00415
1.00415
1.00416
1.00416
1.00416
1.00417
1.00417
1.00417
1.00417
1.00418
1.00418
1.00418
1.00418
1.00418
1.00418
1.00417
1.00405
1.00405
1.00405
1.00405
1.00404
1.00404
1.00403
1.00403
1.00403
1.00402
1.00402
1.00402
1.00401
1.00401
1.00401
1.00401
1.004
1.004
1.004
1.004
1.004
1.00399
1.00399
1.00399
1.00399
1.00399
1.00399
1.00399
1.00399
1.00399
1.00399
1.00399
1.00399
1.00399
1.00399
1.00399
1.00399
1.00399
1.00399
1.004
1.004
1.004
1.004
1.004
1.00401
1.00401
1.00401
1.00401
1.00402
1.00402
1.00402
1.00403
1.00403
1.00403
1.00404
1.00404
1.00405
1.00405
1.00405
1.00405
1.00388
1.00387
1.00386
1.00385
1.00385
1.00384
1.00384
1.00384
1.00383
1.00383
1.00382
1.00382
1.00382
1.00382
1.00381
1.00381
1.00381
1.00381
1.0038
1.0038
1.0038
1.0038
1.0038
1.0038
1.0038
1.0038
1.00379
1.00379
1.00379
1.00379
1.00379
1.00379
1.00379
1.00379
1.0038
1.0038
1.0038
1.0038
1.0038
1.0038
1.0038
1.0038
1.00381
1.00381
1.00381
1.00381
1.00382
1.00382
1.00382
1.00382
1.00383
1.00383
1.00384
1.00384
1.00384
1.00385
1.00385
1.00386
1.00387
1.00388
1.00366
1.00364
1.00362
1.00361
1.0036
1.00359
1.00359
1.00358
1.00358
1.00358
1.00357
1.00357
1.00357
1.00356
1.00356
1.00356
1.00356
1.00355
1.00355
1.00355
1.00355
1.00355
1.00355
1.00355
1.00355
1.00354
1.00354
1.00354
1.00354
1.00354
1.00354
1.00354
1.00354
1.00354
1.00354
1.00355
1.00355
1.00355
1.00355
1.00355
1.00355
1.00355
1.00355
1.00356
1.00356
1.00356
1.00356
1.00357
1.00357
1.00357
1.00358
1.00358
1.00358
1.00359
1.00359
1.0036
1.00361
1.00362
1.00364
1.00366
1.00336
1.00332
1.00329
1.00327
1.00326
1.00325
1.00325
1.00325
1.00324
1.00324
1.00323
1.00323
1.00323
1.00323
1.00322
1.00322
1.00322
1.00322
1.00322
1.00321
1.00321
1.00321
1.00321
1.00321
1.00321
1.00321
1.00321
1.00321
1.00321
1.00321
1.00321
1.00321
1.00321
1.00321
1.00321
1.00321
1.00321
1.00321
1.00321
1.00321
1.00321
1.00322
1.00322
1.00322
1.00322
1.00322
1.00323
1.00323
1.00323
1.00323
1.00324
1.00324
1.00325
1.00325
1.00325
1.00326
1.00327
1.00329
1.00332
1.00336
1.00288
1.00278
1.00272
1.0027
1.0027
1.0027
1.00269
1.00269
1.00269
1.00268
1.00268
1.00268
1.00267
1.00267
1.00267
1.00267
1.00267
1.00267
1.00266
1.00266
1.00266
1.00266
1.00266
1.00266
1.00266
1.00266
1.00266
1.00266
1.00266
1.00266
1.00266
1.00266
1.00266
1.00266
1.00266
1.00266
1.00266
1.00266
1.00266
1.00266
1.00266
1.00266
1.00267
1.00267
1.00267
1.00267
1.00267
1.00267
1.00268
1.00268
1.00268
1.00269
1.00269
1.00269
1.0027
1.0027
1.0027
1.00272
1.00278
1.00288
1.00171
1.00147
1.00139
1.0014
1.00141
1.00141
1.00141
1.00141
1.00141
1.0014
1.0014
1.0014
1.0014
1.0014
1.0014
1.00139
1.00139
1.00139
1.00139
1.00139
1.00139
1.00139
1.00139
1.00139
1.00139
1.00139
1.00139
1.00139
1.00139
1.00139
1.00139
1.00139
1.00139
1.00139
1.00139
1.00139
1.00139
1.00139
1.00139
1.00139
1.00139
1.00139
1.00139
1.00139
1.00139
1.0014
1.0014
1.0014
1.0014
1.0014
1.0014
1.00141
1.00141
1.00141
1.00141
1.00141
1.0014
1.00139
1.00147
1.00171
0.995917
0.996606
0.996788
0.996838
0.996859
0.996867
0.99687
0.996871
0.996871
0.996871
0.996871
0.996871
0.99687
0.99687
0.99687
0.99687
0.996869
0.996869
0.996869
0.996869
0.996869
0.996868
0.996868
0.996868
0.996868
0.996868
0.996868
0.996868
0.996868
0.996868
0.996868
0.996868
0.996868
0.996868
0.996868
0.996868
0.996868
0.996868
0.996868
0.996869
0.996869
0.996869
0.996869
0.996869
0.99687
0.99687
0.99687
0.99687
0.996871
0.996871
0.996871
0.996871
0.996871
0.99687
0.996867
0.996859
0.996838
0.996788
0.996606
0.995917
)
;

boundaryField
{
    top
    {
        type            fixedValue;
        value           uniform 1;
    }
    bottom
    {
        type            fixedValue;
        value           uniform 1;
    }
    wall
    {
        type            zeroGradient;
    }
    frontAndBack
    {
        type            empty;
    }
}


// ************************************************************************* //
