/*--------------------------------*- C++ -*----------------------------------*\
| =========                 |                                                 |
| \\      /  F ield         | foam-extend: Open Source CFD                    |
|  \\    /   O peration     | Version:     4.0                                |
|   \\  /    A nd           | Web:         http://www.foam-extend.org         |
|    \\/     M anipulation  |                                                 |
\*---------------------------------------------------------------------------*/
FoamFile
{
    version     2.0;
    format      ascii;
    class       volScalarField;
    location    "750";
    object      cMinus;
}
// * * * * * * * * * * * * * * * * * * * * * * * * * * * * * * * * * * * * * //

dimensions      [0 0 0 0 0 0 0];

internalField   nonuniform List<scalar> 
6960
(
1.47309e-06
1.47522e-06
1.47572e-06
1.47606e-06
1.47635e-06
1.47661e-06
1.47684e-06
1.47706e-06
1.47725e-06
1.47743e-06
1.47759e-06
1.47774e-06
1.47787e-06
1.478e-06
1.47811e-06
1.47821e-06
1.47831e-06
1.4784e-06
1.47847e-06
1.47855e-06
1.47861e-06
1.47867e-06
1.47872e-06
1.47876e-06
1.4788e-06
1.47883e-06
1.47885e-06
1.47887e-06
1.47888e-06
1.47889e-06
1.47889e-06
1.47888e-06
1.47887e-06
1.47885e-06
1.47883e-06
1.4788e-06
1.47876e-06
1.47872e-06
1.47867e-06
1.47861e-06
1.47855e-06
1.47847e-06
1.4784e-06
1.47831e-06
1.47821e-06
1.47811e-06
1.478e-06
1.47787e-06
1.47774e-06
1.47759e-06
1.47743e-06
1.47725e-06
1.47706e-06
1.47684e-06
1.47661e-06
1.47635e-06
1.47606e-06
1.47572e-06
1.47522e-06
1.47309e-06
6.99872e-06
7.01086e-06
7.01378e-06
7.01548e-06
7.01684e-06
7.01802e-06
7.01909e-06
7.02005e-06
7.02092e-06
7.02172e-06
7.02244e-06
7.02311e-06
7.02372e-06
7.02427e-06
7.02478e-06
7.02525e-06
7.02568e-06
7.02607e-06
7.02642e-06
7.02674e-06
7.02702e-06
7.02728e-06
7.0275e-06
7.02769e-06
7.02786e-06
7.02799e-06
7.0281e-06
7.02818e-06
7.02824e-06
7.02826e-06
7.02826e-06
7.02824e-06
7.02818e-06
7.0281e-06
7.02799e-06
7.02786e-06
7.02769e-06
7.0275e-06
7.02728e-06
7.02702e-06
7.02674e-06
7.02642e-06
7.02607e-06
7.02568e-06
7.02525e-06
7.02478e-06
7.02427e-06
7.02372e-06
7.02311e-06
7.02244e-06
7.02172e-06
7.02092e-06
7.02005e-06
7.01909e-06
7.01802e-06
7.01684e-06
7.01548e-06
7.01378e-06
7.01086e-06
6.99872e-06
2.82139e-05
2.82704e-05
2.82842e-05
2.82913e-05
2.82967e-05
2.83012e-05
2.83052e-05
2.83089e-05
2.83122e-05
2.83152e-05
2.83179e-05
2.83204e-05
2.83227e-05
2.83248e-05
2.83267e-05
2.83285e-05
2.83301e-05
2.83315e-05
2.83329e-05
2.83341e-05
2.83351e-05
2.83361e-05
2.83369e-05
2.83376e-05
2.83383e-05
2.83388e-05
2.83392e-05
2.83395e-05
2.83397e-05
2.83398e-05
2.83398e-05
2.83397e-05
2.83395e-05
2.83392e-05
2.83388e-05
2.83383e-05
2.83376e-05
2.83369e-05
2.83361e-05
2.83351e-05
2.83341e-05
2.83329e-05
2.83315e-05
2.83301e-05
2.83285e-05
2.83267e-05
2.83248e-05
2.83227e-05
2.83204e-05
2.83179e-05
2.83152e-05
2.83122e-05
2.83089e-05
2.83052e-05
2.83012e-05
2.82967e-05
2.82913e-05
2.82842e-05
2.82704e-05
2.82139e-05
0.000104358
0.000104591
0.000104648
0.000104675
0.000104694
0.000104709
0.000104723
0.000104736
0.000104747
0.000104757
0.000104767
0.000104775
0.000104783
0.00010479
0.000104797
0.000104803
0.000104808
0.000104813
0.000104818
0.000104822
0.000104825
0.000104829
0.000104832
0.000104834
0.000104836
0.000104838
0.000104839
0.00010484
0.000104841
0.000104841
0.000104841
0.000104841
0.00010484
0.000104839
0.000104838
0.000104836
0.000104834
0.000104832
0.000104829
0.000104825
0.000104822
0.000104818
0.000104813
0.000104808
0.000104803
0.000104797
0.00010479
0.000104783
0.000104775
0.000104767
0.000104757
0.000104747
0.000104736
0.000104723
0.000104709
0.000104694
0.000104675
0.000104648
0.000104591
0.000104358
0.000356958
0.00035781
0.00035802
0.000358113
0.000358175
0.000358225
0.000358269
0.000358308
0.000358343
0.000358375
0.000358404
0.000358431
0.000358455
0.000358477
0.000358497
0.000358516
0.000358533
0.000358548
0.000358562
0.000358575
0.000358586
0.000358596
0.000358605
0.000358613
0.000358619
0.000358625
0.000358629
0.000358632
0.000358635
0.000358636
0.000358636
0.000358635
0.000358632
0.000358629
0.000358625
0.000358619
0.000358613
0.000358605
0.000358596
0.000358586
0.000358575
0.000358562
0.000358548
0.000358533
0.000358516
0.000358497
0.000358477
0.000358455
0.000358431
0.000358404
0.000358375
0.000358343
0.000358308
0.000358269
0.000358225
0.000358175
0.000358113
0.00035802
0.00035781
0.000356958
0.00111992
0.00112269
0.00112337
0.00112366
0.00112384
0.00112399
0.00112411
0.00112422
0.00112432
0.00112441
0.00112449
0.00112457
0.00112463
0.0011247
0.00112475
0.00112481
0.00112485
0.0011249
0.00112494
0.00112497
0.001125
0.00112503
0.00112506
0.00112508
0.0011251
0.00112511
0.00112512
0.00112513
0.00112514
0.00112514
0.00112514
0.00112514
0.00112513
0.00112512
0.00112511
0.0011251
0.00112508
0.00112506
0.00112503
0.001125
0.00112497
0.00112494
0.0011249
0.00112485
0.00112481
0.00112475
0.0011247
0.00112463
0.00112457
0.00112449
0.00112441
0.00112432
0.00112422
0.00112411
0.00112399
0.00112384
0.00112366
0.00112337
0.00112269
0.00111992
0.0031825
0.00319037
0.00319233
0.00319312
0.00319359
0.00319395
0.00319426
0.00319454
0.00319479
0.00319502
0.00319522
0.00319541
0.00319558
0.00319573
0.00319587
0.003196
0.00319612
0.00319623
0.00319633
0.00319641
0.00319649
0.00319656
0.00319662
0.00319668
0.00319672
0.00319676
0.00319679
0.00319681
0.00319683
0.00319684
0.00319684
0.00319683
0.00319681
0.00319679
0.00319676
0.00319672
0.00319668
0.00319662
0.00319656
0.00319649
0.00319641
0.00319633
0.00319623
0.00319612
0.003196
0.00319587
0.00319573
0.00319558
0.00319541
0.00319522
0.00319502
0.00319479
0.00319454
0.00319426
0.00319395
0.00319359
0.00319312
0.00319233
0.00319037
0.0031825
0.0080829
0.00810226
0.00810709
0.00810895
0.00811002
0.00811083
0.00811151
0.00811212
0.00811266
0.00811315
0.0081136
0.008114
0.00811437
0.00811471
0.00811501
0.00811529
0.00811555
0.00811578
0.008116
0.00811619
0.00811636
0.00811651
0.00811664
0.00811676
0.00811686
0.00811694
0.00811701
0.00811705
0.00811709
0.0081171
0.0081171
0.00811709
0.00811705
0.00811701
0.00811694
0.00811686
0.00811676
0.00811664
0.00811651
0.00811636
0.00811619
0.008116
0.00811578
0.00811555
0.00811529
0.00811501
0.00811471
0.00811437
0.008114
0.0081136
0.00811315
0.00811266
0.00811212
0.00811151
0.00811083
0.00811002
0.00810895
0.00810709
0.00810226
0.0080829
0.0181408
0.0181815
0.0181916
0.0181954
0.0181975
0.0181991
0.0182003
0.0182015
0.0182025
0.0182034
0.0182042
0.018205
0.0182057
0.0182063
0.0182069
0.0182074
0.0182079
0.0182083
0.0182087
0.0182091
0.0182094
0.0182097
0.0182099
0.0182101
0.0182103
0.0182105
0.0182106
0.0182107
0.0182107
0.0182108
0.0182108
0.0182107
0.0182107
0.0182106
0.0182105
0.0182103
0.0182101
0.0182099
0.0182097
0.0182094
0.0182091
0.0182087
0.0182083
0.0182079
0.0182074
0.0182069
0.0182063
0.0182057
0.018205
0.0182042
0.0182034
0.0182025
0.0182015
0.0182003
0.0181991
0.0181975
0.0181954
0.0181916
0.0181815
0.0181408
0.0357598
0.0358323
0.0358505
0.0358571
0.0358606
0.0358631
0.0358651
0.0358669
0.0358686
0.03587
0.0358713
0.0358725
0.0358736
0.0358746
0.0358755
0.0358763
0.0358771
0.0358778
0.0358784
0.0358789
0.0358794
0.0358799
0.0358803
0.0358806
0.0358809
0.0358812
0.0358813
0.0358815
0.0358816
0.0358816
0.0358816
0.0358816
0.0358815
0.0358813
0.0358812
0.0358809
0.0358806
0.0358803
0.0358799
0.0358794
0.0358789
0.0358784
0.0358778
0.0358771
0.0358763
0.0358755
0.0358746
0.0358736
0.0358725
0.0358713
0.03587
0.0358686
0.0358669
0.0358651
0.0358631
0.0358606
0.0358571
0.0358505
0.0358323
0.0357598
0.0620516
0.0621625
0.0621905
0.0622003
0.0622052
0.0622087
0.0622116
0.062214
0.0622162
0.0622182
0.06222
0.0622216
0.062223
0.0622244
0.0622256
0.0622267
0.0622277
0.0622287
0.0622295
0.0622303
0.0622309
0.0622315
0.0622321
0.0622325
0.0622329
0.0622332
0.0622335
0.0622337
0.0622338
0.0622339
0.0622339
0.0622338
0.0622337
0.0622335
0.0622332
0.0622329
0.0622325
0.0622321
0.0622315
0.0622309
0.0622303
0.0622295
0.0622287
0.0622277
0.0622267
0.0622256
0.0622244
0.062223
0.0622216
0.06222
0.0622182
0.0622162
0.062214
0.0622116
0.0622087
0.0622052
0.0622003
0.0621905
0.0621625
0.0620516
0.0958871
0.0960357
0.0960734
0.0960863
0.0960925
0.0960967
0.0961001
0.0961031
0.0961057
0.096108
0.0961101
0.096112
0.0961137
0.0961153
0.0961167
0.096118
0.0961192
0.0961203
0.0961213
0.0961222
0.096123
0.0961237
0.0961243
0.0961249
0.0961253
0.0961257
0.096126
0.0961262
0.0961264
0.0961264
0.0961264
0.0961264
0.0961262
0.096126
0.0961257
0.0961253
0.0961249
0.0961243
0.0961237
0.096123
0.0961222
0.0961213
0.0961203
0.0961192
0.096118
0.0961167
0.0961153
0.0961137
0.096112
0.0961101
0.096108
0.0961057
0.0961031
0.0961001
0.0960967
0.0960925
0.0960863
0.0960734
0.0960357
0.0958871
0.134443
0.134624
0.13467
0.134685
0.134692
0.134697
0.1347
0.134704
0.134706
0.134709
0.134711
0.134713
0.134715
0.134717
0.134718
0.13472
0.134721
0.134722
0.134723
0.134724
0.134725
0.134726
0.134726
0.134727
0.134727
0.134728
0.134728
0.134728
0.134728
0.134728
0.134728
0.134728
0.134728
0.134728
0.134728
0.134727
0.134727
0.134726
0.134726
0.134725
0.134724
0.134723
0.134722
0.134721
0.13472
0.134718
0.134717
0.134715
0.134713
0.134711
0.134709
0.134706
0.134704
0.1347
0.134697
0.134692
0.134685
0.13467
0.134624
0.134443
0.174733
0.174938
0.174991
0.175008
0.175015
0.17502
0.175024
0.175027
0.17503
0.175032
0.175035
0.175037
0.175038
0.17504
0.175041
0.175043
0.175044
0.175045
0.175046
0.175047
0.175048
0.175049
0.175049
0.17505
0.17505
0.175051
0.175051
0.175051
0.175052
0.175052
0.175052
0.175052
0.175051
0.175051
0.175051
0.17505
0.17505
0.175049
0.175049
0.175048
0.175047
0.175046
0.175045
0.175044
0.175043
0.175041
0.17504
0.175038
0.175037
0.175035
0.175032
0.17503
0.175027
0.175024
0.17502
0.175015
0.175008
0.174991
0.174938
0.174733
0.214708
0.214932
0.21499
0.215009
0.215017
0.215022
0.215025
0.215028
0.215031
0.215033
0.215035
0.215037
0.215039
0.215041
0.215042
0.215043
0.215045
0.215046
0.215047
0.215047
0.215048
0.215049
0.21505
0.21505
0.215051
0.215051
0.215051
0.215051
0.215052
0.215052
0.215052
0.215052
0.215051
0.215051
0.215051
0.215051
0.21505
0.21505
0.215049
0.215048
0.215047
0.215047
0.215046
0.215045
0.215043
0.215042
0.215041
0.215039
0.215037
0.215035
0.215033
0.215031
0.215028
0.215025
0.215022
0.215017
0.215009
0.21499
0.214932
0.214708
0.253396
0.253635
0.253699
0.253719
0.253727
0.253732
0.253735
0.253738
0.253741
0.253743
0.253745
0.253747
0.253748
0.25375
0.253751
0.253752
0.253753
0.253755
0.253755
0.253756
0.253757
0.253758
0.253758
0.253759
0.253759
0.25376
0.25376
0.25376
0.25376
0.25376
0.25376
0.25376
0.25376
0.25376
0.25376
0.253759
0.253759
0.253758
0.253758
0.253757
0.253756
0.253755
0.253755
0.253753
0.253752
0.253751
0.25375
0.253748
0.253747
0.253745
0.253743
0.253741
0.253738
0.253735
0.253732
0.253727
0.253719
0.253699
0.253635
0.253396
0.290513
0.290766
0.290835
0.290856
0.290864
0.290869
0.290872
0.290875
0.290878
0.29088
0.290882
0.290883
0.290885
0.290886
0.290887
0.290889
0.29089
0.290891
0.290891
0.290892
0.290893
0.290893
0.290894
0.290894
0.290895
0.290895
0.290895
0.290896
0.290896
0.290896
0.290896
0.290896
0.290896
0.290895
0.290895
0.290895
0.290894
0.290894
0.290893
0.290893
0.290892
0.290891
0.290891
0.29089
0.290889
0.290887
0.290886
0.290885
0.290883
0.290882
0.29088
0.290878
0.290875
0.290872
0.290869
0.290864
0.290856
0.290835
0.290766
0.290513
0.326073
0.326338
0.326411
0.326434
0.326442
0.326447
0.32645
0.326453
0.326455
0.326457
0.326459
0.32646
0.326462
0.326463
0.326464
0.326465
0.326466
0.326467
0.326468
0.326469
0.326469
0.32647
0.326471
0.326471
0.326471
0.326472
0.326472
0.326472
0.326472
0.326472
0.326472
0.326472
0.326472
0.326472
0.326472
0.326471
0.326471
0.326471
0.32647
0.326469
0.326469
0.326468
0.326467
0.326466
0.326465
0.326464
0.326463
0.326462
0.32646
0.326459
0.326457
0.326455
0.326453
0.32645
0.326447
0.326442
0.326434
0.326411
0.326338
0.326073
0.360165
0.360442
0.360519
0.360543
0.360552
0.360556
0.36056
0.360562
0.360564
0.360566
0.360568
0.360569
0.36057
0.360572
0.360573
0.360574
0.360575
0.360576
0.360576
0.360577
0.360578
0.360578
0.360579
0.360579
0.360579
0.36058
0.36058
0.36058
0.36058
0.36058
0.36058
0.36058
0.36058
0.36058
0.36058
0.360579
0.360579
0.360579
0.360578
0.360578
0.360577
0.360576
0.360576
0.360575
0.360574
0.360573
0.360572
0.36057
0.360569
0.360568
0.360566
0.360564
0.360562
0.36056
0.360556
0.360552
0.360543
0.360519
0.360442
0.360165
0.392879
0.393165
0.393246
0.393271
0.393281
0.393285
0.393288
0.393291
0.393293
0.393294
0.393296
0.393297
0.393299
0.3933
0.393301
0.393302
0.393303
0.393303
0.393304
0.393305
0.393305
0.393306
0.393306
0.393307
0.393307
0.393307
0.393307
0.393308
0.393308
0.393308
0.393308
0.393308
0.393308
0.393307
0.393307
0.393307
0.393307
0.393306
0.393306
0.393305
0.393305
0.393304
0.393303
0.393303
0.393302
0.393301
0.3933
0.393299
0.393297
0.393296
0.393294
0.393293
0.393291
0.393288
0.393285
0.393281
0.393271
0.393246
0.393165
0.392879
0.424281
0.424576
0.424661
0.424688
0.424697
0.424702
0.424705
0.424707
0.424709
0.424711
0.424712
0.424713
0.424714
0.424716
0.424716
0.424717
0.424718
0.424719
0.42472
0.42472
0.424721
0.424721
0.424722
0.424722
0.424722
0.424722
0.424723
0.424723
0.424723
0.424723
0.424723
0.424723
0.424723
0.424723
0.424722
0.424722
0.424722
0.424722
0.424721
0.424721
0.42472
0.42472
0.424719
0.424718
0.424717
0.424716
0.424716
0.424714
0.424713
0.424712
0.424711
0.424709
0.424707
0.424705
0.424702
0.424697
0.424688
0.424661
0.424576
0.424281
0.454426
0.454727
0.454817
0.454845
0.454854
0.454859
0.454862
0.454864
0.454866
0.454867
0.454869
0.45487
0.454871
0.454872
0.454873
0.454874
0.454874
0.454875
0.454876
0.454876
0.454877
0.454877
0.454878
0.454878
0.454878
0.454878
0.454879
0.454879
0.454879
0.454879
0.454879
0.454879
0.454879
0.454879
0.454878
0.454878
0.454878
0.454878
0.454877
0.454877
0.454876
0.454876
0.454875
0.454874
0.454874
0.454873
0.454872
0.454871
0.45487
0.454869
0.454867
0.454866
0.454864
0.454862
0.454859
0.454854
0.454845
0.454817
0.454727
0.454426
0.483355
0.483662
0.483755
0.483785
0.483795
0.4838
0.483802
0.483804
0.483806
0.483807
0.483809
0.48381
0.483811
0.483812
0.483813
0.483813
0.483814
0.483815
0.483815
0.483816
0.483816
0.483817
0.483817
0.483817
0.483818
0.483818
0.483818
0.483818
0.483818
0.483818
0.483818
0.483818
0.483818
0.483818
0.483818
0.483818
0.483817
0.483817
0.483817
0.483816
0.483816
0.483815
0.483815
0.483814
0.483813
0.483813
0.483812
0.483811
0.48381
0.483809
0.483807
0.483806
0.483804
0.483802
0.4838
0.483795
0.483785
0.483755
0.483662
0.483355
0.511106
0.511418
0.511515
0.511545
0.511556
0.511561
0.511563
0.511565
0.511567
0.511568
0.511569
0.51157
0.511571
0.511572
0.511573
0.511574
0.511574
0.511575
0.511576
0.511576
0.511576
0.511577
0.511577
0.511577
0.511578
0.511578
0.511578
0.511578
0.511578
0.511578
0.511578
0.511578
0.511578
0.511578
0.511578
0.511578
0.511577
0.511577
0.511577
0.511576
0.511576
0.511576
0.511575
0.511574
0.511574
0.511573
0.511572
0.511571
0.51157
0.511569
0.511568
0.511567
0.511565
0.511563
0.511561
0.511556
0.511545
0.511515
0.511418
0.511106
0.537712
0.538028
0.538129
0.538161
0.538172
0.538176
0.538179
0.538181
0.538182
0.538184
0.538185
0.538186
0.538187
0.538187
0.538188
0.538189
0.538189
0.53819
0.53819
0.538191
0.538191
0.538192
0.538192
0.538192
0.538192
0.538193
0.538193
0.538193
0.538193
0.538193
0.538193
0.538193
0.538193
0.538193
0.538193
0.538192
0.538192
0.538192
0.538192
0.538191
0.538191
0.53819
0.53819
0.538189
0.538189
0.538188
0.538187
0.538187
0.538186
0.538185
0.538184
0.538182
0.538181
0.538179
0.538176
0.538172
0.538161
0.538129
0.538028
0.537712
0.563207
0.563525
0.563629
0.563662
0.563674
0.563679
0.563681
0.563683
0.563684
0.563685
0.563686
0.563687
0.563688
0.563689
0.56369
0.56369
0.563691
0.563691
0.563692
0.563692
0.563693
0.563693
0.563693
0.563693
0.563694
0.563694
0.563694
0.563694
0.563694
0.563694
0.563694
0.563694
0.563694
0.563694
0.563694
0.563694
0.563693
0.563693
0.563693
0.563693
0.563692
0.563692
0.563691
0.563691
0.56369
0.56369
0.563689
0.563688
0.563687
0.563686
0.563685
0.563684
0.563683
0.563681
0.563679
0.563674
0.563662
0.563629
0.563525
0.563207
0.587619
0.58794
0.588046
0.588081
0.588093
0.588098
0.5881
0.588102
0.588103
0.588104
0.588105
0.588106
0.588107
0.588108
0.588108
0.588109
0.588109
0.58811
0.58811
0.588111
0.588111
0.588111
0.588112
0.588112
0.588112
0.588112
0.588112
0.588112
0.588112
0.588113
0.588113
0.588112
0.588112
0.588112
0.588112
0.588112
0.588112
0.588112
0.588111
0.588111
0.588111
0.58811
0.58811
0.588109
0.588109
0.588108
0.588108
0.588107
0.588106
0.588105
0.588104
0.588103
0.588102
0.5881
0.588098
0.588093
0.588081
0.588046
0.58794
0.587619
0.61098
0.611301
0.61141
0.611446
0.611459
0.611464
0.611466
0.611468
0.611469
0.61147
0.611471
0.611472
0.611472
0.611473
0.611474
0.611474
0.611475
0.611475
0.611475
0.611476
0.611476
0.611476
0.611477
0.611477
0.611477
0.611477
0.611477
0.611477
0.611478
0.611478
0.611478
0.611478
0.611477
0.611477
0.611477
0.611477
0.611477
0.611477
0.611476
0.611476
0.611476
0.611475
0.611475
0.611475
0.611474
0.611474
0.611473
0.611472
0.611472
0.611471
0.61147
0.611469
0.611468
0.611466
0.611464
0.611459
0.611446
0.61141
0.611301
0.61098
0.633317
0.633638
0.63375
0.633787
0.6338
0.633805
0.633808
0.633809
0.63381
0.633811
0.633812
0.633813
0.633814
0.633814
0.633815
0.633815
0.633816
0.633816
0.633816
0.633817
0.633817
0.633817
0.633818
0.633818
0.633818
0.633818
0.633818
0.633818
0.633818
0.633818
0.633818
0.633818
0.633818
0.633818
0.633818
0.633818
0.633818
0.633818
0.633817
0.633817
0.633817
0.633816
0.633816
0.633816
0.633815
0.633815
0.633814
0.633814
0.633813
0.633812
0.633811
0.63381
0.633809
0.633808
0.633805
0.6338
0.633787
0.63375
0.633638
0.633317
0.65466
0.65498
0.655094
0.655133
0.655146
0.655151
0.655154
0.655155
0.655156
0.655157
0.655158
0.655158
0.655159
0.65516
0.65516
0.655161
0.655161
0.655161
0.655162
0.655162
0.655162
0.655163
0.655163
0.655163
0.655163
0.655163
0.655163
0.655164
0.655164
0.655164
0.655164
0.655164
0.655164
0.655163
0.655163
0.655163
0.655163
0.655163
0.655163
0.655162
0.655162
0.655162
0.655161
0.655161
0.655161
0.65516
0.65516
0.655159
0.655158
0.655158
0.655157
0.655156
0.655155
0.655154
0.655151
0.655146
0.655133
0.655094
0.65498
0.65466
0.675036
0.675354
0.67547
0.67551
0.675524
0.675529
0.675532
0.675533
0.675534
0.675535
0.675536
0.675537
0.675537
0.675538
0.675538
0.675539
0.675539
0.675539
0.67554
0.67554
0.67554
0.67554
0.675541
0.675541
0.675541
0.675541
0.675541
0.675541
0.675541
0.675541
0.675541
0.675541
0.675541
0.675541
0.675541
0.675541
0.675541
0.675541
0.67554
0.67554
0.67554
0.67554
0.675539
0.675539
0.675539
0.675538
0.675538
0.675537
0.675537
0.675536
0.675535
0.675534
0.675533
0.675532
0.675529
0.675524
0.67551
0.67547
0.675354
0.675036
0.694473
0.694789
0.694907
0.694948
0.694963
0.694968
0.694971
0.694972
0.694973
0.694974
0.694974
0.694975
0.694975
0.694976
0.694976
0.694977
0.694977
0.694977
0.694978
0.694978
0.694978
0.694979
0.694979
0.694979
0.694979
0.694979
0.694979
0.694979
0.694979
0.694979
0.694979
0.694979
0.694979
0.694979
0.694979
0.694979
0.694979
0.694979
0.694979
0.694978
0.694978
0.694978
0.694977
0.694977
0.694977
0.694976
0.694976
0.694975
0.694975
0.694974
0.694974
0.694973
0.694972
0.694971
0.694968
0.694963
0.694948
0.694907
0.694789
0.694473
0.712999
0.713312
0.713432
0.713474
0.713489
0.713495
0.713497
0.713498
0.713499
0.7135
0.713501
0.713501
0.713502
0.713502
0.713503
0.713503
0.713503
0.713504
0.713504
0.713504
0.713504
0.713505
0.713505
0.713505
0.713505
0.713505
0.713505
0.713505
0.713505
0.713505
0.713505
0.713505
0.713505
0.713505
0.713505
0.713505
0.713505
0.713505
0.713505
0.713504
0.713504
0.713504
0.713504
0.713503
0.713503
0.713503
0.713502
0.713502
0.713501
0.713501
0.7135
0.713499
0.713498
0.713497
0.713495
0.713489
0.713474
0.713432
0.713312
0.712999
0.730642
0.730951
0.731072
0.731115
0.731131
0.731137
0.731139
0.73114
0.731141
0.731142
0.731142
0.731143
0.731143
0.731144
0.731144
0.731145
0.731145
0.731145
0.731145
0.731146
0.731146
0.731146
0.731146
0.731146
0.731146
0.731147
0.731147
0.731147
0.731147
0.731147
0.731147
0.731147
0.731147
0.731147
0.731147
0.731146
0.731146
0.731146
0.731146
0.731146
0.731146
0.731145
0.731145
0.731145
0.731145
0.731144
0.731144
0.731143
0.731143
0.731142
0.731142
0.731141
0.73114
0.731139
0.731137
0.731131
0.731115
0.731072
0.730951
0.730642
0.747428
0.747733
0.747854
0.747899
0.747915
0.747921
0.747924
0.747925
0.747926
0.747926
0.747927
0.747927
0.747928
0.747928
0.747928
0.747929
0.747929
0.747929
0.74793
0.74793
0.74793
0.74793
0.74793
0.74793
0.747931
0.747931
0.747931
0.747931
0.747931
0.747931
0.747931
0.747931
0.747931
0.747931
0.747931
0.747931
0.74793
0.74793
0.74793
0.74793
0.74793
0.74793
0.747929
0.747929
0.747929
0.747928
0.747928
0.747928
0.747927
0.747927
0.747926
0.747926
0.747925
0.747924
0.747921
0.747915
0.747899
0.747854
0.747733
0.747428
0.763384
0.763684
0.763807
0.763852
0.763869
0.763875
0.763878
0.763879
0.76388
0.76388
0.763881
0.763881
0.763882
0.763882
0.763882
0.763883
0.763883
0.763883
0.763883
0.763884
0.763884
0.763884
0.763884
0.763884
0.763884
0.763884
0.763884
0.763884
0.763885
0.763885
0.763885
0.763885
0.763884
0.763884
0.763884
0.763884
0.763884
0.763884
0.763884
0.763884
0.763884
0.763883
0.763883
0.763883
0.763883
0.763882
0.763882
0.763882
0.763881
0.763881
0.76388
0.76388
0.763879
0.763878
0.763875
0.763869
0.763852
0.763807
0.763684
0.763384
0.778538
0.778833
0.778955
0.779002
0.779019
0.779026
0.779028
0.77903
0.77903
0.779031
0.779031
0.779032
0.779032
0.779032
0.779033
0.779033
0.779033
0.779033
0.779034
0.779034
0.779034
0.779034
0.779034
0.779034
0.779035
0.779035
0.779035
0.779035
0.779035
0.779035
0.779035
0.779035
0.779035
0.779035
0.779035
0.779035
0.779034
0.779034
0.779034
0.779034
0.779034
0.779034
0.779033
0.779033
0.779033
0.779033
0.779032
0.779032
0.779032
0.779031
0.779031
0.77903
0.77903
0.779028
0.779026
0.779019
0.779002
0.778955
0.778833
0.778538
0.792916
0.793205
0.793327
0.793375
0.793393
0.7934
0.793402
0.793404
0.793404
0.793405
0.793405
0.793406
0.793406
0.793406
0.793406
0.793407
0.793407
0.793407
0.793407
0.793408
0.793408
0.793408
0.793408
0.793408
0.793408
0.793408
0.793408
0.793408
0.793408
0.793408
0.793408
0.793408
0.793408
0.793408
0.793408
0.793408
0.793408
0.793408
0.793408
0.793408
0.793408
0.793407
0.793407
0.793407
0.793407
0.793406
0.793406
0.793406
0.793406
0.793405
0.793405
0.793404
0.793404
0.793402
0.7934
0.793393
0.793375
0.793327
0.793205
0.792916
0.806544
0.806827
0.80695
0.806998
0.807016
0.807023
0.807026
0.807027
0.807028
0.807029
0.807029
0.807029
0.80703
0.80703
0.80703
0.80703
0.807031
0.807031
0.807031
0.807031
0.807031
0.807031
0.807031
0.807032
0.807032
0.807032
0.807032
0.807032
0.807032
0.807032
0.807032
0.807032
0.807032
0.807032
0.807032
0.807032
0.807032
0.807031
0.807031
0.807031
0.807031
0.807031
0.807031
0.807031
0.80703
0.80703
0.80703
0.80703
0.807029
0.807029
0.807029
0.807028
0.807027
0.807026
0.807023
0.807016
0.806998
0.80695
0.806827
0.806544
0.819449
0.819725
0.819848
0.819897
0.819916
0.819923
0.819926
0.819927
0.819928
0.819929
0.819929
0.819929
0.819929
0.81993
0.81993
0.81993
0.81993
0.819931
0.819931
0.819931
0.819931
0.819931
0.819931
0.819931
0.819931
0.819931
0.819931
0.819932
0.819932
0.819932
0.819932
0.819932
0.819932
0.819931
0.819931
0.819931
0.819931
0.819931
0.819931
0.819931
0.819931
0.819931
0.819931
0.81993
0.81993
0.81993
0.81993
0.819929
0.819929
0.819929
0.819929
0.819928
0.819927
0.819926
0.819923
0.819916
0.819897
0.819848
0.819725
0.819449
0.831658
0.831927
0.832049
0.832099
0.832118
0.832126
0.832128
0.83213
0.832131
0.832131
0.832131
0.832132
0.832132
0.832132
0.832132
0.832132
0.832133
0.832133
0.832133
0.832133
0.832133
0.832133
0.832133
0.832133
0.832134
0.832134
0.832134
0.832134
0.832134
0.832134
0.832134
0.832134
0.832134
0.832134
0.832134
0.832134
0.832133
0.832133
0.832133
0.832133
0.832133
0.832133
0.832133
0.832133
0.832132
0.832132
0.832132
0.832132
0.832132
0.832131
0.832131
0.832131
0.83213
0.832128
0.832126
0.832118
0.832099
0.832049
0.831927
0.831658
0.843195
0.843457
0.843578
0.843628
0.843648
0.843656
0.843659
0.843661
0.843661
0.843662
0.843662
0.843662
0.843663
0.843663
0.843663
0.843663
0.843663
0.843663
0.843664
0.843664
0.843664
0.843664
0.843664
0.843664
0.843664
0.843664
0.843664
0.843664
0.843664
0.843664
0.843664
0.843664
0.843664
0.843664
0.843664
0.843664
0.843664
0.843664
0.843664
0.843664
0.843664
0.843664
0.843663
0.843663
0.843663
0.843663
0.843663
0.843663
0.843662
0.843662
0.843662
0.843661
0.843661
0.843659
0.843656
0.843648
0.843628
0.843578
0.843457
0.843195
0.854087
0.854342
0.854461
0.854512
0.854533
0.854541
0.854544
0.854545
0.854546
0.854547
0.854547
0.854547
0.854547
0.854547
0.854548
0.854548
0.854548
0.854548
0.854548
0.854548
0.854548
0.854549
0.854549
0.854549
0.854549
0.854549
0.854549
0.854549
0.854549
0.854549
0.854549
0.854549
0.854549
0.854549
0.854549
0.854549
0.854549
0.854549
0.854549
0.854548
0.854548
0.854548
0.854548
0.854548
0.854548
0.854548
0.854547
0.854547
0.854547
0.854547
0.854547
0.854546
0.854545
0.854544
0.854541
0.854533
0.854512
0.854461
0.854342
0.854087
0.864359
0.864606
0.864724
0.864776
0.864797
0.864805
0.864808
0.86481
0.86481
0.864811
0.864811
0.864811
0.864812
0.864812
0.864812
0.864812
0.864812
0.864812
0.864812
0.864812
0.864813
0.864813
0.864813
0.864813
0.864813
0.864813
0.864813
0.864813
0.864813
0.864813
0.864813
0.864813
0.864813
0.864813
0.864813
0.864813
0.864813
0.864813
0.864813
0.864813
0.864812
0.864812
0.864812
0.864812
0.864812
0.864812
0.864812
0.864812
0.864811
0.864811
0.864811
0.86481
0.86481
0.864808
0.864805
0.864797
0.864776
0.864724
0.864606
0.864359
0.874037
0.874275
0.874392
0.874444
0.874465
0.874474
0.874477
0.874479
0.874479
0.87448
0.87448
0.87448
0.87448
0.874481
0.874481
0.874481
0.874481
0.874481
0.874481
0.874481
0.874481
0.874481
0.874481
0.874481
0.874482
0.874482
0.874482
0.874482
0.874482
0.874482
0.874482
0.874482
0.874482
0.874482
0.874482
0.874482
0.874481
0.874481
0.874481
0.874481
0.874481
0.874481
0.874481
0.874481
0.874481
0.874481
0.874481
0.87448
0.87448
0.87448
0.87448
0.874479
0.874479
0.874477
0.874474
0.874465
0.874444
0.874392
0.874275
0.874037
0.883144
0.883374
0.883489
0.883541
0.883563
0.883572
0.883575
0.883577
0.883578
0.883578
0.883578
0.883578
0.883579
0.883579
0.883579
0.883579
0.883579
0.883579
0.883579
0.883579
0.883579
0.883579
0.883579
0.88358
0.88358
0.88358
0.88358
0.88358
0.88358
0.88358
0.88358
0.88358
0.88358
0.88358
0.88358
0.88358
0.88358
0.883579
0.883579
0.883579
0.883579
0.883579
0.883579
0.883579
0.883579
0.883579
0.883579
0.883579
0.883578
0.883578
0.883578
0.883578
0.883577
0.883575
0.883572
0.883563
0.883541
0.883489
0.883374
0.883144
0.891705
0.891927
0.89204
0.892092
0.892114
0.892123
0.892127
0.892129
0.89213
0.89213
0.89213
0.89213
0.89213
0.892131
0.892131
0.892131
0.892131
0.892131
0.892131
0.892131
0.892131
0.892131
0.892131
0.892131
0.892131
0.892131
0.892131
0.892131
0.892131
0.892131
0.892131
0.892131
0.892131
0.892131
0.892131
0.892131
0.892131
0.892131
0.892131
0.892131
0.892131
0.892131
0.892131
0.892131
0.892131
0.892131
0.892131
0.89213
0.89213
0.89213
0.89213
0.89213
0.892129
0.892127
0.892123
0.892114
0.892092
0.89204
0.891927
0.891705
0.899744
0.899958
0.900069
0.900121
0.900143
0.900153
0.900157
0.900159
0.900159
0.90016
0.90016
0.90016
0.90016
0.90016
0.90016
0.90016
0.90016
0.900161
0.900161
0.900161
0.900161
0.900161
0.900161
0.900161
0.900161
0.900161
0.900161
0.900161
0.900161
0.900161
0.900161
0.900161
0.900161
0.900161
0.900161
0.900161
0.900161
0.900161
0.900161
0.900161
0.900161
0.900161
0.900161
0.90016
0.90016
0.90016
0.90016
0.90016
0.90016
0.90016
0.90016
0.900159
0.900159
0.900157
0.900153
0.900143
0.900121
0.900069
0.899958
0.899744
0.907285
0.907491
0.907599
0.907651
0.907674
0.907684
0.907688
0.907689
0.90769
0.907691
0.907691
0.907691
0.907691
0.907691
0.907691
0.907691
0.907691
0.907691
0.907691
0.907691
0.907692
0.907692
0.907692
0.907692
0.907692
0.907692
0.907692
0.907692
0.907692
0.907692
0.907692
0.907692
0.907692
0.907692
0.907692
0.907692
0.907692
0.907692
0.907692
0.907692
0.907691
0.907691
0.907691
0.907691
0.907691
0.907691
0.907691
0.907691
0.907691
0.907691
0.907691
0.90769
0.907689
0.907688
0.907684
0.907674
0.907651
0.907599
0.907491
0.907285
0.914351
0.914548
0.914654
0.914705
0.914729
0.914739
0.914743
0.914745
0.914746
0.914746
0.914746
0.914746
0.914746
0.914746
0.914746
0.914746
0.914747
0.914747
0.914747
0.914747
0.914747
0.914747
0.914747
0.914747
0.914747
0.914747
0.914747
0.914747
0.914747
0.914747
0.914747
0.914747
0.914747
0.914747
0.914747
0.914747
0.914747
0.914747
0.914747
0.914747
0.914747
0.914747
0.914747
0.914747
0.914746
0.914746
0.914746
0.914746
0.914746
0.914746
0.914746
0.914746
0.914745
0.914743
0.914739
0.914729
0.914705
0.914654
0.914548
0.914351
0.920964
0.921153
0.921256
0.921307
0.92133
0.921341
0.921345
0.921347
0.921348
0.921348
0.921348
0.921348
0.921348
0.921349
0.921349
0.921349
0.921349
0.921349
0.921349
0.921349
0.921349
0.921349
0.921349
0.921349
0.921349
0.921349
0.921349
0.921349
0.921349
0.921349
0.921349
0.921349
0.921349
0.921349
0.921349
0.921349
0.921349
0.921349
0.921349
0.921349
0.921349
0.921349
0.921349
0.921349
0.921349
0.921349
0.921349
0.921348
0.921348
0.921348
0.921348
0.921348
0.921347
0.921345
0.921341
0.92133
0.921307
0.921256
0.921153
0.920964
0.927146
0.927327
0.927427
0.927477
0.927501
0.927512
0.927516
0.927518
0.927519
0.927519
0.92752
0.92752
0.92752
0.92752
0.92752
0.92752
0.92752
0.92752
0.92752
0.92752
0.92752
0.92752
0.92752
0.92752
0.92752
0.92752
0.92752
0.92752
0.92752
0.92752
0.92752
0.92752
0.92752
0.92752
0.92752
0.92752
0.92752
0.92752
0.92752
0.92752
0.92752
0.92752
0.92752
0.92752
0.92752
0.92752
0.92752
0.92752
0.92752
0.92752
0.927519
0.927519
0.927518
0.927516
0.927512
0.927501
0.927477
0.927427
0.927327
0.927146
0.932919
0.933092
0.933189
0.933239
0.933262
0.933273
0.933278
0.93328
0.933281
0.933281
0.933281
0.933281
0.933281
0.933281
0.933281
0.933282
0.933282
0.933282
0.933282
0.933282
0.933282
0.933282
0.933282
0.933282
0.933282
0.933282
0.933282
0.933282
0.933282
0.933282
0.933282
0.933282
0.933282
0.933282
0.933282
0.933282
0.933282
0.933282
0.933282
0.933282
0.933282
0.933282
0.933282
0.933282
0.933282
0.933281
0.933281
0.933281
0.933281
0.933281
0.933281
0.933281
0.93328
0.933278
0.933273
0.933262
0.933239
0.933189
0.933092
0.932919
0.938303
0.938468
0.938562
0.938611
0.938635
0.938646
0.938651
0.938653
0.938654
0.938654
0.938655
0.938655
0.938655
0.938655
0.938655
0.938655
0.938655
0.938655
0.938655
0.938655
0.938655
0.938655
0.938655
0.938655
0.938655
0.938655
0.938655
0.938655
0.938655
0.938655
0.938655
0.938655
0.938655
0.938655
0.938655
0.938655
0.938655
0.938655
0.938655
0.938655
0.938655
0.938655
0.938655
0.938655
0.938655
0.938655
0.938655
0.938655
0.938655
0.938655
0.938654
0.938654
0.938653
0.938651
0.938646
0.938635
0.938611
0.938562
0.938468
0.938303
0.94332
0.943477
0.943568
0.943616
0.94364
0.943651
0.943656
0.943658
0.943659
0.94366
0.94366
0.94366
0.94366
0.94366
0.94366
0.94366
0.94366
0.94366
0.94366
0.94366
0.94366
0.94366
0.94366
0.94366
0.94366
0.94366
0.94366
0.94366
0.94366
0.94366
0.94366
0.94366
0.94366
0.94366
0.94366
0.94366
0.94366
0.94366
0.94366
0.94366
0.94366
0.94366
0.94366
0.94366
0.94366
0.94366
0.94366
0.94366
0.94366
0.94366
0.94366
0.943659
0.943658
0.943656
0.943651
0.94364
0.943616
0.943568
0.943477
0.94332
0.947988
0.948137
0.948225
0.948272
0.948296
0.948307
0.948313
0.948315
0.948316
0.948316
0.948317
0.948317
0.948317
0.948317
0.948317
0.948317
0.948317
0.948317
0.948317
0.948316
0.948316
0.948316
0.948316
0.948316
0.948316
0.948316
0.948316
0.948316
0.948316
0.948316
0.948316
0.948316
0.948316
0.948316
0.948316
0.948316
0.948316
0.948316
0.948316
0.948316
0.948316
0.948317
0.948317
0.948317
0.948317
0.948317
0.948317
0.948317
0.948317
0.948317
0.948316
0.948316
0.948315
0.948313
0.948307
0.948296
0.948272
0.948225
0.948137
0.947988
0.952327
0.952469
0.952553
0.9526
0.952623
0.952635
0.95264
0.952642
0.952644
0.952644
0.952644
0.952644
0.952644
0.952644
0.952644
0.952644
0.952644
0.952644
0.952644
0.952644
0.952644
0.952644
0.952644
0.952644
0.952644
0.952644
0.952644
0.952644
0.952644
0.952644
0.952644
0.952644
0.952644
0.952644
0.952644
0.952644
0.952644
0.952644
0.952644
0.952644
0.952644
0.952644
0.952644
0.952644
0.952644
0.952644
0.952644
0.952644
0.952644
0.952644
0.952644
0.952644
0.952642
0.95264
0.952635
0.952623
0.9526
0.952553
0.952469
0.952327
0.956356
0.95649
0.956571
0.956616
0.95664
0.956651
0.956657
0.956659
0.95666
0.956661
0.956661
0.956661
0.956661
0.956661
0.956661
0.956661
0.956661
0.956661
0.956661
0.956661
0.956661
0.956661
0.956661
0.956661
0.956661
0.956661
0.956661
0.956661
0.956661
0.956661
0.956661
0.956661
0.956661
0.956661
0.956661
0.956661
0.956661
0.956661
0.956661
0.956661
0.956661
0.956661
0.956661
0.956661
0.956661
0.956661
0.956661
0.956661
0.956661
0.956661
0.956661
0.95666
0.956659
0.956657
0.956651
0.95664
0.956616
0.956571
0.95649
0.956356
0.960092
0.960218
0.960296
0.96034
0.960363
0.960375
0.960381
0.960383
0.960384
0.960385
0.960385
0.960385
0.960385
0.960385
0.960385
0.960385
0.960385
0.960385
0.960385
0.960385
0.960385
0.960385
0.960385
0.960385
0.960385
0.960385
0.960385
0.960384
0.960384
0.960384
0.960384
0.960384
0.960384
0.960385
0.960385
0.960385
0.960385
0.960385
0.960385
0.960385
0.960385
0.960385
0.960385
0.960385
0.960385
0.960385
0.960385
0.960385
0.960385
0.960385
0.960385
0.960384
0.960383
0.960381
0.960375
0.960363
0.96034
0.960296
0.960218
0.960092
0.963552
0.963671
0.963746
0.963788
0.963811
0.963823
0.963829
0.963831
0.963833
0.963833
0.963833
0.963833
0.963833
0.963833
0.963833
0.963833
0.963833
0.963833
0.963833
0.963833
0.963833
0.963833
0.963833
0.963833
0.963833
0.963833
0.963833
0.963833
0.963833
0.963833
0.963833
0.963833
0.963833
0.963833
0.963833
0.963833
0.963833
0.963833
0.963833
0.963833
0.963833
0.963833
0.963833
0.963833
0.963833
0.963833
0.963833
0.963833
0.963833
0.963833
0.963833
0.963833
0.963831
0.963829
0.963823
0.963811
0.963788
0.963746
0.963671
0.963552
0.966753
0.966865
0.966937
0.966978
0.967
0.967012
0.967018
0.967021
0.967022
0.967022
0.967023
0.967023
0.967023
0.967023
0.967022
0.967022
0.967022
0.967022
0.967022
0.967022
0.967022
0.967022
0.967022
0.967022
0.967022
0.967022
0.967022
0.967022
0.967022
0.967022
0.967022
0.967022
0.967022
0.967022
0.967022
0.967022
0.967022
0.967022
0.967022
0.967022
0.967022
0.967022
0.967022
0.967022
0.967022
0.967022
0.967023
0.967023
0.967023
0.967023
0.967022
0.967022
0.967021
0.967018
0.967012
0.967
0.966978
0.966937
0.966865
0.966753
0.96971
0.969816
0.969884
0.969924
0.969946
0.969958
0.969964
0.969967
0.969968
0.969969
0.969969
0.969969
0.969969
0.969969
0.969968
0.969968
0.969968
0.969968
0.969968
0.969968
0.969968
0.969968
0.969968
0.969968
0.969968
0.969968
0.969968
0.969968
0.969968
0.969968
0.969968
0.969968
0.969968
0.969968
0.969968
0.969968
0.969968
0.969968
0.969968
0.969968
0.969968
0.969968
0.969968
0.969968
0.969968
0.969968
0.969969
0.969969
0.969969
0.969969
0.969969
0.969968
0.969967
0.969964
0.969958
0.969946
0.969924
0.969884
0.969816
0.96971
0.97244
0.97254
0.972604
0.972643
0.972664
0.972676
0.972682
0.972685
0.972686
0.972687
0.972687
0.972687
0.972687
0.972687
0.972687
0.972686
0.972686
0.972686
0.972686
0.972686
0.972686
0.972686
0.972686
0.972686
0.972686
0.972686
0.972686
0.972686
0.972686
0.972686
0.972686
0.972686
0.972686
0.972686
0.972686
0.972686
0.972686
0.972686
0.972686
0.972686
0.972686
0.972686
0.972686
0.972686
0.972686
0.972687
0.972687
0.972687
0.972687
0.972687
0.972687
0.972686
0.972685
0.972682
0.972676
0.972664
0.972643
0.972604
0.97254
0.97244
0.974956
0.975049
0.97511
0.975148
0.975169
0.97518
0.975186
0.975189
0.975191
0.975191
0.975192
0.975192
0.975191
0.975191
0.975191
0.975191
0.975191
0.975191
0.975191
0.975191
0.975191
0.97519
0.97519
0.97519
0.97519
0.97519
0.97519
0.97519
0.97519
0.97519
0.97519
0.97519
0.97519
0.97519
0.97519
0.97519
0.97519
0.97519
0.97519
0.975191
0.975191
0.975191
0.975191
0.975191
0.975191
0.975191
0.975191
0.975191
0.975192
0.975192
0.975191
0.975191
0.975189
0.975186
0.97518
0.975169
0.975148
0.97511
0.975049
0.974956
0.977272
0.97736
0.977418
0.977453
0.977474
0.977485
0.977491
0.977494
0.977496
0.977497
0.977497
0.977497
0.977497
0.977496
0.977496
0.977496
0.977496
0.977496
0.977496
0.977496
0.977496
0.977496
0.977495
0.977495
0.977495
0.977495
0.977495
0.977495
0.977495
0.977495
0.977495
0.977495
0.977495
0.977495
0.977495
0.977495
0.977495
0.977495
0.977496
0.977496
0.977496
0.977496
0.977496
0.977496
0.977496
0.977496
0.977496
0.977497
0.977497
0.977497
0.977497
0.977496
0.977494
0.977491
0.977485
0.977474
0.977453
0.977418
0.97736
0.977272
0.979402
0.979484
0.979539
0.979573
0.979593
0.979604
0.97961
0.979613
0.979615
0.979615
0.979616
0.979616
0.979616
0.979615
0.979615
0.979615
0.979615
0.979615
0.979615
0.979615
0.979614
0.979614
0.979614
0.979614
0.979614
0.979614
0.979614
0.979614
0.979614
0.979614
0.979614
0.979614
0.979614
0.979614
0.979614
0.979614
0.979614
0.979614
0.979614
0.979614
0.979615
0.979615
0.979615
0.979615
0.979615
0.979615
0.979615
0.979616
0.979616
0.979616
0.979615
0.979615
0.979613
0.97961
0.979604
0.979593
0.979573
0.979539
0.979484
0.979402
0.981358
0.981435
0.981486
0.981519
0.981539
0.98155
0.981556
0.981559
0.98156
0.981561
0.981561
0.981561
0.981561
0.981561
0.981561
0.98156
0.98156
0.98156
0.98156
0.98156
0.98156
0.98156
0.98156
0.981559
0.981559
0.981559
0.981559
0.981559
0.981559
0.981559
0.981559
0.981559
0.981559
0.981559
0.981559
0.981559
0.981559
0.98156
0.98156
0.98156
0.98156
0.98156
0.98156
0.98156
0.98156
0.981561
0.981561
0.981561
0.981561
0.981561
0.981561
0.98156
0.981559
0.981556
0.98155
0.981539
0.981519
0.981486
0.981435
0.981358
0.983153
0.983224
0.983272
0.983304
0.983322
0.983333
0.983339
0.983342
0.983344
0.983345
0.983345
0.983345
0.983345
0.983345
0.983344
0.983344
0.983344
0.983344
0.983344
0.983344
0.983343
0.983343
0.983343
0.983343
0.983343
0.983343
0.983343
0.983343
0.983343
0.983343
0.983343
0.983343
0.983343
0.983343
0.983343
0.983343
0.983343
0.983343
0.983343
0.983343
0.983344
0.983344
0.983344
0.983344
0.983344
0.983344
0.983345
0.983345
0.983345
0.983345
0.983345
0.983344
0.983342
0.983339
0.983333
0.983322
0.983304
0.983272
0.983224
0.983153
0.984797
0.984863
0.984908
0.984938
0.984956
0.984967
0.984973
0.984976
0.984978
0.984978
0.984978
0.984978
0.984978
0.984978
0.984978
0.984978
0.984977
0.984977
0.984977
0.984977
0.984977
0.984977
0.984977
0.984977
0.984976
0.984976
0.984976
0.984976
0.984976
0.984976
0.984976
0.984976
0.984976
0.984976
0.984976
0.984976
0.984977
0.984977
0.984977
0.984977
0.984977
0.984977
0.984977
0.984977
0.984978
0.984978
0.984978
0.984978
0.984978
0.984978
0.984978
0.984978
0.984976
0.984973
0.984967
0.984956
0.984938
0.984908
0.984863
0.984797
0.986301
0.986362
0.986405
0.986433
0.986451
0.986461
0.986467
0.98647
0.986472
0.986472
0.986473
0.986473
0.986472
0.986472
0.986472
0.986472
0.986472
0.986471
0.986471
0.986471
0.986471
0.986471
0.986471
0.98647
0.98647
0.98647
0.98647
0.98647
0.98647
0.98647
0.98647
0.98647
0.98647
0.98647
0.98647
0.98647
0.98647
0.986471
0.986471
0.986471
0.986471
0.986471
0.986471
0.986472
0.986472
0.986472
0.986472
0.986472
0.986473
0.986473
0.986472
0.986472
0.98647
0.986467
0.986461
0.986451
0.986433
0.986405
0.986362
0.986301
0.987675
0.987732
0.987772
0.987799
0.987816
0.987826
0.987832
0.987835
0.987836
0.987837
0.987837
0.987837
0.987837
0.987837
0.987837
0.987837
0.987836
0.987836
0.987836
0.987836
0.987836
0.987835
0.987835
0.987835
0.987835
0.987835
0.987835
0.987835
0.987835
0.987835
0.987835
0.987835
0.987835
0.987835
0.987835
0.987835
0.987835
0.987835
0.987835
0.987836
0.987836
0.987836
0.987836
0.987836
0.987837
0.987837
0.987837
0.987837
0.987837
0.987837
0.987837
0.987836
0.987835
0.987832
0.987826
0.987816
0.987799
0.987772
0.987732
0.987675
0.98893
0.988983
0.98902
0.989045
0.989061
0.989071
0.989077
0.98908
0.989082
0.989082
0.989083
0.989083
0.989082
0.989082
0.989082
0.989082
0.989081
0.989081
0.989081
0.989081
0.989081
0.98908
0.98908
0.98908
0.98908
0.98908
0.98908
0.98908
0.98908
0.98908
0.98908
0.98908
0.98908
0.98908
0.98908
0.98908
0.98908
0.98908
0.98908
0.989081
0.989081
0.989081
0.989081
0.989081
0.989082
0.989082
0.989082
0.989082
0.989083
0.989083
0.989082
0.989082
0.98908
0.989077
0.989071
0.989061
0.989045
0.98902
0.988983
0.98893
0.990074
0.990123
0.990157
0.990181
0.990197
0.990206
0.990212
0.990215
0.990216
0.990217
0.990217
0.990217
0.990217
0.990217
0.990217
0.990216
0.990216
0.990216
0.990215
0.990215
0.990215
0.990215
0.990215
0.990215
0.990214
0.990214
0.990214
0.990214
0.990214
0.990214
0.990214
0.990214
0.990214
0.990214
0.990214
0.990214
0.990215
0.990215
0.990215
0.990215
0.990215
0.990215
0.990216
0.990216
0.990216
0.990217
0.990217
0.990217
0.990217
0.990217
0.990217
0.990216
0.990215
0.990212
0.990206
0.990197
0.990181
0.990157
0.990123
0.990074
0.991115
0.99116
0.991193
0.991215
0.99123
0.991239
0.991244
0.991247
0.991249
0.991249
0.99125
0.99125
0.99125
0.991249
0.991249
0.991249
0.991248
0.991248
0.991248
0.991248
0.991247
0.991247
0.991247
0.991247
0.991247
0.991247
0.991247
0.991247
0.991247
0.991247
0.991247
0.991247
0.991247
0.991247
0.991247
0.991247
0.991247
0.991247
0.991247
0.991247
0.991248
0.991248
0.991248
0.991248
0.991249
0.991249
0.991249
0.99125
0.99125
0.99125
0.991249
0.991249
0.991247
0.991244
0.991239
0.99123
0.991215
0.991193
0.99116
0.991115
0.992062
0.992104
0.992134
0.992155
0.992169
0.992177
0.992183
0.992186
0.992187
0.992188
0.992188
0.992188
0.992188
0.992188
0.992187
0.992187
0.992187
0.992186
0.992186
0.992186
0.992186
0.992185
0.992185
0.992185
0.992185
0.992185
0.992185
0.992185
0.992185
0.992185
0.992185
0.992185
0.992185
0.992185
0.992185
0.992185
0.992185
0.992185
0.992185
0.992186
0.992186
0.992186
0.992186
0.992187
0.992187
0.992187
0.992188
0.992188
0.992188
0.992188
0.992188
0.992187
0.992186
0.992183
0.992177
0.992169
0.992155
0.992134
0.992104
0.992062
0.992922
0.99296
0.992988
0.993008
0.993021
0.993029
0.993034
0.993037
0.993039
0.99304
0.99304
0.99304
0.99304
0.993039
0.993039
0.993039
0.993038
0.993038
0.993038
0.993038
0.993037
0.993037
0.993037
0.993037
0.993037
0.993036
0.993036
0.993036
0.993036
0.993036
0.993036
0.993036
0.993036
0.993036
0.993036
0.993037
0.993037
0.993037
0.993037
0.993037
0.993038
0.993038
0.993038
0.993038
0.993039
0.993039
0.993039
0.99304
0.99304
0.99304
0.99304
0.993039
0.993037
0.993034
0.993029
0.993021
0.993008
0.992988
0.99296
0.992922
0.993703
0.993737
0.993763
0.993781
0.993794
0.993802
0.993807
0.99381
0.993811
0.993812
0.993812
0.993812
0.993812
0.993812
0.993811
0.993811
0.99381
0.99381
0.99381
0.99381
0.993809
0.993809
0.993809
0.993809
0.993809
0.993808
0.993808
0.993808
0.993808
0.993808
0.993808
0.993808
0.993808
0.993808
0.993808
0.993809
0.993809
0.993809
0.993809
0.993809
0.99381
0.99381
0.99381
0.99381
0.993811
0.993811
0.993812
0.993812
0.993812
0.993812
0.993812
0.993811
0.99381
0.993807
0.993802
0.993794
0.993781
0.993763
0.993737
0.993703
0.994409
0.994441
0.994465
0.994482
0.994494
0.994501
0.994506
0.994509
0.99451
0.994511
0.994511
0.994511
0.994511
0.994511
0.99451
0.99451
0.99451
0.994509
0.994509
0.994509
0.994508
0.994508
0.994508
0.994508
0.994507
0.994507
0.994507
0.994507
0.994507
0.994507
0.994507
0.994507
0.994507
0.994507
0.994507
0.994507
0.994508
0.994508
0.994508
0.994508
0.994509
0.994509
0.994509
0.99451
0.99451
0.99451
0.994511
0.994511
0.994511
0.994511
0.994511
0.99451
0.994509
0.994506
0.994501
0.994494
0.994482
0.994465
0.994441
0.994409
0.995049
0.995078
0.9951
0.995116
0.995126
0.995134
0.995138
0.995141
0.995142
0.995143
0.995143
0.995143
0.995143
0.995143
0.995142
0.995142
0.995142
0.995141
0.995141
0.995141
0.99514
0.99514
0.99514
0.99514
0.995139
0.995139
0.995139
0.995139
0.995139
0.995139
0.995139
0.995139
0.995139
0.995139
0.995139
0.995139
0.99514
0.99514
0.99514
0.99514
0.995141
0.995141
0.995141
0.995142
0.995142
0.995142
0.995143
0.995143
0.995143
0.995143
0.995143
0.995142
0.995141
0.995138
0.995134
0.995126
0.995116
0.9951
0.995078
0.995049
0.995626
0.995653
0.995673
0.995688
0.995698
0.995705
0.995709
0.995712
0.995713
0.995714
0.995714
0.995714
0.995714
0.995713
0.995713
0.995713
0.995712
0.995712
0.995712
0.995711
0.995711
0.995711
0.99571
0.99571
0.99571
0.99571
0.99571
0.99571
0.99571
0.99571
0.99571
0.99571
0.99571
0.99571
0.99571
0.99571
0.99571
0.99571
0.995711
0.995711
0.995711
0.995712
0.995712
0.995712
0.995713
0.995713
0.995713
0.995714
0.995714
0.995714
0.995714
0.995713
0.995712
0.995709
0.995705
0.995698
0.995688
0.995673
0.995653
0.995626
0.996148
0.996172
0.99619
0.996204
0.996214
0.99622
0.996224
0.996227
0.996228
0.996229
0.996229
0.996229
0.996229
0.996228
0.996228
0.996227
0.996227
0.996227
0.996226
0.996226
0.996226
0.996225
0.996225
0.996225
0.996225
0.996224
0.996224
0.996224
0.996224
0.996224
0.996224
0.996224
0.996224
0.996224
0.996224
0.996225
0.996225
0.996225
0.996225
0.996226
0.996226
0.996226
0.996227
0.996227
0.996227
0.996228
0.996228
0.996229
0.996229
0.996229
0.996229
0.996228
0.996227
0.996224
0.99622
0.996214
0.996204
0.99619
0.996172
0.996148
0.996618
0.99664
0.996657
0.996669
0.996678
0.996684
0.996688
0.99669
0.996692
0.996692
0.996693
0.996692
0.996692
0.996692
0.996691
0.996691
0.99669
0.99669
0.99669
0.996689
0.996689
0.996689
0.996688
0.996688
0.996688
0.996688
0.996688
0.996688
0.996688
0.996687
0.996687
0.996688
0.996688
0.996688
0.996688
0.996688
0.996688
0.996688
0.996689
0.996689
0.996689
0.99669
0.99669
0.99669
0.996691
0.996691
0.996692
0.996692
0.996692
0.996693
0.996692
0.996692
0.99669
0.996688
0.996684
0.996678
0.996669
0.996657
0.99664
0.996618
0.99704
0.99706
0.997076
0.997087
0.997096
0.997101
0.997105
0.997107
0.997109
0.997109
0.99711
0.997109
0.997109
0.997109
0.997108
0.997108
0.997107
0.997107
0.997107
0.997106
0.997106
0.997105
0.997105
0.997105
0.997105
0.997105
0.997104
0.997104
0.997104
0.997104
0.997104
0.997104
0.997104
0.997104
0.997105
0.997105
0.997105
0.997105
0.997105
0.997106
0.997106
0.997107
0.997107
0.997107
0.997108
0.997108
0.997109
0.997109
0.997109
0.99711
0.997109
0.997109
0.997107
0.997105
0.997101
0.997096
0.997087
0.997076
0.99706
0.99704
0.997421
0.997439
0.997453
0.997463
0.997471
0.997476
0.99748
0.997482
0.997483
0.997484
0.997484
0.997484
0.997484
0.997483
0.997483
0.997482
0.997482
0.997481
0.997481
0.99748
0.99748
0.99748
0.997479
0.997479
0.997479
0.997479
0.997479
0.997479
0.997479
0.997478
0.997478
0.997479
0.997479
0.997479
0.997479
0.997479
0.997479
0.997479
0.99748
0.99748
0.99748
0.997481
0.997481
0.997482
0.997482
0.997483
0.997483
0.997484
0.997484
0.997484
0.997484
0.997483
0.997482
0.99748
0.997476
0.997471
0.997463
0.997453
0.997439
0.997421
0.997762
0.997778
0.997791
0.997801
0.997808
0.997813
0.997816
0.997818
0.997819
0.99782
0.99782
0.99782
0.997819
0.997819
0.997819
0.997818
0.997818
0.997817
0.997817
0.997816
0.997816
0.997815
0.997815
0.997815
0.997815
0.997814
0.997814
0.997814
0.997814
0.997814
0.997814
0.997814
0.997814
0.997814
0.997814
0.997815
0.997815
0.997815
0.997815
0.997816
0.997816
0.997817
0.997817
0.997818
0.997818
0.997819
0.997819
0.997819
0.99782
0.99782
0.99782
0.997819
0.997818
0.997816
0.997813
0.997808
0.997801
0.997791
0.997778
0.997762
0.998067
0.998082
0.998094
0.998103
0.998109
0.998114
0.998117
0.998119
0.99812
0.99812
0.998121
0.99812
0.99812
0.99812
0.998119
0.998119
0.998118
0.998118
0.998117
0.998117
0.998116
0.998116
0.998116
0.998115
0.998115
0.998115
0.998115
0.998115
0.998115
0.998115
0.998115
0.998115
0.998115
0.998115
0.998115
0.998115
0.998115
0.998116
0.998116
0.998116
0.998117
0.998117
0.998118
0.998118
0.998119
0.998119
0.99812
0.99812
0.99812
0.998121
0.99812
0.99812
0.998119
0.998117
0.998114
0.998109
0.998103
0.998094
0.998082
0.998067
0.998341
0.998354
0.998365
0.998373
0.998379
0.998383
0.998386
0.998388
0.998389
0.998389
0.998389
0.998389
0.998389
0.998389
0.998388
0.998388
0.998387
0.998386
0.998386
0.998386
0.998385
0.998385
0.998384
0.998384
0.998384
0.998384
0.998384
0.998383
0.998383
0.998383
0.998383
0.998383
0.998383
0.998384
0.998384
0.998384
0.998384
0.998384
0.998385
0.998385
0.998386
0.998386
0.998386
0.998387
0.998388
0.998388
0.998389
0.998389
0.998389
0.998389
0.998389
0.998389
0.998388
0.998386
0.998383
0.998379
0.998373
0.998365
0.998354
0.998341
0.998585
0.998597
0.998607
0.998614
0.99862
0.998624
0.998626
0.998628
0.998629
0.998629
0.998629
0.998629
0.998629
0.998628
0.998628
0.998627
0.998627
0.998626
0.998626
0.998625
0.998625
0.998625
0.998624
0.998624
0.998624
0.998623
0.998623
0.998623
0.998623
0.998623
0.998623
0.998623
0.998623
0.998623
0.998623
0.998624
0.998624
0.998624
0.998625
0.998625
0.998625
0.998626
0.998626
0.998627
0.998627
0.998628
0.998628
0.998629
0.998629
0.998629
0.998629
0.998629
0.998628
0.998626
0.998624
0.99862
0.998614
0.998607
0.998597
0.998585
0.998803
0.998814
0.998822
0.998829
0.998834
0.998838
0.99884
0.998842
0.998843
0.998843
0.998843
0.998843
0.998843
0.998842
0.998842
0.998841
0.998841
0.99884
0.99884
0.998839
0.998839
0.998838
0.998838
0.998838
0.998837
0.998837
0.998837
0.998837
0.998837
0.998837
0.998837
0.998837
0.998837
0.998837
0.998837
0.998837
0.998838
0.998838
0.998838
0.998839
0.998839
0.99884
0.99884
0.998841
0.998841
0.998842
0.998842
0.998843
0.998843
0.998843
0.998843
0.998843
0.998842
0.99884
0.998838
0.998834
0.998829
0.998822
0.998814
0.998803
0.998997
0.999006
0.999014
0.99902
0.999025
0.999028
0.999031
0.999032
0.999033
0.999033
0.999033
0.999033
0.999033
0.999032
0.999032
0.999031
0.999031
0.99903
0.99903
0.999029
0.999029
0.999028
0.999028
0.999028
0.999027
0.999027
0.999027
0.999027
0.999027
0.999027
0.999027
0.999027
0.999027
0.999027
0.999027
0.999027
0.999028
0.999028
0.999028
0.999029
0.999029
0.99903
0.99903
0.999031
0.999031
0.999032
0.999032
0.999033
0.999033
0.999033
0.999033
0.999033
0.999032
0.999031
0.999028
0.999025
0.99902
0.999014
0.999006
0.998997
0.999169
0.999177
0.999185
0.99919
0.999194
0.999197
0.999199
0.999201
0.999202
0.999202
0.999202
0.999202
0.999201
0.999201
0.9992
0.9992
0.999199
0.999199
0.999198
0.999198
0.999197
0.999197
0.999196
0.999196
0.999196
0.999196
0.999195
0.999195
0.999195
0.999195
0.999195
0.999195
0.999195
0.999195
0.999196
0.999196
0.999196
0.999196
0.999197
0.999197
0.999198
0.999198
0.999199
0.999199
0.9992
0.9992
0.999201
0.999201
0.999202
0.999202
0.999202
0.999202
0.999201
0.999199
0.999197
0.999194
0.99919
0.999185
0.999177
0.999169
0.999321
0.999329
0.999335
0.99934
0.999344
0.999347
0.999349
0.99935
0.999351
0.999351
0.999351
0.999351
0.99935
0.99935
0.999349
0.999349
0.999348
0.999348
0.999347
0.999347
0.999346
0.999346
0.999345
0.999345
0.999345
0.999345
0.999344
0.999344
0.999344
0.999344
0.999344
0.999344
0.999344
0.999344
0.999345
0.999345
0.999345
0.999345
0.999346
0.999346
0.999347
0.999347
0.999348
0.999348
0.999349
0.999349
0.99935
0.99935
0.999351
0.999351
0.999351
0.999351
0.99935
0.999349
0.999347
0.999344
0.99934
0.999335
0.999329
0.999321
0.999456
0.999463
0.999468
0.999473
0.999476
0.999479
0.999481
0.999482
0.999482
0.999483
0.999483
0.999482
0.999482
0.999482
0.999481
0.99948
0.99948
0.999479
0.999479
0.999478
0.999478
0.999477
0.999477
0.999477
0.999476
0.999476
0.999476
0.999476
0.999476
0.999476
0.999476
0.999476
0.999476
0.999476
0.999476
0.999476
0.999477
0.999477
0.999477
0.999478
0.999478
0.999479
0.999479
0.99948
0.99948
0.999481
0.999482
0.999482
0.999482
0.999483
0.999483
0.999482
0.999482
0.999481
0.999479
0.999476
0.999473
0.999468
0.999463
0.999456
0.999574
0.99958
0.999585
0.999589
0.999593
0.999595
0.999597
0.999598
0.999598
0.999598
0.999598
0.999598
0.999598
0.999597
0.999597
0.999596
0.999596
0.999595
0.999594
0.999594
0.999593
0.999593
0.999593
0.999592
0.999592
0.999592
0.999592
0.999591
0.999591
0.999591
0.999591
0.999591
0.999591
0.999592
0.999592
0.999592
0.999592
0.999593
0.999593
0.999593
0.999594
0.999594
0.999595
0.999596
0.999596
0.999597
0.999597
0.999598
0.999598
0.999598
0.999598
0.999598
0.999598
0.999597
0.999595
0.999593
0.999589
0.999585
0.99958
0.999574
0.999678
0.999683
0.999688
0.999692
0.999694
0.999697
0.999698
0.999699
0.999699
0.9997
0.9997
0.999699
0.999699
0.999698
0.999698
0.999697
0.999697
0.999696
0.999696
0.999695
0.999695
0.999694
0.999694
0.999693
0.999693
0.999693
0.999693
0.999693
0.999692
0.999692
0.999692
0.999692
0.999693
0.999693
0.999693
0.999693
0.999693
0.999694
0.999694
0.999695
0.999695
0.999696
0.999696
0.999697
0.999697
0.999698
0.999698
0.999699
0.999699
0.9997
0.9997
0.999699
0.999699
0.999698
0.999697
0.999694
0.999692
0.999688
0.999683
0.999678
0.999768
0.999773
0.999777
0.999781
0.999783
0.999785
0.999786
0.999787
0.999788
0.999788
0.999788
0.999788
0.999787
0.999787
0.999786
0.999786
0.999785
0.999784
0.999784
0.999783
0.999783
0.999782
0.999782
0.999782
0.999781
0.999781
0.999781
0.999781
0.999781
0.999781
0.999781
0.999781
0.999781
0.999781
0.999781
0.999781
0.999782
0.999782
0.999782
0.999783
0.999783
0.999784
0.999784
0.999785
0.999786
0.999786
0.999787
0.999787
0.999788
0.999788
0.999788
0.999788
0.999787
0.999786
0.999785
0.999783
0.999781
0.999777
0.999773
0.999768
0.999847
0.999851
0.999855
0.999858
0.99986
0.999862
0.999863
0.999864
0.999864
0.999864
0.999864
0.999864
0.999863
0.999863
0.999862
0.999862
0.999861
0.999861
0.99986
0.99986
0.999859
0.999859
0.999858
0.999858
0.999858
0.999857
0.999857
0.999857
0.999857
0.999857
0.999857
0.999857
0.999857
0.999857
0.999857
0.999858
0.999858
0.999858
0.999859
0.999859
0.99986
0.99986
0.999861
0.999861
0.999862
0.999862
0.999863
0.999863
0.999864
0.999864
0.999864
0.999864
0.999864
0.999863
0.999862
0.99986
0.999858
0.999855
0.999851
0.999847
0.999914
0.999918
0.999921
0.999924
0.999926
0.999927
0.999929
0.999929
0.99993
0.99993
0.99993
0.999929
0.999929
0.999929
0.999928
0.999928
0.999927
0.999926
0.999926
0.999925
0.999925
0.999924
0.999924
0.999924
0.999923
0.999923
0.999923
0.999923
0.999923
0.999923
0.999923
0.999923
0.999923
0.999923
0.999923
0.999923
0.999924
0.999924
0.999924
0.999925
0.999925
0.999926
0.999926
0.999927
0.999928
0.999928
0.999929
0.999929
0.999929
0.99993
0.99993
0.99993
0.999929
0.999929
0.999927
0.999926
0.999924
0.999921
0.999918
0.999914
0.999971
0.999975
0.999978
0.99998
0.999982
0.999983
0.999984
0.999985
0.999985
0.999986
0.999985
0.999985
0.999985
0.999984
0.999984
0.999983
0.999983
0.999982
0.999982
0.999981
0.999981
0.99998
0.99998
0.999979
0.999979
0.999979
0.999979
0.999979
0.999978
0.999978
0.999978
0.999978
0.999979
0.999979
0.999979
0.999979
0.999979
0.99998
0.99998
0.999981
0.999981
0.999982
0.999982
0.999983
0.999983
0.999984
0.999984
0.999985
0.999985
0.999985
0.999986
0.999985
0.999985
0.999984
0.999983
0.999982
0.99998
0.999978
0.999975
0.999971
1.00002
1.00002
1.00003
1.00003
1.00003
1.00003
1.00003
1.00003
1.00003
1.00003
1.00003
1.00003
1.00003
1.00003
1.00003
1.00003
1.00003
1.00003
1.00003
1.00003
1.00003
1.00003
1.00003
1.00003
1.00003
1.00003
1.00003
1.00003
1.00003
1.00003
1.00003
1.00003
1.00003
1.00003
1.00003
1.00003
1.00003
1.00003
1.00003
1.00003
1.00003
1.00003
1.00003
1.00003
1.00003
1.00003
1.00003
1.00003
1.00003
1.00003
1.00003
1.00003
1.00003
1.00003
1.00003
1.00003
1.00003
1.00003
1.00002
1.00002
1.00006
1.00006
1.00006
1.00007
1.00007
1.00007
1.00007
1.00007
1.00007
1.00007
1.00007
1.00007
1.00007
1.00007
1.00007
1.00007
1.00007
1.00007
1.00007
1.00007
1.00007
1.00007
1.00007
1.00007
1.00006
1.00006
1.00006
1.00006
1.00006
1.00006
1.00006
1.00006
1.00006
1.00006
1.00006
1.00006
1.00007
1.00007
1.00007
1.00007
1.00007
1.00007
1.00007
1.00007
1.00007
1.00007
1.00007
1.00007
1.00007
1.00007
1.00007
1.00007
1.00007
1.00007
1.00007
1.00007
1.00007
1.00006
1.00006
1.00006
1.00009
1.00009
1.0001
1.0001
1.0001
1.0001
1.0001
1.0001
1.0001
1.0001
1.0001
1.0001
1.0001
1.0001
1.0001
1.0001
1.0001
1.0001
1.0001
1.0001
1.0001
1.0001
1.0001
1.0001
1.0001
1.0001
1.0001
1.0001
1.0001
1.0001
1.0001
1.0001
1.0001
1.0001
1.0001
1.0001
1.0001
1.0001
1.0001
1.0001
1.0001
1.0001
1.0001
1.0001
1.0001
1.0001
1.0001
1.0001
1.0001
1.0001
1.0001
1.0001
1.0001
1.0001
1.0001
1.0001
1.0001
1.0001
1.00009
1.00009
1.00012
1.00012
1.00012
1.00012
1.00012
1.00012
1.00013
1.00013
1.00013
1.00013
1.00013
1.00013
1.00013
1.00013
1.00012
1.00012
1.00012
1.00012
1.00012
1.00012
1.00012
1.00012
1.00012
1.00012
1.00012
1.00012
1.00012
1.00012
1.00012
1.00012
1.00012
1.00012
1.00012
1.00012
1.00012
1.00012
1.00012
1.00012
1.00012
1.00012
1.00012
1.00012
1.00012
1.00012
1.00012
1.00012
1.00013
1.00013
1.00013
1.00013
1.00013
1.00013
1.00013
1.00013
1.00012
1.00012
1.00012
1.00012
1.00012
1.00012
1.00014
1.00014
1.00014
1.00014
1.00014
1.00014
1.00014
1.00014
1.00014
1.00014
1.00014
1.00014
1.00014
1.00014
1.00014
1.00014
1.00014
1.00014
1.00014
1.00014
1.00014
1.00014
1.00014
1.00014
1.00014
1.00014
1.00014
1.00014
1.00014
1.00014
1.00014
1.00014
1.00014
1.00014
1.00014
1.00014
1.00014
1.00014
1.00014
1.00014
1.00014
1.00014
1.00014
1.00014
1.00014
1.00014
1.00014
1.00014
1.00014
1.00014
1.00014
1.00014
1.00014
1.00014
1.00014
1.00014
1.00014
1.00014
1.00014
1.00014
1.00015
1.00015
1.00015
1.00015
1.00015
1.00016
1.00016
1.00016
1.00016
1.00016
1.00016
1.00016
1.00016
1.00016
1.00015
1.00015
1.00015
1.00015
1.00015
1.00015
1.00015
1.00015
1.00015
1.00015
1.00015
1.00015
1.00015
1.00015
1.00015
1.00015
1.00015
1.00015
1.00015
1.00015
1.00015
1.00015
1.00015
1.00015
1.00015
1.00015
1.00015
1.00015
1.00015
1.00015
1.00015
1.00015
1.00016
1.00016
1.00016
1.00016
1.00016
1.00016
1.00016
1.00016
1.00016
1.00015
1.00015
1.00015
1.00015
1.00015
1.00016
1.00016
1.00016
1.00016
1.00016
1.00016
1.00016
1.00016
1.00016
1.00016
1.00016
1.00016
1.00016
1.00016
1.00016
1.00016
1.00016
1.00016
1.00016
1.00016
1.00016
1.00016
1.00016
1.00016
1.00016
1.00016
1.00016
1.00016
1.00016
1.00016
1.00016
1.00016
1.00016
1.00016
1.00016
1.00016
1.00016
1.00016
1.00016
1.00016
1.00016
1.00016
1.00016
1.00016
1.00016
1.00016
1.00016
1.00016
1.00016
1.00016
1.00016
1.00016
1.00016
1.00016
1.00016
1.00016
1.00016
1.00016
1.00016
1.00016
1.00016
1.00016
1.00016
1.00016
1.00016
1.00016
1.00016
1.00016
1.00016
1.00016
1.00016
1.00016
1.00016
1.00016
1.00016
1.00016
1.00016
1.00016
1.00016
1.00016
1.00016
1.00016
1.00016
1.00016
1.00016
1.00016
1.00016
1.00016
1.00016
1.00016
1.00016
1.00016
1.00016
1.00016
1.00016
1.00016
1.00016
1.00016
1.00016
1.00016
1.00016
1.00016
1.00016
1.00016
1.00016
1.00016
1.00016
1.00016
1.00016
1.00016
1.00016
1.00016
1.00016
1.00016
1.00016
1.00016
1.00016
1.00016
1.00016
1.00016
1.00016
1.00016
1.00016
1.00016
1.00016
1.00016
1.00016
1.00016
1.00016
1.00016
1.00016
1.00016
1.00016
1.00016
1.00016
1.00016
1.00016
1.00016
1.00016
1.00016
1.00016
1.00016
1.00016
1.00016
1.00016
1.00016
1.00016
1.00016
1.00016
1.00016
1.00016
1.00016
1.00016
1.00016
1.00016
1.00016
1.00016
1.00016
1.00016
1.00016
1.00016
1.00016
1.00016
1.00016
1.00016
1.00016
1.00016
1.00016
1.00016
1.00016
1.00016
1.00016
1.00016
1.00016
1.00016
1.00016
1.00016
1.00016
1.00016
1.00016
1.00015
1.00015
1.00015
1.00015
1.00015
1.00015
1.00015
1.00015
1.00015
1.00015
1.00015
1.00015
1.00015
1.00015
1.00015
1.00015
1.00015
1.00015
1.00015
1.00015
1.00015
1.00015
1.00015
1.00015
1.00015
1.00015
1.00015
1.00015
1.00015
1.00015
1.00015
1.00015
1.00015
1.00015
1.00015
1.00015
1.00015
1.00015
1.00015
1.00015
1.00015
1.00015
1.00015
1.00015
1.00015
1.00015
1.00015
1.00015
1.00015
1.00015
1.00015
1.00015
1.00015
1.00015
1.00015
1.00015
1.00015
1.00015
1.00015
1.00015
1.00014
1.00014
1.00014
1.00014
1.00014
1.00014
1.00014
1.00014
1.00014
1.00014
1.00014
1.00014
1.00014
1.00014
1.00014
1.00014
1.00014
1.00014
1.00014
1.00014
1.00014
1.00014
1.00014
1.00014
1.00014
1.00014
1.00014
1.00014
1.00014
1.00014
1.00014
1.00014
1.00014
1.00014
1.00014
1.00014
1.00014
1.00014
1.00014
1.00014
1.00014
1.00014
1.00014
1.00014
1.00014
1.00014
1.00014
1.00014
1.00014
1.00014
1.00014
1.00014
1.00014
1.00014
1.00014
1.00014
1.00014
1.00014
1.00014
1.00014
1.00013
1.00013
1.00013
1.00013
1.00013
1.00013
1.00013
1.00013
1.00013
1.00013
1.00013
1.00013
1.00013
1.00013
1.00013
1.00013
1.00013
1.00013
1.00013
1.00013
1.00013
1.00013
1.00013
1.00013
1.00013
1.00013
1.00013
1.00012
1.00012
1.00012
1.00012
1.00012
1.00012
1.00013
1.00013
1.00013
1.00013
1.00013
1.00013
1.00013
1.00013
1.00013
1.00013
1.00013
1.00013
1.00013
1.00013
1.00013
1.00013
1.00013
1.00013
1.00013
1.00013
1.00013
1.00013
1.00013
1.00013
1.00013
1.00013
1.00013
1.00011
1.00011
1.00011
1.00011
1.00011
1.00011
1.00011
1.00011
1.00011
1.00011
1.00011
1.00011
1.00011
1.00011
1.00011
1.00011
1.00011
1.00011
1.00011
1.00011
1.00011
1.00011
1.00011
1.00011
1.00011
1.00011
1.00011
1.00011
1.00011
1.00011
1.00011
1.00011
1.00011
1.00011
1.00011
1.00011
1.00011
1.00011
1.00011
1.00011
1.00011
1.00011
1.00011
1.00011
1.00011
1.00011
1.00011
1.00011
1.00011
1.00011
1.00011
1.00011
1.00011
1.00011
1.00011
1.00011
1.00011
1.00011
1.00011
1.00011
1.00009
1.00009
1.00009
1.00009
1.00009
1.00009
1.00009
1.00009
1.00009
1.00009
1.00009
1.00009
1.00009
1.00009
1.00009
1.00009
1.00009
1.00009
1.00009
1.00009
1.00009
1.00009
1.00009
1.00009
1.00009
1.00009
1.00009
1.00009
1.00009
1.00009
1.00009
1.00009
1.00009
1.00009
1.00009
1.00009
1.00009
1.00009
1.00009
1.00009
1.00009
1.00009
1.00009
1.00009
1.00009
1.00009
1.00009
1.00009
1.00009
1.00009
1.00009
1.00009
1.00009
1.00009
1.00009
1.00009
1.00009
1.00009
1.00009
1.00009
1.00008
1.00007
1.00007
1.00007
1.00007
1.00007
1.00007
1.00007
1.00007
1.00007
1.00007
1.00007
1.00007
1.00007
1.00007
1.00007
1.00007
1.00007
1.00007
1.00007
1.00007
1.00007
1.00007
1.00007
1.00007
1.00007
1.00007
1.00007
1.00007
1.00007
1.00007
1.00007
1.00007
1.00007
1.00007
1.00007
1.00007
1.00007
1.00007
1.00007
1.00007
1.00007
1.00007
1.00007
1.00007
1.00007
1.00007
1.00007
1.00007
1.00007
1.00007
1.00007
1.00007
1.00007
1.00007
1.00007
1.00007
1.00007
1.00007
1.00008
1.00006
1.00005
1.00005
1.00005
1.00005
1.00005
1.00005
1.00005
1.00005
1.00005
1.00005
1.00005
1.00005
1.00005
1.00005
1.00005
1.00005
1.00005
1.00005
1.00005
1.00005
1.00005
1.00005
1.00005
1.00005
1.00005
1.00005
1.00005
1.00005
1.00005
1.00005
1.00005
1.00005
1.00005
1.00005
1.00005
1.00005
1.00005
1.00005
1.00005
1.00005
1.00005
1.00005
1.00005
1.00005
1.00005
1.00005
1.00005
1.00005
1.00005
1.00005
1.00005
1.00005
1.00005
1.00005
1.00005
1.00005
1.00005
1.00005
1.00006
1.00003
1.00002
1.00002
1.00002
1.00002
1.00002
1.00002
1.00002
1.00002
1.00002
1.00002
1.00002
1.00002
1.00002
1.00002
1.00002
1.00002
1.00002
1.00002
1.00002
1.00002
1.00002
1.00002
1.00002
1.00002
1.00002
1.00002
1.00002
1.00002
1.00002
1.00002
1.00002
1.00002
1.00002
1.00002
1.00002
1.00002
1.00002
1.00002
1.00002
1.00002
1.00002
1.00002
1.00002
1.00002
1.00002
1.00002
1.00002
1.00002
1.00002
1.00002
1.00002
1.00002
1.00002
1.00002
1.00002
1.00002
1.00002
1.00002
1.00003
)
;

boundaryField
{
    top
    {
        type            fixedValue;
        value           uniform 1;
    }
    bottom
    {
        type            fixedIonicFlux;
        value           nonuniform List<scalar> 
60
(
1.05951e-06
1.06101e-06
1.06137e-06
1.06162e-06
1.06182e-06
1.06201e-06
1.06218e-06
1.06233e-06
1.06247e-06
1.0626e-06
1.06272e-06
1.06282e-06
1.06292e-06
1.06301e-06
1.06309e-06
1.06317e-06
1.06324e-06
1.0633e-06
1.06336e-06
1.06341e-06
1.06345e-06
1.06349e-06
1.06353e-06
1.06356e-06
1.06359e-06
1.06361e-06
1.06363e-06
1.06364e-06
1.06365e-06
1.06365e-06
1.06365e-06
1.06365e-06
1.06364e-06
1.06363e-06
1.06361e-06
1.06359e-06
1.06356e-06
1.06353e-06
1.06349e-06
1.06345e-06
1.06341e-06
1.06336e-06
1.0633e-06
1.06324e-06
1.06317e-06
1.06309e-06
1.06301e-06
1.06292e-06
1.06282e-06
1.06272e-06
1.0626e-06
1.06247e-06
1.06233e-06
1.06218e-06
1.06201e-06
1.06182e-06
1.06162e-06
1.06137e-06
1.06101e-06
1.05951e-06
)
;
    }
    wall
    {
        type            zeroGradient;
    }
    frontAndBack
    {
        type            empty;
    }
}


// ************************************************************************* //
