/*--------------------------------*- C++ -*----------------------------------*\
| =========                 |                                                 |
| \\      /  F ield         | foam-extend: Open Source CFD                    |
|  \\    /   O peration     | Version:     4.0                                |
|   \\  /    A nd           | Web:         http://www.foam-extend.org         |
|    \\/     M anipulation  |                                                 |
\*---------------------------------------------------------------------------*/
FoamFile
{
    version     2.0;
    format      ascii;
    class       volScalarField;
    location    "600";
    object      cPlus;
}
// * * * * * * * * * * * * * * * * * * * * * * * * * * * * * * * * * * * * * //

dimensions      [0 0 0 0 0 0 0];

internalField   nonuniform List<scalar> 
6960
(
0.342386
0.342381
0.342374
0.342368
0.342361
0.342355
0.342349
0.342343
0.342338
0.342334
0.342329
0.342325
0.342322
0.342318
0.342315
0.342313
0.34231
0.342308
0.342306
0.342304
0.342303
0.342302
0.3423
0.342299
0.342299
0.342298
0.342297
0.342297
0.342297
0.342297
0.342297
0.342297
0.342297
0.342297
0.342298
0.342299
0.342299
0.3423
0.342302
0.342303
0.342304
0.342306
0.342308
0.34231
0.342313
0.342315
0.342318
0.342322
0.342325
0.342329
0.342334
0.342338
0.342343
0.342349
0.342355
0.342361
0.342368
0.342374
0.342381
0.342386
0.119931
0.119927
0.119922
0.119916
0.119911
0.119906
0.119902
0.119897
0.119893
0.119889
0.119886
0.119883
0.11988
0.119877
0.119875
0.119873
0.119871
0.119869
0.119868
0.119866
0.119865
0.119864
0.119863
0.119862
0.119862
0.119861
0.119861
0.11986
0.11986
0.11986
0.11986
0.11986
0.11986
0.119861
0.119861
0.119862
0.119862
0.119863
0.119864
0.119865
0.119866
0.119868
0.119869
0.119871
0.119873
0.119875
0.119877
0.11988
0.119883
0.119886
0.119889
0.119893
0.119897
0.119902
0.119906
0.119911
0.119916
0.119922
0.119927
0.119931
0.0496905
0.049688
0.0496848
0.0496814
0.049678
0.0496748
0.0496718
0.049669
0.0496664
0.049664
0.0496618
0.0496597
0.0496579
0.0496562
0.0496547
0.0496533
0.0496521
0.049651
0.04965
0.0496491
0.0496483
0.0496477
0.0496471
0.0496466
0.0496462
0.0496458
0.0496455
0.0496453
0.0496452
0.0496451
0.0496451
0.0496452
0.0496453
0.0496455
0.0496458
0.0496462
0.0496466
0.0496471
0.0496477
0.0496483
0.0496491
0.04965
0.049651
0.0496521
0.0496533
0.0496547
0.0496562
0.0496579
0.0496597
0.0496618
0.049664
0.0496664
0.049669
0.0496718
0.0496748
0.049678
0.0496814
0.0496848
0.049688
0.0496905
0.0228634
0.0228622
0.0228604
0.0228585
0.0228567
0.0228549
0.0228532
0.0228517
0.0228502
0.0228489
0.0228477
0.0228466
0.0228455
0.0228446
0.0228438
0.022843
0.0228423
0.0228417
0.0228412
0.0228407
0.0228402
0.0228399
0.0228395
0.0228393
0.022839
0.0228388
0.0228387
0.0228386
0.0228385
0.0228385
0.0228385
0.0228385
0.0228386
0.0228387
0.0228388
0.022839
0.0228393
0.0228395
0.0228399
0.0228402
0.0228407
0.0228412
0.0228417
0.0228423
0.022843
0.0228438
0.0228446
0.0228455
0.0228466
0.0228477
0.0228489
0.0228502
0.0228517
0.0228532
0.0228549
0.0228567
0.0228585
0.0228604
0.0228622
0.0228634
0.0119208
0.0119203
0.0119196
0.0119187
0.0119179
0.0119171
0.0119164
0.0119157
0.011915
0.0119144
0.0119139
0.0119134
0.0119129
0.0119125
0.0119121
0.0119118
0.0119114
0.0119112
0.0119109
0.0119107
0.0119105
0.0119103
0.0119102
0.0119101
0.01191
0.0119099
0.0119098
0.0119098
0.0119097
0.0119097
0.0119097
0.0119097
0.0119098
0.0119098
0.0119099
0.01191
0.0119101
0.0119102
0.0119103
0.0119105
0.0119107
0.0119109
0.0119112
0.0119114
0.0119118
0.0119121
0.0119125
0.0119129
0.0119134
0.0119139
0.0119144
0.011915
0.0119157
0.0119164
0.0119171
0.0119179
0.0119187
0.0119196
0.0119203
0.0119208
0.00739379
0.00739382
0.00739367
0.00739347
0.00739326
0.00739306
0.00739286
0.00739268
0.00739251
0.00739235
0.00739221
0.00739208
0.00739196
0.00739185
0.00739175
0.00739166
0.00739158
0.00739151
0.00739145
0.00739139
0.00739134
0.00739129
0.00739126
0.00739122
0.00739119
0.00739117
0.00739115
0.00739114
0.00739113
0.00739113
0.00739113
0.00739113
0.00739114
0.00739115
0.00739117
0.00739119
0.00739122
0.00739126
0.00739129
0.00739134
0.00739139
0.00739145
0.00739151
0.00739158
0.00739166
0.00739175
0.00739185
0.00739196
0.00739208
0.00739221
0.00739235
0.00739251
0.00739268
0.00739286
0.00739306
0.00739326
0.00739347
0.00739367
0.00739382
0.00739379
0.00554273
0.00554303
0.00554322
0.00554338
0.00554351
0.00554364
0.00554375
0.00554386
0.00554396
0.00554405
0.00554413
0.00554421
0.00554428
0.00554434
0.0055444
0.00554445
0.0055445
0.00554454
0.00554458
0.00554461
0.00554464
0.00554467
0.00554469
0.00554471
0.00554472
0.00554474
0.00554475
0.00554475
0.00554476
0.00554476
0.00554476
0.00554476
0.00554475
0.00554475
0.00554474
0.00554472
0.00554471
0.00554469
0.00554467
0.00554464
0.00554461
0.00554458
0.00554454
0.0055445
0.00554445
0.0055444
0.00554434
0.00554428
0.00554421
0.00554413
0.00554405
0.00554396
0.00554386
0.00554375
0.00554364
0.00554351
0.00554338
0.00554322
0.00554303
0.00554273
0.00480966
0.0048101
0.00481047
0.00481081
0.00481113
0.00481143
0.0048117
0.00481196
0.0048122
0.00481242
0.00481262
0.00481281
0.00481298
0.00481313
0.00481327
0.0048134
0.00481351
0.00481361
0.0048137
0.00481378
0.00481385
0.00481392
0.00481397
0.00481402
0.00481405
0.00481409
0.00481411
0.00481413
0.00481414
0.00481415
0.00481415
0.00481414
0.00481413
0.00481411
0.00481409
0.00481405
0.00481402
0.00481397
0.00481392
0.00481385
0.00481378
0.0048137
0.00481361
0.00481351
0.0048134
0.00481327
0.00481313
0.00481298
0.00481281
0.00481262
0.00481242
0.0048122
0.00481196
0.0048117
0.00481143
0.00481113
0.00481081
0.00481047
0.0048101
0.00480966
0.00453831
0.00453881
0.00453928
0.00453971
0.00454012
0.00454051
0.00454086
0.0045412
0.00454151
0.00454179
0.00454205
0.00454229
0.00454251
0.00454271
0.00454289
0.00454305
0.0045432
0.00454333
0.00454345
0.00454355
0.00454365
0.00454373
0.0045438
0.00454386
0.00454391
0.00454395
0.00454398
0.004544
0.00454402
0.00454403
0.00454403
0.00454402
0.004544
0.00454398
0.00454395
0.00454391
0.00454386
0.0045438
0.00454373
0.00454365
0.00454355
0.00454345
0.00454333
0.0045432
0.00454305
0.00454289
0.00454271
0.00454251
0.00454229
0.00454205
0.00454179
0.00454151
0.0045412
0.00454086
0.00454051
0.00454012
0.00453971
0.00453928
0.00453881
0.00453831
0.00445469
0.00445524
0.00445575
0.00445623
0.00445668
0.00445711
0.00445751
0.00445788
0.00445822
0.00445854
0.00445883
0.0044591
0.00445934
0.00445956
0.00445976
0.00445995
0.00446011
0.00446026
0.00446039
0.0044605
0.00446061
0.0044607
0.00446077
0.00446084
0.00446089
0.00446094
0.00446098
0.004461
0.00446102
0.00446103
0.00446103
0.00446102
0.004461
0.00446098
0.00446094
0.00446089
0.00446084
0.00446077
0.0044607
0.00446061
0.0044605
0.00446039
0.00446026
0.00446011
0.00445995
0.00445976
0.00445956
0.00445934
0.0044591
0.00445883
0.00445854
0.00445822
0.00445788
0.00445751
0.00445711
0.00445668
0.00445623
0.00445575
0.00445524
0.00445469
0.00444653
0.0044471
0.00444763
0.00444814
0.00444862
0.00444907
0.00444949
0.00444988
0.00445024
0.00445057
0.00445088
0.00445116
0.00445142
0.00445165
0.00445186
0.00445205
0.00445223
0.00445238
0.00445252
0.00445264
0.00445275
0.00445284
0.00445292
0.00445299
0.00445305
0.0044531
0.00445314
0.00445317
0.00445319
0.00445319
0.00445319
0.00445319
0.00445317
0.00445314
0.0044531
0.00445305
0.00445299
0.00445292
0.00445284
0.00445275
0.00445264
0.00445252
0.00445238
0.00445223
0.00445205
0.00445186
0.00445165
0.00445142
0.00445116
0.00445088
0.00445057
0.00445024
0.00444988
0.00444949
0.00444907
0.00444862
0.00444814
0.00444763
0.0044471
0.00444653
0.00446889
0.00446947
0.00447002
0.00447053
0.00447103
0.00447149
0.00447192
0.00447233
0.0044727
0.00447304
0.00447336
0.00447365
0.00447391
0.00447415
0.00447437
0.00447457
0.00447474
0.0044749
0.00447504
0.00447517
0.00447528
0.00447538
0.00447546
0.00447553
0.00447559
0.00447564
0.00447568
0.00447571
0.00447573
0.00447574
0.00447574
0.00447573
0.00447571
0.00447568
0.00447564
0.00447559
0.00447553
0.00447546
0.00447538
0.00447528
0.00447517
0.00447504
0.0044749
0.00447474
0.00447457
0.00447437
0.00447415
0.00447391
0.00447365
0.00447336
0.00447304
0.0044727
0.00447233
0.00447192
0.00447149
0.00447103
0.00447053
0.00447002
0.00446947
0.00446889
0.00450426
0.00450486
0.00450541
0.00450594
0.00450644
0.00450692
0.00450736
0.00450777
0.00450815
0.0045085
0.00450882
0.00450912
0.00450939
0.00450963
0.00450985
0.00451005
0.00451024
0.0045104
0.00451054
0.00451067
0.00451079
0.00451088
0.00451097
0.00451104
0.00451111
0.00451116
0.0045112
0.00451123
0.00451124
0.00451125
0.00451125
0.00451124
0.00451123
0.0045112
0.00451116
0.00451111
0.00451104
0.00451097
0.00451088
0.00451079
0.00451067
0.00451054
0.0045104
0.00451024
0.00451005
0.00450985
0.00450963
0.00450939
0.00450912
0.00450882
0.0045085
0.00450815
0.00450777
0.00450736
0.00450692
0.00450644
0.00450594
0.00450541
0.00450486
0.00450426
0.00454611
0.00454671
0.00454728
0.00454781
0.00454833
0.00454881
0.00454926
0.00454967
0.00455006
0.00455042
0.00455075
0.00455105
0.00455132
0.00455157
0.0045518
0.004552
0.00455218
0.00455235
0.0045525
0.00455263
0.00455274
0.00455284
0.00455293
0.00455301
0.00455307
0.00455312
0.00455316
0.00455319
0.00455321
0.00455322
0.00455322
0.00455321
0.00455319
0.00455316
0.00455312
0.00455307
0.00455301
0.00455293
0.00455284
0.00455274
0.00455263
0.0045525
0.00455235
0.00455218
0.004552
0.0045518
0.00455157
0.00455132
0.00455105
0.00455075
0.00455042
0.00455006
0.00454967
0.00454926
0.00454881
0.00454833
0.00454781
0.00454728
0.00454671
0.00454611
0.00459213
0.00459274
0.00459332
0.00459387
0.00459439
0.00459487
0.00459533
0.00459576
0.00459615
0.00459651
0.00459685
0.00459715
0.00459743
0.00459768
0.00459791
0.00459812
0.00459831
0.00459848
0.00459863
0.00459876
0.00459888
0.00459898
0.00459907
0.00459915
0.00459921
0.00459926
0.0045993
0.00459933
0.00459935
0.00459936
0.00459936
0.00459935
0.00459933
0.0045993
0.00459926
0.00459921
0.00459915
0.00459907
0.00459898
0.00459888
0.00459876
0.00459863
0.00459848
0.00459831
0.00459812
0.00459791
0.00459768
0.00459743
0.00459715
0.00459685
0.00459651
0.00459615
0.00459576
0.00459533
0.00459487
0.00459439
0.00459387
0.00459332
0.00459274
0.00459213
0.00464166
0.00464229
0.00464287
0.00464343
0.00464396
0.00464446
0.00464492
0.00464535
0.00464575
0.00464612
0.00464646
0.00464677
0.00464705
0.00464731
0.00464755
0.00464776
0.00464795
0.00464812
0.00464827
0.00464841
0.00464853
0.00464863
0.00464872
0.0046488
0.00464887
0.00464892
0.00464896
0.00464899
0.00464901
0.00464902
0.00464902
0.00464901
0.00464899
0.00464896
0.00464892
0.00464887
0.0046488
0.00464872
0.00464863
0.00464853
0.00464841
0.00464827
0.00464812
0.00464795
0.00464776
0.00464755
0.00464731
0.00464705
0.00464677
0.00464646
0.00464612
0.00464575
0.00464535
0.00464492
0.00464446
0.00464396
0.00464343
0.00464287
0.00464229
0.00464166
0.00469466
0.0046953
0.00469589
0.00469646
0.004697
0.00469751
0.00469798
0.00469842
0.00469883
0.0046992
0.00469955
0.00469986
0.00470015
0.00470042
0.00470065
0.00470087
0.00470106
0.00470124
0.00470139
0.00470153
0.00470165
0.00470176
0.00470185
0.00470193
0.004702
0.00470205
0.00470209
0.00470213
0.00470215
0.00470216
0.00470216
0.00470215
0.00470213
0.00470209
0.00470205
0.004702
0.00470193
0.00470185
0.00470176
0.00470165
0.00470153
0.00470139
0.00470124
0.00470106
0.00470087
0.00470065
0.00470042
0.00470015
0.00469986
0.00469955
0.0046992
0.00469883
0.00469842
0.00469798
0.00469751
0.004697
0.00469646
0.00469589
0.0046953
0.00469466
0.00475133
0.00475198
0.00475259
0.00475316
0.00475371
0.00475423
0.00475471
0.00475516
0.00475558
0.00475596
0.00475631
0.00475663
0.00475693
0.00475719
0.00475744
0.00475766
0.00475786
0.00475803
0.00475819
0.00475833
0.00475846
0.00475857
0.00475866
0.00475874
0.00475881
0.00475886
0.00475891
0.00475894
0.00475896
0.00475897
0.00475897
0.00475896
0.00475894
0.00475891
0.00475886
0.00475881
0.00475874
0.00475866
0.00475857
0.00475846
0.00475833
0.00475819
0.00475803
0.00475786
0.00475766
0.00475744
0.00475719
0.00475693
0.00475663
0.00475631
0.00475596
0.00475558
0.00475516
0.00475471
0.00475423
0.00475371
0.00475316
0.00475259
0.00475198
0.00475133
0.00481198
0.00481265
0.00481327
0.00481386
0.00481442
0.00481494
0.00481544
0.00481589
0.00481632
0.00481671
0.00481707
0.0048174
0.0048177
0.00481797
0.00481822
0.00481844
0.00481864
0.00481883
0.00481899
0.00481913
0.00481926
0.00481937
0.00481946
0.00481955
0.00481962
0.00481967
0.00481972
0.00481975
0.00481977
0.00481978
0.00481978
0.00481977
0.00481975
0.00481972
0.00481967
0.00481962
0.00481955
0.00481946
0.00481937
0.00481926
0.00481913
0.00481899
0.00481883
0.00481864
0.00481844
0.00481822
0.00481797
0.0048177
0.0048174
0.00481707
0.00481671
0.00481632
0.00481589
0.00481544
0.00481494
0.00481442
0.00481386
0.00481327
0.00481265
0.00481198
0.00487701
0.00487769
0.00487833
0.00487893
0.0048795
0.00488004
0.00488054
0.00488101
0.00488144
0.00488184
0.00488221
0.00488255
0.00488285
0.00488313
0.00488339
0.00488362
0.00488382
0.00488401
0.00488417
0.00488432
0.00488445
0.00488456
0.00488466
0.00488475
0.00488482
0.00488487
0.00488492
0.00488495
0.00488498
0.00488499
0.00488499
0.00488498
0.00488495
0.00488492
0.00488487
0.00488482
0.00488475
0.00488466
0.00488456
0.00488445
0.00488432
0.00488417
0.00488401
0.00488382
0.00488362
0.00488339
0.00488313
0.00488285
0.00488255
0.00488221
0.00488184
0.00488144
0.00488101
0.00488054
0.00488004
0.0048795
0.00487893
0.00487833
0.00487769
0.00487701
0.00494688
0.00494758
0.00494823
0.00494885
0.00494943
0.00494998
0.0049505
0.00495098
0.00495142
0.00495183
0.0049522
0.00495255
0.00495286
0.00495315
0.00495341
0.00495364
0.00495385
0.00495404
0.00495421
0.00495436
0.00495449
0.00495461
0.00495471
0.0049548
0.00495487
0.00495493
0.00495498
0.00495501
0.00495503
0.00495504
0.00495504
0.00495503
0.00495501
0.00495498
0.00495493
0.00495487
0.0049548
0.00495471
0.00495461
0.00495449
0.00495436
0.00495421
0.00495404
0.00495385
0.00495364
0.00495341
0.00495315
0.00495286
0.00495255
0.0049522
0.00495183
0.00495142
0.00495098
0.0049505
0.00494998
0.00494943
0.00494885
0.00494823
0.00494758
0.00494688
0.00502212
0.00502284
0.0050235
0.00502414
0.00502474
0.0050253
0.00502583
0.00502632
0.00502677
0.00502719
0.00502758
0.00502793
0.00502825
0.00502854
0.00502881
0.00502905
0.00502927
0.00502946
0.00502964
0.00502979
0.00502993
0.00503005
0.00503015
0.00503024
0.00503031
0.00503037
0.00503042
0.00503045
0.00503048
0.00503049
0.00503049
0.00503048
0.00503045
0.00503042
0.00503037
0.00503031
0.00503024
0.00503015
0.00503005
0.00502993
0.00502979
0.00502964
0.00502946
0.00502927
0.00502905
0.00502881
0.00502854
0.00502825
0.00502793
0.00502758
0.00502719
0.00502677
0.00502632
0.00502583
0.0050253
0.00502474
0.00502414
0.0050235
0.00502284
0.00502212
0.00510335
0.00510408
0.00510477
0.00510542
0.00510603
0.00510661
0.00510716
0.00510766
0.00510813
0.00510856
0.00510895
0.00510931
0.00510964
0.00510994
0.00511022
0.00511047
0.00511069
0.00511089
0.00511107
0.00511122
0.00511136
0.00511149
0.00511159
0.00511168
0.00511176
0.00511182
0.00511187
0.00511191
0.00511193
0.00511194
0.00511194
0.00511193
0.00511191
0.00511187
0.00511182
0.00511176
0.00511168
0.00511159
0.00511149
0.00511136
0.00511122
0.00511107
0.00511089
0.00511069
0.00511047
0.00511022
0.00510994
0.00510964
0.00510931
0.00510895
0.00510856
0.00510813
0.00510766
0.00510716
0.00510661
0.00510603
0.00510542
0.00510477
0.00510408
0.00510335
0.00519128
0.00519204
0.00519274
0.00519341
0.00519405
0.00519464
0.0051952
0.00519572
0.0051962
0.00519664
0.00519705
0.00519742
0.00519776
0.00519807
0.00519835
0.00519861
0.00519884
0.00519904
0.00519922
0.00519939
0.00519953
0.00519966
0.00519977
0.00519986
0.00519994
0.0052
0.00520005
0.00520009
0.00520012
0.00520013
0.00520013
0.00520012
0.00520009
0.00520005
0.0052
0.00519994
0.00519986
0.00519977
0.00519966
0.00519953
0.00519939
0.00519922
0.00519904
0.00519884
0.00519861
0.00519835
0.00519807
0.00519776
0.00519742
0.00519705
0.00519664
0.0051962
0.00519572
0.0051952
0.00519464
0.00519405
0.00519341
0.00519274
0.00519204
0.00519128
0.00528676
0.00528755
0.00528827
0.00528896
0.00528962
0.00529023
0.00529081
0.00529134
0.00529184
0.00529229
0.00529271
0.0052931
0.00529345
0.00529377
0.00529406
0.00529432
0.00529456
0.00529477
0.00529496
0.00529513
0.00529528
0.00529541
0.00529552
0.00529562
0.0052957
0.00529576
0.00529581
0.00529585
0.00529588
0.00529589
0.00529589
0.00529588
0.00529585
0.00529581
0.00529576
0.0052957
0.00529562
0.00529552
0.00529541
0.00529528
0.00529513
0.00529496
0.00529477
0.00529456
0.00529432
0.00529406
0.00529377
0.00529345
0.0052931
0.00529271
0.00529229
0.00529184
0.00529134
0.00529081
0.00529023
0.00528962
0.00528896
0.00528827
0.00528755
0.00528676
0.0053908
0.00539161
0.00539236
0.00539307
0.00539375
0.00539439
0.00539498
0.00539553
0.00539604
0.00539652
0.00539695
0.00539735
0.00539771
0.00539804
0.00539834
0.00539861
0.00539886
0.00539908
0.00539927
0.00539945
0.0053996
0.00539973
0.00539985
0.00539995
0.00540003
0.0054001
0.00540016
0.0054002
0.00540022
0.00540023
0.00540023
0.00540022
0.0054002
0.00540016
0.0054001
0.00540003
0.00539995
0.00539985
0.00539973
0.0053996
0.00539945
0.00539927
0.00539908
0.00539886
0.00539861
0.00539834
0.00539804
0.00539771
0.00539735
0.00539695
0.00539652
0.00539604
0.00539553
0.00539498
0.00539439
0.00539375
0.00539307
0.00539236
0.00539161
0.0053908
0.00550457
0.00550541
0.00550619
0.00550693
0.00550763
0.00550829
0.0055089
0.00550948
0.00551001
0.00551049
0.00551094
0.00551136
0.00551173
0.00551208
0.00551239
0.00551267
0.00551292
0.00551315
0.00551335
0.00551353
0.00551369
0.00551383
0.00551395
0.00551406
0.00551414
0.00551421
0.00551427
0.00551431
0.00551434
0.00551435
0.00551435
0.00551434
0.00551431
0.00551427
0.00551421
0.00551414
0.00551406
0.00551395
0.00551383
0.00551369
0.00551353
0.00551335
0.00551315
0.00551292
0.00551267
0.00551239
0.00551208
0.00551173
0.00551136
0.00551094
0.00551049
0.00551001
0.00550948
0.0055089
0.00550829
0.00550763
0.00550693
0.00550619
0.00550541
0.00550457
0.00562949
0.00563037
0.00563118
0.00563195
0.00563268
0.00563337
0.00563401
0.0056346
0.00563515
0.00563566
0.00563613
0.00563656
0.00563695
0.00563731
0.00563763
0.00563792
0.00563819
0.00563842
0.00563863
0.00563882
0.00563899
0.00563913
0.00563926
0.00563936
0.00563945
0.00563953
0.00563959
0.00563963
0.00563966
0.00563967
0.00563967
0.00563966
0.00563963
0.00563959
0.00563953
0.00563945
0.00563936
0.00563926
0.00563913
0.00563899
0.00563882
0.00563863
0.00563842
0.00563819
0.00563792
0.00563763
0.00563731
0.00563695
0.00563656
0.00563613
0.00563566
0.00563515
0.0056346
0.00563401
0.00563337
0.00563268
0.00563195
0.00563118
0.00563037
0.00562949
0.00576731
0.00576823
0.00576907
0.00576988
0.00577064
0.00577135
0.00577202
0.00577264
0.00577322
0.00577375
0.00577424
0.00577468
0.00577509
0.00577546
0.0057758
0.00577611
0.00577638
0.00577663
0.00577685
0.00577705
0.00577722
0.00577737
0.0057775
0.00577761
0.00577771
0.00577778
0.00577785
0.00577789
0.00577792
0.00577794
0.00577794
0.00577792
0.00577789
0.00577785
0.00577778
0.00577771
0.00577761
0.0057775
0.00577737
0.00577722
0.00577705
0.00577685
0.00577663
0.00577638
0.00577611
0.0057758
0.00577546
0.00577509
0.00577468
0.00577424
0.00577375
0.00577322
0.00577264
0.00577202
0.00577135
0.00577064
0.00576988
0.00576907
0.00576823
0.00576731
0.00592013
0.00592109
0.00592198
0.00592282
0.00592362
0.00592437
0.00592507
0.00592572
0.00592632
0.00592688
0.00592739
0.00592786
0.00592828
0.00592867
0.00592903
0.00592935
0.00592964
0.0059299
0.00593013
0.00593033
0.00593051
0.00593067
0.00593081
0.00593093
0.00593103
0.00593111
0.00593117
0.00593122
0.00593125
0.00593127
0.00593127
0.00593125
0.00593122
0.00593117
0.00593111
0.00593103
0.00593093
0.00593081
0.00593067
0.00593051
0.00593033
0.00593013
0.0059299
0.00592964
0.00592935
0.00592903
0.00592867
0.00592828
0.00592786
0.00592739
0.00592688
0.00592632
0.00592572
0.00592507
0.00592437
0.00592362
0.00592282
0.00592198
0.00592109
0.00592013
0.00609058
0.00609159
0.00609252
0.00609341
0.00609425
0.00609503
0.00609577
0.00609646
0.00609709
0.00609768
0.00609822
0.00609871
0.00609916
0.00609957
0.00609994
0.00610028
0.00610058
0.00610086
0.0061011
0.00610132
0.00610151
0.00610167
0.00610182
0.00610194
0.00610205
0.00610213
0.0061022
0.00610225
0.00610228
0.0061023
0.0061023
0.00610228
0.00610225
0.0061022
0.00610213
0.00610205
0.00610194
0.00610182
0.00610167
0.00610151
0.00610132
0.0061011
0.00610086
0.00610058
0.00610028
0.00609994
0.00609957
0.00609916
0.00609871
0.00609822
0.00609768
0.00609709
0.00609646
0.00609577
0.00609503
0.00609425
0.00609341
0.00609252
0.00609159
0.00609058
0.00628194
0.00628301
0.006284
0.00628493
0.00628582
0.00628666
0.00628744
0.00628816
0.00628883
0.00628945
0.00629002
0.00629054
0.00629102
0.00629146
0.00629185
0.00629221
0.00629253
0.00629282
0.00629308
0.00629331
0.00629351
0.00629368
0.00629384
0.00629397
0.00629408
0.00629417
0.00629424
0.00629429
0.00629433
0.00629435
0.00629435
0.00629433
0.00629429
0.00629424
0.00629417
0.00629408
0.00629397
0.00629384
0.00629368
0.00629351
0.00629331
0.00629308
0.00629282
0.00629253
0.00629221
0.00629185
0.00629146
0.00629102
0.00629054
0.00629002
0.00628945
0.00628883
0.00628816
0.00628744
0.00628666
0.00628582
0.00628493
0.006284
0.00628301
0.00628194
0.0064984
0.00649955
0.0065006
0.0065016
0.00650254
0.00650343
0.00650426
0.00650503
0.00650575
0.00650641
0.00650702
0.00650757
0.00650808
0.00650854
0.00650896
0.00650934
0.00650969
0.00650999
0.00651027
0.00651051
0.00651073
0.00651092
0.00651108
0.00651122
0.00651134
0.00651143
0.00651151
0.00651157
0.0065116
0.00651162
0.00651162
0.0065116
0.00651157
0.00651151
0.00651143
0.00651134
0.00651122
0.00651108
0.00651092
0.00651073
0.00651051
0.00651027
0.00650999
0.00650969
0.00650934
0.00650896
0.00650854
0.00650808
0.00650757
0.00650702
0.00650641
0.00650575
0.00650503
0.00650426
0.00650343
0.00650254
0.0065016
0.0065006
0.00649955
0.0064984
0.00674541
0.00674663
0.00674776
0.00674883
0.00674984
0.0067508
0.00675169
0.00675252
0.00675329
0.00675399
0.00675465
0.00675524
0.00675579
0.00675628
0.00675674
0.00675714
0.00675751
0.00675784
0.00675814
0.0067584
0.00675863
0.00675883
0.00675901
0.00675916
0.00675929
0.00675939
0.00675947
0.00675953
0.00675957
0.00675959
0.00675959
0.00675957
0.00675953
0.00675947
0.00675939
0.00675929
0.00675916
0.00675901
0.00675883
0.00675863
0.0067584
0.00675814
0.00675784
0.00675751
0.00675714
0.00675674
0.00675628
0.00675579
0.00675524
0.00675465
0.00675399
0.00675329
0.00675252
0.00675169
0.0067508
0.00674984
0.00674883
0.00674776
0.00674663
0.00674541
0.0070301
0.00703143
0.00703265
0.00703381
0.00703491
0.00703594
0.0070369
0.0070378
0.00703863
0.0070394
0.0070401
0.00704075
0.00704134
0.00704188
0.00704237
0.00704281
0.00704321
0.00704357
0.00704389
0.00704417
0.00704442
0.00704464
0.00704483
0.00704499
0.00704513
0.00704524
0.00704533
0.00704539
0.00704544
0.00704546
0.00704546
0.00704544
0.00704539
0.00704533
0.00704524
0.00704513
0.00704499
0.00704483
0.00704464
0.00704442
0.00704417
0.00704389
0.00704357
0.00704321
0.00704281
0.00704237
0.00704188
0.00704134
0.00704075
0.0070401
0.0070394
0.00703863
0.0070378
0.0070369
0.00703594
0.00703491
0.00703381
0.00703265
0.00703143
0.0070301
0.00736214
0.00736359
0.00736492
0.00736619
0.00736739
0.00736852
0.00736958
0.00737056
0.00737147
0.00737231
0.00737308
0.00737378
0.00737443
0.00737502
0.00737556
0.00737604
0.00737648
0.00737687
0.00737722
0.00737753
0.0073778
0.00737804
0.00737825
0.00737843
0.00737858
0.0073787
0.0073788
0.00737887
0.00737892
0.00737894
0.00737894
0.00737892
0.00737887
0.0073788
0.0073787
0.00737858
0.00737843
0.00737825
0.00737804
0.0073778
0.00737753
0.00737722
0.00737687
0.00737648
0.00737604
0.00737556
0.00737502
0.00737443
0.00737378
0.00737308
0.00737231
0.00737147
0.00737056
0.00736958
0.00736852
0.00736739
0.00736619
0.00736492
0.00736359
0.00736214
0.00775481
0.00775641
0.00775788
0.00775929
0.00776062
0.00776187
0.00776304
0.00776413
0.00776514
0.00776607
0.00776692
0.00776771
0.00776843
0.00776908
0.00776967
0.00777021
0.00777069
0.00777113
0.00777152
0.00777186
0.00777217
0.00777243
0.00777266
0.00777286
0.00777303
0.00777316
0.00777327
0.00777335
0.0077734
0.00777343
0.00777343
0.0077734
0.00777335
0.00777327
0.00777316
0.00777303
0.00777286
0.00777266
0.00777243
0.00777217
0.00777186
0.00777152
0.00777113
0.00777069
0.00777021
0.00776967
0.00776908
0.00776843
0.00776771
0.00776692
0.00776607
0.00776514
0.00776413
0.00776304
0.00776187
0.00776062
0.00775929
0.00775788
0.00775641
0.00775481
0.00822686
0.00822865
0.00823031
0.00823189
0.00823339
0.0082348
0.00823612
0.00823734
0.00823848
0.00823953
0.00824049
0.00824137
0.00824218
0.00824292
0.00824359
0.00824419
0.00824474
0.00824523
0.00824567
0.00824606
0.0082464
0.0082467
0.00824696
0.00824718
0.00824737
0.00824752
0.00824764
0.00824773
0.00824779
0.00824782
0.00824782
0.00824779
0.00824773
0.00824764
0.00824752
0.00824737
0.00824718
0.00824696
0.0082467
0.0082464
0.00824606
0.00824567
0.00824523
0.00824474
0.00824419
0.00824359
0.00824292
0.00824218
0.00824137
0.00824049
0.00823953
0.00823848
0.00823734
0.00823612
0.0082348
0.00823339
0.00823189
0.00823031
0.00822865
0.00822686
0.00880531
0.00880736
0.00880926
0.00881107
0.00881279
0.00881441
0.00881592
0.00881733
0.00881863
0.00881983
0.00882094
0.00882196
0.00882288
0.00882373
0.0088245
0.00882519
0.00882582
0.00882638
0.00882689
0.00882733
0.00882773
0.00882807
0.00882837
0.00882863
0.00882884
0.00882902
0.00882916
0.00882926
0.00882933
0.00882936
0.00882936
0.00882933
0.00882926
0.00882916
0.00882902
0.00882884
0.00882863
0.00882837
0.00882807
0.00882773
0.00882733
0.00882689
0.00882638
0.00882582
0.00882519
0.0088245
0.00882373
0.00882288
0.00882196
0.00882094
0.00881983
0.00881863
0.00881733
0.00881592
0.00881441
0.00881279
0.00881107
0.00880926
0.00880736
0.00880531
0.00952956
0.00953195
0.00953417
0.0095363
0.00953832
0.00954022
0.009542
0.00954365
0.00954518
0.0095466
0.0095479
0.00954909
0.00955018
0.00955118
0.00955208
0.0095529
0.00955363
0.00955429
0.00955489
0.00955541
0.00955587
0.00955628
0.00955663
0.00955693
0.00955719
0.00955739
0.00955756
0.00955768
0.00955776
0.0095578
0.0095578
0.00955776
0.00955768
0.00955756
0.00955739
0.00955719
0.00955693
0.00955663
0.00955628
0.00955587
0.00955541
0.00955489
0.00955429
0.00955363
0.0095529
0.00955208
0.00955118
0.00955018
0.00954909
0.0095479
0.0095466
0.00954518
0.00954365
0.009542
0.00954022
0.00953832
0.0095363
0.00953417
0.00953195
0.00952956
0.0104568
0.0104597
0.0104623
0.0104649
0.0104673
0.0104696
0.0104718
0.0104738
0.0104756
0.0104773
0.0104789
0.0104803
0.0104816
0.0104828
0.0104839
0.0104849
0.0104858
0.0104866
0.0104873
0.0104879
0.0104885
0.010489
0.0104894
0.0104898
0.0104901
0.0104903
0.0104905
0.0104907
0.0104908
0.0104908
0.0104908
0.0104908
0.0104907
0.0104905
0.0104903
0.0104901
0.0104898
0.0104894
0.010489
0.0104885
0.0104879
0.0104873
0.0104866
0.0104858
0.0104849
0.0104839
0.0104828
0.0104816
0.0104803
0.0104789
0.0104773
0.0104756
0.0104738
0.0104718
0.0104696
0.0104673
0.0104649
0.0104623
0.0104597
0.0104568
0.0116675
0.011671
0.0116743
0.0116774
0.0116804
0.0116832
0.0116859
0.0116883
0.0116906
0.0116927
0.0116946
0.0116964
0.011698
0.0116995
0.0117009
0.0117021
0.0117032
0.0117042
0.011705
0.0117058
0.0117065
0.0117071
0.0117076
0.0117081
0.0117085
0.0117088
0.011709
0.0117092
0.0117093
0.0117094
0.0117094
0.0117093
0.0117092
0.011709
0.0117088
0.0117085
0.0117081
0.0117076
0.0117071
0.0117065
0.0117058
0.011705
0.0117042
0.0117032
0.0117021
0.0117009
0.0116995
0.011698
0.0116964
0.0116946
0.0116927
0.0116906
0.0116883
0.0116859
0.0116832
0.0116804
0.0116774
0.0116743
0.011671
0.0116675
0.0132667
0.0132711
0.0132752
0.0132791
0.0132829
0.0132864
0.0132898
0.0132928
0.0132957
0.0132983
0.0133008
0.013303
0.013305
0.0133069
0.0133086
0.0133101
0.0133115
0.0133127
0.0133138
0.0133148
0.0133157
0.0133164
0.0133171
0.0133177
0.0133181
0.0133185
0.0133188
0.0133191
0.0133192
0.0133193
0.0133193
0.0133192
0.0133191
0.0133188
0.0133185
0.0133181
0.0133177
0.0133171
0.0133164
0.0133157
0.0133148
0.0133138
0.0133127
0.0133115
0.0133101
0.0133086
0.0133069
0.013305
0.013303
0.0133008
0.0132983
0.0132957
0.0132928
0.0132898
0.0132864
0.0132829
0.0132791
0.0132752
0.0132711
0.0132667
0.015376
0.0153815
0.0153867
0.0153917
0.0153964
0.0154009
0.0154051
0.015409
0.0154126
0.0154159
0.015419
0.0154218
0.0154244
0.0154267
0.0154289
0.0154308
0.0154325
0.0154341
0.0154355
0.0154368
0.0154379
0.0154388
0.0154396
0.0154404
0.015441
0.0154414
0.0154418
0.0154421
0.0154423
0.0154424
0.0154424
0.0154423
0.0154421
0.0154418
0.0154414
0.015441
0.0154404
0.0154396
0.0154388
0.0154379
0.0154368
0.0154355
0.0154341
0.0154325
0.0154308
0.0154289
0.0154267
0.0154244
0.0154218
0.015419
0.0154159
0.0154126
0.015409
0.0154051
0.0154009
0.0153964
0.0153917
0.0153867
0.0153815
0.015376
0.0181099
0.0181168
0.0181233
0.0181296
0.0181355
0.0181411
0.0181463
0.0181512
0.0181557
0.0181599
0.0181638
0.0181673
0.0181705
0.0181735
0.0181761
0.0181785
0.0181807
0.0181827
0.0181844
0.018186
0.0181874
0.0181886
0.0181896
0.0181905
0.0181912
0.0181919
0.0181923
0.0181927
0.0181929
0.0181931
0.0181931
0.0181929
0.0181927
0.0181923
0.0181919
0.0181912
0.0181905
0.0181896
0.0181886
0.0181874
0.018186
0.0181844
0.0181827
0.0181807
0.0181785
0.0181761
0.0181735
0.0181705
0.0181673
0.0181638
0.0181599
0.0181557
0.0181512
0.0181463
0.0181411
0.0181355
0.0181296
0.0181233
0.0181168
0.0181099
0.021542
0.0215505
0.0215585
0.0215661
0.0215734
0.0215803
0.0215867
0.0215927
0.0215982
0.0216033
0.021608
0.0216123
0.0216163
0.0216199
0.0216232
0.0216261
0.0216288
0.0216312
0.0216333
0.0216352
0.0216369
0.0216384
0.0216397
0.0216407
0.0216417
0.0216424
0.021643
0.0216434
0.0216437
0.0216439
0.0216439
0.0216437
0.0216434
0.021643
0.0216424
0.0216417
0.0216407
0.0216397
0.0216384
0.0216369
0.0216352
0.0216333
0.0216312
0.0216288
0.0216261
0.0216232
0.0216199
0.0216163
0.0216123
0.021608
0.0216033
0.0215982
0.0215927
0.0215867
0.0215803
0.0215734
0.0215661
0.0215585
0.0215505
0.021542
0.0256775
0.0256876
0.0256971
0.0257063
0.0257149
0.0257231
0.0257307
0.0257378
0.0257444
0.0257504
0.025756
0.0257611
0.0257658
0.0257701
0.025774
0.0257775
0.0257807
0.0257835
0.0257861
0.0257883
0.0257903
0.0257921
0.0257936
0.0257949
0.025796
0.0257969
0.0257976
0.0257981
0.0257984
0.0257986
0.0257986
0.0257984
0.0257981
0.0257976
0.0257969
0.025796
0.0257949
0.0257936
0.0257921
0.0257903
0.0257883
0.0257861
0.0257835
0.0257807
0.0257775
0.025774
0.0257701
0.0257658
0.0257611
0.025756
0.0257504
0.0257444
0.0257378
0.0257307
0.0257231
0.0257149
0.0257063
0.0256971
0.0256876
0.0256775
0.0304514
0.0304631
0.0304741
0.0304846
0.0304946
0.030504
0.0305128
0.030521
0.0305285
0.0305355
0.030542
0.0305479
0.0305533
0.0305582
0.0305626
0.0305667
0.0305703
0.0305736
0.0305765
0.0305792
0.0305815
0.0305835
0.0305852
0.0305867
0.030588
0.030589
0.0305898
0.0305904
0.0305908
0.030591
0.030591
0.0305908
0.0305904
0.0305898
0.030589
0.030588
0.0305867
0.0305852
0.0305835
0.0305815
0.0305792
0.0305765
0.0305736
0.0305703
0.0305667
0.0305626
0.0305582
0.0305533
0.0305479
0.030542
0.0305355
0.0305285
0.030521
0.0305128
0.030504
0.0304946
0.0304846
0.0304741
0.0304631
0.0304514
0.0357553
0.0357685
0.0357809
0.0357928
0.035804
0.0358145
0.0358243
0.0358335
0.035842
0.0358498
0.035857
0.0358636
0.0358697
0.0358752
0.0358802
0.0358847
0.0358888
0.0358925
0.0358958
0.0358987
0.0359013
0.0359035
0.0359055
0.0359072
0.0359086
0.0359097
0.0359107
0.0359113
0.0359118
0.035912
0.035912
0.0359118
0.0359113
0.0359107
0.0359097
0.0359086
0.0359072
0.0359055
0.0359035
0.0359013
0.0358987
0.0358958
0.0358925
0.0358888
0.0358847
0.0358802
0.0358752
0.0358697
0.0358636
0.035857
0.0358498
0.035842
0.0358335
0.0358243
0.0358145
0.035804
0.0357928
0.0357809
0.0357685
0.0357553
0.0414748
0.0414894
0.0415031
0.0415161
0.0415284
0.04154
0.0415508
0.0415609
0.0415702
0.0415788
0.0415867
0.0415939
0.0416006
0.0416066
0.0416121
0.0416171
0.0416216
0.0416256
0.0416292
0.0416324
0.0416353
0.0416378
0.0416399
0.0416418
0.0416433
0.0416446
0.0416456
0.0416463
0.0416468
0.0416471
0.0416471
0.0416468
0.0416463
0.0416456
0.0416446
0.0416433
0.0416418
0.0416399
0.0416378
0.0416353
0.0416324
0.0416292
0.0416256
0.0416216
0.0416171
0.0416121
0.0416066
0.0416006
0.0415939
0.0415867
0.0415788
0.0415702
0.0415609
0.0415508
0.04154
0.0415284
0.0415161
0.0415031
0.0414894
0.0414748
0.0475159
0.0475318
0.0475467
0.0475609
0.0475742
0.0475867
0.0475984
0.0476093
0.0476193
0.0476286
0.0476372
0.0476451
0.0476522
0.0476588
0.0476648
0.0476701
0.047675
0.0476794
0.0476833
0.0476868
0.0476898
0.0476925
0.0476949
0.0476969
0.0476985
0.0476999
0.047701
0.0477018
0.0477023
0.0477026
0.0477026
0.0477023
0.0477018
0.047701
0.0476999
0.0476985
0.0476969
0.0476949
0.0476925
0.0476898
0.0476868
0.0476833
0.0476794
0.047675
0.0476701
0.0476648
0.0476588
0.0476522
0.0476451
0.0476372
0.0476286
0.0476193
0.0476093
0.0475984
0.0475867
0.0475742
0.0475609
0.0475467
0.0475318
0.0475159
0.053814
0.0538311
0.0538472
0.0538624
0.0538767
0.0538901
0.0539026
0.0539143
0.0539251
0.053935
0.0539442
0.0539526
0.0539603
0.0539674
0.0539737
0.0539795
0.0539847
0.0539894
0.0539936
0.0539974
0.0540007
0.0540035
0.054006
0.0540082
0.05401
0.0540115
0.0540126
0.0540135
0.0540141
0.0540143
0.0540143
0.0540141
0.0540135
0.0540126
0.0540115
0.05401
0.0540082
0.054006
0.0540035
0.0540007
0.0539974
0.0539936
0.0539894
0.0539847
0.0539795
0.0539737
0.0539674
0.0539603
0.0539526
0.0539442
0.053935
0.0539251
0.0539143
0.0539026
0.0538901
0.0538767
0.0538624
0.0538472
0.0538311
0.053814
0.0603297
0.0603481
0.0603652
0.0603814
0.0603967
0.060411
0.0604243
0.0604367
0.0604482
0.0604588
0.0604686
0.0604775
0.0604857
0.0604932
0.0605
0.0605062
0.0605117
0.0605167
0.0605212
0.0605252
0.0605287
0.0605318
0.0605345
0.0605367
0.0605387
0.0605402
0.0605415
0.0605424
0.060543
0.0605433
0.0605433
0.060543
0.0605424
0.0605415
0.0605402
0.0605387
0.0605367
0.0605345
0.0605318
0.0605287
0.0605252
0.0605212
0.0605167
0.0605117
0.0605062
0.0605
0.0604932
0.0604857
0.0604775
0.0604686
0.0604588
0.0604482
0.0604367
0.0604243
0.060411
0.0603967
0.0603814
0.0603652
0.0603481
0.0603297
0.0670411
0.0670606
0.0670789
0.0670961
0.0671122
0.0671274
0.0671415
0.0671547
0.0671668
0.0671781
0.0671884
0.0671979
0.0672066
0.0672146
0.0672218
0.0672283
0.0672342
0.0672395
0.0672442
0.0672485
0.0672522
0.0672555
0.0672583
0.0672607
0.0672628
0.0672644
0.0672658
0.0672667
0.0672674
0.0672677
0.0672677
0.0672674
0.0672667
0.0672658
0.0672644
0.0672628
0.0672607
0.0672583
0.0672555
0.0672522
0.0672485
0.0672442
0.0672395
0.0672342
0.0672283
0.0672218
0.0672146
0.0672066
0.0671979
0.0671884
0.0671781
0.0671668
0.0671547
0.0671415
0.0671274
0.0671122
0.0670961
0.0670789
0.0670606
0.0670411
0.0739365
0.0739572
0.0739766
0.0739947
0.0740118
0.0740278
0.0740427
0.0740566
0.0740694
0.0740813
0.0740922
0.0741023
0.0741115
0.0741198
0.0741275
0.0741344
0.0741406
0.0741462
0.0741512
0.0741557
0.0741596
0.0741631
0.0741661
0.0741686
0.0741708
0.0741726
0.074174
0.074175
0.0741757
0.074176
0.074176
0.0741757
0.074175
0.074174
0.0741726
0.0741708
0.0741686
0.0741661
0.0741631
0.0741596
0.0741557
0.0741512
0.0741462
0.0741406
0.0741344
0.0741275
0.0741198
0.0741115
0.0741023
0.0740922
0.0740813
0.0740694
0.0740566
0.0740427
0.0740278
0.0740118
0.0739947
0.0739766
0.0739572
0.0739365
0.0810102
0.0810321
0.0810525
0.0810716
0.0810896
0.0811064
0.0811221
0.0811367
0.0811502
0.0811627
0.0811742
0.0811848
0.0811945
0.0812033
0.0812113
0.0812186
0.0812251
0.0812311
0.0812363
0.081241
0.0812452
0.0812488
0.081252
0.0812547
0.081257
0.0812589
0.0812603
0.0812614
0.0812621
0.0812625
0.0812625
0.0812621
0.0812614
0.0812603
0.0812589
0.081257
0.0812547
0.081252
0.0812488
0.0812452
0.081241
0.0812363
0.0812311
0.0812251
0.0812186
0.0812113
0.0812033
0.0811945
0.0811848
0.0811742
0.0811627
0.0811502
0.0811367
0.0811221
0.0811064
0.0810896
0.0810716
0.0810525
0.0810321
0.0810102
0.0882597
0.0882826
0.0883041
0.0883242
0.0883431
0.0883607
0.0883772
0.0883925
0.0884067
0.0884198
0.0884319
0.088443
0.0884531
0.0884624
0.0884708
0.0884785
0.0884854
0.0884916
0.0884971
0.0885021
0.0885064
0.0885103
0.0885136
0.0885165
0.0885188
0.0885208
0.0885224
0.0885235
0.0885243
0.0885247
0.0885247
0.0885243
0.0885235
0.0885224
0.0885208
0.0885188
0.0885165
0.0885136
0.0885103
0.0885064
0.0885021
0.0884971
0.0884916
0.0884854
0.0884785
0.0884708
0.0884624
0.0884531
0.088443
0.0884319
0.0884198
0.0884067
0.0883925
0.0883772
0.0883607
0.0883431
0.0883242
0.0883041
0.0882826
0.0882597
0.0956841
0.0957082
0.0957307
0.0957517
0.0957715
0.09579
0.0958073
0.0958233
0.0958381
0.0958519
0.0958645
0.0958761
0.0958868
0.0958965
0.0959053
0.0959133
0.0959205
0.095927
0.0959329
0.0959381
0.0959426
0.0959467
0.0959502
0.0959532
0.0959557
0.0959577
0.0959594
0.0959606
0.0959614
0.0959618
0.0959618
0.0959614
0.0959606
0.0959594
0.0959577
0.0959557
0.0959532
0.0959502
0.0959467
0.0959426
0.0959381
0.0959329
0.095927
0.0959205
0.0959133
0.0959053
0.0958965
0.0958868
0.0958761
0.0958645
0.0958519
0.0958381
0.0958233
0.0958073
0.09579
0.0957715
0.0957517
0.0957307
0.0957082
0.0956841
0.103284
0.103309
0.103333
0.103355
0.103375
0.103395
0.103413
0.103429
0.103445
0.103459
0.103473
0.103485
0.103496
0.103506
0.103515
0.103524
0.103531
0.103538
0.103544
0.103549
0.103554
0.103559
0.103562
0.103565
0.103568
0.10357
0.103572
0.103573
0.103574
0.103574
0.103574
0.103574
0.103573
0.103572
0.10357
0.103568
0.103565
0.103562
0.103559
0.103554
0.103549
0.103544
0.103538
0.103531
0.103524
0.103515
0.103506
0.103496
0.103485
0.103473
0.103459
0.103445
0.103429
0.103413
0.103395
0.103375
0.103355
0.103333
0.103309
0.103284
0.111061
0.111087
0.111111
0.111134
0.111156
0.111176
0.111195
0.111212
0.111229
0.111243
0.111257
0.11127
0.111282
0.111292
0.111302
0.11131
0.111318
0.111326
0.111332
0.111338
0.111343
0.111347
0.111351
0.111354
0.111357
0.111359
0.111361
0.111362
0.111363
0.111364
0.111364
0.111363
0.111362
0.111361
0.111359
0.111357
0.111354
0.111351
0.111347
0.111343
0.111338
0.111332
0.111326
0.111318
0.11131
0.111302
0.111292
0.111282
0.11127
0.111257
0.111243
0.111229
0.111212
0.111195
0.111176
0.111156
0.111134
0.111111
0.111087
0.111061
0.119016
0.119043
0.119069
0.119093
0.119115
0.119136
0.119155
0.119174
0.11919
0.119206
0.11922
0.119234
0.119246
0.119257
0.119267
0.119276
0.119284
0.119291
0.119298
0.119304
0.119309
0.119314
0.119318
0.119321
0.119324
0.119326
0.119328
0.11933
0.119331
0.119331
0.119331
0.119331
0.11933
0.119328
0.119326
0.119324
0.119321
0.119318
0.119314
0.119309
0.119304
0.119298
0.119291
0.119284
0.119276
0.119267
0.119257
0.119246
0.119234
0.11922
0.119206
0.11919
0.119174
0.119155
0.119136
0.119115
0.119093
0.119069
0.119043
0.119016
0.127152
0.12718
0.127206
0.127231
0.127255
0.127276
0.127297
0.127315
0.127333
0.127349
0.127364
0.127378
0.12739
0.127402
0.127412
0.127422
0.12743
0.127438
0.127445
0.127451
0.127456
0.127461
0.127465
0.127469
0.127472
0.127474
0.127476
0.127478
0.127479
0.127479
0.127479
0.127479
0.127478
0.127476
0.127474
0.127472
0.127469
0.127465
0.127461
0.127456
0.127451
0.127445
0.127438
0.12743
0.127422
0.127412
0.127402
0.12739
0.127378
0.127364
0.127349
0.127333
0.127315
0.127297
0.127276
0.127255
0.127231
0.127206
0.12718
0.127152
0.13547
0.1355
0.135527
0.135553
0.135577
0.1356
0.135621
0.13564
0.135658
0.135675
0.13569
0.135705
0.135718
0.13573
0.13574
0.13575
0.135759
0.135767
0.135774
0.135781
0.135786
0.135791
0.135796
0.135799
0.135803
0.135805
0.135807
0.135809
0.13581
0.13581
0.13581
0.13581
0.135809
0.135807
0.135805
0.135803
0.135799
0.135796
0.135791
0.135786
0.135781
0.135774
0.135767
0.135759
0.13575
0.13574
0.13573
0.135718
0.135705
0.13569
0.135675
0.135658
0.13564
0.135621
0.1356
0.135577
0.135553
0.135527
0.1355
0.13547
0.143975
0.144005
0.144034
0.14406
0.144085
0.144108
0.14413
0.14415
0.144169
0.144187
0.144203
0.144217
0.144231
0.144243
0.144254
0.144264
0.144274
0.144282
0.144289
0.144296
0.144302
0.144307
0.144312
0.144315
0.144319
0.144321
0.144323
0.144325
0.144326
0.144327
0.144327
0.144326
0.144325
0.144323
0.144321
0.144319
0.144315
0.144312
0.144307
0.144302
0.144296
0.144289
0.144282
0.144274
0.144264
0.144254
0.144243
0.144231
0.144217
0.144203
0.144187
0.144169
0.14415
0.14413
0.144108
0.144085
0.14406
0.144034
0.144005
0.143975
0.152668
0.152699
0.152729
0.152756
0.152782
0.152806
0.152828
0.152849
0.152869
0.152887
0.152903
0.152918
0.152932
0.152945
0.152957
0.152967
0.152977
0.152985
0.152993
0.153
0.153006
0.153011
0.153016
0.15302
0.153023
0.153026
0.153028
0.15303
0.153031
0.153032
0.153032
0.153031
0.15303
0.153028
0.153026
0.153023
0.15302
0.153016
0.153011
0.153006
0.153
0.152993
0.152985
0.152977
0.152967
0.152957
0.152945
0.152932
0.152918
0.152903
0.152887
0.152869
0.152849
0.152828
0.152806
0.152782
0.152756
0.152729
0.152699
0.152668
0.161553
0.161585
0.161615
0.161644
0.16167
0.161695
0.161718
0.16174
0.16176
0.161778
0.161795
0.161811
0.161825
0.161838
0.16185
0.161861
0.161871
0.16188
0.161888
0.161895
0.161902
0.161907
0.161912
0.161916
0.16192
0.161922
0.161925
0.161926
0.161927
0.161928
0.161928
0.161927
0.161926
0.161925
0.161922
0.16192
0.161916
0.161912
0.161907
0.161902
0.161895
0.161888
0.16188
0.161871
0.161861
0.16185
0.161838
0.161825
0.161811
0.161795
0.161778
0.16176
0.16174
0.161718
0.161695
0.16167
0.161644
0.161615
0.161585
0.161553
0.170632
0.170666
0.170697
0.170726
0.170753
0.170779
0.170803
0.170825
0.170846
0.170865
0.170882
0.170898
0.170913
0.170927
0.170939
0.17095
0.17096
0.17097
0.170978
0.170985
0.170992
0.170998
0.171003
0.171007
0.17101
0.171013
0.171016
0.171017
0.171019
0.171019
0.171019
0.171019
0.171017
0.171016
0.171013
0.17101
0.171007
0.171003
0.170998
0.170992
0.170985
0.170978
0.17097
0.17096
0.17095
0.170939
0.170927
0.170913
0.170898
0.170882
0.170865
0.170846
0.170825
0.170803
0.170779
0.170753
0.170726
0.170697
0.170666
0.170632
0.179911
0.179945
0.179977
0.180007
0.180035
0.180061
0.180086
0.180108
0.18013
0.180149
0.180167
0.180184
0.180199
0.180213
0.180226
0.180238
0.180248
0.180257
0.180266
0.180274
0.18028
0.180286
0.180291
0.180296
0.1803
0.180303
0.180305
0.180307
0.180308
0.180309
0.180309
0.180308
0.180307
0.180305
0.180303
0.1803
0.180296
0.180291
0.180286
0.18028
0.180274
0.180266
0.180257
0.180248
0.180238
0.180226
0.180213
0.180199
0.180184
0.180167
0.180149
0.18013
0.180108
0.180086
0.180061
0.180035
0.180007
0.179977
0.179945
0.179911
0.189391
0.189426
0.189459
0.189489
0.189518
0.189545
0.189571
0.189594
0.189616
0.189636
0.189654
0.189671
0.189687
0.189702
0.189715
0.189727
0.189737
0.189747
0.189756
0.189764
0.189771
0.189777
0.189782
0.189787
0.18979
0.189794
0.189796
0.189798
0.189799
0.1898
0.1898
0.189799
0.189798
0.189796
0.189794
0.18979
0.189787
0.189782
0.189777
0.189771
0.189764
0.189756
0.189747
0.189737
0.189727
0.189715
0.189702
0.189687
0.189671
0.189654
0.189636
0.189616
0.189594
0.189571
0.189545
0.189518
0.189489
0.189459
0.189426
0.189391
0.199077
0.199113
0.199146
0.199178
0.199208
0.199235
0.199261
0.199285
0.199307
0.199328
0.199347
0.199365
0.199381
0.199396
0.199409
0.199421
0.199432
0.199442
0.199451
0.199459
0.199467
0.199473
0.199478
0.199483
0.199487
0.19949
0.199493
0.199495
0.199496
0.199497
0.199497
0.199496
0.199495
0.199493
0.19949
0.199487
0.199483
0.199478
0.199473
0.199467
0.199459
0.199451
0.199442
0.199432
0.199421
0.199409
0.199396
0.199381
0.199365
0.199347
0.199328
0.199307
0.199285
0.199261
0.199235
0.199208
0.199178
0.199146
0.199113
0.199077
0.208973
0.20901
0.209044
0.209076
0.209107
0.209135
0.209161
0.209186
0.209209
0.20923
0.20925
0.209268
0.209284
0.209299
0.209313
0.209326
0.209337
0.209347
0.209356
0.209365
0.209372
0.209379
0.209384
0.209389
0.209393
0.209396
0.209399
0.209401
0.209402
0.209403
0.209403
0.209402
0.209401
0.209399
0.209396
0.209393
0.209389
0.209384
0.209379
0.209372
0.209365
0.209356
0.209347
0.209337
0.209326
0.209313
0.209299
0.209284
0.209268
0.20925
0.20923
0.209209
0.209186
0.209161
0.209135
0.209107
0.209076
0.209044
0.20901
0.208973
0.219083
0.219121
0.219156
0.219189
0.21922
0.219249
0.219276
0.219301
0.219324
0.219346
0.219366
0.219384
0.219401
0.219417
0.219431
0.219444
0.219455
0.219466
0.219475
0.219484
0.219491
0.219498
0.219504
0.219509
0.219513
0.219516
0.219519
0.219521
0.219522
0.219523
0.219523
0.219522
0.219521
0.219519
0.219516
0.219513
0.219509
0.219504
0.219498
0.219491
0.219484
0.219475
0.219466
0.219455
0.219444
0.219431
0.219417
0.219401
0.219384
0.219366
0.219346
0.219324
0.219301
0.219276
0.219249
0.21922
0.219189
0.219156
0.219121
0.219083
0.229412
0.22945
0.229486
0.229519
0.229551
0.229581
0.229608
0.229634
0.229658
0.22968
0.2297
0.229719
0.229736
0.229752
0.229766
0.22978
0.229792
0.229802
0.229812
0.229821
0.229829
0.229835
0.229841
0.229846
0.229851
0.229854
0.229857
0.229859
0.22986
0.229861
0.229861
0.22986
0.229859
0.229857
0.229854
0.229851
0.229846
0.229841
0.229835
0.229829
0.229821
0.229812
0.229802
0.229792
0.22978
0.229766
0.229752
0.229736
0.229719
0.2297
0.22968
0.229658
0.229634
0.229608
0.229581
0.229551
0.229519
0.229486
0.22945
0.229412
0.239963
0.240002
0.240039
0.240073
0.240105
0.240135
0.240163
0.240189
0.240214
0.240236
0.240257
0.240276
0.240294
0.24031
0.240325
0.240338
0.240351
0.240362
0.240372
0.24038
0.240388
0.240395
0.240401
0.240407
0.240411
0.240415
0.240417
0.24042
0.240421
0.240422
0.240422
0.240421
0.24042
0.240417
0.240415
0.240411
0.240407
0.240401
0.240395
0.240388
0.24038
0.240372
0.240362
0.240351
0.240338
0.240325
0.24031
0.240294
0.240276
0.240257
0.240236
0.240214
0.240189
0.240163
0.240135
0.240105
0.240073
0.240039
0.240002
0.239963
0.250742
0.250782
0.250819
0.250854
0.250887
0.250917
0.250946
0.250973
0.250997
0.25102
0.251042
0.251061
0.251079
0.251096
0.251111
0.251124
0.251137
0.251148
0.251158
0.251167
0.251175
0.251183
0.251189
0.251194
0.251199
0.251202
0.251205
0.251207
0.251209
0.25121
0.25121
0.251209
0.251207
0.251205
0.251202
0.251199
0.251194
0.251189
0.251183
0.251175
0.251167
0.251158
0.251148
0.251137
0.251124
0.251111
0.251096
0.251079
0.251061
0.251042
0.25102
0.250997
0.250973
0.250946
0.250917
0.250887
0.250854
0.250819
0.250782
0.250742
0.261754
0.261794
0.261832
0.261868
0.261901
0.261932
0.261961
0.261988
0.262013
0.262037
0.262058
0.262078
0.262096
0.262113
0.262129
0.262143
0.262155
0.262167
0.262177
0.262186
0.262195
0.262202
0.262208
0.262214
0.262218
0.262222
0.262225
0.262227
0.262229
0.26223
0.26223
0.262229
0.262227
0.262225
0.262222
0.262218
0.262214
0.262208
0.262202
0.262195
0.262186
0.262177
0.262167
0.262155
0.262143
0.262129
0.262113
0.262096
0.262078
0.262058
0.262037
0.262013
0.261988
0.261961
0.261932
0.261901
0.261868
0.261832
0.261794
0.261754
0.273004
0.273045
0.273083
0.273119
0.273153
0.273184
0.273214
0.273241
0.273267
0.273291
0.273313
0.273333
0.273351
0.273368
0.273384
0.273398
0.273411
0.273423
0.273434
0.273443
0.273451
0.273459
0.273465
0.273471
0.273475
0.273479
0.273482
0.273485
0.273486
0.273487
0.273487
0.273486
0.273485
0.273482
0.273479
0.273475
0.273471
0.273465
0.273459
0.273451
0.273443
0.273434
0.273423
0.273411
0.273398
0.273384
0.273368
0.273351
0.273333
0.273313
0.273291
0.273267
0.273241
0.273214
0.273184
0.273153
0.273119
0.273083
0.273045
0.273004
0.284497
0.284538
0.284577
0.284614
0.284648
0.28468
0.28471
0.284738
0.284764
0.284788
0.28481
0.28483
0.284849
0.284866
0.284882
0.284897
0.28491
0.284922
0.284933
0.284942
0.284951
0.284958
0.284965
0.284971
0.284975
0.284979
0.284982
0.284985
0.284986
0.284987
0.284987
0.284986
0.284985
0.284982
0.284979
0.284975
0.284971
0.284965
0.284958
0.284951
0.284942
0.284933
0.284922
0.28491
0.284897
0.284882
0.284866
0.284849
0.28483
0.28481
0.284788
0.284764
0.284738
0.28471
0.28468
0.284648
0.284614
0.284577
0.284538
0.284497
0.296239
0.296281
0.29632
0.296357
0.296391
0.296424
0.296454
0.296482
0.296509
0.296533
0.296555
0.296576
0.296595
0.296613
0.296629
0.296644
0.296657
0.296669
0.29668
0.29669
0.296699
0.296706
0.296713
0.296719
0.296724
0.296728
0.296731
0.296733
0.296735
0.296735
0.296735
0.296735
0.296733
0.296731
0.296728
0.296724
0.296719
0.296713
0.296706
0.296699
0.29669
0.29668
0.296669
0.296657
0.296644
0.296629
0.296613
0.296595
0.296576
0.296555
0.296533
0.296509
0.296482
0.296454
0.296424
0.296391
0.296357
0.29632
0.296281
0.296239
0.308236
0.308278
0.308317
0.308355
0.30839
0.308423
0.308453
0.308482
0.308508
0.308533
0.308556
0.308577
0.308596
0.308614
0.30863
0.308645
0.308658
0.308671
0.308682
0.308692
0.308701
0.308708
0.308715
0.308721
0.308726
0.30873
0.308733
0.308736
0.308737
0.308738
0.308738
0.308737
0.308736
0.308733
0.30873
0.308726
0.308721
0.308715
0.308708
0.308701
0.308692
0.308682
0.308671
0.308658
0.308645
0.30863
0.308614
0.308596
0.308577
0.308556
0.308533
0.308508
0.308482
0.308453
0.308423
0.30839
0.308355
0.308317
0.308278
0.308236
0.320494
0.320536
0.320576
0.320614
0.320649
0.320682
0.320713
0.320742
0.320768
0.320793
0.320816
0.320837
0.320857
0.320875
0.320891
0.320907
0.32092
0.320933
0.320944
0.320954
0.320963
0.320971
0.320978
0.320984
0.320989
0.320993
0.320996
0.320998
0.321
0.321001
0.321001
0.321
0.320998
0.320996
0.320993
0.320989
0.320984
0.320978
0.320971
0.320963
0.320954
0.320944
0.320933
0.32092
0.320907
0.320891
0.320875
0.320857
0.320837
0.320816
0.320793
0.320768
0.320742
0.320713
0.320682
0.320649
0.320614
0.320576
0.320536
0.320494
0.333019
0.333061
0.333102
0.33314
0.333175
0.333208
0.33324
0.333269
0.333296
0.333321
0.333344
0.333365
0.333385
0.333403
0.33342
0.333435
0.333449
0.333461
0.333473
0.333483
0.333492
0.3335
0.333507
0.333513
0.333518
0.333522
0.333525
0.333528
0.33353
0.33353
0.33353
0.33353
0.333528
0.333525
0.333522
0.333518
0.333513
0.333507
0.3335
0.333492
0.333483
0.333473
0.333461
0.333449
0.333435
0.33342
0.333403
0.333385
0.333365
0.333344
0.333321
0.333296
0.333269
0.33324
0.333208
0.333175
0.33314
0.333102
0.333061
0.333019
0.345818
0.345861
0.345901
0.34594
0.345975
0.346009
0.34604
0.346069
0.346096
0.346122
0.346145
0.346167
0.346186
0.346205
0.346221
0.346237
0.346251
0.346263
0.346275
0.346285
0.346294
0.346302
0.346309
0.346315
0.346321
0.346325
0.346328
0.346331
0.346332
0.346333
0.346333
0.346332
0.346331
0.346328
0.346325
0.346321
0.346315
0.346309
0.346302
0.346294
0.346285
0.346275
0.346263
0.346251
0.346237
0.346221
0.346205
0.346186
0.346167
0.346145
0.346122
0.346096
0.346069
0.34604
0.346009
0.345975
0.34594
0.345901
0.345861
0.345818
0.358898
0.358941
0.358982
0.35902
0.359056
0.35909
0.359121
0.359151
0.359178
0.359203
0.359227
0.359248
0.359268
0.359287
0.359304
0.359319
0.359333
0.359346
0.359357
0.359368
0.359377
0.359385
0.359392
0.359398
0.359404
0.359408
0.359411
0.359414
0.359415
0.359416
0.359416
0.359415
0.359414
0.359411
0.359408
0.359404
0.359398
0.359392
0.359385
0.359377
0.359368
0.359357
0.359346
0.359333
0.359319
0.359304
0.359287
0.359268
0.359248
0.359227
0.359203
0.359178
0.359151
0.359121
0.35909
0.359056
0.35902
0.358982
0.358941
0.358898
0.372267
0.37231
0.372351
0.372389
0.372426
0.372459
0.372491
0.37252
0.372547
0.372573
0.372596
0.372618
0.372638
0.372657
0.372674
0.372689
0.372703
0.372716
0.372728
0.372738
0.372747
0.372756
0.372763
0.372769
0.372774
0.372778
0.372782
0.372784
0.372786
0.372787
0.372787
0.372786
0.372784
0.372782
0.372778
0.372774
0.372769
0.372763
0.372756
0.372747
0.372738
0.372728
0.372716
0.372703
0.372689
0.372674
0.372657
0.372638
0.372618
0.372596
0.372573
0.372547
0.37252
0.372491
0.372459
0.372426
0.372389
0.372351
0.37231
0.372267
0.385932
0.385975
0.386016
0.386054
0.386091
0.386124
0.386156
0.386185
0.386213
0.386238
0.386262
0.386283
0.386303
0.386322
0.386339
0.386354
0.386369
0.386382
0.386393
0.386404
0.386413
0.386421
0.386428
0.386435
0.38644
0.386444
0.386448
0.38645
0.386452
0.386453
0.386453
0.386452
0.38645
0.386448
0.386444
0.38644
0.386435
0.386428
0.386421
0.386413
0.386404
0.386393
0.386382
0.386369
0.386354
0.386339
0.386322
0.386303
0.386283
0.386262
0.386238
0.386213
0.386185
0.386156
0.386124
0.386091
0.386054
0.386016
0.385975
0.385932
0.399901
0.399944
0.399985
0.400023
0.400059
0.400093
0.400125
0.400154
0.400181
0.400207
0.40023
0.400252
0.400272
0.400291
0.400308
0.400323
0.400337
0.40035
0.400362
0.400372
0.400382
0.40039
0.400397
0.400404
0.400409
0.400413
0.400417
0.400419
0.400421
0.400422
0.400422
0.400421
0.400419
0.400417
0.400413
0.400409
0.400404
0.400397
0.40039
0.400382
0.400372
0.400362
0.40035
0.400337
0.400323
0.400308
0.400291
0.400272
0.400252
0.40023
0.400207
0.400181
0.400154
0.400125
0.400093
0.400059
0.400023
0.399985
0.399944
0.399901
0.414182
0.414225
0.414266
0.414304
0.41434
0.414374
0.414405
0.414435
0.414462
0.414487
0.414511
0.414532
0.414552
0.414571
0.414588
0.414603
0.414618
0.41463
0.414642
0.414653
0.414662
0.41467
0.414678
0.414684
0.414689
0.414694
0.414697
0.4147
0.414701
0.414702
0.414702
0.414701
0.4147
0.414697
0.414694
0.414689
0.414684
0.414678
0.41467
0.414662
0.414653
0.414642
0.41463
0.414618
0.414603
0.414588
0.414571
0.414552
0.414532
0.414511
0.414487
0.414462
0.414435
0.414405
0.414374
0.41434
0.414304
0.414266
0.414225
0.414182
0.428785
0.428828
0.428868
0.428906
0.428942
0.428975
0.429007
0.429036
0.429063
0.429088
0.429111
0.429133
0.429153
0.429171
0.429188
0.429204
0.429218
0.429231
0.429243
0.429253
0.429262
0.429271
0.429278
0.429284
0.42929
0.429294
0.429297
0.4293
0.429302
0.429303
0.429303
0.429302
0.4293
0.429297
0.429294
0.42929
0.429284
0.429278
0.429271
0.429262
0.429253
0.429243
0.429231
0.429218
0.429204
0.429188
0.429171
0.429153
0.429133
0.429111
0.429088
0.429063
0.429036
0.429007
0.428975
0.428942
0.428906
0.428868
0.428828
0.428785
0.443718
0.44376
0.4438
0.443838
0.443874
0.443907
0.443938
0.443967
0.443994
0.444018
0.444042
0.444063
0.444083
0.444101
0.444118
0.444134
0.444148
0.44416
0.444172
0.444183
0.444192
0.4442
0.444207
0.444214
0.444219
0.444223
0.444227
0.444229
0.444231
0.444232
0.444232
0.444231
0.444229
0.444227
0.444223
0.444219
0.444214
0.444207
0.4442
0.444192
0.444183
0.444172
0.44416
0.444148
0.444134
0.444118
0.444101
0.444083
0.444063
0.444042
0.444018
0.443994
0.443967
0.443938
0.443907
0.443874
0.443838
0.4438
0.44376
0.443718
0.45899
0.459032
0.459072
0.459109
0.459144
0.459177
0.459208
0.459237
0.459263
0.459288
0.459311
0.459332
0.459352
0.45937
0.459387
0.459402
0.459416
0.459429
0.45944
0.459451
0.45946
0.459468
0.459475
0.459482
0.459487
0.459491
0.459495
0.459497
0.459499
0.4595
0.4595
0.459499
0.459497
0.459495
0.459491
0.459487
0.459482
0.459475
0.459468
0.45946
0.459451
0.45944
0.459429
0.459416
0.459402
0.459387
0.45937
0.459352
0.459332
0.459311
0.459288
0.459263
0.459237
0.459208
0.459177
0.459144
0.459109
0.459072
0.459032
0.45899
0.474612
0.474653
0.474693
0.47473
0.474764
0.474797
0.474827
0.474855
0.474882
0.474906
0.474929
0.47495
0.474969
0.474987
0.475004
0.475019
0.475033
0.475045
0.475057
0.475067
0.475076
0.475085
0.475092
0.475098
0.475103
0.475108
0.475111
0.475114
0.475115
0.475116
0.475116
0.475115
0.475114
0.475111
0.475108
0.475103
0.475098
0.475092
0.475085
0.475076
0.475067
0.475057
0.475045
0.475033
0.475019
0.475004
0.474987
0.474969
0.47495
0.474929
0.474906
0.474882
0.474855
0.474827
0.474797
0.474764
0.47473
0.474693
0.474653
0.474612
0.490593
0.490634
0.490673
0.49071
0.490744
0.490776
0.490806
0.490834
0.49086
0.490884
0.490906
0.490927
0.490946
0.490964
0.49098
0.490995
0.491009
0.491021
0.491032
0.491043
0.491052
0.49106
0.491067
0.491073
0.491078
0.491083
0.491086
0.491089
0.49109
0.491091
0.491091
0.49109
0.491089
0.491086
0.491083
0.491078
0.491073
0.491067
0.49106
0.491052
0.491043
0.491032
0.491021
0.491009
0.490995
0.49098
0.490964
0.490946
0.490927
0.490906
0.490884
0.49086
0.490834
0.490806
0.490776
0.490744
0.49071
0.490673
0.490634
0.490593
0.506946
0.506986
0.507025
0.507061
0.507094
0.507126
0.507155
0.507182
0.507208
0.507231
0.507253
0.507274
0.507292
0.50731
0.507326
0.50734
0.507354
0.507366
0.507377
0.507388
0.507397
0.507405
0.507412
0.507418
0.507423
0.507427
0.507431
0.507433
0.507435
0.507436
0.507436
0.507435
0.507433
0.507431
0.507427
0.507423
0.507418
0.507412
0.507405
0.507397
0.507388
0.507377
0.507366
0.507354
0.50734
0.507326
0.50731
0.507292
0.507274
0.507253
0.507231
0.507208
0.507182
0.507155
0.507126
0.507094
0.507061
0.507025
0.506986
0.506946
0.523681
0.52372
0.523758
0.523793
0.523826
0.523857
0.523886
0.523912
0.523937
0.52396
0.523982
0.524002
0.52402
0.524037
0.524053
0.524067
0.524081
0.524093
0.524104
0.524114
0.524122
0.52413
0.524137
0.524143
0.524148
0.524153
0.524156
0.524158
0.52416
0.524161
0.524161
0.52416
0.524158
0.524156
0.524153
0.524148
0.524143
0.524137
0.52413
0.524122
0.524114
0.524104
0.524093
0.524081
0.524067
0.524053
0.524037
0.52402
0.524002
0.523982
0.52396
0.523937
0.523912
0.523886
0.523857
0.523826
0.523793
0.523758
0.52372
0.523681
0.54081
0.540849
0.540886
0.54092
0.540952
0.540982
0.54101
0.541036
0.54106
0.541083
0.541104
0.541123
0.541141
0.541158
0.541173
0.541187
0.5412
0.541212
0.541223
0.541232
0.541241
0.541249
0.541256
0.541262
0.541267
0.541271
0.541274
0.541276
0.541278
0.541279
0.541279
0.541278
0.541276
0.541274
0.541271
0.541267
0.541262
0.541256
0.541249
0.541241
0.541232
0.541223
0.541212
0.5412
0.541187
0.541173
0.541158
0.541141
0.541123
0.541104
0.541083
0.54106
0.541036
0.54101
0.540982
0.540952
0.54092
0.540886
0.540849
0.54081
0.558345
0.558383
0.558419
0.558453
0.558484
0.558513
0.55854
0.558565
0.558589
0.558611
0.558631
0.55865
0.558667
0.558683
0.558698
0.558712
0.558725
0.558736
0.558747
0.558756
0.558765
0.558773
0.558779
0.558785
0.55879
0.558794
0.558797
0.5588
0.558801
0.558802
0.558802
0.558801
0.5588
0.558797
0.558794
0.55879
0.558785
0.558779
0.558773
0.558765
0.558756
0.558747
0.558736
0.558725
0.558712
0.558698
0.558683
0.558667
0.55865
0.558631
0.558611
0.558589
0.558565
0.55854
0.558513
0.558484
0.558453
0.558419
0.558383
0.558345
0.576301
0.576338
0.576373
0.576405
0.576435
0.576463
0.57649
0.576514
0.576536
0.576558
0.576577
0.576595
0.576612
0.576628
0.576642
0.576656
0.576668
0.576679
0.57669
0.576699
0.576707
0.576715
0.576721
0.576727
0.576731
0.576735
0.576739
0.576741
0.576743
0.576743
0.576743
0.576743
0.576741
0.576739
0.576735
0.576731
0.576727
0.576721
0.576715
0.576707
0.576699
0.57669
0.576679
0.576668
0.576656
0.576642
0.576628
0.576612
0.576595
0.576577
0.576558
0.576536
0.576514
0.57649
0.576463
0.576435
0.576405
0.576373
0.576338
0.576301
0.594689
0.594725
0.594759
0.594791
0.59482
0.594847
0.594872
0.594895
0.594917
0.594937
0.594956
0.594973
0.594989
0.595005
0.595019
0.595032
0.595043
0.595054
0.595064
0.595073
0.595081
0.595088
0.595095
0.5951
0.595105
0.595109
0.595112
0.595114
0.595116
0.595116
0.595116
0.595116
0.595114
0.595112
0.595109
0.595105
0.5951
0.595095
0.595088
0.595081
0.595073
0.595064
0.595054
0.595043
0.595032
0.595019
0.595005
0.594989
0.594973
0.594956
0.594937
0.594917
0.594895
0.594872
0.594847
0.59482
0.594791
0.594759
0.594725
0.594689
0.613526
0.613561
0.613593
0.613623
0.613651
0.613677
0.613701
0.613723
0.613744
0.613763
0.613781
0.613798
0.613813
0.613828
0.613841
0.613854
0.613865
0.613876
0.613885
0.613894
0.613902
0.613909
0.613915
0.61392
0.613925
0.613928
0.613931
0.613933
0.613935
0.613936
0.613936
0.613935
0.613933
0.613931
0.613928
0.613925
0.61392
0.613915
0.613909
0.613902
0.613894
0.613885
0.613876
0.613865
0.613854
0.613841
0.613828
0.613813
0.613798
0.613781
0.613763
0.613744
0.613723
0.613701
0.613677
0.613651
0.613623
0.613593
0.613561
0.613526
0.632826
0.632859
0.63289
0.632919
0.632945
0.632969
0.632992
0.633013
0.633033
0.633051
0.633068
0.633084
0.633099
0.633112
0.633125
0.633137
0.633148
0.633158
0.633167
0.633176
0.633183
0.63319
0.633196
0.633201
0.633205
0.633209
0.633212
0.633214
0.633215
0.633216
0.633216
0.633215
0.633214
0.633212
0.633209
0.633205
0.633201
0.633196
0.63319
0.633183
0.633176
0.633167
0.633158
0.633148
0.633137
0.633125
0.633112
0.633099
0.633084
0.633068
0.633051
0.633033
0.633013
0.632992
0.632969
0.632945
0.632919
0.63289
0.632859
0.632826
0.652604
0.652636
0.652666
0.652693
0.652717
0.65274
0.652761
0.652781
0.652799
0.652816
0.652832
0.652847
0.652861
0.652874
0.652887
0.652898
0.652908
0.652918
0.652927
0.652935
0.652942
0.652948
0.652954
0.652959
0.652963
0.652967
0.652969
0.652971
0.652973
0.652973
0.652973
0.652973
0.652971
0.652969
0.652967
0.652963
0.652959
0.652954
0.652948
0.652942
0.652935
0.652927
0.652918
0.652908
0.652898
0.652887
0.652874
0.652861
0.652847
0.652832
0.652816
0.652799
0.652781
0.652761
0.65274
0.652717
0.652693
0.652666
0.652636
0.652604
0.672879
0.672909
0.672936
0.672961
0.672984
0.673005
0.673025
0.673043
0.67306
0.673076
0.673091
0.673105
0.673118
0.67313
0.673142
0.673153
0.673162
0.673172
0.67318
0.673187
0.673194
0.6732
0.673206
0.67321
0.673214
0.673218
0.67322
0.673222
0.673224
0.673224
0.673224
0.673224
0.673222
0.67322
0.673218
0.673214
0.67321
0.673206
0.6732
0.673194
0.673187
0.67318
0.673172
0.673162
0.673153
0.673142
0.67313
0.673118
0.673105
0.673091
0.673076
0.67306
0.673043
0.673025
0.673005
0.672984
0.672961
0.672936
0.672909
0.672879
0.693666
0.693694
0.69372
0.693742
0.693763
0.693782
0.6938
0.693817
0.693832
0.693847
0.693861
0.693874
0.693886
0.693898
0.693908
0.693918
0.693928
0.693936
0.693944
0.693951
0.693958
0.693963
0.693968
0.693973
0.693977
0.69398
0.693982
0.693984
0.693985
0.693986
0.693986
0.693985
0.693984
0.693982
0.69398
0.693977
0.693973
0.693968
0.693963
0.693958
0.693951
0.693944
0.693936
0.693928
0.693918
0.693908
0.693898
0.693886
0.693874
0.693861
0.693847
0.693832
0.693817
0.6938
0.693782
0.693763
0.693742
0.69372
0.693694
0.693666
0.714985
0.715011
0.715034
0.715054
0.715073
0.71509
0.715105
0.71512
0.715134
0.715148
0.71516
0.715172
0.715184
0.715194
0.715204
0.715213
0.715222
0.71523
0.715237
0.715244
0.71525
0.715256
0.71526
0.715264
0.715268
0.715271
0.715273
0.715275
0.715276
0.715277
0.715277
0.715276
0.715275
0.715273
0.715271
0.715268
0.715264
0.71526
0.715256
0.71525
0.715244
0.715237
0.71523
0.715222
0.715213
0.715204
0.715194
0.715184
0.715172
0.71516
0.715148
0.715134
0.71512
0.715105
0.71509
0.715073
0.715054
0.715034
0.715011
0.714985
0.736855
0.736878
0.736899
0.736916
0.736932
0.736946
0.73696
0.736973
0.736986
0.736997
0.737009
0.73702
0.73703
0.73704
0.737049
0.737057
0.737065
0.737073
0.737079
0.737086
0.737091
0.737096
0.737101
0.737105
0.737108
0.737111
0.737113
0.737114
0.737116
0.737116
0.737116
0.737116
0.737114
0.737113
0.737111
0.737108
0.737105
0.737101
0.737096
0.737091
0.737086
0.737079
0.737073
0.737065
0.737057
0.737049
0.73704
0.73703
0.73702
0.737009
0.736997
0.736986
0.736973
0.73696
0.736946
0.736932
0.736916
0.736899
0.736878
0.736855
0.759296
0.759317
0.759334
0.759348
0.759361
0.759373
0.759384
0.759395
0.759406
0.759416
0.759426
0.759436
0.759445
0.759454
0.759462
0.75947
0.759477
0.759484
0.75949
0.759496
0.759501
0.759506
0.75951
0.759513
0.759516
0.759519
0.759521
0.759522
0.759523
0.759524
0.759524
0.759523
0.759522
0.759521
0.759519
0.759516
0.759513
0.75951
0.759506
0.759501
0.759496
0.75949
0.759484
0.759477
0.75947
0.759462
0.759454
0.759445
0.759436
0.759426
0.759416
0.759406
0.759395
0.759384
0.759373
0.759361
0.759348
0.759334
0.759317
0.759296
0.782332
0.782349
0.782361
0.782371
0.78238
0.78239
0.782399
0.782408
0.782417
0.782425
0.782434
0.782443
0.782451
0.782458
0.782466
0.782473
0.782479
0.782485
0.782491
0.782496
0.782501
0.782505
0.782509
0.782512
0.782515
0.782517
0.782519
0.78252
0.782521
0.782522
0.782522
0.782521
0.78252
0.782519
0.782517
0.782515
0.782512
0.782509
0.782505
0.782501
0.782496
0.782491
0.782485
0.782479
0.782473
0.782466
0.782458
0.782451
0.782443
0.782434
0.782425
0.782417
0.782408
0.782399
0.78239
0.78238
0.782371
0.782361
0.782349
0.782332
0.805984
0.805996
0.806003
0.806008
0.806013
0.806019
0.806026
0.806033
0.80604
0.806047
0.806054
0.806062
0.806069
0.806075
0.806082
0.806088
0.806094
0.806099
0.806104
0.806109
0.806113
0.806117
0.80612
0.806123
0.806126
0.806128
0.806129
0.806131
0.806131
0.806132
0.806132
0.806131
0.806131
0.806129
0.806128
0.806126
0.806123
0.80612
0.806117
0.806113
0.806109
0.806104
0.806099
0.806094
0.806088
0.806082
0.806075
0.806069
0.806062
0.806054
0.806047
0.80604
0.806033
0.806026
0.806019
0.806013
0.806008
0.806003
0.805996
0.805984
0.830279
0.830283
0.830281
0.83028
0.830281
0.830284
0.830288
0.830293
0.830299
0.830305
0.830311
0.830316
0.830322
0.830328
0.830334
0.830339
0.830344
0.830349
0.830353
0.830357
0.830361
0.830364
0.830367
0.83037
0.830372
0.830374
0.830375
0.830376
0.830377
0.830377
0.830377
0.830377
0.830376
0.830375
0.830374
0.830372
0.83037
0.830367
0.830364
0.830361
0.830357
0.830353
0.830349
0.830344
0.830339
0.830334
0.830328
0.830322
0.830316
0.830311
0.830305
0.830299
0.830293
0.830288
0.830284
0.830281
0.83028
0.830281
0.830283
0.830279
0.855241
0.855231
0.855218
0.855209
0.855206
0.855206
0.855208
0.855211
0.855215
0.855219
0.855224
0.855229
0.855234
0.855238
0.855243
0.855247
0.855252
0.855256
0.855259
0.855263
0.855266
0.855269
0.855271
0.855273
0.855275
0.855277
0.855278
0.855279
0.85528
0.85528
0.85528
0.85528
0.855279
0.855278
0.855277
0.855275
0.855273
0.855271
0.855269
0.855266
0.855263
0.855259
0.855256
0.855252
0.855247
0.855243
0.855238
0.855234
0.855229
0.855224
0.855219
0.855215
0.855211
0.855208
0.855206
0.855206
0.855209
0.855218
0.855231
0.855241
0.88089
0.880854
0.880821
0.880806
0.8808
0.880798
0.880798
0.880799
0.880801
0.880804
0.880808
0.880811
0.880815
0.880819
0.880822
0.880826
0.880829
0.880833
0.880836
0.880838
0.880841
0.880843
0.880845
0.880847
0.880849
0.88085
0.880851
0.880852
0.880852
0.880853
0.880853
0.880852
0.880852
0.880851
0.88085
0.880849
0.880847
0.880845
0.880843
0.880841
0.880838
0.880836
0.880833
0.880829
0.880826
0.880822
0.880819
0.880815
0.880811
0.880808
0.880804
0.880801
0.880799
0.880798
0.880798
0.8808
0.880806
0.880821
0.880854
0.88089
0.90722
0.907121
0.907058
0.90704
0.907035
0.907032
0.907031
0.907031
0.907032
0.907033
0.907035
0.907038
0.907041
0.907043
0.907046
0.907049
0.907052
0.907054
0.907056
0.907059
0.907061
0.907062
0.907064
0.907065
0.907067
0.907068
0.907068
0.907069
0.907069
0.90707
0.90707
0.907069
0.907069
0.907068
0.907068
0.907067
0.907065
0.907064
0.907062
0.907061
0.907059
0.907056
0.907054
0.907052
0.907049
0.907046
0.907043
0.907041
0.907038
0.907035
0.907033
0.907032
0.907031
0.907031
0.907032
0.907035
0.90704
0.907058
0.907121
0.90722
0.934136
0.933851
0.933749
0.933749
0.933753
0.933752
0.93375
0.933749
0.933749
0.93375
0.933751
0.933753
0.933754
0.933756
0.933758
0.93376
0.933762
0.933764
0.933766
0.933767
0.933769
0.93377
0.933771
0.933772
0.933773
0.933774
0.933774
0.933775
0.933775
0.933775
0.933775
0.933775
0.933775
0.933774
0.933774
0.933773
0.933772
0.933771
0.93377
0.933769
0.933767
0.933766
0.933764
0.933762
0.93376
0.933758
0.933756
0.933754
0.933753
0.933751
0.93375
0.933749
0.933749
0.93375
0.933752
0.933753
0.933749
0.933749
0.933851
0.934136
0.960771
0.96004
0.959949
0.960023
0.960048
0.960048
0.960046
0.960045
0.960045
0.960046
0.960047
0.960048
0.960049
0.96005
0.960052
0.960053
0.960054
0.960055
0.960056
0.960057
0.960058
0.960059
0.96006
0.96006
0.960061
0.960061
0.960062
0.960062
0.960062
0.960062
0.960062
0.960062
0.960062
0.960062
0.960061
0.960061
0.96006
0.96006
0.960059
0.960058
0.960057
0.960056
0.960055
0.960054
0.960053
0.960052
0.96005
0.960049
0.960048
0.960047
0.960046
0.960045
0.960045
0.960046
0.960048
0.960048
0.960023
0.959949
0.96004
0.960771
0.979785
0.981021
0.980834
0.980702
0.980676
0.980668
0.980663
0.980661
0.980659
0.980658
0.980658
0.980657
0.980657
0.980657
0.980657
0.980658
0.980658
0.980658
0.980658
0.980658
0.980659
0.980659
0.980659
0.980659
0.980659
0.98066
0.98066
0.98066
0.98066
0.98066
0.98066
0.98066
0.98066
0.98066
0.98066
0.980659
0.980659
0.980659
0.980659
0.980659
0.980658
0.980658
0.980658
0.980658
0.980658
0.980657
0.980657
0.980657
0.980657
0.980658
0.980658
0.980659
0.980661
0.980663
0.980668
0.980676
0.980702
0.980834
0.981021
0.979785
)
;

boundaryField
{
    top
    {
        type            fixedValue;
        value           uniform 1;
    }
    bottom
    {
        type            fixedValue;
        value           uniform 1;
    }
    wall
    {
        type            zeroGradient;
    }
    frontAndBack
    {
        type            empty;
    }
}


// ************************************************************************* //
