/*--------------------------------*- C++ -*----------------------------------*\
| =========                 |                                                 |
| \\      /  F ield         | foam-extend: Open Source CFD                    |
|  \\    /   O peration     | Version:     4.0                                |
|   \\  /    A nd           | Web:         http://www.foam-extend.org         |
|    \\/     M anipulation  |                                                 |
\*---------------------------------------------------------------------------*/
FoamFile
{
    version     2.0;
    format      ascii;
    class       volScalarField;
    location    "1110";
    object      psiE;
}
// * * * * * * * * * * * * * * * * * * * * * * * * * * * * * * * * * * * * * //

dimensions      [0 0 0 0 0 0 0];

internalField   nonuniform List<scalar> 
6960
(
0.36157
0.361587
0.361604
0.361619
0.361632
0.361642
0.361651
0.361657
0.361662
0.361666
0.361669
0.361672
0.361673
0.361675
0.361676
0.361677
0.361678
0.361678
0.361679
0.361679
0.36168
0.36168
0.36168
0.36168
0.361681
0.361681
0.361681
0.361681
0.361681
0.361681
0.361681
0.361681
0.361681
0.361681
0.361681
0.361681
0.36168
0.36168
0.36168
0.36168
0.361679
0.361679
0.361678
0.361678
0.361677
0.361676
0.361675
0.361673
0.361672
0.361669
0.361666
0.361662
0.361657
0.361651
0.361642
0.361632
0.361619
0.361604
0.361587
0.36157
0.944025
0.944091
0.944161
0.944223
0.944274
0.944316
0.944349
0.944375
0.944395
0.944411
0.944423
0.944433
0.94444
0.944446
0.94445
0.944454
0.944457
0.944459
0.944461
0.944463
0.944464
0.944465
0.944466
0.944467
0.944467
0.944468
0.944468
0.944468
0.944468
0.944469
0.944469
0.944468
0.944468
0.944468
0.944468
0.944467
0.944467
0.944466
0.944465
0.944464
0.944463
0.944461
0.944459
0.944457
0.944454
0.94445
0.944446
0.94444
0.944433
0.944423
0.944411
0.944395
0.944375
0.944349
0.944316
0.944274
0.944223
0.944161
0.944091
0.944025
1.4988
1.49893
1.49906
1.49918
1.49928
1.49936
1.49942
1.49947
1.49951
1.49954
1.49956
1.49958
1.4996
1.49961
1.49962
1.49962
1.49963
1.49963
1.49964
1.49964
1.49964
1.49964
1.49965
1.49965
1.49965
1.49965
1.49965
1.49965
1.49965
1.49965
1.49965
1.49965
1.49965
1.49965
1.49965
1.49965
1.49965
1.49965
1.49964
1.49964
1.49964
1.49964
1.49963
1.49963
1.49962
1.49962
1.49961
1.4996
1.49958
1.49956
1.49954
1.49951
1.49947
1.49942
1.49936
1.49928
1.49918
1.49906
1.49893
1.4988
2.05288
2.05307
2.05328
2.05346
2.05361
2.05373
2.05383
2.0539
2.05396
2.05401
2.05404
2.05407
2.05409
2.05411
2.05412
2.05413
2.05414
2.05415
2.05415
2.05416
2.05416
2.05416
2.05417
2.05417
2.05417
2.05417
2.05417
2.05417
2.05417
2.05417
2.05417
2.05417
2.05417
2.05417
2.05417
2.05417
2.05417
2.05417
2.05416
2.05416
2.05416
2.05415
2.05415
2.05414
2.05413
2.05412
2.05411
2.05409
2.05407
2.05404
2.05401
2.05396
2.0539
2.05383
2.05373
2.05361
2.05346
2.05328
2.05307
2.05288
2.6142
2.61447
2.61475
2.61499
2.6152
2.61536
2.61549
2.61559
2.61568
2.61574
2.61579
2.61582
2.61585
2.61588
2.61589
2.61591
2.61592
2.61593
2.61593
2.61594
2.61595
2.61595
2.61595
2.61595
2.61596
2.61596
2.61596
2.61596
2.61596
2.61596
2.61596
2.61596
2.61596
2.61596
2.61596
2.61596
2.61595
2.61595
2.61595
2.61595
2.61594
2.61593
2.61593
2.61592
2.61591
2.61589
2.61588
2.61585
2.61582
2.61579
2.61574
2.61568
2.61559
2.61549
2.61536
2.6152
2.61499
2.61475
2.61447
2.6142
3.18508
3.18541
3.18576
3.18608
3.18633
3.18654
3.18671
3.18684
3.18694
3.18702
3.18708
3.18713
3.18717
3.1872
3.18722
3.18724
3.18725
3.18726
3.18727
3.18728
3.18729
3.18729
3.18729
3.1873
3.1873
3.1873
3.1873
3.18731
3.18731
3.18731
3.18731
3.18731
3.18731
3.1873
3.1873
3.1873
3.1873
3.18729
3.18729
3.18729
3.18728
3.18727
3.18726
3.18725
3.18724
3.18722
3.1872
3.18717
3.18713
3.18708
3.18702
3.18694
3.18684
3.18671
3.18654
3.18633
3.18608
3.18576
3.18541
3.18508
3.76607
3.76647
3.7669
3.76728
3.7676
3.76785
3.76805
3.76821
3.76834
3.76843
3.76851
3.76856
3.76861
3.76864
3.76867
3.76869
3.76871
3.76872
3.76874
3.76874
3.76875
3.76876
3.76876
3.76877
3.76877
3.76877
3.76877
3.76877
3.76878
3.76878
3.76878
3.76878
3.76877
3.76877
3.76877
3.76877
3.76877
3.76876
3.76876
3.76875
3.76874
3.76874
3.76872
3.76871
3.76869
3.76867
3.76864
3.76861
3.76856
3.76851
3.76843
3.76834
3.76821
3.76805
3.76785
3.7676
3.76728
3.7669
3.76647
3.76607
4.35721
4.35769
4.35819
4.35864
4.35901
4.35931
4.35954
4.35973
4.35988
4.35999
4.36008
4.36015
4.3602
4.36024
4.36027
4.3603
4.36032
4.36033
4.36035
4.36036
4.36037
4.36037
4.36038
4.36038
4.36039
4.36039
4.36039
4.36039
4.3604
4.3604
4.3604
4.3604
4.36039
4.36039
4.36039
4.36039
4.36038
4.36038
4.36037
4.36037
4.36036
4.36035
4.36033
4.36032
4.3603
4.36027
4.36024
4.3602
4.36015
4.36008
4.35999
4.35988
4.35973
4.35954
4.35931
4.35901
4.35864
4.35819
4.35769
4.35721
4.95834
4.95889
4.95947
4.95998
4.9604
4.96075
4.96102
4.96124
4.9614
4.96153
4.96164
4.96171
4.96177
4.96182
4.96186
4.96189
4.96191
4.96193
4.96195
4.96196
4.96197
4.96198
4.96198
4.96199
4.96199
4.962
4.962
4.962
4.962
4.962
4.962
4.962
4.962
4.962
4.962
4.96199
4.96199
4.96198
4.96198
4.96197
4.96196
4.96195
4.96193
4.96191
4.96189
4.96186
4.96182
4.96177
4.96171
4.96164
4.96153
4.9614
4.96124
4.96102
4.96075
4.9604
4.95998
4.95947
4.95889
4.95834
5.5692
5.56981
5.57047
5.57105
5.57153
5.57192
5.57223
5.57247
5.57266
5.57281
5.57292
5.57301
5.57308
5.57313
5.57318
5.57321
5.57324
5.57326
5.57327
5.57329
5.5733
5.57331
5.57332
5.57332
5.57333
5.57333
5.57333
5.57334
5.57334
5.57334
5.57334
5.57334
5.57334
5.57333
5.57333
5.57333
5.57332
5.57332
5.57331
5.5733
5.57329
5.57327
5.57326
5.57324
5.57321
5.57318
5.57313
5.57308
5.57301
5.57292
5.57281
5.57266
5.57247
5.57223
5.57192
5.57153
5.57105
5.57047
5.56981
5.5692
6.18947
6.19015
6.19088
6.19153
6.19206
6.1925
6.19284
6.19311
6.19332
6.19349
6.19362
6.19371
6.19379
6.19385
6.1939
6.19394
6.19397
6.19399
6.19401
6.19402
6.19404
6.19405
6.19405
6.19406
6.19407
6.19407
6.19407
6.19408
6.19408
6.19408
6.19408
6.19408
6.19408
6.19407
6.19407
6.19407
6.19406
6.19405
6.19405
6.19404
6.19402
6.19401
6.19399
6.19397
6.19394
6.1939
6.19385
6.19379
6.19371
6.19362
6.19349
6.19332
6.19311
6.19284
6.1925
6.19206
6.19153
6.19088
6.19015
6.18947
6.81876
6.81951
6.82031
6.82102
6.82161
6.82209
6.82247
6.82277
6.823
6.82318
6.82332
6.82343
6.82352
6.82359
6.82364
6.82368
6.82371
6.82374
6.82376
6.82378
6.82379
6.8238
6.82381
6.82382
6.82382
6.82383
6.82383
6.82383
6.82384
6.82384
6.82384
6.82384
6.82383
6.82383
6.82383
6.82382
6.82382
6.82381
6.8238
6.82379
6.82378
6.82376
6.82374
6.82371
6.82368
6.82364
6.82359
6.82352
6.82343
6.82332
6.82318
6.823
6.82277
6.82247
6.82209
6.82161
6.82102
6.82031
6.81951
6.81876
7.4566
7.45742
7.4583
7.45907
7.45972
7.46024
7.46066
7.46098
7.46124
7.46143
7.46159
7.46171
7.4618
7.46187
7.46193
7.46198
7.46201
7.46204
7.46206
7.46208
7.4621
7.46211
7.46212
7.46213
7.46213
7.46214
7.46214
7.46215
7.46215
7.46215
7.46215
7.46215
7.46215
7.46214
7.46214
7.46213
7.46213
7.46212
7.46211
7.4621
7.46208
7.46206
7.46204
7.46201
7.46198
7.46193
7.46187
7.4618
7.46171
7.46159
7.46143
7.46124
7.46098
7.46066
7.46024
7.45972
7.45907
7.4583
7.45742
7.4566
8.10247
8.10335
8.1043
8.10514
8.10584
8.10641
8.10686
8.10721
8.10748
8.1077
8.10787
8.10799
8.1081
8.10817
8.10824
8.10828
8.10832
8.10835
8.10838
8.1084
8.10842
8.10843
8.10844
8.10845
8.10846
8.10846
8.10847
8.10847
8.10847
8.10847
8.10847
8.10847
8.10847
8.10847
8.10846
8.10846
8.10845
8.10844
8.10843
8.10842
8.1084
8.10838
8.10835
8.10832
8.10828
8.10824
8.10817
8.1081
8.10799
8.10787
8.1077
8.10748
8.10721
8.10686
8.10641
8.10584
8.10514
8.1043
8.10335
8.10247
8.75573
8.75667
8.75769
8.7586
8.75935
8.75995
8.76044
8.76082
8.76111
8.76134
8.76152
8.76166
8.76177
8.76186
8.76192
8.76198
8.76202
8.76205
8.76208
8.7621
8.76212
8.76213
8.76214
8.76215
8.76216
8.76217
8.76217
8.76218
8.76218
8.76218
8.76218
8.76218
8.76218
8.76217
8.76217
8.76216
8.76215
8.76214
8.76213
8.76212
8.7621
8.76208
8.76205
8.76202
8.76198
8.76192
8.76186
8.76177
8.76166
8.76152
8.76134
8.76111
8.76082
8.76044
8.75995
8.75935
8.7586
8.75769
8.75667
8.75573
9.41564
9.41665
9.41774
9.41871
9.41951
9.42015
9.42067
9.42107
9.42139
9.42164
9.42183
9.42198
9.42209
9.42219
9.42226
9.42231
9.42236
9.42239
9.42242
9.42245
9.42247
9.42248
9.42249
9.4225
9.42251
9.42252
9.42252
9.42253
9.42253
9.42253
9.42253
9.42253
9.42253
9.42252
9.42252
9.42251
9.4225
9.42249
9.42248
9.42247
9.42245
9.42242
9.42239
9.42236
9.42231
9.42226
9.42219
9.42209
9.42198
9.42183
9.42164
9.42139
9.42107
9.42067
9.42015
9.41951
9.41871
9.41774
9.41665
9.41564
10.0814
10.0824
10.0836
10.0846
10.0855
10.0862
10.0867
10.0871
10.0875
10.0877
10.0879
10.0881
10.0882
10.0883
10.0884
10.0885
10.0885
10.0885
10.0886
10.0886
10.0886
10.0886
10.0886
10.0887
10.0887
10.0887
10.0887
10.0887
10.0887
10.0887
10.0887
10.0887
10.0887
10.0887
10.0887
10.0887
10.0887
10.0886
10.0886
10.0886
10.0886
10.0886
10.0885
10.0885
10.0885
10.0884
10.0883
10.0882
10.0881
10.0879
10.0877
10.0875
10.0871
10.0867
10.0862
10.0855
10.0846
10.0836
10.0824
10.0814
10.7519
10.7531
10.7543
10.7554
10.7563
10.757
10.7576
10.758
10.7584
10.7587
10.7589
10.759
10.7592
10.7593
10.7593
10.7594
10.7595
10.7595
10.7595
10.7596
10.7596
10.7596
10.7596
10.7596
10.7596
10.7596
10.7596
10.7597
10.7597
10.7597
10.7597
10.7597
10.7597
10.7596
10.7596
10.7596
10.7596
10.7596
10.7596
10.7596
10.7596
10.7595
10.7595
10.7595
10.7594
10.7593
10.7593
10.7592
10.759
10.7589
10.7587
10.7584
10.758
10.7576
10.757
10.7563
10.7554
10.7543
10.7531
10.7519
11.4262
11.4274
11.4287
11.4298
11.4308
11.4315
11.4321
11.4326
11.433
11.4333
11.4335
11.4337
11.4338
11.4339
11.434
11.4341
11.4341
11.4342
11.4342
11.4342
11.4342
11.4343
11.4343
11.4343
11.4343
11.4343
11.4343
11.4343
11.4343
11.4343
11.4343
11.4343
11.4343
11.4343
11.4343
11.4343
11.4343
11.4343
11.4343
11.4342
11.4342
11.4342
11.4342
11.4341
11.4341
11.434
11.4339
11.4338
11.4337
11.4335
11.4333
11.433
11.4326
11.4321
11.4315
11.4308
11.4298
11.4287
11.4274
11.4262
12.1029
12.1042
12.1055
12.1067
12.1077
12.1085
12.1091
12.1096
12.11
12.1103
12.1105
12.1107
12.1108
12.111
12.111
12.1111
12.1112
12.1112
12.1113
12.1113
12.1113
12.1113
12.1113
12.1114
12.1114
12.1114
12.1114
12.1114
12.1114
12.1114
12.1114
12.1114
12.1114
12.1114
12.1114
12.1114
12.1114
12.1113
12.1113
12.1113
12.1113
12.1113
12.1112
12.1112
12.1111
12.111
12.111
12.1108
12.1107
12.1105
12.1103
12.11
12.1096
12.1091
12.1085
12.1077
12.1067
12.1055
12.1042
12.1029
12.7806
12.7818
12.7832
12.7845
12.7855
12.7863
12.787
12.7875
12.7879
12.7882
12.7884
12.7886
12.7888
12.7889
12.789
12.7891
12.7891
12.7892
12.7892
12.7892
12.7893
12.7893
12.7893
12.7893
12.7893
12.7893
12.7894
12.7894
12.7894
12.7894
12.7894
12.7894
12.7894
12.7894
12.7893
12.7893
12.7893
12.7893
12.7893
12.7893
12.7892
12.7892
12.7892
12.7891
12.7891
12.789
12.7889
12.7888
12.7886
12.7884
12.7882
12.7879
12.7875
12.787
12.7863
12.7855
12.7845
12.7832
12.7818
12.7806
13.4574
13.4587
13.4602
13.4614
13.4625
13.4633
13.464
13.4646
13.465
13.4653
13.4656
13.4658
13.4659
13.466
13.4661
13.4662
13.4663
13.4663
13.4664
13.4664
13.4664
13.4664
13.4665
13.4665
13.4665
13.4665
13.4665
13.4665
13.4665
13.4665
13.4665
13.4665
13.4665
13.4665
13.4665
13.4665
13.4665
13.4665
13.4664
13.4664
13.4664
13.4664
13.4663
13.4663
13.4662
13.4661
13.466
13.4659
13.4658
13.4656
13.4653
13.465
13.4646
13.464
13.4633
13.4625
13.4614
13.4602
13.4587
13.4574
14.1315
14.1329
14.1344
14.1357
14.1367
14.1376
14.1383
14.1389
14.1393
14.1396
14.1399
14.1401
14.1403
14.1404
14.1405
14.1406
14.1406
14.1407
14.1407
14.1407
14.1408
14.1408
14.1408
14.1408
14.1408
14.1409
14.1409
14.1409
14.1409
14.1409
14.1409
14.1409
14.1409
14.1409
14.1409
14.1408
14.1408
14.1408
14.1408
14.1408
14.1407
14.1407
14.1407
14.1406
14.1406
14.1405
14.1404
14.1403
14.1401
14.1399
14.1396
14.1393
14.1389
14.1383
14.1376
14.1367
14.1357
14.1344
14.1329
14.1315
14.8006
14.802
14.8035
14.8048
14.8059
14.8068
14.8075
14.8081
14.8085
14.8089
14.8091
14.8093
14.8095
14.8096
14.8097
14.8098
14.8099
14.8099
14.81
14.81
14.81
14.8101
14.8101
14.8101
14.8101
14.8101
14.8101
14.8101
14.8101
14.8101
14.8101
14.8101
14.8101
14.8101
14.8101
14.8101
14.8101
14.8101
14.8101
14.81
14.81
14.81
14.8099
14.8099
14.8098
14.8097
14.8096
14.8095
14.8093
14.8091
14.8089
14.8085
14.8081
14.8075
14.8068
14.8059
14.8048
14.8035
14.802
14.8006
15.4619
15.4633
15.4649
15.4662
15.4673
15.4682
15.469
15.4695
15.47
15.4703
15.4706
15.4708
15.471
15.4711
15.4712
15.4713
15.4714
15.4714
15.4715
15.4715
15.4715
15.4716
15.4716
15.4716
15.4716
15.4716
15.4716
15.4716
15.4716
15.4716
15.4716
15.4716
15.4716
15.4716
15.4716
15.4716
15.4716
15.4716
15.4716
15.4715
15.4715
15.4715
15.4714
15.4714
15.4713
15.4712
15.4711
15.471
15.4708
15.4706
15.4703
15.47
15.4695
15.469
15.4682
15.4673
15.4662
15.4649
15.4633
15.4619
16.1125
16.1139
16.1155
16.1168
16.1179
16.1189
16.1196
16.1202
16.1206
16.121
16.1212
16.1215
16.1216
16.1218
16.1219
16.122
16.122
16.1221
16.1221
16.1222
16.1222
16.1222
16.1222
16.1223
16.1223
16.1223
16.1223
16.1223
16.1223
16.1223
16.1223
16.1223
16.1223
16.1223
16.1223
16.1223
16.1223
16.1222
16.1222
16.1222
16.1222
16.1221
16.1221
16.122
16.122
16.1219
16.1218
16.1216
16.1215
16.1212
16.121
16.1206
16.1202
16.1196
16.1189
16.1179
16.1168
16.1155
16.1139
16.1125
16.7486
16.7501
16.7516
16.7529
16.7541
16.755
16.7557
16.7563
16.7567
16.7571
16.7574
16.7576
16.7578
16.7579
16.758
16.7581
16.7582
16.7582
16.7583
16.7583
16.7583
16.7584
16.7584
16.7584
16.7584
16.7584
16.7584
16.7584
16.7584
16.7584
16.7584
16.7584
16.7584
16.7584
16.7584
16.7584
16.7584
16.7584
16.7584
16.7583
16.7583
16.7583
16.7582
16.7582
16.7581
16.758
16.7579
16.7578
16.7576
16.7574
16.7571
16.7567
16.7563
16.7557
16.755
16.7541
16.7529
16.7516
16.7501
16.7486
17.366
17.3675
17.369
17.3703
17.3714
17.3723
17.373
17.3736
17.3741
17.3744
17.3747
17.3749
17.3751
17.3752
17.3753
17.3754
17.3755
17.3755
17.3756
17.3756
17.3756
17.3757
17.3757
17.3757
17.3757
17.3757
17.3757
17.3758
17.3758
17.3758
17.3758
17.3758
17.3758
17.3757
17.3757
17.3757
17.3757
17.3757
17.3757
17.3756
17.3756
17.3756
17.3755
17.3755
17.3754
17.3753
17.3752
17.3751
17.3749
17.3747
17.3744
17.3741
17.3736
17.373
17.3723
17.3714
17.3703
17.369
17.3675
17.366
17.9596
17.961
17.9625
17.9638
17.9649
17.9657
17.9664
17.967
17.9674
17.9678
17.968
17.9683
17.9684
17.9686
17.9687
17.9688
17.9688
17.9689
17.9689
17.969
17.969
17.969
17.969
17.9691
17.9691
17.9691
17.9691
17.9691
17.9691
17.9691
17.9691
17.9691
17.9691
17.9691
17.9691
17.9691
17.9691
17.969
17.969
17.969
17.969
17.9689
17.9689
17.9688
17.9688
17.9687
17.9686
17.9684
17.9683
17.968
17.9678
17.9674
17.967
17.9664
17.9657
17.9649
17.9638
17.9625
17.961
17.9596
18.5232
18.5245
18.526
18.5272
18.5282
18.5291
18.5297
18.5303
18.5307
18.531
18.5313
18.5315
18.5317
18.5318
18.5319
18.532
18.5321
18.5321
18.5322
18.5322
18.5322
18.5323
18.5323
18.5323
18.5323
18.5323
18.5323
18.5323
18.5323
18.5324
18.5324
18.5323
18.5323
18.5323
18.5323
18.5323
18.5323
18.5323
18.5323
18.5322
18.5322
18.5322
18.5321
18.5321
18.532
18.5319
18.5318
18.5317
18.5315
18.5313
18.531
18.5307
18.5303
18.5297
18.5291
18.5282
18.5272
18.526
18.5245
18.5232
19.0495
19.0508
19.0521
19.0533
19.0543
19.055
19.0557
19.0562
19.0566
19.0569
19.0571
19.0573
19.0575
19.0576
19.0577
19.0578
19.0579
19.0579
19.058
19.058
19.058
19.0581
19.0581
19.0581
19.0581
19.0581
19.0581
19.0582
19.0582
19.0582
19.0582
19.0582
19.0582
19.0581
19.0581
19.0581
19.0581
19.0581
19.0581
19.058
19.058
19.058
19.0579
19.0579
19.0578
19.0577
19.0576
19.0575
19.0573
19.0571
19.0569
19.0566
19.0562
19.0557
19.055
19.0543
19.0533
19.0521
19.0508
19.0495
19.5303
19.5315
19.5327
19.5337
19.5346
19.5353
19.5359
19.5363
19.5367
19.537
19.5372
19.5374
19.5375
19.5377
19.5378
19.5378
19.5379
19.538
19.538
19.538
19.5381
19.5381
19.5381
19.5381
19.5382
19.5382
19.5382
19.5382
19.5382
19.5382
19.5382
19.5382
19.5382
19.5382
19.5382
19.5382
19.5381
19.5381
19.5381
19.5381
19.538
19.538
19.538
19.5379
19.5378
19.5378
19.5377
19.5375
19.5374
19.5372
19.537
19.5367
19.5363
19.5359
19.5353
19.5346
19.5337
19.5327
19.5315
19.5303
19.9569
19.9579
19.9589
19.9599
19.9606
19.9613
19.9618
19.9622
19.9625
19.9627
19.963
19.9631
19.9633
19.9634
19.9635
19.9635
19.9636
19.9636
19.9637
19.9637
19.9637
19.9638
19.9638
19.9638
19.9638
19.9638
19.9639
19.9639
19.9639
19.9639
19.9639
19.9639
19.9639
19.9639
19.9638
19.9638
19.9638
19.9638
19.9638
19.9637
19.9637
19.9637
19.9636
19.9636
19.9635
19.9635
19.9634
19.9633
19.9631
19.963
19.9627
19.9625
19.9622
19.9618
19.9613
19.9606
19.9599
19.9589
19.9579
19.9569
20.3223
20.3231
20.324
20.3248
20.3254
20.3259
20.3264
20.3267
20.327
20.3272
20.3274
20.3275
20.3276
20.3277
20.3278
20.3279
20.3279
20.328
20.328
20.3281
20.3281
20.3281
20.3281
20.3282
20.3282
20.3282
20.3282
20.3282
20.3282
20.3282
20.3282
20.3282
20.3282
20.3282
20.3282
20.3282
20.3282
20.3281
20.3281
20.3281
20.3281
20.328
20.328
20.3279
20.3279
20.3278
20.3277
20.3276
20.3275
20.3274
20.3272
20.327
20.3267
20.3264
20.3259
20.3254
20.3248
20.324
20.3231
20.3223
20.6238
20.6244
20.6251
20.6257
20.6262
20.6266
20.6269
20.6272
20.6275
20.6276
20.6278
20.6279
20.628
20.6281
20.6282
20.6282
20.6283
20.6283
20.6284
20.6284
20.6284
20.6285
20.6285
20.6285
20.6285
20.6285
20.6285
20.6285
20.6285
20.6285
20.6285
20.6285
20.6285
20.6285
20.6285
20.6285
20.6285
20.6285
20.6285
20.6284
20.6284
20.6284
20.6283
20.6283
20.6282
20.6282
20.6281
20.628
20.6279
20.6278
20.6276
20.6275
20.6272
20.6269
20.6266
20.6262
20.6257
20.6251
20.6244
20.6238
20.8647
20.8651
20.8656
20.8661
20.8664
20.8668
20.867
20.8672
20.8674
20.8676
20.8677
20.8678
20.8679
20.868
20.868
20.8681
20.8681
20.8682
20.8682
20.8682
20.8683
20.8683
20.8683
20.8683
20.8683
20.8684
20.8684
20.8684
20.8684
20.8684
20.8684
20.8684
20.8684
20.8684
20.8684
20.8683
20.8683
20.8683
20.8683
20.8683
20.8682
20.8682
20.8682
20.8681
20.8681
20.868
20.868
20.8679
20.8678
20.8677
20.8676
20.8674
20.8672
20.867
20.8668
20.8664
20.8661
20.8656
20.8651
20.8647
21.0539
21.0542
21.0546
21.0549
21.0552
21.0554
21.0556
21.0558
21.0559
21.0561
21.0562
21.0563
21.0563
21.0564
21.0565
21.0565
21.0565
21.0566
21.0566
21.0567
21.0567
21.0567
21.0567
21.0567
21.0568
21.0568
21.0568
21.0568
21.0568
21.0568
21.0568
21.0568
21.0568
21.0568
21.0568
21.0568
21.0567
21.0567
21.0567
21.0567
21.0567
21.0566
21.0566
21.0565
21.0565
21.0565
21.0564
21.0563
21.0563
21.0562
21.0561
21.0559
21.0558
21.0556
21.0554
21.0552
21.0549
21.0546
21.0542
21.0539
21.2033
21.2035
21.2037
21.204
21.2042
21.2043
21.2045
21.2046
21.2047
21.2048
21.2049
21.205
21.2051
21.2051
21.2052
21.2052
21.2053
21.2053
21.2054
21.2054
21.2054
21.2054
21.2055
21.2055
21.2055
21.2055
21.2055
21.2055
21.2055
21.2055
21.2055
21.2055
21.2055
21.2055
21.2055
21.2055
21.2055
21.2055
21.2054
21.2054
21.2054
21.2054
21.2053
21.2053
21.2052
21.2052
21.2051
21.2051
21.205
21.2049
21.2048
21.2047
21.2046
21.2045
21.2043
21.2042
21.204
21.2037
21.2035
21.2033
21.3239
21.324
21.3241
21.3243
21.3245
21.3246
21.3247
21.3248
21.3249
21.325
21.3251
21.3252
21.3252
21.3253
21.3253
21.3254
21.3254
21.3254
21.3255
21.3255
21.3255
21.3256
21.3256
21.3256
21.3256
21.3256
21.3256
21.3256
21.3256
21.3257
21.3257
21.3256
21.3256
21.3256
21.3256
21.3256
21.3256
21.3256
21.3256
21.3255
21.3255
21.3255
21.3254
21.3254
21.3254
21.3253
21.3253
21.3252
21.3252
21.3251
21.325
21.3249
21.3248
21.3247
21.3246
21.3245
21.3243
21.3241
21.324
21.3239
21.4244
21.4244
21.4246
21.4247
21.4248
21.4249
21.425
21.4251
21.4252
21.4252
21.4253
21.4254
21.4254
21.4255
21.4255
21.4256
21.4256
21.4256
21.4257
21.4257
21.4257
21.4258
21.4258
21.4258
21.4258
21.4258
21.4258
21.4258
21.4259
21.4259
21.4259
21.4259
21.4258
21.4258
21.4258
21.4258
21.4258
21.4258
21.4258
21.4257
21.4257
21.4257
21.4256
21.4256
21.4256
21.4255
21.4255
21.4254
21.4254
21.4253
21.4252
21.4252
21.4251
21.425
21.4249
21.4248
21.4247
21.4246
21.4244
21.4244
21.5108
21.5109
21.511
21.5111
21.5111
21.5112
21.5113
21.5114
21.5115
21.5115
21.5116
21.5116
21.5117
21.5118
21.5118
21.5118
21.5119
21.5119
21.512
21.512
21.512
21.512
21.5121
21.5121
21.5121
21.5121
21.5121
21.5121
21.5121
21.5121
21.5121
21.5121
21.5121
21.5121
21.5121
21.5121
21.5121
21.5121
21.512
21.512
21.512
21.512
21.5119
21.5119
21.5118
21.5118
21.5118
21.5117
21.5116
21.5116
21.5115
21.5115
21.5114
21.5113
21.5112
21.5111
21.5111
21.511
21.5109
21.5108
21.5873
21.5873
21.5873
21.5874
21.5875
21.5875
21.5876
21.5877
21.5877
21.5878
21.5879
21.5879
21.588
21.588
21.5881
21.5881
21.5882
21.5882
21.5882
21.5883
21.5883
21.5883
21.5883
21.5884
21.5884
21.5884
21.5884
21.5884
21.5884
21.5884
21.5884
21.5884
21.5884
21.5884
21.5884
21.5884
21.5884
21.5883
21.5883
21.5883
21.5883
21.5882
21.5882
21.5882
21.5881
21.5881
21.588
21.588
21.5879
21.5879
21.5878
21.5877
21.5877
21.5876
21.5875
21.5875
21.5874
21.5873
21.5873
21.5873
21.6562
21.6562
21.6562
21.6563
21.6563
21.6564
21.6564
21.6565
21.6566
21.6566
21.6567
21.6567
21.6568
21.6568
21.6569
21.6569
21.657
21.657
21.657
21.6571
21.6571
21.6571
21.6571
21.6572
21.6572
21.6572
21.6572
21.6572
21.6572
21.6572
21.6572
21.6572
21.6572
21.6572
21.6572
21.6572
21.6572
21.6571
21.6571
21.6571
21.6571
21.657
21.657
21.657
21.6569
21.6569
21.6568
21.6568
21.6567
21.6567
21.6566
21.6566
21.6565
21.6564
21.6564
21.6563
21.6563
21.6562
21.6562
21.6562
21.7193
21.7193
21.7193
21.7193
21.7194
21.7194
21.7195
21.7195
21.7196
21.7196
21.7197
21.7197
21.7198
21.7198
21.7199
21.7199
21.72
21.72
21.7201
21.7201
21.7201
21.7201
21.7202
21.7202
21.7202
21.7202
21.7202
21.7202
21.7202
21.7202
21.7202
21.7202
21.7202
21.7202
21.7202
21.7202
21.7202
21.7202
21.7201
21.7201
21.7201
21.7201
21.72
21.72
21.7199
21.7199
21.7198
21.7198
21.7197
21.7197
21.7196
21.7196
21.7195
21.7195
21.7194
21.7194
21.7193
21.7193
21.7193
21.7193
21.7777
21.7777
21.7777
21.7778
21.7778
21.7778
21.7779
21.7779
21.778
21.778
21.7781
21.7782
21.7782
21.7783
21.7783
21.7783
21.7784
21.7784
21.7785
21.7785
21.7785
21.7786
21.7786
21.7786
21.7786
21.7786
21.7786
21.7787
21.7787
21.7787
21.7787
21.7787
21.7787
21.7786
21.7786
21.7786
21.7786
21.7786
21.7786
21.7785
21.7785
21.7785
21.7784
21.7784
21.7783
21.7783
21.7783
21.7782
21.7782
21.7781
21.778
21.778
21.7779
21.7779
21.7778
21.7778
21.7778
21.7777
21.7777
21.7777
21.8324
21.8324
21.8324
21.8324
21.8325
21.8325
21.8325
21.8326
21.8326
21.8327
21.8327
21.8328
21.8328
21.8329
21.8329
21.833
21.833
21.8331
21.8331
21.8331
21.8332
21.8332
21.8332
21.8333
21.8333
21.8333
21.8333
21.8333
21.8333
21.8333
21.8333
21.8333
21.8333
21.8333
21.8333
21.8333
21.8333
21.8332
21.8332
21.8332
21.8331
21.8331
21.8331
21.833
21.833
21.8329
21.8329
21.8328
21.8328
21.8327
21.8327
21.8326
21.8326
21.8325
21.8325
21.8325
21.8324
21.8324
21.8324
21.8324
21.884
21.884
21.884
21.884
21.884
21.884
21.8841
21.8841
21.8842
21.8842
21.8843
21.8843
21.8844
21.8844
21.8845
21.8845
21.8846
21.8846
21.8846
21.8847
21.8847
21.8847
21.8848
21.8848
21.8848
21.8848
21.8848
21.8848
21.8849
21.8849
21.8849
21.8849
21.8848
21.8848
21.8848
21.8848
21.8848
21.8848
21.8847
21.8847
21.8847
21.8846
21.8846
21.8846
21.8845
21.8845
21.8844
21.8844
21.8843
21.8843
21.8842
21.8842
21.8841
21.8841
21.884
21.884
21.884
21.884
21.884
21.884
21.9329
21.9329
21.9329
21.9329
21.9329
21.933
21.933
21.933
21.9331
21.9331
21.9332
21.9332
21.9333
21.9333
21.9334
21.9334
21.9335
21.9335
21.9336
21.9336
21.9336
21.9337
21.9337
21.9337
21.9337
21.9337
21.9338
21.9338
21.9338
21.9338
21.9338
21.9338
21.9338
21.9338
21.9337
21.9337
21.9337
21.9337
21.9337
21.9336
21.9336
21.9336
21.9335
21.9335
21.9334
21.9334
21.9333
21.9333
21.9332
21.9332
21.9331
21.9331
21.933
21.933
21.933
21.9329
21.9329
21.9329
21.9329
21.9329
21.9796
21.9796
21.9796
21.9796
21.9796
21.9796
21.9797
21.9797
21.9798
21.9798
21.9799
21.9799
21.98
21.98
21.9801
21.9801
21.9802
21.9802
21.9803
21.9803
21.9803
21.9804
21.9804
21.9804
21.9804
21.9804
21.9805
21.9805
21.9805
21.9805
21.9805
21.9805
21.9805
21.9805
21.9804
21.9804
21.9804
21.9804
21.9804
21.9803
21.9803
21.9803
21.9802
21.9802
21.9801
21.9801
21.98
21.98
21.9799
21.9799
21.9798
21.9798
21.9797
21.9797
21.9796
21.9796
21.9796
21.9796
21.9796
21.9796
22.0244
22.0244
22.0244
22.0244
22.0244
22.0244
22.0245
22.0245
22.0245
22.0246
22.0246
22.0247
22.0247
22.0248
22.0249
22.0249
22.0249
22.025
22.025
22.0251
22.0251
22.0251
22.0252
22.0252
22.0252
22.0252
22.0252
22.0253
22.0253
22.0253
22.0253
22.0253
22.0253
22.0252
22.0252
22.0252
22.0252
22.0252
22.0251
22.0251
22.0251
22.025
22.025
22.0249
22.0249
22.0249
22.0248
22.0247
22.0247
22.0246
22.0246
22.0245
22.0245
22.0245
22.0244
22.0244
22.0244
22.0244
22.0244
22.0244
22.0676
22.0675
22.0675
22.0675
22.0675
22.0676
22.0676
22.0676
22.0677
22.0677
22.0678
22.0678
22.0679
22.0679
22.068
22.068
22.0681
22.0681
22.0682
22.0682
22.0683
22.0683
22.0683
22.0683
22.0684
22.0684
22.0684
22.0684
22.0684
22.0684
22.0684
22.0684
22.0684
22.0684
22.0684
22.0684
22.0683
22.0683
22.0683
22.0683
22.0682
22.0682
22.0681
22.0681
22.068
22.068
22.0679
22.0679
22.0678
22.0678
22.0677
22.0677
22.0676
22.0676
22.0676
22.0675
22.0675
22.0675
22.0675
22.0676
22.1093
22.1093
22.1092
22.1092
22.1092
22.1093
22.1093
22.1093
22.1094
22.1094
22.1095
22.1095
22.1096
22.1097
22.1097
22.1098
22.1098
22.1099
22.1099
22.1099
22.11
22.11
22.11
22.1101
22.1101
22.1101
22.1101
22.1101
22.1101
22.1101
22.1101
22.1101
22.1101
22.1101
22.1101
22.1101
22.1101
22.11
22.11
22.11
22.1099
22.1099
22.1099
22.1098
22.1098
22.1097
22.1097
22.1096
22.1095
22.1095
22.1094
22.1094
22.1093
22.1093
22.1093
22.1092
22.1092
22.1092
22.1093
22.1093
22.1497
22.1497
22.1497
22.1497
22.1497
22.1497
22.1498
22.1498
22.1499
22.1499
22.15
22.15
22.1501
22.1501
22.1502
22.1502
22.1503
22.1503
22.1504
22.1504
22.1505
22.1505
22.1505
22.1505
22.1506
22.1506
22.1506
22.1506
22.1506
22.1506
22.1506
22.1506
22.1506
22.1506
22.1506
22.1506
22.1505
22.1505
22.1505
22.1505
22.1504
22.1504
22.1503
22.1503
22.1502
22.1502
22.1501
22.1501
22.15
22.15
22.1499
22.1499
22.1498
22.1498
22.1497
22.1497
22.1497
22.1497
22.1497
22.1497
22.1891
22.1891
22.1891
22.1891
22.1891
22.1891
22.1892
22.1892
22.1892
22.1893
22.1893
22.1894
22.1895
22.1895
22.1896
22.1896
22.1897
22.1897
22.1898
22.1898
22.1899
22.1899
22.1899
22.19
22.19
22.19
22.19
22.19
22.19
22.19
22.19
22.19
22.19
22.19
22.19
22.19
22.19
22.1899
22.1899
22.1899
22.1898
22.1898
22.1897
22.1897
22.1896
22.1896
22.1895
22.1895
22.1894
22.1893
22.1893
22.1892
22.1892
22.1892
22.1891
22.1891
22.1891
22.1891
22.1891
22.1891
22.2276
22.2276
22.2276
22.2276
22.2276
22.2276
22.2276
22.2276
22.2277
22.2277
22.2278
22.2279
22.2279
22.228
22.228
22.2281
22.2281
22.2282
22.2282
22.2283
22.2283
22.2284
22.2284
22.2284
22.2284
22.2285
22.2285
22.2285
22.2285
22.2285
22.2285
22.2285
22.2285
22.2285
22.2285
22.2284
22.2284
22.2284
22.2284
22.2283
22.2283
22.2282
22.2282
22.2281
22.2281
22.228
22.228
22.2279
22.2279
22.2278
22.2277
22.2277
22.2276
22.2276
22.2276
22.2276
22.2276
22.2276
22.2276
22.2276
22.2652
22.2652
22.2652
22.2652
22.2652
22.2652
22.2652
22.2653
22.2653
22.2654
22.2654
22.2655
22.2655
22.2656
22.2657
22.2657
22.2658
22.2658
22.2659
22.2659
22.266
22.266
22.266
22.2661
22.2661
22.2661
22.2661
22.2661
22.2661
22.2662
22.2662
22.2661
22.2661
22.2661
22.2661
22.2661
22.2661
22.266
22.266
22.266
22.2659
22.2659
22.2658
22.2658
22.2657
22.2657
22.2656
22.2655
22.2655
22.2654
22.2654
22.2653
22.2653
22.2652
22.2652
22.2652
22.2652
22.2652
22.2652
22.2652
22.3021
22.3021
22.3021
22.3021
22.3021
22.3021
22.3021
22.3022
22.3022
22.3023
22.3023
22.3024
22.3025
22.3025
22.3026
22.3026
22.3027
22.3027
22.3028
22.3028
22.3029
22.3029
22.303
22.303
22.303
22.303
22.3031
22.3031
22.3031
22.3031
22.3031
22.3031
22.3031
22.3031
22.303
22.303
22.303
22.303
22.3029
22.3029
22.3028
22.3028
22.3027
22.3027
22.3026
22.3026
22.3025
22.3025
22.3024
22.3023
22.3023
22.3022
22.3022
22.3021
22.3021
22.3021
22.3021
22.3021
22.3021
22.3021
22.3384
22.3384
22.3384
22.3384
22.3384
22.3384
22.3384
22.3384
22.3385
22.3386
22.3386
22.3387
22.3387
22.3388
22.3389
22.3389
22.339
22.339
22.3391
22.3391
22.3392
22.3392
22.3393
22.3393
22.3393
22.3393
22.3394
22.3394
22.3394
22.3394
22.3394
22.3394
22.3394
22.3394
22.3393
22.3393
22.3393
22.3393
22.3392
22.3392
22.3391
22.3391
22.339
22.339
22.3389
22.3389
22.3388
22.3387
22.3387
22.3386
22.3386
22.3385
22.3384
22.3384
22.3384
22.3384
22.3384
22.3384
22.3384
22.3384
22.3741
22.3741
22.3741
22.3741
22.3741
22.3741
22.3741
22.3742
22.3742
22.3743
22.3743
22.3744
22.3745
22.3745
22.3746
22.3747
22.3747
22.3748
22.3748
22.3749
22.3749
22.375
22.375
22.375
22.3751
22.3751
22.3751
22.3751
22.3751
22.3751
22.3751
22.3751
22.3751
22.3751
22.3751
22.3751
22.375
22.375
22.375
22.3749
22.3749
22.3748
22.3748
22.3747
22.3747
22.3746
22.3745
22.3745
22.3744
22.3743
22.3743
22.3742
22.3742
22.3741
22.3741
22.3741
22.3741
22.3741
22.3741
22.3741
22.4094
22.4093
22.4093
22.4093
22.4093
22.4094
22.4094
22.4094
22.4095
22.4095
22.4096
22.4097
22.4097
22.4098
22.4099
22.4099
22.41
22.4101
22.4101
22.4102
22.4102
22.4103
22.4103
22.4103
22.4103
22.4104
22.4104
22.4104
22.4104
22.4104
22.4104
22.4104
22.4104
22.4104
22.4104
22.4103
22.4103
22.4103
22.4103
22.4102
22.4102
22.4101
22.4101
22.41
22.4099
22.4099
22.4098
22.4097
22.4097
22.4096
22.4095
22.4095
22.4094
22.4094
22.4094
22.4093
22.4093
22.4093
22.4093
22.4094
22.4442
22.4442
22.4442
22.4442
22.4442
22.4442
22.4442
22.4443
22.4443
22.4444
22.4445
22.4445
22.4446
22.4447
22.4447
22.4448
22.4449
22.4449
22.445
22.445
22.4451
22.4451
22.4452
22.4452
22.4452
22.4452
22.4453
22.4453
22.4453
22.4453
22.4453
22.4453
22.4453
22.4453
22.4452
22.4452
22.4452
22.4452
22.4451
22.4451
22.445
22.445
22.4449
22.4449
22.4448
22.4447
22.4447
22.4446
22.4445
22.4445
22.4444
22.4443
22.4443
22.4442
22.4442
22.4442
22.4442
22.4442
22.4442
22.4442
22.4787
22.4787
22.4787
22.4787
22.4787
22.4787
22.4787
22.4788
22.4788
22.4789
22.479
22.479
22.4791
22.4792
22.4793
22.4793
22.4794
22.4794
22.4795
22.4796
22.4796
22.4797
22.4797
22.4797
22.4798
22.4798
22.4798
22.4798
22.4798
22.4798
22.4798
22.4798
22.4798
22.4798
22.4798
22.4798
22.4797
22.4797
22.4797
22.4796
22.4796
22.4795
22.4794
22.4794
22.4793
22.4793
22.4792
22.4791
22.479
22.479
22.4789
22.4788
22.4788
22.4787
22.4787
22.4787
22.4787
22.4787
22.4787
22.4787
22.5129
22.5129
22.5129
22.5129
22.5129
22.5129
22.513
22.513
22.5131
22.5131
22.5132
22.5133
22.5133
22.5134
22.5135
22.5136
22.5136
22.5137
22.5137
22.5138
22.5138
22.5139
22.5139
22.514
22.514
22.514
22.514
22.5141
22.5141
22.5141
22.5141
22.5141
22.5141
22.514
22.514
22.514
22.514
22.5139
22.5139
22.5138
22.5138
22.5137
22.5137
22.5136
22.5136
22.5135
22.5134
22.5133
22.5133
22.5132
22.5131
22.5131
22.513
22.513
22.5129
22.5129
22.5129
22.5129
22.5129
22.5129
22.5469
22.5469
22.5469
22.5469
22.5469
22.5469
22.5469
22.547
22.547
22.5471
22.5472
22.5472
22.5473
22.5474
22.5475
22.5475
22.5476
22.5477
22.5477
22.5478
22.5478
22.5479
22.5479
22.548
22.548
22.548
22.5481
22.5481
22.5481
22.5481
22.5481
22.5481
22.5481
22.5481
22.548
22.548
22.548
22.5479
22.5479
22.5478
22.5478
22.5477
22.5477
22.5476
22.5475
22.5475
22.5474
22.5473
22.5472
22.5472
22.5471
22.547
22.547
22.5469
22.5469
22.5469
22.5469
22.5469
22.5469
22.5469
22.5806
22.5806
22.5806
22.5806
22.5806
22.5807
22.5807
22.5808
22.5808
22.5809
22.581
22.581
22.5811
22.5812
22.5813
22.5813
22.5814
22.5815
22.5815
22.5816
22.5817
22.5817
22.5818
22.5818
22.5818
22.5819
22.5819
22.5819
22.5819
22.5819
22.5819
22.5819
22.5819
22.5819
22.5819
22.5818
22.5818
22.5818
22.5817
22.5817
22.5816
22.5815
22.5815
22.5814
22.5813
22.5813
22.5812
22.5811
22.581
22.581
22.5809
22.5808
22.5808
22.5807
22.5807
22.5806
22.5806
22.5806
22.5806
22.5806
22.6143
22.6143
22.6142
22.6143
22.6143
22.6143
22.6143
22.6144
22.6145
22.6145
22.6146
22.6147
22.6148
22.6148
22.6149
22.615
22.6151
22.6151
22.6152
22.6153
22.6153
22.6154
22.6154
22.6155
22.6155
22.6155
22.6155
22.6156
22.6156
22.6156
22.6156
22.6156
22.6156
22.6155
22.6155
22.6155
22.6155
22.6154
22.6154
22.6153
22.6153
22.6152
22.6151
22.6151
22.615
22.6149
22.6148
22.6148
22.6147
22.6146
22.6145
22.6145
22.6144
22.6143
22.6143
22.6143
22.6143
22.6142
22.6143
22.6143
22.6478
22.6478
22.6478
22.6478
22.6478
22.6478
22.6479
22.6479
22.648
22.6481
22.6481
22.6482
22.6483
22.6484
22.6485
22.6485
22.6486
22.6487
22.6488
22.6488
22.6489
22.6489
22.649
22.649
22.6491
22.6491
22.6491
22.6491
22.6491
22.6491
22.6491
22.6491
22.6491
22.6491
22.6491
22.6491
22.649
22.649
22.6489
22.6489
22.6488
22.6488
22.6487
22.6486
22.6485
22.6485
22.6484
22.6483
22.6482
22.6481
22.6481
22.648
22.6479
22.6479
22.6478
22.6478
22.6478
22.6478
22.6478
22.6478
22.6812
22.6812
22.6812
22.6812
22.6812
22.6813
22.6813
22.6814
22.6814
22.6815
22.6816
22.6817
22.6818
22.6819
22.6819
22.682
22.6821
22.6822
22.6822
22.6823
22.6824
22.6824
22.6825
22.6825
22.6825
22.6826
22.6826
22.6826
22.6826
22.6826
22.6826
22.6826
22.6826
22.6826
22.6826
22.6825
22.6825
22.6825
22.6824
22.6824
22.6823
22.6822
22.6822
22.6821
22.682
22.6819
22.6819
22.6818
22.6817
22.6816
22.6815
22.6814
22.6814
22.6813
22.6813
22.6812
22.6812
22.6812
22.6812
22.6812
22.7146
22.7146
22.7146
22.7146
22.7147
22.7147
22.7147
22.7148
22.7149
22.7149
22.715
22.7151
22.7152
22.7153
22.7154
22.7155
22.7155
22.7156
22.7157
22.7158
22.7158
22.7159
22.7159
22.716
22.716
22.716
22.7161
22.7161
22.7161
22.7161
22.7161
22.7161
22.7161
22.7161
22.716
22.716
22.716
22.7159
22.7159
22.7158
22.7158
22.7157
22.7156
22.7155
22.7155
22.7154
22.7153
22.7152
22.7151
22.715
22.7149
22.7149
22.7148
22.7147
22.7147
22.7147
22.7146
22.7146
22.7146
22.7146
22.748
22.748
22.748
22.748
22.7481
22.7481
22.7482
22.7482
22.7483
22.7484
22.7485
22.7486
22.7486
22.7487
22.7488
22.7489
22.749
22.7491
22.7492
22.7492
22.7493
22.7493
22.7494
22.7494
22.7495
22.7495
22.7495
22.7495
22.7496
22.7496
22.7496
22.7496
22.7495
22.7495
22.7495
22.7495
22.7494
22.7494
22.7493
22.7493
22.7492
22.7492
22.7491
22.749
22.7489
22.7488
22.7487
22.7486
22.7486
22.7485
22.7484
22.7483
22.7482
22.7482
22.7481
22.7481
22.748
22.748
22.748
22.748
22.7815
22.7815
22.7815
22.7815
22.7815
22.7816
22.7816
22.7817
22.7818
22.7818
22.7819
22.782
22.7821
22.7822
22.7823
22.7824
22.7825
22.7826
22.7826
22.7827
22.7828
22.7828
22.7829
22.7829
22.783
22.783
22.783
22.7831
22.7831
22.7831
22.7831
22.7831
22.7831
22.783
22.783
22.783
22.7829
22.7829
22.7828
22.7828
22.7827
22.7826
22.7826
22.7825
22.7824
22.7823
22.7822
22.7821
22.782
22.7819
22.7818
22.7818
22.7817
22.7816
22.7816
22.7815
22.7815
22.7815
22.7815
22.7815
22.815
22.815
22.815
22.815
22.815
22.8151
22.8151
22.8152
22.8153
22.8154
22.8155
22.8156
22.8157
22.8158
22.8159
22.8159
22.816
22.8161
22.8162
22.8163
22.8163
22.8164
22.8165
22.8165
22.8165
22.8166
22.8166
22.8166
22.8166
22.8166
22.8166
22.8166
22.8166
22.8166
22.8166
22.8165
22.8165
22.8165
22.8164
22.8163
22.8163
22.8162
22.8161
22.816
22.8159
22.8159
22.8158
22.8157
22.8156
22.8155
22.8154
22.8153
22.8152
22.8151
22.8151
22.815
22.815
22.815
22.815
22.815
22.8486
22.8486
22.8486
22.8486
22.8486
22.8487
22.8487
22.8488
22.8489
22.849
22.8491
22.8492
22.8493
22.8494
22.8495
22.8496
22.8497
22.8498
22.8499
22.8499
22.85
22.8501
22.8501
22.8502
22.8502
22.8502
22.8503
22.8503
22.8503
22.8503
22.8503
22.8503
22.8503
22.8503
22.8502
22.8502
22.8502
22.8501
22.8501
22.85
22.8499
22.8499
22.8498
22.8497
22.8496
22.8495
22.8494
22.8493
22.8492
22.8491
22.849
22.8489
22.8488
22.8487
22.8487
22.8486
22.8486
22.8486
22.8486
22.8486
22.8823
22.8823
22.8823
22.8823
22.8824
22.8824
22.8825
22.8825
22.8826
22.8827
22.8828
22.8829
22.883
22.8832
22.8833
22.8834
22.8835
22.8835
22.8836
22.8837
22.8838
22.8838
22.8839
22.884
22.884
22.884
22.8841
22.8841
22.8841
22.8841
22.8841
22.8841
22.8841
22.8841
22.884
22.884
22.884
22.8839
22.8838
22.8838
22.8837
22.8836
22.8835
22.8835
22.8834
22.8833
22.8832
22.883
22.8829
22.8828
22.8827
22.8826
22.8825
22.8825
22.8824
22.8824
22.8823
22.8823
22.8823
22.8823
22.9161
22.9161
22.9162
22.9162
22.9162
22.9163
22.9164
22.9164
22.9165
22.9166
22.9167
22.9168
22.917
22.9171
22.9172
22.9173
22.9174
22.9175
22.9176
22.9176
22.9177
22.9178
22.9178
22.9179
22.9179
22.918
22.918
22.918
22.918
22.918
22.918
22.918
22.918
22.918
22.918
22.9179
22.9179
22.9178
22.9178
22.9177
22.9176
22.9176
22.9175
22.9174
22.9173
22.9172
22.9171
22.917
22.9168
22.9167
22.9166
22.9165
22.9164
22.9164
22.9163
22.9162
22.9162
22.9162
22.9161
22.9161
22.9502
22.9502
22.9502
22.9502
22.9503
22.9503
22.9504
22.9505
22.9506
22.9507
22.9508
22.9509
22.951
22.9512
22.9513
22.9514
22.9515
22.9516
22.9517
22.9518
22.9518
22.9519
22.952
22.952
22.9521
22.9521
22.9521
22.9522
22.9522
22.9522
22.9522
22.9522
22.9522
22.9521
22.9521
22.9521
22.952
22.952
22.9519
22.9518
22.9518
22.9517
22.9516
22.9515
22.9514
22.9513
22.9512
22.951
22.9509
22.9508
22.9507
22.9506
22.9505
22.9504
22.9503
22.9503
22.9502
22.9502
22.9502
22.9502
22.9844
22.9844
22.9845
22.9845
22.9845
22.9846
22.9847
22.9848
22.9849
22.985
22.9851
22.9852
22.9853
22.9855
22.9856
22.9857
22.9858
22.9859
22.986
22.9861
22.9862
22.9862
22.9863
22.9863
22.9864
22.9864
22.9865
22.9865
22.9865
22.9865
22.9865
22.9865
22.9865
22.9865
22.9864
22.9864
22.9863
22.9863
22.9862
22.9862
22.9861
22.986
22.9859
22.9858
22.9857
22.9856
22.9855
22.9853
22.9852
22.9851
22.985
22.9849
22.9848
22.9847
22.9846
22.9845
22.9845
22.9845
22.9844
22.9844
23.0189
23.0189
23.0189
23.019
23.019
23.0191
23.0192
23.0193
23.0194
23.0195
23.0196
23.0197
23.0199
23.02
23.0201
23.0202
23.0203
23.0205
23.0205
23.0206
23.0207
23.0208
23.0209
23.0209
23.021
23.021
23.021
23.0211
23.0211
23.0211
23.0211
23.0211
23.0211
23.021
23.021
23.021
23.0209
23.0209
23.0208
23.0207
23.0206
23.0205
23.0205
23.0203
23.0202
23.0201
23.02
23.0199
23.0197
23.0196
23.0195
23.0194
23.0193
23.0192
23.0191
23.019
23.019
23.0189
23.0189
23.0189
23.0536
23.0536
23.0537
23.0537
23.0538
23.0538
23.0539
23.054
23.0541
23.0543
23.0544
23.0545
23.0547
23.0548
23.0549
23.055
23.0552
23.0553
23.0554
23.0555
23.0555
23.0556
23.0557
23.0557
23.0558
23.0558
23.0559
23.0559
23.0559
23.0559
23.0559
23.0559
23.0559
23.0559
23.0558
23.0558
23.0557
23.0557
23.0556
23.0555
23.0555
23.0554
23.0553
23.0552
23.055
23.0549
23.0548
23.0547
23.0545
23.0544
23.0543
23.0541
23.054
23.0539
23.0538
23.0538
23.0537
23.0537
23.0536
23.0536
23.0886
23.0886
23.0887
23.0887
23.0888
23.0889
23.089
23.0891
23.0892
23.0893
23.0895
23.0896
23.0897
23.0899
23.09
23.0901
23.0902
23.0903
23.0905
23.0905
23.0906
23.0907
23.0908
23.0908
23.0909
23.0909
23.091
23.091
23.091
23.091
23.091
23.091
23.091
23.091
23.0909
23.0909
23.0908
23.0908
23.0907
23.0906
23.0905
23.0905
23.0903
23.0902
23.0901
23.09
23.0899
23.0897
23.0896
23.0895
23.0893
23.0892
23.0891
23.089
23.0889
23.0888
23.0887
23.0887
23.0886
23.0886
23.1239
23.1239
23.124
23.124
23.1241
23.1242
23.1243
23.1244
23.1245
23.1247
23.1248
23.125
23.1251
23.1252
23.1254
23.1255
23.1256
23.1257
23.1259
23.126
23.126
23.1261
23.1262
23.1263
23.1263
23.1264
23.1264
23.1264
23.1264
23.1264
23.1264
23.1264
23.1264
23.1264
23.1264
23.1263
23.1263
23.1262
23.1261
23.126
23.126
23.1259
23.1257
23.1256
23.1255
23.1254
23.1252
23.1251
23.125
23.1248
23.1247
23.1245
23.1244
23.1243
23.1242
23.1241
23.124
23.124
23.1239
23.1239
23.1596
23.1596
23.1596
23.1597
23.1597
23.1598
23.1599
23.1601
23.1602
23.1604
23.1605
23.1607
23.1608
23.161
23.1611
23.1612
23.1614
23.1615
23.1616
23.1617
23.1618
23.1619
23.1619
23.162
23.1621
23.1621
23.1621
23.1622
23.1622
23.1622
23.1622
23.1622
23.1622
23.1621
23.1621
23.1621
23.162
23.1619
23.1619
23.1618
23.1617
23.1616
23.1615
23.1614
23.1612
23.1611
23.161
23.1608
23.1607
23.1605
23.1604
23.1602
23.1601
23.1599
23.1598
23.1597
23.1597
23.1596
23.1596
23.1596
23.1955
23.1956
23.1956
23.1956
23.1957
23.1958
23.196
23.1961
23.1962
23.1964
23.1965
23.1967
23.1969
23.197
23.1972
23.1973
23.1974
23.1976
23.1977
23.1978
23.1979
23.198
23.198
23.1981
23.1982
23.1982
23.1982
23.1983
23.1983
23.1983
23.1983
23.1983
23.1983
23.1982
23.1982
23.1982
23.1981
23.198
23.198
23.1979
23.1978
23.1977
23.1976
23.1974
23.1973
23.1972
23.197
23.1969
23.1967
23.1965
23.1964
23.1962
23.1961
23.196
23.1958
23.1957
23.1956
23.1956
23.1956
23.1955
23.2319
23.2319
23.2319
23.232
23.2321
23.2322
23.2323
23.2325
23.2326
23.2328
23.233
23.2331
23.2333
23.2335
23.2336
23.2338
23.2339
23.234
23.2341
23.2343
23.2344
23.2344
23.2345
23.2346
23.2346
23.2347
23.2347
23.2348
23.2348
23.2348
23.2348
23.2348
23.2348
23.2347
23.2347
23.2346
23.2346
23.2345
23.2344
23.2344
23.2343
23.2341
23.234
23.2339
23.2338
23.2336
23.2335
23.2333
23.2331
23.233
23.2328
23.2326
23.2325
23.2323
23.2322
23.2321
23.232
23.2319
23.2319
23.2319
23.2686
23.2686
23.2687
23.2688
23.2689
23.269
23.2691
23.2693
23.2694
23.2696
23.2698
23.27
23.2701
23.2703
23.2705
23.2706
23.2708
23.2709
23.271
23.2711
23.2712
23.2713
23.2714
23.2715
23.2715
23.2716
23.2716
23.2717
23.2717
23.2717
23.2717
23.2717
23.2717
23.2716
23.2716
23.2715
23.2715
23.2714
23.2713
23.2712
23.2711
23.271
23.2709
23.2708
23.2706
23.2705
23.2703
23.2701
23.27
23.2698
23.2696
23.2694
23.2693
23.2691
23.269
23.2689
23.2688
23.2687
23.2686
23.2686
23.3058
23.3058
23.3059
23.3059
23.306
23.3062
23.3063
23.3065
23.3067
23.3068
23.307
23.3072
23.3074
23.3076
23.3077
23.3079
23.3081
23.3082
23.3083
23.3084
23.3085
23.3086
23.3087
23.3088
23.3089
23.3089
23.3089
23.309
23.309
23.309
23.309
23.309
23.309
23.3089
23.3089
23.3089
23.3088
23.3087
23.3086
23.3085
23.3084
23.3083
23.3082
23.3081
23.3079
23.3077
23.3076
23.3074
23.3072
23.307
23.3068
23.3067
23.3065
23.3063
23.3062
23.306
23.3059
23.3059
23.3058
23.3058
23.3434
23.3434
23.3435
23.3435
23.3437
23.3438
23.344
23.3441
23.3443
23.3445
23.3447
23.3449
23.3451
23.3453
23.3455
23.3456
23.3458
23.3459
23.3461
23.3462
23.3463
23.3464
23.3465
23.3466
23.3466
23.3467
23.3467
23.3467
23.3468
23.3468
23.3468
23.3468
23.3467
23.3467
23.3467
23.3466
23.3466
23.3465
23.3464
23.3463
23.3462
23.3461
23.3459
23.3458
23.3456
23.3455
23.3453
23.3451
23.3449
23.3447
23.3445
23.3443
23.3441
23.344
23.3438
23.3437
23.3435
23.3435
23.3434
23.3434
23.3814
23.3815
23.3815
23.3816
23.3817
23.3819
23.3821
23.3823
23.3825
23.3827
23.3829
23.3831
23.3833
23.3835
23.3837
23.3838
23.384
23.3842
23.3843
23.3844
23.3845
23.3846
23.3847
23.3848
23.3849
23.3849
23.385
23.385
23.385
23.385
23.385
23.385
23.385
23.385
23.3849
23.3849
23.3848
23.3847
23.3846
23.3845
23.3844
23.3843
23.3842
23.384
23.3838
23.3837
23.3835
23.3833
23.3831
23.3829
23.3827
23.3825
23.3823
23.3821
23.3819
23.3817
23.3816
23.3815
23.3815
23.3814
23.42
23.42
23.4201
23.4202
23.4203
23.4205
23.4207
23.4209
23.4211
23.4213
23.4215
23.4217
23.422
23.4222
23.4224
23.4225
23.4227
23.4229
23.423
23.4231
23.4233
23.4234
23.4234
23.4235
23.4236
23.4236
23.4237
23.4237
23.4237
23.4238
23.4238
23.4237
23.4237
23.4237
23.4236
23.4236
23.4235
23.4234
23.4234
23.4233
23.4231
23.423
23.4229
23.4227
23.4225
23.4224
23.4222
23.422
23.4217
23.4215
23.4213
23.4211
23.4209
23.4207
23.4205
23.4203
23.4202
23.4201
23.42
23.42
23.459
23.459
23.4591
23.4592
23.4594
23.4596
23.4598
23.46
23.4602
23.4605
23.4607
23.4609
23.4612
23.4614
23.4616
23.4618
23.4619
23.4621
23.4622
23.4624
23.4625
23.4626
23.4627
23.4628
23.4628
23.4629
23.4629
23.463
23.463
23.463
23.463
23.463
23.463
23.4629
23.4629
23.4628
23.4628
23.4627
23.4626
23.4625
23.4624
23.4622
23.4621
23.4619
23.4618
23.4616
23.4614
23.4612
23.4609
23.4607
23.4605
23.4602
23.46
23.4598
23.4596
23.4594
23.4592
23.4591
23.459
23.459
23.4986
23.4986
23.4987
23.4988
23.499
23.4992
23.4994
23.4996
23.4999
23.5001
23.5004
23.5006
23.5009
23.5011
23.5013
23.5015
23.5017
23.5019
23.502
23.5022
23.5023
23.5024
23.5025
23.5026
23.5026
23.5027
23.5027
23.5028
23.5028
23.5028
23.5028
23.5028
23.5028
23.5027
23.5027
23.5026
23.5026
23.5025
23.5024
23.5023
23.5022
23.502
23.5019
23.5017
23.5015
23.5013
23.5011
23.5009
23.5006
23.5004
23.5001
23.4999
23.4996
23.4994
23.4992
23.499
23.4988
23.4987
23.4986
23.4986
23.5387
23.5387
23.5388
23.5389
23.5391
23.5393
23.5396
23.5398
23.5401
23.5404
23.5407
23.5409
23.5412
23.5414
23.5416
23.5418
23.542
23.5422
23.5424
23.5425
23.5426
23.5428
23.5429
23.5429
23.543
23.5431
23.5431
23.5431
23.5432
23.5432
23.5432
23.5432
23.5431
23.5431
23.5431
23.543
23.5429
23.5429
23.5428
23.5426
23.5425
23.5424
23.5422
23.542
23.5418
23.5416
23.5414
23.5412
23.5409
23.5407
23.5404
23.5401
23.5398
23.5396
23.5393
23.5391
23.5389
23.5388
23.5387
23.5387
23.5793
23.5794
23.5795
23.5796
23.5798
23.5801
23.5803
23.5806
23.5809
23.5812
23.5815
23.5818
23.5821
23.5823
23.5825
23.5828
23.583
23.5831
23.5833
23.5835
23.5836
23.5837
23.5838
23.5839
23.584
23.584
23.5841
23.5841
23.5841
23.5841
23.5841
23.5841
23.5841
23.5841
23.584
23.584
23.5839
23.5838
23.5837
23.5836
23.5835
23.5833
23.5831
23.583
23.5828
23.5825
23.5823
23.5821
23.5818
23.5815
23.5812
23.5809
23.5806
23.5803
23.5801
23.5798
23.5796
23.5795
23.5794
23.5793
23.6206
23.6206
23.6207
23.6209
23.6211
23.6214
23.6217
23.622
23.6223
23.6227
23.623
23.6233
23.6235
23.6238
23.6241
23.6243
23.6245
23.6247
23.6248
23.625
23.6251
23.6253
23.6254
23.6254
23.6255
23.6256
23.6256
23.6257
23.6257
23.6257
23.6257
23.6257
23.6257
23.6256
23.6256
23.6255
23.6254
23.6254
23.6253
23.6251
23.625
23.6248
23.6247
23.6245
23.6243
23.6241
23.6238
23.6235
23.6233
23.623
23.6227
23.6223
23.622
23.6217
23.6214
23.6211
23.6209
23.6207
23.6206
23.6206
23.6624
23.6625
23.6626
23.6628
23.6631
23.6634
23.6637
23.664
23.6644
23.6647
23.665
23.6654
23.6657
23.6659
23.6662
23.6664
23.6667
23.6668
23.667
23.6672
23.6673
23.6674
23.6675
23.6676
23.6677
23.6678
23.6678
23.6679
23.6679
23.6679
23.6679
23.6679
23.6679
23.6678
23.6678
23.6677
23.6676
23.6675
23.6674
23.6673
23.6672
23.667
23.6668
23.6667
23.6664
23.6662
23.6659
23.6657
23.6654
23.665
23.6647
23.6644
23.664
23.6637
23.6634
23.6631
23.6628
23.6626
23.6625
23.6624
23.7049
23.705
23.7051
23.7053
23.7056
23.7059
23.7063
23.7067
23.707
23.7074
23.7078
23.7081
23.7084
23.7087
23.709
23.7092
23.7095
23.7097
23.7099
23.71
23.7102
23.7103
23.7104
23.7105
23.7106
23.7106
23.7107
23.7107
23.7107
23.7107
23.7107
23.7107
23.7107
23.7107
23.7106
23.7106
23.7105
23.7104
23.7103
23.7102
23.71
23.7099
23.7097
23.7095
23.7092
23.709
23.7087
23.7084
23.7081
23.7078
23.7074
23.707
23.7067
23.7063
23.7059
23.7056
23.7053
23.7051
23.705
23.7049
23.748
23.7481
23.7482
23.7485
23.7488
23.7492
23.7496
23.75
23.7504
23.7508
23.7512
23.7515
23.7519
23.7522
23.7525
23.7527
23.753
23.7532
23.7534
23.7535
23.7537
23.7538
23.7539
23.754
23.7541
23.7542
23.7542
23.7542
23.7543
23.7543
23.7543
23.7543
23.7542
23.7542
23.7542
23.7541
23.754
23.7539
23.7538
23.7537
23.7535
23.7534
23.7532
23.753
23.7527
23.7525
23.7522
23.7519
23.7515
23.7512
23.7508
23.7504
23.75
23.7496
23.7492
23.7488
23.7485
23.7482
23.7481
23.748
23.7917
23.7918
23.792
23.7923
23.7927
23.7931
23.7935
23.794
23.7944
23.7949
23.7953
23.7957
23.796
23.7964
23.7967
23.7969
23.7972
23.7974
23.7976
23.7978
23.7979
23.798
23.7981
23.7982
23.7983
23.7984
23.7984
23.7985
23.7985
23.7985
23.7985
23.7985
23.7985
23.7984
23.7984
23.7983
23.7982
23.7981
23.798
23.7979
23.7978
23.7976
23.7974
23.7972
23.7969
23.7967
23.7964
23.796
23.7957
23.7953
23.7949
23.7944
23.794
23.7935
23.7931
23.7927
23.7923
23.792
23.7918
23.7917
23.8362
23.8363
23.8365
23.8368
23.8372
23.8377
23.8382
23.8387
23.8392
23.8397
23.8401
23.8405
23.8409
23.8413
23.8416
23.8418
23.8421
23.8423
23.8425
23.8427
23.8428
23.843
23.8431
23.8432
23.8433
23.8433
23.8434
23.8434
23.8434
23.8435
23.8435
23.8434
23.8434
23.8434
23.8433
23.8433
23.8432
23.8431
23.843
23.8428
23.8427
23.8425
23.8423
23.8421
23.8418
23.8416
23.8413
23.8409
23.8405
23.8401
23.8397
23.8392
23.8387
23.8382
23.8377
23.8372
23.8368
23.8365
23.8363
23.8362
23.8813
23.8814
23.8817
23.882
23.8825
23.883
23.8836
23.8842
23.8847
23.8852
23.8857
23.8861
23.8865
23.8869
23.8872
23.8875
23.8878
23.888
23.8882
23.8884
23.8885
23.8887
23.8888
23.8889
23.889
23.889
23.8891
23.8891
23.8891
23.8892
23.8892
23.8891
23.8891
23.8891
23.889
23.889
23.8889
23.8888
23.8887
23.8885
23.8884
23.8882
23.888
23.8878
23.8875
23.8872
23.8869
23.8865
23.8861
23.8857
23.8852
23.8847
23.8842
23.8836
23.883
23.8825
23.882
23.8817
23.8814
23.8813
23.927
23.9272
23.9275
23.928
23.9285
23.9291
23.9297
23.9304
23.931
23.9315
23.932
23.9325
23.9329
23.9333
23.9336
23.9339
23.9342
23.9345
23.9347
23.9348
23.935
23.9351
23.9352
23.9353
23.9354
23.9355
23.9355
23.9356
23.9356
23.9356
23.9356
23.9356
23.9356
23.9355
23.9355
23.9354
23.9353
23.9352
23.9351
23.935
23.9348
23.9347
23.9345
23.9342
23.9339
23.9336
23.9333
23.9329
23.9325
23.932
23.9315
23.931
23.9304
23.9297
23.9291
23.9285
23.928
23.9275
23.9272
23.927
23.9735
23.9737
23.9741
23.9746
23.9753
23.9759
23.9766
23.9773
23.978
23.9786
23.9792
23.9797
23.9801
23.9805
23.9809
23.9812
23.9815
23.9817
23.9819
23.9821
23.9822
23.9824
23.9825
23.9826
23.9827
23.9827
23.9828
23.9828
23.9829
23.9829
23.9829
23.9829
23.9828
23.9828
23.9827
23.9827
23.9826
23.9825
23.9824
23.9822
23.9821
23.9819
23.9817
23.9815
23.9812
23.9809
23.9805
23.9801
23.9797
23.9792
23.9786
23.978
23.9773
23.9766
23.9759
23.9753
23.9746
23.9741
23.9737
23.9735
24.0207
24.0209
24.0214
24.022
24.0228
24.0235
24.0244
24.0251
24.0258
24.0265
24.0271
24.0276
24.0281
24.0285
24.0289
24.0292
24.0295
24.0297
24.03
24.0301
24.0303
24.0304
24.0306
24.0307
24.0307
24.0308
24.0309
24.0309
24.0309
24.0309
24.0309
24.0309
24.0309
24.0309
24.0308
24.0307
24.0307
24.0306
24.0304
24.0303
24.0301
24.03
24.0297
24.0295
24.0292
24.0289
24.0285
24.0281
24.0276
24.0271
24.0265
24.0258
24.0251
24.0244
24.0235
24.0228
24.022
24.0214
24.0209
24.0207
24.0685
24.0688
24.0694
24.0701
24.071
24.072
24.0729
24.0737
24.0745
24.0753
24.0759
24.0765
24.077
24.0774
24.0778
24.0781
24.0784
24.0786
24.0788
24.079
24.0792
24.0793
24.0794
24.0795
24.0796
24.0797
24.0797
24.0798
24.0798
24.0798
24.0798
24.0798
24.0798
24.0797
24.0797
24.0796
24.0795
24.0794
24.0793
24.0792
24.079
24.0788
24.0786
24.0784
24.0781
24.0778
24.0774
24.077
24.0765
24.0759
24.0753
24.0745
24.0737
24.0729
24.072
24.071
24.0701
24.0694
24.0688
24.0685
24.117
24.1174
24.1181
24.1191
24.1201
24.1212
24.1222
24.1232
24.1241
24.1249
24.1256
24.1262
24.1267
24.1271
24.1275
24.1278
24.1281
24.1284
24.1286
24.1288
24.1289
24.1291
24.1292
24.1293
24.1294
24.1294
24.1295
24.1295
24.1295
24.1295
24.1295
24.1295
24.1295
24.1295
24.1294
24.1294
24.1293
24.1292
24.1291
24.1289
24.1288
24.1286
24.1284
24.1281
24.1278
24.1275
24.1271
24.1267
24.1262
24.1256
24.1249
24.1241
24.1232
24.1222
24.1212
24.1201
24.1191
24.1181
24.1174
24.117
24.1661
24.1666
24.1676
24.1687
24.17
24.1713
24.1725
24.1736
24.1745
24.1754
24.1761
24.1767
24.1773
24.1777
24.1781
24.1785
24.1788
24.179
24.1792
24.1794
24.1795
24.1797
24.1798
24.1799
24.18
24.18
24.1801
24.1801
24.1801
24.1801
24.1801
24.1801
24.1801
24.1801
24.18
24.18
24.1799
24.1798
24.1797
24.1795
24.1794
24.1792
24.179
24.1788
24.1785
24.1781
24.1777
24.1773
24.1767
24.1761
24.1754
24.1745
24.1736
24.1725
24.1713
24.17
24.1687
24.1676
24.1666
24.1661
24.2158
24.2165
24.2177
24.2192
24.2208
24.2223
24.2236
24.2249
24.2259
24.2268
24.2276
24.2282
24.2288
24.2293
24.2296
24.23
24.2303
24.2305
24.2307
24.2309
24.231
24.2312
24.2313
24.2314
24.2314
24.2315
24.2315
24.2316
24.2316
24.2316
24.2316
24.2316
24.2316
24.2315
24.2315
24.2314
24.2314
24.2313
24.2312
24.231
24.2309
24.2307
24.2305
24.2303
24.23
24.2296
24.2293
24.2288
24.2282
24.2276
24.2268
24.2259
24.2249
24.2236
24.2223
24.2208
24.2192
24.2177
24.2165
24.2158
24.266
24.267
24.2686
24.2705
24.2724
24.2742
24.2758
24.2771
24.2783
24.2792
24.28
24.2807
24.2812
24.2817
24.2821
24.2824
24.2827
24.2829
24.2831
24.2833
24.2834
24.2836
24.2837
24.2838
24.2838
24.2839
24.2839
24.284
24.284
24.284
24.284
24.284
24.284
24.2839
24.2839
24.2838
24.2838
24.2837
24.2836
24.2834
24.2833
24.2831
24.2829
24.2827
24.2824
24.2821
24.2817
24.2812
24.2807
24.28
24.2792
24.2783
24.2771
24.2758
24.2742
24.2724
24.2705
24.2686
24.267
24.266
24.3165
24.3179
24.3201
24.3226
24.325
24.3271
24.3289
24.3304
24.3316
24.3326
24.3334
24.3341
24.3346
24.3351
24.3355
24.3358
24.3361
24.3363
24.3365
24.3366
24.3368
24.3369
24.337
24.3371
24.3371
24.3372
24.3372
24.3373
24.3373
24.3373
24.3373
24.3373
24.3373
24.3372
24.3372
24.3371
24.3371
24.337
24.3369
24.3368
24.3366
24.3365
24.3363
24.3361
24.3358
24.3355
24.3351
24.3346
24.3341
24.3334
24.3326
24.3316
24.3304
24.3289
24.3271
24.325
24.3226
24.3201
24.3179
24.3165
24.3671
24.3693
24.3724
24.3757
24.3787
24.3811
24.3831
24.3847
24.386
24.3871
24.3879
24.3885
24.3891
24.3895
24.3899
24.3902
24.3904
24.3906
24.3908
24.391
24.3911
24.3912
24.3913
24.3914
24.3914
24.3915
24.3915
24.3915
24.3915
24.3916
24.3916
24.3915
24.3915
24.3915
24.3915
24.3914
24.3914
24.3913
24.3912
24.3911
24.391
24.3908
24.3906
24.3904
24.3902
24.3899
24.3895
24.3891
24.3885
24.3879
24.3871
24.386
24.3847
24.3831
24.3811
24.3787
24.3757
24.3724
24.3693
24.3671
24.4176
24.4212
24.4258
24.4301
24.4338
24.4366
24.4388
24.4405
24.4418
24.4428
24.4436
24.4442
24.4447
24.4452
24.4455
24.4458
24.446
24.4462
24.4463
24.4465
24.4466
24.4467
24.4468
24.4468
24.4469
24.4469
24.4469
24.447
24.447
24.447
24.447
24.447
24.447
24.4469
24.4469
24.4469
24.4468
24.4468
24.4467
24.4466
24.4465
24.4463
24.4462
24.446
24.4458
24.4455
24.4452
24.4447
24.4442
24.4436
24.4428
24.4418
24.4405
24.4388
24.4366
24.4338
24.4301
24.4258
24.4212
24.4176
24.4683
24.4744
24.4812
24.4869
24.4913
24.4944
24.4967
24.4984
24.4997
24.5007
24.5014
24.502
24.5024
24.5028
24.5031
24.5033
24.5035
24.5037
24.5038
24.504
24.5041
24.5041
24.5042
24.5043
24.5043
24.5043
24.5044
24.5044
24.5044
24.5044
24.5044
24.5044
24.5044
24.5044
24.5043
24.5043
24.5043
24.5042
24.5041
24.5041
24.504
24.5038
24.5037
24.5035
24.5033
24.5031
24.5028
24.5024
24.502
24.5014
24.5007
24.4997
24.4984
24.4967
24.4944
24.4913
24.4869
24.4812
24.4744
24.4683
24.5225
24.5325
24.5423
24.5494
24.5543
24.5576
24.5599
24.5615
24.5626
24.5635
24.5641
24.5646
24.565
24.5653
24.5655
24.5657
24.5659
24.566
24.5662
24.5663
24.5663
24.5664
24.5664
24.5665
24.5665
24.5666
24.5666
24.5666
24.5666
24.5666
24.5666
24.5666
24.5666
24.5666
24.5666
24.5665
24.5665
24.5664
24.5664
24.5663
24.5663
24.5662
24.566
24.5659
24.5657
24.5655
24.5653
24.565
24.5646
24.5641
24.5635
24.5626
24.5615
24.5599
24.5576
24.5543
24.5494
24.5423
24.5325
24.5225
24.5911
24.6059
24.6185
24.6266
24.6315
24.6345
24.6365
24.6379
24.6388
24.6395
24.64
24.6403
24.6406
24.6409
24.6411
24.6412
24.6413
24.6414
24.6415
24.6416
24.6416
24.6417
24.6417
24.6418
24.6418
24.6418
24.6418
24.6418
24.6418
24.6419
24.6419
24.6418
24.6418
24.6418
24.6418
24.6418
24.6418
24.6417
24.6417
24.6416
24.6416
24.6415
24.6414
24.6413
24.6412
24.6411
24.6409
24.6406
24.6403
24.64
24.6395
24.6388
24.6379
24.6365
24.6345
24.6315
24.6266
24.6185
24.6059
24.5911
24.7002
24.717
24.7296
24.7368
24.7407
24.743
24.7443
24.7452
24.7458
24.7463
24.7466
24.7468
24.747
24.7472
24.7473
24.7474
24.7475
24.7475
24.7476
24.7476
24.7477
24.7477
24.7477
24.7477
24.7477
24.7478
24.7478
24.7478
24.7478
24.7478
24.7478
24.7478
24.7478
24.7478
24.7478
24.7477
24.7477
24.7477
24.7477
24.7477
24.7476
24.7476
24.7475
24.7475
24.7474
24.7473
24.7472
24.747
24.7468
24.7466
24.7463
24.7458
24.7452
24.7443
24.743
24.7407
24.7368
24.7296
24.717
24.7002
24.8829
24.8917
24.8977
24.9009
24.9025
24.9033
24.9038
24.9041
24.9043
24.9045
24.9046
24.9047
24.9047
24.9048
24.9048
24.9049
24.9049
24.9049
24.9049
24.9049
24.9049
24.905
24.905
24.905
24.905
24.905
24.905
24.905
24.905
24.905
24.905
24.905
24.905
24.905
24.905
24.905
24.905
24.905
24.905
24.9049
24.9049
24.9049
24.9049
24.9049
24.9049
24.9048
24.9048
24.9047
24.9047
24.9046
24.9045
24.9043
24.9041
24.9038
24.9033
24.9025
24.9009
24.8977
24.8917
24.8829
)
;

boundaryField
{
    top
    {
        type            fixedValue;
        value           uniform 25;
    }
    bottom
    {
        type            fixedValue;
        value           uniform 0;
    }
    wall
    {
        type            zeroGradient;
    }
    frontAndBack
    {
        type            empty;
    }
}


// ************************************************************************* //
