/*--------------------------------*- C++ -*----------------------------------*\
| =========                 |                                                 |
| \\      /  F ield         | foam-extend: Open Source CFD                    |
|  \\    /   O peration     | Version:     4.0                                |
|   \\  /    A nd           | Web:         http://www.foam-extend.org         |
|    \\/     M anipulation  |                                                 |
\*---------------------------------------------------------------------------*/
FoamFile
{
    version     2.0;
    format      ascii;
    class       volScalarField;
    location    "1890";
    object      cPlus;
}
// * * * * * * * * * * * * * * * * * * * * * * * * * * * * * * * * * * * * * //

dimensions      [0 0 0 0 0 0 0];

internalField   nonuniform List<scalar> 
6960
(
0.239918
0.239865
0.239818
0.239784
0.239761
0.239745
0.239735
0.239728
0.239723
0.239721
0.239719
0.239717
0.239716
0.239716
0.239715
0.239715
0.239715
0.239715
0.239715
0.239714
0.239714
0.239714
0.239714
0.239714
0.239714
0.239714
0.239714
0.239714
0.239714
0.239714
0.239714
0.239714
0.239714
0.239714
0.239714
0.239714
0.239714
0.239714
0.239714
0.239714
0.239714
0.239715
0.239715
0.239715
0.239715
0.239715
0.239716
0.239716
0.239717
0.239719
0.239721
0.239723
0.239728
0.239735
0.239745
0.239761
0.239784
0.239818
0.239865
0.239918
0.0597081
0.0596874
0.0596685
0.0596546
0.0596449
0.0596385
0.0596342
0.0596315
0.0596296
0.0596285
0.0596277
0.0596271
0.0596268
0.0596265
0.0596263
0.0596262
0.0596261
0.059626
0.059626
0.0596259
0.0596259
0.0596259
0.0596258
0.0596258
0.0596258
0.0596258
0.0596258
0.0596258
0.0596258
0.0596258
0.0596258
0.0596258
0.0596258
0.0596258
0.0596258
0.0596258
0.0596258
0.0596258
0.0596259
0.0596259
0.0596259
0.059626
0.059626
0.0596261
0.0596262
0.0596263
0.0596265
0.0596268
0.0596271
0.0596277
0.0596285
0.0596296
0.0596315
0.0596342
0.0596385
0.0596449
0.0596546
0.0596685
0.0596874
0.0597081
0.023413
0.02341
0.0234064
0.0234036
0.0234016
0.0234003
0.0233994
0.0233988
0.0233984
0.0233981
0.0233979
0.0233978
0.0233977
0.0233977
0.0233976
0.0233976
0.0233976
0.0233976
0.0233975
0.0233975
0.0233975
0.0233975
0.0233975
0.0233975
0.0233975
0.0233975
0.0233975
0.0233975
0.0233975
0.0233975
0.0233975
0.0233975
0.0233975
0.0233975
0.0233975
0.0233975
0.0233975
0.0233975
0.0233975
0.0233975
0.0233975
0.0233975
0.0233976
0.0233976
0.0233976
0.0233976
0.0233977
0.0233977
0.0233978
0.0233979
0.0233981
0.0233984
0.0233988
0.0233994
0.0234003
0.0234016
0.0234036
0.0234064
0.02341
0.023413
0.0156825
0.0156863
0.0156885
0.0156899
0.0156908
0.0156914
0.0156918
0.015692
0.0156922
0.0156923
0.0156923
0.0156924
0.0156924
0.0156924
0.0156924
0.0156924
0.0156924
0.0156924
0.0156925
0.0156925
0.0156925
0.0156925
0.0156925
0.0156925
0.0156925
0.0156925
0.0156925
0.0156925
0.0156925
0.0156925
0.0156925
0.0156925
0.0156925
0.0156925
0.0156925
0.0156925
0.0156925
0.0156925
0.0156925
0.0156925
0.0156925
0.0156925
0.0156924
0.0156924
0.0156924
0.0156924
0.0156924
0.0156924
0.0156924
0.0156923
0.0156923
0.0156922
0.015692
0.0156918
0.0156914
0.0156908
0.0156899
0.0156885
0.0156863
0.0156825
0.0141667
0.0141726
0.0141767
0.0141795
0.0141814
0.0141826
0.0141834
0.0141839
0.0141842
0.0141844
0.0141845
0.0141846
0.0141847
0.0141847
0.0141848
0.0141848
0.0141848
0.0141848
0.0141848
0.0141848
0.0141848
0.0141848
0.0141849
0.0141849
0.0141849
0.0141849
0.0141849
0.0141849
0.0141849
0.0141849
0.0141849
0.0141849
0.0141849
0.0141849
0.0141849
0.0141849
0.0141849
0.0141849
0.0141848
0.0141848
0.0141848
0.0141848
0.0141848
0.0141848
0.0141848
0.0141848
0.0141847
0.0141847
0.0141846
0.0141845
0.0141844
0.0141842
0.0141839
0.0141834
0.0141826
0.0141814
0.0141795
0.0141767
0.0141726
0.0141667
0.0139988
0.0140055
0.0140101
0.0140134
0.0140155
0.0140169
0.0140179
0.0140184
0.0140188
0.0140191
0.0140192
0.0140193
0.0140194
0.0140194
0.0140195
0.0140195
0.0140195
0.0140195
0.0140195
0.0140196
0.0140196
0.0140196
0.0140196
0.0140196
0.0140196
0.0140196
0.0140196
0.0140196
0.0140196
0.0140196
0.0140196
0.0140196
0.0140196
0.0140196
0.0140196
0.0140196
0.0140196
0.0140196
0.0140196
0.0140196
0.0140196
0.0140195
0.0140195
0.0140195
0.0140195
0.0140195
0.0140194
0.0140194
0.0140193
0.0140192
0.0140191
0.0140188
0.0140184
0.0140179
0.0140169
0.0140155
0.0140134
0.0140101
0.0140055
0.0139988
0.0141233
0.0141303
0.0141352
0.0141386
0.0141409
0.0141424
0.0141433
0.0141439
0.0141443
0.0141446
0.0141447
0.0141449
0.0141449
0.014145
0.014145
0.014145
0.0141451
0.0141451
0.0141451
0.0141451
0.0141451
0.0141451
0.0141451
0.0141451
0.0141451
0.0141451
0.0141451
0.0141451
0.0141451
0.0141451
0.0141451
0.0141451
0.0141451
0.0141451
0.0141451
0.0141451
0.0141451
0.0141451
0.0141451
0.0141451
0.0141451
0.0141451
0.0141451
0.0141451
0.014145
0.014145
0.014145
0.0141449
0.0141449
0.0141447
0.0141446
0.0141443
0.0141439
0.0141433
0.0141424
0.0141409
0.0141386
0.0141352
0.0141303
0.0141233
0.0143193
0.0143265
0.0143316
0.0143351
0.0143374
0.014339
0.01434
0.0143406
0.014341
0.0143413
0.0143414
0.0143415
0.0143416
0.0143417
0.0143417
0.0143417
0.0143418
0.0143418
0.0143418
0.0143418
0.0143418
0.0143418
0.0143418
0.0143418
0.0143418
0.0143418
0.0143418
0.0143418
0.0143419
0.0143419
0.0143419
0.0143419
0.0143418
0.0143418
0.0143418
0.0143418
0.0143418
0.0143418
0.0143418
0.0143418
0.0143418
0.0143418
0.0143418
0.0143418
0.0143417
0.0143417
0.0143417
0.0143416
0.0143415
0.0143414
0.0143413
0.014341
0.0143406
0.01434
0.014339
0.0143374
0.0143351
0.0143316
0.0143265
0.0143193
0.0145436
0.0145509
0.0145561
0.0145597
0.0145622
0.0145637
0.0145648
0.0145654
0.0145658
0.0145661
0.0145663
0.0145664
0.0145665
0.0145665
0.0145666
0.0145666
0.0145666
0.0145667
0.0145667
0.0145667
0.0145667
0.0145667
0.0145667
0.0145667
0.0145667
0.0145667
0.0145667
0.0145667
0.0145667
0.0145667
0.0145667
0.0145667
0.0145667
0.0145667
0.0145667
0.0145667
0.0145667
0.0145667
0.0145667
0.0145667
0.0145667
0.0145667
0.0145667
0.0145666
0.0145666
0.0145666
0.0145665
0.0145665
0.0145664
0.0145663
0.0145661
0.0145658
0.0145654
0.0145648
0.0145637
0.0145622
0.0145597
0.0145561
0.0145509
0.0145436
0.0147893
0.0147969
0.0148022
0.014806
0.0148084
0.0148101
0.0148111
0.0148118
0.0148122
0.0148125
0.0148127
0.0148128
0.0148129
0.014813
0.014813
0.014813
0.014813
0.0148131
0.0148131
0.0148131
0.0148131
0.0148131
0.0148131
0.0148131
0.0148131
0.0148131
0.0148131
0.0148131
0.0148131
0.0148131
0.0148131
0.0148131
0.0148131
0.0148131
0.0148131
0.0148131
0.0148131
0.0148131
0.0148131
0.0148131
0.0148131
0.0148131
0.0148131
0.014813
0.014813
0.014813
0.014813
0.0148129
0.0148128
0.0148127
0.0148125
0.0148122
0.0148118
0.0148111
0.0148101
0.0148084
0.014806
0.0148022
0.0147969
0.0147893
0.0150574
0.0150652
0.0150707
0.0150745
0.0150771
0.0150788
0.0150799
0.0150806
0.015081
0.0150813
0.0150815
0.0150816
0.0150817
0.0150817
0.0150818
0.0150818
0.0150818
0.0150819
0.0150819
0.0150819
0.0150819
0.0150819
0.0150819
0.0150819
0.0150819
0.0150819
0.0150819
0.0150819
0.0150819
0.0150819
0.0150819
0.0150819
0.0150819
0.0150819
0.0150819
0.0150819
0.0150819
0.0150819
0.0150819
0.0150819
0.0150819
0.0150819
0.0150819
0.0150818
0.0150818
0.0150818
0.0150817
0.0150817
0.0150816
0.0150815
0.0150813
0.015081
0.0150806
0.0150799
0.0150788
0.0150771
0.0150745
0.0150707
0.0150652
0.0150574
0.0153504
0.0153585
0.0153642
0.0153681
0.0153708
0.0153725
0.0153736
0.0153743
0.0153748
0.0153751
0.0153753
0.0153754
0.0153755
0.0153756
0.0153756
0.0153757
0.0153757
0.0153757
0.0153757
0.0153757
0.0153757
0.0153757
0.0153757
0.0153758
0.0153758
0.0153758
0.0153758
0.0153758
0.0153758
0.0153758
0.0153758
0.0153758
0.0153758
0.0153758
0.0153758
0.0153758
0.0153758
0.0153757
0.0153757
0.0153757
0.0153757
0.0153757
0.0153757
0.0153757
0.0153757
0.0153756
0.0153756
0.0153755
0.0153754
0.0153753
0.0153751
0.0153748
0.0153743
0.0153736
0.0153725
0.0153708
0.0153681
0.0153642
0.0153585
0.0153504
0.0156718
0.0156802
0.0156861
0.0156901
0.0156929
0.0156947
0.0156959
0.0156966
0.0156971
0.0156974
0.0156976
0.0156977
0.0156978
0.0156979
0.0156979
0.015698
0.015698
0.015698
0.015698
0.015698
0.0156981
0.0156981
0.0156981
0.0156981
0.0156981
0.0156981
0.0156981
0.0156981
0.0156981
0.0156981
0.0156981
0.0156981
0.0156981
0.0156981
0.0156981
0.0156981
0.0156981
0.0156981
0.0156981
0.0156981
0.015698
0.015698
0.015698
0.015698
0.015698
0.0156979
0.0156979
0.0156978
0.0156977
0.0156976
0.0156974
0.0156971
0.0156966
0.0156959
0.0156947
0.0156929
0.0156901
0.0156861
0.0156802
0.0156718
0.0160257
0.0160345
0.0160406
0.0160449
0.0160477
0.0160496
0.0160508
0.0160516
0.0160521
0.0160524
0.0160526
0.0160528
0.0160529
0.0160529
0.016053
0.016053
0.016053
0.0160531
0.0160531
0.0160531
0.0160531
0.0160531
0.0160531
0.0160531
0.0160531
0.0160531
0.0160531
0.0160531
0.0160531
0.0160531
0.0160531
0.0160531
0.0160531
0.0160531
0.0160531
0.0160531
0.0160531
0.0160531
0.0160531
0.0160531
0.0160531
0.0160531
0.0160531
0.016053
0.016053
0.016053
0.0160529
0.0160529
0.0160528
0.0160526
0.0160524
0.0160521
0.0160516
0.0160508
0.0160496
0.0160477
0.0160449
0.0160406
0.0160345
0.0160257
0.0164174
0.0164266
0.016433
0.0164374
0.0164404
0.0164423
0.0164436
0.0164444
0.0164449
0.0164453
0.0164455
0.0164456
0.0164457
0.0164458
0.0164459
0.0164459
0.0164459
0.0164459
0.016446
0.016446
0.016446
0.016446
0.016446
0.016446
0.016446
0.016446
0.016446
0.016446
0.016446
0.016446
0.016446
0.016446
0.016446
0.016446
0.016446
0.016446
0.016446
0.016446
0.016446
0.016446
0.016446
0.016446
0.0164459
0.0164459
0.0164459
0.0164459
0.0164458
0.0164457
0.0164456
0.0164455
0.0164453
0.0164449
0.0164444
0.0164436
0.0164423
0.0164404
0.0164374
0.016433
0.0164266
0.0164174
0.0168532
0.0168627
0.0168694
0.0168741
0.0168772
0.0168792
0.0168806
0.0168814
0.016882
0.0168823
0.0168826
0.0168827
0.0168828
0.0168829
0.0168829
0.016883
0.016883
0.016883
0.0168831
0.0168831
0.0168831
0.0168831
0.0168831
0.0168831
0.0168831
0.0168831
0.0168831
0.0168831
0.0168831
0.0168831
0.0168831
0.0168831
0.0168831
0.0168831
0.0168831
0.0168831
0.0168831
0.0168831
0.0168831
0.0168831
0.0168831
0.0168831
0.016883
0.016883
0.016883
0.0168829
0.0168829
0.0168828
0.0168827
0.0168826
0.0168823
0.016882
0.0168814
0.0168806
0.0168792
0.0168772
0.0168741
0.0168694
0.0168627
0.0168532
0.0173408
0.0173509
0.0173579
0.0173628
0.0173661
0.0173682
0.0173696
0.0173705
0.0173711
0.0173715
0.0173717
0.0173719
0.017372
0.0173721
0.0173721
0.0173722
0.0173722
0.0173722
0.0173722
0.0173723
0.0173723
0.0173723
0.0173723
0.0173723
0.0173723
0.0173723
0.0173723
0.0173723
0.0173723
0.0173723
0.0173723
0.0173723
0.0173723
0.0173723
0.0173723
0.0173723
0.0173723
0.0173723
0.0173723
0.0173723
0.0173723
0.0173722
0.0173722
0.0173722
0.0173722
0.0173721
0.0173721
0.017372
0.0173719
0.0173717
0.0173715
0.0173711
0.0173705
0.0173696
0.0173682
0.0173661
0.0173628
0.0173579
0.0173509
0.0173408
0.0178902
0.0179009
0.0179083
0.0179135
0.017917
0.0179192
0.0179207
0.0179217
0.0179223
0.0179227
0.0179229
0.0179231
0.0179232
0.0179233
0.0179234
0.0179234
0.0179234
0.0179235
0.0179235
0.0179235
0.0179235
0.0179235
0.0179235
0.0179235
0.0179236
0.0179236
0.0179236
0.0179236
0.0179236
0.0179236
0.0179236
0.0179236
0.0179236
0.0179236
0.0179236
0.0179236
0.0179235
0.0179235
0.0179235
0.0179235
0.0179235
0.0179235
0.0179235
0.0179234
0.0179234
0.0179234
0.0179233
0.0179232
0.0179231
0.0179229
0.0179227
0.0179223
0.0179217
0.0179207
0.0179192
0.017917
0.0179135
0.0179083
0.0179009
0.0178902
0.0185142
0.0185255
0.0185334
0.0185389
0.0185426
0.0185451
0.0185467
0.0185477
0.0185483
0.0185487
0.018549
0.0185492
0.0185493
0.0185494
0.0185495
0.0185495
0.0185496
0.0185496
0.0185496
0.0185496
0.0185496
0.0185496
0.0185497
0.0185497
0.0185497
0.0185497
0.0185497
0.0185497
0.0185497
0.0185497
0.0185497
0.0185497
0.0185497
0.0185497
0.0185497
0.0185497
0.0185497
0.0185497
0.0185496
0.0185496
0.0185496
0.0185496
0.0185496
0.0185496
0.0185495
0.0185495
0.0185494
0.0185493
0.0185492
0.018549
0.0185487
0.0185483
0.0185477
0.0185467
0.0185451
0.0185426
0.0185389
0.0185334
0.0185255
0.0185142
0.0192293
0.0192414
0.0192499
0.0192558
0.0192598
0.0192624
0.0192641
0.0192652
0.0192659
0.0192664
0.0192667
0.0192669
0.019267
0.0192671
0.0192671
0.0192672
0.0192672
0.0192673
0.0192673
0.0192673
0.0192673
0.0192673
0.0192673
0.0192673
0.0192674
0.0192674
0.0192674
0.0192674
0.0192674
0.0192674
0.0192674
0.0192674
0.0192674
0.0192674
0.0192674
0.0192674
0.0192673
0.0192673
0.0192673
0.0192673
0.0192673
0.0192673
0.0192673
0.0192672
0.0192672
0.0192671
0.0192671
0.019267
0.0192669
0.0192667
0.0192664
0.0192659
0.0192652
0.0192641
0.0192624
0.0192598
0.0192558
0.0192499
0.0192414
0.0192293
0.0200577
0.0200708
0.02008
0.0200864
0.0200907
0.0200935
0.0200953
0.0200965
0.0200973
0.0200978
0.0200981
0.0200983
0.0200985
0.0200986
0.0200986
0.0200987
0.0200987
0.0200988
0.0200988
0.0200988
0.0200988
0.0200988
0.0200988
0.0200988
0.0200989
0.0200989
0.0200989
0.0200989
0.0200989
0.0200989
0.0200989
0.0200989
0.0200989
0.0200989
0.0200989
0.0200989
0.0200988
0.0200988
0.0200988
0.0200988
0.0200988
0.0200988
0.0200988
0.0200987
0.0200987
0.0200986
0.0200986
0.0200985
0.0200983
0.0200981
0.0200978
0.0200973
0.0200965
0.0200953
0.0200935
0.0200907
0.0200864
0.02008
0.0200708
0.0200577
0.0210294
0.0210438
0.0210539
0.0210609
0.0210656
0.0210687
0.0210707
0.021072
0.0210728
0.0210733
0.0210737
0.0210739
0.0210741
0.0210742
0.0210743
0.0210743
0.0210744
0.0210744
0.0210744
0.0210744
0.0210745
0.0210745
0.0210745
0.0210745
0.0210745
0.0210745
0.0210745
0.0210745
0.0210745
0.0210745
0.0210745
0.0210745
0.0210745
0.0210745
0.0210745
0.0210745
0.0210745
0.0210745
0.0210745
0.0210745
0.0210744
0.0210744
0.0210744
0.0210744
0.0210743
0.0210743
0.0210742
0.0210741
0.0210739
0.0210737
0.0210733
0.0210728
0.021072
0.0210707
0.0210687
0.0210656
0.0210609
0.0210539
0.0210438
0.0210294
0.0221868
0.0222027
0.0222139
0.0222217
0.0222269
0.0222303
0.0222326
0.022234
0.0222349
0.0222355
0.0222359
0.0222362
0.0222364
0.0222365
0.0222366
0.0222366
0.0222367
0.0222367
0.0222367
0.0222368
0.0222368
0.0222368
0.0222368
0.0222368
0.0222368
0.0222368
0.0222368
0.0222368
0.0222369
0.0222369
0.0222369
0.0222369
0.0222368
0.0222368
0.0222368
0.0222368
0.0222368
0.0222368
0.0222368
0.0222368
0.0222368
0.0222367
0.0222367
0.0222367
0.0222366
0.0222366
0.0222365
0.0222364
0.0222362
0.0222359
0.0222355
0.0222349
0.022234
0.0222326
0.0222303
0.0222269
0.0222217
0.0222139
0.0222027
0.0221868
0.0235907
0.0236086
0.0236212
0.02363
0.0236359
0.0236397
0.0236423
0.0236439
0.0236449
0.0236456
0.0236461
0.0236464
0.0236466
0.0236467
0.0236468
0.0236469
0.0236469
0.023647
0.023647
0.023647
0.023647
0.0236471
0.0236471
0.0236471
0.0236471
0.0236471
0.0236471
0.0236471
0.0236471
0.0236471
0.0236471
0.0236471
0.0236471
0.0236471
0.0236471
0.0236471
0.0236471
0.0236471
0.0236471
0.023647
0.023647
0.023647
0.023647
0.0236469
0.0236469
0.0236468
0.0236467
0.0236466
0.0236464
0.0236461
0.0236456
0.0236449
0.0236439
0.0236423
0.0236397
0.0236359
0.02363
0.0236212
0.0236086
0.0235907
0.0253314
0.025352
0.0253665
0.0253766
0.0253834
0.0253879
0.0253908
0.0253927
0.0253939
0.0253947
0.0253952
0.0253955
0.0253958
0.0253959
0.025396
0.0253961
0.0253962
0.0253962
0.0253963
0.0253963
0.0253963
0.0253964
0.0253964
0.0253964
0.0253964
0.0253964
0.0253964
0.0253964
0.0253964
0.0253964
0.0253964
0.0253964
0.0253964
0.0253964
0.0253964
0.0253964
0.0253964
0.0253964
0.0253964
0.0253963
0.0253963
0.0253963
0.0253962
0.0253962
0.0253961
0.025396
0.0253959
0.0253958
0.0253955
0.0253952
0.0253947
0.0253939
0.0253927
0.0253908
0.0253879
0.0253834
0.0253766
0.0253665
0.025352
0.0253314
0.0275462
0.0275705
0.0275877
0.0275997
0.0276078
0.0276131
0.0276165
0.0276188
0.0276202
0.0276211
0.0276218
0.0276222
0.0276224
0.0276226
0.0276228
0.0276229
0.0276229
0.027623
0.027623
0.0276231
0.0276231
0.0276231
0.0276231
0.0276232
0.0276232
0.0276232
0.0276232
0.0276232
0.0276232
0.0276232
0.0276232
0.0276232
0.0276232
0.0276232
0.0276232
0.0276232
0.0276232
0.0276231
0.0276231
0.0276231
0.0276231
0.027623
0.027623
0.0276229
0.0276229
0.0276228
0.0276226
0.0276224
0.0276222
0.0276218
0.0276211
0.0276202
0.0276188
0.0276165
0.0276131
0.0276078
0.0275997
0.0275877
0.0275705
0.0275462
0.0304445
0.0304741
0.0304951
0.0305098
0.0305196
0.0305261
0.0305304
0.0305331
0.0305349
0.030536
0.0305368
0.0305373
0.0305376
0.0305378
0.030538
0.0305381
0.0305382
0.0305383
0.0305383
0.0305384
0.0305384
0.0305384
0.0305385
0.0305385
0.0305385
0.0305385
0.0305385
0.0305385
0.0305385
0.0305385
0.0305385
0.0305385
0.0305385
0.0305385
0.0305385
0.0305385
0.0305385
0.0305385
0.0305384
0.0305384
0.0305384
0.0305383
0.0305383
0.0305382
0.0305381
0.030538
0.0305378
0.0305376
0.0305373
0.0305368
0.030536
0.0305349
0.0305331
0.0305304
0.0305261
0.0305196
0.0305098
0.0304951
0.0304741
0.0304445
0.0343349
0.034372
0.0343984
0.0344169
0.0344294
0.0344376
0.0344429
0.0344464
0.0344486
0.0344501
0.034451
0.0344516
0.034452
0.0344523
0.0344525
0.0344527
0.0344528
0.0344529
0.034453
0.034453
0.0344531
0.0344531
0.0344531
0.0344532
0.0344532
0.0344532
0.0344532
0.0344532
0.0344532
0.0344532
0.0344532
0.0344532
0.0344532
0.0344532
0.0344532
0.0344532
0.0344532
0.0344531
0.0344531
0.0344531
0.034453
0.034453
0.0344529
0.0344528
0.0344527
0.0344525
0.0344523
0.034452
0.0344516
0.034451
0.0344501
0.0344486
0.0344464
0.0344429
0.0344376
0.0344294
0.0344169
0.0343984
0.034372
0.0343349
0.0396326
0.0396802
0.0397142
0.0397381
0.0397542
0.0397648
0.0397717
0.0397762
0.039779
0.0397809
0.0397821
0.0397829
0.0397835
0.0397839
0.0397841
0.0397843
0.0397845
0.0397846
0.0397847
0.0397847
0.0397848
0.0397848
0.0397849
0.0397849
0.039785
0.039785
0.039785
0.039785
0.039785
0.039785
0.039785
0.039785
0.039785
0.039785
0.039785
0.039785
0.0397849
0.0397849
0.0397848
0.0397848
0.0397847
0.0397847
0.0397846
0.0397845
0.0397843
0.0397841
0.0397839
0.0397835
0.0397829
0.0397821
0.0397809
0.039779
0.0397762
0.0397717
0.0397648
0.0397542
0.0397381
0.0397142
0.0396802
0.0396326
0.046809
0.0468705
0.0469146
0.0469455
0.0469664
0.0469802
0.0469892
0.046995
0.0469987
0.0470012
0.0470028
0.0470038
0.0470045
0.047005
0.0470054
0.0470056
0.0470058
0.047006
0.0470061
0.0470062
0.0470062
0.0470063
0.0470064
0.0470064
0.0470064
0.0470065
0.0470065
0.0470065
0.0470065
0.0470065
0.0470065
0.0470065
0.0470065
0.0470065
0.0470065
0.0470064
0.0470064
0.0470064
0.0470063
0.0470062
0.0470062
0.0470061
0.047006
0.0470058
0.0470056
0.0470054
0.047005
0.0470045
0.0470038
0.0470028
0.0470012
0.0469987
0.046995
0.0469892
0.0469802
0.0469664
0.0469455
0.0469146
0.0468705
0.046809
0.0562575
0.0563359
0.0563922
0.0564316
0.0564583
0.0564759
0.0564874
0.0564948
0.0564996
0.0565028
0.0565048
0.0565061
0.0565071
0.0565077
0.0565081
0.0565085
0.0565087
0.0565089
0.0565091
0.0565092
0.0565093
0.0565094
0.0565094
0.0565095
0.0565095
0.0565096
0.0565096
0.0565096
0.0565096
0.0565096
0.0565096
0.0565096
0.0565096
0.0565096
0.0565096
0.0565095
0.0565095
0.0565094
0.0565094
0.0565093
0.0565092
0.0565091
0.0565089
0.0565087
0.0565085
0.0565081
0.0565077
0.0565071
0.0565061
0.0565048
0.0565028
0.0564996
0.0564948
0.0564874
0.0564759
0.0564583
0.0564316
0.0563922
0.0563359
0.0562575
0.0681221
0.068219
0.0682885
0.0683372
0.0683702
0.068392
0.0684062
0.0684154
0.0684214
0.0684253
0.0684278
0.0684295
0.0684306
0.0684314
0.068432
0.0684324
0.0684327
0.0684329
0.0684331
0.0684333
0.0684334
0.0684335
0.0684336
0.0684337
0.0684337
0.0684338
0.0684338
0.0684338
0.0684339
0.0684339
0.0684339
0.0684339
0.0684338
0.0684338
0.0684338
0.0684337
0.0684337
0.0684336
0.0684335
0.0684334
0.0684333
0.0684331
0.0684329
0.0684327
0.0684324
0.068432
0.0684314
0.0684306
0.0684295
0.0684278
0.0684253
0.0684214
0.0684154
0.0684062
0.068392
0.0683702
0.0683372
0.0682885
0.068219
0.0681221
0.0822102
0.0823254
0.0824079
0.0824657
0.0825049
0.0825309
0.0825479
0.0825589
0.082566
0.0825706
0.0825737
0.0825757
0.0825771
0.0825781
0.0825787
0.0825792
0.0825796
0.0825799
0.0825801
0.0825803
0.0825804
0.0825805
0.0825806
0.0825807
0.0825808
0.0825808
0.0825809
0.0825809
0.0825809
0.082581
0.082581
0.0825809
0.0825809
0.0825809
0.0825808
0.0825808
0.0825807
0.0825806
0.0825805
0.0825804
0.0825803
0.0825801
0.0825799
0.0825796
0.0825792
0.0825787
0.0825781
0.0825771
0.0825757
0.0825737
0.0825706
0.082566
0.0825589
0.0825479
0.0825309
0.0825049
0.0824657
0.0824079
0.0823254
0.0822102
0.0980703
0.0982024
0.0982969
0.098363
0.0984079
0.0984378
0.0984573
0.09847
0.0984783
0.0984836
0.0984872
0.0984895
0.0984911
0.0984922
0.098493
0.0984936
0.098494
0.0984944
0.0984946
0.0984948
0.098495
0.0984951
0.0984952
0.0984953
0.0984954
0.0984955
0.0984955
0.0984956
0.0984956
0.0984956
0.0984956
0.0984956
0.0984956
0.0984955
0.0984955
0.0984954
0.0984953
0.0984952
0.0984951
0.098495
0.0984948
0.0984946
0.0984944
0.098494
0.0984936
0.098493
0.0984922
0.0984911
0.0984895
0.0984872
0.0984836
0.0984783
0.09847
0.0984573
0.0984378
0.0984079
0.098363
0.0982969
0.0982024
0.0980703
0.115175
0.115322
0.115427
0.115501
0.115551
0.115584
0.115606
0.11562
0.11563
0.115636
0.11564
0.115642
0.115644
0.115645
0.115646
0.115647
0.115648
0.115648
0.115648
0.115648
0.115649
0.115649
0.115649
0.115649
0.115649
0.115649
0.115649
0.115649
0.115649
0.115649
0.115649
0.115649
0.115649
0.115649
0.115649
0.115649
0.115649
0.115649
0.115649
0.115649
0.115648
0.115648
0.115648
0.115648
0.115647
0.115646
0.115645
0.115644
0.115642
0.11564
0.115636
0.11563
0.11562
0.115606
0.115584
0.115551
0.115501
0.115427
0.115322
0.115175
0.133075
0.133235
0.13335
0.13343
0.133485
0.133522
0.133546
0.133561
0.133572
0.133578
0.133583
0.133586
0.133588
0.133589
0.13359
0.133591
0.133591
0.133592
0.133592
0.133592
0.133593
0.133593
0.133593
0.133593
0.133593
0.133593
0.133593
0.133593
0.133593
0.133593
0.133593
0.133593
0.133593
0.133593
0.133593
0.133593
0.133593
0.133593
0.133593
0.133593
0.133592
0.133592
0.133592
0.133591
0.133591
0.13359
0.133589
0.133588
0.133586
0.133583
0.133578
0.133572
0.133561
0.133546
0.133522
0.133485
0.13343
0.13335
0.133235
0.133075
0.151455
0.151628
0.151751
0.151838
0.151897
0.151937
0.151963
0.15198
0.151991
0.151998
0.152003
0.152007
0.152009
0.15201
0.152011
0.152012
0.152013
0.152013
0.152014
0.152014
0.152014
0.152014
0.152014
0.152015
0.152015
0.152015
0.152015
0.152015
0.152015
0.152015
0.152015
0.152015
0.152015
0.152015
0.152015
0.152015
0.152015
0.152014
0.152014
0.152014
0.152014
0.152014
0.152013
0.152013
0.152012
0.152011
0.15201
0.152009
0.152007
0.152003
0.151998
0.151991
0.15198
0.151963
0.151937
0.151897
0.151838
0.151751
0.151628
0.151455
0.170119
0.170303
0.170435
0.170528
0.170591
0.170634
0.170662
0.17068
0.170693
0.170701
0.170706
0.17071
0.170712
0.170714
0.170715
0.170716
0.170716
0.170717
0.170717
0.170718
0.170718
0.170718
0.170718
0.170718
0.170718
0.170719
0.170719
0.170719
0.170719
0.170719
0.170719
0.170719
0.170719
0.170719
0.170719
0.170718
0.170718
0.170718
0.170718
0.170718
0.170718
0.170717
0.170717
0.170716
0.170716
0.170715
0.170714
0.170712
0.17071
0.170706
0.170701
0.170693
0.17068
0.170662
0.170634
0.170591
0.170528
0.170435
0.170303
0.170119
0.18895
0.189144
0.189284
0.189383
0.18945
0.189495
0.189526
0.189546
0.189559
0.189567
0.189573
0.189577
0.18958
0.189582
0.189583
0.189584
0.189585
0.189585
0.189586
0.189586
0.189586
0.189586
0.189586
0.189587
0.189587
0.189587
0.189587
0.189587
0.189587
0.189587
0.189587
0.189587
0.189587
0.189587
0.189587
0.189587
0.189587
0.189586
0.189586
0.189586
0.189586
0.189586
0.189585
0.189585
0.189584
0.189583
0.189582
0.18958
0.189577
0.189573
0.189567
0.189559
0.189546
0.189526
0.189495
0.18945
0.189383
0.189284
0.189144
0.18895
0.207872
0.208077
0.208224
0.208328
0.2084
0.208448
0.20848
0.208501
0.208516
0.208525
0.208531
0.208535
0.208538
0.20854
0.208542
0.208543
0.208544
0.208544
0.208545
0.208545
0.208545
0.208545
0.208546
0.208546
0.208546
0.208546
0.208546
0.208546
0.208546
0.208546
0.208546
0.208546
0.208546
0.208546
0.208546
0.208546
0.208546
0.208546
0.208545
0.208545
0.208545
0.208545
0.208544
0.208544
0.208543
0.208542
0.20854
0.208538
0.208535
0.208531
0.208525
0.208516
0.208501
0.20848
0.208448
0.2084
0.208328
0.208224
0.208077
0.207872
0.226835
0.227049
0.227204
0.227314
0.227389
0.227441
0.227475
0.227498
0.227513
0.227523
0.22753
0.227534
0.227537
0.22754
0.227541
0.227542
0.227543
0.227544
0.227544
0.227545
0.227545
0.227545
0.227545
0.227545
0.227546
0.227546
0.227546
0.227546
0.227546
0.227546
0.227546
0.227546
0.227546
0.227546
0.227546
0.227546
0.227545
0.227545
0.227545
0.227545
0.227545
0.227544
0.227544
0.227543
0.227542
0.227541
0.22754
0.227537
0.227534
0.22753
0.227523
0.227513
0.227498
0.227475
0.227441
0.227389
0.227314
0.227204
0.227049
0.226835
0.245802
0.246025
0.246187
0.246302
0.246381
0.246436
0.246472
0.246496
0.246513
0.246523
0.246531
0.246536
0.246539
0.246541
0.246543
0.246544
0.246545
0.246546
0.246546
0.246547
0.246547
0.246547
0.246548
0.246548
0.246548
0.246548
0.246548
0.246548
0.246548
0.246548
0.246548
0.246548
0.246548
0.246548
0.246548
0.246548
0.246548
0.246548
0.246547
0.246547
0.246547
0.246546
0.246546
0.246545
0.246544
0.246543
0.246541
0.246539
0.246536
0.246531
0.246523
0.246513
0.246496
0.246472
0.246436
0.246381
0.246302
0.246187
0.246025
0.245802
0.264741
0.264973
0.265141
0.265262
0.265345
0.265402
0.265441
0.265467
0.265484
0.265496
0.265504
0.265509
0.265513
0.265515
0.265517
0.265518
0.265519
0.26552
0.26552
0.265521
0.265521
0.265521
0.265522
0.265522
0.265522
0.265522
0.265522
0.265522
0.265522
0.265522
0.265522
0.265522
0.265522
0.265522
0.265522
0.265522
0.265522
0.265522
0.265521
0.265521
0.265521
0.26552
0.26552
0.265519
0.265518
0.265517
0.265515
0.265513
0.265509
0.265504
0.265496
0.265484
0.265467
0.265441
0.265402
0.265345
0.265262
0.265141
0.264973
0.264741
0.283626
0.283866
0.284041
0.284167
0.284254
0.284314
0.284355
0.284383
0.284401
0.284413
0.284422
0.284427
0.284431
0.284434
0.284436
0.284438
0.284439
0.284439
0.28444
0.28444
0.284441
0.284441
0.284441
0.284441
0.284442
0.284442
0.284442
0.284442
0.284442
0.284442
0.284442
0.284442
0.284442
0.284442
0.284442
0.284442
0.284441
0.284441
0.284441
0.284441
0.28444
0.28444
0.284439
0.284439
0.284438
0.284436
0.284434
0.284431
0.284427
0.284422
0.284413
0.284401
0.284383
0.284355
0.284314
0.284254
0.284167
0.284041
0.283866
0.283626
0.302434
0.302681
0.302863
0.302993
0.303085
0.303148
0.303191
0.30322
0.303239
0.303253
0.303262
0.303268
0.303272
0.303275
0.303277
0.303279
0.30328
0.303281
0.303281
0.303282
0.303282
0.303282
0.303283
0.303283
0.303283
0.303283
0.303283
0.303283
0.303283
0.303283
0.303283
0.303283
0.303283
0.303283
0.303283
0.303283
0.303283
0.303283
0.303282
0.303282
0.303282
0.303281
0.303281
0.30328
0.303279
0.303277
0.303275
0.303272
0.303268
0.303262
0.303253
0.303239
0.30322
0.303191
0.303148
0.303085
0.302993
0.302863
0.302681
0.302434
0.321143
0.321397
0.321585
0.32172
0.321816
0.321882
0.321927
0.321958
0.321978
0.321992
0.322002
0.322009
0.322013
0.322016
0.322019
0.32202
0.322021
0.322022
0.322023
0.322024
0.322024
0.322024
0.322025
0.322025
0.322025
0.322025
0.322025
0.322025
0.322025
0.322025
0.322025
0.322025
0.322025
0.322025
0.322025
0.322025
0.322025
0.322025
0.322024
0.322024
0.322024
0.322023
0.322022
0.322021
0.32202
0.322019
0.322016
0.322013
0.322009
0.322002
0.321992
0.321978
0.321958
0.321927
0.321882
0.321816
0.32172
0.321585
0.321397
0.321143
0.339733
0.339994
0.340188
0.340328
0.340427
0.340496
0.340543
0.340576
0.340598
0.340612
0.340623
0.34063
0.340635
0.340638
0.340641
0.340642
0.340644
0.340645
0.340645
0.340646
0.340646
0.340647
0.340647
0.340647
0.340647
0.340647
0.340648
0.340648
0.340648
0.340648
0.340648
0.340648
0.340648
0.340648
0.340647
0.340647
0.340647
0.340647
0.340647
0.340646
0.340646
0.340645
0.340645
0.340644
0.340642
0.340641
0.340638
0.340635
0.34063
0.340623
0.340612
0.340598
0.340576
0.340543
0.340496
0.340427
0.340328
0.340188
0.339994
0.339733
0.358186
0.358453
0.358652
0.358797
0.3589
0.358972
0.359021
0.359055
0.359079
0.359095
0.359105
0.359113
0.359118
0.359122
0.359125
0.359126
0.359128
0.359129
0.35913
0.35913
0.359131
0.359131
0.359131
0.359132
0.359132
0.359132
0.359132
0.359132
0.359132
0.359132
0.359132
0.359132
0.359132
0.359132
0.359132
0.359132
0.359132
0.359131
0.359131
0.359131
0.35913
0.35913
0.359129
0.359128
0.359126
0.359125
0.359122
0.359118
0.359113
0.359105
0.359095
0.359079
0.359055
0.359021
0.358972
0.3589
0.358797
0.358652
0.358453
0.358186
0.376485
0.376757
0.376961
0.37711
0.377217
0.377292
0.377344
0.37738
0.377404
0.377421
0.377433
0.377441
0.377446
0.37745
0.377453
0.377455
0.377457
0.377458
0.377459
0.377459
0.37746
0.37746
0.37746
0.377461
0.377461
0.377461
0.377461
0.377461
0.377461
0.377461
0.377461
0.377461
0.377461
0.377461
0.377461
0.377461
0.377461
0.37746
0.37746
0.37746
0.377459
0.377459
0.377458
0.377457
0.377455
0.377453
0.37745
0.377446
0.377441
0.377433
0.377421
0.377404
0.37738
0.377344
0.377292
0.377217
0.37711
0.376961
0.376757
0.376485
0.394613
0.39489
0.395099
0.395252
0.395362
0.39544
0.395495
0.395532
0.395558
0.395576
0.395588
0.395597
0.395603
0.395607
0.39561
0.395612
0.395614
0.395615
0.395616
0.395617
0.395617
0.395618
0.395618
0.395618
0.395618
0.395618
0.395619
0.395619
0.395619
0.395619
0.395619
0.395619
0.395619
0.395619
0.395618
0.395618
0.395618
0.395618
0.395618
0.395617
0.395617
0.395616
0.395615
0.395614
0.395612
0.39561
0.395607
0.395603
0.395597
0.395588
0.395576
0.395558
0.395532
0.395495
0.39544
0.395362
0.395252
0.395099
0.39489
0.394613
0.412554
0.412836
0.413049
0.413207
0.413321
0.413401
0.413458
0.413497
0.413524
0.413543
0.413556
0.413565
0.413572
0.413576
0.41358
0.413582
0.413584
0.413585
0.413586
0.413587
0.413587
0.413588
0.413588
0.413588
0.413589
0.413589
0.413589
0.413589
0.413589
0.413589
0.413589
0.413589
0.413589
0.413589
0.413589
0.413589
0.413588
0.413588
0.413588
0.413587
0.413587
0.413586
0.413585
0.413584
0.413582
0.41358
0.413576
0.413572
0.413565
0.413556
0.413543
0.413524
0.413497
0.413458
0.413401
0.413321
0.413207
0.413049
0.412836
0.412554
0.430295
0.430581
0.430798
0.43096
0.431077
0.431161
0.431219
0.431261
0.431289
0.431309
0.431323
0.431333
0.43134
0.431344
0.431348
0.43135
0.431352
0.431354
0.431355
0.431356
0.431356
0.431357
0.431357
0.431357
0.431357
0.431358
0.431358
0.431358
0.431358
0.431358
0.431358
0.431358
0.431358
0.431358
0.431358
0.431357
0.431357
0.431357
0.431357
0.431356
0.431356
0.431355
0.431354
0.431352
0.43135
0.431348
0.431344
0.43134
0.431333
0.431323
0.431309
0.431289
0.431261
0.431219
0.431161
0.431077
0.43096
0.430798
0.430581
0.430295
0.447822
0.448111
0.448332
0.448498
0.448618
0.448704
0.448766
0.448809
0.448839
0.44886
0.448874
0.448885
0.448892
0.448897
0.448901
0.448904
0.448906
0.448907
0.448908
0.448909
0.44891
0.44891
0.448911
0.448911
0.448911
0.448911
0.448911
0.448911
0.448912
0.448912
0.448912
0.448912
0.448911
0.448911
0.448911
0.448911
0.448911
0.448911
0.44891
0.44891
0.448909
0.448908
0.448907
0.448906
0.448904
0.448901
0.448897
0.448892
0.448885
0.448874
0.44886
0.448839
0.448809
0.448766
0.448704
0.448618
0.448498
0.448332
0.448111
0.447822
0.465122
0.465414
0.465639
0.465807
0.465931
0.46602
0.466084
0.466129
0.46616
0.466182
0.466198
0.466209
0.466216
0.466222
0.466226
0.466229
0.466231
0.466233
0.466234
0.466235
0.466235
0.466236
0.466236
0.466237
0.466237
0.466237
0.466237
0.466237
0.466237
0.466237
0.466237
0.466237
0.466237
0.466237
0.466237
0.466237
0.466237
0.466236
0.466236
0.466235
0.466235
0.466234
0.466233
0.466231
0.466229
0.466226
0.466222
0.466216
0.466209
0.466198
0.466182
0.46616
0.466129
0.466084
0.46602
0.465931
0.465807
0.465639
0.465414
0.465122
0.482183
0.482478
0.482706
0.482878
0.483004
0.483096
0.483162
0.483209
0.483242
0.483265
0.483281
0.483293
0.483301
0.483307
0.483311
0.483314
0.483317
0.483318
0.48332
0.483321
0.483321
0.483322
0.483322
0.483323
0.483323
0.483323
0.483323
0.483323
0.483323
0.483324
0.483324
0.483323
0.483323
0.483323
0.483323
0.483323
0.483323
0.483322
0.483322
0.483321
0.483321
0.48332
0.483318
0.483317
0.483314
0.483311
0.483307
0.483301
0.483293
0.483281
0.483265
0.483242
0.483209
0.483162
0.483096
0.483004
0.482878
0.482706
0.482478
0.482183
0.498995
0.499291
0.499522
0.499697
0.499827
0.499921
0.499989
0.500038
0.500072
0.500096
0.500114
0.500126
0.500135
0.500141
0.500146
0.500149
0.500152
0.500153
0.500155
0.500156
0.500157
0.500157
0.500158
0.500158
0.500158
0.500158
0.500159
0.500159
0.500159
0.500159
0.500159
0.500159
0.500159
0.500159
0.500158
0.500158
0.500158
0.500158
0.500157
0.500157
0.500156
0.500155
0.500153
0.500152
0.500149
0.500146
0.500141
0.500135
0.500126
0.500114
0.500096
0.500072
0.500038
0.499989
0.499921
0.499827
0.499697
0.499522
0.499291
0.498995
0.515546
0.515845
0.516078
0.516255
0.516388
0.516485
0.516555
0.516605
0.516641
0.516667
0.516685
0.516698
0.516707
0.516714
0.516719
0.516723
0.516725
0.516727
0.516729
0.51673
0.516731
0.516731
0.516732
0.516732
0.516732
0.516733
0.516733
0.516733
0.516733
0.516733
0.516733
0.516733
0.516733
0.516733
0.516733
0.516732
0.516732
0.516732
0.516731
0.516731
0.51673
0.516729
0.516727
0.516725
0.516723
0.516719
0.516714
0.516707
0.516698
0.516685
0.516667
0.516641
0.516605
0.516555
0.516485
0.516388
0.516255
0.516078
0.515845
0.515546
0.531829
0.532128
0.532363
0.532543
0.532678
0.532778
0.53285
0.532902
0.53294
0.532967
0.532986
0.533
0.53301
0.533017
0.533022
0.533026
0.533029
0.533031
0.533032
0.533033
0.533034
0.533035
0.533036
0.533036
0.533036
0.533036
0.533037
0.533037
0.533037
0.533037
0.533037
0.533037
0.533037
0.533037
0.533036
0.533036
0.533036
0.533036
0.533035
0.533034
0.533033
0.533032
0.533031
0.533029
0.533026
0.533022
0.533017
0.53301
0.533
0.532986
0.532967
0.53294
0.532902
0.53285
0.532778
0.532678
0.532543
0.532363
0.532128
0.531829
0.547833
0.548133
0.54837
0.548552
0.54869
0.548792
0.548866
0.54892
0.548959
0.548987
0.549007
0.549022
0.549032
0.54904
0.549046
0.54905
0.549053
0.549055
0.549057
0.549058
0.549059
0.549059
0.54906
0.54906
0.549061
0.549061
0.549061
0.549061
0.549061
0.549061
0.549061
0.549061
0.549061
0.549061
0.549061
0.549061
0.54906
0.54906
0.549059
0.549059
0.549058
0.549057
0.549055
0.549053
0.54905
0.549046
0.54904
0.549032
0.549022
0.549007
0.548987
0.548959
0.54892
0.548866
0.548792
0.54869
0.548552
0.54837
0.548133
0.547833
0.563552
0.563852
0.56409
0.564274
0.564414
0.564518
0.564595
0.564651
0.564691
0.56472
0.564742
0.564757
0.564768
0.564776
0.564782
0.564786
0.56479
0.564792
0.564794
0.564795
0.564796
0.564797
0.564798
0.564798
0.564798
0.564799
0.564799
0.564799
0.564799
0.564799
0.564799
0.564799
0.564799
0.564799
0.564799
0.564798
0.564798
0.564798
0.564797
0.564796
0.564795
0.564794
0.564792
0.56479
0.564786
0.564782
0.564776
0.564768
0.564757
0.564742
0.56472
0.564691
0.564651
0.564595
0.564518
0.564414
0.564274
0.56409
0.563852
0.563552
0.578977
0.579277
0.579516
0.579702
0.579844
0.579951
0.580029
0.580087
0.580129
0.580159
0.580182
0.580198
0.580209
0.580218
0.580224
0.580229
0.580232
0.580235
0.580237
0.580238
0.580239
0.58024
0.580241
0.580241
0.580242
0.580242
0.580242
0.580242
0.580242
0.580242
0.580242
0.580242
0.580242
0.580242
0.580242
0.580242
0.580241
0.580241
0.58024
0.580239
0.580238
0.580237
0.580235
0.580232
0.580229
0.580224
0.580218
0.580209
0.580198
0.580182
0.580159
0.580129
0.580087
0.580029
0.579951
0.579844
0.579702
0.579516
0.579277
0.578977
0.594104
0.594403
0.594643
0.59483
0.594974
0.595082
0.595163
0.595222
0.595266
0.595298
0.595321
0.595338
0.59535
0.595359
0.595366
0.595371
0.595375
0.595377
0.595379
0.595381
0.595382
0.595383
0.595384
0.595384
0.595385
0.595385
0.595385
0.595385
0.595385
0.595385
0.595385
0.595385
0.595385
0.595385
0.595385
0.595385
0.595384
0.595384
0.595383
0.595382
0.595381
0.595379
0.595377
0.595375
0.595371
0.595366
0.595359
0.59535
0.595338
0.595321
0.595298
0.595266
0.595222
0.595163
0.595082
0.594974
0.59483
0.594643
0.594403
0.594104
0.608925
0.609223
0.609463
0.609652
0.609797
0.609908
0.60999
0.610052
0.610097
0.61013
0.610154
0.610172
0.610185
0.610194
0.610201
0.610207
0.61021
0.610213
0.610216
0.610217
0.610219
0.610219
0.61022
0.610221
0.610221
0.610222
0.610222
0.610222
0.610222
0.610222
0.610222
0.610222
0.610222
0.610222
0.610222
0.610221
0.610221
0.61022
0.610219
0.610219
0.610217
0.610216
0.610213
0.61021
0.610207
0.610201
0.610194
0.610185
0.610172
0.610154
0.61013
0.610097
0.610052
0.60999
0.609908
0.609797
0.609652
0.609463
0.609223
0.608925
0.623437
0.623733
0.623973
0.624163
0.62431
0.624422
0.624507
0.624569
0.624616
0.62465
0.624676
0.624694
0.624708
0.624718
0.624725
0.624731
0.624735
0.624738
0.624741
0.624742
0.624744
0.624745
0.624746
0.624746
0.624747
0.624747
0.624747
0.624747
0.624748
0.624748
0.624748
0.624748
0.624747
0.624747
0.624747
0.624747
0.624746
0.624746
0.624745
0.624744
0.624742
0.624741
0.624738
0.624735
0.624731
0.624725
0.624718
0.624708
0.624694
0.624676
0.62465
0.624616
0.624569
0.624507
0.624422
0.62431
0.624163
0.623973
0.623733
0.623437
0.637634
0.637929
0.638169
0.638359
0.638508
0.638621
0.638707
0.638772
0.63882
0.638855
0.638882
0.638901
0.638916
0.638926
0.638934
0.63894
0.638945
0.638948
0.63895
0.638952
0.638954
0.638955
0.638956
0.638956
0.638957
0.638957
0.638958
0.638958
0.638958
0.638958
0.638958
0.638958
0.638958
0.638958
0.638957
0.638957
0.638956
0.638956
0.638955
0.638954
0.638952
0.63895
0.638948
0.638945
0.63894
0.638934
0.638926
0.638916
0.638901
0.638882
0.638855
0.63882
0.638772
0.638707
0.638621
0.638508
0.638359
0.638169
0.637929
0.637634
0.651514
0.651807
0.652046
0.652237
0.652386
0.652501
0.652589
0.652655
0.652705
0.652742
0.652769
0.652789
0.652804
0.652816
0.652824
0.65283
0.652835
0.652839
0.652841
0.652843
0.652845
0.652846
0.652847
0.652848
0.652848
0.652849
0.652849
0.652849
0.652849
0.652849
0.652849
0.652849
0.652849
0.652849
0.652849
0.652848
0.652848
0.652847
0.652846
0.652845
0.652843
0.652841
0.652839
0.652835
0.65283
0.652824
0.652816
0.652804
0.652789
0.652769
0.652742
0.652705
0.652655
0.652589
0.652501
0.652386
0.652237
0.652046
0.651807
0.651514
0.665074
0.665364
0.665602
0.665793
0.665943
0.66606
0.666149
0.666217
0.666268
0.666306
0.666334
0.666355
0.666371
0.666383
0.666392
0.666399
0.666404
0.666407
0.66641
0.666412
0.666414
0.666415
0.666416
0.666417
0.666418
0.666418
0.666418
0.666418
0.666419
0.666419
0.666419
0.666419
0.666418
0.666418
0.666418
0.666418
0.666417
0.666416
0.666415
0.666414
0.666412
0.66641
0.666407
0.666404
0.666399
0.666392
0.666383
0.666371
0.666355
0.666334
0.666306
0.666268
0.666217
0.666149
0.66606
0.665943
0.665793
0.665602
0.665364
0.665074
0.678311
0.678598
0.678835
0.679026
0.679177
0.679294
0.679385
0.679454
0.679506
0.679546
0.679575
0.679597
0.679614
0.679626
0.679636
0.679643
0.679648
0.679652
0.679655
0.679657
0.679659
0.67966
0.679662
0.679662
0.679663
0.679663
0.679664
0.679664
0.679664
0.679664
0.679664
0.679664
0.679664
0.679664
0.679663
0.679663
0.679662
0.679662
0.67966
0.679659
0.679657
0.679655
0.679652
0.679648
0.679643
0.679636
0.679626
0.679614
0.679597
0.679575
0.679546
0.679506
0.679454
0.679385
0.679294
0.679177
0.679026
0.678835
0.678598
0.678311
0.691224
0.691508
0.691743
0.691933
0.692085
0.692203
0.692295
0.692366
0.692419
0.69246
0.69249
0.692513
0.692531
0.692544
0.692554
0.692561
0.692567
0.692571
0.692574
0.692577
0.692578
0.69258
0.692581
0.692582
0.692583
0.692583
0.692583
0.692584
0.692584
0.692584
0.692584
0.692584
0.692584
0.692583
0.692583
0.692583
0.692582
0.692581
0.69258
0.692578
0.692577
0.692574
0.692571
0.692567
0.692561
0.692554
0.692544
0.692531
0.692513
0.69249
0.69246
0.692419
0.692366
0.692295
0.692203
0.692085
0.691933
0.691743
0.691508
0.691224
0.703811
0.704092
0.704325
0.704514
0.704666
0.704786
0.704879
0.70495
0.705005
0.705047
0.705079
0.705103
0.705121
0.705134
0.705145
0.705152
0.705158
0.705163
0.705166
0.705169
0.705171
0.705173
0.705174
0.705175
0.705175
0.705176
0.705176
0.705177
0.705177
0.705177
0.705177
0.705177
0.705177
0.705176
0.705176
0.705175
0.705175
0.705174
0.705173
0.705171
0.705169
0.705166
0.705163
0.705158
0.705152
0.705145
0.705134
0.705121
0.705103
0.705079
0.705047
0.705005
0.70495
0.704879
0.704786
0.704666
0.704514
0.704325
0.704092
0.703811
0.716073
0.71635
0.71658
0.716769
0.716921
0.717041
0.717135
0.717208
0.717264
0.717307
0.71734
0.717364
0.717383
0.717397
0.717408
0.717417
0.717423
0.717428
0.717431
0.717434
0.717436
0.717438
0.717439
0.71744
0.717441
0.717441
0.717442
0.717442
0.717442
0.717442
0.717442
0.717442
0.717442
0.717442
0.717441
0.717441
0.71744
0.717439
0.717438
0.717436
0.717434
0.717431
0.717428
0.717423
0.717417
0.717408
0.717397
0.717383
0.717364
0.71734
0.717307
0.717264
0.717208
0.717135
0.717041
0.716921
0.716769
0.71658
0.71635
0.716073
0.728009
0.728281
0.728509
0.728697
0.728849
0.728969
0.729064
0.729138
0.729196
0.72924
0.729273
0.729299
0.729318
0.729333
0.729345
0.729353
0.72936
0.729365
0.729369
0.729372
0.729374
0.729376
0.729377
0.729378
0.729379
0.72938
0.72938
0.729381
0.729381
0.729381
0.729381
0.729381
0.729381
0.72938
0.72938
0.729379
0.729378
0.729377
0.729376
0.729374
0.729372
0.729369
0.729365
0.72936
0.729353
0.729345
0.729333
0.729318
0.729299
0.729273
0.72924
0.729196
0.729138
0.729064
0.728969
0.728849
0.728697
0.728509
0.728281
0.728009
0.739619
0.739888
0.740113
0.740299
0.74045
0.740571
0.740667
0.740742
0.7408
0.740845
0.74088
0.740907
0.740927
0.740943
0.740955
0.740964
0.740971
0.740976
0.74098
0.740983
0.740986
0.740988
0.740989
0.74099
0.740991
0.740992
0.740992
0.740992
0.740993
0.740993
0.740993
0.740993
0.740992
0.740992
0.740992
0.740991
0.74099
0.740989
0.740988
0.740986
0.740983
0.74098
0.740976
0.740971
0.740964
0.740955
0.740943
0.740927
0.740907
0.74088
0.740845
0.7408
0.740742
0.740667
0.740571
0.74045
0.740299
0.740113
0.739888
0.739619
0.750906
0.75117
0.751392
0.751577
0.751727
0.751848
0.751945
0.752021
0.75208
0.752126
0.752161
0.752189
0.75221
0.752226
0.752239
0.752248
0.752256
0.752261
0.752266
0.752269
0.752272
0.752274
0.752275
0.752276
0.752277
0.752278
0.752278
0.752279
0.752279
0.752279
0.752279
0.752279
0.752279
0.752278
0.752278
0.752277
0.752276
0.752275
0.752274
0.752272
0.752269
0.752266
0.752261
0.752256
0.752248
0.752239
0.752226
0.75221
0.752189
0.752161
0.752126
0.75208
0.752021
0.751945
0.751848
0.751727
0.751577
0.751392
0.75117
0.750906
0.76187
0.762129
0.762348
0.762531
0.762681
0.762802
0.762898
0.762975
0.763035
0.763082
0.763119
0.763147
0.763169
0.763186
0.763199
0.763209
0.763216
0.763222
0.763227
0.763231
0.763233
0.763235
0.763237
0.763238
0.763239
0.76324
0.763241
0.763241
0.763241
0.763241
0.763241
0.763241
0.763241
0.763241
0.76324
0.763239
0.763238
0.763237
0.763235
0.763233
0.763231
0.763227
0.763222
0.763216
0.763209
0.763199
0.763186
0.763169
0.763147
0.763119
0.763082
0.763035
0.762975
0.762898
0.762802
0.762681
0.762531
0.762348
0.762129
0.76187
0.772514
0.772768
0.772983
0.773164
0.773313
0.773434
0.773531
0.773608
0.773669
0.773717
0.773754
0.773783
0.773806
0.773823
0.773837
0.773847
0.773855
0.773862
0.773867
0.77387
0.773873
0.773875
0.773877
0.773879
0.77388
0.77388
0.773881
0.773881
0.773882
0.773882
0.773882
0.773882
0.773881
0.773881
0.77388
0.77388
0.773879
0.773877
0.773875
0.773873
0.77387
0.773867
0.773862
0.773855
0.773847
0.773837
0.773823
0.773806
0.773783
0.773754
0.773717
0.773669
0.773608
0.773531
0.773434
0.773313
0.773164
0.772983
0.772768
0.772514
0.78284
0.783088
0.7833
0.783478
0.783626
0.783746
0.783844
0.783921
0.783983
0.784032
0.78407
0.7841
0.784123
0.784141
0.784155
0.784166
0.784175
0.784181
0.784186
0.78419
0.784194
0.784196
0.784198
0.784199
0.7842
0.784201
0.784202
0.784202
0.784202
0.784203
0.784203
0.784202
0.784202
0.784202
0.784201
0.7842
0.784199
0.784198
0.784196
0.784194
0.78419
0.784186
0.784181
0.784175
0.784166
0.784155
0.784141
0.784123
0.7841
0.78407
0.784032
0.783983
0.783921
0.783844
0.783746
0.783626
0.783478
0.7833
0.783088
0.78284
0.79285
0.793093
0.793302
0.793477
0.793623
0.793743
0.79384
0.793919
0.793981
0.79403
0.794069
0.7941
0.794124
0.794143
0.794157
0.794169
0.794178
0.794184
0.79419
0.794194
0.794197
0.7942
0.794202
0.794203
0.794204
0.794205
0.794206
0.794206
0.794207
0.794207
0.794207
0.794207
0.794206
0.794206
0.794205
0.794204
0.794203
0.794202
0.7942
0.794197
0.794194
0.79419
0.794184
0.794178
0.794169
0.794157
0.794143
0.794124
0.7941
0.794069
0.79403
0.793981
0.793919
0.79384
0.793743
0.793623
0.793477
0.793302
0.793093
0.79285
0.802549
0.802786
0.802991
0.803164
0.803308
0.803427
0.803524
0.803603
0.803666
0.803716
0.803755
0.803787
0.803811
0.803831
0.803846
0.803858
0.803867
0.803874
0.80388
0.803884
0.803888
0.80389
0.803892
0.803894
0.803895
0.803896
0.803897
0.803897
0.803898
0.803898
0.803898
0.803898
0.803897
0.803897
0.803896
0.803895
0.803894
0.803892
0.80389
0.803888
0.803884
0.80388
0.803874
0.803867
0.803858
0.803846
0.803831
0.803811
0.803787
0.803755
0.803716
0.803666
0.803603
0.803524
0.803427
0.803308
0.803164
0.802991
0.802786
0.802549
0.811939
0.812171
0.812371
0.812541
0.812684
0.812802
0.812899
0.812977
0.813041
0.813091
0.813132
0.813164
0.813189
0.813209
0.813224
0.813237
0.813246
0.813254
0.81326
0.813264
0.813268
0.813271
0.813273
0.813275
0.813276
0.813277
0.813278
0.813278
0.813279
0.813279
0.813279
0.813279
0.813278
0.813278
0.813277
0.813276
0.813275
0.813273
0.813271
0.813268
0.813264
0.81326
0.813254
0.813246
0.813237
0.813224
0.813209
0.813189
0.813164
0.813132
0.813091
0.813041
0.812977
0.812899
0.812802
0.812684
0.812541
0.812371
0.812171
0.811939
0.821026
0.821252
0.821447
0.821614
0.821755
0.821872
0.821968
0.822047
0.82211
0.822161
0.822202
0.822235
0.822261
0.822281
0.822297
0.82231
0.82232
0.822328
0.822334
0.822339
0.822343
0.822346
0.822348
0.82235
0.822351
0.822352
0.822353
0.822354
0.822354
0.822354
0.822354
0.822354
0.822354
0.822353
0.822352
0.822351
0.82235
0.822348
0.822346
0.822343
0.822339
0.822334
0.822328
0.82232
0.82231
0.822297
0.822281
0.822261
0.822235
0.822202
0.822161
0.82211
0.822047
0.821968
0.821872
0.821755
0.821614
0.821447
0.821252
0.821026
0.829812
0.830032
0.830223
0.830386
0.830525
0.83064
0.830736
0.830815
0.830879
0.83093
0.830972
0.831005
0.831031
0.831052
0.831069
0.831082
0.831092
0.8311
0.831107
0.831112
0.831116
0.831119
0.831122
0.831124
0.831125
0.831126
0.831127
0.831128
0.831128
0.831128
0.831128
0.831128
0.831128
0.831127
0.831126
0.831125
0.831124
0.831122
0.831119
0.831116
0.831112
0.831107
0.8311
0.831092
0.831082
0.831069
0.831052
0.831031
0.831005
0.830972
0.83093
0.830879
0.830815
0.830736
0.83064
0.830525
0.830386
0.830223
0.830032
0.829812
0.838303
0.838516
0.838703
0.838863
0.838999
0.839113
0.839208
0.839286
0.83935
0.839402
0.839444
0.839478
0.839505
0.839526
0.839543
0.839557
0.839568
0.839576
0.839583
0.839588
0.839592
0.839596
0.839598
0.8396
0.839602
0.839603
0.839604
0.839605
0.839605
0.839605
0.839605
0.839605
0.839605
0.839604
0.839603
0.839602
0.8396
0.839598
0.839596
0.839592
0.839588
0.839583
0.839576
0.839568
0.839557
0.839543
0.839526
0.839505
0.839478
0.839444
0.839402
0.83935
0.839286
0.839208
0.839113
0.838999
0.838863
0.838703
0.838516
0.838303
0.846503
0.846711
0.846892
0.847049
0.847182
0.847295
0.847389
0.847467
0.84753
0.847583
0.847625
0.847659
0.847686
0.847708
0.847726
0.84774
0.847751
0.84776
0.847767
0.847772
0.847777
0.84778
0.847783
0.847785
0.847787
0.847788
0.847789
0.84779
0.84779
0.84779
0.84779
0.84779
0.84779
0.847789
0.847788
0.847787
0.847785
0.847783
0.84778
0.847777
0.847772
0.847767
0.84776
0.847751
0.84774
0.847726
0.847708
0.847686
0.847659
0.847625
0.847583
0.84753
0.847467
0.847389
0.847295
0.847182
0.847049
0.846892
0.846711
0.846503
0.854418
0.854619
0.854796
0.854949
0.85508
0.85519
0.855283
0.85536
0.855424
0.855476
0.855519
0.855553
0.855581
0.855604
0.855622
0.855636
0.855647
0.855657
0.855664
0.85567
0.855674
0.855678
0.855681
0.855683
0.855685
0.855686
0.855687
0.855688
0.855688
0.855688
0.855688
0.855688
0.855688
0.855687
0.855686
0.855685
0.855683
0.855681
0.855678
0.855674
0.85567
0.855664
0.855657
0.855647
0.855636
0.855622
0.855604
0.855581
0.855553
0.855519
0.855476
0.855424
0.85536
0.855283
0.85519
0.85508
0.854949
0.854796
0.854619
0.854418
0.862053
0.862248
0.862419
0.862568
0.862697
0.862805
0.862897
0.862974
0.863037
0.863089
0.863132
0.863167
0.863195
0.863218
0.863236
0.863251
0.863263
0.863272
0.86328
0.863286
0.86329
0.863294
0.863297
0.863299
0.863301
0.863303
0.863304
0.863304
0.863305
0.863305
0.863305
0.863305
0.863304
0.863304
0.863303
0.863301
0.863299
0.863297
0.863294
0.86329
0.863286
0.86328
0.863272
0.863263
0.863251
0.863236
0.863218
0.863195
0.863167
0.863132
0.863089
0.863037
0.862974
0.862897
0.862805
0.862697
0.862568
0.862419
0.862248
0.862053
0.869414
0.869602
0.869769
0.869914
0.870039
0.870146
0.870236
0.870312
0.870375
0.870427
0.87047
0.870505
0.870533
0.870556
0.870575
0.87059
0.870602
0.870612
0.870619
0.870626
0.870631
0.870635
0.870638
0.87064
0.870642
0.870644
0.870645
0.870645
0.870646
0.870646
0.870646
0.870646
0.870645
0.870645
0.870644
0.870642
0.87064
0.870638
0.870635
0.870631
0.870626
0.870619
0.870612
0.870602
0.87059
0.870575
0.870556
0.870533
0.870505
0.87047
0.870427
0.870375
0.870312
0.870236
0.870146
0.870039
0.869914
0.869769
0.869602
0.869414
0.876506
0.876688
0.87685
0.87699
0.877112
0.877217
0.877306
0.87738
0.877443
0.877495
0.877538
0.877573
0.877602
0.877625
0.877644
0.877659
0.877672
0.877682
0.87769
0.877696
0.877701
0.877705
0.877709
0.877711
0.877713
0.877715
0.877716
0.877717
0.877717
0.877717
0.877717
0.877717
0.877717
0.877716
0.877715
0.877713
0.877711
0.877709
0.877705
0.877701
0.877696
0.87769
0.877682
0.877672
0.877659
0.877644
0.877625
0.877602
0.877573
0.877538
0.877495
0.877443
0.87738
0.877306
0.877217
0.877112
0.87699
0.87685
0.876688
0.876506
0.883336
0.883512
0.883668
0.883805
0.883924
0.884026
0.884113
0.884186
0.884248
0.8843
0.884342
0.884378
0.884407
0.88443
0.884449
0.884465
0.884478
0.884488
0.884496
0.884503
0.884508
0.884512
0.884516
0.884519
0.884521
0.884522
0.884523
0.884524
0.884525
0.884525
0.884525
0.884525
0.884524
0.884523
0.884522
0.884521
0.884519
0.884516
0.884512
0.884508
0.884503
0.884496
0.884488
0.884478
0.884465
0.884449
0.88443
0.884407
0.884378
0.884342
0.8843
0.884248
0.884186
0.884113
0.884026
0.883924
0.883805
0.883668
0.883512
0.883336
0.889911
0.89008
0.890231
0.890363
0.890478
0.890578
0.890663
0.890736
0.890797
0.890848
0.89089
0.890926
0.890955
0.890978
0.890998
0.891014
0.891027
0.891037
0.891046
0.891052
0.891058
0.891062
0.891066
0.891069
0.891071
0.891072
0.891074
0.891075
0.891075
0.891075
0.891075
0.891075
0.891075
0.891074
0.891072
0.891071
0.891069
0.891066
0.891062
0.891058
0.891052
0.891046
0.891037
0.891027
0.891014
0.890998
0.890978
0.890955
0.890926
0.89089
0.890848
0.890797
0.890736
0.890663
0.890578
0.890478
0.890363
0.890231
0.89008
0.889911
0.896236
0.896399
0.896544
0.896672
0.896784
0.896881
0.896964
0.897035
0.897095
0.897146
0.897188
0.897223
0.897252
0.897276
0.897296
0.897312
0.897325
0.897336
0.897344
0.897351
0.897357
0.897361
0.897365
0.897368
0.89737
0.897372
0.897373
0.897374
0.897375
0.897375
0.897375
0.897375
0.897374
0.897373
0.897372
0.89737
0.897368
0.897365
0.897361
0.897357
0.897351
0.897344
0.897336
0.897325
0.897312
0.897296
0.897276
0.897252
0.897223
0.897188
0.897146
0.897095
0.897035
0.896964
0.896881
0.896784
0.896672
0.896544
0.896399
0.896236
0.902318
0.902475
0.902614
0.902738
0.902847
0.902941
0.903022
0.903092
0.903151
0.903201
0.903242
0.903277
0.903306
0.90333
0.90335
0.903366
0.90338
0.90339
0.903399
0.903406
0.903412
0.903417
0.90342
0.903423
0.903426
0.903428
0.903429
0.90343
0.90343
0.903431
0.903431
0.90343
0.90343
0.903429
0.903428
0.903426
0.903423
0.90342
0.903417
0.903412
0.903406
0.903399
0.90339
0.90338
0.903366
0.90335
0.90333
0.903306
0.903277
0.903242
0.903201
0.903151
0.903092
0.903022
0.902941
0.902847
0.902738
0.902614
0.902475
0.902318
0.908165
0.908315
0.90845
0.908569
0.908673
0.908765
0.908844
0.908912
0.90897
0.909019
0.90906
0.909095
0.909124
0.909148
0.909167
0.909184
0.909197
0.909208
0.909217
0.909224
0.90923
0.909235
0.909239
0.909242
0.909244
0.909246
0.909248
0.909249
0.909249
0.90925
0.90925
0.909249
0.909249
0.909248
0.909246
0.909244
0.909242
0.909239
0.909235
0.90923
0.909224
0.909217
0.909208
0.909197
0.909184
0.909167
0.909148
0.909124
0.909095
0.90906
0.909019
0.90897
0.908912
0.908844
0.908765
0.908673
0.908569
0.90845
0.908315
0.908165
0.913784
0.913928
0.914056
0.914171
0.914272
0.91436
0.914437
0.914503
0.91456
0.914608
0.914649
0.914683
0.914712
0.914736
0.914755
0.914772
0.914785
0.914796
0.914806
0.914813
0.914819
0.914824
0.914828
0.914831
0.914833
0.914835
0.914837
0.914838
0.914838
0.914839
0.914839
0.914838
0.914838
0.914837
0.914835
0.914833
0.914831
0.914828
0.914824
0.914819
0.914813
0.914806
0.914796
0.914785
0.914772
0.914755
0.914736
0.914712
0.914683
0.914649
0.914608
0.91456
0.914503
0.914437
0.91436
0.914272
0.914171
0.914056
0.913928
0.913784
0.919182
0.919319
0.919442
0.919552
0.919649
0.919735
0.919809
0.919873
0.919929
0.919976
0.920016
0.92005
0.920078
0.920102
0.920121
0.920138
0.920151
0.920163
0.920172
0.920179
0.920185
0.92019
0.920194
0.920197
0.9202
0.920202
0.920203
0.920204
0.920205
0.920205
0.920205
0.920205
0.920204
0.920203
0.920202
0.9202
0.920197
0.920194
0.92019
0.920185
0.920179
0.920172
0.920163
0.920151
0.920138
0.920121
0.920102
0.920078
0.92005
0.920016
0.919976
0.919929
0.919873
0.919809
0.919735
0.919649
0.919552
0.919442
0.919319
0.919182
0.924367
0.924497
0.924615
0.92472
0.924814
0.924896
0.924968
0.92503
0.925084
0.92513
0.925169
0.925202
0.92523
0.925253
0.925273
0.925289
0.925303
0.925314
0.925323
0.925331
0.925337
0.925342
0.925346
0.925349
0.925352
0.925354
0.925356
0.925357
0.925357
0.925358
0.925358
0.925357
0.925357
0.925356
0.925354
0.925352
0.925349
0.925346
0.925342
0.925337
0.925331
0.925323
0.925314
0.925303
0.925289
0.925273
0.925253
0.92523
0.925202
0.925169
0.92513
0.925084
0.92503
0.924968
0.924896
0.924814
0.92472
0.924615
0.924497
0.924367
0.929346
0.92947
0.929582
0.929683
0.929772
0.929851
0.92992
0.929981
0.930033
0.930078
0.930116
0.930148
0.930176
0.930199
0.930218
0.930235
0.930248
0.930259
0.930269
0.930276
0.930282
0.930287
0.930292
0.930295
0.930297
0.930299
0.930301
0.930302
0.930303
0.930303
0.930303
0.930303
0.930302
0.930301
0.930299
0.930297
0.930295
0.930292
0.930287
0.930282
0.930276
0.930269
0.930259
0.930248
0.930235
0.930218
0.930199
0.930176
0.930148
0.930116
0.930078
0.930033
0.929981
0.92992
0.929851
0.929772
0.929683
0.929582
0.92947
0.929346
0.934128
0.934246
0.934353
0.934448
0.934534
0.934609
0.934676
0.934734
0.934784
0.934828
0.934865
0.934897
0.934924
0.934946
0.934965
0.934982
0.934995
0.935006
0.935015
0.935023
0.935029
0.935034
0.935038
0.935042
0.935044
0.935046
0.935048
0.935049
0.93505
0.93505
0.93505
0.93505
0.935049
0.935048
0.935046
0.935044
0.935042
0.935038
0.935034
0.935029
0.935023
0.935015
0.935006
0.934995
0.934982
0.934965
0.934946
0.934924
0.934897
0.934865
0.934828
0.934784
0.934734
0.934676
0.934609
0.934534
0.934448
0.934353
0.934246
0.934128
0.938722
0.938833
0.938934
0.939025
0.939106
0.939179
0.939242
0.939298
0.939346
0.939388
0.939424
0.939455
0.939482
0.939504
0.939523
0.939539
0.939552
0.939563
0.939572
0.93958
0.939586
0.939591
0.939595
0.939598
0.939601
0.939603
0.939605
0.939606
0.939607
0.939607
0.939607
0.939607
0.939606
0.939605
0.939603
0.939601
0.939598
0.939595
0.939591
0.939586
0.93958
0.939572
0.939563
0.939552
0.939539
0.939523
0.939504
0.939482
0.939455
0.939424
0.939388
0.939346
0.939298
0.939242
0.939179
0.939106
0.939025
0.938934
0.938833
0.938722
0.943135
0.94324
0.943336
0.943422
0.943499
0.943568
0.943628
0.943682
0.943728
0.943769
0.943803
0.943833
0.943859
0.943881
0.943899
0.943915
0.943928
0.943938
0.943948
0.943955
0.943961
0.943966
0.94397
0.943974
0.943976
0.943979
0.94398
0.943981
0.943982
0.943982
0.943982
0.943982
0.943981
0.94398
0.943979
0.943976
0.943974
0.94397
0.943966
0.943961
0.943955
0.943948
0.943938
0.943928
0.943915
0.943899
0.943881
0.943859
0.943833
0.943803
0.943769
0.943728
0.943682
0.943628
0.943568
0.943499
0.943422
0.943336
0.94324
0.943135
0.947378
0.947477
0.947566
0.947648
0.947721
0.947786
0.947843
0.947894
0.947939
0.947977
0.948011
0.94804
0.948065
0.948086
0.948103
0.948119
0.948131
0.948142
0.948151
0.948158
0.948164
0.94817
0.948174
0.948177
0.94818
0.948182
0.948183
0.948184
0.948185
0.948186
0.948186
0.948185
0.948184
0.948183
0.948182
0.94818
0.948177
0.948174
0.94817
0.948164
0.948158
0.948151
0.948142
0.948131
0.948119
0.948103
0.948086
0.948065
0.94804
0.948011
0.947977
0.947939
0.947894
0.947843
0.947786
0.947721
0.947648
0.947566
0.947477
0.947378
0.951459
0.951551
0.951636
0.951712
0.951781
0.951842
0.951897
0.951945
0.951987
0.952024
0.952056
0.952084
0.952108
0.952128
0.952145
0.95216
0.952173
0.952183
0.952192
0.952199
0.952205
0.95221
0.952214
0.952217
0.95222
0.952222
0.952224
0.952225
0.952225
0.952226
0.952226
0.952225
0.952225
0.952224
0.952222
0.95222
0.952217
0.952214
0.95221
0.952205
0.952199
0.952192
0.952183
0.952173
0.95216
0.952145
0.952128
0.952108
0.952084
0.952056
0.952024
0.951987
0.951945
0.951897
0.951842
0.951781
0.951712
0.951636
0.951551
0.951459
0.955388
0.955475
0.955553
0.955625
0.955689
0.955747
0.955798
0.955844
0.955884
0.955919
0.955949
0.955976
0.955999
0.956018
0.956035
0.956049
0.956061
0.956071
0.95608
0.956087
0.956093
0.956097
0.956101
0.956105
0.956107
0.956109
0.956111
0.956112
0.956113
0.956113
0.956113
0.956113
0.956112
0.956111
0.956109
0.956107
0.956105
0.956101
0.956097
0.956093
0.956087
0.95608
0.956071
0.956061
0.956049
0.956035
0.956018
0.955999
0.955976
0.955949
0.955919
0.955884
0.955844
0.955798
0.955747
0.955689
0.955625
0.955553
0.955475
0.955388
0.959177
0.959257
0.95933
0.959396
0.959456
0.95951
0.959558
0.959601
0.959639
0.959672
0.959701
0.959726
0.959748
0.959766
0.959782
0.959796
0.959807
0.959817
0.959825
0.959832
0.959838
0.959842
0.959846
0.959849
0.959852
0.959854
0.959855
0.959857
0.959857
0.959858
0.959858
0.959857
0.959857
0.959855
0.959854
0.959852
0.959849
0.959846
0.959842
0.959838
0.959832
0.959825
0.959817
0.959807
0.959796
0.959782
0.959766
0.959748
0.959726
0.959701
0.959672
0.959639
0.959601
0.959558
0.95951
0.959456
0.959396
0.95933
0.959257
0.959177
0.962835
0.962908
0.962976
0.963037
0.963093
0.963143
0.963188
0.963228
0.963263
0.963294
0.963321
0.963345
0.963365
0.963383
0.963398
0.963411
0.963422
0.963431
0.963439
0.963446
0.963451
0.963456
0.963459
0.963462
0.963465
0.963467
0.963468
0.963469
0.96347
0.96347
0.96347
0.96347
0.963469
0.963468
0.963467
0.963465
0.963462
0.963459
0.963456
0.963451
0.963446
0.963439
0.963431
0.963422
0.963411
0.963398
0.963383
0.963365
0.963345
0.963321
0.963294
0.963263
0.963228
0.963188
0.963143
0.963093
0.963037
0.962976
0.962908
0.962835
0.966374
0.966441
0.966503
0.966559
0.966611
0.966657
0.966698
0.966735
0.966768
0.966797
0.966822
0.966844
0.966863
0.96688
0.966894
0.966906
0.966916
0.966925
0.966933
0.966939
0.966944
0.966949
0.966952
0.966955
0.966957
0.966959
0.966961
0.966962
0.966962
0.966963
0.966963
0.966962
0.966962
0.966961
0.966959
0.966957
0.966955
0.966952
0.966949
0.966944
0.966939
0.966933
0.966925
0.966916
0.966906
0.966894
0.96688
0.966863
0.966844
0.966822
0.966797
0.966768
0.966735
0.966698
0.966657
0.966611
0.966559
0.966503
0.966441
0.966374
0.969806
0.969867
0.969923
0.969975
0.970022
0.970064
0.970102
0.970136
0.970166
0.970192
0.970216
0.970236
0.970254
0.970269
0.970282
0.970294
0.970303
0.970312
0.970318
0.970324
0.970329
0.970333
0.970337
0.97034
0.970342
0.970344
0.970345
0.970346
0.970346
0.970347
0.970347
0.970346
0.970346
0.970345
0.970344
0.970342
0.97034
0.970337
0.970333
0.970329
0.970324
0.970318
0.970312
0.970303
0.970294
0.970282
0.970269
0.970254
0.970236
0.970216
0.970192
0.970166
0.970136
0.970102
0.970064
0.970022
0.969975
0.969923
0.969867
0.969806
0.973144
0.973199
0.97325
0.973296
0.973339
0.973377
0.973411
0.973442
0.973469
0.973493
0.973515
0.973533
0.973549
0.973564
0.973576
0.973586
0.973595
0.973603
0.973609
0.973615
0.973619
0.973623
0.973626
0.973629
0.973631
0.973633
0.973634
0.973635
0.973635
0.973636
0.973636
0.973635
0.973635
0.973634
0.973633
0.973631
0.973629
0.973626
0.973623
0.973619
0.973615
0.973609
0.973603
0.973595
0.973586
0.973576
0.973564
0.973549
0.973533
0.973515
0.973493
0.973469
0.973442
0.973411
0.973377
0.973339
0.973296
0.97325
0.973199
0.973144
0.976403
0.976452
0.976497
0.976538
0.976575
0.97661
0.97664
0.976668
0.976692
0.976714
0.976733
0.97675
0.976764
0.976777
0.976788
0.976798
0.976806
0.976813
0.976819
0.976824
0.976828
0.976831
0.976834
0.976837
0.976838
0.97684
0.976841
0.976842
0.976843
0.976843
0.976843
0.976843
0.976842
0.976841
0.97684
0.976838
0.976837
0.976834
0.976831
0.976828
0.976824
0.976819
0.976813
0.976806
0.976798
0.976788
0.976777
0.976764
0.97675
0.976733
0.976714
0.976692
0.976668
0.97664
0.97661
0.976575
0.976538
0.976497
0.976452
0.976403
0.979596
0.979639
0.979678
0.979714
0.979747
0.979777
0.979804
0.979828
0.979849
0.979869
0.979885
0.9799
0.979913
0.979925
0.979934
0.979943
0.97995
0.979956
0.979962
0.979966
0.97997
0.979973
0.979976
0.979978
0.979979
0.979981
0.979982
0.979983
0.979983
0.979983
0.979983
0.979983
0.979983
0.979982
0.979981
0.979979
0.979978
0.979976
0.979973
0.97997
0.979966
0.979962
0.979956
0.97995
0.979943
0.979934
0.979925
0.979913
0.9799
0.979885
0.979869
0.979849
0.979828
0.979804
0.979777
0.979747
0.979714
0.979678
0.979639
0.979596
0.98274
0.982777
0.98281
0.982841
0.982869
0.982895
0.982918
0.982938
0.982957
0.982973
0.982988
0.983001
0.983012
0.983022
0.98303
0.983038
0.983044
0.983049
0.983054
0.983058
0.983061
0.983064
0.983066
0.983068
0.98307
0.983071
0.983072
0.983072
0.983073
0.983073
0.983073
0.983073
0.983072
0.983072
0.983071
0.98307
0.983068
0.983066
0.983064
0.983061
0.983058
0.983054
0.983049
0.983044
0.983038
0.98303
0.983022
0.983012
0.983001
0.982988
0.982973
0.982957
0.982938
0.982918
0.982895
0.982869
0.982841
0.98281
0.982777
0.98274
0.985853
0.985883
0.985911
0.985936
0.985959
0.98598
0.986
0.986017
0.986032
0.986046
0.986058
0.986069
0.986078
0.986086
0.986093
0.986099
0.986105
0.986109
0.986113
0.986116
0.986119
0.986121
0.986123
0.986125
0.986126
0.986127
0.986128
0.986129
0.986129
0.986129
0.986129
0.986129
0.986129
0.986128
0.986127
0.986126
0.986125
0.986123
0.986121
0.986119
0.986116
0.986113
0.986109
0.986105
0.986099
0.986093
0.986086
0.986078
0.986069
0.986058
0.986046
0.986032
0.986017
0.986
0.98598
0.985959
0.985936
0.985911
0.985883
0.985853
0.988953
0.988976
0.988998
0.989018
0.989036
0.989053
0.989068
0.989081
0.989093
0.989104
0.989114
0.989122
0.98913
0.989136
0.989142
0.989147
0.989151
0.989155
0.989158
0.98916
0.989163
0.989164
0.989166
0.989167
0.989168
0.989169
0.98917
0.98917
0.98917
0.989171
0.989171
0.98917
0.98917
0.98917
0.989169
0.989168
0.989167
0.989166
0.989164
0.989163
0.98916
0.989158
0.989155
0.989151
0.989147
0.989142
0.989136
0.98913
0.989122
0.989114
0.989104
0.989093
0.989081
0.989068
0.989053
0.989036
0.989018
0.988998
0.988976
0.988953
0.99206
0.992077
0.992092
0.992107
0.99212
0.992132
0.992143
0.992153
0.992162
0.992169
0.992176
0.992183
0.992188
0.992193
0.992197
0.9922
0.992203
0.992206
0.992208
0.99221
0.992212
0.992213
0.992214
0.992215
0.992216
0.992217
0.992217
0.992217
0.992218
0.992218
0.992218
0.992218
0.992217
0.992217
0.992217
0.992216
0.992215
0.992214
0.992213
0.992212
0.99221
0.992208
0.992206
0.992203
0.9922
0.992197
0.992193
0.992188
0.992183
0.992176
0.992169
0.992162
0.992153
0.992143
0.992132
0.99212
0.992107
0.992092
0.992077
0.99206
0.995197
0.995207
0.995217
0.995226
0.995234
0.995241
0.995248
0.995254
0.995259
0.995264
0.995268
0.995272
0.995275
0.995278
0.99528
0.995283
0.995284
0.995286
0.995287
0.995289
0.99529
0.99529
0.995291
0.995292
0.995292
0.995292
0.995293
0.995293
0.995293
0.995293
0.995293
0.995293
0.995293
0.995293
0.995292
0.995292
0.995292
0.995291
0.99529
0.99529
0.995289
0.995287
0.995286
0.995284
0.995283
0.99528
0.995278
0.995275
0.995272
0.995268
0.995264
0.995259
0.995254
0.995248
0.995241
0.995234
0.995226
0.995217
0.995207
0.995197
0.998389
0.998393
0.998396
0.998399
0.998402
0.998404
0.998406
0.998408
0.99841
0.998412
0.998413
0.998414
0.998415
0.998416
0.998417
0.998418
0.998419
0.998419
0.99842
0.99842
0.99842
0.998421
0.998421
0.998421
0.998421
0.998421
0.998421
0.998421
0.998422
0.998422
0.998422
0.998422
0.998421
0.998421
0.998421
0.998421
0.998421
0.998421
0.998421
0.99842
0.99842
0.99842
0.998419
0.998419
0.998418
0.998417
0.998416
0.998415
0.998414
0.998413
0.998412
0.99841
0.998408
0.998406
0.998404
0.998402
0.998399
0.998396
0.998393
0.998389
)
;

boundaryField
{
    top
    {
        type            fixedValue;
        value           uniform 1;
    }
    bottom
    {
        type            fixedValue;
        value           uniform 1;
    }
    wall
    {
        type            zeroGradient;
    }
    frontAndBack
    {
        type            empty;
    }
}


// ************************************************************************* //
