/*--------------------------------*- C++ -*----------------------------------*\
| =========                 |                                                 |
| \\      /  F ield         | foam-extend: Open Source CFD                    |
|  \\    /   O peration     | Version:     4.0                                |
|   \\  /    A nd           | Web:         http://www.foam-extend.org         |
|    \\/     M anipulation  |                                                 |
\*---------------------------------------------------------------------------*/
FoamFile
{
    version     2.0;
    format      ascii;
    class       volScalarField;
    location    "550";
    object      psiE;
}
// * * * * * * * * * * * * * * * * * * * * * * * * * * * * * * * * * * * * * //

dimensions      [0 0 0 0 0 0 0];

internalField   nonuniform List<scalar> 
6960
(
0.268592
0.268578
0.268572
0.268569
0.268567
0.268566
0.268565
0.268564
0.268564
0.268563
0.268563
0.268563
0.268563
0.268563
0.268563
0.268562
0.268562
0.268562
0.268562
0.268562
0.268562
0.268562
0.268562
0.268562
0.268562
0.268562
0.268562
0.268562
0.268562
0.268562
0.268562
0.268562
0.268562
0.268562
0.268562
0.268562
0.268562
0.268562
0.268562
0.268562
0.268562
0.268562
0.268562
0.268562
0.268562
0.268563
0.268563
0.268563
0.268563
0.268563
0.268563
0.268564
0.268564
0.268565
0.268566
0.268567
0.268569
0.268572
0.268578
0.268592
0.577428
0.577384
0.577367
0.577358
0.577352
0.577348
0.577345
0.577343
0.577341
0.57734
0.577339
0.577339
0.577338
0.577338
0.577337
0.577337
0.577337
0.577337
0.577336
0.577336
0.577336
0.577336
0.577336
0.577336
0.577336
0.577336
0.577336
0.577336
0.577336
0.577336
0.577336
0.577336
0.577336
0.577336
0.577336
0.577336
0.577336
0.577336
0.577336
0.577336
0.577336
0.577336
0.577337
0.577337
0.577337
0.577337
0.577338
0.577338
0.577339
0.577339
0.57734
0.577341
0.577343
0.577345
0.577348
0.577352
0.577358
0.577367
0.577384
0.577428
0.777721
0.77765
0.777622
0.777606
0.777597
0.77759
0.777586
0.777582
0.77758
0.777578
0.777577
0.777576
0.777575
0.777574
0.777573
0.777573
0.777572
0.777572
0.777572
0.777572
0.777571
0.777571
0.777571
0.777571
0.777571
0.777571
0.777571
0.777571
0.777571
0.777571
0.777571
0.777571
0.777571
0.777571
0.777571
0.777571
0.777571
0.777571
0.777571
0.777571
0.777572
0.777572
0.777572
0.777572
0.777573
0.777573
0.777574
0.777575
0.777576
0.777577
0.777578
0.77758
0.777582
0.777586
0.77759
0.777597
0.777606
0.777622
0.77765
0.777721
0.918589
0.918498
0.918461
0.918441
0.918428
0.918419
0.918413
0.918409
0.918406
0.918403
0.918401
0.9184
0.918399
0.918398
0.918397
0.918397
0.918396
0.918396
0.918395
0.918395
0.918395
0.918395
0.918394
0.918394
0.918394
0.918394
0.918394
0.918394
0.918394
0.918394
0.918394
0.918394
0.918394
0.918394
0.918394
0.918394
0.918394
0.918394
0.918395
0.918395
0.918395
0.918395
0.918396
0.918396
0.918397
0.918397
0.918398
0.918399
0.9184
0.918401
0.918403
0.918406
0.918409
0.918413
0.918419
0.918428
0.918441
0.918461
0.918498
0.918589
1.02625
1.02614
1.0261
1.02608
1.02606
1.02605
1.02604
1.02604
1.02603
1.02603
1.02603
1.02603
1.02603
1.02602
1.02602
1.02602
1.02602
1.02602
1.02602
1.02602
1.02602
1.02602
1.02602
1.02602
1.02602
1.02602
1.02602
1.02602
1.02602
1.02602
1.02602
1.02602
1.02602
1.02602
1.02602
1.02602
1.02602
1.02602
1.02602
1.02602
1.02602
1.02602
1.02602
1.02602
1.02602
1.02602
1.02602
1.02603
1.02603
1.02603
1.02603
1.02603
1.02604
1.02604
1.02605
1.02606
1.02608
1.0261
1.02614
1.02625
1.11508
1.11497
1.11492
1.1149
1.11488
1.11487
1.11486
1.11486
1.11485
1.11485
1.11485
1.11484
1.11484
1.11484
1.11484
1.11484
1.11484
1.11484
1.11484
1.11484
1.11484
1.11484
1.11484
1.11484
1.11484
1.11484
1.11484
1.11484
1.11484
1.11484
1.11484
1.11484
1.11484
1.11484
1.11484
1.11484
1.11484
1.11484
1.11484
1.11484
1.11484
1.11484
1.11484
1.11484
1.11484
1.11484
1.11484
1.11484
1.11484
1.11485
1.11485
1.11485
1.11486
1.11486
1.11487
1.11488
1.1149
1.11492
1.11497
1.11508
1.19286
1.19274
1.19269
1.19266
1.19264
1.19263
1.19262
1.19262
1.19261
1.19261
1.1926
1.1926
1.1926
1.1926
1.1926
1.1926
1.1926
1.1926
1.1926
1.1926
1.1926
1.1926
1.1926
1.1926
1.1926
1.1926
1.1926
1.1926
1.1926
1.1926
1.1926
1.1926
1.1926
1.1926
1.1926
1.1926
1.1926
1.1926
1.1926
1.1926
1.1926
1.1926
1.1926
1.1926
1.1926
1.1926
1.1926
1.1926
1.1926
1.1926
1.19261
1.19261
1.19262
1.19262
1.19263
1.19264
1.19266
1.19269
1.19274
1.19286
1.2637
1.26359
1.26353
1.2635
1.26348
1.26347
1.26346
1.26345
1.26345
1.26344
1.26344
1.26344
1.26343
1.26343
1.26343
1.26343
1.26343
1.26343
1.26343
1.26343
1.26343
1.26343
1.26343
1.26343
1.26343
1.26343
1.26343
1.26343
1.26343
1.26343
1.26343
1.26343
1.26343
1.26343
1.26343
1.26343
1.26343
1.26343
1.26343
1.26343
1.26343
1.26343
1.26343
1.26343
1.26343
1.26343
1.26343
1.26343
1.26344
1.26344
1.26344
1.26345
1.26345
1.26346
1.26347
1.26348
1.2635
1.26353
1.26359
1.2637
1.32987
1.32975
1.3297
1.32966
1.32964
1.32963
1.32962
1.32961
1.32961
1.3296
1.3296
1.3296
1.3296
1.32959
1.32959
1.32959
1.32959
1.32959
1.32959
1.32959
1.32959
1.32959
1.32959
1.32959
1.32959
1.32959
1.32959
1.32959
1.32959
1.32959
1.32959
1.32959
1.32959
1.32959
1.32959
1.32959
1.32959
1.32959
1.32959
1.32959
1.32959
1.32959
1.32959
1.32959
1.32959
1.32959
1.32959
1.3296
1.3296
1.3296
1.3296
1.32961
1.32961
1.32962
1.32963
1.32964
1.32966
1.3297
1.32975
1.32987
1.39267
1.39255
1.39249
1.39246
1.39244
1.39242
1.39241
1.39241
1.3924
1.3924
1.39239
1.39239
1.39239
1.39239
1.39239
1.39239
1.39239
1.39239
1.39239
1.39239
1.39239
1.39239
1.39239
1.39239
1.39239
1.39239
1.39239
1.39239
1.39239
1.39239
1.39239
1.39239
1.39239
1.39239
1.39239
1.39239
1.39239
1.39239
1.39239
1.39239
1.39239
1.39239
1.39239
1.39239
1.39239
1.39239
1.39239
1.39239
1.39239
1.39239
1.3924
1.3924
1.39241
1.39241
1.39242
1.39244
1.39246
1.39249
1.39255
1.39267
1.45294
1.45282
1.45276
1.45273
1.4527
1.45269
1.45268
1.45267
1.45266
1.45266
1.45266
1.45266
1.45265
1.45265
1.45265
1.45265
1.45265
1.45265
1.45265
1.45265
1.45265
1.45265
1.45265
1.45265
1.45265
1.45265
1.45265
1.45265
1.45265
1.45265
1.45265
1.45265
1.45265
1.45265
1.45265
1.45265
1.45265
1.45265
1.45265
1.45265
1.45265
1.45265
1.45265
1.45265
1.45265
1.45265
1.45265
1.45265
1.45266
1.45266
1.45266
1.45266
1.45267
1.45268
1.45269
1.4527
1.45273
1.45276
1.45282
1.45294
1.51126
1.51114
1.51108
1.51104
1.51102
1.511
1.51099
1.51099
1.51098
1.51098
1.51097
1.51097
1.51097
1.51097
1.51097
1.51097
1.51097
1.51096
1.51096
1.51096
1.51096
1.51096
1.51096
1.51096
1.51096
1.51096
1.51096
1.51096
1.51096
1.51096
1.51096
1.51096
1.51096
1.51096
1.51096
1.51096
1.51096
1.51096
1.51096
1.51096
1.51096
1.51096
1.51096
1.51097
1.51097
1.51097
1.51097
1.51097
1.51097
1.51097
1.51098
1.51098
1.51099
1.51099
1.511
1.51102
1.51104
1.51108
1.51114
1.51126
1.56807
1.56795
1.56789
1.56785
1.56783
1.56781
1.5678
1.56779
1.56779
1.56778
1.56778
1.56778
1.56778
1.56777
1.56777
1.56777
1.56777
1.56777
1.56777
1.56777
1.56777
1.56777
1.56777
1.56777
1.56777
1.56777
1.56777
1.56777
1.56777
1.56777
1.56777
1.56777
1.56777
1.56777
1.56777
1.56777
1.56777
1.56777
1.56777
1.56777
1.56777
1.56777
1.56777
1.56777
1.56777
1.56777
1.56777
1.56778
1.56778
1.56778
1.56778
1.56779
1.56779
1.5678
1.56781
1.56783
1.56785
1.56789
1.56795
1.56807
1.62372
1.6236
1.62354
1.6235
1.62348
1.62346
1.62345
1.62344
1.62344
1.62343
1.62343
1.62343
1.62343
1.62342
1.62342
1.62342
1.62342
1.62342
1.62342
1.62342
1.62342
1.62342
1.62342
1.62342
1.62342
1.62342
1.62342
1.62342
1.62342
1.62342
1.62342
1.62342
1.62342
1.62342
1.62342
1.62342
1.62342
1.62342
1.62342
1.62342
1.62342
1.62342
1.62342
1.62342
1.62342
1.62342
1.62342
1.62343
1.62343
1.62343
1.62343
1.62344
1.62344
1.62345
1.62346
1.62348
1.6235
1.62354
1.6236
1.62372
1.6785
1.67839
1.67832
1.67828
1.67826
1.67824
1.67823
1.67822
1.67822
1.67821
1.67821
1.67821
1.67821
1.67821
1.6782
1.6782
1.6782
1.6782
1.6782
1.6782
1.6782
1.6782
1.6782
1.6782
1.6782
1.6782
1.67821
1.67821
1.67821
1.67821
1.67821
1.67821
1.67821
1.67821
1.6782
1.6782
1.6782
1.6782
1.6782
1.6782
1.6782
1.6782
1.6782
1.6782
1.6782
1.6782
1.67821
1.67821
1.67821
1.67821
1.67821
1.67822
1.67822
1.67823
1.67824
1.67826
1.67828
1.67832
1.67839
1.6785
1.73266
1.73254
1.73248
1.73244
1.73241
1.7324
1.73239
1.73238
1.73237
1.73237
1.73236
1.73236
1.73236
1.73236
1.73236
1.73236
1.73236
1.73236
1.73236
1.73236
1.73236
1.73236
1.73236
1.73236
1.73236
1.73236
1.73236
1.73236
1.73236
1.73236
1.73236
1.73236
1.73236
1.73236
1.73236
1.73236
1.73236
1.73236
1.73236
1.73236
1.73236
1.73236
1.73236
1.73236
1.73236
1.73236
1.73236
1.73236
1.73236
1.73236
1.73237
1.73237
1.73238
1.73239
1.7324
1.73241
1.73244
1.73248
1.73254
1.73266
1.7864
1.78628
1.78622
1.78618
1.78615
1.78614
1.78612
1.78612
1.78611
1.7861
1.7861
1.7861
1.7861
1.7861
1.7861
1.7861
1.7861
1.7861
1.7861
1.7861
1.7861
1.7861
1.7861
1.7861
1.7861
1.7861
1.7861
1.7861
1.7861
1.7861
1.7861
1.7861
1.7861
1.7861
1.7861
1.7861
1.7861
1.7861
1.7861
1.7861
1.7861
1.7861
1.7861
1.7861
1.7861
1.7861
1.7861
1.7861
1.7861
1.7861
1.7861
1.78611
1.78612
1.78612
1.78614
1.78615
1.78618
1.78622
1.78628
1.7864
1.8399
1.83979
1.83972
1.83968
1.83966
1.83964
1.83963
1.83962
1.83961
1.83961
1.8396
1.8396
1.8396
1.8396
1.8396
1.8396
1.8396
1.8396
1.8396
1.8396
1.8396
1.8396
1.8396
1.8396
1.8396
1.8396
1.8396
1.8396
1.8396
1.8396
1.8396
1.8396
1.8396
1.8396
1.8396
1.8396
1.8396
1.8396
1.8396
1.8396
1.8396
1.8396
1.8396
1.8396
1.8396
1.8396
1.8396
1.8396
1.8396
1.8396
1.83961
1.83961
1.83962
1.83963
1.83964
1.83966
1.83968
1.83972
1.83979
1.8399
1.89333
1.89322
1.89315
1.89311
1.89309
1.89307
1.89306
1.89305
1.89304
1.89304
1.89303
1.89303
1.89303
1.89303
1.89303
1.89303
1.89303
1.89303
1.89303
1.89303
1.89303
1.89303
1.89303
1.89303
1.89303
1.89303
1.89303
1.89303
1.89303
1.89303
1.89303
1.89303
1.89303
1.89303
1.89303
1.89303
1.89303
1.89303
1.89303
1.89303
1.89303
1.89303
1.89303
1.89303
1.89303
1.89303
1.89303
1.89303
1.89303
1.89303
1.89304
1.89304
1.89305
1.89306
1.89307
1.89309
1.89311
1.89315
1.89322
1.89333
1.94683
1.94672
1.94666
1.94662
1.94659
1.94657
1.94656
1.94655
1.94655
1.94654
1.94654
1.94654
1.94653
1.94653
1.94653
1.94653
1.94653
1.94653
1.94653
1.94654
1.94654
1.94654
1.94654
1.94654
1.94654
1.94654
1.94654
1.94654
1.94654
1.94654
1.94654
1.94654
1.94654
1.94654
1.94654
1.94654
1.94654
1.94654
1.94654
1.94654
1.94654
1.94653
1.94653
1.94653
1.94653
1.94653
1.94653
1.94653
1.94654
1.94654
1.94654
1.94655
1.94655
1.94656
1.94657
1.94659
1.94662
1.94666
1.94672
1.94683
2.00054
2.00043
2.00037
2.00033
2.0003
2.00028
2.00027
2.00026
2.00025
2.00025
2.00025
2.00025
2.00024
2.00024
2.00024
2.00024
2.00024
2.00024
2.00024
2.00025
2.00025
2.00025
2.00025
2.00025
2.00025
2.00025
2.00025
2.00025
2.00025
2.00025
2.00025
2.00025
2.00025
2.00025
2.00025
2.00025
2.00025
2.00025
2.00025
2.00025
2.00025
2.00024
2.00024
2.00024
2.00024
2.00024
2.00024
2.00024
2.00025
2.00025
2.00025
2.00025
2.00026
2.00027
2.00028
2.0003
2.00033
2.00037
2.00043
2.00054
2.05458
2.05447
2.05441
2.05436
2.05434
2.05432
2.05431
2.0543
2.05429
2.05429
2.05428
2.05428
2.05428
2.05428
2.05428
2.05428
2.05428
2.05428
2.05428
2.05428
2.05428
2.05428
2.05429
2.05429
2.05429
2.05429
2.05429
2.05429
2.05429
2.05429
2.05429
2.05429
2.05429
2.05429
2.05429
2.05429
2.05429
2.05429
2.05428
2.05428
2.05428
2.05428
2.05428
2.05428
2.05428
2.05428
2.05428
2.05428
2.05428
2.05428
2.05429
2.05429
2.0543
2.05431
2.05432
2.05434
2.05436
2.05441
2.05447
2.05458
2.10906
2.10895
2.10889
2.10884
2.10882
2.1088
2.10879
2.10878
2.10877
2.10877
2.10876
2.10876
2.10876
2.10876
2.10876
2.10876
2.10876
2.10876
2.10876
2.10876
2.10876
2.10877
2.10877
2.10877
2.10877
2.10877
2.10877
2.10877
2.10877
2.10877
2.10877
2.10877
2.10877
2.10877
2.10877
2.10877
2.10877
2.10877
2.10877
2.10876
2.10876
2.10876
2.10876
2.10876
2.10876
2.10876
2.10876
2.10876
2.10876
2.10876
2.10877
2.10877
2.10878
2.10879
2.1088
2.10882
2.10884
2.10889
2.10895
2.10906
2.16408
2.16398
2.16391
2.16387
2.16384
2.16383
2.16381
2.1638
2.1638
2.16379
2.16379
2.16379
2.16379
2.16379
2.16379
2.16379
2.16379
2.16379
2.16379
2.16379
2.16379
2.16379
2.16379
2.1638
2.1638
2.1638
2.1638
2.1638
2.1638
2.1638
2.1638
2.1638
2.1638
2.1638
2.1638
2.1638
2.1638
2.16379
2.16379
2.16379
2.16379
2.16379
2.16379
2.16379
2.16379
2.16379
2.16379
2.16379
2.16379
2.16379
2.16379
2.1638
2.1638
2.16381
2.16383
2.16384
2.16387
2.16391
2.16398
2.16408
2.21976
2.21966
2.21959
2.21955
2.21952
2.2195
2.21949
2.21948
2.21948
2.21947
2.21947
2.21947
2.21947
2.21947
2.21947
2.21947
2.21947
2.21947
2.21947
2.21947
2.21947
2.21947
2.21947
2.21947
2.21948
2.21948
2.21948
2.21948
2.21948
2.21948
2.21948
2.21948
2.21948
2.21948
2.21948
2.21948
2.21947
2.21947
2.21947
2.21947
2.21947
2.21947
2.21947
2.21947
2.21947
2.21947
2.21947
2.21947
2.21947
2.21947
2.21947
2.21948
2.21948
2.21949
2.2195
2.21952
2.21955
2.21959
2.21966
2.21976
2.27618
2.27608
2.27602
2.27598
2.27595
2.27593
2.27592
2.27591
2.2759
2.2759
2.27589
2.27589
2.27589
2.27589
2.27589
2.27589
2.27589
2.27589
2.2759
2.2759
2.2759
2.2759
2.2759
2.2759
2.2759
2.2759
2.2759
2.2759
2.2759
2.2759
2.2759
2.2759
2.2759
2.2759
2.2759
2.2759
2.2759
2.2759
2.2759
2.2759
2.2759
2.2759
2.27589
2.27589
2.27589
2.27589
2.27589
2.27589
2.27589
2.27589
2.2759
2.2759
2.27591
2.27592
2.27593
2.27595
2.27598
2.27602
2.27608
2.27618
2.33344
2.33335
2.33328
2.33324
2.33321
2.33319
2.33318
2.33317
2.33316
2.33316
2.33316
2.33316
2.33316
2.33316
2.33316
2.33316
2.33316
2.33316
2.33316
2.33316
2.33316
2.33316
2.33317
2.33317
2.33317
2.33317
2.33317
2.33317
2.33317
2.33317
2.33317
2.33317
2.33317
2.33317
2.33317
2.33317
2.33317
2.33317
2.33316
2.33316
2.33316
2.33316
2.33316
2.33316
2.33316
2.33316
2.33316
2.33316
2.33316
2.33316
2.33316
2.33316
2.33317
2.33318
2.33319
2.33321
2.33324
2.33328
2.33335
2.33344
2.39163
2.39154
2.39147
2.39143
2.3914
2.39139
2.39137
2.39136
2.39136
2.39135
2.39135
2.39135
2.39135
2.39135
2.39135
2.39135
2.39135
2.39135
2.39135
2.39136
2.39136
2.39136
2.39136
2.39136
2.39136
2.39136
2.39136
2.39136
2.39136
2.39136
2.39136
2.39136
2.39136
2.39136
2.39136
2.39136
2.39136
2.39136
2.39136
2.39136
2.39136
2.39135
2.39135
2.39135
2.39135
2.39135
2.39135
2.39135
2.39135
2.39135
2.39135
2.39136
2.39136
2.39137
2.39139
2.3914
2.39143
2.39147
2.39154
2.39163
2.45084
2.45075
2.45068
2.45064
2.45061
2.4506
2.45058
2.45057
2.45057
2.45056
2.45056
2.45056
2.45056
2.45056
2.45056
2.45056
2.45056
2.45056
2.45057
2.45057
2.45057
2.45057
2.45057
2.45057
2.45057
2.45057
2.45057
2.45058
2.45058
2.45058
2.45058
2.45058
2.45058
2.45057
2.45057
2.45057
2.45057
2.45057
2.45057
2.45057
2.45057
2.45057
2.45056
2.45056
2.45056
2.45056
2.45056
2.45056
2.45056
2.45056
2.45056
2.45057
2.45057
2.45058
2.4506
2.45061
2.45064
2.45068
2.45075
2.45084
2.51115
2.51106
2.511
2.51095
2.51093
2.51091
2.51089
2.51089
2.51088
2.51088
2.51087
2.51087
2.51087
2.51087
2.51087
2.51088
2.51088
2.51088
2.51088
2.51088
2.51088
2.51088
2.51089
2.51089
2.51089
2.51089
2.51089
2.51089
2.51089
2.51089
2.51089
2.51089
2.51089
2.51089
2.51089
2.51089
2.51089
2.51089
2.51088
2.51088
2.51088
2.51088
2.51088
2.51088
2.51088
2.51087
2.51087
2.51087
2.51087
2.51087
2.51088
2.51088
2.51089
2.51089
2.51091
2.51093
2.51095
2.511
2.51106
2.51115
2.57264
2.57256
2.5725
2.57245
2.57243
2.57241
2.57239
2.57238
2.57238
2.57237
2.57237
2.57237
2.57237
2.57237
2.57237
2.57237
2.57238
2.57238
2.57238
2.57238
2.57238
2.57238
2.57239
2.57239
2.57239
2.57239
2.57239
2.57239
2.57239
2.57239
2.57239
2.57239
2.57239
2.57239
2.57239
2.57239
2.57239
2.57239
2.57238
2.57238
2.57238
2.57238
2.57238
2.57238
2.57237
2.57237
2.57237
2.57237
2.57237
2.57237
2.57237
2.57238
2.57238
2.57239
2.57241
2.57243
2.57245
2.5725
2.57256
2.57264
2.63541
2.63533
2.63526
2.63522
2.63519
2.63517
2.63516
2.63515
2.63515
2.63514
2.63514
2.63514
2.63514
2.63514
2.63514
2.63514
2.63515
2.63515
2.63515
2.63515
2.63515
2.63515
2.63516
2.63516
2.63516
2.63516
2.63516
2.63516
2.63516
2.63516
2.63516
2.63516
2.63516
2.63516
2.63516
2.63516
2.63516
2.63516
2.63515
2.63515
2.63515
2.63515
2.63515
2.63515
2.63514
2.63514
2.63514
2.63514
2.63514
2.63514
2.63514
2.63515
2.63515
2.63516
2.63517
2.63519
2.63522
2.63526
2.63533
2.63541
2.69953
2.69944
2.69938
2.69934
2.69931
2.69929
2.69928
2.69927
2.69927
2.69926
2.69926
2.69926
2.69926
2.69926
2.69926
2.69926
2.69927
2.69927
2.69927
2.69927
2.69927
2.69928
2.69928
2.69928
2.69928
2.69928
2.69928
2.69928
2.69928
2.69928
2.69928
2.69928
2.69928
2.69928
2.69928
2.69928
2.69928
2.69928
2.69928
2.69927
2.69927
2.69927
2.69927
2.69927
2.69926
2.69926
2.69926
2.69926
2.69926
2.69926
2.69926
2.69927
2.69927
2.69928
2.69929
2.69931
2.69934
2.69938
2.69944
2.69953
2.76507
2.765
2.76494
2.76489
2.76487
2.76485
2.76483
2.76482
2.76482
2.76482
2.76481
2.76481
2.76481
2.76482
2.76482
2.76482
2.76482
2.76482
2.76482
2.76483
2.76483
2.76483
2.76483
2.76483
2.76484
2.76484
2.76484
2.76484
2.76484
2.76484
2.76484
2.76484
2.76484
2.76484
2.76484
2.76484
2.76483
2.76483
2.76483
2.76483
2.76483
2.76482
2.76482
2.76482
2.76482
2.76482
2.76482
2.76481
2.76481
2.76481
2.76482
2.76482
2.76482
2.76483
2.76485
2.76487
2.76489
2.76494
2.765
2.76507
2.83214
2.83206
2.832
2.83196
2.83193
2.83191
2.8319
2.83189
2.83189
2.83188
2.83188
2.83188
2.83188
2.83188
2.83188
2.83189
2.83189
2.83189
2.83189
2.8319
2.8319
2.8319
2.8319
2.8319
2.8319
2.83191
2.83191
2.83191
2.83191
2.83191
2.83191
2.83191
2.83191
2.83191
2.83191
2.8319
2.8319
2.8319
2.8319
2.8319
2.8319
2.83189
2.83189
2.83189
2.83189
2.83188
2.83188
2.83188
2.83188
2.83188
2.83188
2.83189
2.83189
2.8319
2.83191
2.83193
2.83196
2.832
2.83206
2.83214
2.90079
2.90072
2.90066
2.90062
2.90059
2.90058
2.90056
2.90055
2.90055
2.90055
2.90054
2.90054
2.90054
2.90055
2.90055
2.90055
2.90055
2.90056
2.90056
2.90056
2.90056
2.90056
2.90057
2.90057
2.90057
2.90057
2.90057
2.90057
2.90057
2.90057
2.90057
2.90057
2.90057
2.90057
2.90057
2.90057
2.90057
2.90057
2.90056
2.90056
2.90056
2.90056
2.90056
2.90055
2.90055
2.90055
2.90055
2.90054
2.90054
2.90054
2.90055
2.90055
2.90055
2.90056
2.90058
2.90059
2.90062
2.90066
2.90072
2.90079
2.97113
2.97106
2.971
2.97096
2.97093
2.97091
2.9709
2.97089
2.97089
2.97088
2.97088
2.97088
2.97088
2.97089
2.97089
2.97089
2.97089
2.9709
2.9709
2.9709
2.9709
2.97091
2.97091
2.97091
2.97091
2.97091
2.97091
2.97091
2.97091
2.97091
2.97091
2.97091
2.97091
2.97091
2.97091
2.97091
2.97091
2.97091
2.97091
2.9709
2.9709
2.9709
2.9709
2.97089
2.97089
2.97089
2.97089
2.97088
2.97088
2.97088
2.97088
2.97089
2.97089
2.9709
2.97091
2.97093
2.97096
2.971
2.97106
2.97113
3.04322
3.04315
3.0431
3.04306
3.04303
3.04301
3.043
3.04299
3.04298
3.04298
3.04298
3.04298
3.04298
3.04298
3.04299
3.04299
3.04299
3.04299
3.043
3.043
3.043
3.043
3.04301
3.04301
3.04301
3.04301
3.04301
3.04301
3.04301
3.04301
3.04301
3.04301
3.04301
3.04301
3.04301
3.04301
3.04301
3.04301
3.043
3.043
3.043
3.043
3.04299
3.04299
3.04299
3.04299
3.04298
3.04298
3.04298
3.04298
3.04298
3.04298
3.04299
3.043
3.04301
3.04303
3.04306
3.0431
3.04315
3.04322
3.11715
3.11709
3.11703
3.11699
3.11697
3.11695
3.11693
3.11693
3.11692
3.11692
3.11692
3.11692
3.11692
3.11692
3.11692
3.11693
3.11693
3.11693
3.11693
3.11694
3.11694
3.11694
3.11695
3.11695
3.11695
3.11695
3.11695
3.11695
3.11695
3.11695
3.11695
3.11695
3.11695
3.11695
3.11695
3.11695
3.11695
3.11695
3.11694
3.11694
3.11694
3.11693
3.11693
3.11693
3.11693
3.11692
3.11692
3.11692
3.11692
3.11692
3.11692
3.11692
3.11693
3.11693
3.11695
3.11697
3.11699
3.11703
3.11709
3.11715
3.193
3.19294
3.19289
3.19285
3.19282
3.1928
3.19279
3.19278
3.19278
3.19278
3.19277
3.19278
3.19278
3.19278
3.19278
3.19278
3.19279
3.19279
3.19279
3.1928
3.1928
3.1928
3.19281
3.19281
3.19281
3.19281
3.19281
3.19281
3.19281
3.19281
3.19281
3.19281
3.19281
3.19281
3.19281
3.19281
3.19281
3.19281
3.1928
3.1928
3.1928
3.19279
3.19279
3.19279
3.19278
3.19278
3.19278
3.19278
3.19278
3.19277
3.19278
3.19278
3.19278
3.19279
3.1928
3.19282
3.19285
3.19289
3.19294
3.193
3.27086
3.2708
3.27075
3.27071
3.27068
3.27067
3.27065
3.27065
3.27064
3.27064
3.27064
3.27064
3.27064
3.27064
3.27065
3.27065
3.27065
3.27066
3.27066
3.27066
3.27067
3.27067
3.27067
3.27067
3.27067
3.27068
3.27068
3.27068
3.27068
3.27068
3.27068
3.27068
3.27068
3.27068
3.27068
3.27067
3.27067
3.27067
3.27067
3.27067
3.27066
3.27066
3.27066
3.27065
3.27065
3.27065
3.27064
3.27064
3.27064
3.27064
3.27064
3.27064
3.27065
3.27065
3.27067
3.27068
3.27071
3.27075
3.2708
3.27086
3.3508
3.35075
3.3507
3.35066
3.35063
3.35062
3.3506
3.3506
3.35059
3.35059
3.35059
3.35059
3.35059
3.35059
3.3506
3.3506
3.3506
3.35061
3.35061
3.35062
3.35062
3.35062
3.35062
3.35063
3.35063
3.35063
3.35063
3.35063
3.35063
3.35063
3.35063
3.35063
3.35063
3.35063
3.35063
3.35063
3.35063
3.35062
3.35062
3.35062
3.35062
3.35061
3.35061
3.3506
3.3506
3.3506
3.35059
3.35059
3.35059
3.35059
3.35059
3.35059
3.3506
3.3506
3.35062
3.35063
3.35066
3.3507
3.35075
3.3508
3.43292
3.43287
3.43282
3.43278
3.43276
3.43274
3.43273
3.43272
3.43271
3.43271
3.43271
3.43271
3.43272
3.43272
3.43272
3.43273
3.43273
3.43273
3.43274
3.43274
3.43274
3.43275
3.43275
3.43275
3.43275
3.43276
3.43276
3.43276
3.43276
3.43276
3.43276
3.43276
3.43276
3.43276
3.43276
3.43275
3.43275
3.43275
3.43275
3.43274
3.43274
3.43274
3.43273
3.43273
3.43273
3.43272
3.43272
3.43272
3.43271
3.43271
3.43271
3.43271
3.43272
3.43273
3.43274
3.43276
3.43278
3.43282
3.43287
3.43292
3.5173
3.51725
3.5172
3.51716
3.51714
3.51712
3.51711
3.5171
3.5171
3.51709
3.51709
3.5171
3.5171
3.5171
3.5171
3.51711
3.51711
3.51712
3.51712
3.51712
3.51713
3.51713
3.51713
3.51714
3.51714
3.51714
3.51714
3.51714
3.51715
3.51715
3.51715
3.51715
3.51714
3.51714
3.51714
3.51714
3.51714
3.51713
3.51713
3.51713
3.51712
3.51712
3.51712
3.51711
3.51711
3.5171
3.5171
3.5171
3.5171
3.51709
3.51709
3.5171
3.5171
3.51711
3.51712
3.51714
3.51716
3.5172
3.51725
3.5173
3.60402
3.60397
3.60392
3.60389
3.60386
3.60384
3.60383
3.60383
3.60382
3.60382
3.60382
3.60382
3.60383
3.60383
3.60383
3.60384
3.60384
3.60385
3.60385
3.60385
3.60386
3.60386
3.60386
3.60387
3.60387
3.60387
3.60387
3.60387
3.60387
3.60388
3.60388
3.60387
3.60387
3.60387
3.60387
3.60387
3.60387
3.60386
3.60386
3.60386
3.60385
3.60385
3.60385
3.60384
3.60384
3.60383
3.60383
3.60383
3.60382
3.60382
3.60382
3.60382
3.60383
3.60383
3.60384
3.60386
3.60389
3.60392
3.60397
3.60402
3.69317
3.69312
3.69308
3.69304
3.69302
3.693
3.69299
3.69298
3.69298
3.69298
3.69298
3.69298
3.69298
3.69299
3.69299
3.693
3.693
3.69301
3.69301
3.69301
3.69302
3.69302
3.69303
3.69303
3.69303
3.69303
3.69304
3.69304
3.69304
3.69304
3.69304
3.69304
3.69304
3.69304
3.69303
3.69303
3.69303
3.69303
3.69302
3.69302
3.69301
3.69301
3.69301
3.693
3.693
3.69299
3.69299
3.69298
3.69298
3.69298
3.69298
3.69298
3.69298
3.69299
3.693
3.69302
3.69304
3.69308
3.69312
3.69317
3.78484
3.7848
3.78476
3.78472
3.7847
3.78468
3.78467
3.78466
3.78466
3.78466
3.78466
3.78466
3.78467
3.78467
3.78467
3.78468
3.78468
3.78469
3.78469
3.7847
3.7847
3.78471
3.78471
3.78471
3.78472
3.78472
3.78472
3.78472
3.78472
3.78472
3.78472
3.78472
3.78472
3.78472
3.78472
3.78472
3.78471
3.78471
3.78471
3.7847
3.7847
3.78469
3.78469
3.78468
3.78468
3.78467
3.78467
3.78467
3.78466
3.78466
3.78466
3.78466
3.78466
3.78467
3.78468
3.7847
3.78472
3.78476
3.7848
3.78484
3.87913
3.87909
3.87905
3.87901
3.87899
3.87897
3.87896
3.87896
3.87895
3.87895
3.87895
3.87896
3.87896
3.87896
3.87897
3.87897
3.87898
3.87898
3.87899
3.87899
3.879
3.879
3.87901
3.87901
3.87901
3.87901
3.87902
3.87902
3.87902
3.87902
3.87902
3.87902
3.87902
3.87902
3.87901
3.87901
3.87901
3.87901
3.879
3.879
3.87899
3.87899
3.87898
3.87898
3.87897
3.87897
3.87896
3.87896
3.87896
3.87895
3.87895
3.87895
3.87896
3.87896
3.87897
3.87899
3.87901
3.87905
3.87909
3.87913
3.97612
3.97608
3.97604
3.97601
3.97599
3.97597
3.97596
3.97595
3.97595
3.97595
3.97595
3.97595
3.97596
3.97596
3.97597
3.97597
3.97598
3.97598
3.97599
3.97599
3.976
3.976
3.97601
3.97601
3.97601
3.97602
3.97602
3.97602
3.97602
3.97602
3.97602
3.97602
3.97602
3.97602
3.97602
3.97601
3.97601
3.97601
3.976
3.976
3.97599
3.97599
3.97598
3.97598
3.97597
3.97597
3.97596
3.97596
3.97595
3.97595
3.97595
3.97595
3.97595
3.97596
3.97597
3.97599
3.97601
3.97604
3.97608
3.97612
4.0759
4.07587
4.07583
4.0758
4.07578
4.07576
4.07575
4.07575
4.07575
4.07575
4.07575
4.07575
4.07575
4.07576
4.07577
4.07577
4.07578
4.07578
4.07579
4.07579
4.0758
4.0758
4.07581
4.07581
4.07581
4.07582
4.07582
4.07582
4.07582
4.07582
4.07582
4.07582
4.07582
4.07582
4.07582
4.07581
4.07581
4.07581
4.0758
4.0758
4.07579
4.07579
4.07578
4.07578
4.07577
4.07577
4.07576
4.07575
4.07575
4.07575
4.07575
4.07575
4.07575
4.07575
4.07576
4.07578
4.0758
4.07583
4.07587
4.0759
4.17859
4.17855
4.17852
4.17849
4.17847
4.17845
4.17844
4.17844
4.17843
4.17843
4.17844
4.17844
4.17845
4.17845
4.17846
4.17846
4.17847
4.17847
4.17848
4.17848
4.17849
4.17849
4.1785
4.1785
4.17851
4.17851
4.17851
4.17851
4.17851
4.17851
4.17851
4.17851
4.17851
4.17851
4.17851
4.17851
4.1785
4.1785
4.17849
4.17849
4.17848
4.17848
4.17847
4.17847
4.17846
4.17846
4.17845
4.17845
4.17844
4.17844
4.17843
4.17843
4.17844
4.17844
4.17845
4.17847
4.17849
4.17852
4.17855
4.17859
4.28426
4.28423
4.28419
4.28417
4.28415
4.28413
4.28412
4.28412
4.28411
4.28412
4.28412
4.28412
4.28413
4.28413
4.28414
4.28414
4.28415
4.28416
4.28416
4.28417
4.28417
4.28418
4.28418
4.28419
4.28419
4.28419
4.2842
4.2842
4.2842
4.2842
4.2842
4.2842
4.2842
4.2842
4.28419
4.28419
4.28419
4.28418
4.28418
4.28417
4.28417
4.28416
4.28416
4.28415
4.28414
4.28414
4.28413
4.28413
4.28412
4.28412
4.28412
4.28411
4.28412
4.28412
4.28413
4.28415
4.28417
4.28419
4.28423
4.28426
4.39302
4.39299
4.39296
4.39293
4.39291
4.3929
4.39289
4.39289
4.39289
4.39289
4.39289
4.39289
4.3929
4.3929
4.39291
4.39292
4.39292
4.39293
4.39294
4.39294
4.39295
4.39295
4.39296
4.39296
4.39297
4.39297
4.39297
4.39297
4.39297
4.39298
4.39298
4.39297
4.39297
4.39297
4.39297
4.39297
4.39296
4.39296
4.39295
4.39295
4.39294
4.39294
4.39293
4.39292
4.39292
4.39291
4.3929
4.3929
4.39289
4.39289
4.39289
4.39289
4.39289
4.39289
4.3929
4.39291
4.39293
4.39296
4.39299
4.39302
4.50498
4.50495
4.50492
4.50489
4.50488
4.50486
4.50485
4.50485
4.50485
4.50485
4.50485
4.50486
4.50486
4.50487
4.50488
4.50488
4.50489
4.5049
4.5049
4.50491
4.50492
4.50492
4.50493
4.50493
4.50493
4.50494
4.50494
4.50494
4.50494
4.50494
4.50494
4.50494
4.50494
4.50494
4.50494
4.50493
4.50493
4.50493
4.50492
4.50492
4.50491
4.5049
4.5049
4.50489
4.50488
4.50488
4.50487
4.50486
4.50486
4.50485
4.50485
4.50485
4.50485
4.50485
4.50486
4.50488
4.50489
4.50492
4.50495
4.50498
4.62023
4.6202
4.62017
4.62015
4.62013
4.62012
4.62011
4.62011
4.62011
4.62011
4.62011
4.62012
4.62012
4.62013
4.62014
4.62015
4.62015
4.62016
4.62017
4.62017
4.62018
4.62019
4.62019
4.62019
4.6202
4.6202
4.6202
4.62021
4.62021
4.62021
4.62021
4.62021
4.62021
4.6202
4.6202
4.6202
4.62019
4.62019
4.62019
4.62018
4.62017
4.62017
4.62016
4.62015
4.62015
4.62014
4.62013
4.62012
4.62012
4.62011
4.62011
4.62011
4.62011
4.62011
4.62012
4.62013
4.62015
4.62017
4.6202
4.62023
4.73888
4.73886
4.73883
4.73881
4.73879
4.73878
4.73877
4.73877
4.73877
4.73877
4.73878
4.73878
4.73879
4.73879
4.7388
4.73881
4.73882
4.73883
4.73883
4.73884
4.73885
4.73885
4.73886
4.73886
4.73887
4.73887
4.73887
4.73887
4.73887
4.73888
4.73888
4.73887
4.73887
4.73887
4.73887
4.73887
4.73886
4.73886
4.73885
4.73885
4.73884
4.73883
4.73883
4.73882
4.73881
4.7388
4.73879
4.73879
4.73878
4.73878
4.73877
4.73877
4.73877
4.73877
4.73878
4.73879
4.73881
4.73883
4.73886
4.73888
4.86104
4.86102
4.861
4.86098
4.86096
4.86095
4.86094
4.86094
4.86094
4.86094
4.86095
4.86095
4.86096
4.86097
4.86098
4.86099
4.86099
4.861
4.86101
4.86102
4.86102
4.86103
4.86103
4.86104
4.86104
4.86105
4.86105
4.86105
4.86105
4.86105
4.86105
4.86105
4.86105
4.86105
4.86105
4.86104
4.86104
4.86103
4.86103
4.86102
4.86102
4.86101
4.861
4.86099
4.86099
4.86098
4.86097
4.86096
4.86095
4.86095
4.86094
4.86094
4.86094
4.86094
4.86095
4.86096
4.86098
4.861
4.86102
4.86104
4.98683
4.98681
4.98679
4.98677
4.98675
4.98674
4.98674
4.98674
4.98674
4.98674
4.98674
4.98675
4.98676
4.98677
4.98678
4.98678
4.98679
4.9868
4.98681
4.98682
4.98682
4.98683
4.98683
4.98684
4.98684
4.98685
4.98685
4.98685
4.98685
4.98686
4.98686
4.98685
4.98685
4.98685
4.98685
4.98684
4.98684
4.98683
4.98683
4.98682
4.98682
4.98681
4.9868
4.98679
4.98678
4.98678
4.98677
4.98676
4.98675
4.98674
4.98674
4.98674
4.98674
4.98674
4.98674
4.98675
4.98677
4.98679
4.98681
4.98683
5.11635
5.11634
5.11632
5.1163
5.11628
5.11627
5.11627
5.11627
5.11627
5.11627
5.11628
5.11628
5.11629
5.1163
5.11631
5.11632
5.11633
5.11634
5.11634
5.11635
5.11636
5.11637
5.11637
5.11638
5.11638
5.11639
5.11639
5.11639
5.11639
5.11639
5.11639
5.11639
5.11639
5.11639
5.11639
5.11638
5.11638
5.11637
5.11637
5.11636
5.11635
5.11634
5.11634
5.11633
5.11632
5.11631
5.1163
5.11629
5.11628
5.11628
5.11627
5.11627
5.11627
5.11627
5.11627
5.11628
5.1163
5.11632
5.11634
5.11635
5.24973
5.24971
5.2497
5.24968
5.24966
5.24966
5.24965
5.24965
5.24965
5.24966
5.24966
5.24967
5.24968
5.24969
5.2497
5.24971
5.24972
5.24972
5.24973
5.24974
5.24975
5.24976
5.24976
5.24977
5.24977
5.24978
5.24978
5.24978
5.24978
5.24978
5.24978
5.24978
5.24978
5.24978
5.24978
5.24977
5.24977
5.24976
5.24976
5.24975
5.24974
5.24973
5.24972
5.24972
5.24971
5.2497
5.24969
5.24968
5.24967
5.24966
5.24966
5.24965
5.24965
5.24965
5.24966
5.24966
5.24968
5.2497
5.24971
5.24973
5.38708
5.38707
5.38705
5.38703
5.38702
5.38701
5.38701
5.38701
5.38701
5.38701
5.38702
5.38703
5.38704
5.38705
5.38706
5.38707
5.38708
5.38709
5.3871
5.3871
5.38711
5.38712
5.38713
5.38713
5.38714
5.38714
5.38714
5.38715
5.38715
5.38715
5.38715
5.38715
5.38715
5.38714
5.38714
5.38714
5.38713
5.38713
5.38712
5.38711
5.3871
5.3871
5.38709
5.38708
5.38707
5.38706
5.38705
5.38704
5.38703
5.38702
5.38701
5.38701
5.38701
5.38701
5.38701
5.38702
5.38703
5.38705
5.38707
5.38708
5.52852
5.52851
5.5285
5.52848
5.52847
5.52846
5.52846
5.52846
5.52846
5.52847
5.52848
5.52849
5.5285
5.52851
5.52852
5.52853
5.52854
5.52855
5.52856
5.52856
5.52857
5.52858
5.52859
5.52859
5.5286
5.5286
5.52861
5.52861
5.52861
5.52861
5.52861
5.52861
5.52861
5.52861
5.5286
5.5286
5.52859
5.52859
5.52858
5.52857
5.52856
5.52856
5.52855
5.52854
5.52853
5.52852
5.52851
5.5285
5.52849
5.52848
5.52847
5.52846
5.52846
5.52846
5.52846
5.52847
5.52848
5.5285
5.52851
5.52852
5.67419
5.67418
5.67417
5.67415
5.67414
5.67414
5.67414
5.67414
5.67414
5.67415
5.67416
5.67416
5.67417
5.67419
5.6742
5.67421
5.67422
5.67423
5.67424
5.67425
5.67426
5.67426
5.67427
5.67428
5.67428
5.67429
5.67429
5.67429
5.67429
5.6743
5.6743
5.67429
5.67429
5.67429
5.67429
5.67428
5.67428
5.67427
5.67426
5.67426
5.67425
5.67424
5.67423
5.67422
5.67421
5.6742
5.67419
5.67417
5.67416
5.67416
5.67415
5.67414
5.67414
5.67414
5.67414
5.67414
5.67415
5.67417
5.67418
5.67419
5.82421
5.8242
5.82419
5.82418
5.82417
5.82417
5.82416
5.82417
5.82417
5.82418
5.82419
5.8242
5.82421
5.82422
5.82423
5.82424
5.82425
5.82426
5.82427
5.82428
5.82429
5.8243
5.82431
5.82431
5.82432
5.82432
5.82433
5.82433
5.82433
5.82433
5.82433
5.82433
5.82433
5.82433
5.82432
5.82432
5.82431
5.82431
5.8243
5.82429
5.82428
5.82427
5.82426
5.82425
5.82424
5.82423
5.82422
5.82421
5.8242
5.82419
5.82418
5.82417
5.82417
5.82416
5.82417
5.82417
5.82418
5.82419
5.8242
5.82421
5.97872
5.97871
5.9787
5.97869
5.97868
5.97868
5.97868
5.97868
5.97869
5.97869
5.9787
5.97871
5.97872
5.97874
5.97875
5.97876
5.97877
5.97878
5.97879
5.9788
5.97881
5.97882
5.97883
5.97884
5.97884
5.97885
5.97885
5.97885
5.97886
5.97886
5.97886
5.97886
5.97885
5.97885
5.97885
5.97884
5.97884
5.97883
5.97882
5.97881
5.9788
5.97879
5.97878
5.97877
5.97876
5.97875
5.97874
5.97872
5.97871
5.9787
5.97869
5.97869
5.97868
5.97868
5.97868
5.97868
5.97869
5.9787
5.97871
5.97872
6.13785
6.13784
6.13783
6.13782
6.13782
6.13781
6.13781
6.13782
6.13782
6.13783
6.13784
6.13785
6.13787
6.13788
6.13789
6.1379
6.13792
6.13793
6.13794
6.13795
6.13796
6.13797
6.13798
6.13798
6.13799
6.13799
6.138
6.138
6.138
6.138
6.138
6.138
6.138
6.138
6.13799
6.13799
6.13798
6.13798
6.13797
6.13796
6.13795
6.13794
6.13793
6.13792
6.1379
6.13789
6.13788
6.13787
6.13785
6.13784
6.13783
6.13782
6.13782
6.13781
6.13781
6.13782
6.13782
6.13783
6.13784
6.13785
6.30174
6.30174
6.30173
6.30172
6.30171
6.30171
6.30171
6.30172
6.30173
6.30173
6.30175
6.30176
6.30177
6.30178
6.3018
6.30181
6.30182
6.30184
6.30185
6.30186
6.30187
6.30188
6.30189
6.30189
6.3019
6.3019
6.30191
6.30191
6.30191
6.30192
6.30192
6.30191
6.30191
6.30191
6.3019
6.3019
6.30189
6.30189
6.30188
6.30187
6.30186
6.30185
6.30184
6.30182
6.30181
6.3018
6.30178
6.30177
6.30176
6.30175
6.30173
6.30173
6.30172
6.30171
6.30171
6.30171
6.30172
6.30173
6.30174
6.30174
6.47054
6.47054
6.47053
6.47052
6.47052
6.47052
6.47052
6.47053
6.47054
6.47055
6.47056
6.47057
6.47058
6.4706
6.47061
6.47063
6.47064
6.47065
6.47067
6.47068
6.47069
6.4707
6.47071
6.47071
6.47072
6.47072
6.47073
6.47073
6.47073
6.47074
6.47074
6.47073
6.47073
6.47073
6.47072
6.47072
6.47071
6.47071
6.4707
6.47069
6.47068
6.47067
6.47065
6.47064
6.47063
6.47061
6.4706
6.47058
6.47057
6.47056
6.47055
6.47054
6.47053
6.47052
6.47052
6.47052
6.47052
6.47053
6.47054
6.47054
6.6444
6.6444
6.64439
6.64439
6.64438
6.64438
6.64439
6.64439
6.6444
6.64441
6.64443
6.64444
6.64446
6.64447
6.64448
6.6445
6.64451
6.64453
6.64454
6.64455
6.64456
6.64457
6.64458
6.64459
6.6446
6.6446
6.64461
6.64461
6.64461
6.64461
6.64461
6.64461
6.64461
6.64461
6.6446
6.6446
6.64459
6.64458
6.64457
6.64456
6.64455
6.64454
6.64453
6.64451
6.6445
6.64448
6.64447
6.64446
6.64444
6.64443
6.64441
6.6444
6.64439
6.64439
6.64438
6.64438
6.64439
6.64439
6.6444
6.6444
6.82347
6.82347
6.82346
6.82346
6.82346
6.82346
6.82346
6.82347
6.82348
6.82349
6.82351
6.82352
6.82354
6.82355
6.82357
6.82358
6.8236
6.82361
6.82363
6.82364
6.82365
6.82366
6.82367
6.82368
6.82368
6.82369
6.8237
6.8237
6.8237
6.8237
6.8237
6.8237
6.8237
6.8237
6.82369
6.82368
6.82368
6.82367
6.82366
6.82365
6.82364
6.82363
6.82361
6.8236
6.82358
6.82357
6.82355
6.82354
6.82352
6.82351
6.82349
6.82348
6.82347
6.82346
6.82346
6.82346
6.82346
6.82346
6.82347
6.82347
7.00791
7.00791
7.0079
7.0079
7.0079
7.0079
7.00791
7.00792
7.00793
7.00794
7.00796
7.00797
7.00799
7.008
7.00802
7.00804
7.00805
7.00807
7.00808
7.00809
7.00811
7.00812
7.00813
7.00813
7.00814
7.00815
7.00815
7.00816
7.00816
7.00816
7.00816
7.00816
7.00816
7.00815
7.00815
7.00814
7.00813
7.00813
7.00812
7.00811
7.00809
7.00808
7.00807
7.00805
7.00804
7.00802
7.008
7.00799
7.00797
7.00796
7.00794
7.00793
7.00792
7.00791
7.0079
7.0079
7.0079
7.0079
7.00791
7.00791
7.19788
7.19787
7.19787
7.19787
7.19787
7.19788
7.19788
7.19789
7.1979
7.19792
7.19793
7.19795
7.19797
7.19799
7.198
7.19802
7.19804
7.19805
7.19807
7.19808
7.19809
7.1981
7.19811
7.19812
7.19813
7.19814
7.19814
7.19814
7.19815
7.19815
7.19815
7.19815
7.19814
7.19814
7.19814
7.19813
7.19812
7.19811
7.1981
7.19809
7.19808
7.19807
7.19805
7.19804
7.19802
7.198
7.19799
7.19797
7.19795
7.19793
7.19792
7.1979
7.19789
7.19788
7.19788
7.19787
7.19787
7.19787
7.19787
7.19788
7.39354
7.39354
7.39354
7.39354
7.39354
7.39355
7.39355
7.39357
7.39358
7.39359
7.39361
7.39363
7.39365
7.39366
7.39368
7.3937
7.39372
7.39373
7.39375
7.39376
7.39378
7.39379
7.3938
7.39381
7.39381
7.39382
7.39383
7.39383
7.39383
7.39383
7.39383
7.39383
7.39383
7.39383
7.39382
7.39381
7.39381
7.3938
7.39379
7.39378
7.39376
7.39375
7.39373
7.39372
7.3937
7.39368
7.39366
7.39365
7.39363
7.39361
7.39359
7.39358
7.39357
7.39355
7.39355
7.39354
7.39354
7.39354
7.39354
7.39354
7.59507
7.59507
7.59507
7.59507
7.59508
7.59508
7.59509
7.59511
7.59512
7.59514
7.59516
7.59517
7.59519
7.59521
7.59523
7.59525
7.59527
7.59529
7.5953
7.59532
7.59533
7.59534
7.59535
7.59536
7.59537
7.59538
7.59538
7.59539
7.59539
7.59539
7.59539
7.59539
7.59539
7.59538
7.59538
7.59537
7.59536
7.59535
7.59534
7.59533
7.59532
7.5953
7.59529
7.59527
7.59525
7.59523
7.59521
7.59519
7.59517
7.59516
7.59514
7.59512
7.59511
7.59509
7.59508
7.59508
7.59507
7.59507
7.59507
7.59507
7.80265
7.80265
7.80265
7.80266
7.80266
7.80267
7.80268
7.80269
7.80271
7.80273
7.80275
7.80277
7.80279
7.80281
7.80283
7.80285
7.80287
7.80288
7.8029
7.80292
7.80293
7.80294
7.80295
7.80296
7.80297
7.80298
7.80298
7.80299
7.80299
7.80299
7.80299
7.80299
7.80299
7.80298
7.80298
7.80297
7.80296
7.80295
7.80294
7.80293
7.80292
7.8029
7.80288
7.80287
7.80285
7.80283
7.80281
7.80279
7.80277
7.80275
7.80273
7.80271
7.80269
7.80268
7.80267
7.80266
7.80266
7.80265
7.80265
7.80265
8.01646
8.01646
8.01646
8.01646
8.01647
8.01648
8.01649
8.01651
8.01653
8.01655
8.01657
8.01659
8.01661
8.01663
8.01665
8.01667
8.01669
8.01671
8.01673
8.01674
8.01676
8.01677
8.01678
8.01679
8.0168
8.01681
8.01681
8.01682
8.01682
8.01682
8.01682
8.01682
8.01682
8.01681
8.01681
8.0168
8.01679
8.01678
8.01677
8.01676
8.01674
8.01673
8.01671
8.01669
8.01667
8.01665
8.01663
8.01661
8.01659
8.01657
8.01655
8.01653
8.01651
8.01649
8.01648
8.01647
8.01646
8.01646
8.01646
8.01646
8.23668
8.23668
8.23668
8.23669
8.2367
8.23671
8.23672
8.23674
8.23676
8.23678
8.2368
8.23682
8.23685
8.23687
8.23689
8.23691
8.23693
8.23695
8.23697
8.23699
8.237
8.23702
8.23703
8.23704
8.23705
8.23705
8.23706
8.23707
8.23707
8.23707
8.23707
8.23707
8.23707
8.23706
8.23705
8.23705
8.23704
8.23703
8.23702
8.237
8.23699
8.23697
8.23695
8.23693
8.23691
8.23689
8.23687
8.23685
8.23682
8.2368
8.23678
8.23676
8.23674
8.23672
8.23671
8.2367
8.23669
8.23668
8.23668
8.23668
8.46351
8.46351
8.46351
8.46352
8.46353
8.46354
8.46356
8.46358
8.4636
8.46362
8.46364
8.46367
8.46369
8.46372
8.46374
8.46376
8.46378
8.4638
8.46382
8.46384
8.46386
8.46387
8.46388
8.46389
8.4639
8.46391
8.46392
8.46392
8.46392
8.46393
8.46393
8.46392
8.46392
8.46392
8.46391
8.4639
8.46389
8.46388
8.46387
8.46386
8.46384
8.46382
8.4638
8.46378
8.46376
8.46374
8.46372
8.46369
8.46367
8.46364
8.46362
8.4636
8.46358
8.46356
8.46354
8.46353
8.46352
8.46351
8.46351
8.46351
8.69714
8.69715
8.69715
8.69716
8.69717
8.69719
8.6972
8.69722
8.69725
8.69727
8.69729
8.69732
8.69735
8.69737
8.69739
8.69742
8.69744
8.69746
8.69748
8.6975
8.69752
8.69753
8.69754
8.69755
8.69756
8.69757
8.69758
8.69758
8.69759
8.69759
8.69759
8.69759
8.69758
8.69758
8.69757
8.69756
8.69755
8.69754
8.69753
8.69752
8.6975
8.69748
8.69746
8.69744
8.69742
8.69739
8.69737
8.69735
8.69732
8.69729
8.69727
8.69725
8.69722
8.6972
8.69719
8.69717
8.69716
8.69715
8.69715
8.69714
8.93779
8.93779
8.9378
8.93781
8.93782
8.93784
8.93786
8.93788
8.9379
8.93793
8.93796
8.93798
8.93801
8.93804
8.93806
8.93809
8.93811
8.93813
8.93815
8.93817
8.93819
8.9382
8.93822
8.93823
8.93824
8.93825
8.93825
8.93826
8.93826
8.93826
8.93826
8.93826
8.93826
8.93825
8.93825
8.93824
8.93823
8.93822
8.9382
8.93819
8.93817
8.93815
8.93813
8.93811
8.93809
8.93806
8.93804
8.93801
8.93798
8.93796
8.93793
8.9379
8.93788
8.93786
8.93784
8.93782
8.93781
8.9378
8.93779
8.93779
9.18566
9.18566
9.18567
9.18568
9.1857
9.18571
9.18573
9.18576
9.18578
9.18581
9.18584
9.18587
9.1859
9.18593
9.18595
9.18598
9.186
9.18603
9.18605
9.18607
9.18608
9.1861
9.18611
9.18613
9.18614
9.18615
9.18615
9.18616
9.18616
9.18616
9.18616
9.18616
9.18616
9.18615
9.18615
9.18614
9.18613
9.18611
9.1861
9.18608
9.18607
9.18605
9.18603
9.186
9.18598
9.18595
9.18593
9.1859
9.18587
9.18584
9.18581
9.18578
9.18576
9.18573
9.18571
9.1857
9.18568
9.18567
9.18566
9.18566
9.44097
9.44097
9.44098
9.44099
9.44101
9.44103
9.44105
9.44108
9.4411
9.44113
9.44116
9.44119
9.44122
9.44125
9.44128
9.44131
9.44133
9.44136
9.44138
9.4414
9.44142
9.44144
9.44145
9.44146
9.44147
9.44148
9.44149
9.4415
9.4415
9.4415
9.4415
9.4415
9.4415
9.44149
9.44148
9.44147
9.44146
9.44145
9.44144
9.44142
9.4414
9.44138
9.44136
9.44133
9.44131
9.44128
9.44125
9.44122
9.44119
9.44116
9.44113
9.4411
9.44108
9.44105
9.44103
9.44101
9.44099
9.44098
9.44097
9.44097
9.70393
9.70394
9.70395
9.70396
9.70398
9.704
9.70403
9.70406
9.70409
9.70412
9.70415
9.70418
9.70421
9.70424
9.70427
9.7043
9.70433
9.70436
9.70438
9.7044
9.70442
9.70444
9.70445
9.70446
9.70448
9.70448
9.70449
9.7045
9.7045
9.7045
9.7045
9.7045
9.7045
9.70449
9.70448
9.70448
9.70446
9.70445
9.70444
9.70442
9.7044
9.70438
9.70436
9.70433
9.7043
9.70427
9.70424
9.70421
9.70418
9.70415
9.70412
9.70409
9.70406
9.70403
9.704
9.70398
9.70396
9.70395
9.70394
9.70393
9.97479
9.9748
9.97481
9.97483
9.97485
9.97487
9.9749
9.97493
9.97496
9.97499
9.97503
9.97506
9.9751
9.97513
9.97516
9.97519
9.97522
9.97524
9.97527
9.97529
9.97531
9.97533
9.97534
9.97536
9.97537
9.97538
9.97539
9.97539
9.9754
9.9754
9.9754
9.9754
9.97539
9.97539
9.97538
9.97537
9.97536
9.97534
9.97533
9.97531
9.97529
9.97527
9.97524
9.97522
9.97519
9.97516
9.97513
9.9751
9.97506
9.97503
9.97499
9.97496
9.97493
9.9749
9.97487
9.97485
9.97483
9.97481
9.9748
9.97479
10.2538
10.2538
10.2538
10.2538
10.2538
10.2539
10.2539
10.2539
10.254
10.254
10.254
10.2541
10.2541
10.2541
10.2542
10.2542
10.2542
10.2543
10.2543
10.2543
10.2543
10.2544
10.2544
10.2544
10.2544
10.2544
10.2544
10.2544
10.2544
10.2544
10.2544
10.2544
10.2544
10.2544
10.2544
10.2544
10.2544
10.2544
10.2544
10.2543
10.2543
10.2543
10.2543
10.2542
10.2542
10.2542
10.2541
10.2541
10.2541
10.254
10.254
10.254
10.2539
10.2539
10.2539
10.2538
10.2538
10.2538
10.2538
10.2538
10.5411
10.5412
10.5412
10.5412
10.5412
10.5412
10.5413
10.5413
10.5413
10.5414
10.5414
10.5415
10.5415
10.5415
10.5416
10.5416
10.5416
10.5417
10.5417
10.5417
10.5417
10.5418
10.5418
10.5418
10.5418
10.5418
10.5418
10.5418
10.5418
10.5418
10.5418
10.5418
10.5418
10.5418
10.5418
10.5418
10.5418
10.5418
10.5418
10.5417
10.5417
10.5417
10.5417
10.5416
10.5416
10.5416
10.5415
10.5415
10.5415
10.5414
10.5414
10.5413
10.5413
10.5413
10.5412
10.5412
10.5412
10.5412
10.5412
10.5411
10.8371
10.8371
10.8372
10.8372
10.8372
10.8372
10.8373
10.8373
10.8373
10.8374
10.8374
10.8375
10.8375
10.8375
10.8376
10.8376
10.8377
10.8377
10.8377
10.8377
10.8378
10.8378
10.8378
10.8378
10.8378
10.8378
10.8378
10.8378
10.8378
10.8379
10.8379
10.8378
10.8378
10.8378
10.8378
10.8378
10.8378
10.8378
10.8378
10.8378
10.8377
10.8377
10.8377
10.8377
10.8376
10.8376
10.8375
10.8375
10.8375
10.8374
10.8374
10.8373
10.8373
10.8373
10.8372
10.8372
10.8372
10.8372
10.8371
10.8371
11.142
11.142
11.142
11.142
11.1421
11.1421
11.1421
11.1422
11.1422
11.1423
11.1423
11.1424
11.1424
11.1424
11.1425
11.1425
11.1426
11.1426
11.1426
11.1426
11.1427
11.1427
11.1427
11.1427
11.1427
11.1427
11.1428
11.1428
11.1428
11.1428
11.1428
11.1428
11.1428
11.1428
11.1427
11.1427
11.1427
11.1427
11.1427
11.1427
11.1426
11.1426
11.1426
11.1426
11.1425
11.1425
11.1424
11.1424
11.1424
11.1423
11.1423
11.1422
11.1422
11.1421
11.1421
11.1421
11.142
11.142
11.142
11.142
11.456
11.456
11.456
11.4561
11.4561
11.4561
11.4562
11.4562
11.4563
11.4563
11.4564
11.4564
11.4565
11.4565
11.4565
11.4566
11.4566
11.4566
11.4567
11.4567
11.4567
11.4567
11.4568
11.4568
11.4568
11.4568
11.4568
11.4568
11.4568
11.4568
11.4568
11.4568
11.4568
11.4568
11.4568
11.4568
11.4568
11.4568
11.4567
11.4567
11.4567
11.4567
11.4566
11.4566
11.4566
11.4565
11.4565
11.4565
11.4564
11.4564
11.4563
11.4563
11.4562
11.4562
11.4561
11.4561
11.4561
11.456
11.456
11.456
11.7795
11.7795
11.7795
11.7795
11.7795
11.7796
11.7796
11.7797
11.7797
11.7798
11.7798
11.7799
11.7799
11.78
11.78
11.7801
11.7801
11.7801
11.7802
11.7802
11.7802
11.7802
11.7803
11.7803
11.7803
11.7803
11.7803
11.7803
11.7803
11.7803
11.7803
11.7803
11.7803
11.7803
11.7803
11.7803
11.7803
11.7803
11.7802
11.7802
11.7802
11.7802
11.7801
11.7801
11.7801
11.78
11.78
11.7799
11.7799
11.7798
11.7798
11.7797
11.7797
11.7796
11.7796
11.7795
11.7795
11.7795
11.7795
11.7795
12.1126
12.1126
12.1126
12.1127
12.1127
12.1127
12.1128
12.1128
12.1129
12.113
12.113
12.1131
12.1131
12.1132
12.1132
12.1132
12.1133
12.1133
12.1134
12.1134
12.1134
12.1134
12.1134
12.1135
12.1135
12.1135
12.1135
12.1135
12.1135
12.1135
12.1135
12.1135
12.1135
12.1135
12.1135
12.1135
12.1135
12.1134
12.1134
12.1134
12.1134
12.1134
12.1133
12.1133
12.1132
12.1132
12.1132
12.1131
12.1131
12.113
12.113
12.1129
12.1128
12.1128
12.1127
12.1127
12.1127
12.1126
12.1126
12.1126
12.4557
12.4557
12.4558
12.4558
12.4558
12.4559
12.456
12.456
12.4561
12.4561
12.4562
12.4562
12.4563
12.4563
12.4564
12.4564
12.4565
12.4565
12.4565
12.4566
12.4566
12.4566
12.4566
12.4567
12.4567
12.4567
12.4567
12.4567
12.4567
12.4567
12.4567
12.4567
12.4567
12.4567
12.4567
12.4567
12.4567
12.4566
12.4566
12.4566
12.4566
12.4565
12.4565
12.4565
12.4564
12.4564
12.4563
12.4563
12.4562
12.4562
12.4561
12.4561
12.456
12.456
12.4559
12.4558
12.4558
12.4558
12.4557
12.4557
12.8092
12.8092
12.8092
12.8093
12.8093
12.8094
12.8094
12.8095
12.8095
12.8096
12.8097
12.8097
12.8098
12.8098
12.8099
12.8099
12.81
12.81
12.81
12.8101
12.8101
12.8101
12.8101
12.8102
12.8102
12.8102
12.8102
12.8102
12.8102
12.8102
12.8102
12.8102
12.8102
12.8102
12.8102
12.8102
12.8102
12.8101
12.8101
12.8101
12.8101
12.81
12.81
12.81
12.8099
12.8099
12.8098
12.8098
12.8097
12.8097
12.8096
12.8095
12.8095
12.8094
12.8094
12.8093
12.8093
12.8092
12.8092
12.8092
13.1732
13.1732
13.1733
13.1733
13.1734
13.1734
13.1735
13.1735
13.1736
13.1737
13.1737
13.1738
13.1739
13.1739
13.174
13.174
13.1741
13.1741
13.1742
13.1742
13.1742
13.1742
13.1743
13.1743
13.1743
13.1743
13.1743
13.1743
13.1743
13.1743
13.1743
13.1743
13.1743
13.1743
13.1743
13.1743
13.1743
13.1743
13.1742
13.1742
13.1742
13.1742
13.1741
13.1741
13.174
13.174
13.1739
13.1739
13.1738
13.1737
13.1737
13.1736
13.1735
13.1735
13.1734
13.1734
13.1733
13.1733
13.1732
13.1732
13.5482
13.5482
13.5482
13.5483
13.5483
13.5484
13.5485
13.5485
13.5486
13.5487
13.5488
13.5488
13.5489
13.549
13.549
13.5491
13.5491
13.5492
13.5492
13.5492
13.5493
13.5493
13.5493
13.5493
13.5493
13.5493
13.5494
13.5494
13.5494
13.5494
13.5494
13.5494
13.5494
13.5494
13.5493
13.5493
13.5493
13.5493
13.5493
13.5493
13.5492
13.5492
13.5492
13.5491
13.5491
13.549
13.549
13.5489
13.5488
13.5488
13.5487
13.5486
13.5485
13.5485
13.5484
13.5483
13.5483
13.5482
13.5482
13.5482
13.9344
13.9344
13.9345
13.9345
13.9346
13.9346
13.9347
13.9348
13.9349
13.935
13.935
13.9351
13.9352
13.9352
13.9353
13.9354
13.9354
13.9354
13.9355
13.9355
13.9355
13.9356
13.9356
13.9356
13.9356
13.9356
13.9357
13.9357
13.9357
13.9357
13.9357
13.9357
13.9357
13.9357
13.9356
13.9356
13.9356
13.9356
13.9356
13.9355
13.9355
13.9355
13.9354
13.9354
13.9354
13.9353
13.9352
13.9352
13.9351
13.935
13.935
13.9349
13.9348
13.9347
13.9346
13.9346
13.9345
13.9345
13.9344
13.9344
14.3322
14.3322
14.3323
14.3323
14.3324
14.3325
14.3326
14.3326
14.3327
14.3328
14.3329
14.333
14.3331
14.3331
14.3332
14.3332
14.3333
14.3333
14.3334
14.3334
14.3334
14.3335
14.3335
14.3335
14.3335
14.3335
14.3335
14.3336
14.3336
14.3336
14.3336
14.3336
14.3336
14.3335
14.3335
14.3335
14.3335
14.3335
14.3335
14.3334
14.3334
14.3334
14.3333
14.3333
14.3332
14.3332
14.3331
14.3331
14.333
14.3329
14.3328
14.3327
14.3326
14.3326
14.3325
14.3324
14.3323
14.3323
14.3322
14.3322
14.7419
14.742
14.742
14.7421
14.7422
14.7422
14.7423
14.7424
14.7425
14.7426
14.7427
14.7428
14.7429
14.7429
14.743
14.7431
14.7431
14.7432
14.7432
14.7432
14.7433
14.7433
14.7433
14.7433
14.7434
14.7434
14.7434
14.7434
14.7434
14.7434
14.7434
14.7434
14.7434
14.7434
14.7434
14.7434
14.7433
14.7433
14.7433
14.7433
14.7432
14.7432
14.7432
14.7431
14.7431
14.743
14.7429
14.7429
14.7428
14.7427
14.7426
14.7425
14.7424
14.7423
14.7422
14.7422
14.7421
14.742
14.742
14.7419
15.164
15.164
15.164
15.1641
15.1642
15.1643
15.1644
15.1645
15.1646
15.1647
15.1648
15.1649
15.165
15.1651
15.1651
15.1652
15.1652
15.1653
15.1653
15.1654
15.1654
15.1654
15.1655
15.1655
15.1655
15.1655
15.1655
15.1655
15.1655
15.1655
15.1655
15.1655
15.1655
15.1655
15.1655
15.1655
15.1655
15.1655
15.1654
15.1654
15.1654
15.1653
15.1653
15.1652
15.1652
15.1651
15.1651
15.165
15.1649
15.1648
15.1647
15.1646
15.1645
15.1644
15.1643
15.1642
15.1641
15.164
15.164
15.164
15.5987
15.5987
15.5987
15.5988
15.5989
15.599
15.5992
15.5993
15.5994
15.5995
15.5996
15.5997
15.5998
15.5999
15.5999
15.6
15.6001
15.6001
15.6001
15.6002
15.6002
15.6002
15.6003
15.6003
15.6003
15.6003
15.6003
15.6003
15.6003
15.6003
15.6003
15.6003
15.6003
15.6003
15.6003
15.6003
15.6003
15.6003
15.6002
15.6002
15.6002
15.6001
15.6001
15.6001
15.6
15.5999
15.5999
15.5998
15.5997
15.5996
15.5995
15.5994
15.5993
15.5992
15.599
15.5989
15.5988
15.5987
15.5987
15.5987
16.0464
16.0464
16.0465
16.0466
16.0467
16.0468
16.047
16.0471
16.0472
16.0473
16.0474
16.0475
16.0476
16.0477
16.0478
16.0479
16.0479
16.048
16.048
16.048
16.0481
16.0481
16.0481
16.0481
16.0482
16.0482
16.0482
16.0482
16.0482
16.0482
16.0482
16.0482
16.0482
16.0482
16.0482
16.0482
16.0481
16.0481
16.0481
16.0481
16.048
16.048
16.048
16.0479
16.0479
16.0478
16.0477
16.0476
16.0475
16.0474
16.0473
16.0472
16.0471
16.047
16.0468
16.0467
16.0466
16.0465
16.0464
16.0464
16.5075
16.5076
16.5077
16.5078
16.5079
16.508
16.5082
16.5083
16.5085
16.5086
16.5087
16.5088
16.5089
16.509
16.5091
16.5092
16.5092
16.5093
16.5093
16.5093
16.5094
16.5094
16.5094
16.5095
16.5095
16.5095
16.5095
16.5095
16.5095
16.5095
16.5095
16.5095
16.5095
16.5095
16.5095
16.5095
16.5095
16.5094
16.5094
16.5094
16.5093
16.5093
16.5093
16.5092
16.5092
16.5091
16.509
16.5089
16.5088
16.5087
16.5086
16.5085
16.5083
16.5082
16.508
16.5079
16.5078
16.5077
16.5076
16.5075
16.9825
16.9826
16.9827
16.9828
16.9829
16.9831
16.9833
16.9834
16.9836
16.9837
16.9839
16.984
16.9841
16.9842
16.9842
16.9843
16.9844
16.9844
16.9845
16.9845
16.9845
16.9846
16.9846
16.9846
16.9846
16.9846
16.9846
16.9847
16.9847
16.9847
16.9847
16.9847
16.9847
16.9846
16.9846
16.9846
16.9846
16.9846
16.9846
16.9845
16.9845
16.9845
16.9844
16.9844
16.9843
16.9842
16.9842
16.9841
16.984
16.9839
16.9837
16.9836
16.9834
16.9833
16.9831
16.9829
16.9828
16.9827
16.9826
16.9825
17.4717
17.4718
17.4719
17.4721
17.4722
17.4724
17.4726
17.4728
17.473
17.4731
17.4732
17.4734
17.4735
17.4736
17.4736
17.4737
17.4738
17.4738
17.4739
17.4739
17.4739
17.474
17.474
17.474
17.474
17.4741
17.4741
17.4741
17.4741
17.4741
17.4741
17.4741
17.4741
17.4741
17.4741
17.474
17.474
17.474
17.474
17.4739
17.4739
17.4739
17.4738
17.4738
17.4737
17.4736
17.4736
17.4735
17.4734
17.4732
17.4731
17.473
17.4728
17.4726
17.4724
17.4722
17.4721
17.4719
17.4718
17.4717
17.9756
17.9757
17.9758
17.976
17.9762
17.9764
17.9767
17.9769
17.977
17.9772
17.9773
17.9775
17.9776
17.9777
17.9778
17.9778
17.9779
17.9779
17.978
17.978
17.9781
17.9781
17.9781
17.9781
17.9781
17.9782
17.9782
17.9782
17.9782
17.9782
17.9782
17.9782
17.9782
17.9782
17.9782
17.9781
17.9781
17.9781
17.9781
17.9781
17.978
17.978
17.9779
17.9779
17.9778
17.9778
17.9777
17.9776
17.9775
17.9773
17.9772
17.977
17.9769
17.9767
17.9764
17.9762
17.976
17.9758
17.9757
17.9756
18.4946
18.4947
18.4948
18.4951
18.4953
18.4956
18.4958
18.4961
18.4963
18.4964
18.4966
18.4967
18.4968
18.4969
18.497
18.4971
18.4971
18.4972
18.4972
18.4973
18.4973
18.4973
18.4974
18.4974
18.4974
18.4974
18.4974
18.4974
18.4974
18.4974
18.4974
18.4974
18.4974
18.4974
18.4974
18.4974
18.4974
18.4974
18.4973
18.4973
18.4973
18.4972
18.4972
18.4971
18.4971
18.497
18.4969
18.4968
18.4967
18.4966
18.4964
18.4963
18.4961
18.4958
18.4956
18.4953
18.4951
18.4948
18.4947
18.4946
19.0291
19.0292
19.0294
19.0297
19.03
19.0303
19.0306
19.0308
19.0311
19.0313
19.0314
19.0315
19.0317
19.0318
19.0318
19.0319
19.032
19.032
19.0321
19.0321
19.0321
19.0322
19.0322
19.0322
19.0322
19.0322
19.0322
19.0323
19.0323
19.0323
19.0323
19.0323
19.0323
19.0322
19.0322
19.0322
19.0322
19.0322
19.0322
19.0321
19.0321
19.0321
19.032
19.032
19.0319
19.0318
19.0318
19.0317
19.0315
19.0314
19.0313
19.0311
19.0308
19.0306
19.0303
19.03
19.0297
19.0294
19.0292
19.0291
19.5796
19.5797
19.58
19.5804
19.5808
19.5811
19.5814
19.5817
19.5819
19.5821
19.5823
19.5824
19.5826
19.5827
19.5827
19.5828
19.5829
19.5829
19.583
19.583
19.583
19.5831
19.5831
19.5831
19.5831
19.5831
19.5831
19.5831
19.5831
19.5831
19.5831
19.5831
19.5831
19.5831
19.5831
19.5831
19.5831
19.5831
19.5831
19.583
19.583
19.583
19.5829
19.5829
19.5828
19.5827
19.5827
19.5826
19.5824
19.5823
19.5821
19.5819
19.5817
19.5814
19.5811
19.5808
19.5804
19.58
19.5797
19.5796
20.1465
20.1467
20.1471
20.1476
20.1481
20.1485
20.1488
20.1491
20.1494
20.1496
20.1498
20.1499
20.15
20.1501
20.1502
20.1503
20.1503
20.1504
20.1504
20.1504
20.1505
20.1505
20.1505
20.1505
20.1505
20.1506
20.1506
20.1506
20.1506
20.1506
20.1506
20.1506
20.1506
20.1506
20.1506
20.1505
20.1505
20.1505
20.1505
20.1505
20.1504
20.1504
20.1504
20.1503
20.1503
20.1502
20.1501
20.15
20.1499
20.1498
20.1496
20.1494
20.1491
20.1488
20.1485
20.1481
20.1476
20.1471
20.1467
20.1465
20.7303
20.7306
20.7312
20.7318
20.7324
20.7329
20.7333
20.7336
20.7339
20.7341
20.7343
20.7344
20.7345
20.7346
20.7347
20.7347
20.7348
20.7348
20.7349
20.7349
20.7349
20.735
20.735
20.735
20.735
20.735
20.735
20.735
20.735
20.735
20.735
20.735
20.735
20.735
20.735
20.735
20.735
20.735
20.735
20.7349
20.7349
20.7349
20.7348
20.7348
20.7347
20.7347
20.7346
20.7345
20.7344
20.7343
20.7341
20.7339
20.7336
20.7333
20.7329
20.7324
20.7318
20.7312
20.7306
20.7303
21.3314
21.332
21.3328
21.3336
21.3343
21.3349
21.3353
21.3357
21.336
21.3362
21.3363
21.3365
21.3366
21.3367
21.3367
21.3368
21.3368
21.3369
21.3369
21.3369
21.337
21.337
21.337
21.337
21.337
21.337
21.337
21.337
21.3371
21.3371
21.3371
21.3371
21.337
21.337
21.337
21.337
21.337
21.337
21.337
21.337
21.3369
21.3369
21.3369
21.3368
21.3368
21.3367
21.3367
21.3366
21.3365
21.3363
21.3362
21.336
21.3357
21.3353
21.3349
21.3343
21.3336
21.3328
21.332
21.3314
21.9502
21.9513
21.9525
21.9536
21.9544
21.9551
21.9555
21.9559
21.9562
21.9564
21.9565
21.9566
21.9567
21.9568
21.9569
21.9569
21.957
21.957
21.957
21.9571
21.9571
21.9571
21.9571
21.9571
21.9571
21.9571
21.9571
21.9571
21.9571
21.9571
21.9571
21.9571
21.9571
21.9571
21.9571
21.9571
21.9571
21.9571
21.9571
21.9571
21.9571
21.957
21.957
21.957
21.9569
21.9569
21.9568
21.9567
21.9566
21.9565
21.9564
21.9562
21.9559
21.9555
21.9551
21.9544
21.9536
21.9525
21.9513
21.9502
22.5871
22.5891
22.591
22.5924
22.5934
22.594
22.5945
22.5948
22.5951
22.5953
22.5954
22.5955
22.5956
22.5956
22.5957
22.5957
22.5958
22.5958
22.5958
22.5958
22.5959
22.5959
22.5959
22.5959
22.5959
22.5959
22.5959
22.5959
22.5959
22.5959
22.5959
22.5959
22.5959
22.5959
22.5959
22.5959
22.5959
22.5959
22.5959
22.5959
22.5958
22.5958
22.5958
22.5958
22.5957
22.5957
22.5956
22.5956
22.5955
22.5954
22.5953
22.5951
22.5948
22.5945
22.594
22.5934
22.5924
22.591
22.5891
22.5871
23.2429
23.2466
23.2494
23.251
23.2521
23.2527
23.2531
23.2534
23.2536
23.2537
23.2539
23.2539
23.254
23.254
23.2541
23.2541
23.2541
23.2542
23.2542
23.2542
23.2542
23.2542
23.2542
23.2542
23.2542
23.2542
23.2543
23.2543
23.2543
23.2543
23.2543
23.2543
23.2543
23.2543
23.2542
23.2542
23.2542
23.2542
23.2542
23.2542
23.2542
23.2542
23.2542
23.2541
23.2541
23.2541
23.254
23.254
23.2539
23.2539
23.2537
23.2536
23.2534
23.2531
23.2527
23.2521
23.251
23.2494
23.2466
23.2429
23.9215
23.9269
23.9301
23.9318
23.9326
23.9331
23.9334
23.9336
23.9337
23.9338
23.9339
23.934
23.934
23.934
23.934
23.9341
23.9341
23.9341
23.9341
23.9341
23.9341
23.9341
23.9341
23.9341
23.9341
23.9341
23.9342
23.9342
23.9342
23.9342
23.9342
23.9342
23.9342
23.9342
23.9341
23.9341
23.9341
23.9341
23.9341
23.9341
23.9341
23.9341
23.9341
23.9341
23.9341
23.934
23.934
23.934
23.934
23.9339
23.9338
23.9337
23.9336
23.9334
23.9331
23.9326
23.9318
23.9301
23.9269
23.9215
24.6333
24.6365
24.6382
24.6389
24.6393
24.6395
24.6396
24.6397
24.6397
24.6398
24.6398
24.6398
24.6398
24.6398
24.6398
24.6398
24.6398
24.6398
24.6398
24.6399
24.6399
24.6399
24.6399
24.6399
24.6399
24.6399
24.6399
24.6399
24.6399
24.6399
24.6399
24.6399
24.6399
24.6399
24.6399
24.6399
24.6399
24.6399
24.6399
24.6399
24.6399
24.6398
24.6398
24.6398
24.6398
24.6398
24.6398
24.6398
24.6398
24.6398
24.6398
24.6397
24.6397
24.6396
24.6395
24.6393
24.6389
24.6382
24.6365
24.6333
)
;

boundaryField
{
    top
    {
        type            fixedValue;
        value           uniform 25;
    }
    bottom
    {
        type            fixedValue;
        value           uniform 0;
    }
    wall
    {
        type            zeroGradient;
    }
    frontAndBack
    {
        type            empty;
    }
}


// ************************************************************************* //
