/*--------------------------------*- C++ -*----------------------------------*\
| =========                 |                                                 |
| \\      /  F ield         | foam-extend: Open Source CFD                    |
|  \\    /   O peration     | Version:     4.0                                |
|   \\  /    A nd           | Web:         http://www.foam-extend.org         |
|    \\/     M anipulation  |                                                 |
\*---------------------------------------------------------------------------*/
FoamFile
{
    version     2.0;
    format      ascii;
    class       volScalarField;
    location    "1030";
    object      cMinus;
}
// * * * * * * * * * * * * * * * * * * * * * * * * * * * * * * * * * * * * * //

dimensions      [0 0 0 0 0 0 0];

internalField   nonuniform List<scalar> 
6960
(
9.91886e-14
9.91483e-14
9.90852e-14
9.90661e-14
9.90662e-14
9.90736e-14
9.90837e-14
9.90945e-14
9.91052e-14
9.91157e-14
9.91256e-14
9.91351e-14
9.9144e-14
9.91524e-14
9.91603e-14
9.91676e-14
9.91744e-14
9.91806e-14
9.91864e-14
9.91917e-14
9.91964e-14
9.92007e-14
9.92045e-14
9.92078e-14
9.92106e-14
9.92129e-14
9.92148e-14
9.92162e-14
9.92171e-14
9.92176e-14
9.92176e-14
9.92171e-14
9.92162e-14
9.92148e-14
9.92129e-14
9.92106e-14
9.92078e-14
9.92045e-14
9.92007e-14
9.91964e-14
9.91917e-14
9.91864e-14
9.91806e-14
9.91744e-14
9.91676e-14
9.91603e-14
9.91524e-14
9.9144e-14
9.91351e-14
9.91256e-14
9.91157e-14
9.91052e-14
9.90945e-14
9.90837e-14
9.90736e-14
9.90662e-14
9.90661e-14
9.90852e-14
9.91483e-14
9.91886e-14
7.04689e-13
7.04904e-13
7.04666e-13
7.0461e-13
7.04639e-13
7.04703e-13
7.04778e-13
7.04856e-13
7.04932e-13
7.05006e-13
7.05076e-13
7.05142e-13
7.05205e-13
7.05263e-13
7.05318e-13
7.0537e-13
7.05417e-13
7.05461e-13
7.05501e-13
7.05538e-13
7.05571e-13
7.05601e-13
7.05628e-13
7.05651e-13
7.0567e-13
7.05687e-13
7.057e-13
7.05709e-13
7.05716e-13
7.05719e-13
7.05719e-13
7.05716e-13
7.05709e-13
7.057e-13
7.05687e-13
7.0567e-13
7.05651e-13
7.05628e-13
7.05601e-13
7.05571e-13
7.05538e-13
7.05501e-13
7.05461e-13
7.05417e-13
7.0537e-13
7.05318e-13
7.05263e-13
7.05205e-13
7.05142e-13
7.05076e-13
7.05006e-13
7.04932e-13
7.04856e-13
7.04778e-13
7.04703e-13
7.04639e-13
7.0461e-13
7.04666e-13
7.04904e-13
7.04689e-13
4.68043e-12
4.68531e-12
4.6852e-12
4.68537e-12
4.68577e-12
4.68626e-12
4.68678e-12
4.6873e-12
4.68781e-12
4.68829e-12
4.68875e-12
4.68918e-12
4.68959e-12
4.68997e-12
4.69033e-12
4.69066e-12
4.69097e-12
4.69126e-12
4.69152e-12
4.69176e-12
4.69197e-12
4.69217e-12
4.69234e-12
4.69249e-12
4.69262e-12
4.69272e-12
4.69281e-12
4.69287e-12
4.69291e-12
4.69294e-12
4.69294e-12
4.69291e-12
4.69287e-12
4.69281e-12
4.69272e-12
4.69262e-12
4.69249e-12
4.69234e-12
4.69217e-12
4.69197e-12
4.69176e-12
4.69152e-12
4.69126e-12
4.69097e-12
4.69066e-12
4.69033e-12
4.68997e-12
4.68959e-12
4.68918e-12
4.68875e-12
4.68829e-12
4.68781e-12
4.6873e-12
4.68678e-12
4.68626e-12
4.68577e-12
4.68537e-12
4.6852e-12
4.68531e-12
4.68043e-12
3.09518e-11
3.10065e-11
3.10154e-11
3.10202e-11
3.10241e-11
3.10278e-11
3.10313e-11
3.10348e-11
3.10381e-11
3.10412e-11
3.10442e-11
3.1047e-11
3.10497e-11
3.10521e-11
3.10545e-11
3.10566e-11
3.10586e-11
3.10604e-11
3.10621e-11
3.10637e-11
3.10651e-11
3.10663e-11
3.10674e-11
3.10684e-11
3.10692e-11
3.10699e-11
3.10704e-11
3.10708e-11
3.10711e-11
3.10712e-11
3.10712e-11
3.10711e-11
3.10708e-11
3.10704e-11
3.10699e-11
3.10692e-11
3.10684e-11
3.10674e-11
3.10663e-11
3.10651e-11
3.10637e-11
3.10621e-11
3.10604e-11
3.10586e-11
3.10566e-11
3.10545e-11
3.10521e-11
3.10497e-11
3.1047e-11
3.10442e-11
3.10412e-11
3.10381e-11
3.10348e-11
3.10313e-11
3.10278e-11
3.10241e-11
3.10202e-11
3.10154e-11
3.10065e-11
3.09518e-11
2.04269e-10
2.04771e-10
2.04891e-10
2.04945e-10
2.04978e-10
2.05006e-10
2.0503e-10
2.05053e-10
2.05074e-10
2.05095e-10
2.05114e-10
2.05132e-10
2.05149e-10
2.05165e-10
2.0518e-10
2.05193e-10
2.05206e-10
2.05218e-10
2.05229e-10
2.05239e-10
2.05248e-10
2.05255e-10
2.05263e-10
2.05269e-10
2.05274e-10
2.05278e-10
2.05282e-10
2.05284e-10
2.05286e-10
2.05287e-10
2.05287e-10
2.05286e-10
2.05284e-10
2.05282e-10
2.05278e-10
2.05274e-10
2.05269e-10
2.05263e-10
2.05255e-10
2.05248e-10
2.05239e-10
2.05229e-10
2.05218e-10
2.05206e-10
2.05193e-10
2.0518e-10
2.05165e-10
2.05149e-10
2.05132e-10
2.05114e-10
2.05095e-10
2.05074e-10
2.05053e-10
2.0503e-10
2.05006e-10
2.04978e-10
2.04945e-10
2.04891e-10
2.04771e-10
2.04269e-10
1.33486e-09
1.33899e-09
1.34015e-09
1.34064e-09
1.34091e-09
1.3411e-09
1.34127e-09
1.34142e-09
1.34155e-09
1.34168e-09
1.3418e-09
1.34192e-09
1.34203e-09
1.34213e-09
1.34222e-09
1.34231e-09
1.34239e-09
1.34246e-09
1.34253e-09
1.34259e-09
1.34265e-09
1.3427e-09
1.34274e-09
1.34278e-09
1.34282e-09
1.34284e-09
1.34287e-09
1.34288e-09
1.34289e-09
1.3429e-09
1.3429e-09
1.34289e-09
1.34288e-09
1.34287e-09
1.34284e-09
1.34282e-09
1.34278e-09
1.34274e-09
1.3427e-09
1.34265e-09
1.34259e-09
1.34253e-09
1.34246e-09
1.34239e-09
1.34231e-09
1.34222e-09
1.34213e-09
1.34203e-09
1.34192e-09
1.3418e-09
1.34168e-09
1.34155e-09
1.34142e-09
1.34127e-09
1.3411e-09
1.34091e-09
1.34064e-09
1.34015e-09
1.33899e-09
1.33486e-09
8.54811e-09
8.57953e-09
8.58912e-09
8.59306e-09
8.59508e-09
8.59641e-09
8.59747e-09
8.59841e-09
8.59927e-09
8.60007e-09
8.60083e-09
8.60153e-09
8.6022e-09
8.60282e-09
8.60339e-09
8.60393e-09
8.60443e-09
8.60488e-09
8.6053e-09
8.60569e-09
8.60603e-09
8.60634e-09
8.60662e-09
8.60685e-09
8.60706e-09
8.60723e-09
8.60736e-09
8.60746e-09
8.60753e-09
8.60757e-09
8.60757e-09
8.60753e-09
8.60746e-09
8.60736e-09
8.60723e-09
8.60706e-09
8.60685e-09
8.60662e-09
8.60634e-09
8.60603e-09
8.60569e-09
8.6053e-09
8.60488e-09
8.60443e-09
8.60393e-09
8.60339e-09
8.60282e-09
8.6022e-09
8.60153e-09
8.60083e-09
8.60007e-09
8.59927e-09
8.59841e-09
8.59747e-09
8.59641e-09
8.59508e-09
8.59306e-09
8.58912e-09
8.57953e-09
8.54811e-09
5.30184e-08
5.324e-08
5.33114e-08
5.33403e-08
5.33543e-08
5.3363e-08
5.33696e-08
5.33753e-08
5.33804e-08
5.33853e-08
5.33898e-08
5.3394e-08
5.33979e-08
5.34016e-08
5.3405e-08
5.34082e-08
5.34111e-08
5.34138e-08
5.34163e-08
5.34186e-08
5.34206e-08
5.34225e-08
5.34241e-08
5.34255e-08
5.34267e-08
5.34277e-08
5.34285e-08
5.34291e-08
5.34295e-08
5.34297e-08
5.34297e-08
5.34295e-08
5.34291e-08
5.34285e-08
5.34277e-08
5.34267e-08
5.34255e-08
5.34241e-08
5.34225e-08
5.34206e-08
5.34186e-08
5.34163e-08
5.34138e-08
5.34111e-08
5.34082e-08
5.3405e-08
5.34016e-08
5.33979e-08
5.3394e-08
5.33898e-08
5.33853e-08
5.33804e-08
5.33753e-08
5.33696e-08
5.3363e-08
5.33543e-08
5.33403e-08
5.33114e-08
5.324e-08
5.30184e-08
3.14477e-07
3.15923e-07
3.16406e-07
3.16599e-07
3.16689e-07
3.16743e-07
3.16782e-07
3.16814e-07
3.16844e-07
3.16871e-07
3.16897e-07
3.1692e-07
3.16943e-07
3.16963e-07
3.16983e-07
3.17001e-07
3.17017e-07
3.17032e-07
3.17046e-07
3.17059e-07
3.17071e-07
3.17081e-07
3.1709e-07
3.17098e-07
3.17105e-07
3.1711e-07
3.17115e-07
3.17118e-07
3.1712e-07
3.17121e-07
3.17121e-07
3.1712e-07
3.17118e-07
3.17115e-07
3.1711e-07
3.17105e-07
3.17098e-07
3.1709e-07
3.17081e-07
3.17071e-07
3.17059e-07
3.17046e-07
3.17032e-07
3.17017e-07
3.17001e-07
3.16983e-07
3.16963e-07
3.16943e-07
3.1692e-07
3.16897e-07
3.16871e-07
3.16844e-07
3.16814e-07
3.16782e-07
3.16743e-07
3.16689e-07
3.16599e-07
3.16406e-07
3.15923e-07
3.14477e-07
1.75983e-06
1.76849e-06
1.77146e-06
1.77263e-06
1.77317e-06
1.77347e-06
1.77369e-06
1.77386e-06
1.77402e-06
1.77417e-06
1.7743e-06
1.77443e-06
1.77454e-06
1.77465e-06
1.77475e-06
1.77485e-06
1.77493e-06
1.77501e-06
1.77509e-06
1.77516e-06
1.77522e-06
1.77527e-06
1.77532e-06
1.77536e-06
1.7754e-06
1.77542e-06
1.77545e-06
1.77547e-06
1.77548e-06
1.77548e-06
1.77548e-06
1.77548e-06
1.77547e-06
1.77545e-06
1.77542e-06
1.7754e-06
1.77536e-06
1.77532e-06
1.77527e-06
1.77522e-06
1.77516e-06
1.77509e-06
1.77501e-06
1.77493e-06
1.77485e-06
1.77475e-06
1.77465e-06
1.77454e-06
1.77443e-06
1.7743e-06
1.77417e-06
1.77402e-06
1.77386e-06
1.77369e-06
1.77347e-06
1.77317e-06
1.77263e-06
1.77146e-06
1.76849e-06
1.75983e-06
9.1594e-06
9.20644e-06
9.22286e-06
9.22932e-06
9.23221e-06
9.2338e-06
9.23489e-06
9.23577e-06
9.23654e-06
9.23725e-06
9.23791e-06
9.23852e-06
9.23909e-06
9.23962e-06
9.24011e-06
9.24057e-06
9.24099e-06
9.24138e-06
9.24173e-06
9.24206e-06
9.24235e-06
9.24261e-06
9.24285e-06
9.24305e-06
9.24322e-06
9.24336e-06
9.24348e-06
9.24356e-06
9.24362e-06
9.24365e-06
9.24365e-06
9.24362e-06
9.24356e-06
9.24348e-06
9.24336e-06
9.24322e-06
9.24305e-06
9.24285e-06
9.24261e-06
9.24235e-06
9.24206e-06
9.24173e-06
9.24138e-06
9.24099e-06
9.24057e-06
9.24011e-06
9.23962e-06
9.23909e-06
9.23852e-06
9.23791e-06
9.23725e-06
9.23654e-06
9.23577e-06
9.23489e-06
9.2338e-06
9.23221e-06
9.22932e-06
9.22286e-06
9.20644e-06
9.1594e-06
4.36791e-05
4.39079e-05
4.39888e-05
4.40205e-05
4.40344e-05
4.40419e-05
4.40468e-05
4.40508e-05
4.40543e-05
4.40574e-05
4.40603e-05
4.4063e-05
4.40655e-05
4.40678e-05
4.407e-05
4.4072e-05
4.40739e-05
4.40756e-05
4.40771e-05
4.40785e-05
4.40798e-05
4.4081e-05
4.4082e-05
4.40829e-05
4.40836e-05
4.40843e-05
4.40848e-05
4.40851e-05
4.40854e-05
4.40855e-05
4.40855e-05
4.40854e-05
4.40851e-05
4.40848e-05
4.40843e-05
4.40836e-05
4.40829e-05
4.4082e-05
4.4081e-05
4.40798e-05
4.40785e-05
4.40771e-05
4.40756e-05
4.40739e-05
4.4072e-05
4.407e-05
4.40678e-05
4.40655e-05
4.4063e-05
4.40603e-05
4.40574e-05
4.40543e-05
4.40508e-05
4.40468e-05
4.40419e-05
4.40344e-05
4.40205e-05
4.39888e-05
4.39079e-05
4.36791e-05
0.00018788
0.00018886
0.00018921
0.000189347
0.000189406
0.000189437
0.000189457
0.000189473
0.000189487
0.000189499
0.00018951
0.000189521
0.000189531
0.00018954
0.000189548
0.000189556
0.000189563
0.00018957
0.000189576
0.000189582
0.000189587
0.000189591
0.000189595
0.000189599
0.000189602
0.000189604
0.000189606
0.000189608
0.000189609
0.000189609
0.000189609
0.000189609
0.000189608
0.000189606
0.000189604
0.000189602
0.000189599
0.000189595
0.000189591
0.000189587
0.000189582
0.000189576
0.00018957
0.000189563
0.000189556
0.000189548
0.00018954
0.000189531
0.000189521
0.00018951
0.000189499
0.000189487
0.000189473
0.000189457
0.000189437
0.000189406
0.000189347
0.00018921
0.00018886
0.00018788
0.000717084
0.000720717
0.000722022
0.000722529
0.000722747
0.000722859
0.000722931
0.000722986
0.000723033
0.000723075
0.000723114
0.00072315
0.000723183
0.000723215
0.000723243
0.00072327
0.000723295
0.000723317
0.000723338
0.000723357
0.000723374
0.000723389
0.000723403
0.000723415
0.000723425
0.000723433
0.00072344
0.000723445
0.000723448
0.00072345
0.00072345
0.000723448
0.000723445
0.00072344
0.000723433
0.000723425
0.000723415
0.000723403
0.000723389
0.000723374
0.000723357
0.000723338
0.000723317
0.000723295
0.00072327
0.000723243
0.000723215
0.000723183
0.00072315
0.000723114
0.000723075
0.000723033
0.000722986
0.000722931
0.000722859
0.000722747
0.000722529
0.000722022
0.000720717
0.000717084
0.00238807
0.00239949
0.00240361
0.0024052
0.00240588
0.00240623
0.00240644
0.00240661
0.00240674
0.00240687
0.00240698
0.00240709
0.00240718
0.00240727
0.00240736
0.00240743
0.00240751
0.00240757
0.00240763
0.00240769
0.00240774
0.00240778
0.00240782
0.00240785
0.00240788
0.00240791
0.00240793
0.00240794
0.00240795
0.00240795
0.00240795
0.00240795
0.00240794
0.00240793
0.00240791
0.00240788
0.00240785
0.00240782
0.00240778
0.00240774
0.00240769
0.00240763
0.00240757
0.00240751
0.00240743
0.00240736
0.00240727
0.00240718
0.00240709
0.00240698
0.00240687
0.00240674
0.00240661
0.00240644
0.00240623
0.00240588
0.0024052
0.00240361
0.00239949
0.00238807
0.00682999
0.00685984
0.00687063
0.0068748
0.00687657
0.00687745
0.00687799
0.00687839
0.00687873
0.00687903
0.00687931
0.00687956
0.0068798
0.00688002
0.00688022
0.00688041
0.00688058
0.00688074
0.00688088
0.00688102
0.00688114
0.00688124
0.00688134
0.00688142
0.00688149
0.00688155
0.00688159
0.00688163
0.00688165
0.00688166
0.00688166
0.00688165
0.00688163
0.00688159
0.00688155
0.00688149
0.00688142
0.00688134
0.00688124
0.00688114
0.00688102
0.00688088
0.00688074
0.00688058
0.00688041
0.00688022
0.00688002
0.0068798
0.00687956
0.00687931
0.00687903
0.00687873
0.00687839
0.00687799
0.00687745
0.00687657
0.0068748
0.00687063
0.00685984
0.00682999
0.0165799
0.0166438
0.0166669
0.0166759
0.0166796
0.0166815
0.0166826
0.0166834
0.0166841
0.0166847
0.0166852
0.0166857
0.0166862
0.0166866
0.016687
0.0166874
0.0166877
0.0166881
0.0166884
0.0166886
0.0166888
0.0166891
0.0166892
0.0166894
0.0166895
0.0166897
0.0166898
0.0166898
0.0166899
0.0166899
0.0166899
0.0166899
0.0166898
0.0166898
0.0166897
0.0166895
0.0166894
0.0166892
0.0166891
0.0166888
0.0166886
0.0166884
0.0166881
0.0166877
0.0166874
0.016687
0.0166866
0.0166862
0.0166857
0.0166852
0.0166847
0.0166841
0.0166834
0.0166826
0.0166815
0.0166796
0.0166759
0.0166669
0.0166438
0.0165799
0.0340643
0.0341763
0.0342169
0.0342326
0.0342391
0.0342423
0.0342441
0.0342455
0.0342466
0.0342476
0.0342485
0.0342493
0.0342501
0.0342508
0.0342514
0.034252
0.0342526
0.0342531
0.0342536
0.034254
0.0342544
0.0342547
0.034255
0.0342553
0.0342555
0.0342557
0.0342558
0.0342559
0.034256
0.0342561
0.0342561
0.034256
0.0342559
0.0342558
0.0342557
0.0342555
0.0342553
0.034255
0.0342547
0.0342544
0.034254
0.0342536
0.0342531
0.0342526
0.034252
0.0342514
0.0342508
0.0342501
0.0342493
0.0342485
0.0342476
0.0342466
0.0342455
0.0342441
0.0342423
0.0342391
0.0342326
0.0342169
0.0341763
0.0340643
0.0598358
0.0599995
0.0600589
0.0600818
0.0600913
0.0600959
0.0600985
0.0601004
0.0601019
0.0601032
0.0601045
0.0601056
0.0601066
0.0601075
0.0601084
0.0601092
0.06011
0.0601106
0.0601113
0.0601118
0.0601123
0.0601128
0.0601132
0.0601136
0.0601139
0.0601141
0.0601143
0.0601145
0.0601146
0.0601146
0.0601146
0.0601146
0.0601145
0.0601143
0.0601141
0.0601139
0.0601136
0.0601132
0.0601128
0.0601123
0.0601118
0.0601113
0.0601106
0.06011
0.0601092
0.0601084
0.0601075
0.0601066
0.0601056
0.0601045
0.0601032
0.0601019
0.0601004
0.0600985
0.0600959
0.0600913
0.0600818
0.0600589
0.0599995
0.0598358
0.0919116
0.0921192
0.0921948
0.0922239
0.092236
0.0922416
0.0922449
0.0922471
0.0922489
0.0922505
0.0922519
0.0922532
0.0922544
0.0922555
0.0922565
0.0922574
0.0922583
0.0922591
0.0922598
0.0922605
0.0922611
0.0922616
0.0922621
0.0922625
0.0922628
0.0922631
0.0922633
0.0922635
0.0922636
0.0922637
0.0922637
0.0922636
0.0922635
0.0922633
0.0922631
0.0922628
0.0922625
0.0922621
0.0922616
0.0922611
0.0922605
0.0922598
0.0922591
0.0922583
0.0922574
0.0922565
0.0922555
0.0922544
0.0922532
0.0922519
0.0922505
0.0922489
0.0922471
0.0922449
0.0922416
0.092236
0.0922239
0.0921948
0.0921192
0.0919116
0.12714
0.12738
0.127467
0.127501
0.127515
0.127522
0.127525
0.127528
0.12753
0.127531
0.127533
0.127534
0.127535
0.127537
0.127538
0.127539
0.12754
0.12754
0.127541
0.127542
0.127542
0.127543
0.127544
0.127544
0.127544
0.127545
0.127545
0.127545
0.127545
0.127545
0.127545
0.127545
0.127545
0.127545
0.127545
0.127544
0.127544
0.127544
0.127543
0.127542
0.127542
0.127541
0.12754
0.12754
0.127539
0.127538
0.127537
0.127535
0.127534
0.127533
0.127531
0.12753
0.127528
0.127525
0.127522
0.127515
0.127501
0.127467
0.12738
0.12714
0.162993
0.163256
0.163352
0.16339
0.163405
0.163412
0.163416
0.163419
0.163421
0.163422
0.163424
0.163425
0.163426
0.163428
0.163429
0.16343
0.163431
0.163431
0.163432
0.163433
0.163434
0.163434
0.163435
0.163435
0.163435
0.163436
0.163436
0.163436
0.163436
0.163436
0.163436
0.163436
0.163436
0.163436
0.163436
0.163435
0.163435
0.163435
0.163434
0.163434
0.163433
0.163432
0.163431
0.163431
0.16343
0.163429
0.163428
0.163426
0.163425
0.163424
0.163422
0.163421
0.163419
0.163416
0.163412
0.163405
0.16339
0.163352
0.163256
0.162993
0.198183
0.198465
0.198569
0.19861
0.198626
0.198634
0.198638
0.19864
0.198642
0.198644
0.198646
0.198647
0.198648
0.198649
0.19865
0.198651
0.198652
0.198653
0.198654
0.198654
0.198655
0.198656
0.198656
0.198656
0.198657
0.198657
0.198657
0.198658
0.198658
0.198658
0.198658
0.198658
0.198658
0.198657
0.198657
0.198657
0.198656
0.198656
0.198656
0.198655
0.198654
0.198654
0.198653
0.198652
0.198651
0.19865
0.198649
0.198648
0.198647
0.198646
0.198644
0.198642
0.19864
0.198638
0.198634
0.198626
0.19861
0.198569
0.198465
0.198183
0.232308
0.232606
0.232717
0.23276
0.232778
0.232786
0.232791
0.232793
0.232795
0.232797
0.232798
0.2328
0.232801
0.232802
0.232803
0.232804
0.232805
0.232806
0.232806
0.232807
0.232808
0.232808
0.232809
0.232809
0.232809
0.23281
0.23281
0.23281
0.23281
0.23281
0.23281
0.23281
0.23281
0.23281
0.23281
0.232809
0.232809
0.232809
0.232808
0.232808
0.232807
0.232806
0.232806
0.232805
0.232804
0.232803
0.232802
0.232801
0.2328
0.232798
0.232797
0.232795
0.232793
0.232791
0.232786
0.232778
0.23276
0.232717
0.232606
0.232308
0.265339
0.265651
0.265769
0.265815
0.265834
0.265843
0.265847
0.26585
0.265852
0.265854
0.265855
0.265857
0.265858
0.265859
0.26586
0.265861
0.265862
0.265862
0.265863
0.265864
0.265864
0.265865
0.265865
0.265866
0.265866
0.265866
0.265866
0.265867
0.265867
0.265867
0.265867
0.265867
0.265867
0.265866
0.265866
0.265866
0.265866
0.265865
0.265865
0.265864
0.265864
0.265863
0.265862
0.265862
0.265861
0.26586
0.265859
0.265858
0.265857
0.265855
0.265854
0.265852
0.26585
0.265847
0.265843
0.265834
0.265815
0.265769
0.265651
0.265339
0.297336
0.29766
0.297785
0.297835
0.297855
0.297864
0.297869
0.297872
0.297874
0.297875
0.297877
0.297878
0.297879
0.29788
0.297881
0.297882
0.297883
0.297884
0.297884
0.297885
0.297885
0.297886
0.297886
0.297887
0.297887
0.297887
0.297887
0.297888
0.297888
0.297888
0.297888
0.297888
0.297888
0.297887
0.297887
0.297887
0.297887
0.297886
0.297886
0.297885
0.297885
0.297884
0.297884
0.297883
0.297882
0.297881
0.29788
0.297879
0.297878
0.297877
0.297875
0.297874
0.297872
0.297869
0.297864
0.297855
0.297835
0.297785
0.29766
0.297336
0.32835
0.328686
0.328818
0.32887
0.328892
0.328902
0.328907
0.328909
0.328911
0.328913
0.328914
0.328916
0.328917
0.328918
0.328919
0.32892
0.32892
0.328921
0.328922
0.328922
0.328923
0.328923
0.328924
0.328924
0.328924
0.328925
0.328925
0.328925
0.328925
0.328925
0.328925
0.328925
0.328925
0.328925
0.328925
0.328924
0.328924
0.328924
0.328923
0.328923
0.328922
0.328922
0.328921
0.32892
0.32892
0.328919
0.328918
0.328917
0.328916
0.328914
0.328913
0.328911
0.328909
0.328907
0.328902
0.328892
0.32887
0.328818
0.328686
0.32835
0.358412
0.358759
0.358897
0.358952
0.358975
0.358985
0.358991
0.358993
0.358996
0.358997
0.358998
0.359
0.359001
0.359002
0.359003
0.359003
0.359004
0.359005
0.359006
0.359006
0.359007
0.359007
0.359008
0.359008
0.359008
0.359008
0.359009
0.359009
0.359009
0.359009
0.359009
0.359009
0.359009
0.359009
0.359008
0.359008
0.359008
0.359008
0.359007
0.359007
0.359006
0.359006
0.359005
0.359004
0.359003
0.359003
0.359002
0.359001
0.359
0.358998
0.358997
0.358996
0.358993
0.358991
0.358985
0.358975
0.358952
0.358897
0.358759
0.358412
0.387539
0.387894
0.388037
0.388096
0.38812
0.388131
0.388137
0.38814
0.388142
0.388143
0.388145
0.388146
0.388147
0.388148
0.388149
0.388149
0.38815
0.388151
0.388151
0.388152
0.388153
0.388153
0.388153
0.388154
0.388154
0.388154
0.388154
0.388155
0.388155
0.388155
0.388155
0.388155
0.388155
0.388154
0.388154
0.388154
0.388154
0.388153
0.388153
0.388153
0.388152
0.388151
0.388151
0.38815
0.388149
0.388149
0.388148
0.388147
0.388146
0.388145
0.388143
0.388142
0.38814
0.388137
0.388131
0.38812
0.388096
0.388037
0.387894
0.387539
0.415738
0.4161
0.416249
0.416311
0.416337
0.416348
0.416354
0.416357
0.416359
0.416361
0.416362
0.416363
0.416364
0.416365
0.416366
0.416367
0.416367
0.416368
0.416368
0.416369
0.416369
0.41637
0.41637
0.416371
0.416371
0.416371
0.416371
0.416371
0.416372
0.416372
0.416372
0.416372
0.416371
0.416371
0.416371
0.416371
0.416371
0.41637
0.41637
0.416369
0.416369
0.416368
0.416368
0.416367
0.416367
0.416366
0.416365
0.416364
0.416363
0.416362
0.416361
0.416359
0.416357
0.416354
0.416348
0.416337
0.416311
0.416249
0.4161
0.415738
0.443017
0.443385
0.443539
0.443604
0.443631
0.443643
0.443649
0.443652
0.443654
0.443656
0.443657
0.443658
0.443659
0.44366
0.443661
0.443662
0.443662
0.443663
0.443664
0.443664
0.443665
0.443665
0.443665
0.443666
0.443666
0.443666
0.443666
0.443666
0.443666
0.443667
0.443667
0.443666
0.443666
0.443666
0.443666
0.443666
0.443666
0.443665
0.443665
0.443665
0.443664
0.443664
0.443663
0.443662
0.443662
0.443661
0.44366
0.443659
0.443658
0.443657
0.443656
0.443654
0.443652
0.443649
0.443643
0.443631
0.443604
0.443539
0.443385
0.443017
0.469382
0.469755
0.469914
0.469982
0.47001
0.470023
0.470029
0.470033
0.470035
0.470036
0.470038
0.470039
0.47004
0.47004
0.470041
0.470042
0.470043
0.470043
0.470044
0.470044
0.470045
0.470045
0.470045
0.470046
0.470046
0.470046
0.470046
0.470046
0.470046
0.470047
0.470047
0.470046
0.470046
0.470046
0.470046
0.470046
0.470046
0.470045
0.470045
0.470045
0.470044
0.470044
0.470043
0.470043
0.470042
0.470041
0.47004
0.47004
0.470039
0.470038
0.470036
0.470035
0.470033
0.470029
0.470023
0.47001
0.469982
0.469914
0.469755
0.469382
0.494842
0.495219
0.495382
0.495452
0.495483
0.495496
0.495502
0.495506
0.495508
0.49551
0.495511
0.495512
0.495513
0.495514
0.495514
0.495515
0.495516
0.495516
0.495517
0.495517
0.495518
0.495518
0.495518
0.495519
0.495519
0.495519
0.495519
0.495519
0.495519
0.495519
0.495519
0.495519
0.495519
0.495519
0.495519
0.495519
0.495519
0.495518
0.495518
0.495518
0.495517
0.495517
0.495516
0.495516
0.495515
0.495514
0.495514
0.495513
0.495512
0.495511
0.49551
0.495508
0.495506
0.495502
0.495496
0.495483
0.495452
0.495382
0.495219
0.494842
0.519406
0.519785
0.519952
0.520025
0.520057
0.520071
0.520078
0.520081
0.520084
0.520085
0.520086
0.520087
0.520088
0.520089
0.52009
0.52009
0.520091
0.520091
0.520092
0.520092
0.520093
0.520093
0.520093
0.520094
0.520094
0.520094
0.520094
0.520094
0.520094
0.520095
0.520095
0.520094
0.520094
0.520094
0.520094
0.520094
0.520094
0.520093
0.520093
0.520093
0.520092
0.520092
0.520091
0.520091
0.52009
0.52009
0.520089
0.520088
0.520087
0.520086
0.520085
0.520084
0.520081
0.520078
0.520071
0.520057
0.520025
0.519952
0.519785
0.519406
0.543084
0.543464
0.543635
0.543711
0.543744
0.543759
0.543766
0.54377
0.543772
0.543773
0.543775
0.543776
0.543776
0.543777
0.543778
0.543779
0.543779
0.54378
0.54378
0.54378
0.543781
0.543781
0.543782
0.543782
0.543782
0.543782
0.543782
0.543782
0.543782
0.543783
0.543783
0.543782
0.543782
0.543782
0.543782
0.543782
0.543782
0.543782
0.543781
0.543781
0.54378
0.54378
0.54378
0.543779
0.543779
0.543778
0.543777
0.543776
0.543776
0.543775
0.543773
0.543772
0.54377
0.543766
0.543759
0.543744
0.543711
0.543635
0.543464
0.543084
0.565889
0.566269
0.566443
0.566522
0.566556
0.566572
0.566579
0.566583
0.566585
0.566587
0.566588
0.566589
0.56659
0.566591
0.566591
0.566592
0.566592
0.566593
0.566593
0.566594
0.566594
0.566594
0.566595
0.566595
0.566595
0.566595
0.566595
0.566596
0.566596
0.566596
0.566596
0.566596
0.566596
0.566595
0.566595
0.566595
0.566595
0.566595
0.566594
0.566594
0.566594
0.566593
0.566593
0.566592
0.566592
0.566591
0.566591
0.56659
0.566589
0.566588
0.566587
0.566585
0.566583
0.566579
0.566572
0.566556
0.566522
0.566443
0.566269
0.565889
0.587834
0.588213
0.58839
0.588471
0.588507
0.588523
0.588531
0.588535
0.588538
0.588539
0.58854
0.588541
0.588542
0.588543
0.588543
0.588544
0.588544
0.588545
0.588545
0.588546
0.588546
0.588546
0.588546
0.588547
0.588547
0.588547
0.588547
0.588547
0.588547
0.588547
0.588547
0.588547
0.588547
0.588547
0.588547
0.588547
0.588547
0.588546
0.588546
0.588546
0.588546
0.588545
0.588545
0.588544
0.588544
0.588543
0.588543
0.588542
0.588541
0.58854
0.588539
0.588538
0.588535
0.588531
0.588523
0.588507
0.588471
0.58839
0.588213
0.587834
0.608934
0.60931
0.609491
0.609573
0.609611
0.609628
0.609637
0.609641
0.609643
0.609645
0.609646
0.609647
0.609647
0.609648
0.609649
0.609649
0.60965
0.60965
0.60965
0.609651
0.609651
0.609651
0.609652
0.609652
0.609652
0.609652
0.609652
0.609652
0.609653
0.609653
0.609653
0.609653
0.609652
0.609652
0.609652
0.609652
0.609652
0.609652
0.609651
0.609651
0.609651
0.60965
0.60965
0.60965
0.609649
0.609649
0.609648
0.609647
0.609647
0.609646
0.609645
0.609643
0.609641
0.609637
0.609628
0.609611
0.609573
0.609491
0.60931
0.608934
0.629204
0.629578
0.62976
0.629845
0.629884
0.629902
0.629911
0.629915
0.629918
0.629919
0.629921
0.629921
0.629922
0.629923
0.629923
0.629924
0.629924
0.629925
0.629925
0.629925
0.629926
0.629926
0.629926
0.629926
0.629927
0.629927
0.629927
0.629927
0.629927
0.629927
0.629927
0.629927
0.629927
0.629927
0.629927
0.629927
0.629926
0.629926
0.629926
0.629926
0.629925
0.629925
0.629925
0.629924
0.629924
0.629923
0.629923
0.629922
0.629921
0.629921
0.629919
0.629918
0.629915
0.629911
0.629902
0.629884
0.629845
0.62976
0.629578
0.629204
0.648662
0.649032
0.649216
0.649303
0.649344
0.649363
0.649372
0.649376
0.649379
0.64938
0.649382
0.649382
0.649383
0.649384
0.649384
0.649385
0.649385
0.649385
0.649386
0.649386
0.649386
0.649387
0.649387
0.649387
0.649387
0.649387
0.649388
0.649388
0.649388
0.649388
0.649388
0.649388
0.649388
0.649388
0.649387
0.649387
0.649387
0.649387
0.649387
0.649386
0.649386
0.649386
0.649385
0.649385
0.649385
0.649384
0.649384
0.649383
0.649382
0.649382
0.64938
0.649379
0.649376
0.649372
0.649363
0.649344
0.649303
0.649216
0.649032
0.648662
0.667324
0.667691
0.667876
0.667965
0.668007
0.668027
0.668036
0.668041
0.668044
0.668045
0.668046
0.668047
0.668048
0.668048
0.668049
0.668049
0.66805
0.66805
0.66805
0.668051
0.668051
0.668051
0.668051
0.668052
0.668052
0.668052
0.668052
0.668052
0.668052
0.668052
0.668052
0.668052
0.668052
0.668052
0.668052
0.668052
0.668052
0.668051
0.668051
0.668051
0.668051
0.66805
0.66805
0.66805
0.668049
0.668049
0.668048
0.668048
0.668047
0.668046
0.668045
0.668044
0.668041
0.668036
0.668027
0.668007
0.667965
0.667876
0.667691
0.667324
0.685211
0.685572
0.685758
0.685849
0.685892
0.685913
0.685923
0.685928
0.685931
0.685932
0.685934
0.685934
0.685935
0.685935
0.685936
0.685936
0.685937
0.685937
0.685937
0.685938
0.685938
0.685938
0.685938
0.685939
0.685939
0.685939
0.685939
0.685939
0.685939
0.685939
0.685939
0.685939
0.685939
0.685939
0.685939
0.685939
0.685939
0.685938
0.685938
0.685938
0.685938
0.685937
0.685937
0.685937
0.685936
0.685936
0.685935
0.685935
0.685934
0.685934
0.685932
0.685931
0.685928
0.685923
0.685913
0.685892
0.685849
0.685758
0.685572
0.685211
0.702339
0.702695
0.702882
0.702974
0.703019
0.703041
0.703051
0.703056
0.703059
0.703061
0.703062
0.703063
0.703063
0.703064
0.703064
0.703065
0.703065
0.703065
0.703066
0.703066
0.703066
0.703066
0.703067
0.703067
0.703067
0.703067
0.703067
0.703067
0.703067
0.703067
0.703067
0.703067
0.703067
0.703067
0.703067
0.703067
0.703067
0.703067
0.703066
0.703066
0.703066
0.703066
0.703065
0.703065
0.703065
0.703064
0.703064
0.703063
0.703063
0.703062
0.703061
0.703059
0.703056
0.703051
0.703041
0.703019
0.702974
0.702882
0.702695
0.702339
0.71873
0.71908
0.719266
0.71936
0.719407
0.719429
0.71944
0.719445
0.719448
0.71945
0.719451
0.719452
0.719453
0.719453
0.719453
0.719454
0.719454
0.719454
0.719455
0.719455
0.719455
0.719455
0.719456
0.719456
0.719456
0.719456
0.719456
0.719456
0.719456
0.719456
0.719456
0.719456
0.719456
0.719456
0.719456
0.719456
0.719456
0.719456
0.719455
0.719455
0.719455
0.719455
0.719454
0.719454
0.719454
0.719453
0.719453
0.719453
0.719452
0.719451
0.71945
0.719448
0.719445
0.71944
0.719429
0.719407
0.71936
0.719266
0.71908
0.71873
0.734402
0.734745
0.734932
0.735027
0.735075
0.735098
0.735109
0.735115
0.735118
0.73512
0.735121
0.735122
0.735122
0.735123
0.735123
0.735124
0.735124
0.735124
0.735124
0.735125
0.735125
0.735125
0.735125
0.735125
0.735125
0.735126
0.735126
0.735126
0.735126
0.735126
0.735126
0.735126
0.735126
0.735126
0.735126
0.735125
0.735125
0.735125
0.735125
0.735125
0.735125
0.735124
0.735124
0.735124
0.735124
0.735123
0.735123
0.735122
0.735122
0.735121
0.73512
0.735118
0.735115
0.735109
0.735098
0.735075
0.735027
0.734932
0.734745
0.734402
0.749376
0.749713
0.749898
0.749995
0.750043
0.750068
0.75008
0.750086
0.750089
0.750091
0.750092
0.750093
0.750093
0.750094
0.750094
0.750094
0.750095
0.750095
0.750095
0.750095
0.750095
0.750096
0.750096
0.750096
0.750096
0.750096
0.750096
0.750096
0.750096
0.750096
0.750096
0.750096
0.750096
0.750096
0.750096
0.750096
0.750096
0.750096
0.750096
0.750095
0.750095
0.750095
0.750095
0.750095
0.750094
0.750094
0.750094
0.750093
0.750093
0.750092
0.750091
0.750089
0.750086
0.75008
0.750068
0.750043
0.749995
0.749898
0.749713
0.749376
0.763673
0.764001
0.764186
0.764284
0.764333
0.764358
0.764371
0.764377
0.764381
0.764383
0.764384
0.764385
0.764385
0.764385
0.764386
0.764386
0.764386
0.764387
0.764387
0.764387
0.764387
0.764387
0.764387
0.764388
0.764388
0.764388
0.764388
0.764388
0.764388
0.764388
0.764388
0.764388
0.764388
0.764388
0.764388
0.764388
0.764388
0.764387
0.764387
0.764387
0.764387
0.764387
0.764387
0.764386
0.764386
0.764386
0.764385
0.764385
0.764385
0.764384
0.764383
0.764381
0.764377
0.764371
0.764358
0.764333
0.764284
0.764186
0.764001
0.763673
0.777311
0.777632
0.777816
0.777914
0.777965
0.777991
0.778004
0.778011
0.778014
0.778016
0.778017
0.778018
0.778019
0.778019
0.778019
0.77802
0.77802
0.77802
0.77802
0.77802
0.778021
0.778021
0.778021
0.778021
0.778021
0.778021
0.778021
0.778021
0.778021
0.778021
0.778021
0.778021
0.778021
0.778021
0.778021
0.778021
0.778021
0.778021
0.778021
0.778021
0.77802
0.77802
0.77802
0.77802
0.77802
0.778019
0.778019
0.778019
0.778018
0.778017
0.778016
0.778014
0.778011
0.778004
0.777991
0.777965
0.777914
0.777816
0.777632
0.777311
0.790313
0.790626
0.790808
0.790907
0.790959
0.790985
0.790999
0.791006
0.79101
0.791012
0.791013
0.791014
0.791014
0.791015
0.791015
0.791015
0.791016
0.791016
0.791016
0.791016
0.791016
0.791016
0.791016
0.791017
0.791017
0.791017
0.791017
0.791017
0.791017
0.791017
0.791017
0.791017
0.791017
0.791017
0.791017
0.791017
0.791017
0.791016
0.791016
0.791016
0.791016
0.791016
0.791016
0.791016
0.791015
0.791015
0.791015
0.791014
0.791014
0.791013
0.791012
0.79101
0.791006
0.790999
0.790985
0.790959
0.790907
0.790808
0.790626
0.790313
0.802699
0.803003
0.803183
0.803282
0.803335
0.803363
0.803377
0.803384
0.803388
0.80339
0.803392
0.803392
0.803393
0.803393
0.803393
0.803394
0.803394
0.803394
0.803394
0.803394
0.803395
0.803395
0.803395
0.803395
0.803395
0.803395
0.803395
0.803395
0.803395
0.803395
0.803395
0.803395
0.803395
0.803395
0.803395
0.803395
0.803395
0.803395
0.803395
0.803395
0.803394
0.803394
0.803394
0.803394
0.803394
0.803393
0.803393
0.803393
0.803392
0.803392
0.80339
0.803388
0.803384
0.803377
0.803363
0.803335
0.803282
0.803183
0.803003
0.802699
0.814488
0.814784
0.814961
0.815061
0.815114
0.815143
0.815158
0.815165
0.81517
0.815172
0.815173
0.815174
0.815174
0.815175
0.815175
0.815175
0.815175
0.815176
0.815176
0.815176
0.815176
0.815176
0.815176
0.815176
0.815176
0.815176
0.815176
0.815176
0.815176
0.815176
0.815176
0.815176
0.815176
0.815176
0.815176
0.815176
0.815176
0.815176
0.815176
0.815176
0.815176
0.815176
0.815176
0.815175
0.815175
0.815175
0.815175
0.815174
0.815174
0.815173
0.815172
0.81517
0.815165
0.815158
0.815143
0.815114
0.815061
0.814961
0.814784
0.814488
0.825701
0.825989
0.826163
0.826263
0.826317
0.826347
0.826362
0.82637
0.826374
0.826377
0.826378
0.826379
0.826379
0.82638
0.82638
0.82638
0.82638
0.826381
0.826381
0.826381
0.826381
0.826381
0.826381
0.826381
0.826381
0.826381
0.826381
0.826381
0.826381
0.826381
0.826381
0.826381
0.826381
0.826381
0.826381
0.826381
0.826381
0.826381
0.826381
0.826381
0.826381
0.826381
0.826381
0.82638
0.82638
0.82638
0.82638
0.826379
0.826379
0.826378
0.826377
0.826374
0.82637
0.826362
0.826347
0.826317
0.826263
0.826163
0.825989
0.825701
0.836359
0.836638
0.83681
0.836909
0.836964
0.836994
0.83701
0.837018
0.837023
0.837025
0.837027
0.837028
0.837028
0.837028
0.837029
0.837029
0.837029
0.837029
0.837029
0.837029
0.837029
0.837029
0.83703
0.83703
0.83703
0.83703
0.83703
0.83703
0.83703
0.83703
0.83703
0.83703
0.83703
0.83703
0.83703
0.83703
0.83703
0.83703
0.837029
0.837029
0.837029
0.837029
0.837029
0.837029
0.837029
0.837029
0.837028
0.837028
0.837028
0.837027
0.837025
0.837023
0.837018
0.83701
0.836994
0.836964
0.836909
0.83681
0.836638
0.836359
0.846481
0.846751
0.846919
0.847018
0.847074
0.847105
0.847121
0.84713
0.847135
0.847137
0.847139
0.84714
0.84714
0.847141
0.847141
0.847141
0.847141
0.847141
0.847141
0.847141
0.847142
0.847142
0.847142
0.847142
0.847142
0.847142
0.847142
0.847142
0.847142
0.847142
0.847142
0.847142
0.847142
0.847142
0.847142
0.847142
0.847142
0.847142
0.847142
0.847142
0.847141
0.847141
0.847141
0.847141
0.847141
0.847141
0.847141
0.84714
0.84714
0.847139
0.847137
0.847135
0.84713
0.847121
0.847105
0.847074
0.847018
0.846919
0.846751
0.846481
0.856086
0.856348
0.856513
0.856611
0.856668
0.856699
0.856716
0.856725
0.85673
0.856733
0.856734
0.856735
0.856736
0.856736
0.856736
0.856736
0.856737
0.856737
0.856737
0.856737
0.856737
0.856737
0.856737
0.856737
0.856737
0.856737
0.856737
0.856737
0.856737
0.856737
0.856737
0.856737
0.856737
0.856737
0.856737
0.856737
0.856737
0.856737
0.856737
0.856737
0.856737
0.856737
0.856737
0.856737
0.856736
0.856736
0.856736
0.856736
0.856735
0.856734
0.856733
0.85673
0.856725
0.856716
0.856699
0.856668
0.856611
0.856513
0.856348
0.856086
0.865195
0.865448
0.865609
0.865707
0.865764
0.865795
0.865813
0.865823
0.865828
0.865831
0.865832
0.865833
0.865834
0.865834
0.865834
0.865835
0.865835
0.865835
0.865835
0.865835
0.865835
0.865835
0.865835
0.865835
0.865835
0.865835
0.865835
0.865835
0.865835
0.865835
0.865835
0.865835
0.865835
0.865835
0.865835
0.865835
0.865835
0.865835
0.865835
0.865835
0.865835
0.865835
0.865835
0.865835
0.865835
0.865834
0.865834
0.865834
0.865833
0.865832
0.865831
0.865828
0.865823
0.865813
0.865795
0.865764
0.865707
0.865609
0.865448
0.865195
0.873827
0.87407
0.874228
0.874325
0.874382
0.874414
0.874432
0.874442
0.874447
0.874451
0.874452
0.874453
0.874454
0.874454
0.874454
0.874454
0.874455
0.874455
0.874455
0.874455
0.874455
0.874455
0.874455
0.874455
0.874455
0.874455
0.874455
0.874455
0.874455
0.874455
0.874455
0.874455
0.874455
0.874455
0.874455
0.874455
0.874455
0.874455
0.874455
0.874455
0.874455
0.874455
0.874455
0.874455
0.874454
0.874454
0.874454
0.874454
0.874453
0.874452
0.874451
0.874447
0.874442
0.874432
0.874414
0.874382
0.874325
0.874228
0.87407
0.873827
0.881999
0.882233
0.882388
0.882483
0.88254
0.882573
0.882591
0.882602
0.882608
0.882611
0.882613
0.882614
0.882614
0.882615
0.882615
0.882615
0.882615
0.882615
0.882615
0.882615
0.882615
0.882615
0.882615
0.882615
0.882615
0.882615
0.882615
0.882615
0.882615
0.882615
0.882615
0.882615
0.882615
0.882615
0.882615
0.882615
0.882615
0.882615
0.882615
0.882615
0.882615
0.882615
0.882615
0.882615
0.882615
0.882615
0.882615
0.882614
0.882614
0.882613
0.882611
0.882608
0.882602
0.882591
0.882573
0.88254
0.882483
0.882388
0.882233
0.881999
0.889731
0.889956
0.890106
0.890201
0.890258
0.890291
0.89031
0.890321
0.890327
0.89033
0.890332
0.890333
0.890334
0.890334
0.890334
0.890334
0.890334
0.890335
0.890335
0.890335
0.890335
0.890335
0.890335
0.890335
0.890335
0.890335
0.890335
0.890335
0.890335
0.890335
0.890335
0.890335
0.890335
0.890335
0.890335
0.890335
0.890335
0.890335
0.890335
0.890335
0.890335
0.890335
0.890335
0.890334
0.890334
0.890334
0.890334
0.890334
0.890333
0.890332
0.89033
0.890327
0.890321
0.89031
0.890291
0.890258
0.890201
0.890106
0.889956
0.889731
0.89704
0.897257
0.897403
0.897496
0.897552
0.897586
0.897606
0.897617
0.897623
0.897626
0.897629
0.89763
0.89763
0.897631
0.897631
0.897631
0.897631
0.897631
0.897631
0.897631
0.897631
0.897631
0.897631
0.897631
0.897631
0.897631
0.897631
0.897631
0.897631
0.897631
0.897631
0.897631
0.897631
0.897631
0.897631
0.897631
0.897631
0.897631
0.897631
0.897631
0.897631
0.897631
0.897631
0.897631
0.897631
0.897631
0.897631
0.89763
0.89763
0.897629
0.897626
0.897623
0.897617
0.897606
0.897586
0.897552
0.897496
0.897403
0.897257
0.89704
0.903944
0.904152
0.904294
0.904386
0.904442
0.904476
0.904496
0.904507
0.904514
0.904518
0.90452
0.904521
0.904522
0.904522
0.904522
0.904522
0.904522
0.904522
0.904522
0.904522
0.904522
0.904522
0.904522
0.904522
0.904522
0.904522
0.904522
0.904522
0.904522
0.904522
0.904522
0.904522
0.904522
0.904522
0.904522
0.904522
0.904522
0.904522
0.904522
0.904522
0.904522
0.904522
0.904522
0.904522
0.904522
0.904522
0.904522
0.904522
0.904521
0.90452
0.904518
0.904514
0.904507
0.904496
0.904476
0.904442
0.904386
0.904294
0.904152
0.903944
0.910461
0.910661
0.910798
0.910888
0.910944
0.910978
0.910998
0.91101
0.911017
0.911021
0.911023
0.911024
0.911025
0.911025
0.911026
0.911026
0.911026
0.911026
0.911026
0.911026
0.911026
0.911026
0.911026
0.911026
0.911026
0.911026
0.911026
0.911026
0.911026
0.911026
0.911026
0.911026
0.911026
0.911026
0.911026
0.911026
0.911026
0.911026
0.911026
0.911026
0.911026
0.911026
0.911026
0.911026
0.911026
0.911026
0.911025
0.911025
0.911024
0.911023
0.911021
0.911017
0.91101
0.910998
0.910978
0.910944
0.910888
0.910798
0.910661
0.910461
0.916607
0.916798
0.916931
0.917019
0.917075
0.917109
0.917129
0.917142
0.917149
0.917153
0.917155
0.917156
0.917157
0.917158
0.917158
0.917158
0.917158
0.917158
0.917158
0.917158
0.917158
0.917158
0.917158
0.917158
0.917158
0.917158
0.917158
0.917158
0.917158
0.917158
0.917158
0.917158
0.917158
0.917158
0.917158
0.917158
0.917158
0.917158
0.917158
0.917158
0.917158
0.917158
0.917158
0.917158
0.917158
0.917158
0.917158
0.917157
0.917156
0.917155
0.917153
0.917149
0.917142
0.917129
0.917109
0.917075
0.917019
0.916931
0.916798
0.916607
0.922398
0.922581
0.92271
0.922796
0.922851
0.922885
0.922906
0.922918
0.922926
0.92293
0.922932
0.922934
0.922935
0.922935
0.922935
0.922935
0.922936
0.922936
0.922935
0.922935
0.922935
0.922935
0.922935
0.922935
0.922935
0.922935
0.922935
0.922935
0.922935
0.922935
0.922935
0.922935
0.922935
0.922935
0.922935
0.922935
0.922935
0.922935
0.922935
0.922935
0.922935
0.922935
0.922936
0.922936
0.922935
0.922935
0.922935
0.922935
0.922934
0.922932
0.92293
0.922926
0.922918
0.922906
0.922885
0.922851
0.922796
0.92271
0.922581
0.922398
0.927852
0.928026
0.92815
0.928234
0.928288
0.928323
0.928344
0.928357
0.928364
0.928369
0.928371
0.928373
0.928374
0.928374
0.928374
0.928374
0.928374
0.928374
0.928374
0.928374
0.928374
0.928374
0.928374
0.928374
0.928374
0.928374
0.928374
0.928374
0.928374
0.928374
0.928374
0.928374
0.928374
0.928374
0.928374
0.928374
0.928374
0.928374
0.928374
0.928374
0.928374
0.928374
0.928374
0.928374
0.928374
0.928374
0.928374
0.928374
0.928373
0.928371
0.928369
0.928364
0.928357
0.928344
0.928323
0.928288
0.928234
0.92815
0.928026
0.927852
0.932982
0.933148
0.933268
0.933349
0.933403
0.933437
0.933459
0.933472
0.933479
0.933484
0.933487
0.933488
0.933489
0.93349
0.93349
0.93349
0.93349
0.93349
0.93349
0.93349
0.93349
0.93349
0.93349
0.93349
0.93349
0.93349
0.93349
0.93349
0.93349
0.93349
0.93349
0.93349
0.93349
0.93349
0.93349
0.93349
0.93349
0.93349
0.93349
0.93349
0.93349
0.93349
0.93349
0.93349
0.93349
0.93349
0.93349
0.933489
0.933488
0.933487
0.933484
0.933479
0.933472
0.933459
0.933437
0.933403
0.933349
0.933268
0.933148
0.932982
0.937804
0.937963
0.938078
0.938157
0.93821
0.938244
0.938266
0.938279
0.938287
0.938292
0.938294
0.938296
0.938297
0.938298
0.938298
0.938298
0.938298
0.938298
0.938298
0.938298
0.938298
0.938298
0.938298
0.938298
0.938298
0.938298
0.938298
0.938297
0.938297
0.938297
0.938297
0.938297
0.938297
0.938298
0.938298
0.938298
0.938298
0.938298
0.938298
0.938298
0.938298
0.938298
0.938298
0.938298
0.938298
0.938298
0.938298
0.938297
0.938296
0.938294
0.938292
0.938287
0.938279
0.938266
0.938244
0.93821
0.938157
0.938078
0.937963
0.937804
0.942333
0.942484
0.942595
0.942672
0.942724
0.942758
0.942779
0.942792
0.942801
0.942806
0.942809
0.94281
0.942812
0.942812
0.942812
0.942812
0.942812
0.942812
0.942812
0.942812
0.942812
0.942812
0.942812
0.942812
0.942812
0.942812
0.942812
0.942812
0.942812
0.942812
0.942812
0.942812
0.942812
0.942812
0.942812
0.942812
0.942812
0.942812
0.942812
0.942812
0.942812
0.942812
0.942812
0.942812
0.942812
0.942812
0.942812
0.942812
0.94281
0.942809
0.942806
0.942801
0.942792
0.942779
0.942758
0.942724
0.942672
0.942595
0.942484
0.942333
0.946583
0.946727
0.946833
0.946908
0.946958
0.946992
0.947014
0.947027
0.947036
0.947041
0.947044
0.947046
0.947047
0.947047
0.947048
0.947048
0.947048
0.947048
0.947048
0.947048
0.947048
0.947048
0.947047
0.947047
0.947047
0.947047
0.947047
0.947047
0.947047
0.947047
0.947047
0.947047
0.947047
0.947047
0.947047
0.947047
0.947047
0.947047
0.947048
0.947048
0.947048
0.947048
0.947048
0.947048
0.947048
0.947048
0.947047
0.947047
0.947046
0.947044
0.947041
0.947036
0.947027
0.947014
0.946992
0.946958
0.946908
0.946833
0.946727
0.946583
0.950568
0.950704
0.950806
0.950878
0.950928
0.950961
0.950983
0.950996
0.951005
0.95101
0.951014
0.951016
0.951017
0.951017
0.951018
0.951018
0.951018
0.951018
0.951018
0.951018
0.951018
0.951018
0.951017
0.951017
0.951017
0.951017
0.951017
0.951017
0.951017
0.951017
0.951017
0.951017
0.951017
0.951017
0.951017
0.951017
0.951017
0.951017
0.951018
0.951018
0.951018
0.951018
0.951018
0.951018
0.951018
0.951018
0.951017
0.951017
0.951016
0.951014
0.95101
0.951005
0.950996
0.950983
0.950961
0.950928
0.950878
0.950806
0.950704
0.950568
0.954301
0.95443
0.954527
0.954597
0.954646
0.954678
0.9547
0.954714
0.954723
0.954728
0.954731
0.954733
0.954735
0.954735
0.954736
0.954736
0.954736
0.954736
0.954736
0.954736
0.954736
0.954736
0.954735
0.954735
0.954735
0.954735
0.954735
0.954735
0.954735
0.954735
0.954735
0.954735
0.954735
0.954735
0.954735
0.954735
0.954735
0.954735
0.954736
0.954736
0.954736
0.954736
0.954736
0.954736
0.954736
0.954736
0.954735
0.954735
0.954733
0.954731
0.954728
0.954723
0.954714
0.9547
0.954678
0.954646
0.954597
0.954527
0.95443
0.954301
0.957795
0.957917
0.95801
0.958077
0.958124
0.958157
0.958178
0.958192
0.958201
0.958207
0.95821
0.958212
0.958213
0.958214
0.958215
0.958215
0.958215
0.958215
0.958215
0.958215
0.958214
0.958214
0.958214
0.958214
0.958214
0.958214
0.958214
0.958214
0.958214
0.958214
0.958214
0.958214
0.958214
0.958214
0.958214
0.958214
0.958214
0.958214
0.958214
0.958214
0.958215
0.958215
0.958215
0.958215
0.958215
0.958215
0.958214
0.958213
0.958212
0.95821
0.958207
0.958201
0.958192
0.958178
0.958157
0.958124
0.958077
0.95801
0.957917
0.957795
0.961062
0.961177
0.961266
0.961331
0.961377
0.961408
0.961429
0.961443
0.961452
0.961458
0.961462
0.961464
0.961465
0.961466
0.961467
0.961467
0.961467
0.961467
0.961467
0.961467
0.961466
0.961466
0.961466
0.961466
0.961466
0.961466
0.961466
0.961466
0.961466
0.961466
0.961466
0.961466
0.961466
0.961466
0.961466
0.961466
0.961466
0.961466
0.961466
0.961466
0.961467
0.961467
0.961467
0.961467
0.961467
0.961467
0.961466
0.961465
0.961464
0.961462
0.961458
0.961452
0.961443
0.961429
0.961408
0.961377
0.961331
0.961266
0.961177
0.961062
0.964114
0.964223
0.964307
0.964369
0.964414
0.964445
0.964466
0.96448
0.964489
0.964495
0.964499
0.964501
0.964503
0.964503
0.964504
0.964504
0.964504
0.964504
0.964504
0.964504
0.964504
0.964504
0.964503
0.964503
0.964503
0.964503
0.964503
0.964503
0.964503
0.964503
0.964503
0.964503
0.964503
0.964503
0.964503
0.964503
0.964503
0.964503
0.964504
0.964504
0.964504
0.964504
0.964504
0.964504
0.964504
0.964504
0.964503
0.964503
0.964501
0.964499
0.964495
0.964489
0.96448
0.964466
0.964445
0.964414
0.964369
0.964307
0.964223
0.964114
0.966962
0.967066
0.967145
0.967205
0.967248
0.967279
0.967299
0.967313
0.967323
0.967329
0.967332
0.967335
0.967336
0.967337
0.967338
0.967338
0.967338
0.967338
0.967338
0.967338
0.967338
0.967337
0.967337
0.967337
0.967337
0.967337
0.967337
0.967337
0.967337
0.967337
0.967337
0.967337
0.967337
0.967337
0.967337
0.967337
0.967337
0.967337
0.967337
0.967338
0.967338
0.967338
0.967338
0.967338
0.967338
0.967338
0.967337
0.967336
0.967335
0.967332
0.967329
0.967323
0.967313
0.967299
0.967279
0.967248
0.967205
0.967145
0.967066
0.966962
0.969619
0.969716
0.969792
0.969849
0.969891
0.96992
0.969941
0.969955
0.969964
0.96997
0.969974
0.969976
0.969978
0.969979
0.969979
0.96998
0.96998
0.96998
0.96998
0.969979
0.969979
0.969979
0.969979
0.969979
0.969979
0.969979
0.969979
0.969979
0.969979
0.969979
0.969979
0.969979
0.969979
0.969979
0.969979
0.969979
0.969979
0.969979
0.969979
0.969979
0.969979
0.96998
0.96998
0.96998
0.96998
0.969979
0.969979
0.969978
0.969976
0.969974
0.96997
0.969964
0.969955
0.969941
0.96992
0.969891
0.969849
0.969792
0.969716
0.969619
0.972093
0.972185
0.972257
0.972311
0.972352
0.97238
0.9724
0.972414
0.972424
0.97243
0.972434
0.972436
0.972438
0.972439
0.972439
0.97244
0.97244
0.97244
0.97244
0.97244
0.972439
0.972439
0.972439
0.972439
0.972439
0.972439
0.972439
0.972439
0.972439
0.972439
0.972439
0.972439
0.972439
0.972439
0.972439
0.972439
0.972439
0.972439
0.972439
0.972439
0.97244
0.97244
0.97244
0.97244
0.97244
0.972439
0.972439
0.972438
0.972436
0.972434
0.97243
0.972424
0.972414
0.9724
0.97238
0.972352
0.972311
0.972257
0.972185
0.972093
0.974396
0.974482
0.97455
0.974603
0.974641
0.974669
0.974689
0.974703
0.974712
0.974718
0.974722
0.974725
0.974727
0.974728
0.974728
0.974728
0.974728
0.974728
0.974728
0.974728
0.974728
0.974728
0.974728
0.974728
0.974728
0.974728
0.974727
0.974727
0.974727
0.974727
0.974727
0.974727
0.974727
0.974727
0.974728
0.974728
0.974728
0.974728
0.974728
0.974728
0.974728
0.974728
0.974728
0.974728
0.974728
0.974728
0.974728
0.974727
0.974725
0.974722
0.974718
0.974712
0.974703
0.974689
0.974669
0.974641
0.974603
0.97455
0.974482
0.974396
0.976537
0.976618
0.976683
0.976732
0.976769
0.976797
0.976816
0.976829
0.976839
0.976845
0.976849
0.976852
0.976854
0.976855
0.976855
0.976855
0.976856
0.976856
0.976856
0.976855
0.976855
0.976855
0.976855
0.976855
0.976855
0.976855
0.976855
0.976855
0.976854
0.976854
0.976854
0.976854
0.976855
0.976855
0.976855
0.976855
0.976855
0.976855
0.976855
0.976855
0.976855
0.976856
0.976856
0.976856
0.976855
0.976855
0.976855
0.976854
0.976852
0.976849
0.976845
0.976839
0.976829
0.976816
0.976797
0.976769
0.976732
0.976683
0.976618
0.976537
0.978526
0.978602
0.978663
0.97871
0.978746
0.978772
0.978791
0.978804
0.978813
0.97882
0.978824
0.978827
0.978828
0.978829
0.97883
0.97883
0.97883
0.97883
0.97883
0.97883
0.97883
0.97883
0.97883
0.97883
0.97883
0.97883
0.978829
0.978829
0.978829
0.978829
0.978829
0.978829
0.978829
0.978829
0.97883
0.97883
0.97883
0.97883
0.97883
0.97883
0.97883
0.97883
0.97883
0.97883
0.97883
0.97883
0.978829
0.978828
0.978827
0.978824
0.97882
0.978813
0.978804
0.978791
0.978772
0.978746
0.97871
0.978663
0.978602
0.978526
0.980372
0.980443
0.9805
0.980545
0.980579
0.980604
0.980622
0.980635
0.980645
0.980651
0.980655
0.980658
0.98066
0.980661
0.980662
0.980662
0.980662
0.980662
0.980662
0.980662
0.980662
0.980662
0.980662
0.980661
0.980661
0.980661
0.980661
0.980661
0.980661
0.980661
0.980661
0.980661
0.980661
0.980661
0.980661
0.980661
0.980661
0.980662
0.980662
0.980662
0.980662
0.980662
0.980662
0.980662
0.980662
0.980662
0.980661
0.98066
0.980658
0.980655
0.980651
0.980645
0.980635
0.980622
0.980604
0.980579
0.980545
0.9805
0.980443
0.980372
0.982082
0.982149
0.982202
0.982245
0.982277
0.982302
0.982319
0.982332
0.982341
0.982348
0.982352
0.982355
0.982357
0.982358
0.982358
0.982359
0.982359
0.982359
0.982359
0.982359
0.982359
0.982359
0.982358
0.982358
0.982358
0.982358
0.982358
0.982358
0.982358
0.982358
0.982358
0.982358
0.982358
0.982358
0.982358
0.982358
0.982358
0.982358
0.982359
0.982359
0.982359
0.982359
0.982359
0.982359
0.982359
0.982358
0.982358
0.982357
0.982355
0.982352
0.982348
0.982341
0.982332
0.982319
0.982302
0.982277
0.982245
0.982202
0.982149
0.982082
0.983666
0.983728
0.983778
0.983818
0.983849
0.983873
0.98389
0.983903
0.983912
0.983918
0.983922
0.983925
0.983927
0.983928
0.983929
0.983929
0.983929
0.983929
0.983929
0.983929
0.983929
0.983929
0.983929
0.983929
0.983929
0.983929
0.983928
0.983928
0.983928
0.983928
0.983928
0.983928
0.983928
0.983928
0.983929
0.983929
0.983929
0.983929
0.983929
0.983929
0.983929
0.983929
0.983929
0.983929
0.983929
0.983929
0.983928
0.983927
0.983925
0.983922
0.983918
0.983912
0.983903
0.98389
0.983873
0.983849
0.983818
0.983778
0.983728
0.983666
0.985131
0.985188
0.985236
0.985274
0.985303
0.985325
0.985342
0.985354
0.985363
0.985369
0.985374
0.985377
0.985378
0.98538
0.98538
0.985381
0.985381
0.985381
0.985381
0.985381
0.985381
0.985381
0.985381
0.98538
0.98538
0.98538
0.98538
0.98538
0.98538
0.98538
0.98538
0.98538
0.98538
0.98538
0.98538
0.98538
0.98538
0.985381
0.985381
0.985381
0.985381
0.985381
0.985381
0.985381
0.985381
0.98538
0.98538
0.985378
0.985377
0.985374
0.985369
0.985363
0.985354
0.985342
0.985325
0.985303
0.985274
0.985236
0.985188
0.985131
0.986484
0.986538
0.986582
0.986617
0.986645
0.986667
0.986683
0.986695
0.986703
0.98671
0.986714
0.986717
0.986719
0.98672
0.986721
0.986721
0.986721
0.986722
0.986722
0.986721
0.986721
0.986721
0.986721
0.986721
0.986721
0.986721
0.986721
0.98672
0.98672
0.98672
0.98672
0.98672
0.98672
0.986721
0.986721
0.986721
0.986721
0.986721
0.986721
0.986721
0.986721
0.986722
0.986722
0.986721
0.986721
0.986721
0.98672
0.986719
0.986717
0.986714
0.98671
0.986703
0.986695
0.986683
0.986667
0.986645
0.986617
0.986582
0.986538
0.986484
0.987732
0.987782
0.987824
0.987857
0.987884
0.987904
0.98792
0.987931
0.987939
0.987946
0.98795
0.987953
0.987955
0.987956
0.987957
0.987957
0.987958
0.987958
0.987958
0.987958
0.987957
0.987957
0.987957
0.987957
0.987957
0.987957
0.987957
0.987957
0.987957
0.987957
0.987957
0.987957
0.987957
0.987957
0.987957
0.987957
0.987957
0.987957
0.987957
0.987957
0.987958
0.987958
0.987958
0.987958
0.987957
0.987957
0.987956
0.987955
0.987953
0.98795
0.987946
0.987939
0.987931
0.98792
0.987904
0.987884
0.987857
0.987824
0.987782
0.987732
0.988883
0.98893
0.988968
0.989
0.989024
0.989044
0.989059
0.98907
0.989078
0.989084
0.989088
0.989091
0.989093
0.989095
0.989095
0.989096
0.989096
0.989096
0.989096
0.989096
0.989096
0.989096
0.989096
0.989096
0.989095
0.989095
0.989095
0.989095
0.989095
0.989095
0.989095
0.989095
0.989095
0.989095
0.989095
0.989095
0.989096
0.989096
0.989096
0.989096
0.989096
0.989096
0.989096
0.989096
0.989096
0.989095
0.989095
0.989093
0.989091
0.989088
0.989084
0.989078
0.98907
0.989059
0.989044
0.989024
0.989
0.988968
0.98893
0.988883
0.989942
0.989985
0.990021
0.990051
0.990074
0.990093
0.990107
0.990118
0.990126
0.990131
0.990136
0.990139
0.990141
0.990142
0.990143
0.990143
0.990144
0.990144
0.990144
0.990144
0.990144
0.990143
0.990143
0.990143
0.990143
0.990143
0.990143
0.990143
0.990143
0.990143
0.990143
0.990143
0.990143
0.990143
0.990143
0.990143
0.990143
0.990143
0.990143
0.990144
0.990144
0.990144
0.990144
0.990144
0.990143
0.990143
0.990142
0.990141
0.990139
0.990136
0.990131
0.990126
0.990118
0.990107
0.990093
0.990074
0.990051
0.990021
0.989985
0.989942
0.990916
0.990956
0.990989
0.991017
0.991039
0.991056
0.99107
0.99108
0.991088
0.991094
0.991098
0.991101
0.991103
0.991104
0.991105
0.991106
0.991106
0.991106
0.991106
0.991106
0.991106
0.991106
0.991106
0.991105
0.991105
0.991105
0.991105
0.991105
0.991105
0.991105
0.991105
0.991105
0.991105
0.991105
0.991105
0.991105
0.991105
0.991106
0.991106
0.991106
0.991106
0.991106
0.991106
0.991106
0.991106
0.991105
0.991104
0.991103
0.991101
0.991098
0.991094
0.991088
0.99108
0.99107
0.991056
0.991039
0.991017
0.990989
0.990956
0.990916
0.99181
0.991847
0.991878
0.991904
0.991924
0.991941
0.991954
0.991964
0.991971
0.991977
0.991981
0.991984
0.991986
0.991987
0.991988
0.991989
0.991989
0.991989
0.991989
0.991989
0.991989
0.991989
0.991989
0.991988
0.991988
0.991988
0.991988
0.991988
0.991988
0.991988
0.991988
0.991988
0.991988
0.991988
0.991988
0.991988
0.991988
0.991989
0.991989
0.991989
0.991989
0.991989
0.991989
0.991989
0.991989
0.991988
0.991987
0.991986
0.991984
0.991981
0.991977
0.991971
0.991964
0.991954
0.991941
0.991924
0.991904
0.991878
0.991847
0.99181
0.99263
0.992664
0.992693
0.992716
0.992736
0.992751
0.992764
0.992773
0.99278
0.992786
0.99279
0.992793
0.992795
0.992796
0.992797
0.992797
0.992798
0.992798
0.992798
0.992798
0.992798
0.992798
0.992798
0.992797
0.992797
0.992797
0.992797
0.992797
0.992797
0.992797
0.992797
0.992797
0.992797
0.992797
0.992797
0.992797
0.992797
0.992798
0.992798
0.992798
0.992798
0.992798
0.992798
0.992798
0.992797
0.992797
0.992796
0.992795
0.992793
0.99279
0.992786
0.99278
0.992773
0.992764
0.992751
0.992736
0.992716
0.992693
0.992664
0.99263
0.99338
0.993412
0.993438
0.99346
0.993479
0.993493
0.993505
0.993514
0.993521
0.993526
0.99353
0.993533
0.993535
0.993536
0.993537
0.993538
0.993538
0.993538
0.993538
0.993538
0.993538
0.993538
0.993538
0.993538
0.993537
0.993537
0.993537
0.993537
0.993537
0.993537
0.993537
0.993537
0.993537
0.993537
0.993537
0.993537
0.993538
0.993538
0.993538
0.993538
0.993538
0.993538
0.993538
0.993538
0.993538
0.993537
0.993536
0.993535
0.993533
0.99353
0.993526
0.993521
0.993514
0.993505
0.993493
0.993479
0.99346
0.993438
0.993412
0.99338
0.994067
0.994095
0.99412
0.99414
0.994157
0.994171
0.994182
0.994191
0.994197
0.994202
0.994206
0.994209
0.994211
0.994212
0.994213
0.994214
0.994214
0.994214
0.994214
0.994214
0.994214
0.994214
0.994214
0.994214
0.994214
0.994213
0.994213
0.994213
0.994213
0.994213
0.994213
0.994213
0.994213
0.994213
0.994213
0.994214
0.994214
0.994214
0.994214
0.994214
0.994214
0.994214
0.994214
0.994214
0.994214
0.994213
0.994212
0.994211
0.994209
0.994206
0.994202
0.994197
0.994191
0.994182
0.994171
0.994157
0.99414
0.99412
0.994095
0.994067
0.994693
0.994719
0.994742
0.994761
0.994777
0.99479
0.9948
0.994808
0.994814
0.994819
0.994823
0.994825
0.994827
0.994829
0.99483
0.99483
0.994831
0.994831
0.994831
0.994831
0.994831
0.994831
0.994831
0.99483
0.99483
0.99483
0.99483
0.99483
0.99483
0.99483
0.99483
0.99483
0.99483
0.99483
0.99483
0.99483
0.99483
0.994831
0.994831
0.994831
0.994831
0.994831
0.994831
0.994831
0.99483
0.99483
0.994829
0.994827
0.994825
0.994823
0.994819
0.994814
0.994808
0.9948
0.99479
0.994777
0.994761
0.994742
0.994719
0.994693
0.995264
0.995288
0.995309
0.995326
0.995341
0.995353
0.995363
0.99537
0.995376
0.995381
0.995384
0.995387
0.995389
0.99539
0.995391
0.995392
0.995392
0.995392
0.995392
0.995392
0.995392
0.995392
0.995392
0.995392
0.995392
0.995392
0.995392
0.995392
0.995392
0.995392
0.995392
0.995392
0.995392
0.995392
0.995392
0.995392
0.995392
0.995392
0.995392
0.995392
0.995392
0.995392
0.995392
0.995392
0.995392
0.995391
0.99539
0.995389
0.995387
0.995384
0.995381
0.995376
0.99537
0.995363
0.995353
0.995341
0.995326
0.995309
0.995288
0.995264
0.995783
0.995805
0.995824
0.995841
0.995854
0.995865
0.995874
0.995881
0.995887
0.995892
0.995895
0.995897
0.995899
0.995901
0.995902
0.995902
0.995903
0.995903
0.995903
0.995903
0.995903
0.995903
0.995903
0.995902
0.995902
0.995902
0.995902
0.995902
0.995902
0.995902
0.995902
0.995902
0.995902
0.995902
0.995902
0.995902
0.995902
0.995903
0.995903
0.995903
0.995903
0.995903
0.995903
0.995903
0.995902
0.995902
0.995901
0.995899
0.995897
0.995895
0.995892
0.995887
0.995881
0.995874
0.995865
0.995854
0.995841
0.995824
0.995805
0.995783
0.996255
0.996275
0.996293
0.996307
0.99632
0.99633
0.996339
0.996346
0.996351
0.996355
0.996358
0.996361
0.996363
0.996364
0.996365
0.996365
0.996366
0.996366
0.996366
0.996366
0.996366
0.996366
0.996366
0.996366
0.996366
0.996366
0.996365
0.996365
0.996365
0.996365
0.996365
0.996365
0.996365
0.996365
0.996366
0.996366
0.996366
0.996366
0.996366
0.996366
0.996366
0.996366
0.996366
0.996366
0.996365
0.996365
0.996364
0.996363
0.996361
0.996358
0.996355
0.996351
0.996346
0.996339
0.99633
0.99632
0.996307
0.996293
0.996275
0.996255
0.996683
0.996701
0.996717
0.996731
0.996742
0.996752
0.99676
0.996766
0.996771
0.996775
0.996778
0.99678
0.996782
0.996783
0.996784
0.996785
0.996785
0.996785
0.996786
0.996786
0.996786
0.996786
0.996785
0.996785
0.996785
0.996785
0.996785
0.996785
0.996785
0.996785
0.996785
0.996785
0.996785
0.996785
0.996785
0.996785
0.996785
0.996785
0.996786
0.996786
0.996786
0.996786
0.996785
0.996785
0.996785
0.996784
0.996783
0.996782
0.99678
0.996778
0.996775
0.996771
0.996766
0.99676
0.996752
0.996742
0.996731
0.996717
0.996701
0.996683
0.99707
0.997086
0.997101
0.997113
0.997124
0.997133
0.99714
0.997146
0.997151
0.997155
0.997158
0.99716
0.997161
0.997163
0.997164
0.997164
0.997165
0.997165
0.997165
0.997165
0.997165
0.997165
0.997165
0.997165
0.997165
0.997164
0.997164
0.997164
0.997164
0.997164
0.997164
0.997164
0.997164
0.997164
0.997164
0.997165
0.997165
0.997165
0.997165
0.997165
0.997165
0.997165
0.997165
0.997165
0.997164
0.997164
0.997163
0.997161
0.99716
0.997158
0.997155
0.997151
0.997146
0.99714
0.997133
0.997124
0.997113
0.997101
0.997086
0.99707
0.997419
0.997435
0.997448
0.997459
0.997469
0.997477
0.997484
0.997489
0.997494
0.997497
0.9975
0.997502
0.997504
0.997505
0.997506
0.997506
0.997507
0.997507
0.997507
0.997507
0.997507
0.997507
0.997507
0.997507
0.997507
0.997507
0.997507
0.997507
0.997506
0.997506
0.997506
0.997506
0.997507
0.997507
0.997507
0.997507
0.997507
0.997507
0.997507
0.997507
0.997507
0.997507
0.997507
0.997507
0.997506
0.997506
0.997505
0.997504
0.997502
0.9975
0.997497
0.997494
0.997489
0.997484
0.997477
0.997469
0.997459
0.997448
0.997435
0.997419
0.997735
0.997748
0.99776
0.997771
0.99778
0.997787
0.997793
0.997798
0.997802
0.997806
0.997808
0.99781
0.997812
0.997813
0.997814
0.997814
0.997815
0.997815
0.997815
0.997815
0.997815
0.997815
0.997815
0.997815
0.997815
0.997815
0.997815
0.997815
0.997815
0.997815
0.997815
0.997815
0.997815
0.997815
0.997815
0.997815
0.997815
0.997815
0.997815
0.997815
0.997815
0.997815
0.997815
0.997815
0.997814
0.997814
0.997813
0.997812
0.99781
0.997808
0.997806
0.997802
0.997798
0.997793
0.997787
0.99778
0.997771
0.99776
0.997748
0.997735
0.998018
0.998031
0.998041
0.998051
0.998059
0.998066
0.998071
0.998076
0.99808
0.998083
0.998085
0.998087
0.998089
0.99809
0.998091
0.998091
0.998092
0.998092
0.998092
0.998092
0.998092
0.998092
0.998092
0.998092
0.998092
0.998092
0.998092
0.998092
0.998091
0.998091
0.998091
0.998091
0.998092
0.998092
0.998092
0.998092
0.998092
0.998092
0.998092
0.998092
0.998092
0.998092
0.998092
0.998092
0.998091
0.998091
0.99809
0.998089
0.998087
0.998085
0.998083
0.99808
0.998076
0.998071
0.998066
0.998059
0.998051
0.998041
0.998031
0.998018
0.998273
0.998284
0.998294
0.998302
0.99831
0.998316
0.998321
0.998325
0.998329
0.998332
0.998334
0.998336
0.998337
0.998338
0.998339
0.998339
0.99834
0.99834
0.99834
0.99834
0.99834
0.99834
0.99834
0.99834
0.99834
0.99834
0.99834
0.99834
0.99834
0.99834
0.99834
0.99834
0.99834
0.99834
0.99834
0.99834
0.99834
0.99834
0.99834
0.99834
0.99834
0.99834
0.99834
0.99834
0.998339
0.998339
0.998338
0.998337
0.998336
0.998334
0.998332
0.998329
0.998325
0.998321
0.998316
0.99831
0.998302
0.998294
0.998284
0.998273
0.998501
0.998511
0.99852
0.998527
0.998534
0.99854
0.998544
0.998548
0.998552
0.998554
0.998556
0.998558
0.998559
0.99856
0.998561
0.998561
0.998562
0.998562
0.998562
0.998562
0.998562
0.998562
0.998562
0.998562
0.998562
0.998562
0.998562
0.998562
0.998562
0.998562
0.998562
0.998562
0.998562
0.998562
0.998562
0.998562
0.998562
0.998562
0.998562
0.998562
0.998562
0.998562
0.998562
0.998562
0.998561
0.998561
0.99856
0.998559
0.998558
0.998556
0.998554
0.998552
0.998548
0.998544
0.99854
0.998534
0.998527
0.99852
0.998511
0.998501
0.998705
0.998714
0.998722
0.998729
0.998735
0.99874
0.998744
0.998748
0.998751
0.998753
0.998755
0.998756
0.998758
0.998759
0.998759
0.99876
0.99876
0.99876
0.99876
0.99876
0.99876
0.99876
0.99876
0.99876
0.99876
0.99876
0.99876
0.99876
0.99876
0.99876
0.99876
0.99876
0.99876
0.99876
0.99876
0.99876
0.99876
0.99876
0.99876
0.99876
0.99876
0.99876
0.99876
0.99876
0.99876
0.998759
0.998759
0.998758
0.998756
0.998755
0.998753
0.998751
0.998748
0.998744
0.99874
0.998735
0.998729
0.998722
0.998714
0.998705
0.998888
0.998896
0.998903
0.998909
0.998914
0.998918
0.998922
0.998925
0.998928
0.99893
0.998932
0.998934
0.998935
0.998935
0.998936
0.998937
0.998937
0.998937
0.998937
0.998937
0.998937
0.998937
0.998937
0.998937
0.998937
0.998937
0.998937
0.998937
0.998937
0.998937
0.998937
0.998937
0.998937
0.998937
0.998937
0.998937
0.998937
0.998937
0.998937
0.998937
0.998937
0.998937
0.998937
0.998937
0.998937
0.998936
0.998935
0.998935
0.998934
0.998932
0.99893
0.998928
0.998925
0.998922
0.998918
0.998914
0.998909
0.998903
0.998896
0.998888
0.999051
0.999058
0.999064
0.999069
0.999074
0.999078
0.999081
0.999084
0.999086
0.999088
0.99909
0.999091
0.999092
0.999093
0.999094
0.999094
0.999094
0.999094
0.999095
0.999095
0.999095
0.999095
0.999095
0.999095
0.999095
0.999095
0.999094
0.999094
0.999094
0.999094
0.999094
0.999094
0.999094
0.999094
0.999095
0.999095
0.999095
0.999095
0.999095
0.999095
0.999095
0.999095
0.999094
0.999094
0.999094
0.999094
0.999093
0.999092
0.999091
0.99909
0.999088
0.999086
0.999084
0.999081
0.999078
0.999074
0.999069
0.999064
0.999058
0.999051
0.999196
0.999202
0.999207
0.999212
0.999216
0.99922
0.999223
0.999225
0.999227
0.999229
0.99923
0.999232
0.999233
0.999233
0.999234
0.999234
0.999234
0.999235
0.999235
0.999235
0.999235
0.999235
0.999235
0.999235
0.999235
0.999235
0.999235
0.999235
0.999235
0.999235
0.999235
0.999235
0.999235
0.999235
0.999235
0.999235
0.999235
0.999235
0.999235
0.999235
0.999235
0.999235
0.999235
0.999234
0.999234
0.999234
0.999233
0.999233
0.999232
0.99923
0.999229
0.999227
0.999225
0.999223
0.99922
0.999216
0.999212
0.999207
0.999202
0.999196
0.999326
0.999331
0.999335
0.999339
0.999343
0.999346
0.999349
0.999351
0.999353
0.999354
0.999356
0.999357
0.999357
0.999358
0.999359
0.999359
0.999359
0.999359
0.999359
0.99936
0.99936
0.99936
0.99936
0.99936
0.999359
0.999359
0.999359
0.999359
0.999359
0.999359
0.999359
0.999359
0.999359
0.999359
0.999359
0.999359
0.99936
0.99936
0.99936
0.99936
0.99936
0.999359
0.999359
0.999359
0.999359
0.999359
0.999358
0.999357
0.999357
0.999356
0.999354
0.999353
0.999351
0.999349
0.999346
0.999343
0.999339
0.999335
0.999331
0.999326
0.999442
0.999446
0.99945
0.999453
0.999457
0.999459
0.999461
0.999463
0.999465
0.999466
0.999467
0.999468
0.999469
0.99947
0.99947
0.99947
0.999471
0.999471
0.999471
0.999471
0.999471
0.999471
0.999471
0.999471
0.999471
0.999471
0.999471
0.999471
0.999471
0.999471
0.999471
0.999471
0.999471
0.999471
0.999471
0.999471
0.999471
0.999471
0.999471
0.999471
0.999471
0.999471
0.999471
0.999471
0.99947
0.99947
0.99947
0.999469
0.999468
0.999467
0.999466
0.999465
0.999463
0.999461
0.999459
0.999457
0.999453
0.99945
0.999446
0.999442
0.999546
0.99955
0.999553
0.999556
0.999559
0.999561
0.999563
0.999564
0.999566
0.999567
0.999568
0.999569
0.999569
0.99957
0.99957
0.99957
0.99957
0.999571
0.999571
0.999571
0.999571
0.999571
0.999571
0.999571
0.999571
0.999571
0.999571
0.999571
0.999571
0.999571
0.999571
0.999571
0.999571
0.999571
0.999571
0.999571
0.999571
0.999571
0.999571
0.999571
0.999571
0.999571
0.999571
0.99957
0.99957
0.99957
0.99957
0.999569
0.999569
0.999568
0.999567
0.999566
0.999564
0.999563
0.999561
0.999559
0.999556
0.999553
0.99955
0.999546
0.999641
0.999644
0.999647
0.999649
0.999651
0.999653
0.999654
0.999656
0.999657
0.999658
0.999658
0.999659
0.99966
0.99966
0.99966
0.999661
0.999661
0.999661
0.999661
0.999661
0.999661
0.999661
0.999661
0.999661
0.999661
0.999661
0.999661
0.999661
0.999661
0.999661
0.999661
0.999661
0.999661
0.999661
0.999661
0.999661
0.999661
0.999661
0.999661
0.999661
0.999661
0.999661
0.999661
0.999661
0.999661
0.99966
0.99966
0.99966
0.999659
0.999658
0.999658
0.999657
0.999656
0.999654
0.999653
0.999651
0.999649
0.999647
0.999644
0.999641
0.999728
0.99973
0.999732
0.999734
0.999736
0.999737
0.999738
0.999739
0.99974
0.999741
0.999742
0.999742
0.999742
0.999743
0.999743
0.999743
0.999743
0.999743
0.999743
0.999744
0.999744
0.999744
0.999744
0.999744
0.999744
0.999744
0.999743
0.999743
0.999743
0.999743
0.999743
0.999743
0.999743
0.999743
0.999744
0.999744
0.999744
0.999744
0.999744
0.999744
0.999744
0.999743
0.999743
0.999743
0.999743
0.999743
0.999743
0.999742
0.999742
0.999742
0.999741
0.99974
0.999739
0.999738
0.999737
0.999736
0.999734
0.999732
0.99973
0.999728
0.999811
0.999811
0.999813
0.999814
0.999815
0.999816
0.999817
0.999818
0.999818
0.999819
0.999819
0.999819
0.99982
0.99982
0.99982
0.99982
0.99982
0.99982
0.99982
0.999821
0.999821
0.999821
0.999821
0.999821
0.999821
0.999821
0.99982
0.99982
0.99982
0.99982
0.99982
0.99982
0.99982
0.99982
0.999821
0.999821
0.999821
0.999821
0.999821
0.999821
0.999821
0.99982
0.99982
0.99982
0.99982
0.99982
0.99982
0.99982
0.999819
0.999819
0.999819
0.999818
0.999818
0.999817
0.999816
0.999815
0.999814
0.999813
0.999811
0.999811
0.999889
0.999889
0.999889
0.99989
0.99989
0.999891
0.999892
0.999892
0.999892
0.999893
0.999893
0.999893
0.999893
0.999893
0.999894
0.999894
0.999894
0.999894
0.999894
0.999894
0.999894
0.999894
0.999894
0.999894
0.999894
0.999894
0.999894
0.999894
0.999894
0.999894
0.999894
0.999894
0.999894
0.999894
0.999894
0.999894
0.999894
0.999894
0.999894
0.999894
0.999894
0.999894
0.999894
0.999894
0.999894
0.999894
0.999893
0.999893
0.999893
0.999893
0.999893
0.999892
0.999892
0.999892
0.999891
0.99989
0.99989
0.999889
0.999889
0.999889
0.999963
0.999963
0.999963
0.999963
0.999964
0.999964
0.999964
0.999964
0.999964
0.999964
0.999965
0.999965
0.999965
0.999965
0.999965
0.999965
0.999965
0.999965
0.999965
0.999965
0.999965
0.999965
0.999965
0.999965
0.999965
0.999965
0.999965
0.999965
0.999965
0.999965
0.999965
0.999965
0.999965
0.999965
0.999965
0.999965
0.999965
0.999965
0.999965
0.999965
0.999965
0.999965
0.999965
0.999965
0.999965
0.999965
0.999965
0.999965
0.999965
0.999965
0.999964
0.999964
0.999964
0.999964
0.999964
0.999964
0.999963
0.999963
0.999963
0.999963
)
;

boundaryField
{
    top
    {
        type            fixedValue;
        value           uniform 1;
    }
    bottom
    {
        type            fixedIonicFlux;
        value           nonuniform List<scalar> 
60
(
6.98896e-14
6.98587e-14
6.98131e-14
6.97993e-14
6.97992e-14
6.98044e-14
6.98115e-14
6.98191e-14
6.98267e-14
6.9834e-14
6.9841e-14
6.98477e-14
6.9854e-14
6.98599e-14
6.98654e-14
6.98706e-14
6.98754e-14
6.98798e-14
6.98839e-14
6.98876e-14
6.98909e-14
6.9894e-14
6.98966e-14
6.98989e-14
6.99009e-14
6.99026e-14
6.99039e-14
6.99049e-14
6.99055e-14
6.99059e-14
6.99059e-14
6.99055e-14
6.99049e-14
6.99039e-14
6.99026e-14
6.99009e-14
6.98989e-14
6.98966e-14
6.9894e-14
6.98909e-14
6.98876e-14
6.98839e-14
6.98798e-14
6.98754e-14
6.98706e-14
6.98654e-14
6.98599e-14
6.9854e-14
6.98477e-14
6.9841e-14
6.9834e-14
6.98267e-14
6.98191e-14
6.98115e-14
6.98044e-14
6.97992e-14
6.97993e-14
6.98131e-14
6.98587e-14
6.98896e-14
)
;
    }
    wall
    {
        type            zeroGradient;
    }
    frontAndBack
    {
        type            empty;
    }
}


// ************************************************************************* //
