/*--------------------------------*- C++ -*----------------------------------*\
| =========                 |                                                 |
| \\      /  F ield         | foam-extend: Open Source CFD                    |
|  \\    /   O peration     | Version:     4.0                                |
|   \\  /    A nd           | Web:         http://www.foam-extend.org         |
|    \\/     M anipulation  |                                                 |
\*---------------------------------------------------------------------------*/
FoamFile
{
    version     2.0;
    format      ascii;
    class       volScalarField;
    location    "1890";
    object      cPlus;
}
// * * * * * * * * * * * * * * * * * * * * * * * * * * * * * * * * * * * * * //

dimensions      [0 0 0 0 0 0 0];

internalField   nonuniform List<scalar> 
6960
(
0.292086
0.29206
0.292031
0.292006
0.291983
0.291964
0.291949
0.291937
0.291926
0.291918
0.291912
0.291907
0.291903
0.291899
0.291897
0.291895
0.291893
0.291892
0.291891
0.29189
0.291889
0.291889
0.291888
0.291888
0.291888
0.291888
0.291887
0.291887
0.291887
0.291887
0.291887
0.291887
0.291887
0.291887
0.291888
0.291888
0.291888
0.291888
0.291889
0.291889
0.29189
0.291891
0.291892
0.291893
0.291895
0.291897
0.291899
0.291903
0.291907
0.291912
0.291918
0.291926
0.291937
0.291949
0.291964
0.291983
0.292006
0.292031
0.29206
0.292086
0.0851825
0.0851676
0.0851508
0.0851354
0.0851221
0.085111
0.0851018
0.0850944
0.0850883
0.0850835
0.0850796
0.0850765
0.0850741
0.0850722
0.0850706
0.0850694
0.0850684
0.0850677
0.0850671
0.0850666
0.0850662
0.0850659
0.0850656
0.0850655
0.0850653
0.0850652
0.0850651
0.085065
0.085065
0.085065
0.085065
0.085065
0.085065
0.0850651
0.0850652
0.0850653
0.0850655
0.0850656
0.0850659
0.0850662
0.0850666
0.0850671
0.0850677
0.0850684
0.0850694
0.0850706
0.0850722
0.0850741
0.0850765
0.0850796
0.0850835
0.0850883
0.0850944
0.0851018
0.085111
0.0851221
0.0851354
0.0851508
0.0851676
0.0851825
0.0310462
0.0310402
0.0310331
0.0310265
0.0310208
0.031016
0.0310121
0.0310089
0.0310063
0.0310042
0.0310025
0.0310012
0.0310001
0.0309993
0.0309986
0.0309981
0.0309976
0.0309973
0.030997
0.0309968
0.0309967
0.0309965
0.0309964
0.0309963
0.0309963
0.0309962
0.0309962
0.0309961
0.0309961
0.0309961
0.0309961
0.0309961
0.0309961
0.0309962
0.0309962
0.0309963
0.0309963
0.0309964
0.0309965
0.0309967
0.0309968
0.030997
0.0309973
0.0309976
0.0309981
0.0309986
0.0309993
0.0310001
0.0310012
0.0310025
0.0310042
0.0310063
0.0310089
0.0310121
0.031016
0.0310208
0.0310265
0.0310331
0.0310402
0.0310462
0.0150197
0.0150187
0.015017
0.0150154
0.0150139
0.0150127
0.0150116
0.0150108
0.0150101
0.0150095
0.0150091
0.0150087
0.0150084
0.0150082
0.015008
0.0150079
0.0150077
0.0150077
0.0150076
0.0150075
0.0150075
0.0150074
0.0150074
0.0150074
0.0150074
0.0150073
0.0150073
0.0150073
0.0150073
0.0150073
0.0150073
0.0150073
0.0150073
0.0150073
0.0150073
0.0150074
0.0150074
0.0150074
0.0150074
0.0150075
0.0150075
0.0150076
0.0150077
0.0150077
0.0150079
0.015008
0.0150082
0.0150084
0.0150087
0.0150091
0.0150095
0.0150101
0.0150108
0.0150116
0.0150127
0.0150139
0.0150154
0.015017
0.0150187
0.0150197
0.0102248
0.0102261
0.010227
0.0102276
0.0102281
0.0102285
0.0102288
0.0102291
0.0102293
0.0102295
0.0102296
0.0102297
0.0102298
0.0102298
0.0102299
0.0102299
0.0102299
0.0102299
0.0102299
0.01023
0.01023
0.01023
0.01023
0.01023
0.01023
0.01023
0.01023
0.01023
0.01023
0.01023
0.01023
0.01023
0.01023
0.01023
0.01023
0.01023
0.01023
0.01023
0.01023
0.01023
0.01023
0.0102299
0.0102299
0.0102299
0.0102299
0.0102299
0.0102298
0.0102298
0.0102297
0.0102296
0.0102295
0.0102293
0.0102291
0.0102288
0.0102285
0.0102281
0.0102276
0.010227
0.0102261
0.0102248
0.00885225
0.0088546
0.0088565
0.0088581
0.00885944
0.00886053
0.00886143
0.00886215
0.00886272
0.00886318
0.00886354
0.00886383
0.00886405
0.00886423
0.00886436
0.00886447
0.00886456
0.00886462
0.00886467
0.00886472
0.00886475
0.00886477
0.00886479
0.00886481
0.00886482
0.00886483
0.00886484
0.00886484
0.00886485
0.00886485
0.00886485
0.00886485
0.00886484
0.00886484
0.00886483
0.00886482
0.00886481
0.00886479
0.00886477
0.00886475
0.00886472
0.00886467
0.00886462
0.00886456
0.00886447
0.00886436
0.00886423
0.00886405
0.00886383
0.00886354
0.00886318
0.00886272
0.00886215
0.00886143
0.00886053
0.00885944
0.0088581
0.0088565
0.0088546
0.00885225
0.00851399
0.00851673
0.00851905
0.00852103
0.00852269
0.00852406
0.00852518
0.00852608
0.0085268
0.00852738
0.00852783
0.00852819
0.00852848
0.0085287
0.00852887
0.00852901
0.00852912
0.00852921
0.00852927
0.00852933
0.00852937
0.0085294
0.00852943
0.00852945
0.00852946
0.00852948
0.00852949
0.00852949
0.0085295
0.0085295
0.0085295
0.0085295
0.00852949
0.00852949
0.00852948
0.00852946
0.00852945
0.00852943
0.0085294
0.00852937
0.00852933
0.00852927
0.00852921
0.00852912
0.00852901
0.00852887
0.0085287
0.00852848
0.00852819
0.00852783
0.00852738
0.0085268
0.00852608
0.00852518
0.00852406
0.00852269
0.00852103
0.00851905
0.00851673
0.00851399
0.00848342
0.00848634
0.00848883
0.00849097
0.00849276
0.00849424
0.00849545
0.00849643
0.00849722
0.00849784
0.00849834
0.00849873
0.00849903
0.00849928
0.00849947
0.00849962
0.00849973
0.00849983
0.0084999
0.00849996
0.0085
0.00850004
0.00850007
0.00850009
0.00850011
0.00850012
0.00850013
0.00850014
0.00850014
0.00850015
0.00850015
0.00850014
0.00850014
0.00850013
0.00850012
0.00850011
0.00850009
0.00850007
0.00850004
0.0085
0.00849996
0.0084999
0.00849983
0.00849973
0.00849962
0.00849947
0.00849928
0.00849903
0.00849873
0.00849834
0.00849784
0.00849722
0.00849643
0.00849545
0.00849424
0.00849276
0.00849097
0.00848883
0.00848634
0.00848342
0.008545
0.00854802
0.0085506
0.00855281
0.00855467
0.00855621
0.00855747
0.00855848
0.0085593
0.00855995
0.00856046
0.00856087
0.00856119
0.00856144
0.00856164
0.00856179
0.00856192
0.00856201
0.00856209
0.00856215
0.0085622
0.00856224
0.00856227
0.00856229
0.00856231
0.00856232
0.00856233
0.00856234
0.00856234
0.00856235
0.00856235
0.00856234
0.00856234
0.00856233
0.00856232
0.00856231
0.00856229
0.00856227
0.00856224
0.0085622
0.00856215
0.00856209
0.00856201
0.00856192
0.00856179
0.00856164
0.00856144
0.00856119
0.00856087
0.00856046
0.00855995
0.0085593
0.00855848
0.00855747
0.00855621
0.00855467
0.00855281
0.0085506
0.00854802
0.008545
0.00863697
0.00864006
0.0086427
0.00864497
0.00864688
0.00864846
0.00864975
0.00865079
0.00865162
0.00865229
0.00865282
0.00865323
0.00865356
0.00865382
0.00865403
0.00865419
0.00865431
0.00865441
0.00865449
0.00865455
0.0086546
0.00865464
0.00865467
0.0086547
0.00865472
0.00865473
0.00865474
0.00865475
0.00865475
0.00865476
0.00865476
0.00865475
0.00865475
0.00865474
0.00865473
0.00865472
0.0086547
0.00865467
0.00865464
0.0086546
0.00865455
0.00865449
0.00865441
0.00865431
0.00865419
0.00865403
0.00865382
0.00865356
0.00865323
0.00865282
0.00865229
0.00865162
0.00865079
0.00864975
0.00864846
0.00864688
0.00864497
0.0086427
0.00864006
0.00863697
0.00874257
0.00874572
0.00874843
0.00875074
0.00875269
0.00875431
0.00875563
0.00875669
0.00875755
0.00875823
0.00875877
0.00875919
0.00875953
0.0087598
0.00876
0.00876017
0.0087603
0.0087604
0.00876048
0.00876055
0.0087606
0.00876064
0.00876067
0.00876069
0.00876071
0.00876073
0.00876074
0.00876074
0.00876075
0.00876075
0.00876075
0.00876075
0.00876074
0.00876074
0.00876073
0.00876071
0.00876069
0.00876067
0.00876064
0.0087606
0.00876055
0.00876048
0.0087604
0.0087603
0.00876017
0.00876
0.0087598
0.00875953
0.00875919
0.00875877
0.00875823
0.00875755
0.00875669
0.00875563
0.00875431
0.00875269
0.00875074
0.00874843
0.00874572
0.00874257
0.00885781
0.00886104
0.0088638
0.00886617
0.00886817
0.00886982
0.00887117
0.00887226
0.00887313
0.00887383
0.00887438
0.00887482
0.00887516
0.00887543
0.00887565
0.00887582
0.00887595
0.00887605
0.00887614
0.0088762
0.00887625
0.00887629
0.00887633
0.00887635
0.00887637
0.00887639
0.0088764
0.00887641
0.00887641
0.00887641
0.00887641
0.00887641
0.00887641
0.0088764
0.00887639
0.00887637
0.00887635
0.00887633
0.00887629
0.00887625
0.0088762
0.00887614
0.00887605
0.00887595
0.00887582
0.00887565
0.00887543
0.00887516
0.00887482
0.00887438
0.00887383
0.00887313
0.00887226
0.00887117
0.00886982
0.00886817
0.00886617
0.0088638
0.00886104
0.00885781
0.00898232
0.00898563
0.00898846
0.00899088
0.00899292
0.00899461
0.00899599
0.00899711
0.00899801
0.00899872
0.00899929
0.00899973
0.00900009
0.00900037
0.00900058
0.00900076
0.00900089
0.009001
0.00900109
0.00900115
0.00900121
0.00900125
0.00900128
0.00900131
0.00900133
0.00900134
0.00900135
0.00900136
0.00900137
0.00900137
0.00900137
0.00900137
0.00900136
0.00900135
0.00900134
0.00900133
0.00900131
0.00900128
0.00900125
0.00900121
0.00900115
0.00900109
0.009001
0.00900089
0.00900076
0.00900058
0.00900037
0.00900009
0.00899973
0.00899929
0.00899872
0.00899801
0.00899711
0.00899599
0.00899461
0.00899292
0.00899088
0.00898846
0.00898563
0.00898232
0.00911676
0.00912015
0.00912305
0.00912554
0.00912763
0.00912936
0.00913078
0.00913192
0.00913284
0.00913357
0.00913416
0.00913462
0.00913498
0.00913526
0.00913549
0.00913567
0.00913581
0.00913592
0.009136
0.00913607
0.00913613
0.00913617
0.0091362
0.00913623
0.00913625
0.00913627
0.00913628
0.00913629
0.00913629
0.0091363
0.0091363
0.00913629
0.00913629
0.00913628
0.00913627
0.00913625
0.00913623
0.0091362
0.00913617
0.00913613
0.00913607
0.009136
0.00913592
0.00913581
0.00913567
0.00913549
0.00913526
0.00913498
0.00913462
0.00913416
0.00913357
0.00913284
0.00913192
0.00913078
0.00912936
0.00912763
0.00912554
0.00912305
0.00912015
0.00911676
0.00926217
0.00926566
0.00926864
0.0092712
0.00927334
0.00927512
0.00927658
0.00927775
0.0092787
0.00927945
0.00928005
0.00928052
0.0092809
0.00928119
0.00928142
0.0092816
0.00928175
0.00928186
0.00928195
0.00928202
0.00928208
0.00928212
0.00928216
0.00928218
0.00928221
0.00928222
0.00928223
0.00928224
0.00928225
0.00928225
0.00928225
0.00928225
0.00928224
0.00928223
0.00928222
0.00928221
0.00928218
0.00928216
0.00928212
0.00928208
0.00928202
0.00928195
0.00928186
0.00928175
0.0092816
0.00928142
0.00928119
0.0092809
0.00928052
0.00928005
0.00927945
0.0092787
0.00927775
0.00927658
0.00927512
0.00927334
0.0092712
0.00926864
0.00926566
0.00926217
0.00941988
0.00942347
0.00942654
0.00942916
0.00943137
0.0094332
0.0094347
0.00943591
0.00943688
0.00943766
0.00943827
0.00943876
0.00943915
0.00943945
0.00943969
0.00943988
0.00944002
0.00944014
0.00944023
0.00944031
0.00944036
0.00944041
0.00944045
0.00944047
0.0094405
0.00944051
0.00944053
0.00944054
0.00944054
0.00944054
0.00944054
0.00944054
0.00944054
0.00944053
0.00944051
0.0094405
0.00944047
0.00944045
0.00944041
0.00944036
0.00944031
0.00944023
0.00944014
0.00944002
0.00943988
0.00943969
0.00943945
0.00943915
0.00943876
0.00943827
0.00943766
0.00943688
0.00943591
0.0094347
0.0094332
0.00943137
0.00942916
0.00942654
0.00942347
0.00941988
0.00959141
0.00959511
0.00959828
0.00960099
0.00960327
0.00960515
0.0096067
0.00960795
0.00960895
0.00960975
0.00961039
0.00961089
0.00961128
0.0096116
0.00961184
0.00961204
0.00961219
0.00961231
0.00961241
0.00961248
0.00961254
0.00961259
0.00961263
0.00961266
0.00961268
0.0096127
0.00961271
0.00961272
0.00961273
0.00961273
0.00961273
0.00961273
0.00961272
0.00961271
0.0096127
0.00961268
0.00961266
0.00961263
0.00961259
0.00961254
0.00961248
0.00961241
0.00961231
0.00961219
0.00961204
0.00961184
0.0096116
0.00961128
0.00961089
0.00961039
0.00960975
0.00960895
0.00960795
0.0096067
0.00960515
0.00960327
0.00960099
0.00959828
0.00959511
0.00959141
0.0097786
0.00978243
0.0097857
0.0097885
0.00979086
0.00979281
0.00979441
0.0097957
0.00979674
0.00979757
0.00979822
0.00979874
0.00979915
0.00979948
0.00979973
0.00979993
0.00980009
0.00980022
0.00980032
0.00980039
0.00980046
0.00980051
0.00980054
0.00980057
0.0098006
0.00980062
0.00980063
0.00980064
0.00980065
0.00980065
0.00980065
0.00980065
0.00980064
0.00980063
0.00980062
0.0098006
0.00980057
0.00980054
0.00980051
0.00980046
0.00980039
0.00980032
0.00980022
0.00980009
0.00979993
0.00979973
0.00979948
0.00979915
0.00979874
0.00979822
0.00979757
0.00979674
0.0097957
0.00979441
0.00979281
0.00979086
0.0097885
0.0097857
0.00978243
0.0097786
0.00998363
0.00998761
0.009991
0.00999391
0.00999635
0.00999837
0.01
0.0100014
0.0100024
0.0100033
0.010004
0.0100045
0.0100049
0.0100053
0.0100055
0.0100058
0.0100059
0.0100061
0.0100062
0.0100062
0.0100063
0.0100064
0.0100064
0.0100064
0.0100064
0.0100065
0.0100065
0.0100065
0.0100065
0.0100065
0.0100065
0.0100065
0.0100065
0.0100065
0.0100065
0.0100064
0.0100064
0.0100064
0.0100064
0.0100063
0.0100062
0.0100062
0.0100061
0.0100059
0.0100058
0.0100055
0.0100053
0.0100049
0.0100045
0.010004
0.0100033
0.0100024
0.0100014
0.01
0.00999837
0.00999635
0.00999391
0.009991
0.00998761
0.00998363
0.0102091
0.0102133
0.0102168
0.0102198
0.0102224
0.0102245
0.0102262
0.0102276
0.0102287
0.0102296
0.0102303
0.0102309
0.0102313
0.0102317
0.0102319
0.0102322
0.0102323
0.0102325
0.0102326
0.0102327
0.0102327
0.0102328
0.0102328
0.0102329
0.0102329
0.0102329
0.0102329
0.0102329
0.0102329
0.0102329
0.0102329
0.0102329
0.0102329
0.0102329
0.0102329
0.0102329
0.0102329
0.0102328
0.0102328
0.0102327
0.0102327
0.0102326
0.0102325
0.0102323
0.0102322
0.0102319
0.0102317
0.0102313
0.0102309
0.0102303
0.0102296
0.0102287
0.0102276
0.0102262
0.0102245
0.0102224
0.0102198
0.0102168
0.0102133
0.0102091
0.0104583
0.0104627
0.0104663
0.0104695
0.0104721
0.0104743
0.0104761
0.0104776
0.0104787
0.0104797
0.0104804
0.010481
0.0104815
0.0104818
0.0104821
0.0104824
0.0104825
0.0104827
0.0104828
0.0104829
0.0104829
0.010483
0.010483
0.0104831
0.0104831
0.0104831
0.0104831
0.0104831
0.0104832
0.0104832
0.0104832
0.0104832
0.0104831
0.0104831
0.0104831
0.0104831
0.0104831
0.010483
0.010483
0.0104829
0.0104829
0.0104828
0.0104827
0.0104825
0.0104824
0.0104821
0.0104818
0.0104815
0.010481
0.0104804
0.0104797
0.0104787
0.0104776
0.0104761
0.0104743
0.0104721
0.0104695
0.0104663
0.0104627
0.0104583
0.0107351
0.0107396
0.0107435
0.0107468
0.0107496
0.0107519
0.0107537
0.0107553
0.0107565
0.0107575
0.0107583
0.0107589
0.0107594
0.0107597
0.01076
0.0107603
0.0107605
0.0107606
0.0107607
0.0107608
0.0107609
0.010761
0.010761
0.010761
0.0107611
0.0107611
0.0107611
0.0107611
0.0107611
0.0107611
0.0107611
0.0107611
0.0107611
0.0107611
0.0107611
0.0107611
0.010761
0.010761
0.010761
0.0107609
0.0107608
0.0107607
0.0107606
0.0107605
0.0107603
0.01076
0.0107597
0.0107594
0.0107589
0.0107583
0.0107575
0.0107565
0.0107553
0.0107537
0.0107519
0.0107496
0.0107468
0.0107435
0.0107396
0.0107351
0.0110443
0.0110491
0.0110532
0.0110566
0.0110596
0.011062
0.011064
0.0110656
0.0110669
0.0110679
0.0110687
0.0110694
0.0110699
0.0110703
0.0110706
0.0110708
0.011071
0.0110712
0.0110713
0.0110714
0.0110715
0.0110716
0.0110716
0.0110716
0.0110717
0.0110717
0.0110717
0.0110717
0.0110717
0.0110717
0.0110717
0.0110717
0.0110717
0.0110717
0.0110717
0.0110717
0.0110716
0.0110716
0.0110716
0.0110715
0.0110714
0.0110713
0.0110712
0.011071
0.0110708
0.0110706
0.0110703
0.0110699
0.0110694
0.0110687
0.0110679
0.0110669
0.0110656
0.011064
0.011062
0.0110596
0.0110566
0.0110532
0.0110491
0.0110443
0.0113922
0.0113972
0.0114015
0.0114052
0.0114083
0.0114108
0.0114129
0.0114146
0.011416
0.0114171
0.011418
0.0114187
0.0114192
0.0114196
0.01142
0.0114202
0.0114204
0.0114206
0.0114207
0.0114208
0.0114209
0.011421
0.011421
0.0114211
0.0114211
0.0114211
0.0114211
0.0114212
0.0114212
0.0114212
0.0114212
0.0114212
0.0114212
0.0114211
0.0114211
0.0114211
0.0114211
0.011421
0.011421
0.0114209
0.0114208
0.0114207
0.0114206
0.0114204
0.0114202
0.01142
0.0114196
0.0114192
0.0114187
0.011418
0.0114171
0.011416
0.0114146
0.0114129
0.0114108
0.0114083
0.0114052
0.0114015
0.0113972
0.0113922
0.0117864
0.0117918
0.0117964
0.0118003
0.0118036
0.0118063
0.0118086
0.0118104
0.0118118
0.011813
0.0118139
0.0118146
0.0118152
0.0118157
0.011816
0.0118163
0.0118165
0.0118167
0.0118169
0.011817
0.0118171
0.0118171
0.0118172
0.0118172
0.0118173
0.0118173
0.0118173
0.0118173
0.0118173
0.0118173
0.0118173
0.0118173
0.0118173
0.0118173
0.0118173
0.0118173
0.0118172
0.0118172
0.0118171
0.0118171
0.011817
0.0118169
0.0118167
0.0118165
0.0118163
0.011816
0.0118157
0.0118152
0.0118146
0.0118139
0.011813
0.0118118
0.0118104
0.0118086
0.0118063
0.0118036
0.0118003
0.0117964
0.0117918
0.0117864
0.0122373
0.0122431
0.012248
0.0122522
0.0122558
0.0122587
0.0122611
0.012263
0.0122646
0.0122658
0.0122668
0.0122676
0.0122682
0.0122687
0.0122691
0.0122694
0.0122696
0.0122698
0.01227
0.0122701
0.0122702
0.0122703
0.0122703
0.0122704
0.0122704
0.0122704
0.0122705
0.0122705
0.0122705
0.0122705
0.0122705
0.0122705
0.0122705
0.0122705
0.0122704
0.0122704
0.0122704
0.0122703
0.0122703
0.0122702
0.0122701
0.01227
0.0122698
0.0122696
0.0122694
0.0122691
0.0122687
0.0122682
0.0122676
0.0122668
0.0122658
0.0122646
0.012263
0.0122611
0.0122587
0.0122558
0.0122522
0.012248
0.0122431
0.0122373
0.0127584
0.0127646
0.0127699
0.0127745
0.0127783
0.0127815
0.0127841
0.0127862
0.0127879
0.0127892
0.0127903
0.0127911
0.0127918
0.0127924
0.0127928
0.0127931
0.0127934
0.0127936
0.0127937
0.0127939
0.012794
0.012794
0.0127941
0.0127942
0.0127942
0.0127942
0.0127942
0.0127943
0.0127943
0.0127943
0.0127943
0.0127943
0.0127943
0.0127942
0.0127942
0.0127942
0.0127942
0.0127941
0.012794
0.012794
0.0127939
0.0127937
0.0127936
0.0127934
0.0127931
0.0127928
0.0127924
0.0127918
0.0127911
0.0127903
0.0127892
0.0127879
0.0127862
0.0127841
0.0127815
0.0127783
0.0127745
0.0127699
0.0127646
0.0127584
0.0133679
0.0133747
0.0133805
0.0133855
0.0133897
0.0133932
0.013396
0.0133983
0.0134002
0.0134016
0.0134028
0.0134037
0.0134045
0.0134051
0.0134055
0.0134059
0.0134062
0.0134064
0.0134066
0.0134067
0.0134068
0.0134069
0.013407
0.013407
0.0134071
0.0134071
0.0134071
0.0134072
0.0134072
0.0134072
0.0134072
0.0134072
0.0134072
0.0134071
0.0134071
0.0134071
0.013407
0.013407
0.0134069
0.0134068
0.0134067
0.0134066
0.0134064
0.0134062
0.0134059
0.0134055
0.0134051
0.0134045
0.0134037
0.0134028
0.0134016
0.0134002
0.0133983
0.013396
0.0133932
0.0133897
0.0133855
0.0133805
0.0133747
0.0133679
0.0140913
0.0140989
0.0141053
0.0141108
0.0141155
0.0141193
0.0141225
0.014125
0.0141271
0.0141287
0.01413
0.0141311
0.0141319
0.0141325
0.014133
0.0141335
0.0141338
0.014134
0.0141342
0.0141344
0.0141345
0.0141346
0.0141347
0.0141347
0.0141348
0.0141348
0.0141348
0.0141349
0.0141349
0.0141349
0.0141349
0.0141349
0.0141349
0.0141348
0.0141348
0.0141348
0.0141347
0.0141347
0.0141346
0.0141345
0.0141344
0.0141342
0.014134
0.0141338
0.0141335
0.014133
0.0141325
0.0141319
0.0141311
0.01413
0.0141287
0.0141271
0.014125
0.0141225
0.0141193
0.0141155
0.0141108
0.0141053
0.0140989
0.0140913
0.014965
0.0149735
0.0149808
0.014987
0.0149922
0.0149966
0.0150001
0.015003
0.0150053
0.0150072
0.0150087
0.0150098
0.0150107
0.0150115
0.015012
0.0150125
0.0150129
0.0150131
0.0150134
0.0150135
0.0150137
0.0150138
0.0150139
0.015014
0.015014
0.015014
0.0150141
0.0150141
0.0150141
0.0150141
0.0150141
0.0150141
0.0150141
0.0150141
0.015014
0.015014
0.015014
0.0150139
0.0150138
0.0150137
0.0150135
0.0150134
0.0150131
0.0150129
0.0150125
0.015012
0.0150115
0.0150107
0.0150098
0.0150087
0.0150072
0.0150053
0.015003
0.0150001
0.0149966
0.0149922
0.014987
0.0149808
0.0149735
0.014965
0.0160422
0.016052
0.0160603
0.0160675
0.0160735
0.0160785
0.0160826
0.0160859
0.0160886
0.0160907
0.0160924
0.0160938
0.0160948
0.0160957
0.0160963
0.0160968
0.0160973
0.0160976
0.0160978
0.016098
0.0160982
0.0160983
0.0160984
0.0160985
0.0160986
0.0160986
0.0160987
0.0160987
0.0160987
0.0160987
0.0160987
0.0160987
0.0160987
0.0160987
0.0160986
0.0160986
0.0160985
0.0160984
0.0160983
0.0160982
0.016098
0.0160978
0.0160976
0.0160973
0.0160968
0.0160963
0.0160957
0.0160948
0.0160938
0.0160924
0.0160907
0.0160886
0.0160859
0.0160826
0.0160785
0.0160735
0.0160675
0.0160603
0.016052
0.0160422
0.0174024
0.0174139
0.0174237
0.0174321
0.0174392
0.0174451
0.0174499
0.0174539
0.017457
0.0174596
0.0174616
0.0174632
0.0174644
0.0174654
0.0174662
0.0174668
0.0174673
0.0174677
0.017468
0.0174682
0.0174684
0.0174686
0.0174687
0.0174688
0.0174689
0.0174689
0.017469
0.017469
0.017469
0.017469
0.017469
0.017469
0.017469
0.017469
0.0174689
0.0174689
0.0174688
0.0174687
0.0174686
0.0174684
0.0174682
0.017468
0.0174677
0.0174673
0.0174668
0.0174662
0.0174654
0.0174644
0.0174632
0.0174616
0.0174596
0.017457
0.0174539
0.0174499
0.0174451
0.0174392
0.0174321
0.0174237
0.0174139
0.0174024
0.0191642
0.019178
0.0191899
0.0192001
0.0192087
0.0192159
0.0192218
0.0192265
0.0192304
0.0192334
0.0192359
0.0192378
0.0192394
0.0192406
0.0192415
0.0192423
0.0192429
0.0192433
0.0192437
0.019244
0.0192442
0.0192444
0.0192446
0.0192447
0.0192448
0.0192448
0.0192449
0.0192449
0.0192449
0.0192449
0.0192449
0.0192449
0.0192449
0.0192449
0.0192448
0.0192448
0.0192447
0.0192446
0.0192444
0.0192442
0.019244
0.0192437
0.0192433
0.0192429
0.0192423
0.0192415
0.0192406
0.0192394
0.0192378
0.0192359
0.0192334
0.0192304
0.0192265
0.0192218
0.0192159
0.0192087
0.0192001
0.0191899
0.019178
0.0191642
0.0214989
0.021516
0.0215309
0.0215436
0.0215544
0.0215634
0.0215707
0.0215767
0.0215815
0.0215853
0.0215883
0.0215908
0.0215927
0.0215942
0.0215954
0.0215963
0.0215971
0.0215976
0.0215981
0.0215985
0.0215988
0.021599
0.0215992
0.0215993
0.0215994
0.0215995
0.0215996
0.0215996
0.0215996
0.0215997
0.0215997
0.0215996
0.0215996
0.0215996
0.0215995
0.0215994
0.0215993
0.0215992
0.021599
0.0215988
0.0215985
0.0215981
0.0215976
0.0215971
0.0215963
0.0215954
0.0215942
0.0215927
0.0215908
0.0215883
0.0215853
0.0215815
0.0215767
0.0215707
0.0215634
0.0215544
0.0215436
0.0215309
0.021516
0.0214989
0.0246354
0.0246571
0.024676
0.0246922
0.024706
0.0247174
0.0247267
0.0247343
0.0247404
0.0247453
0.0247492
0.0247523
0.0247548
0.0247567
0.0247582
0.0247594
0.0247604
0.0247611
0.0247617
0.0247622
0.0247626
0.0247628
0.0247631
0.0247633
0.0247634
0.0247635
0.0247636
0.0247636
0.0247637
0.0247637
0.0247637
0.0247637
0.0247636
0.0247636
0.0247635
0.0247634
0.0247633
0.0247631
0.0247628
0.0247626
0.0247622
0.0247617
0.0247611
0.0247604
0.0247594
0.0247582
0.0247567
0.0247548
0.0247523
0.0247492
0.0247453
0.0247404
0.0247343
0.0247267
0.0247174
0.024706
0.0246922
0.024676
0.0246571
0.0246354
0.0288374
0.0288652
0.0288894
0.0289102
0.0289278
0.0289425
0.0289545
0.0289642
0.0289721
0.0289784
0.0289834
0.0289874
0.0289905
0.028993
0.0289949
0.0289965
0.0289977
0.0289987
0.0289994
0.029
0.0290005
0.0290009
0.0290012
0.0290014
0.0290016
0.0290017
0.0290019
0.0290019
0.029002
0.029002
0.029002
0.029002
0.0290019
0.0290019
0.0290017
0.0290016
0.0290014
0.0290012
0.0290009
0.0290005
0.029
0.0289994
0.0289987
0.0289977
0.0289965
0.0289949
0.028993
0.0289905
0.0289874
0.0289834
0.0289784
0.0289721
0.0289642
0.0289545
0.0289425
0.0289278
0.0289102
0.0288894
0.0288652
0.0288374
0.0343419
0.0343771
0.0344077
0.0344341
0.0344565
0.034475
0.0344903
0.0345026
0.0345126
0.0345206
0.0345269
0.034532
0.034536
0.0345391
0.0345416
0.0345436
0.0345451
0.0345464
0.0345473
0.0345481
0.0345487
0.0345492
0.0345496
0.0345499
0.0345501
0.0345503
0.0345504
0.0345505
0.0345506
0.0345506
0.0345506
0.0345506
0.0345505
0.0345504
0.0345503
0.0345501
0.0345499
0.0345496
0.0345492
0.0345487
0.0345481
0.0345473
0.0345464
0.0345451
0.0345436
0.0345416
0.0345391
0.034536
0.034532
0.0345269
0.0345206
0.0345126
0.0345026
0.0344903
0.034475
0.0344565
0.0344341
0.0344077
0.0343771
0.0343419
0.0412721
0.0413156
0.0413534
0.041386
0.0414136
0.0414364
0.0414552
0.0414705
0.0414828
0.0414927
0.0415005
0.0415067
0.0415117
0.0415156
0.0415187
0.0415211
0.041523
0.0415246
0.0415258
0.0415267
0.0415275
0.0415281
0.0415285
0.0415289
0.0415292
0.0415294
0.0415296
0.0415297
0.0415298
0.0415298
0.0415298
0.0415298
0.0415297
0.0415296
0.0415294
0.0415292
0.0415289
0.0415285
0.0415281
0.0415275
0.0415267
0.0415258
0.0415246
0.041523
0.0415211
0.0415187
0.0415156
0.0415117
0.0415067
0.0415005
0.0414927
0.0414828
0.0414705
0.0414552
0.0414364
0.0414136
0.041386
0.0413534
0.0413156
0.0412721
0.0495795
0.0496315
0.0496766
0.0497154
0.0497482
0.0497754
0.0497978
0.049816
0.0498307
0.0498424
0.0498518
0.0498593
0.0498652
0.0498699
0.0498735
0.0498765
0.0498788
0.0498806
0.0498821
0.0498832
0.0498841
0.0498848
0.0498854
0.0498859
0.0498862
0.0498865
0.0498867
0.0498868
0.0498869
0.049887
0.049887
0.0498869
0.0498868
0.0498867
0.0498865
0.0498862
0.0498859
0.0498854
0.0498848
0.0498841
0.0498832
0.0498821
0.0498806
0.0498788
0.0498765
0.0498735
0.0498699
0.0498652
0.0498593
0.0498518
0.0498424
0.0498307
0.049816
0.0497978
0.0497754
0.0497482
0.0497154
0.0496766
0.0496315
0.0495795
0.059061
0.0591211
0.0591731
0.0592177
0.0592554
0.0592868
0.0593126
0.0593335
0.0593504
0.059364
0.0593749
0.0593835
0.0593903
0.0593957
0.0594
0.0594034
0.0594061
0.0594082
0.0594099
0.0594112
0.0594123
0.0594131
0.0594138
0.0594143
0.0594147
0.059415
0.0594152
0.0594154
0.0594155
0.0594156
0.0594156
0.0594155
0.0594154
0.0594152
0.059415
0.0594147
0.0594143
0.0594138
0.0594131
0.0594123
0.0594112
0.0594099
0.0594082
0.0594061
0.0594034
0.0594
0.0593957
0.0593903
0.0593835
0.0593749
0.059364
0.0593504
0.0593335
0.0593126
0.0592868
0.0592554
0.0592177
0.0591731
0.0591211
0.059061
0.0694418
0.0695094
0.0695677
0.0696176
0.0696598
0.0696949
0.0697238
0.0697473
0.0697662
0.0697815
0.0697936
0.0698033
0.069811
0.0698171
0.069822
0.0698258
0.0698288
0.0698312
0.0698331
0.0698346
0.0698359
0.0698368
0.0698376
0.0698382
0.0698386
0.069839
0.0698392
0.0698394
0.0698396
0.0698396
0.0698396
0.0698396
0.0698394
0.0698392
0.069839
0.0698386
0.0698382
0.0698376
0.0698368
0.0698359
0.0698346
0.0698331
0.0698312
0.0698288
0.0698258
0.069822
0.0698171
0.069811
0.0698033
0.0697936
0.0697815
0.0697662
0.0697473
0.0697238
0.0696949
0.0696598
0.0696176
0.0695677
0.0695094
0.0694418
0.0804642
0.0805386
0.0806025
0.0806573
0.0807036
0.080742
0.0807737
0.0807995
0.0808204
0.0808372
0.0808506
0.0808613
0.0808698
0.0808765
0.0808819
0.0808861
0.0808895
0.0808922
0.0808943
0.080896
0.0808973
0.0808984
0.0808992
0.0808999
0.0809004
0.0809008
0.0809011
0.0809013
0.0809015
0.0809015
0.0809015
0.0809015
0.0809013
0.0809011
0.0809008
0.0809004
0.0808999
0.0808992
0.0808984
0.0808973
0.080896
0.0808943
0.0808922
0.0808895
0.0808861
0.0808819
0.0808765
0.0808698
0.0808613
0.0808506
0.0808372
0.0808204
0.0807995
0.0807737
0.080742
0.0807036
0.0806573
0.0806025
0.0805386
0.0804642
0.0919341
0.0920148
0.0920841
0.0921433
0.0921933
0.092235
0.0922693
0.0922973
0.09232
0.0923382
0.0923528
0.0923645
0.0923737
0.0923811
0.0923869
0.0923916
0.0923953
0.0923982
0.0924005
0.0924024
0.0924039
0.092405
0.092406
0.0924067
0.0924073
0.0924077
0.0924081
0.0924083
0.0924084
0.0924085
0.0924085
0.0924084
0.0924083
0.0924081
0.0924077
0.0924073
0.0924067
0.092406
0.092405
0.0924039
0.0924024
0.0924005
0.0923982
0.0923953
0.0923916
0.0923869
0.0923811
0.0923737
0.0923645
0.0923528
0.0923382
0.09232
0.0922973
0.0922693
0.092235
0.0921933
0.0921433
0.0920841
0.0920148
0.0919341
0.103725
0.103812
0.103886
0.10395
0.104003
0.104048
0.104085
0.104115
0.104139
0.104159
0.104175
0.104187
0.104197
0.104205
0.104212
0.104217
0.104221
0.104224
0.104227
0.104229
0.10423
0.104231
0.104232
0.104233
0.104234
0.104234
0.104235
0.104235
0.104235
0.104235
0.104235
0.104235
0.104235
0.104235
0.104234
0.104234
0.104233
0.104232
0.104231
0.10423
0.104229
0.104227
0.104224
0.104221
0.104217
0.104212
0.104205
0.104197
0.104187
0.104175
0.104159
0.104139
0.104115
0.104085
0.104048
0.104003
0.10395
0.103886
0.103812
0.103725
0.115761
0.115853
0.115933
0.116
0.116057
0.116105
0.116144
0.116177
0.116203
0.116224
0.116241
0.116254
0.116265
0.116274
0.11628
0.116286
0.11629
0.116294
0.116296
0.116299
0.1163
0.116302
0.116303
0.116304
0.116304
0.116305
0.116305
0.116306
0.116306
0.116306
0.116306
0.116306
0.116306
0.116305
0.116305
0.116304
0.116304
0.116303
0.116302
0.1163
0.116299
0.116296
0.116294
0.11629
0.116286
0.11628
0.116274
0.116265
0.116254
0.116241
0.116224
0.116203
0.116177
0.116144
0.116105
0.116057
0.116
0.115933
0.115853
0.115761
0.127995
0.128093
0.128177
0.128249
0.128309
0.12836
0.128402
0.128436
0.128464
0.128486
0.128504
0.128519
0.128531
0.12854
0.128547
0.128553
0.128558
0.128561
0.128564
0.128567
0.128569
0.12857
0.128571
0.128572
0.128573
0.128574
0.128574
0.128574
0.128575
0.128575
0.128575
0.128575
0.128574
0.128574
0.128574
0.128573
0.128572
0.128571
0.12857
0.128569
0.128567
0.128564
0.128561
0.128558
0.128553
0.128547
0.12854
0.128531
0.128519
0.128504
0.128486
0.128464
0.128436
0.128402
0.12836
0.128309
0.128249
0.128177
0.128093
0.127995
0.140399
0.140502
0.140591
0.140666
0.14073
0.140784
0.140828
0.140864
0.140894
0.140918
0.140937
0.140953
0.140965
0.140975
0.140983
0.140989
0.140994
0.140998
0.141001
0.141004
0.141006
0.141008
0.141009
0.14101
0.141011
0.141011
0.141012
0.141012
0.141012
0.141012
0.141012
0.141012
0.141012
0.141012
0.141011
0.141011
0.14101
0.141009
0.141008
0.141006
0.141004
0.141001
0.140998
0.140994
0.140989
0.140983
0.140975
0.140965
0.140953
0.140937
0.140918
0.140894
0.140864
0.140828
0.140784
0.14073
0.140666
0.140591
0.140502
0.140399
0.152951
0.153059
0.153153
0.153232
0.1533
0.153356
0.153403
0.153441
0.153473
0.153498
0.153518
0.153535
0.153548
0.153559
0.153567
0.153574
0.153579
0.153583
0.153587
0.15359
0.153592
0.153594
0.153595
0.153596
0.153597
0.153598
0.153598
0.153599
0.153599
0.153599
0.153599
0.153599
0.153599
0.153598
0.153598
0.153597
0.153596
0.153595
0.153594
0.153592
0.15359
0.153587
0.153583
0.153579
0.153574
0.153567
0.153559
0.153548
0.153535
0.153518
0.153498
0.153473
0.153441
0.153403
0.153356
0.1533
0.153232
0.153153
0.153059
0.152951
0.165636
0.16575
0.165847
0.165931
0.166002
0.166061
0.16611
0.166151
0.166184
0.166211
0.166232
0.16625
0.166264
0.166275
0.166284
0.166291
0.166297
0.166302
0.166305
0.166308
0.166311
0.166313
0.166314
0.166315
0.166316
0.166317
0.166318
0.166318
0.166318
0.166318
0.166318
0.166318
0.166318
0.166318
0.166317
0.166316
0.166315
0.166314
0.166313
0.166311
0.166308
0.166305
0.166302
0.166297
0.166291
0.166284
0.166275
0.166264
0.16625
0.166232
0.166211
0.166184
0.166151
0.16611
0.166061
0.166002
0.165931
0.165847
0.16575
0.165636
0.178441
0.17856
0.178662
0.17875
0.178824
0.178886
0.178938
0.17898
0.179015
0.179043
0.179066
0.179085
0.1791
0.179112
0.179121
0.179129
0.179135
0.17914
0.179144
0.179147
0.17915
0.179152
0.179153
0.179155
0.179156
0.179157
0.179157
0.179158
0.179158
0.179158
0.179158
0.179158
0.179158
0.179157
0.179157
0.179156
0.179155
0.179153
0.179152
0.17915
0.179147
0.179144
0.17914
0.179135
0.179129
0.179121
0.179112
0.1791
0.179085
0.179066
0.179043
0.179015
0.17898
0.178938
0.178886
0.178824
0.17875
0.178662
0.17856
0.178441
0.191355
0.191479
0.191585
0.191677
0.191754
0.191819
0.191874
0.191918
0.191955
0.191985
0.192009
0.192029
0.192044
0.192057
0.192067
0.192075
0.192082
0.192087
0.192092
0.192095
0.192098
0.1921
0.192102
0.192103
0.192104
0.192105
0.192106
0.192106
0.192106
0.192106
0.192106
0.192106
0.192106
0.192106
0.192105
0.192104
0.192103
0.192102
0.1921
0.192098
0.192095
0.192092
0.192087
0.192082
0.192075
0.192067
0.192057
0.192044
0.192029
0.192009
0.191985
0.191955
0.191918
0.191874
0.191819
0.191754
0.191677
0.191585
0.191479
0.191355
0.204367
0.204496
0.204607
0.204702
0.204783
0.204851
0.204908
0.204955
0.204993
0.205025
0.20505
0.205071
0.205087
0.205101
0.205112
0.20512
0.205127
0.205133
0.205138
0.205141
0.205144
0.205146
0.205148
0.20515
0.205151
0.205152
0.205153
0.205153
0.205153
0.205154
0.205154
0.205153
0.205153
0.205153
0.205152
0.205151
0.20515
0.205148
0.205146
0.205144
0.205141
0.205138
0.205133
0.205127
0.20512
0.205112
0.205101
0.205087
0.205071
0.20505
0.205025
0.204993
0.204955
0.204908
0.204851
0.204783
0.204702
0.204607
0.204496
0.204367
0.217469
0.217603
0.217718
0.217817
0.217901
0.217972
0.218031
0.21808
0.21812
0.218153
0.21818
0.218202
0.218219
0.218234
0.218245
0.218254
0.218262
0.218268
0.218273
0.218276
0.21828
0.218282
0.218284
0.218286
0.218287
0.218288
0.218289
0.218289
0.21829
0.21829
0.21829
0.21829
0.218289
0.218289
0.218288
0.218287
0.218286
0.218284
0.218282
0.21828
0.218276
0.218273
0.218268
0.218262
0.218254
0.218245
0.218234
0.218219
0.218202
0.21818
0.218153
0.21812
0.21808
0.218031
0.217972
0.217901
0.217817
0.217718
0.217603
0.217469
0.230651
0.230789
0.230908
0.231011
0.231098
0.231172
0.231234
0.231285
0.231327
0.231361
0.23139
0.231412
0.231431
0.231446
0.231458
0.231468
0.231476
0.231482
0.231488
0.231492
0.231495
0.231498
0.2315
0.231502
0.231503
0.231504
0.231505
0.231505
0.231506
0.231506
0.231506
0.231506
0.231505
0.231505
0.231504
0.231503
0.231502
0.2315
0.231498
0.231495
0.231492
0.231488
0.231482
0.231476
0.231468
0.231458
0.231446
0.231431
0.231412
0.23139
0.231361
0.231327
0.231285
0.231234
0.231172
0.231098
0.231011
0.230908
0.230789
0.230651
0.243904
0.244046
0.24417
0.244276
0.244366
0.244443
0.244507
0.24456
0.244604
0.244641
0.24467
0.244694
0.244714
0.24473
0.244743
0.244753
0.244761
0.244768
0.244774
0.244778
0.244782
0.244784
0.244787
0.244789
0.24479
0.244791
0.244792
0.244793
0.244793
0.244793
0.244793
0.244793
0.244793
0.244792
0.244791
0.24479
0.244789
0.244787
0.244784
0.244782
0.244778
0.244774
0.244768
0.244761
0.244753
0.244743
0.24473
0.244714
0.244694
0.24467
0.244641
0.244604
0.24456
0.244507
0.244443
0.244366
0.244276
0.24417
0.244046
0.243904
0.257219
0.257366
0.257494
0.257603
0.257697
0.257776
0.257843
0.257899
0.257944
0.257982
0.258013
0.258039
0.258059
0.258076
0.258089
0.2581
0.258109
0.258116
0.258122
0.258127
0.258131
0.258134
0.258136
0.258138
0.25814
0.258141
0.258142
0.258143
0.258143
0.258143
0.258143
0.258143
0.258143
0.258142
0.258141
0.25814
0.258138
0.258136
0.258134
0.258131
0.258127
0.258122
0.258116
0.258109
0.2581
0.258089
0.258076
0.258059
0.258039
0.258013
0.257982
0.257944
0.257899
0.257843
0.257776
0.257697
0.257603
0.257494
0.257366
0.257219
0.27059
0.270741
0.270872
0.270985
0.271082
0.271164
0.271233
0.271291
0.271339
0.271378
0.27141
0.271437
0.271459
0.271476
0.27149
0.271502
0.271511
0.271519
0.271525
0.27153
0.271534
0.271538
0.27154
0.271542
0.271544
0.271545
0.271546
0.271547
0.271547
0.271548
0.271548
0.271547
0.271547
0.271546
0.271545
0.271544
0.271542
0.27154
0.271538
0.271534
0.27153
0.271525
0.271519
0.271511
0.271502
0.27149
0.271476
0.271459
0.271437
0.27141
0.271378
0.271339
0.271291
0.271233
0.271164
0.271082
0.270985
0.270872
0.270741
0.27059
0.284006
0.284161
0.284296
0.284413
0.284513
0.284598
0.284669
0.284729
0.284779
0.28482
0.284854
0.284881
0.284904
0.284922
0.284937
0.28495
0.28496
0.284968
0.284974
0.28498
0.284984
0.284987
0.28499
0.284992
0.284994
0.284996
0.284997
0.284997
0.284998
0.284998
0.284998
0.284998
0.284997
0.284997
0.284996
0.284994
0.284992
0.28499
0.284987
0.284984
0.28498
0.284974
0.284968
0.28496
0.28495
0.284937
0.284922
0.284904
0.284881
0.284854
0.28482
0.284779
0.284729
0.284669
0.284598
0.284513
0.284413
0.284296
0.284161
0.284006
0.297462
0.29762
0.297759
0.297879
0.297982
0.298069
0.298143
0.298205
0.298257
0.2983
0.298335
0.298364
0.298388
0.298407
0.298423
0.298436
0.298446
0.298455
0.298462
0.298467
0.298472
0.298475
0.298478
0.298481
0.298483
0.298484
0.298485
0.298486
0.298487
0.298487
0.298487
0.298487
0.298486
0.298485
0.298484
0.298483
0.298481
0.298478
0.298475
0.298472
0.298467
0.298462
0.298455
0.298446
0.298436
0.298423
0.298407
0.298388
0.298364
0.298335
0.2983
0.298257
0.298205
0.298143
0.298069
0.297982
0.297879
0.297759
0.29762
0.297462
0.310948
0.31111
0.311252
0.311375
0.311481
0.311571
0.311647
0.311712
0.311765
0.31181
0.311846
0.311877
0.311901
0.311922
0.311938
0.311952
0.311963
0.311972
0.311979
0.311985
0.31199
0.311994
0.311997
0.312
0.312002
0.312003
0.312004
0.312005
0.312006
0.312006
0.312006
0.312006
0.312005
0.312004
0.312003
0.312002
0.312
0.311997
0.311994
0.31199
0.311985
0.311979
0.311972
0.311963
0.311952
0.311938
0.311922
0.311901
0.311877
0.311846
0.31181
0.311765
0.311712
0.311647
0.311571
0.311481
0.311375
0.311252
0.31111
0.310948
0.324457
0.324622
0.324767
0.324894
0.325002
0.325095
0.325174
0.32524
0.325296
0.325342
0.32538
0.325412
0.325438
0.325459
0.325476
0.325491
0.325502
0.325512
0.32552
0.325526
0.325531
0.325535
0.325539
0.325541
0.325543
0.325545
0.325546
0.325547
0.325548
0.325548
0.325548
0.325548
0.325547
0.325546
0.325545
0.325543
0.325541
0.325539
0.325535
0.325531
0.325526
0.32552
0.325512
0.325502
0.325491
0.325476
0.325459
0.325438
0.325412
0.32538
0.325342
0.325296
0.32524
0.325174
0.325095
0.325002
0.324894
0.324767
0.324622
0.324457
0.337981
0.33815
0.338298
0.338428
0.338539
0.338635
0.338716
0.338784
0.338842
0.33889
0.338929
0.338962
0.338989
0.339011
0.33903
0.339045
0.339057
0.339067
0.339075
0.339082
0.339087
0.339092
0.339095
0.339098
0.3391
0.339102
0.339103
0.339104
0.339105
0.339105
0.339105
0.339105
0.339104
0.339103
0.339102
0.3391
0.339098
0.339095
0.339092
0.339087
0.339082
0.339075
0.339067
0.339057
0.339045
0.33903
0.339011
0.338989
0.338962
0.338929
0.33889
0.338842
0.338784
0.338716
0.338635
0.338539
0.338428
0.338298
0.33815
0.337981
0.351514
0.351686
0.351837
0.35197
0.352084
0.352182
0.352265
0.352336
0.352395
0.352445
0.352486
0.35252
0.352548
0.352571
0.35259
0.352606
0.352619
0.35263
0.352638
0.352645
0.352651
0.352656
0.35266
0.352663
0.352665
0.352667
0.352668
0.352669
0.35267
0.35267
0.35267
0.35267
0.352669
0.352668
0.352667
0.352665
0.352663
0.35266
0.352656
0.352651
0.352645
0.352638
0.35263
0.352619
0.352606
0.35259
0.352571
0.352548
0.35252
0.352486
0.352445
0.352395
0.352336
0.352265
0.352182
0.352084
0.35197
0.351837
0.351686
0.351514
0.365048
0.365223
0.365377
0.365512
0.365629
0.365729
0.365815
0.365888
0.365949
0.366
0.366043
0.366078
0.366108
0.366132
0.366152
0.366168
0.366182
0.366193
0.366202
0.366209
0.366216
0.36622
0.366224
0.366228
0.36623
0.366232
0.366234
0.366235
0.366236
0.366236
0.366236
0.366236
0.366235
0.366234
0.366232
0.36623
0.366228
0.366224
0.36622
0.366216
0.366209
0.366202
0.366193
0.366182
0.366168
0.366152
0.366132
0.366108
0.366078
0.366043
0.366
0.365949
0.365888
0.365815
0.365729
0.365629
0.365512
0.365377
0.365223
0.365048
0.378576
0.378754
0.378911
0.379048
0.379168
0.37927
0.379358
0.379433
0.379496
0.379549
0.379593
0.37963
0.37966
0.379686
0.379707
0.379724
0.379738
0.37975
0.379759
0.379767
0.379773
0.379779
0.379783
0.379786
0.379789
0.379791
0.379793
0.379794
0.379795
0.379795
0.379795
0.379795
0.379794
0.379793
0.379791
0.379789
0.379786
0.379783
0.379779
0.379773
0.379767
0.379759
0.37975
0.379738
0.379724
0.379707
0.379686
0.37966
0.37963
0.379593
0.379549
0.379496
0.379433
0.379358
0.37927
0.379168
0.379048
0.378911
0.378754
0.378576
0.392091
0.392272
0.392431
0.392571
0.392693
0.392798
0.392888
0.392965
0.39303
0.393084
0.39313
0.393168
0.3932
0.393226
0.393248
0.393266
0.393281
0.393293
0.393303
0.393311
0.393318
0.393324
0.393328
0.393332
0.393335
0.393337
0.393339
0.39334
0.393341
0.393341
0.393341
0.393341
0.39334
0.393339
0.393337
0.393335
0.393332
0.393328
0.393324
0.393318
0.393311
0.393303
0.393293
0.393281
0.393266
0.393248
0.393226
0.3932
0.393168
0.39313
0.393084
0.39303
0.392965
0.392888
0.392798
0.392693
0.392571
0.392431
0.392272
0.392091
0.405587
0.40577
0.405932
0.406074
0.406198
0.406306
0.406398
0.406476
0.406543
0.406599
0.406646
0.406686
0.406719
0.406746
0.406769
0.406788
0.406803
0.406816
0.406827
0.406835
0.406842
0.406848
0.406853
0.406857
0.40686
0.406862
0.406864
0.406865
0.406866
0.406867
0.406867
0.406866
0.406865
0.406864
0.406862
0.40686
0.406857
0.406853
0.406848
0.406842
0.406835
0.406827
0.406816
0.406803
0.406788
0.406769
0.406746
0.406719
0.406686
0.406646
0.406599
0.406543
0.406476
0.406398
0.406306
0.406198
0.406074
0.405932
0.40577
0.405587
0.419058
0.419242
0.419406
0.419551
0.419677
0.419787
0.419881
0.419961
0.42003
0.420088
0.420136
0.420177
0.420211
0.42024
0.420263
0.420283
0.420299
0.420313
0.420324
0.420333
0.42034
0.420346
0.420351
0.420355
0.420359
0.420361
0.420363
0.420365
0.420365
0.420366
0.420366
0.420365
0.420365
0.420363
0.420361
0.420359
0.420355
0.420351
0.420346
0.42034
0.420333
0.420324
0.420313
0.420299
0.420283
0.420263
0.42024
0.420211
0.420177
0.420136
0.420088
0.42003
0.419961
0.419881
0.419787
0.419677
0.419551
0.419406
0.419242
0.419058
0.432496
0.432682
0.432848
0.432995
0.433123
0.433235
0.433331
0.433413
0.433484
0.433543
0.433593
0.433635
0.433671
0.4337
0.433725
0.433745
0.433762
0.433776
0.433788
0.433797
0.433805
0.433812
0.433817
0.433821
0.433825
0.433827
0.433829
0.433831
0.433832
0.433832
0.433832
0.433832
0.433831
0.433829
0.433827
0.433825
0.433821
0.433817
0.433812
0.433805
0.433797
0.433788
0.433776
0.433762
0.433745
0.433725
0.4337
0.433671
0.433635
0.433593
0.433543
0.433484
0.433413
0.433331
0.433235
0.433123
0.432995
0.432848
0.432682
0.432496
0.445896
0.446084
0.446252
0.446401
0.446531
0.446644
0.446742
0.446826
0.446898
0.446959
0.447011
0.447054
0.447091
0.447121
0.447147
0.447168
0.447186
0.4472
0.447213
0.447223
0.447231
0.447238
0.447243
0.447248
0.447251
0.447254
0.447256
0.447258
0.447259
0.447259
0.447259
0.447259
0.447258
0.447256
0.447254
0.447251
0.447248
0.447243
0.447238
0.447231
0.447223
0.447213
0.4472
0.447186
0.447168
0.447147
0.447121
0.447091
0.447054
0.447011
0.446959
0.446898
0.446826
0.446742
0.446644
0.446531
0.446401
0.446252
0.446084
0.445896
0.459252
0.459442
0.459611
0.459761
0.459894
0.460009
0.460109
0.460194
0.460268
0.460331
0.460384
0.460428
0.460466
0.460498
0.460524
0.460546
0.460565
0.46058
0.460593
0.460603
0.460612
0.460619
0.460625
0.46063
0.460633
0.460636
0.460639
0.46064
0.460641
0.460642
0.460642
0.460641
0.46064
0.460639
0.460636
0.460633
0.46063
0.460625
0.460619
0.460612
0.460603
0.460593
0.46058
0.460565
0.460546
0.460524
0.460498
0.460466
0.460428
0.460384
0.460331
0.460268
0.460194
0.460109
0.460009
0.459894
0.459761
0.459611
0.459442
0.459252
0.472558
0.472749
0.47292
0.473072
0.473206
0.473323
0.473425
0.473512
0.473587
0.473651
0.473706
0.473752
0.473791
0.473823
0.473851
0.473874
0.473893
0.473909
0.473922
0.473933
0.473942
0.47395
0.473956
0.473961
0.473965
0.473968
0.47397
0.473972
0.473973
0.473974
0.473974
0.473973
0.473972
0.47397
0.473968
0.473965
0.473961
0.473956
0.47395
0.473942
0.473933
0.473922
0.473909
0.473893
0.473874
0.473851
0.473823
0.473791
0.473752
0.473706
0.473651
0.473587
0.473512
0.473425
0.473323
0.473206
0.473072
0.47292
0.472749
0.472558
0.48581
0.486002
0.486174
0.486328
0.486463
0.486582
0.486685
0.486774
0.48685
0.486916
0.486972
0.487019
0.487059
0.487093
0.487121
0.487145
0.487165
0.487181
0.487195
0.487207
0.487216
0.487224
0.487231
0.487236
0.48724
0.487243
0.487246
0.487248
0.487249
0.487249
0.487249
0.487249
0.487248
0.487246
0.487243
0.48724
0.487236
0.487231
0.487224
0.487216
0.487207
0.487195
0.487181
0.487165
0.487145
0.487121
0.487093
0.487059
0.487019
0.486972
0.486916
0.48685
0.486774
0.486685
0.486582
0.486463
0.486328
0.486174
0.486002
0.48581
0.499002
0.499195
0.499368
0.499523
0.499659
0.499779
0.499884
0.499974
0.500053
0.50012
0.500177
0.500225
0.500266
0.500301
0.500331
0.500355
0.500376
0.500393
0.500407
0.500419
0.500429
0.500438
0.500444
0.50045
0.500454
0.500458
0.50046
0.500462
0.500464
0.500464
0.500464
0.500464
0.500462
0.50046
0.500458
0.500454
0.50045
0.500444
0.500438
0.500429
0.500419
0.500407
0.500393
0.500376
0.500355
0.500331
0.500301
0.500266
0.500225
0.500177
0.50012
0.500053
0.499974
0.499884
0.499779
0.499659
0.499523
0.499368
0.499195
0.499002
0.512128
0.512322
0.512497
0.512652
0.51279
0.512911
0.513017
0.513109
0.513189
0.513257
0.513316
0.513365
0.513408
0.513444
0.513474
0.513499
0.513521
0.513538
0.513553
0.513566
0.513576
0.513585
0.513592
0.513598
0.513602
0.513606
0.513609
0.513611
0.513612
0.513613
0.513613
0.513612
0.513611
0.513609
0.513606
0.513602
0.513598
0.513592
0.513585
0.513576
0.513566
0.513553
0.513538
0.513521
0.513499
0.513474
0.513444
0.513408
0.513365
0.513316
0.513257
0.513189
0.513109
0.513017
0.512911
0.51279
0.512652
0.512497
0.512322
0.512128
0.525186
0.52538
0.525555
0.525712
0.525851
0.525973
0.52608
0.526174
0.526255
0.526324
0.526384
0.526435
0.526478
0.526515
0.526546
0.526573
0.526595
0.526613
0.526629
0.526642
0.526653
0.526662
0.526669
0.526675
0.52668
0.526684
0.526687
0.526689
0.52669
0.526691
0.526691
0.52669
0.526689
0.526687
0.526684
0.52668
0.526675
0.526669
0.526662
0.526653
0.526642
0.526629
0.526613
0.526595
0.526573
0.526546
0.526515
0.526478
0.526435
0.526384
0.526324
0.526255
0.526174
0.52608
0.525973
0.525851
0.525712
0.525555
0.52538
0.525186
0.53817
0.538365
0.53854
0.538697
0.538837
0.538961
0.539069
0.539163
0.539246
0.539316
0.539377
0.539429
0.539474
0.539512
0.539544
0.539571
0.539594
0.539613
0.539629
0.539643
0.539654
0.539663
0.539671
0.539677
0.539682
0.539686
0.539689
0.539692
0.539693
0.539694
0.539694
0.539693
0.539692
0.539689
0.539686
0.539682
0.539677
0.539671
0.539663
0.539654
0.539643
0.539629
0.539613
0.539594
0.539571
0.539544
0.539512
0.539474
0.539429
0.539377
0.539316
0.539246
0.539163
0.539069
0.538961
0.538837
0.538697
0.53854
0.538365
0.53817
0.551077
0.551271
0.551447
0.551605
0.551745
0.551869
0.551979
0.552074
0.552158
0.55223
0.552292
0.552345
0.55239
0.552429
0.552462
0.55249
0.552514
0.552534
0.55255
0.552564
0.552576
0.552586
0.552594
0.5526
0.552606
0.55261
0.552613
0.552615
0.552617
0.552618
0.552618
0.552617
0.552615
0.552613
0.55261
0.552606
0.5526
0.552594
0.552586
0.552576
0.552564
0.55255
0.552534
0.552514
0.55249
0.552462
0.552429
0.55239
0.552345
0.552292
0.55223
0.552158
0.552074
0.551979
0.551869
0.551745
0.551605
0.551447
0.551271
0.551077
0.563902
0.564096
0.564272
0.56443
0.564571
0.564696
0.564806
0.564903
0.564987
0.56506
0.565124
0.565178
0.565224
0.565264
0.565298
0.565327
0.565351
0.565371
0.565389
0.565403
0.565415
0.565425
0.565434
0.565441
0.565446
0.565451
0.565454
0.565456
0.565458
0.565459
0.565459
0.565458
0.565456
0.565454
0.565451
0.565446
0.565441
0.565434
0.565425
0.565415
0.565403
0.565389
0.565371
0.565351
0.565327
0.565298
0.565264
0.565224
0.565178
0.565124
0.56506
0.564987
0.564903
0.564806
0.564696
0.564571
0.56443
0.564272
0.564096
0.563902
0.576643
0.576837
0.577012
0.57717
0.577312
0.577438
0.577549
0.577646
0.577731
0.577805
0.577869
0.577925
0.577972
0.578013
0.578047
0.578077
0.578102
0.578123
0.578141
0.578156
0.578169
0.578179
0.578188
0.578195
0.578201
0.578205
0.578209
0.578211
0.578213
0.578214
0.578214
0.578213
0.578211
0.578209
0.578205
0.578201
0.578195
0.578188
0.578179
0.578169
0.578156
0.578141
0.578123
0.578102
0.578077
0.578047
0.578013
0.577972
0.577925
0.577869
0.577805
0.577731
0.577646
0.577549
0.577438
0.577312
0.57717
0.577012
0.576837
0.576643
0.589297
0.58949
0.589665
0.589823
0.589964
0.59009
0.590202
0.5903
0.590386
0.590461
0.590526
0.590582
0.590631
0.590672
0.590708
0.590738
0.590764
0.590786
0.590804
0.590819
0.590832
0.590843
0.590852
0.59086
0.590866
0.59087
0.590874
0.590877
0.590878
0.590879
0.590879
0.590878
0.590877
0.590874
0.59087
0.590866
0.59086
0.590852
0.590843
0.590832
0.590819
0.590804
0.590786
0.590764
0.590738
0.590708
0.590672
0.590631
0.590582
0.590526
0.590461
0.590386
0.5903
0.590202
0.59009
0.589964
0.589823
0.589665
0.58949
0.589297
0.60186
0.602052
0.602227
0.602384
0.602526
0.602652
0.602764
0.602863
0.60295
0.603026
0.603091
0.603148
0.603198
0.60324
0.603276
0.603307
0.603334
0.603356
0.603375
0.603391
0.603404
0.603416
0.603425
0.603433
0.603439
0.603444
0.603448
0.60345
0.603452
0.603453
0.603453
0.603452
0.60345
0.603448
0.603444
0.603439
0.603433
0.603425
0.603416
0.603404
0.603391
0.603375
0.603356
0.603334
0.603307
0.603276
0.60324
0.603198
0.603148
0.603091
0.603026
0.60295
0.602863
0.602764
0.602652
0.602526
0.602384
0.602227
0.602052
0.60186
0.614332
0.614522
0.614696
0.614853
0.614994
0.615121
0.615233
0.615332
0.61542
0.615496
0.615563
0.615621
0.61567
0.615714
0.61575
0.615782
0.615809
0.615832
0.615852
0.615868
0.615882
0.615894
0.615903
0.615911
0.615918
0.615923
0.615927
0.61593
0.615931
0.615932
0.615932
0.615931
0.61593
0.615927
0.615923
0.615918
0.615911
0.615903
0.615894
0.615882
0.615868
0.615852
0.615832
0.615809
0.615782
0.61575
0.615714
0.61567
0.615621
0.615563
0.615496
0.61542
0.615332
0.615233
0.615121
0.614994
0.614853
0.614696
0.614522
0.614332
0.626709
0.626898
0.62707
0.627227
0.627368
0.627494
0.627607
0.627706
0.627794
0.627871
0.627938
0.627997
0.628047
0.628091
0.628129
0.628161
0.628189
0.628212
0.628232
0.628249
0.628263
0.628275
0.628285
0.628294
0.6283
0.628306
0.62831
0.628313
0.628314
0.628315
0.628315
0.628314
0.628313
0.62831
0.628306
0.6283
0.628294
0.628285
0.628275
0.628263
0.628249
0.628232
0.628212
0.628189
0.628161
0.628129
0.628091
0.628047
0.627997
0.627938
0.627871
0.627794
0.627706
0.627607
0.627494
0.627368
0.627227
0.62707
0.626898
0.626709
0.63899
0.639178
0.639349
0.639504
0.639645
0.639771
0.639883
0.639983
0.640071
0.640148
0.640216
0.640275
0.640326
0.640371
0.640409
0.640442
0.64047
0.640494
0.640515
0.640532
0.640547
0.640559
0.640569
0.640578
0.640585
0.64059
0.640595
0.640598
0.6406
0.640601
0.640601
0.6406
0.640598
0.640595
0.64059
0.640585
0.640578
0.640569
0.640559
0.640547
0.640532
0.640515
0.640494
0.64047
0.640442
0.640409
0.640371
0.640326
0.640275
0.640216
0.640148
0.640071
0.639983
0.639883
0.639771
0.639645
0.639504
0.639349
0.639178
0.63899
0.651175
0.651361
0.65153
0.651685
0.651824
0.65195
0.652062
0.652161
0.65225
0.652327
0.652396
0.652455
0.652507
0.652552
0.652591
0.652624
0.652653
0.652678
0.652699
0.652716
0.652731
0.652744
0.652755
0.652763
0.65277
0.652776
0.652781
0.652784
0.652786
0.652787
0.652787
0.652786
0.652784
0.652781
0.652776
0.65277
0.652763
0.652755
0.652744
0.652731
0.652716
0.652699
0.652678
0.652653
0.652624
0.652591
0.652552
0.652507
0.652455
0.652396
0.652327
0.65225
0.652161
0.652062
0.65195
0.651824
0.651685
0.65153
0.651361
0.651175
0.663263
0.663446
0.663614
0.663767
0.663905
0.66403
0.664142
0.664241
0.66433
0.664407
0.664476
0.664536
0.664588
0.664634
0.664673
0.664707
0.664736
0.664761
0.664783
0.664801
0.664816
0.664829
0.66484
0.664849
0.664856
0.664862
0.664867
0.66487
0.664872
0.664873
0.664873
0.664872
0.66487
0.664867
0.664862
0.664856
0.664849
0.66484
0.664829
0.664816
0.664801
0.664783
0.664761
0.664736
0.664707
0.664673
0.664634
0.664588
0.664536
0.664476
0.664407
0.66433
0.664241
0.664142
0.66403
0.663905
0.663767
0.663614
0.663446
0.663263
0.675253
0.675434
0.6756
0.675751
0.675888
0.676012
0.676123
0.676222
0.67631
0.676388
0.676457
0.676517
0.67657
0.676616
0.676656
0.67669
0.67672
0.676745
0.676767
0.676786
0.676801
0.676815
0.676826
0.676835
0.676842
0.676848
0.676853
0.676856
0.676859
0.67686
0.67686
0.676859
0.676856
0.676853
0.676848
0.676842
0.676835
0.676826
0.676815
0.676801
0.676786
0.676767
0.676745
0.67672
0.67669
0.676656
0.676616
0.67657
0.676517
0.676457
0.676388
0.67631
0.676222
0.676123
0.676012
0.675888
0.675751
0.6756
0.675434
0.675253
0.687146
0.687324
0.687488
0.687637
0.687773
0.687896
0.688006
0.688105
0.688193
0.68827
0.688339
0.6884
0.688453
0.688499
0.688539
0.688574
0.688604
0.68863
0.688652
0.688671
0.688687
0.6887
0.688712
0.688721
0.688729
0.688735
0.68874
0.688743
0.688745
0.688746
0.688746
0.688745
0.688743
0.68874
0.688735
0.688729
0.688721
0.688712
0.6887
0.688687
0.688671
0.688652
0.68863
0.688604
0.688574
0.688539
0.688499
0.688453
0.6884
0.688339
0.68827
0.688193
0.688105
0.688006
0.687896
0.687773
0.687637
0.687488
0.687324
0.687146
0.698943
0.699118
0.699279
0.699427
0.699561
0.699682
0.699791
0.699889
0.699977
0.700055
0.700123
0.700184
0.700237
0.700283
0.700324
0.700359
0.700389
0.700415
0.700438
0.700457
0.700473
0.700487
0.700499
0.700508
0.700516
0.700522
0.700527
0.700531
0.700533
0.700534
0.700534
0.700533
0.700531
0.700527
0.700522
0.700516
0.700508
0.700499
0.700487
0.700473
0.700457
0.700438
0.700415
0.700389
0.700359
0.700324
0.700283
0.700237
0.700184
0.700123
0.700055
0.699977
0.699889
0.699791
0.699682
0.699561
0.699427
0.699279
0.699118
0.698943
0.710645
0.710817
0.710975
0.71112
0.711253
0.711373
0.711481
0.711578
0.711665
0.711742
0.71181
0.711871
0.711924
0.71197
0.712011
0.712046
0.712077
0.712103
0.712126
0.712145
0.712162
0.712176
0.712188
0.712198
0.712206
0.712212
0.712217
0.712221
0.712223
0.712224
0.712224
0.712223
0.712221
0.712217
0.712212
0.712206
0.712198
0.712188
0.712176
0.712162
0.712145
0.712126
0.712103
0.712077
0.712046
0.712011
0.71197
0.711924
0.711871
0.71181
0.711742
0.711665
0.711578
0.711481
0.711373
0.711253
0.71112
0.710975
0.710817
0.710645
0.722255
0.722423
0.722578
0.722721
0.722851
0.722969
0.723076
0.723172
0.723258
0.723335
0.723403
0.723463
0.723516
0.723562
0.723603
0.723638
0.723669
0.723696
0.723719
0.723738
0.723755
0.72377
0.723782
0.723791
0.7238
0.723806
0.723811
0.723815
0.723817
0.723819
0.723819
0.723817
0.723815
0.723811
0.723806
0.7238
0.723791
0.723782
0.72377
0.723755
0.723738
0.723719
0.723696
0.723669
0.723638
0.723603
0.723562
0.723516
0.723463
0.723403
0.723335
0.723258
0.723172
0.723076
0.722969
0.722851
0.722721
0.722578
0.722423
0.722255
0.733774
0.733939
0.734091
0.73423
0.734358
0.734474
0.734579
0.734674
0.734759
0.734835
0.734903
0.734962
0.735015
0.735062
0.735102
0.735138
0.735169
0.735195
0.735219
0.735238
0.735255
0.73527
0.735282
0.735292
0.7353
0.735307
0.735312
0.735316
0.735318
0.73532
0.73532
0.735318
0.735316
0.735312
0.735307
0.7353
0.735292
0.735282
0.73527
0.735255
0.735238
0.735219
0.735195
0.735169
0.735138
0.735102
0.735062
0.735015
0.734962
0.734903
0.734835
0.734759
0.734674
0.734579
0.734474
0.734358
0.73423
0.734091
0.733939
0.733774
0.745206
0.745367
0.745515
0.745652
0.745777
0.745891
0.745995
0.746088
0.746172
0.746247
0.746313
0.746373
0.746425
0.746471
0.746512
0.746547
0.746578
0.746605
0.746628
0.746648
0.746665
0.74668
0.746692
0.746702
0.746711
0.746717
0.746723
0.746726
0.746729
0.74673
0.74673
0.746729
0.746726
0.746723
0.746717
0.746711
0.746702
0.746692
0.74668
0.746665
0.746648
0.746628
0.746605
0.746578
0.746547
0.746512
0.746471
0.746425
0.746373
0.746313
0.746247
0.746172
0.746088
0.745995
0.745891
0.745777
0.745652
0.745515
0.745367
0.745206
0.756555
0.756712
0.756857
0.75699
0.757112
0.757224
0.757325
0.757417
0.757499
0.757573
0.757639
0.757698
0.75775
0.757796
0.757836
0.757871
0.757902
0.757929
0.757952
0.757972
0.757989
0.758004
0.758016
0.758026
0.758035
0.758042
0.758047
0.758051
0.758053
0.758055
0.758055
0.758053
0.758051
0.758047
0.758042
0.758035
0.758026
0.758016
0.758004
0.757989
0.757972
0.757952
0.757929
0.757902
0.757871
0.757836
0.757796
0.75775
0.757698
0.757639
0.757573
0.757499
0.757417
0.757325
0.757224
0.757112
0.75699
0.756857
0.756712
0.756555
0.767826
0.767978
0.768119
0.768249
0.768368
0.768477
0.768576
0.768666
0.768747
0.768819
0.768884
0.768942
0.768993
0.769039
0.769079
0.769114
0.769144
0.769171
0.769194
0.769214
0.769231
0.769246
0.769258
0.769269
0.769277
0.769284
0.769289
0.769293
0.769296
0.769297
0.769297
0.769296
0.769293
0.769289
0.769284
0.769277
0.769269
0.769258
0.769246
0.769231
0.769214
0.769194
0.769171
0.769144
0.769114
0.769079
0.769039
0.768993
0.768942
0.768884
0.768819
0.768747
0.768666
0.768576
0.768477
0.768368
0.768249
0.768119
0.767978
0.767826
0.779024
0.779171
0.779308
0.779434
0.77955
0.779656
0.779752
0.77984
0.779919
0.77999
0.780054
0.780111
0.780161
0.780206
0.780246
0.78028
0.780311
0.780337
0.78036
0.78038
0.780397
0.780412
0.780424
0.780435
0.780443
0.78045
0.780455
0.780459
0.780462
0.780463
0.780463
0.780462
0.780459
0.780455
0.78045
0.780443
0.780435
0.780424
0.780412
0.780397
0.78038
0.78036
0.780337
0.780311
0.78028
0.780246
0.780206
0.780161
0.780111
0.780054
0.77999
0.779919
0.77984
0.779752
0.779656
0.77955
0.779434
0.779308
0.779171
0.779024
0.790155
0.790298
0.79043
0.790552
0.790664
0.790767
0.790861
0.790946
0.791023
0.791093
0.791155
0.791211
0.79126
0.791304
0.791343
0.791377
0.791407
0.791434
0.791456
0.791476
0.791493
0.791508
0.79152
0.79153
0.791539
0.791546
0.791551
0.791555
0.791557
0.791559
0.791559
0.791557
0.791555
0.791551
0.791546
0.791539
0.79153
0.79152
0.791508
0.791493
0.791476
0.791456
0.791434
0.791407
0.791377
0.791343
0.791304
0.79126
0.791211
0.791155
0.791093
0.791023
0.790946
0.790861
0.790767
0.790664
0.790552
0.79043
0.790298
0.790155
0.801227
0.801364
0.801491
0.801609
0.801718
0.801817
0.801908
0.801991
0.802066
0.802133
0.802194
0.802248
0.802297
0.80234
0.802378
0.802412
0.802441
0.802467
0.80249
0.802509
0.802526
0.80254
0.802553
0.802563
0.802571
0.802578
0.802583
0.802587
0.80259
0.802591
0.802591
0.80259
0.802587
0.802583
0.802578
0.802571
0.802563
0.802553
0.80254
0.802526
0.802509
0.80249
0.802467
0.802441
0.802412
0.802378
0.80234
0.802297
0.802248
0.802194
0.802133
0.802066
0.801991
0.801908
0.801817
0.801718
0.801609
0.801491
0.801364
0.801227
0.812248
0.812379
0.812501
0.812614
0.812719
0.812815
0.812903
0.812983
0.813055
0.813121
0.81318
0.813232
0.81328
0.813322
0.813359
0.813392
0.813421
0.813446
0.813468
0.813487
0.813504
0.813518
0.81353
0.81354
0.813549
0.813555
0.813561
0.813564
0.813567
0.813568
0.813568
0.813567
0.813564
0.813561
0.813555
0.813549
0.81354
0.81353
0.813518
0.813504
0.813487
0.813468
0.813446
0.813421
0.813392
0.813359
0.813322
0.81328
0.813232
0.81318
0.813121
0.813055
0.812983
0.812903
0.812815
0.812719
0.812614
0.812501
0.812379
0.812248
0.823226
0.823352
0.823469
0.823577
0.823677
0.823769
0.823854
0.823931
0.824
0.824064
0.824121
0.824172
0.824218
0.824258
0.824295
0.824327
0.824355
0.82438
0.824401
0.82442
0.824436
0.82445
0.824462
0.824472
0.82448
0.824487
0.824492
0.824496
0.824498
0.824499
0.824499
0.824498
0.824496
0.824492
0.824487
0.82448
0.824472
0.824462
0.82445
0.824436
0.82442
0.824401
0.82438
0.824355
0.824327
0.824295
0.824258
0.824218
0.824172
0.824121
0.824064
0.824
0.823931
0.823854
0.823769
0.823677
0.823577
0.823469
0.823352
0.823226
0.834173
0.834292
0.834404
0.834507
0.834603
0.834691
0.834771
0.834845
0.834912
0.834973
0.835028
0.835077
0.835121
0.835161
0.835196
0.835227
0.835254
0.835278
0.835299
0.835317
0.835333
0.835347
0.835358
0.835368
0.835376
0.835383
0.835388
0.835391
0.835394
0.835395
0.835395
0.835394
0.835391
0.835388
0.835383
0.835376
0.835368
0.835358
0.835347
0.835333
0.835317
0.835299
0.835278
0.835254
0.835227
0.835196
0.835161
0.835121
0.835077
0.835028
0.834973
0.834912
0.834845
0.834771
0.834691
0.834603
0.834507
0.834404
0.834292
0.834173
0.845099
0.845213
0.845318
0.845416
0.845507
0.845591
0.845668
0.845738
0.845802
0.84586
0.845912
0.845959
0.846002
0.84604
0.846073
0.846103
0.84613
0.846153
0.846173
0.846191
0.846206
0.846219
0.846231
0.84624
0.846248
0.846254
0.846259
0.846263
0.846265
0.846266
0.846266
0.846265
0.846263
0.846259
0.846254
0.846248
0.84624
0.846231
0.846219
0.846206
0.846191
0.846173
0.846153
0.84613
0.846103
0.846073
0.84604
0.846002
0.845959
0.845912
0.84586
0.845802
0.845738
0.845668
0.845591
0.845507
0.845416
0.845318
0.845213
0.845099
0.856019
0.856126
0.856225
0.856318
0.856403
0.856482
0.856555
0.856622
0.856682
0.856737
0.856787
0.856832
0.856872
0.856909
0.856941
0.856969
0.856995
0.857017
0.857036
0.857053
0.857068
0.857081
0.857092
0.857101
0.857108
0.857115
0.857119
0.857123
0.857125
0.857126
0.857126
0.857125
0.857123
0.857119
0.857115
0.857108
0.857101
0.857092
0.857081
0.857068
0.857053
0.857036
0.857017
0.856995
0.856969
0.856941
0.856909
0.856872
0.856832
0.856787
0.856737
0.856682
0.856622
0.856555
0.856482
0.856403
0.856318
0.856225
0.856126
0.856019
0.866946
0.867045
0.867139
0.867225
0.867306
0.86738
0.867448
0.867511
0.867568
0.86762
0.867667
0.867709
0.867748
0.867782
0.867812
0.867839
0.867863
0.867885
0.867903
0.86792
0.867934
0.867946
0.867956
0.867965
0.867972
0.867978
0.867983
0.867986
0.867988
0.867989
0.867989
0.867988
0.867986
0.867983
0.867978
0.867972
0.867965
0.867956
0.867946
0.867934
0.86792
0.867903
0.867885
0.867863
0.867839
0.867812
0.867782
0.867748
0.867709
0.867667
0.86762
0.867568
0.867511
0.867448
0.86738
0.867306
0.867225
0.867139
0.867045
0.866946
0.877896
0.877988
0.878075
0.878155
0.87823
0.878299
0.878363
0.878421
0.878475
0.878523
0.878567
0.878607
0.878643
0.878675
0.878704
0.878729
0.878752
0.878772
0.87879
0.878805
0.878818
0.87883
0.87884
0.878848
0.878855
0.87886
0.878865
0.878868
0.87887
0.878871
0.878871
0.87887
0.878868
0.878865
0.87886
0.878855
0.878848
0.87884
0.87883
0.878818
0.878805
0.87879
0.878772
0.878752
0.878729
0.878704
0.878675
0.878643
0.878607
0.878567
0.878523
0.878475
0.878421
0.878363
0.878299
0.87823
0.878155
0.878075
0.877988
0.877896
0.888887
0.888972
0.889052
0.889126
0.889195
0.889258
0.889317
0.889371
0.889421
0.889465
0.889506
0.889543
0.889577
0.889606
0.889633
0.889657
0.889678
0.889697
0.889713
0.889728
0.88974
0.889751
0.88976
0.889768
0.889774
0.88978
0.889784
0.889787
0.889789
0.88979
0.88979
0.889789
0.889787
0.889784
0.88978
0.889774
0.889768
0.88976
0.889751
0.88974
0.889728
0.889713
0.889697
0.889678
0.889657
0.889633
0.889606
0.889577
0.889543
0.889506
0.889465
0.889421
0.889371
0.889317
0.889258
0.889195
0.889126
0.889052
0.888972
0.888887
0.899938
0.900016
0.900088
0.900156
0.900219
0.900277
0.90033
0.90038
0.900425
0.900466
0.900503
0.900537
0.900568
0.900595
0.90062
0.900642
0.900661
0.900678
0.900694
0.900707
0.900718
0.900728
0.900737
0.900744
0.90075
0.900755
0.900759
0.900762
0.900763
0.900764
0.900764
0.900763
0.900762
0.900759
0.900755
0.90075
0.900744
0.900737
0.900728
0.900718
0.900707
0.900694
0.900678
0.900661
0.900642
0.90062
0.900595
0.900568
0.900537
0.900503
0.900466
0.900425
0.90038
0.90033
0.900277
0.900219
0.900156
0.900088
0.900016
0.899938
0.911072
0.911141
0.911206
0.911267
0.911324
0.911376
0.911424
0.911468
0.911509
0.911546
0.91158
0.91161
0.911638
0.911663
0.911685
0.911705
0.911723
0.911738
0.911752
0.911764
0.911775
0.911784
0.911792
0.911798
0.911804
0.911808
0.911812
0.911814
0.911816
0.911817
0.911817
0.911816
0.911814
0.911812
0.911808
0.911804
0.911798
0.911792
0.911784
0.911775
0.911764
0.911752
0.911738
0.911723
0.911705
0.911685
0.911663
0.911638
0.91161
0.91158
0.911546
0.911509
0.911468
0.911424
0.911376
0.911324
0.911267
0.911206
0.911141
0.911072
0.922312
0.922373
0.92243
0.922484
0.922533
0.92258
0.922622
0.922661
0.922697
0.92273
0.92276
0.922787
0.922812
0.922834
0.922854
0.922871
0.922887
0.922901
0.922913
0.922924
0.922933
0.922941
0.922948
0.922954
0.922959
0.922963
0.922966
0.922969
0.92297
0.922971
0.922971
0.92297
0.922969
0.922966
0.922963
0.922959
0.922954
0.922948
0.922941
0.922933
0.922924
0.922913
0.922901
0.922887
0.922871
0.922854
0.922834
0.922812
0.922787
0.92276
0.92273
0.922697
0.922661
0.922622
0.92258
0.922533
0.922484
0.92243
0.922373
0.922312
0.933684
0.933737
0.933786
0.933832
0.933875
0.933914
0.933951
0.933985
0.934016
0.934044
0.93407
0.934093
0.934115
0.934134
0.934151
0.934166
0.93418
0.934192
0.934203
0.934212
0.93422
0.934227
0.934233
0.934239
0.934243
0.934246
0.934249
0.934251
0.934252
0.934253
0.934253
0.934252
0.934251
0.934249
0.934246
0.934243
0.934239
0.934233
0.934227
0.93422
0.934212
0.934203
0.934192
0.93418
0.934166
0.934151
0.934134
0.934115
0.934093
0.93407
0.934044
0.934016
0.933985
0.933951
0.933914
0.933875
0.933832
0.933786
0.933737
0.933684
0.945218
0.945261
0.945302
0.94534
0.945376
0.945409
0.94544
0.945468
0.945494
0.945517
0.945539
0.945558
0.945576
0.945592
0.945606
0.945619
0.945631
0.945641
0.94565
0.945658
0.945665
0.945671
0.945676
0.94568
0.945684
0.945687
0.945689
0.94569
0.945692
0.945692
0.945692
0.945692
0.94569
0.945689
0.945687
0.945684
0.94568
0.945676
0.945671
0.945665
0.945658
0.94565
0.945641
0.945631
0.945619
0.945606
0.945592
0.945576
0.945558
0.945539
0.945517
0.945494
0.945468
0.94544
0.945409
0.945376
0.94534
0.945302
0.945261
0.945218
0.956944
0.956979
0.957011
0.957041
0.95707
0.957096
0.95712
0.957142
0.957163
0.957181
0.957198
0.957214
0.957228
0.957241
0.957252
0.957262
0.957272
0.95728
0.957287
0.957293
0.957298
0.957303
0.957307
0.957311
0.957314
0.957316
0.957318
0.957319
0.95732
0.95732
0.95732
0.95732
0.957319
0.957318
0.957316
0.957314
0.957311
0.957307
0.957303
0.957298
0.957293
0.957287
0.95728
0.957272
0.957262
0.957252
0.957241
0.957228
0.957214
0.957198
0.957181
0.957163
0.957142
0.95712
0.957096
0.95707
0.957041
0.957011
0.956979
0.956944
0.9689
0.968925
0.968948
0.96897
0.96899
0.969009
0.969027
0.969043
0.969058
0.969072
0.969084
0.969095
0.969106
0.969115
0.969123
0.969131
0.969137
0.969143
0.969148
0.969153
0.969157
0.96916
0.969163
0.969166
0.969168
0.96917
0.969171
0.969172
0.969173
0.969173
0.969173
0.969173
0.969172
0.969171
0.96917
0.969168
0.969166
0.969163
0.96916
0.969157
0.969153
0.969148
0.969143
0.969137
0.969131
0.969123
0.969115
0.969106
0.969095
0.969084
0.969072
0.969058
0.969043
0.969027
0.969009
0.96899
0.96897
0.968948
0.968925
0.9689
0.981122
0.981137
0.981152
0.981165
0.981177
0.981189
0.9812
0.98121
0.981219
0.981227
0.981235
0.981241
0.981248
0.981253
0.981258
0.981263
0.981267
0.981271
0.981274
0.981277
0.981279
0.981281
0.981283
0.981284
0.981286
0.981287
0.981288
0.981288
0.981289
0.981289
0.981289
0.981289
0.981288
0.981288
0.981287
0.981286
0.981284
0.981283
0.981281
0.981279
0.981277
0.981274
0.981271
0.981267
0.981263
0.981258
0.981253
0.981248
0.981241
0.981235
0.981227
0.981219
0.98121
0.9812
0.981189
0.981177
0.981165
0.981152
0.981137
0.981122
0.993654
0.99366
0.993664
0.993669
0.993673
0.993677
0.993681
0.993684
0.993687
0.99369
0.993692
0.993695
0.993697
0.993699
0.9937
0.993702
0.993703
0.993704
0.993706
0.993706
0.993707
0.993708
0.993709
0.993709
0.99371
0.99371
0.99371
0.99371
0.993711
0.993711
0.993711
0.993711
0.99371
0.99371
0.99371
0.99371
0.993709
0.993709
0.993708
0.993707
0.993706
0.993706
0.993704
0.993703
0.993702
0.9937
0.993699
0.993697
0.993695
0.993692
0.99369
0.993687
0.993684
0.993681
0.993677
0.993673
0.993669
0.993664
0.99366
0.993654
)
;

boundaryField
{
    top
    {
        type            fixedValue;
        value           uniform 1;
    }
    bottom
    {
        type            fixedValue;
        value           uniform 1;
    }
    wall
    {
        type            zeroGradient;
    }
    frontAndBack
    {
        type            empty;
    }
}


// ************************************************************************* //
