/*--------------------------------*- C++ -*----------------------------------*\
| =========                 |                                                 |
| \\      /  F ield         | foam-extend: Open Source CFD                    |
|  \\    /   O peration     | Version:     4.0                                |
|   \\  /    A nd           | Web:         http://www.foam-extend.org         |
|    \\/     M anipulation  |                                                 |
\*---------------------------------------------------------------------------*/
FoamFile
{
    version     2.0;
    format      ascii;
    class       volScalarField;
    location    "1090";
    object      cMinus;
}
// * * * * * * * * * * * * * * * * * * * * * * * * * * * * * * * * * * * * * //

dimensions      [0 0 0 0 0 0 0];

internalField   nonuniform List<scalar> 
6960
(
6.85399e-21
6.84628e-21
6.83477e-21
6.82671e-21
6.82155e-21
6.81834e-21
6.81635e-21
6.81513e-21
6.81436e-21
6.81389e-21
6.8136e-21
6.81342e-21
6.81332e-21
6.81327e-21
6.81325e-21
6.81326e-21
6.81329e-21
6.81332e-21
6.81337e-21
6.81341e-21
6.81346e-21
6.8135e-21
6.81355e-21
6.81359e-21
6.81363e-21
6.81366e-21
6.81368e-21
6.8137e-21
6.81372e-21
6.81372e-21
6.81372e-21
6.81372e-21
6.8137e-21
6.81368e-21
6.81366e-21
6.81363e-21
6.81359e-21
6.81355e-21
6.8135e-21
6.81346e-21
6.81341e-21
6.81337e-21
6.81332e-21
6.81329e-21
6.81326e-21
6.81325e-21
6.81327e-21
6.81332e-21
6.81342e-21
6.8136e-21
6.81389e-21
6.81436e-21
6.81513e-21
6.81635e-21
6.81834e-21
6.82155e-21
6.82671e-21
6.83477e-21
6.84628e-21
6.85399e-21
3.61552e-20
3.61292e-20
3.60797e-20
3.60444e-20
3.60216e-20
3.60073e-20
3.59984e-20
3.59929e-20
3.59895e-20
3.59874e-20
3.59861e-20
3.59854e-20
3.5985e-20
3.59849e-20
3.59849e-20
3.59851e-20
3.59853e-20
3.59856e-20
3.59859e-20
3.59862e-20
3.59865e-20
3.59868e-20
3.59871e-20
3.59873e-20
3.59876e-20
3.59878e-20
3.59879e-20
3.5988e-20
3.59881e-20
3.59882e-20
3.59882e-20
3.59881e-20
3.5988e-20
3.59879e-20
3.59878e-20
3.59876e-20
3.59873e-20
3.59871e-20
3.59868e-20
3.59865e-20
3.59862e-20
3.59859e-20
3.59856e-20
3.59853e-20
3.59851e-20
3.59849e-20
3.59849e-20
3.5985e-20
3.59854e-20
3.59861e-20
3.59874e-20
3.59895e-20
3.59929e-20
3.59984e-20
3.60073e-20
3.60216e-20
3.60444e-20
3.60797e-20
3.61292e-20
3.61552e-20
1.83063e-19
1.83014e-19
1.82827e-19
1.8269e-19
1.826e-19
1.82542e-19
1.82506e-19
1.82483e-19
1.82469e-19
1.82461e-19
1.82455e-19
1.82452e-19
1.82451e-19
1.82451e-19
1.82452e-19
1.82453e-19
1.82454e-19
1.82455e-19
1.82457e-19
1.82459e-19
1.8246e-19
1.82462e-19
1.82464e-19
1.82465e-19
1.82466e-19
1.82467e-19
1.82468e-19
1.82469e-19
1.82469e-19
1.82469e-19
1.82469e-19
1.82469e-19
1.82469e-19
1.82468e-19
1.82467e-19
1.82466e-19
1.82465e-19
1.82464e-19
1.82462e-19
1.8246e-19
1.82459e-19
1.82457e-19
1.82455e-19
1.82454e-19
1.82453e-19
1.82452e-19
1.82451e-19
1.82451e-19
1.82452e-19
1.82455e-19
1.82461e-19
1.82469e-19
1.82483e-19
1.82506e-19
1.82542e-19
1.826e-19
1.8269e-19
1.82827e-19
1.83014e-19
1.83063e-19
9.47315e-19
9.4751e-19
9.46897e-19
9.46413e-19
9.46084e-19
9.45868e-19
9.45729e-19
9.4564e-19
9.45584e-19
9.45549e-19
9.45529e-19
9.45519e-19
9.45516e-19
9.45517e-19
9.45521e-19
9.45528e-19
9.45536e-19
9.45545e-19
9.45554e-19
9.45563e-19
9.45573e-19
9.45582e-19
9.4559e-19
9.45597e-19
9.45604e-19
9.4561e-19
9.45614e-19
9.45618e-19
9.4562e-19
9.45621e-19
9.45621e-19
9.4562e-19
9.45618e-19
9.45614e-19
9.4561e-19
9.45604e-19
9.45597e-19
9.4559e-19
9.45582e-19
9.45573e-19
9.45563e-19
9.45554e-19
9.45545e-19
9.45536e-19
9.45528e-19
9.45521e-19
9.45517e-19
9.45516e-19
9.45519e-19
9.45529e-19
9.45549e-19
9.45584e-19
9.4564e-19
9.45729e-19
9.45868e-19
9.46084e-19
9.46413e-19
9.46897e-19
9.4751e-19
9.47315e-19
5.07007e-18
5.07359e-18
5.07225e-18
5.07092e-18
5.06992e-18
5.06922e-18
5.06874e-18
5.06842e-18
5.06822e-18
5.06809e-18
5.06802e-18
5.06799e-18
5.06799e-18
5.06801e-18
5.06804e-18
5.06808e-18
5.06813e-18
5.06819e-18
5.06824e-18
5.0683e-18
5.06835e-18
5.0684e-18
5.06844e-18
5.06849e-18
5.06852e-18
5.06856e-18
5.06858e-18
5.0686e-18
5.06861e-18
5.06862e-18
5.06862e-18
5.06861e-18
5.0686e-18
5.06858e-18
5.06856e-18
5.06852e-18
5.06849e-18
5.06844e-18
5.0684e-18
5.06835e-18
5.0683e-18
5.06824e-18
5.06819e-18
5.06813e-18
5.06808e-18
5.06804e-18
5.06801e-18
5.06799e-18
5.06799e-18
5.06802e-18
5.06809e-18
5.06822e-18
5.06842e-18
5.06874e-18
5.06922e-18
5.06992e-18
5.07092e-18
5.07225e-18
5.07359e-18
5.07007e-18
2.81067e-17
2.81401e-17
2.81437e-17
2.81435e-17
2.81423e-17
2.8141e-17
2.81398e-17
2.8139e-17
2.81384e-17
2.8138e-17
2.81378e-17
2.81378e-17
2.81379e-17
2.81381e-17
2.81383e-17
2.81386e-17
2.81389e-17
2.81392e-17
2.81395e-17
2.81398e-17
2.81402e-17
2.81405e-17
2.81407e-17
2.8141e-17
2.81412e-17
2.81414e-17
2.81415e-17
2.81416e-17
2.81417e-17
2.81417e-17
2.81417e-17
2.81417e-17
2.81416e-17
2.81415e-17
2.81414e-17
2.81412e-17
2.8141e-17
2.81407e-17
2.81405e-17
2.81402e-17
2.81398e-17
2.81395e-17
2.81392e-17
2.81389e-17
2.81386e-17
2.81383e-17
2.81381e-17
2.81379e-17
2.81378e-17
2.81378e-17
2.8138e-17
2.81384e-17
2.8139e-17
2.81398e-17
2.8141e-17
2.81423e-17
2.81435e-17
2.81437e-17
2.81401e-17
2.81067e-17
1.61235e-16
1.61508e-16
1.61593e-16
1.61633e-16
1.61651e-16
1.61658e-16
1.61661e-16
1.61661e-16
1.61661e-16
1.61661e-16
1.61661e-16
1.61662e-16
1.61663e-16
1.61664e-16
1.61666e-16
1.61668e-16
1.6167e-16
1.61672e-16
1.61674e-16
1.61676e-16
1.61677e-16
1.61679e-16
1.61681e-16
1.61682e-16
1.61684e-16
1.61685e-16
1.61686e-16
1.61686e-16
1.61687e-16
1.61687e-16
1.61687e-16
1.61687e-16
1.61686e-16
1.61686e-16
1.61685e-16
1.61684e-16
1.61682e-16
1.61681e-16
1.61679e-16
1.61677e-16
1.61676e-16
1.61674e-16
1.61672e-16
1.6167e-16
1.61668e-16
1.61666e-16
1.61664e-16
1.61663e-16
1.61662e-16
1.61661e-16
1.61661e-16
1.61661e-16
1.61661e-16
1.61661e-16
1.61658e-16
1.61651e-16
1.61633e-16
1.61593e-16
1.61508e-16
1.61235e-16
9.55288e-16
9.57381e-16
9.58269e-16
9.58755e-16
9.59016e-16
9.59151e-16
9.59218e-16
9.59251e-16
9.59268e-16
9.59279e-16
9.59288e-16
9.59297e-16
9.59306e-16
9.59317e-16
9.59329e-16
9.59341e-16
9.59354e-16
9.59367e-16
9.59379e-16
9.59392e-16
9.59403e-16
9.59414e-16
9.59424e-16
9.59433e-16
9.59441e-16
9.59448e-16
9.59454e-16
9.59458e-16
9.59461e-16
9.59462e-16
9.59462e-16
9.59461e-16
9.59458e-16
9.59454e-16
9.59448e-16
9.59441e-16
9.59433e-16
9.59424e-16
9.59414e-16
9.59403e-16
9.59392e-16
9.59379e-16
9.59367e-16
9.59354e-16
9.59341e-16
9.59329e-16
9.59317e-16
9.59306e-16
9.59297e-16
9.59288e-16
9.59279e-16
9.59268e-16
9.59251e-16
9.59218e-16
9.59151e-16
9.59016e-16
9.58755e-16
9.58269e-16
9.57381e-16
9.55288e-16
5.8303e-15
5.846e-15
5.85377e-15
5.85827e-15
5.86079e-15
5.86216e-15
5.8629e-15
5.86329e-15
5.86351e-15
5.86365e-15
5.86375e-15
5.86383e-15
5.86391e-15
5.86399e-15
5.86408e-15
5.86416e-15
5.86424e-15
5.86433e-15
5.86441e-15
5.86449e-15
5.86456e-15
5.86463e-15
5.8647e-15
5.86475e-15
5.8648e-15
5.86485e-15
5.86488e-15
5.86491e-15
5.86492e-15
5.86493e-15
5.86493e-15
5.86492e-15
5.86491e-15
5.86488e-15
5.86485e-15
5.8648e-15
5.86475e-15
5.8647e-15
5.86463e-15
5.86456e-15
5.86449e-15
5.86441e-15
5.86433e-15
5.86424e-15
5.86416e-15
5.86408e-15
5.86399e-15
5.86391e-15
5.86383e-15
5.86375e-15
5.86365e-15
5.86351e-15
5.86329e-15
5.8629e-15
5.86216e-15
5.86079e-15
5.85827e-15
5.85377e-15
5.846e-15
5.8303e-15
3.65303e-14
3.66469e-14
3.67103e-14
3.67479e-14
3.67695e-14
3.67816e-14
3.67882e-14
3.67919e-14
3.6794e-14
3.67953e-14
3.67962e-14
3.67969e-14
3.67976e-14
3.67982e-14
3.67987e-14
3.67993e-14
3.67999e-14
3.68004e-14
3.6801e-14
3.68015e-14
3.6802e-14
3.68024e-14
3.68029e-14
3.68032e-14
3.68035e-14
3.68038e-14
3.6804e-14
3.68042e-14
3.68043e-14
3.68044e-14
3.68044e-14
3.68043e-14
3.68042e-14
3.6804e-14
3.68038e-14
3.68035e-14
3.68032e-14
3.68029e-14
3.68024e-14
3.6802e-14
3.68015e-14
3.6801e-14
3.68004e-14
3.67999e-14
3.67993e-14
3.67987e-14
3.67982e-14
3.67976e-14
3.67969e-14
3.67962e-14
3.67953e-14
3.6794e-14
3.67919e-14
3.67882e-14
3.67816e-14
3.67695e-14
3.67479e-14
3.67103e-14
3.66469e-14
3.65303e-14
2.33975e-13
2.34836e-13
2.35335e-13
2.35636e-13
2.35811e-13
2.3591e-13
2.35965e-13
2.35996e-13
2.36014e-13
2.36026e-13
2.36033e-13
2.36039e-13
2.36044e-13
2.36048e-13
2.36052e-13
2.36056e-13
2.3606e-13
2.36064e-13
2.36067e-13
2.36071e-13
2.36074e-13
2.36077e-13
2.3608e-13
2.36082e-13
2.36084e-13
2.36086e-13
2.36087e-13
2.36089e-13
2.36089e-13
2.3609e-13
2.3609e-13
2.36089e-13
2.36089e-13
2.36087e-13
2.36086e-13
2.36084e-13
2.36082e-13
2.3608e-13
2.36077e-13
2.36074e-13
2.36071e-13
2.36067e-13
2.36064e-13
2.3606e-13
2.36056e-13
2.36052e-13
2.36048e-13
2.36044e-13
2.36039e-13
2.36033e-13
2.36026e-13
2.36014e-13
2.35996e-13
2.35965e-13
2.3591e-13
2.35811e-13
2.35636e-13
2.35335e-13
2.34836e-13
2.33975e-13
1.52392e-12
1.53025e-12
1.53408e-12
1.53642e-12
1.53779e-12
1.53857e-12
1.53902e-12
1.53927e-12
1.53941e-12
1.5395e-12
1.53956e-12
1.53961e-12
1.53965e-12
1.53968e-12
1.53971e-12
1.53973e-12
1.53976e-12
1.53979e-12
1.53981e-12
1.53983e-12
1.53986e-12
1.53988e-12
1.53989e-12
1.53991e-12
1.53992e-12
1.53994e-12
1.53995e-12
1.53995e-12
1.53996e-12
1.53996e-12
1.53996e-12
1.53996e-12
1.53995e-12
1.53995e-12
1.53994e-12
1.53992e-12
1.53991e-12
1.53989e-12
1.53988e-12
1.53986e-12
1.53983e-12
1.53981e-12
1.53979e-12
1.53976e-12
1.53973e-12
1.53971e-12
1.53968e-12
1.53965e-12
1.53961e-12
1.53956e-12
1.5395e-12
1.53941e-12
1.53927e-12
1.53902e-12
1.53857e-12
1.53779e-12
1.53642e-12
1.53408e-12
1.53025e-12
1.52392e-12
1.00295e-11
1.00758e-11
1.01046e-11
1.01224e-11
1.01329e-11
1.01389e-11
1.01423e-11
1.01443e-11
1.01455e-11
1.01462e-11
1.01466e-11
1.0147e-11
1.01472e-11
1.01475e-11
1.01477e-11
1.01479e-11
1.01481e-11
1.01482e-11
1.01484e-11
1.01485e-11
1.01487e-11
1.01488e-11
1.01489e-11
1.01491e-11
1.01492e-11
1.01492e-11
1.01493e-11
1.01493e-11
1.01494e-11
1.01494e-11
1.01494e-11
1.01494e-11
1.01493e-11
1.01493e-11
1.01492e-11
1.01492e-11
1.01491e-11
1.01489e-11
1.01488e-11
1.01487e-11
1.01485e-11
1.01484e-11
1.01482e-11
1.01481e-11
1.01479e-11
1.01477e-11
1.01475e-11
1.01472e-11
1.0147e-11
1.01466e-11
1.01462e-11
1.01455e-11
1.01443e-11
1.01423e-11
1.01389e-11
1.01329e-11
1.01224e-11
1.01046e-11
1.00758e-11
1.00295e-11
6.62027e-11
6.65359e-11
6.67493e-11
6.68814e-11
6.69596e-11
6.70047e-11
6.70304e-11
6.70452e-11
6.7054e-11
6.70593e-11
6.70628e-11
6.70654e-11
6.70673e-11
6.7069e-11
6.70704e-11
6.70718e-11
6.7073e-11
6.70742e-11
6.70754e-11
6.70764e-11
6.70774e-11
6.70783e-11
6.70791e-11
6.70798e-11
6.70804e-11
6.70809e-11
6.70814e-11
6.70817e-11
6.70819e-11
6.7082e-11
6.7082e-11
6.70819e-11
6.70817e-11
6.70814e-11
6.70809e-11
6.70804e-11
6.70798e-11
6.70791e-11
6.70783e-11
6.70774e-11
6.70764e-11
6.70754e-11
6.70742e-11
6.7073e-11
6.70718e-11
6.70704e-11
6.7069e-11
6.70673e-11
6.70654e-11
6.70628e-11
6.70593e-11
6.7054e-11
6.70452e-11
6.70304e-11
6.70047e-11
6.69596e-11
6.68814e-11
6.67493e-11
6.65359e-11
6.62027e-11
4.34478e-10
4.36833e-10
4.38369e-10
4.39324e-10
4.39891e-10
4.40219e-10
4.40407e-10
4.40515e-10
4.40579e-10
4.40618e-10
4.40644e-10
4.40662e-10
4.40676e-10
4.40688e-10
4.40698e-10
4.40707e-10
4.40716e-10
4.40724e-10
4.40731e-10
4.40738e-10
4.40745e-10
4.4075e-10
4.40756e-10
4.4076e-10
4.40765e-10
4.40768e-10
4.40771e-10
4.40773e-10
4.40774e-10
4.40775e-10
4.40775e-10
4.40774e-10
4.40773e-10
4.40771e-10
4.40768e-10
4.40765e-10
4.4076e-10
4.40756e-10
4.4075e-10
4.40745e-10
4.40738e-10
4.40731e-10
4.40724e-10
4.40716e-10
4.40707e-10
4.40698e-10
4.40688e-10
4.40676e-10
4.40662e-10
4.40644e-10
4.40618e-10
4.40579e-10
4.40515e-10
4.40407e-10
4.40219e-10
4.39891e-10
4.39324e-10
4.38369e-10
4.36833e-10
4.34478e-10
2.80702e-09
2.82319e-09
2.83388e-09
2.84055e-09
2.84451e-09
2.84681e-09
2.84813e-09
2.8489e-09
2.84935e-09
2.84963e-09
2.84981e-09
2.84994e-09
2.85003e-09
2.85011e-09
2.85018e-09
2.85024e-09
2.8503e-09
2.85035e-09
2.8504e-09
2.85044e-09
2.85048e-09
2.85052e-09
2.85056e-09
2.85059e-09
2.85061e-09
2.85064e-09
2.85065e-09
2.85067e-09
2.85068e-09
2.85068e-09
2.85068e-09
2.85068e-09
2.85067e-09
2.85065e-09
2.85064e-09
2.85061e-09
2.85059e-09
2.85056e-09
2.85052e-09
2.85048e-09
2.85044e-09
2.8504e-09
2.85035e-09
2.8503e-09
2.85024e-09
2.85018e-09
2.85011e-09
2.85003e-09
2.84994e-09
2.84981e-09
2.84963e-09
2.84935e-09
2.8489e-09
2.84813e-09
2.84681e-09
2.84451e-09
2.84055e-09
2.83388e-09
2.82319e-09
2.80702e-09
1.76554e-08
1.77621e-08
1.78334e-08
1.78779e-08
1.79045e-08
1.79199e-08
1.79287e-08
1.79339e-08
1.79369e-08
1.79388e-08
1.794e-08
1.79409e-08
1.79415e-08
1.7942e-08
1.79425e-08
1.79429e-08
1.79432e-08
1.79435e-08
1.79438e-08
1.79441e-08
1.79444e-08
1.79446e-08
1.79448e-08
1.7945e-08
1.79452e-08
1.79453e-08
1.79455e-08
1.79455e-08
1.79456e-08
1.79456e-08
1.79456e-08
1.79456e-08
1.79455e-08
1.79455e-08
1.79453e-08
1.79452e-08
1.7945e-08
1.79448e-08
1.79446e-08
1.79444e-08
1.79441e-08
1.79438e-08
1.79435e-08
1.79432e-08
1.79429e-08
1.79425e-08
1.7942e-08
1.79415e-08
1.79409e-08
1.794e-08
1.79388e-08
1.79369e-08
1.79339e-08
1.79287e-08
1.79199e-08
1.79045e-08
1.78779e-08
1.78334e-08
1.77621e-08
1.76554e-08
1.06795e-07
1.07463e-07
1.07913e-07
1.08194e-07
1.08362e-07
1.0846e-07
1.08516e-07
1.08549e-07
1.08568e-07
1.0858e-07
1.08588e-07
1.08593e-07
1.08597e-07
1.086e-07
1.08603e-07
1.08605e-07
1.08608e-07
1.0861e-07
1.08611e-07
1.08613e-07
1.08615e-07
1.08616e-07
1.08617e-07
1.08618e-07
1.08619e-07
1.0862e-07
1.08621e-07
1.08621e-07
1.08622e-07
1.08622e-07
1.08622e-07
1.08622e-07
1.08621e-07
1.08621e-07
1.0862e-07
1.08619e-07
1.08618e-07
1.08617e-07
1.08616e-07
1.08615e-07
1.08613e-07
1.08611e-07
1.0861e-07
1.08608e-07
1.08605e-07
1.08603e-07
1.086e-07
1.08597e-07
1.08593e-07
1.08588e-07
1.0858e-07
1.08568e-07
1.08549e-07
1.08516e-07
1.0846e-07
1.08362e-07
1.08194e-07
1.07913e-07
1.07463e-07
1.06795e-07
6.13058e-07
6.1698e-07
6.19631e-07
6.21291e-07
6.22282e-07
6.22859e-07
6.23193e-07
6.23386e-07
6.23501e-07
6.23572e-07
6.23618e-07
6.23649e-07
6.23672e-07
6.23691e-07
6.23707e-07
6.2372e-07
6.23733e-07
6.23744e-07
6.23754e-07
6.23764e-07
6.23773e-07
6.23781e-07
6.23788e-07
6.23794e-07
6.23799e-07
6.23804e-07
6.23808e-07
6.2381e-07
6.23812e-07
6.23813e-07
6.23813e-07
6.23812e-07
6.2381e-07
6.23808e-07
6.23804e-07
6.23799e-07
6.23794e-07
6.23788e-07
6.23781e-07
6.23773e-07
6.23764e-07
6.23754e-07
6.23744e-07
6.23733e-07
6.2372e-07
6.23707e-07
6.23691e-07
6.23672e-07
6.23649e-07
6.23618e-07
6.23572e-07
6.23501e-07
6.23386e-07
6.23193e-07
6.22859e-07
6.22282e-07
6.21291e-07
6.19631e-07
6.1698e-07
6.13058e-07
3.29287e-06
3.31411e-06
3.32849e-06
3.33751e-06
3.34289e-06
3.34603e-06
3.34785e-06
3.3489e-06
3.34953e-06
3.34992e-06
3.35016e-06
3.35034e-06
3.35046e-06
3.35056e-06
3.35064e-06
3.35072e-06
3.35078e-06
3.35084e-06
3.3509e-06
3.35094e-06
3.35099e-06
3.35103e-06
3.35107e-06
3.3511e-06
3.35113e-06
3.35115e-06
3.35117e-06
3.35119e-06
3.35119e-06
3.3512e-06
3.3512e-06
3.35119e-06
3.35119e-06
3.35117e-06
3.35115e-06
3.35113e-06
3.3511e-06
3.35107e-06
3.35103e-06
3.35099e-06
3.35094e-06
3.3509e-06
3.35084e-06
3.35078e-06
3.35072e-06
3.35064e-06
3.35056e-06
3.35046e-06
3.35034e-06
3.35016e-06
3.34992e-06
3.34953e-06
3.3489e-06
3.34785e-06
3.34603e-06
3.34289e-06
3.33751e-06
3.32849e-06
3.31411e-06
3.29287e-06
1.6302e-05
1.64064e-05
1.64771e-05
1.65215e-05
1.6548e-05
1.65634e-05
1.65724e-05
1.65776e-05
1.65807e-05
1.65826e-05
1.65838e-05
1.65847e-05
1.65853e-05
1.65858e-05
1.65862e-05
1.65865e-05
1.65868e-05
1.65871e-05
1.65874e-05
1.65876e-05
1.65878e-05
1.6588e-05
1.65882e-05
1.65883e-05
1.65885e-05
1.65886e-05
1.65887e-05
1.65887e-05
1.65888e-05
1.65888e-05
1.65888e-05
1.65888e-05
1.65887e-05
1.65887e-05
1.65886e-05
1.65885e-05
1.65883e-05
1.65882e-05
1.6588e-05
1.65878e-05
1.65876e-05
1.65874e-05
1.65871e-05
1.65868e-05
1.65865e-05
1.65862e-05
1.65858e-05
1.65853e-05
1.65847e-05
1.65838e-05
1.65826e-05
1.65807e-05
1.65776e-05
1.65724e-05
1.65634e-05
1.6548e-05
1.65215e-05
1.64771e-05
1.64064e-05
1.6302e-05
7.32148e-05
7.36726e-05
7.39827e-05
7.41768e-05
7.42928e-05
7.43606e-05
7.43999e-05
7.44228e-05
7.44364e-05
7.44447e-05
7.44501e-05
7.44538e-05
7.44565e-05
7.44586e-05
7.44603e-05
7.44618e-05
7.44631e-05
7.44643e-05
7.44654e-05
7.44664e-05
7.44673e-05
7.44681e-05
7.44688e-05
7.44695e-05
7.447e-05
7.44705e-05
7.44709e-05
7.44712e-05
7.44713e-05
7.44714e-05
7.44714e-05
7.44713e-05
7.44712e-05
7.44709e-05
7.44705e-05
7.447e-05
7.44695e-05
7.44688e-05
7.44681e-05
7.44673e-05
7.44664e-05
7.44654e-05
7.44643e-05
7.44631e-05
7.44618e-05
7.44603e-05
7.44586e-05
7.44565e-05
7.44538e-05
7.44501e-05
7.44447e-05
7.44364e-05
7.44228e-05
7.43999e-05
7.43606e-05
7.42928e-05
7.41768e-05
7.39827e-05
7.36726e-05
7.32148e-05
0.000293339
0.000295095
0.000296282
0.000297024
0.000297468
0.000297727
0.000297877
0.000297965
0.000298017
0.000298049
0.00029807
0.000298084
0.000298094
0.000298102
0.000298109
0.000298114
0.000298119
0.000298124
0.000298128
0.000298131
0.000298135
0.000298138
0.00029814
0.000298143
0.000298145
0.000298147
0.000298148
0.000298149
0.00029815
0.00029815
0.00029815
0.00029815
0.000298149
0.000298148
0.000298147
0.000298145
0.000298143
0.00029814
0.000298138
0.000298135
0.000298131
0.000298128
0.000298124
0.000298119
0.000298114
0.000298109
0.000298102
0.000298094
0.000298084
0.00029807
0.000298049
0.000298017
0.000297965
0.000297877
0.000297727
0.000297468
0.000297024
0.000296282
0.000295095
0.000293339
0.0010303
0.00103607
0.00103995
0.00104238
0.00104383
0.00104467
0.00104517
0.00104545
0.00104562
0.00104573
0.0010458
0.00104584
0.00104588
0.0010459
0.00104592
0.00104594
0.00104596
0.00104597
0.00104598
0.001046
0.00104601
0.00104602
0.00104602
0.00104603
0.00104604
0.00104604
0.00104605
0.00104605
0.00104605
0.00104605
0.00104605
0.00104605
0.00104605
0.00104605
0.00104604
0.00104604
0.00104603
0.00104602
0.00104602
0.00104601
0.001046
0.00104598
0.00104597
0.00104596
0.00104594
0.00104592
0.0010459
0.00104588
0.00104584
0.0010458
0.00104573
0.00104562
0.00104545
0.00104517
0.00104467
0.00104383
0.00104238
0.00103995
0.00103607
0.0010303
0.00311821
0.00313406
0.00314468
0.0031513
0.00315527
0.00315759
0.00315893
0.00315972
0.00316019
0.00316048
0.00316066
0.00316079
0.00316088
0.00316095
0.003161
0.00316105
0.00316109
0.00316113
0.00316117
0.0031612
0.00316123
0.00316125
0.00316127
0.00316129
0.00316131
0.00316132
0.00316134
0.00316134
0.00316135
0.00316135
0.00316135
0.00316135
0.00316134
0.00316134
0.00316132
0.00316131
0.00316129
0.00316127
0.00316125
0.00316123
0.0031612
0.00316117
0.00316113
0.00316109
0.00316105
0.003161
0.00316095
0.00316088
0.00316079
0.00316066
0.00316048
0.00316019
0.00315972
0.00315893
0.00315759
0.00315527
0.0031513
0.00314468
0.00313406
0.00311821
0.00801689
0.00805271
0.00807654
0.00809139
0.00810028
0.00810549
0.00810851
0.00811028
0.00811134
0.00811199
0.0081124
0.00811268
0.00811289
0.00811304
0.00811317
0.00811328
0.00811337
0.00811345
0.00811353
0.00811359
0.00811365
0.00811371
0.00811376
0.0081138
0.00811384
0.00811387
0.00811389
0.00811391
0.00811392
0.00811393
0.00811393
0.00811392
0.00811391
0.00811389
0.00811387
0.00811384
0.0081138
0.00811376
0.00811371
0.00811365
0.00811359
0.00811353
0.00811345
0.00811337
0.00811328
0.00811317
0.00811304
0.00811289
0.00811268
0.0081124
0.00811199
0.00811134
0.00811028
0.00810851
0.00810549
0.00810028
0.00809139
0.00807654
0.00805271
0.00801689
0.0173966
0.0174626
0.0175063
0.0175334
0.0175497
0.0175592
0.0175647
0.017568
0.0175699
0.0175711
0.0175719
0.0175724
0.0175728
0.017573
0.0175733
0.0175735
0.0175736
0.0175738
0.0175739
0.017574
0.0175741
0.0175742
0.0175743
0.0175744
0.0175745
0.0175745
0.0175745
0.0175746
0.0175746
0.0175746
0.0175746
0.0175746
0.0175746
0.0175745
0.0175745
0.0175745
0.0175744
0.0175743
0.0175742
0.0175741
0.017574
0.0175739
0.0175738
0.0175736
0.0175735
0.0175733
0.017573
0.0175728
0.0175724
0.0175719
0.0175711
0.0175699
0.017568
0.0175647
0.0175592
0.0175497
0.0175334
0.0175063
0.0174626
0.0173966
0.0320653
0.0321659
0.0322319
0.0322729
0.0322975
0.0323119
0.0323203
0.0323253
0.0323282
0.03233
0.0323312
0.0323319
0.0323325
0.0323329
0.0323333
0.0323335
0.0323338
0.032334
0.0323342
0.0323344
0.0323345
0.0323347
0.0323348
0.0323349
0.032335
0.0323351
0.0323352
0.0323352
0.0323352
0.0323353
0.0323353
0.0323352
0.0323352
0.0323352
0.0323351
0.032335
0.0323349
0.0323348
0.0323347
0.0323345
0.0323344
0.0323342
0.032334
0.0323338
0.0323335
0.0323333
0.0323329
0.0323325
0.0323319
0.0323312
0.03233
0.0323282
0.0323253
0.0323203
0.0323119
0.0322975
0.0322729
0.0322319
0.0321659
0.0320653
0.0512322
0.0513638
0.0514494
0.0515026
0.0515344
0.0515532
0.0515641
0.0515705
0.0515744
0.0515767
0.0515782
0.0515793
0.05158
0.0515805
0.051581
0.0515813
0.0515816
0.0515819
0.0515822
0.0515824
0.0515826
0.0515827
0.0515829
0.051583
0.0515832
0.0515833
0.0515833
0.0515834
0.0515834
0.0515835
0.0515835
0.0515834
0.0515834
0.0515833
0.0515833
0.0515832
0.051583
0.0515829
0.0515827
0.0515826
0.0515824
0.0515822
0.0515819
0.0515816
0.0515813
0.051581
0.0515805
0.05158
0.0515793
0.0515782
0.0515767
0.0515744
0.0515705
0.0515641
0.0515532
0.0515344
0.0515026
0.0514494
0.0513638
0.0512322
0.0730787
0.0732337
0.0733339
0.0733961
0.0734334
0.0734554
0.0734683
0.0734759
0.0734804
0.0734832
0.073485
0.0734862
0.073487
0.0734876
0.0734881
0.0734886
0.0734889
0.0734892
0.0734895
0.0734898
0.07349
0.0734902
0.0734904
0.0734905
0.0734906
0.0734907
0.0734908
0.0734909
0.0734909
0.073491
0.073491
0.0734909
0.0734909
0.0734908
0.0734907
0.0734906
0.0734905
0.0734904
0.0734902
0.07349
0.0734898
0.0734895
0.0734892
0.0734889
0.0734886
0.0734881
0.0734876
0.073487
0.0734862
0.073485
0.0734832
0.0734804
0.0734759
0.0734683
0.0734554
0.0734334
0.0733961
0.0733339
0.0732337
0.0730787
0.0959518
0.0961244
0.0962353
0.0963041
0.0963455
0.0963699
0.0963843
0.0963928
0.0963978
0.096401
0.096403
0.0964043
0.0964052
0.0964059
0.0964065
0.0964069
0.0964073
0.0964077
0.096408
0.0964082
0.0964085
0.0964087
0.0964089
0.096409
0.0964092
0.0964093
0.0964094
0.0964094
0.0964095
0.0964095
0.0964095
0.0964095
0.0964094
0.0964094
0.0964093
0.0964092
0.096409
0.0964089
0.0964087
0.0964085
0.0964082
0.096408
0.0964077
0.0964073
0.0964069
0.0964065
0.0964059
0.0964052
0.0964043
0.096403
0.096401
0.0963978
0.0963928
0.0963843
0.0963699
0.0963455
0.0963041
0.0962353
0.0961244
0.0959518
0.118949
0.119136
0.119256
0.11933
0.119375
0.119402
0.119417
0.119427
0.119432
0.119436
0.119438
0.119439
0.11944
0.119441
0.119442
0.119442
0.119443
0.119443
0.119443
0.119443
0.119444
0.119444
0.119444
0.119444
0.119444
0.119445
0.119445
0.119445
0.119445
0.119445
0.119445
0.119445
0.119445
0.119445
0.119445
0.119444
0.119444
0.119444
0.119444
0.119444
0.119443
0.119443
0.119443
0.119443
0.119442
0.119442
0.119441
0.11944
0.119439
0.119438
0.119436
0.119432
0.119427
0.119417
0.119402
0.119375
0.11933
0.119256
0.119136
0.118949
0.141771
0.141972
0.1421
0.142179
0.142228
0.142256
0.142273
0.142283
0.142289
0.142293
0.142295
0.142297
0.142298
0.142299
0.1423
0.1423
0.1423
0.142301
0.142301
0.142301
0.142302
0.142302
0.142302
0.142302
0.142302
0.142303
0.142303
0.142303
0.142303
0.142303
0.142303
0.142303
0.142303
0.142303
0.142303
0.142302
0.142302
0.142302
0.142302
0.142302
0.142301
0.142301
0.142301
0.1423
0.1423
0.1423
0.142299
0.142298
0.142297
0.142295
0.142293
0.142289
0.142283
0.142273
0.142256
0.142228
0.142179
0.1421
0.141972
0.141771
0.164388
0.164601
0.164738
0.164823
0.164874
0.164905
0.164923
0.164934
0.164941
0.164945
0.164947
0.164949
0.16495
0.164951
0.164952
0.164952
0.164953
0.164953
0.164954
0.164954
0.164954
0.164954
0.164955
0.164955
0.164955
0.164955
0.164955
0.164955
0.164955
0.164955
0.164955
0.164955
0.164955
0.164955
0.164955
0.164955
0.164955
0.164955
0.164954
0.164954
0.164954
0.164954
0.164953
0.164953
0.164952
0.164952
0.164951
0.16495
0.164949
0.164947
0.164945
0.164941
0.164934
0.164923
0.164905
0.164874
0.164823
0.164738
0.164601
0.164388
0.186831
0.187057
0.187202
0.187292
0.187347
0.18738
0.1874
0.187411
0.187419
0.187423
0.187426
0.187428
0.187429
0.18743
0.187431
0.187431
0.187432
0.187432
0.187432
0.187433
0.187433
0.187433
0.187433
0.187434
0.187434
0.187434
0.187434
0.187434
0.187434
0.187434
0.187434
0.187434
0.187434
0.187434
0.187434
0.187434
0.187434
0.187433
0.187433
0.187433
0.187433
0.187432
0.187432
0.187432
0.187431
0.187431
0.18743
0.187429
0.187428
0.187426
0.187423
0.187419
0.187411
0.1874
0.18738
0.187347
0.187292
0.187202
0.187057
0.186831
0.209122
0.20936
0.209513
0.209609
0.209668
0.209703
0.209724
0.209737
0.209744
0.209749
0.209752
0.209754
0.209756
0.209757
0.209757
0.209758
0.209759
0.209759
0.209759
0.20976
0.20976
0.20976
0.20976
0.209761
0.209761
0.209761
0.209761
0.209761
0.209761
0.209761
0.209761
0.209761
0.209761
0.209761
0.209761
0.209761
0.209761
0.20976
0.20976
0.20976
0.20976
0.209759
0.209759
0.209759
0.209758
0.209757
0.209757
0.209756
0.209754
0.209752
0.209749
0.209744
0.209737
0.209724
0.209703
0.209668
0.209609
0.209513
0.20936
0.209122
0.231266
0.231515
0.231676
0.231777
0.23184
0.231877
0.2319
0.231913
0.231921
0.231927
0.23193
0.231932
0.231934
0.231935
0.231935
0.231936
0.231937
0.231937
0.231937
0.231938
0.231938
0.231938
0.231938
0.231939
0.231939
0.231939
0.231939
0.231939
0.231939
0.231939
0.231939
0.231939
0.231939
0.231939
0.231939
0.231939
0.231939
0.231938
0.231938
0.231938
0.231938
0.231937
0.231937
0.231937
0.231936
0.231935
0.231935
0.231934
0.231932
0.23193
0.231927
0.231921
0.231913
0.2319
0.231877
0.23184
0.231777
0.231676
0.231515
0.231266
0.253251
0.253511
0.25368
0.253787
0.253852
0.253892
0.253916
0.253931
0.25394
0.253945
0.253949
0.253951
0.253953
0.253954
0.253955
0.253956
0.253956
0.253957
0.253957
0.253957
0.253958
0.253958
0.253958
0.253958
0.253958
0.253959
0.253959
0.253959
0.253959
0.253959
0.253959
0.253959
0.253959
0.253959
0.253959
0.253958
0.253958
0.253958
0.253958
0.253958
0.253957
0.253957
0.253957
0.253956
0.253956
0.253955
0.253954
0.253953
0.253951
0.253949
0.253945
0.25394
0.253931
0.253916
0.253892
0.253852
0.253787
0.25368
0.253511
0.253251
0.275063
0.275333
0.275509
0.275621
0.275691
0.275733
0.275759
0.275774
0.275784
0.27579
0.275794
0.275796
0.275798
0.275799
0.2758
0.275801
0.275801
0.275802
0.275802
0.275802
0.275803
0.275803
0.275803
0.275803
0.275803
0.275804
0.275804
0.275804
0.275804
0.275804
0.275804
0.275804
0.275804
0.275804
0.275804
0.275803
0.275803
0.275803
0.275803
0.275803
0.275802
0.275802
0.275802
0.275801
0.275801
0.2758
0.275799
0.275798
0.275796
0.275794
0.27579
0.275784
0.275774
0.275759
0.275733
0.275691
0.275621
0.275509
0.275333
0.275063
0.296682
0.296962
0.297145
0.297263
0.297336
0.29738
0.297408
0.297424
0.297434
0.297441
0.297445
0.297448
0.29745
0.297451
0.297452
0.297453
0.297453
0.297454
0.297454
0.297454
0.297455
0.297455
0.297455
0.297455
0.297455
0.297456
0.297456
0.297456
0.297456
0.297456
0.297456
0.297456
0.297456
0.297456
0.297456
0.297455
0.297455
0.297455
0.297455
0.297455
0.297454
0.297454
0.297454
0.297453
0.297453
0.297452
0.297451
0.29745
0.297448
0.297445
0.297441
0.297434
0.297424
0.297408
0.29738
0.297336
0.297263
0.297145
0.296962
0.296682
0.31809
0.318378
0.318569
0.318691
0.318768
0.318815
0.318844
0.318861
0.318872
0.318879
0.318884
0.318887
0.318889
0.31889
0.318891
0.318892
0.318892
0.318893
0.318893
0.318894
0.318894
0.318894
0.318894
0.318895
0.318895
0.318895
0.318895
0.318895
0.318895
0.318895
0.318895
0.318895
0.318895
0.318895
0.318895
0.318895
0.318895
0.318894
0.318894
0.318894
0.318894
0.318893
0.318893
0.318892
0.318892
0.318891
0.31889
0.318889
0.318887
0.318884
0.318879
0.318872
0.318861
0.318844
0.318815
0.318768
0.318691
0.318569
0.318378
0.31809
0.339267
0.339563
0.33976
0.339887
0.339967
0.340017
0.340048
0.340066
0.340078
0.340085
0.34009
0.340093
0.340095
0.340097
0.340098
0.340099
0.340099
0.3401
0.3401
0.340101
0.340101
0.340101
0.340101
0.340102
0.340102
0.340102
0.340102
0.340102
0.340102
0.340102
0.340102
0.340102
0.340102
0.340102
0.340102
0.340102
0.340102
0.340101
0.340101
0.340101
0.340101
0.3401
0.3401
0.340099
0.340099
0.340098
0.340097
0.340095
0.340093
0.34009
0.340085
0.340078
0.340066
0.340048
0.340017
0.339967
0.339887
0.33976
0.339563
0.339267
0.360193
0.360497
0.3607
0.360832
0.360915
0.360968
0.361
0.36102
0.361032
0.36104
0.361045
0.361049
0.361051
0.361052
0.361054
0.361054
0.361055
0.361056
0.361056
0.361056
0.361057
0.361057
0.361057
0.361057
0.361058
0.361058
0.361058
0.361058
0.361058
0.361058
0.361058
0.361058
0.361058
0.361058
0.361058
0.361058
0.361057
0.361057
0.361057
0.361057
0.361056
0.361056
0.361056
0.361055
0.361054
0.361054
0.361052
0.361051
0.361049
0.361045
0.36104
0.361032
0.36102
0.361
0.360968
0.360915
0.360832
0.3607
0.360497
0.360193
0.380851
0.381161
0.38137
0.381507
0.381594
0.381649
0.381683
0.381704
0.381717
0.381725
0.381731
0.381734
0.381737
0.381739
0.38174
0.381741
0.381741
0.381742
0.381742
0.381743
0.381743
0.381743
0.381744
0.381744
0.381744
0.381744
0.381744
0.381744
0.381744
0.381744
0.381744
0.381744
0.381744
0.381744
0.381744
0.381744
0.381744
0.381744
0.381743
0.381743
0.381743
0.381742
0.381742
0.381741
0.381741
0.38174
0.381739
0.381737
0.381734
0.381731
0.381725
0.381717
0.381704
0.381683
0.381649
0.381594
0.381507
0.38137
0.381161
0.380851
0.401224
0.401539
0.401754
0.401895
0.401985
0.402043
0.402078
0.402101
0.402115
0.402124
0.40213
0.402133
0.402136
0.402138
0.402139
0.40214
0.402141
0.402141
0.402142
0.402142
0.402143
0.402143
0.402143
0.402143
0.402143
0.402144
0.402144
0.402144
0.402144
0.402144
0.402144
0.402144
0.402144
0.402144
0.402144
0.402143
0.402143
0.402143
0.402143
0.402143
0.402142
0.402142
0.402141
0.402141
0.40214
0.402139
0.402138
0.402136
0.402133
0.40213
0.402124
0.402115
0.402101
0.402078
0.402043
0.401985
0.401895
0.401754
0.401539
0.401224
0.421294
0.421615
0.421834
0.42198
0.422074
0.422133
0.422171
0.422195
0.42221
0.422219
0.422225
0.422229
0.422232
0.422234
0.422235
0.422236
0.422237
0.422238
0.422238
0.422239
0.422239
0.422239
0.42224
0.42224
0.42224
0.42224
0.42224
0.42224
0.42224
0.42224
0.42224
0.42224
0.42224
0.42224
0.42224
0.42224
0.42224
0.42224
0.422239
0.422239
0.422239
0.422238
0.422238
0.422237
0.422236
0.422235
0.422234
0.422232
0.422229
0.422225
0.422219
0.42221
0.422195
0.422171
0.422133
0.422074
0.42198
0.421834
0.421615
0.421294
0.441048
0.441372
0.441596
0.441746
0.441843
0.441906
0.441945
0.44197
0.441986
0.441996
0.442003
0.442007
0.44201
0.442012
0.442014
0.442015
0.442015
0.442016
0.442017
0.442017
0.442017
0.442018
0.442018
0.442018
0.442018
0.442018
0.442018
0.442018
0.442019
0.442019
0.442019
0.442019
0.442018
0.442018
0.442018
0.442018
0.442018
0.442018
0.442018
0.442017
0.442017
0.442017
0.442016
0.442015
0.442015
0.442014
0.442012
0.44201
0.442007
0.442003
0.441996
0.441986
0.44197
0.441945
0.441906
0.441843
0.441746
0.441596
0.441372
0.441048
0.46047
0.460798
0.461027
0.46118
0.461281
0.461346
0.461387
0.461413
0.46143
0.461441
0.461448
0.461453
0.461456
0.461458
0.461459
0.461461
0.461461
0.461462
0.461463
0.461463
0.461463
0.461464
0.461464
0.461464
0.461464
0.461464
0.461464
0.461465
0.461465
0.461465
0.461465
0.461465
0.461465
0.461464
0.461464
0.461464
0.461464
0.461464
0.461464
0.461463
0.461463
0.461463
0.461462
0.461461
0.461461
0.461459
0.461458
0.461456
0.461453
0.461448
0.461441
0.46143
0.461413
0.461387
0.461346
0.461281
0.46118
0.461027
0.460798
0.46047
0.479549
0.47988
0.480112
0.480269
0.480373
0.48044
0.480484
0.480511
0.480529
0.48054
0.480548
0.480553
0.480556
0.480559
0.48056
0.480561
0.480562
0.480563
0.480564
0.480564
0.480564
0.480565
0.480565
0.480565
0.480565
0.480565
0.480565
0.480565
0.480566
0.480566
0.480566
0.480566
0.480565
0.480565
0.480565
0.480565
0.480565
0.480565
0.480565
0.480564
0.480564
0.480564
0.480563
0.480562
0.480561
0.48056
0.480559
0.480556
0.480553
0.480548
0.48054
0.480529
0.480511
0.480484
0.48044
0.480373
0.480269
0.480112
0.47988
0.479549
0.498272
0.498605
0.498841
0.499002
0.499108
0.499178
0.499223
0.499252
0.499271
0.499283
0.499291
0.499297
0.4993
0.499303
0.499304
0.499306
0.499306
0.499307
0.499308
0.499308
0.499309
0.499309
0.499309
0.499309
0.499309
0.49931
0.49931
0.49931
0.49931
0.49931
0.49931
0.49931
0.49931
0.49931
0.49931
0.499309
0.499309
0.499309
0.499309
0.499309
0.499308
0.499308
0.499307
0.499306
0.499306
0.499304
0.499303
0.4993
0.499297
0.499291
0.499283
0.499271
0.499252
0.499223
0.499178
0.499108
0.499002
0.498841
0.498605
0.498272
0.516629
0.516964
0.517203
0.517367
0.517476
0.517549
0.517596
0.517626
0.517646
0.517659
0.517667
0.517673
0.517677
0.517679
0.517681
0.517682
0.517683
0.517684
0.517685
0.517685
0.517685
0.517686
0.517686
0.517686
0.517686
0.517686
0.517687
0.517687
0.517687
0.517687
0.517687
0.517687
0.517687
0.517687
0.517686
0.517686
0.517686
0.517686
0.517686
0.517685
0.517685
0.517685
0.517684
0.517683
0.517682
0.517681
0.517679
0.517677
0.517673
0.517667
0.517659
0.517646
0.517626
0.517596
0.517549
0.517476
0.517367
0.517203
0.516964
0.516629
0.534611
0.534947
0.535188
0.535355
0.535467
0.535542
0.535591
0.535623
0.535643
0.535657
0.535666
0.535672
0.535676
0.535679
0.535681
0.535682
0.535683
0.535684
0.535685
0.535685
0.535686
0.535686
0.535686
0.535686
0.535686
0.535687
0.535687
0.535687
0.535687
0.535687
0.535687
0.535687
0.535687
0.535687
0.535687
0.535686
0.535686
0.535686
0.535686
0.535686
0.535685
0.535685
0.535684
0.535683
0.535682
0.535681
0.535679
0.535676
0.535672
0.535666
0.535657
0.535643
0.535623
0.535591
0.535542
0.535467
0.535355
0.535188
0.534947
0.534611
0.552209
0.552545
0.552789
0.552958
0.553073
0.55315
0.553201
0.553234
0.553256
0.553271
0.55328
0.553287
0.553291
0.553294
0.553296
0.553297
0.553299
0.553299
0.5533
0.5533
0.553301
0.553301
0.553301
0.553302
0.553302
0.553302
0.553302
0.553302
0.553302
0.553302
0.553302
0.553302
0.553302
0.553302
0.553302
0.553302
0.553302
0.553301
0.553301
0.553301
0.5533
0.5533
0.553299
0.553299
0.553297
0.553296
0.553294
0.553291
0.553287
0.55328
0.553271
0.553256
0.553234
0.553201
0.55315
0.553073
0.552958
0.552789
0.552545
0.552209
0.569416
0.569753
0.569997
0.570169
0.570287
0.570366
0.570419
0.570454
0.570477
0.570492
0.570502
0.570509
0.570513
0.570517
0.570519
0.57052
0.570522
0.570522
0.570523
0.570524
0.570524
0.570524
0.570524
0.570525
0.570525
0.570525
0.570525
0.570525
0.570525
0.570525
0.570525
0.570525
0.570525
0.570525
0.570525
0.570525
0.570525
0.570524
0.570524
0.570524
0.570524
0.570523
0.570522
0.570522
0.57052
0.570519
0.570517
0.570513
0.570509
0.570502
0.570492
0.570477
0.570454
0.570419
0.570366
0.570287
0.570169
0.569997
0.569753
0.569416
0.586227
0.586562
0.586808
0.586983
0.587103
0.587184
0.587238
0.587275
0.587299
0.587315
0.587325
0.587333
0.587338
0.587341
0.587343
0.587345
0.587346
0.587347
0.587348
0.587348
0.587349
0.587349
0.587349
0.587349
0.58735
0.58735
0.58735
0.58735
0.58735
0.58735
0.58735
0.58735
0.58735
0.58735
0.58735
0.58735
0.587349
0.587349
0.587349
0.587349
0.587348
0.587348
0.587347
0.587346
0.587345
0.587343
0.587341
0.587338
0.587333
0.587325
0.587315
0.587299
0.587275
0.587238
0.587184
0.587103
0.586983
0.586808
0.586562
0.586227
0.602635
0.602969
0.603216
0.603392
0.603515
0.603598
0.603654
0.603692
0.603717
0.603734
0.603745
0.603753
0.603758
0.603762
0.603765
0.603766
0.603768
0.603769
0.603769
0.60377
0.60377
0.603771
0.603771
0.603771
0.603771
0.603771
0.603771
0.603771
0.603771
0.603771
0.603771
0.603771
0.603771
0.603771
0.603771
0.603771
0.603771
0.603771
0.603771
0.60377
0.60377
0.603769
0.603769
0.603768
0.603766
0.603765
0.603762
0.603758
0.603753
0.603745
0.603734
0.603717
0.603692
0.603654
0.603598
0.603515
0.603392
0.603216
0.602969
0.602635
0.618637
0.61897
0.619217
0.619395
0.61952
0.619605
0.619663
0.619702
0.619728
0.619746
0.619758
0.619766
0.619772
0.619776
0.619778
0.61978
0.619782
0.619783
0.619783
0.619784
0.619784
0.619785
0.619785
0.619785
0.619785
0.619785
0.619785
0.619786
0.619786
0.619786
0.619786
0.619786
0.619786
0.619785
0.619785
0.619785
0.619785
0.619785
0.619785
0.619784
0.619784
0.619783
0.619783
0.619782
0.61978
0.619778
0.619776
0.619772
0.619766
0.619758
0.619746
0.619728
0.619702
0.619663
0.619605
0.61952
0.619395
0.619217
0.61897
0.618637
0.634231
0.634561
0.634808
0.634987
0.635114
0.635201
0.635261
0.635302
0.635329
0.635348
0.63536
0.635369
0.635375
0.635379
0.635382
0.635384
0.635385
0.635386
0.635387
0.635388
0.635388
0.635388
0.635389
0.635389
0.635389
0.635389
0.635389
0.635389
0.635389
0.635389
0.635389
0.635389
0.635389
0.635389
0.635389
0.635389
0.635389
0.635389
0.635388
0.635388
0.635388
0.635387
0.635386
0.635385
0.635384
0.635382
0.635379
0.635375
0.635369
0.63536
0.635348
0.635329
0.635302
0.635261
0.635201
0.635114
0.634987
0.634808
0.634561
0.634231
0.649413
0.64974
0.649987
0.650168
0.650296
0.650385
0.650446
0.650488
0.650517
0.650536
0.65055
0.650559
0.650565
0.650569
0.650572
0.650575
0.650576
0.650577
0.650578
0.650579
0.650579
0.650579
0.65058
0.65058
0.65058
0.65058
0.65058
0.65058
0.65058
0.65058
0.65058
0.65058
0.65058
0.65058
0.65058
0.65058
0.65058
0.65058
0.650579
0.650579
0.650579
0.650578
0.650577
0.650576
0.650575
0.650572
0.650569
0.650565
0.650559
0.65055
0.650536
0.650517
0.650488
0.650446
0.650385
0.650296
0.650168
0.649987
0.64974
0.649413
0.664183
0.664507
0.664753
0.664934
0.665063
0.665154
0.665218
0.665261
0.665291
0.665311
0.665325
0.665335
0.665341
0.665346
0.665349
0.665352
0.665353
0.665354
0.665355
0.665356
0.665356
0.665357
0.665357
0.665357
0.665357
0.665357
0.665358
0.665358
0.665358
0.665358
0.665358
0.665358
0.665358
0.665358
0.665357
0.665357
0.665357
0.665357
0.665357
0.665356
0.665356
0.665355
0.665354
0.665353
0.665352
0.665349
0.665346
0.665341
0.665335
0.665325
0.665311
0.665291
0.665261
0.665218
0.665154
0.665063
0.664934
0.664753
0.664507
0.664183
0.678539
0.67886
0.679105
0.679286
0.679417
0.67951
0.679575
0.679619
0.67965
0.679672
0.679686
0.679696
0.679703
0.679708
0.679712
0.679714
0.679716
0.679717
0.679718
0.679719
0.679719
0.67972
0.67972
0.67972
0.67972
0.679721
0.679721
0.679721
0.679721
0.679721
0.679721
0.679721
0.679721
0.679721
0.679721
0.67972
0.67972
0.67972
0.67972
0.679719
0.679719
0.679718
0.679717
0.679716
0.679714
0.679712
0.679708
0.679703
0.679696
0.679686
0.679672
0.67965
0.679619
0.679575
0.67951
0.679417
0.679286
0.679105
0.67886
0.678539
0.692484
0.6928
0.693044
0.693225
0.693357
0.693451
0.693518
0.693564
0.693596
0.693618
0.693633
0.693644
0.693652
0.693657
0.69366
0.693663
0.693665
0.693666
0.693667
0.693668
0.693669
0.693669
0.693669
0.693669
0.69367
0.69367
0.69367
0.69367
0.69367
0.69367
0.69367
0.69367
0.69367
0.69367
0.69367
0.69367
0.693669
0.693669
0.693669
0.693669
0.693668
0.693667
0.693666
0.693665
0.693663
0.69366
0.693657
0.693652
0.693644
0.693633
0.693618
0.693596
0.693564
0.693518
0.693451
0.693357
0.693225
0.693044
0.6928
0.692484
0.706017
0.706329
0.706571
0.706752
0.706885
0.70698
0.707048
0.707095
0.707129
0.707152
0.707168
0.707179
0.707187
0.707193
0.707196
0.707199
0.707201
0.707203
0.707204
0.707205
0.707205
0.707205
0.707206
0.707206
0.707206
0.707206
0.707206
0.707206
0.707206
0.707206
0.707206
0.707206
0.707206
0.707206
0.707206
0.707206
0.707206
0.707206
0.707205
0.707205
0.707205
0.707204
0.707203
0.707201
0.707199
0.707196
0.707193
0.707187
0.707179
0.707168
0.707152
0.707129
0.707095
0.707048
0.70698
0.706885
0.706752
0.706571
0.706329
0.706017
0.71914
0.719448
0.719687
0.719868
0.720002
0.720099
0.720168
0.720216
0.720251
0.720275
0.720291
0.720303
0.720312
0.720318
0.720322
0.720325
0.720327
0.720328
0.720329
0.72033
0.720331
0.720331
0.720332
0.720332
0.720332
0.720332
0.720332
0.720332
0.720332
0.720332
0.720332
0.720332
0.720332
0.720332
0.720332
0.720332
0.720332
0.720332
0.720331
0.720331
0.72033
0.720329
0.720328
0.720327
0.720325
0.720322
0.720318
0.720312
0.720303
0.720291
0.720275
0.720251
0.720216
0.720168
0.720099
0.720002
0.719868
0.719687
0.719448
0.71914
0.731857
0.73216
0.732397
0.732577
0.732711
0.732809
0.732879
0.732929
0.732964
0.732989
0.733007
0.733019
0.733028
0.733034
0.733039
0.733042
0.733044
0.733046
0.733047
0.733048
0.733048
0.733049
0.733049
0.733049
0.73305
0.73305
0.73305
0.73305
0.73305
0.73305
0.73305
0.73305
0.73305
0.73305
0.73305
0.73305
0.733049
0.733049
0.733049
0.733048
0.733048
0.733047
0.733046
0.733044
0.733042
0.733039
0.733034
0.733028
0.733019
0.733007
0.732989
0.732964
0.732929
0.732879
0.732809
0.732711
0.732577
0.732397
0.73216
0.731857
0.74417
0.744467
0.744702
0.744881
0.745015
0.745114
0.745185
0.745236
0.745273
0.745299
0.745317
0.74533
0.745339
0.745346
0.745351
0.745354
0.745356
0.745358
0.745359
0.74536
0.745361
0.745361
0.745362
0.745362
0.745362
0.745362
0.745362
0.745363
0.745363
0.745363
0.745363
0.745363
0.745363
0.745362
0.745362
0.745362
0.745362
0.745362
0.745361
0.745361
0.74536
0.745359
0.745358
0.745356
0.745354
0.745351
0.745346
0.745339
0.74533
0.745317
0.745299
0.745273
0.745236
0.745185
0.745114
0.745015
0.744881
0.744702
0.744467
0.74417
0.756084
0.756375
0.756606
0.756784
0.756919
0.757018
0.75709
0.757143
0.75718
0.757207
0.757226
0.75724
0.757249
0.757256
0.757261
0.757265
0.757268
0.757269
0.757271
0.757272
0.757272
0.757273
0.757273
0.757274
0.757274
0.757274
0.757274
0.757274
0.757274
0.757274
0.757274
0.757274
0.757274
0.757274
0.757274
0.757274
0.757274
0.757273
0.757273
0.757272
0.757272
0.757271
0.757269
0.757268
0.757265
0.757261
0.757256
0.757249
0.75724
0.757226
0.757207
0.75718
0.757143
0.75709
0.757018
0.756919
0.756784
0.756606
0.756375
0.756084
0.767601
0.767887
0.768115
0.768291
0.768426
0.768526
0.768599
0.768652
0.768691
0.768719
0.768738
0.768753
0.768763
0.76877
0.768775
0.768779
0.768782
0.768784
0.768785
0.768786
0.768787
0.768788
0.768788
0.768788
0.768789
0.768789
0.768789
0.768789
0.768789
0.768789
0.768789
0.768789
0.768789
0.768789
0.768789
0.768789
0.768788
0.768788
0.768788
0.768787
0.768786
0.768785
0.768784
0.768782
0.768779
0.768775
0.76877
0.768763
0.768753
0.768738
0.768719
0.768691
0.768652
0.768599
0.768526
0.768426
0.768291
0.768115
0.767887
0.767601
0.778729
0.779008
0.779232
0.779407
0.779541
0.779641
0.779716
0.77977
0.779809
0.779838
0.779859
0.779873
0.779884
0.779892
0.779897
0.779901
0.779904
0.779906
0.779908
0.779909
0.77991
0.77991
0.779911
0.779911
0.779911
0.779912
0.779912
0.779912
0.779912
0.779912
0.779912
0.779912
0.779912
0.779912
0.779912
0.779911
0.779911
0.779911
0.77991
0.77991
0.779909
0.779908
0.779906
0.779904
0.779901
0.779897
0.779892
0.779884
0.779873
0.779859
0.779838
0.779809
0.77977
0.779716
0.779641
0.779541
0.779407
0.779232
0.779008
0.778729
0.78947
0.789744
0.789964
0.790137
0.79027
0.790371
0.790446
0.790501
0.790541
0.790571
0.790592
0.790608
0.790619
0.790627
0.790633
0.790637
0.79064
0.790642
0.790644
0.790645
0.790646
0.790647
0.790647
0.790647
0.790648
0.790648
0.790648
0.790648
0.790648
0.790648
0.790648
0.790648
0.790648
0.790648
0.790648
0.790648
0.790647
0.790647
0.790647
0.790646
0.790645
0.790644
0.790642
0.79064
0.790637
0.790633
0.790627
0.790619
0.790608
0.790592
0.790571
0.790541
0.790501
0.790446
0.790371
0.79027
0.790137
0.789964
0.789744
0.78947
0.799833
0.800099
0.800316
0.800487
0.800619
0.80072
0.800795
0.800851
0.800893
0.800923
0.800945
0.800961
0.800973
0.800981
0.800987
0.800992
0.800995
0.800997
0.800999
0.801
0.801001
0.801002
0.801003
0.801003
0.801003
0.801003
0.801003
0.801004
0.801004
0.801004
0.801004
0.801004
0.801004
0.801003
0.801003
0.801003
0.801003
0.801003
0.801002
0.801001
0.801
0.800999
0.800997
0.800995
0.800992
0.800987
0.800981
0.800973
0.800961
0.800945
0.800923
0.800893
0.800851
0.800795
0.80072
0.800619
0.800487
0.800316
0.800099
0.799833
0.809821
0.810082
0.810293
0.810462
0.810594
0.810694
0.81077
0.810827
0.810869
0.8109
0.810923
0.81094
0.810952
0.810961
0.810967
0.810972
0.810975
0.810978
0.81098
0.810981
0.810982
0.810983
0.810983
0.810984
0.810984
0.810984
0.810984
0.810984
0.810984
0.810984
0.810984
0.810984
0.810984
0.810984
0.810984
0.810984
0.810984
0.810983
0.810983
0.810982
0.810981
0.81098
0.810978
0.810975
0.810972
0.810967
0.810961
0.810952
0.81094
0.810923
0.8109
0.810869
0.810827
0.81077
0.810694
0.810594
0.810462
0.810293
0.810082
0.809821
0.819443
0.819697
0.819904
0.82007
0.8202
0.820301
0.820377
0.820435
0.820478
0.820509
0.820533
0.82055
0.820563
0.820572
0.820579
0.820584
0.820588
0.82059
0.820592
0.820594
0.820595
0.820596
0.820596
0.820596
0.820597
0.820597
0.820597
0.820597
0.820597
0.820597
0.820597
0.820597
0.820597
0.820597
0.820597
0.820597
0.820596
0.820596
0.820596
0.820595
0.820594
0.820592
0.82059
0.820588
0.820584
0.820579
0.820572
0.820563
0.82055
0.820533
0.820509
0.820478
0.820435
0.820377
0.820301
0.8202
0.82007
0.819904
0.819697
0.819443
0.828705
0.828952
0.829155
0.829318
0.829447
0.829547
0.829623
0.829681
0.829725
0.829757
0.829781
0.829799
0.829812
0.829822
0.829829
0.829835
0.829838
0.829841
0.829843
0.829845
0.829846
0.829847
0.829848
0.829848
0.829848
0.829849
0.829849
0.829849
0.829849
0.829849
0.829849
0.829849
0.829849
0.829849
0.829849
0.829848
0.829848
0.829848
0.829847
0.829846
0.829845
0.829843
0.829841
0.829838
0.829835
0.829829
0.829822
0.829812
0.829799
0.829781
0.829757
0.829725
0.829681
0.829623
0.829547
0.829447
0.829318
0.829155
0.828952
0.828705
0.837614
0.837854
0.838052
0.838212
0.838339
0.838439
0.838515
0.838574
0.838618
0.838651
0.838676
0.838694
0.838708
0.838718
0.838726
0.838731
0.838735
0.838738
0.838741
0.838742
0.838743
0.838744
0.838745
0.838745
0.838746
0.838746
0.838746
0.838746
0.838746
0.838746
0.838746
0.838746
0.838746
0.838746
0.838746
0.838746
0.838745
0.838745
0.838744
0.838743
0.838742
0.838741
0.838738
0.838735
0.838731
0.838726
0.838718
0.838708
0.838694
0.838676
0.838651
0.838618
0.838574
0.838515
0.838439
0.838339
0.838212
0.838052
0.837854
0.837614
0.846177
0.84641
0.846603
0.84676
0.846886
0.846984
0.847061
0.84712
0.847164
0.847198
0.847224
0.847242
0.847257
0.847267
0.847275
0.847281
0.847285
0.847288
0.847291
0.847293
0.847294
0.847295
0.847296
0.847296
0.847296
0.847297
0.847297
0.847297
0.847297
0.847297
0.847297
0.847297
0.847297
0.847297
0.847297
0.847296
0.847296
0.847296
0.847295
0.847294
0.847293
0.847291
0.847288
0.847285
0.847281
0.847275
0.847267
0.847257
0.847242
0.847224
0.847198
0.847164
0.84712
0.847061
0.846984
0.846886
0.84676
0.846603
0.84641
0.846177
0.854402
0.854628
0.854816
0.85497
0.855093
0.855191
0.855268
0.855327
0.855372
0.855406
0.855432
0.855452
0.855466
0.855477
0.855485
0.855491
0.855496
0.855499
0.855502
0.855504
0.855505
0.855506
0.855507
0.855507
0.855508
0.855508
0.855508
0.855508
0.855509
0.855509
0.855509
0.855509
0.855508
0.855508
0.855508
0.855508
0.855507
0.855507
0.855506
0.855505
0.855504
0.855502
0.855499
0.855496
0.855491
0.855485
0.855477
0.855466
0.855452
0.855432
0.855406
0.855372
0.855327
0.855268
0.855191
0.855093
0.85497
0.854816
0.854628
0.854402
0.862297
0.862515
0.862698
0.862849
0.86297
0.863067
0.863143
0.863202
0.863248
0.863283
0.863309
0.863329
0.863344
0.863356
0.863364
0.863371
0.863375
0.863379
0.863382
0.863384
0.863385
0.863386
0.863387
0.863388
0.863388
0.863388
0.863388
0.863389
0.863389
0.863389
0.863389
0.863389
0.863389
0.863388
0.863388
0.863388
0.863388
0.863387
0.863386
0.863385
0.863384
0.863382
0.863379
0.863375
0.863371
0.863364
0.863356
0.863344
0.863329
0.863309
0.863283
0.863248
0.863202
0.863143
0.863067
0.86297
0.862849
0.862698
0.862515
0.862297
0.869869
0.87008
0.870258
0.870405
0.870525
0.87062
0.870696
0.870755
0.870801
0.870836
0.870863
0.870883
0.870899
0.870911
0.87092
0.870926
0.870931
0.870935
0.870938
0.87094
0.870942
0.870943
0.870944
0.870944
0.870945
0.870945
0.870945
0.870945
0.870945
0.870946
0.870946
0.870945
0.870945
0.870945
0.870945
0.870945
0.870944
0.870944
0.870943
0.870942
0.87094
0.870938
0.870935
0.870931
0.870926
0.87092
0.870911
0.870899
0.870883
0.870863
0.870836
0.870801
0.870755
0.870696
0.87062
0.870525
0.870405
0.870258
0.87008
0.869869
0.877127
0.877331
0.877504
0.877647
0.877764
0.877858
0.877933
0.877992
0.878038
0.878074
0.878101
0.878122
0.878138
0.87815
0.87816
0.878167
0.878172
0.878176
0.878179
0.878181
0.878183
0.878184
0.878185
0.878185
0.878186
0.878186
0.878187
0.878187
0.878187
0.878187
0.878187
0.878187
0.878187
0.878187
0.878186
0.878186
0.878185
0.878185
0.878184
0.878183
0.878181
0.878179
0.878176
0.878172
0.878167
0.87816
0.87815
0.878138
0.878122
0.878101
0.878074
0.878038
0.877992
0.877933
0.877858
0.877764
0.877647
0.877504
0.877331
0.877127
0.884079
0.884275
0.884443
0.884582
0.884697
0.88479
0.884864
0.884923
0.884969
0.885005
0.885033
0.885054
0.88507
0.885083
0.885092
0.8851
0.885105
0.885109
0.885112
0.885115
0.885117
0.885118
0.885119
0.88512
0.88512
0.88512
0.885121
0.885121
0.885121
0.885121
0.885121
0.885121
0.885121
0.885121
0.88512
0.88512
0.88512
0.885119
0.885118
0.885117
0.885115
0.885112
0.885109
0.885105
0.8851
0.885092
0.885083
0.88507
0.885054
0.885033
0.885005
0.884969
0.884923
0.884864
0.88479
0.884697
0.884582
0.884443
0.884275
0.884079
0.890732
0.890922
0.891084
0.89122
0.891332
0.891423
0.891496
0.891555
0.891601
0.891637
0.891665
0.891687
0.891704
0.891716
0.891726
0.891734
0.891739
0.891744
0.891747
0.89175
0.891751
0.891753
0.891754
0.891755
0.891755
0.891756
0.891756
0.891756
0.891756
0.891756
0.891756
0.891756
0.891756
0.891756
0.891756
0.891755
0.891755
0.891754
0.891753
0.891751
0.89175
0.891747
0.891744
0.891739
0.891734
0.891726
0.891716
0.891704
0.891687
0.891665
0.891637
0.891601
0.891555
0.891496
0.891423
0.891332
0.89122
0.891084
0.890922
0.890732
0.897096
0.897279
0.897435
0.897567
0.897676
0.897766
0.897838
0.897896
0.897942
0.897979
0.898007
0.898029
0.898046
0.898059
0.89807
0.898077
0.898083
0.898088
0.898091
0.898094
0.898096
0.898097
0.898098
0.898099
0.8981
0.8981
0.898101
0.898101
0.898101
0.898101
0.898101
0.898101
0.898101
0.898101
0.8981
0.8981
0.898099
0.898098
0.898097
0.898096
0.898094
0.898091
0.898088
0.898083
0.898077
0.89807
0.898059
0.898046
0.898029
0.898007
0.897979
0.897942
0.897896
0.897838
0.897766
0.897676
0.897567
0.897435
0.897279
0.897096
0.903179
0.903354
0.903505
0.903633
0.90374
0.903827
0.903899
0.903956
0.904002
0.904038
0.904067
0.904089
0.904107
0.90412
0.904131
0.904139
0.904145
0.90415
0.904153
0.904156
0.904158
0.90416
0.904161
0.904162
0.904162
0.904163
0.904163
0.904163
0.904164
0.904164
0.904164
0.904164
0.904163
0.904163
0.904163
0.904162
0.904162
0.904161
0.90416
0.904158
0.904156
0.904153
0.90415
0.904145
0.904139
0.904131
0.90412
0.904107
0.904089
0.904067
0.904038
0.904002
0.903956
0.903899
0.903827
0.90374
0.903633
0.903505
0.903354
0.903179
0.908988
0.909157
0.909302
0.909426
0.90953
0.909616
0.909686
0.909743
0.909788
0.909824
0.909853
0.909876
0.909893
0.909907
0.909918
0.909926
0.909933
0.909938
0.909941
0.909944
0.909946
0.909948
0.909949
0.90995
0.909951
0.909951
0.909952
0.909952
0.909952
0.909952
0.909952
0.909952
0.909952
0.909952
0.909951
0.909951
0.90995
0.909949
0.909948
0.909946
0.909944
0.909941
0.909938
0.909933
0.909926
0.909918
0.909907
0.909893
0.909876
0.909853
0.909824
0.909788
0.909743
0.909686
0.909616
0.90953
0.909426
0.909302
0.909157
0.908988
0.914533
0.914695
0.914835
0.914955
0.915055
0.915139
0.915208
0.915264
0.915309
0.915345
0.915374
0.915397
0.915415
0.915429
0.91544
0.915448
0.915455
0.91546
0.915464
0.915467
0.915469
0.915471
0.915472
0.915473
0.915474
0.915475
0.915475
0.915475
0.915476
0.915476
0.915476
0.915476
0.915475
0.915475
0.915475
0.915474
0.915473
0.915472
0.915471
0.915469
0.915467
0.915464
0.91546
0.915455
0.915448
0.91544
0.915429
0.915415
0.915397
0.915374
0.915345
0.915309
0.915264
0.915208
0.915139
0.915055
0.914955
0.914835
0.914695
0.914533
0.919822
0.919977
0.920112
0.920227
0.920325
0.920406
0.920474
0.920529
0.920574
0.92061
0.920638
0.920661
0.920679
0.920694
0.920705
0.920714
0.92072
0.920726
0.92073
0.920733
0.920735
0.920737
0.920739
0.92074
0.92074
0.920741
0.920741
0.920742
0.920742
0.920742
0.920742
0.920742
0.920742
0.920741
0.920741
0.92074
0.92074
0.920739
0.920737
0.920735
0.920733
0.92073
0.920726
0.92072
0.920714
0.920705
0.920694
0.920679
0.920661
0.920638
0.92061
0.920574
0.920529
0.920474
0.920406
0.920325
0.920227
0.920112
0.919977
0.919822
0.924863
0.925011
0.92514
0.925252
0.925346
0.925425
0.925491
0.925546
0.92559
0.925626
0.925654
0.925677
0.925696
0.92571
0.925721
0.92573
0.925737
0.925743
0.925747
0.92575
0.925753
0.925755
0.925756
0.925757
0.925758
0.925759
0.925759
0.92576
0.92576
0.92576
0.92576
0.92576
0.92576
0.925759
0.925759
0.925758
0.925757
0.925756
0.925755
0.925753
0.92575
0.925747
0.925743
0.925737
0.92573
0.925721
0.92571
0.925696
0.925677
0.925654
0.925626
0.92559
0.925546
0.925491
0.925425
0.925346
0.925252
0.92514
0.925011
0.924863
0.929664
0.929806
0.92993
0.930037
0.930128
0.930205
0.930269
0.930322
0.930366
0.930402
0.93043
0.930453
0.930472
0.930486
0.930498
0.930507
0.930514
0.93052
0.930524
0.930527
0.93053
0.930532
0.930534
0.930535
0.930536
0.930536
0.930537
0.930537
0.930537
0.930537
0.930537
0.930537
0.930537
0.930537
0.930536
0.930536
0.930535
0.930534
0.930532
0.93053
0.930527
0.930524
0.93052
0.930514
0.930507
0.930498
0.930486
0.930472
0.930453
0.93043
0.930402
0.930366
0.930322
0.930269
0.930205
0.930128
0.930037
0.92993
0.929806
0.929664
0.934234
0.934369
0.934488
0.934591
0.934679
0.934754
0.934816
0.934868
0.934911
0.934946
0.934974
0.934997
0.935016
0.935031
0.935042
0.935052
0.935059
0.935065
0.935069
0.935073
0.935075
0.935077
0.935079
0.93508
0.935081
0.935082
0.935082
0.935083
0.935083
0.935083
0.935083
0.935083
0.935083
0.935082
0.935082
0.935081
0.93508
0.935079
0.935077
0.935075
0.935073
0.935069
0.935065
0.935059
0.935052
0.935042
0.935031
0.935016
0.934997
0.934974
0.934946
0.934911
0.934868
0.934816
0.934754
0.934679
0.934591
0.934488
0.934369
0.934234
0.938581
0.93871
0.938824
0.938922
0.939007
0.939079
0.93914
0.939191
0.939233
0.939267
0.939295
0.939318
0.939337
0.939352
0.939363
0.939373
0.93938
0.939386
0.939391
0.939394
0.939397
0.939399
0.939401
0.939402
0.939403
0.939404
0.939405
0.939405
0.939405
0.939405
0.939405
0.939405
0.939405
0.939405
0.939404
0.939403
0.939402
0.939401
0.939399
0.939397
0.939394
0.939391
0.939386
0.93938
0.939373
0.939363
0.939352
0.939337
0.939318
0.939295
0.939267
0.939233
0.939191
0.93914
0.939079
0.939007
0.938922
0.938824
0.93871
0.938581
0.942714
0.942836
0.942945
0.943039
0.94312
0.94319
0.943249
0.943298
0.94334
0.943374
0.943401
0.943424
0.943443
0.943457
0.943469
0.943479
0.943486
0.943492
0.943497
0.943501
0.943504
0.943506
0.943508
0.943509
0.94351
0.943511
0.943511
0.943512
0.943512
0.943512
0.943512
0.943512
0.943512
0.943511
0.943511
0.94351
0.943509
0.943508
0.943506
0.943504
0.943501
0.943497
0.943492
0.943486
0.943479
0.943469
0.943457
0.943443
0.943424
0.943401
0.943374
0.94334
0.943298
0.943249
0.94319
0.94312
0.943039
0.942945
0.942836
0.942714
0.94664
0.946756
0.946859
0.946949
0.947028
0.947095
0.947152
0.9472
0.94724
0.947273
0.947301
0.947323
0.947341
0.947356
0.947368
0.947378
0.947385
0.947392
0.947396
0.9474
0.947403
0.947406
0.947407
0.947409
0.94741
0.947411
0.947411
0.947412
0.947412
0.947412
0.947412
0.947412
0.947412
0.947411
0.947411
0.94741
0.947409
0.947407
0.947406
0.947403
0.9474
0.947396
0.947392
0.947385
0.947378
0.947368
0.947356
0.947341
0.947323
0.947301
0.947273
0.94724
0.9472
0.947152
0.947095
0.947028
0.946949
0.946859
0.946756
0.94664
0.950368
0.950478
0.950576
0.950662
0.950737
0.950801
0.950856
0.950903
0.950942
0.950974
0.951001
0.951024
0.951042
0.951056
0.951068
0.951078
0.951086
0.951092
0.951097
0.951101
0.951104
0.951106
0.951108
0.95111
0.951111
0.951112
0.951112
0.951113
0.951113
0.951113
0.951113
0.951113
0.951113
0.951112
0.951112
0.951111
0.95111
0.951108
0.951106
0.951104
0.951101
0.951097
0.951092
0.951086
0.951078
0.951068
0.951056
0.951042
0.951024
0.951001
0.950974
0.950942
0.950903
0.950856
0.950801
0.950737
0.950662
0.950576
0.950478
0.950368
0.953905
0.954009
0.954102
0.954184
0.954256
0.954318
0.954371
0.954416
0.954453
0.954485
0.954512
0.954533
0.954551
0.954566
0.954578
0.954588
0.954595
0.954602
0.954607
0.954611
0.954614
0.954616
0.954618
0.95462
0.954621
0.954622
0.954622
0.954623
0.954623
0.954623
0.954623
0.954623
0.954623
0.954622
0.954622
0.954621
0.95462
0.954618
0.954616
0.954614
0.954611
0.954607
0.954602
0.954595
0.954588
0.954578
0.954566
0.954551
0.954533
0.954512
0.954485
0.954453
0.954416
0.954371
0.954318
0.954256
0.954184
0.954102
0.954009
0.953905
0.95726
0.957359
0.957447
0.957525
0.957593
0.957652
0.957703
0.957746
0.957783
0.957814
0.95784
0.957861
0.957879
0.957893
0.957905
0.957915
0.957923
0.957929
0.957934
0.957938
0.957941
0.957944
0.957946
0.957947
0.957948
0.957949
0.95795
0.95795
0.957951
0.957951
0.957951
0.957951
0.95795
0.95795
0.957949
0.957948
0.957947
0.957946
0.957944
0.957941
0.957938
0.957934
0.957929
0.957923
0.957915
0.957905
0.957893
0.957879
0.957861
0.95784
0.957814
0.957783
0.957746
0.957703
0.957652
0.957593
0.957525
0.957447
0.957359
0.95726
0.960442
0.960535
0.960618
0.960691
0.960756
0.960813
0.960861
0.960903
0.960938
0.960968
0.960994
0.961014
0.961032
0.961046
0.961058
0.961067
0.961075
0.961081
0.961087
0.961091
0.961094
0.961096
0.961098
0.9611
0.961101
0.961102
0.961103
0.961103
0.961104
0.961104
0.961104
0.961104
0.961103
0.961103
0.961102
0.961101
0.9611
0.961098
0.961096
0.961094
0.961091
0.961087
0.961081
0.961075
0.961067
0.961058
0.961046
0.961032
0.961014
0.960994
0.960968
0.960938
0.960903
0.960861
0.960813
0.960756
0.960691
0.960618
0.960535
0.960442
0.963457
0.963544
0.963623
0.963692
0.963754
0.963807
0.963854
0.963894
0.963928
0.963957
0.963981
0.964002
0.964019
0.964033
0.964044
0.964054
0.964061
0.964068
0.964073
0.964077
0.96408
0.964083
0.964085
0.964086
0.964088
0.964089
0.964089
0.96409
0.96409
0.96409
0.96409
0.96409
0.96409
0.964089
0.964089
0.964088
0.964086
0.964085
0.964083
0.96408
0.964077
0.964073
0.964068
0.964061
0.964054
0.964044
0.964033
0.964019
0.964002
0.963981
0.963957
0.963928
0.963894
0.963854
0.963807
0.963754
0.963692
0.963623
0.963544
0.963457
0.966314
0.966396
0.96647
0.966535
0.966594
0.966644
0.966689
0.966727
0.96676
0.966788
0.966811
0.966831
0.966847
0.966861
0.966872
0.966882
0.966889
0.966896
0.966901
0.966905
0.966908
0.966911
0.966913
0.966914
0.966916
0.966917
0.966917
0.966918
0.966918
0.966918
0.966918
0.966918
0.966918
0.966917
0.966917
0.966916
0.966914
0.966913
0.966911
0.966908
0.966905
0.966901
0.966896
0.966889
0.966882
0.966872
0.966861
0.966847
0.966831
0.966811
0.966788
0.96676
0.966727
0.966689
0.966644
0.966594
0.966535
0.96647
0.966396
0.966314
0.969022
0.969098
0.969167
0.969229
0.969284
0.969332
0.969374
0.96941
0.969442
0.969468
0.969491
0.96951
0.969526
0.969539
0.969551
0.96956
0.969567
0.969573
0.969578
0.969582
0.969586
0.969588
0.96959
0.969592
0.969593
0.969594
0.969595
0.969596
0.969596
0.969596
0.969596
0.969596
0.969596
0.969595
0.969594
0.969593
0.969592
0.96959
0.969588
0.969586
0.969582
0.969578
0.969573
0.969567
0.96956
0.969551
0.969539
0.969526
0.96951
0.969491
0.969468
0.969442
0.96941
0.969374
0.969332
0.969284
0.969229
0.969167
0.969098
0.969022
0.971587
0.971659
0.971723
0.971781
0.971833
0.971878
0.971918
0.971952
0.971982
0.972007
0.972029
0.972047
0.972063
0.972076
0.972087
0.972096
0.972103
0.972109
0.972114
0.972118
0.972121
0.972124
0.972126
0.972128
0.972129
0.97213
0.972131
0.972131
0.972131
0.972132
0.972132
0.972131
0.972131
0.972131
0.97213
0.972129
0.972128
0.972126
0.972124
0.972121
0.972118
0.972114
0.972109
0.972103
0.972096
0.972087
0.972076
0.972063
0.972047
0.972029
0.972007
0.971982
0.971952
0.971918
0.971878
0.971833
0.971781
0.971723
0.971659
0.971587
0.974019
0.974086
0.974146
0.9742
0.974248
0.974291
0.974328
0.97436
0.974389
0.974413
0.974434
0.974451
0.974466
0.974479
0.974489
0.974498
0.974505
0.974511
0.974516
0.97452
0.974523
0.974525
0.974527
0.974529
0.97453
0.974531
0.974532
0.974533
0.974533
0.974533
0.974533
0.974533
0.974533
0.974532
0.974531
0.97453
0.974529
0.974527
0.974525
0.974523
0.97452
0.974516
0.974511
0.974505
0.974498
0.974489
0.974479
0.974466
0.974451
0.974434
0.974413
0.974389
0.97436
0.974328
0.974291
0.974248
0.9742
0.974146
0.974086
0.974019
0.976326
0.976388
0.976443
0.976494
0.976538
0.976578
0.976613
0.976644
0.97667
0.976693
0.976713
0.97673
0.976744
0.976756
0.976766
0.976774
0.976781
0.976787
0.976792
0.976795
0.976799
0.976801
0.976803
0.976805
0.976806
0.976807
0.976808
0.976808
0.976809
0.976809
0.976809
0.976809
0.976808
0.976808
0.976807
0.976806
0.976805
0.976803
0.976801
0.976799
0.976795
0.976792
0.976787
0.976781
0.976774
0.976766
0.976756
0.976744
0.97673
0.976713
0.976693
0.97667
0.976644
0.976613
0.976578
0.976538
0.976494
0.976443
0.976388
0.976326
0.978516
0.978573
0.978624
0.978671
0.978712
0.978749
0.978782
0.97881
0.978835
0.978857
0.978875
0.978891
0.978905
0.978916
0.978926
0.978934
0.97894
0.978946
0.978951
0.978954
0.978957
0.97896
0.978962
0.978963
0.978965
0.978966
0.978966
0.978967
0.978967
0.978967
0.978967
0.978967
0.978967
0.978966
0.978966
0.978965
0.978963
0.978962
0.97896
0.978957
0.978954
0.978951
0.978946
0.97894
0.978934
0.978926
0.978916
0.978905
0.978891
0.978875
0.978857
0.978835
0.97881
0.978782
0.978749
0.978712
0.978671
0.978624
0.978573
0.978516
0.980598
0.98065
0.980697
0.98074
0.980778
0.980812
0.980842
0.980869
0.980892
0.980912
0.98093
0.980945
0.980957
0.980968
0.980977
0.980985
0.980991
0.980996
0.981001
0.981004
0.981007
0.98101
0.981012
0.981013
0.981014
0.981015
0.981016
0.981017
0.981017
0.981017
0.981017
0.981017
0.981017
0.981016
0.981015
0.981014
0.981013
0.981012
0.98101
0.981007
0.981004
0.981001
0.980996
0.980991
0.980985
0.980977
0.980968
0.980957
0.980945
0.98093
0.980912
0.980892
0.980869
0.980842
0.980812
0.980778
0.98074
0.980697
0.98065
0.980598
0.982581
0.982628
0.982671
0.98271
0.982745
0.982776
0.982804
0.982828
0.98285
0.982869
0.982885
0.982899
0.98291
0.982921
0.982929
0.982936
0.982942
0.982947
0.982951
0.982955
0.982958
0.98296
0.982962
0.982963
0.982964
0.982965
0.982966
0.982967
0.982967
0.982967
0.982967
0.982967
0.982967
0.982966
0.982965
0.982964
0.982963
0.982962
0.98296
0.982958
0.982955
0.982951
0.982947
0.982942
0.982936
0.982929
0.982921
0.98291
0.982899
0.982885
0.982869
0.98285
0.982828
0.982804
0.982776
0.982745
0.98271
0.982671
0.982628
0.982581
0.984473
0.984516
0.984555
0.98459
0.984622
0.98465
0.984675
0.984698
0.984717
0.984735
0.984749
0.984762
0.984773
0.984783
0.984791
0.984797
0.984803
0.984808
0.984811
0.984815
0.984817
0.98482
0.984821
0.984823
0.984824
0.984825
0.984825
0.984826
0.984826
0.984826
0.984826
0.984826
0.984826
0.984825
0.984825
0.984824
0.984823
0.984821
0.98482
0.984817
0.984815
0.984811
0.984808
0.984803
0.984797
0.984791
0.984783
0.984773
0.984762
0.984749
0.984735
0.984717
0.984698
0.984675
0.98465
0.984622
0.98459
0.984555
0.984516
0.984473
0.986285
0.986323
0.986358
0.986389
0.986418
0.986443
0.986466
0.986486
0.986504
0.98652
0.986533
0.986545
0.986555
0.986564
0.986571
0.986577
0.986582
0.986587
0.98659
0.986593
0.986596
0.986598
0.986599
0.986601
0.986602
0.986603
0.986603
0.986604
0.986604
0.986604
0.986604
0.986604
0.986604
0.986603
0.986603
0.986602
0.986601
0.986599
0.986598
0.986596
0.986593
0.98659
0.986587
0.986582
0.986577
0.986571
0.986564
0.986555
0.986545
0.986533
0.98652
0.986504
0.986486
0.986466
0.986443
0.986418
0.986389
0.986358
0.986323
0.986285
0.988026
0.988059
0.98809
0.988118
0.988143
0.988166
0.988186
0.988204
0.98822
0.988234
0.988246
0.988257
0.988266
0.988274
0.98828
0.988286
0.988291
0.988295
0.988298
0.988301
0.988303
0.988305
0.988306
0.988308
0.988309
0.988309
0.98831
0.98831
0.988311
0.988311
0.988311
0.988311
0.98831
0.98831
0.988309
0.988309
0.988308
0.988306
0.988305
0.988303
0.988301
0.988298
0.988295
0.988291
0.988286
0.98828
0.988274
0.988266
0.988257
0.988246
0.988234
0.98822
0.988204
0.988186
0.988166
0.988143
0.988118
0.98809
0.988059
0.988026
0.989706
0.989736
0.989762
0.989787
0.989809
0.989829
0.989846
0.989862
0.989876
0.989888
0.989899
0.989908
0.989916
0.989923
0.989929
0.989934
0.989938
0.989942
0.989945
0.989947
0.989949
0.989951
0.989952
0.989953
0.989954
0.989955
0.989955
0.989956
0.989956
0.989956
0.989956
0.989956
0.989956
0.989955
0.989955
0.989954
0.989953
0.989952
0.989951
0.989949
0.989947
0.989945
0.989942
0.989938
0.989934
0.989929
0.989923
0.989916
0.989908
0.989899
0.989888
0.989876
0.989862
0.989846
0.989829
0.989809
0.989787
0.989762
0.989736
0.989706
0.991338
0.991363
0.991385
0.991406
0.991425
0.991442
0.991457
0.99147
0.991482
0.991493
0.991502
0.99151
0.991517
0.991523
0.991528
0.991532
0.991536
0.991539
0.991542
0.991544
0.991546
0.991547
0.991548
0.991549
0.99155
0.991551
0.991551
0.991551
0.991552
0.991552
0.991552
0.991552
0.991551
0.991551
0.991551
0.99155
0.991549
0.991548
0.991547
0.991546
0.991544
0.991542
0.991539
0.991536
0.991532
0.991528
0.991523
0.991517
0.99151
0.991502
0.991493
0.991482
0.99147
0.991457
0.991442
0.991425
0.991406
0.991385
0.991363
0.991338
0.992933
0.992953
0.992971
0.992988
0.993004
0.993018
0.99303
0.993042
0.993051
0.99306
0.993068
0.993074
0.99308
0.993085
0.993089
0.993093
0.993096
0.993099
0.993101
0.993103
0.993104
0.993106
0.993107
0.993107
0.993108
0.993109
0.993109
0.993109
0.993109
0.993109
0.993109
0.993109
0.993109
0.993109
0.993109
0.993108
0.993107
0.993107
0.993106
0.993104
0.993103
0.993101
0.993099
0.993096
0.993093
0.993089
0.993085
0.99308
0.993074
0.993068
0.99306
0.993051
0.993042
0.99303
0.993018
0.993004
0.992988
0.992971
0.992953
0.992933
0.994506
0.99452
0.994534
0.994547
0.994559
0.99457
0.99458
0.994589
0.994596
0.994603
0.994609
0.994615
0.994619
0.994623
0.994627
0.994629
0.994632
0.994634
0.994636
0.994637
0.994638
0.994639
0.99464
0.994641
0.994641
0.994642
0.994642
0.994642
0.994642
0.994642
0.994642
0.994642
0.994642
0.994642
0.994642
0.994641
0.994641
0.99464
0.994639
0.994638
0.994637
0.994636
0.994634
0.994632
0.994629
0.994627
0.994623
0.994619
0.994615
0.994609
0.994603
0.994596
0.994589
0.99458
0.99457
0.994559
0.994547
0.994534
0.99452
0.994506
0.996071
0.996077
0.996086
0.996096
0.996104
0.996112
0.996119
0.996126
0.996131
0.996136
0.996141
0.996145
0.996148
0.996151
0.996153
0.996155
0.996157
0.996159
0.99616
0.996161
0.996162
0.996163
0.996163
0.996164
0.996164
0.996164
0.996165
0.996165
0.996165
0.996165
0.996165
0.996165
0.996165
0.996165
0.996164
0.996164
0.996164
0.996163
0.996163
0.996162
0.996161
0.99616
0.996159
0.996157
0.996155
0.996153
0.996151
0.996148
0.996145
0.996141
0.996136
0.996131
0.996126
0.996119
0.996112
0.996104
0.996096
0.996086
0.996077
0.996071
0.99764
0.997639
0.997643
0.997648
0.997653
0.997658
0.997662
0.997666
0.99767
0.997673
0.997675
0.997678
0.99768
0.997682
0.997683
0.997684
0.997685
0.997686
0.997687
0.997688
0.997688
0.997689
0.997689
0.997689
0.99769
0.99769
0.99769
0.99769
0.99769
0.99769
0.99769
0.99769
0.99769
0.99769
0.99769
0.99769
0.997689
0.997689
0.997689
0.997688
0.997688
0.997687
0.997686
0.997685
0.997684
0.997683
0.997682
0.99768
0.997678
0.997675
0.997673
0.99767
0.997666
0.997662
0.997658
0.997653
0.997648
0.997643
0.997639
0.99764
0.999212
0.99921
0.999211
0.999213
0.999215
0.999216
0.999218
0.999219
0.99922
0.999221
0.999222
0.999223
0.999224
0.999224
0.999225
0.999225
0.999226
0.999226
0.999226
0.999226
0.999227
0.999227
0.999227
0.999227
0.999227
0.999227
0.999227
0.999227
0.999227
0.999227
0.999227
0.999227
0.999227
0.999227
0.999227
0.999227
0.999227
0.999227
0.999227
0.999227
0.999226
0.999226
0.999226
0.999226
0.999225
0.999225
0.999224
0.999224
0.999223
0.999222
0.999221
0.99922
0.999219
0.999218
0.999216
0.999215
0.999213
0.999211
0.99921
0.999212
)
;

boundaryField
{
    top
    {
        type            fixedValue;
        value           uniform 1;
    }
    bottom
    {
        type            fixedIonicFlux;
        value           nonuniform List<scalar> 
60
(
4.91143e-21
4.90578e-21
4.89743e-21
4.89159e-21
4.88786e-21
4.88553e-21
4.8841e-21
4.88321e-21
4.88266e-21
4.88232e-21
4.88211e-21
4.88198e-21
4.8819e-21
4.88187e-21
4.88186e-21
4.88186e-21
4.88188e-21
4.8819e-21
4.88193e-21
4.88197e-21
4.882e-21
4.88203e-21
4.88206e-21
4.88209e-21
4.88212e-21
4.88214e-21
4.88216e-21
4.88217e-21
4.88218e-21
4.88219e-21
4.88219e-21
4.88218e-21
4.88217e-21
4.88216e-21
4.88214e-21
4.88212e-21
4.88209e-21
4.88206e-21
4.88203e-21
4.882e-21
4.88197e-21
4.88193e-21
4.8819e-21
4.88188e-21
4.88186e-21
4.88186e-21
4.88187e-21
4.8819e-21
4.88198e-21
4.88211e-21
4.88232e-21
4.88266e-21
4.88321e-21
4.8841e-21
4.88553e-21
4.88786e-21
4.89159e-21
4.89743e-21
4.90578e-21
4.91143e-21
)
;
    }
    wall
    {
        type            zeroGradient;
    }
    frontAndBack
    {
        type            empty;
    }
}


// ************************************************************************* //
