/*--------------------------------*- C++ -*----------------------------------*\
| =========                 |                                                 |
| \\      /  F ield         | foam-extend: Open Source CFD                    |
|  \\    /   O peration     | Version:     4.0                                |
|   \\  /    A nd           | Web:         http://www.foam-extend.org         |
|    \\/     M anipulation  |                                                 |
\*---------------------------------------------------------------------------*/
FoamFile
{
    version     2.0;
    format      ascii;
    class       volScalarField;
    location    "2";
    object      cPlus;
}
// * * * * * * * * * * * * * * * * * * * * * * * * * * * * * * * * * * * * * //

dimensions      [0 -3 0 0 0 0 0];

internalField   nonuniform List<scalar> 
6960
(
10.0028
10.0028
10.0028
10.0028
10.0028
10.0028
10.0028
10.0028
10.0028
10.0028
10.0028
10.0028
10.0028
10.0028
10.0028
10.0028
10.0028
10.0028
10.0028
10.0028
10.0028
10.0028
10.0028
10.0028
10.0028
10.0028
10.0028
10.0028
10.0028
10.0028
10.0028
10.0028
10.0028
10.0028
10.0028
10.0028
10.0028
10.0028
10.0028
10.0028
10.0028
10.0028
10.0028
10.0028
10.0028
10.0028
10.0028
10.0028
10.0028
10.0028
10.0028
10.0028
10.0028
10.0028
10.0028
10.0028
10.0028
10.0028
10.0028
10.0028
10.0085
10.0085
10.0085
10.0085
10.0085
10.0085
10.0085
10.0085
10.0085
10.0085
10.0085
10.0085
10.0085
10.0085
10.0085
10.0085
10.0085
10.0085
10.0085
10.0085
10.0085
10.0085
10.0085
10.0085
10.0085
10.0085
10.0085
10.0085
10.0085
10.0085
10.0085
10.0085
10.0085
10.0085
10.0085
10.0085
10.0085
10.0085
10.0085
10.0085
10.0085
10.0085
10.0085
10.0085
10.0085
10.0085
10.0085
10.0085
10.0085
10.0085
10.0085
10.0085
10.0085
10.0085
10.0085
10.0085
10.0085
10.0085
10.0085
10.0085
10.0143
10.0143
10.0143
10.0143
10.0143
10.0143
10.0143
10.0143
10.0143
10.0143
10.0143
10.0143
10.0143
10.0143
10.0143
10.0143
10.0143
10.0143
10.0143
10.0143
10.0143
10.0143
10.0143
10.0143
10.0143
10.0143
10.0143
10.0143
10.0143
10.0143
10.0143
10.0143
10.0143
10.0143
10.0143
10.0143
10.0143
10.0143
10.0143
10.0143
10.0143
10.0143
10.0143
10.0143
10.0143
10.0143
10.0143
10.0143
10.0143
10.0143
10.0143
10.0143
10.0143
10.0143
10.0143
10.0143
10.0143
10.0143
10.0143
10.0143
10.0203
10.0203
10.0203
10.0203
10.0203
10.0203
10.0203
10.0203
10.0203
10.0203
10.0203
10.0203
10.0203
10.0203
10.0203
10.0203
10.0203
10.0203
10.0203
10.0203
10.0203
10.0203
10.0203
10.0203
10.0203
10.0203
10.0203
10.0203
10.0203
10.0203
10.0203
10.0203
10.0203
10.0203
10.0203
10.0203
10.0203
10.0203
10.0203
10.0203
10.0203
10.0203
10.0203
10.0203
10.0203
10.0203
10.0203
10.0203
10.0203
10.0203
10.0203
10.0203
10.0203
10.0203
10.0203
10.0203
10.0203
10.0203
10.0203
10.0203
10.0264
10.0264
10.0264
10.0264
10.0264
10.0264
10.0264
10.0264
10.0264
10.0264
10.0264
10.0264
10.0264
10.0264
10.0264
10.0264
10.0264
10.0264
10.0264
10.0264
10.0264
10.0264
10.0264
10.0264
10.0264
10.0264
10.0264
10.0264
10.0264
10.0264
10.0264
10.0264
10.0264
10.0264
10.0264
10.0264
10.0264
10.0264
10.0264
10.0264
10.0264
10.0264
10.0264
10.0264
10.0264
10.0264
10.0264
10.0264
10.0264
10.0264
10.0264
10.0264
10.0264
10.0264
10.0264
10.0264
10.0264
10.0264
10.0264
10.0264
10.0327
10.0327
10.0327
10.0327
10.0327
10.0327
10.0327
10.0327
10.0327
10.0327
10.0327
10.0327
10.0327
10.0327
10.0327
10.0327
10.0327
10.0327
10.0327
10.0327
10.0327
10.0327
10.0327
10.0327
10.0327
10.0327
10.0327
10.0327
10.0327
10.0327
10.0327
10.0327
10.0327
10.0327
10.0327
10.0327
10.0327
10.0327
10.0327
10.0327
10.0327
10.0327
10.0327
10.0327
10.0327
10.0327
10.0327
10.0327
10.0327
10.0327
10.0327
10.0327
10.0327
10.0327
10.0327
10.0327
10.0327
10.0327
10.0327
10.0327
10.0392
10.0392
10.0392
10.0392
10.0392
10.0392
10.0392
10.0392
10.0392
10.0392
10.0392
10.0392
10.0392
10.0392
10.0392
10.0392
10.0392
10.0392
10.0392
10.0392
10.0392
10.0392
10.0392
10.0392
10.0392
10.0392
10.0392
10.0392
10.0392
10.0392
10.0392
10.0392
10.0392
10.0392
10.0392
10.0392
10.0392
10.0392
10.0392
10.0392
10.0392
10.0392
10.0392
10.0392
10.0392
10.0392
10.0392
10.0392
10.0392
10.0392
10.0392
10.0392
10.0392
10.0392
10.0392
10.0392
10.0392
10.0392
10.0392
10.0392
10.0459
10.0459
10.0459
10.0459
10.0459
10.0459
10.0459
10.0459
10.0459
10.0459
10.0459
10.0459
10.0459
10.0459
10.0459
10.0459
10.0459
10.0459
10.0459
10.0459
10.0459
10.0459
10.0459
10.0459
10.0459
10.0459
10.0459
10.0459
10.0459
10.0459
10.0459
10.0459
10.0459
10.0459
10.0459
10.0459
10.0459
10.0459
10.0459
10.0459
10.0459
10.0459
10.0459
10.0459
10.0459
10.0459
10.0459
10.0459
10.0459
10.0459
10.0459
10.0459
10.0459
10.0459
10.0459
10.0459
10.0459
10.0459
10.0459
10.0459
10.0527
10.0527
10.0527
10.0527
10.0527
10.0527
10.0527
10.0527
10.0527
10.0527
10.0527
10.0527
10.0527
10.0527
10.0527
10.0527
10.0527
10.0527
10.0527
10.0527
10.0527
10.0527
10.0527
10.0527
10.0527
10.0527
10.0527
10.0527
10.0527
10.0527
10.0527
10.0527
10.0527
10.0527
10.0527
10.0527
10.0527
10.0527
10.0527
10.0527
10.0527
10.0527
10.0527
10.0527
10.0527
10.0527
10.0527
10.0527
10.0527
10.0527
10.0527
10.0527
10.0527
10.0527
10.0527
10.0527
10.0527
10.0527
10.0527
10.0527
10.0597
10.0597
10.0597
10.0597
10.0597
10.0597
10.0597
10.0597
10.0597
10.0597
10.0597
10.0597
10.0597
10.0597
10.0597
10.0597
10.0597
10.0597
10.0597
10.0597
10.0597
10.0597
10.0597
10.0597
10.0597
10.0597
10.0597
10.0597
10.0597
10.0597
10.0597
10.0597
10.0597
10.0597
10.0597
10.0597
10.0597
10.0597
10.0597
10.0597
10.0597
10.0597
10.0597
10.0597
10.0597
10.0597
10.0597
10.0597
10.0597
10.0597
10.0597
10.0597
10.0597
10.0597
10.0597
10.0597
10.0597
10.0597
10.0597
10.0597
10.0669
10.0669
10.0669
10.0669
10.0669
10.0669
10.0669
10.0669
10.0669
10.0669
10.0669
10.0669
10.0669
10.0669
10.0669
10.0669
10.0669
10.0669
10.0669
10.0669
10.0669
10.0669
10.0669
10.0669
10.0669
10.0669
10.0669
10.0669
10.0669
10.0669
10.0669
10.0669
10.0669
10.0669
10.0669
10.0669
10.0669
10.0669
10.0669
10.0669
10.0669
10.0669
10.0669
10.0669
10.0669
10.0669
10.0669
10.0669
10.0669
10.0669
10.0669
10.0669
10.0669
10.0669
10.0669
10.0669
10.0669
10.0669
10.0669
10.0669
10.0743
10.0743
10.0743
10.0743
10.0743
10.0743
10.0743
10.0743
10.0743
10.0743
10.0743
10.0743
10.0743
10.0743
10.0743
10.0743
10.0743
10.0743
10.0743
10.0743
10.0743
10.0743
10.0743
10.0743
10.0743
10.0743
10.0743
10.0743
10.0743
10.0743
10.0743
10.0743
10.0743
10.0743
10.0743
10.0743
10.0743
10.0743
10.0743
10.0743
10.0743
10.0743
10.0743
10.0743
10.0743
10.0743
10.0743
10.0743
10.0743
10.0743
10.0743
10.0743
10.0743
10.0743
10.0743
10.0743
10.0743
10.0743
10.0743
10.0743
10.0818
10.0818
10.0818
10.0818
10.0818
10.0818
10.0818
10.0818
10.0818
10.0818
10.0818
10.0818
10.0818
10.0818
10.0818
10.0818
10.0818
10.0818
10.0818
10.0818
10.0818
10.0818
10.0818
10.0818
10.0818
10.0818
10.0818
10.0818
10.0818
10.0818
10.0818
10.0818
10.0818
10.0818
10.0818
10.0818
10.0818
10.0818
10.0818
10.0818
10.0818
10.0818
10.0818
10.0818
10.0818
10.0818
10.0818
10.0818
10.0818
10.0818
10.0818
10.0818
10.0818
10.0818
10.0818
10.0818
10.0818
10.0818
10.0818
10.0818
10.0896
10.0896
10.0896
10.0896
10.0896
10.0896
10.0896
10.0896
10.0896
10.0896
10.0896
10.0896
10.0896
10.0896
10.0896
10.0896
10.0896
10.0896
10.0896
10.0896
10.0896
10.0896
10.0896
10.0896
10.0896
10.0896
10.0896
10.0896
10.0896
10.0896
10.0896
10.0896
10.0896
10.0896
10.0896
10.0896
10.0896
10.0896
10.0896
10.0896
10.0896
10.0896
10.0896
10.0896
10.0896
10.0896
10.0896
10.0896
10.0896
10.0896
10.0896
10.0896
10.0896
10.0896
10.0896
10.0896
10.0896
10.0896
10.0896
10.0896
10.0976
10.0976
10.0976
10.0976
10.0976
10.0976
10.0976
10.0976
10.0976
10.0976
10.0976
10.0976
10.0976
10.0976
10.0976
10.0976
10.0976
10.0976
10.0976
10.0976
10.0976
10.0976
10.0976
10.0976
10.0976
10.0976
10.0976
10.0976
10.0976
10.0976
10.0976
10.0976
10.0976
10.0976
10.0976
10.0976
10.0976
10.0976
10.0976
10.0976
10.0976
10.0976
10.0976
10.0976
10.0976
10.0976
10.0976
10.0976
10.0976
10.0976
10.0976
10.0976
10.0976
10.0976
10.0976
10.0976
10.0976
10.0976
10.0976
10.0976
10.1057
10.1057
10.1057
10.1057
10.1057
10.1057
10.1057
10.1057
10.1057
10.1057
10.1057
10.1057
10.1057
10.1057
10.1057
10.1057
10.1057
10.1057
10.1057
10.1057
10.1057
10.1057
10.1057
10.1057
10.1057
10.1057
10.1057
10.1057
10.1057
10.1057
10.1057
10.1057
10.1057
10.1057
10.1057
10.1057
10.1057
10.1057
10.1057
10.1057
10.1057
10.1057
10.1057
10.1057
10.1057
10.1057
10.1057
10.1057
10.1057
10.1057
10.1057
10.1057
10.1057
10.1057
10.1057
10.1057
10.1057
10.1057
10.1057
10.1057
10.1141
10.1141
10.1141
10.1141
10.1141
10.1141
10.1141
10.1141
10.1141
10.1141
10.1141
10.1141
10.1141
10.1141
10.1141
10.1141
10.1141
10.1141
10.1141
10.1141
10.1141
10.1141
10.1141
10.1141
10.1141
10.1141
10.1141
10.1141
10.1141
10.1141
10.1141
10.1141
10.1141
10.1141
10.1141
10.1141
10.1141
10.1141
10.1141
10.1141
10.1141
10.1141
10.1141
10.1141
10.1141
10.1141
10.1141
10.1141
10.1141
10.1141
10.1141
10.1141
10.1141
10.1141
10.1141
10.1141
10.1141
10.1141
10.1141
10.1141
10.1227
10.1227
10.1227
10.1227
10.1227
10.1227
10.1227
10.1227
10.1227
10.1227
10.1227
10.1227
10.1227
10.1227
10.1227
10.1227
10.1227
10.1227
10.1227
10.1227
10.1227
10.1227
10.1227
10.1227
10.1227
10.1227
10.1227
10.1227
10.1227
10.1227
10.1227
10.1227
10.1227
10.1227
10.1227
10.1227
10.1227
10.1227
10.1227
10.1227
10.1227
10.1227
10.1227
10.1227
10.1227
10.1227
10.1227
10.1227
10.1227
10.1227
10.1227
10.1227
10.1227
10.1227
10.1227
10.1227
10.1227
10.1227
10.1227
10.1227
10.1315
10.1315
10.1315
10.1315
10.1315
10.1315
10.1315
10.1315
10.1315
10.1315
10.1315
10.1315
10.1315
10.1315
10.1315
10.1315
10.1315
10.1315
10.1315
10.1315
10.1315
10.1315
10.1315
10.1315
10.1315
10.1315
10.1315
10.1315
10.1315
10.1315
10.1315
10.1315
10.1315
10.1315
10.1315
10.1315
10.1315
10.1315
10.1315
10.1315
10.1315
10.1315
10.1315
10.1315
10.1315
10.1315
10.1315
10.1315
10.1315
10.1315
10.1315
10.1315
10.1315
10.1315
10.1315
10.1315
10.1315
10.1315
10.1315
10.1315
10.1405
10.1405
10.1405
10.1405
10.1405
10.1405
10.1405
10.1405
10.1405
10.1405
10.1405
10.1405
10.1405
10.1405
10.1405
10.1405
10.1405
10.1405
10.1405
10.1405
10.1405
10.1405
10.1405
10.1405
10.1405
10.1405
10.1405
10.1405
10.1405
10.1405
10.1405
10.1405
10.1405
10.1405
10.1405
10.1405
10.1405
10.1405
10.1405
10.1405
10.1405
10.1405
10.1405
10.1405
10.1405
10.1405
10.1405
10.1405
10.1405
10.1405
10.1405
10.1405
10.1405
10.1405
10.1405
10.1405
10.1405
10.1405
10.1405
10.1405
10.1497
10.1497
10.1497
10.1497
10.1497
10.1497
10.1497
10.1497
10.1497
10.1497
10.1497
10.1497
10.1497
10.1497
10.1497
10.1497
10.1497
10.1497
10.1497
10.1497
10.1497
10.1497
10.1497
10.1497
10.1497
10.1497
10.1497
10.1497
10.1497
10.1497
10.1497
10.1497
10.1497
10.1497
10.1497
10.1497
10.1497
10.1497
10.1497
10.1497
10.1497
10.1497
10.1497
10.1497
10.1497
10.1497
10.1497
10.1497
10.1497
10.1497
10.1497
10.1497
10.1497
10.1497
10.1497
10.1497
10.1497
10.1497
10.1497
10.1497
10.1592
10.1592
10.1592
10.1592
10.1592
10.1592
10.1592
10.1592
10.1592
10.1592
10.1592
10.1592
10.1592
10.1592
10.1592
10.1592
10.1592
10.1592
10.1592
10.1592
10.1592
10.1592
10.1592
10.1592
10.1592
10.1592
10.1592
10.1592
10.1592
10.1592
10.1592
10.1592
10.1592
10.1592
10.1592
10.1592
10.1592
10.1592
10.1592
10.1592
10.1592
10.1592
10.1592
10.1592
10.1592
10.1592
10.1592
10.1592
10.1592
10.1592
10.1592
10.1592
10.1592
10.1592
10.1592
10.1592
10.1592
10.1592
10.1592
10.1592
10.1689
10.1689
10.1689
10.1689
10.1689
10.1689
10.1689
10.1689
10.1689
10.1689
10.1689
10.1689
10.1689
10.1689
10.1689
10.1689
10.1689
10.1689
10.1689
10.1689
10.1689
10.1689
10.1689
10.1689
10.1689
10.1689
10.1689
10.1689
10.1689
10.1689
10.1689
10.1689
10.1689
10.1689
10.1689
10.1689
10.1689
10.1689
10.1689
10.1689
10.1689
10.1689
10.1689
10.1689
10.1689
10.1689
10.1689
10.1689
10.1689
10.1689
10.1689
10.1689
10.1689
10.1689
10.1689
10.1689
10.1689
10.1689
10.1689
10.1689
10.1788
10.1788
10.1788
10.1788
10.1788
10.1788
10.1788
10.1788
10.1788
10.1788
10.1788
10.1788
10.1788
10.1788
10.1788
10.1788
10.1788
10.1788
10.1788
10.1788
10.1788
10.1788
10.1788
10.1788
10.1788
10.1788
10.1788
10.1788
10.1788
10.1788
10.1788
10.1788
10.1788
10.1788
10.1788
10.1788
10.1788
10.1788
10.1788
10.1788
10.1788
10.1788
10.1788
10.1788
10.1788
10.1788
10.1788
10.1788
10.1788
10.1788
10.1788
10.1788
10.1788
10.1788
10.1788
10.1788
10.1788
10.1788
10.1788
10.1788
10.189
10.189
10.189
10.189
10.189
10.189
10.189
10.189
10.189
10.189
10.189
10.189
10.189
10.189
10.189
10.189
10.189
10.189
10.189
10.189
10.189
10.189
10.189
10.189
10.189
10.189
10.189
10.189
10.189
10.189
10.189
10.189
10.189
10.189
10.189
10.189
10.189
10.189
10.189
10.189
10.189
10.189
10.189
10.189
10.189
10.189
10.189
10.189
10.189
10.189
10.189
10.189
10.189
10.189
10.189
10.189
10.189
10.189
10.189
10.189
10.1994
10.1994
10.1994
10.1994
10.1994
10.1994
10.1994
10.1994
10.1994
10.1994
10.1994
10.1994
10.1994
10.1994
10.1994
10.1994
10.1994
10.1994
10.1994
10.1994
10.1994
10.1994
10.1994
10.1994
10.1994
10.1994
10.1994
10.1994
10.1994
10.1994
10.1994
10.1994
10.1994
10.1994
10.1994
10.1994
10.1994
10.1994
10.1994
10.1994
10.1994
10.1994
10.1994
10.1994
10.1994
10.1994
10.1994
10.1994
10.1994
10.1994
10.1994
10.1994
10.1994
10.1994
10.1994
10.1994
10.1994
10.1994
10.1994
10.1994
10.2101
10.2101
10.2101
10.2101
10.2101
10.2101
10.2101
10.2101
10.2101
10.2101
10.2101
10.2101
10.2101
10.2101
10.2101
10.2101
10.2101
10.2101
10.2101
10.2101
10.2101
10.2101
10.2101
10.2101
10.2101
10.2101
10.2101
10.2101
10.2101
10.2101
10.2101
10.2101
10.2101
10.2101
10.2101
10.2101
10.2101
10.2101
10.2101
10.2101
10.2101
10.2101
10.2101
10.2101
10.2101
10.2101
10.2101
10.2101
10.2101
10.2101
10.2101
10.2101
10.2101
10.2101
10.2101
10.2101
10.2101
10.2101
10.2101
10.2101
10.221
10.221
10.221
10.221
10.221
10.221
10.221
10.221
10.221
10.221
10.221
10.221
10.221
10.221
10.221
10.221
10.221
10.221
10.221
10.221
10.221
10.221
10.221
10.221
10.221
10.221
10.221
10.221
10.221
10.221
10.221
10.221
10.221
10.221
10.221
10.221
10.221
10.221
10.221
10.221
10.221
10.221
10.221
10.221
10.221
10.221
10.221
10.221
10.221
10.221
10.221
10.221
10.221
10.221
10.221
10.221
10.221
10.221
10.221
10.221
10.2321
10.2321
10.2321
10.2321
10.2321
10.2321
10.2321
10.2321
10.2321
10.2321
10.2321
10.2321
10.2321
10.2321
10.2321
10.2321
10.2321
10.2321
10.2321
10.2321
10.2321
10.2321
10.2321
10.2321
10.2321
10.2321
10.2321
10.2321
10.2321
10.2321
10.2321
10.2321
10.2321
10.2321
10.2321
10.2321
10.2321
10.2321
10.2321
10.2321
10.2321
10.2321
10.2321
10.2321
10.2321
10.2321
10.2321
10.2321
10.2321
10.2321
10.2321
10.2321
10.2321
10.2321
10.2321
10.2321
10.2321
10.2321
10.2321
10.2321
10.2436
10.2436
10.2436
10.2436
10.2436
10.2436
10.2436
10.2436
10.2436
10.2436
10.2436
10.2436
10.2436
10.2436
10.2436
10.2436
10.2436
10.2436
10.2436
10.2436
10.2436
10.2436
10.2436
10.2436
10.2436
10.2436
10.2436
10.2436
10.2436
10.2436
10.2436
10.2436
10.2436
10.2436
10.2436
10.2436
10.2436
10.2436
10.2436
10.2436
10.2436
10.2436
10.2436
10.2436
10.2436
10.2436
10.2436
10.2436
10.2436
10.2436
10.2436
10.2436
10.2436
10.2436
10.2436
10.2436
10.2436
10.2436
10.2436
10.2436
10.2552
10.2552
10.2552
10.2552
10.2552
10.2552
10.2552
10.2552
10.2552
10.2552
10.2552
10.2552
10.2552
10.2552
10.2552
10.2552
10.2552
10.2552
10.2552
10.2552
10.2552
10.2552
10.2552
10.2552
10.2552
10.2552
10.2552
10.2552
10.2552
10.2552
10.2552
10.2552
10.2552
10.2552
10.2552
10.2552
10.2552
10.2552
10.2552
10.2552
10.2552
10.2552
10.2552
10.2552
10.2552
10.2552
10.2552
10.2552
10.2552
10.2552
10.2552
10.2552
10.2552
10.2552
10.2552
10.2552
10.2552
10.2552
10.2552
10.2552
10.2672
10.2672
10.2672
10.2672
10.2672
10.2672
10.2672
10.2672
10.2672
10.2672
10.2672
10.2672
10.2672
10.2672
10.2672
10.2672
10.2672
10.2672
10.2672
10.2672
10.2672
10.2672
10.2672
10.2672
10.2672
10.2672
10.2672
10.2672
10.2672
10.2672
10.2672
10.2672
10.2672
10.2672
10.2672
10.2672
10.2672
10.2672
10.2672
10.2672
10.2672
10.2672
10.2672
10.2672
10.2672
10.2672
10.2672
10.2672
10.2672
10.2672
10.2672
10.2672
10.2672
10.2672
10.2672
10.2672
10.2672
10.2672
10.2672
10.2672
10.2794
10.2794
10.2794
10.2794
10.2794
10.2794
10.2794
10.2794
10.2794
10.2794
10.2794
10.2794
10.2794
10.2794
10.2794
10.2794
10.2794
10.2794
10.2794
10.2794
10.2794
10.2794
10.2794
10.2794
10.2794
10.2794
10.2794
10.2794
10.2794
10.2794
10.2794
10.2794
10.2794
10.2794
10.2794
10.2794
10.2794
10.2794
10.2794
10.2794
10.2794
10.2794
10.2794
10.2794
10.2794
10.2794
10.2794
10.2794
10.2794
10.2794
10.2794
10.2794
10.2794
10.2794
10.2794
10.2794
10.2794
10.2794
10.2794
10.2794
10.2918
10.2918
10.2918
10.2918
10.2918
10.2918
10.2918
10.2918
10.2918
10.2918
10.2918
10.2918
10.2918
10.2918
10.2918
10.2918
10.2918
10.2918
10.2918
10.2918
10.2918
10.2918
10.2918
10.2918
10.2918
10.2918
10.2918
10.2918
10.2918
10.2918
10.2918
10.2918
10.2918
10.2918
10.2918
10.2918
10.2918
10.2918
10.2918
10.2918
10.2918
10.2918
10.2918
10.2918
10.2918
10.2918
10.2918
10.2918
10.2918
10.2918
10.2918
10.2918
10.2918
10.2918
10.2918
10.2918
10.2918
10.2918
10.2918
10.2918
10.3045
10.3045
10.3045
10.3045
10.3045
10.3045
10.3045
10.3045
10.3045
10.3045
10.3045
10.3045
10.3045
10.3045
10.3045
10.3045
10.3045
10.3045
10.3045
10.3045
10.3045
10.3045
10.3045
10.3045
10.3045
10.3045
10.3045
10.3045
10.3045
10.3045
10.3045
10.3045
10.3045
10.3045
10.3045
10.3045
10.3045
10.3045
10.3045
10.3045
10.3045
10.3045
10.3045
10.3045
10.3045
10.3045
10.3045
10.3045
10.3045
10.3045
10.3045
10.3045
10.3045
10.3045
10.3045
10.3045
10.3045
10.3045
10.3045
10.3045
10.3175
10.3175
10.3175
10.3175
10.3175
10.3175
10.3175
10.3175
10.3175
10.3175
10.3175
10.3175
10.3175
10.3175
10.3175
10.3175
10.3175
10.3175
10.3175
10.3175
10.3175
10.3175
10.3175
10.3175
10.3175
10.3175
10.3175
10.3175
10.3175
10.3175
10.3175
10.3175
10.3175
10.3175
10.3175
10.3175
10.3175
10.3175
10.3175
10.3175
10.3175
10.3175
10.3175
10.3175
10.3175
10.3175
10.3175
10.3175
10.3175
10.3175
10.3175
10.3175
10.3175
10.3175
10.3175
10.3175
10.3175
10.3175
10.3175
10.3175
10.3308
10.3308
10.3308
10.3308
10.3308
10.3308
10.3308
10.3308
10.3308
10.3308
10.3308
10.3308
10.3308
10.3308
10.3308
10.3308
10.3308
10.3308
10.3308
10.3308
10.3308
10.3308
10.3308
10.3308
10.3308
10.3308
10.3308
10.3308
10.3308
10.3308
10.3308
10.3308
10.3308
10.3308
10.3308
10.3308
10.3308
10.3308
10.3308
10.3308
10.3308
10.3308
10.3308
10.3308
10.3308
10.3308
10.3308
10.3308
10.3308
10.3308
10.3308
10.3308
10.3308
10.3308
10.3308
10.3308
10.3308
10.3308
10.3308
10.3308
10.3444
10.3444
10.3444
10.3444
10.3444
10.3444
10.3444
10.3444
10.3444
10.3444
10.3444
10.3444
10.3444
10.3444
10.3444
10.3444
10.3444
10.3444
10.3444
10.3444
10.3444
10.3444
10.3444
10.3444
10.3444
10.3444
10.3444
10.3444
10.3444
10.3444
10.3444
10.3444
10.3444
10.3444
10.3444
10.3444
10.3444
10.3444
10.3444
10.3444
10.3444
10.3444
10.3444
10.3444
10.3444
10.3444
10.3444
10.3444
10.3444
10.3444
10.3444
10.3444
10.3444
10.3444
10.3444
10.3444
10.3444
10.3444
10.3444
10.3444
10.3582
10.3582
10.3582
10.3582
10.3582
10.3582
10.3582
10.3582
10.3582
10.3582
10.3582
10.3582
10.3582
10.3582
10.3582
10.3582
10.3582
10.3582
10.3582
10.3582
10.3582
10.3582
10.3582
10.3582
10.3582
10.3582
10.3582
10.3582
10.3582
10.3582
10.3582
10.3582
10.3582
10.3582
10.3582
10.3582
10.3582
10.3582
10.3582
10.3582
10.3582
10.3582
10.3582
10.3582
10.3582
10.3582
10.3582
10.3582
10.3582
10.3582
10.3582
10.3582
10.3582
10.3582
10.3582
10.3582
10.3582
10.3582
10.3582
10.3582
10.3723
10.3723
10.3723
10.3723
10.3723
10.3723
10.3723
10.3723
10.3723
10.3723
10.3723
10.3723
10.3723
10.3723
10.3723
10.3723
10.3723
10.3723
10.3723
10.3723
10.3723
10.3723
10.3723
10.3723
10.3723
10.3723
10.3723
10.3723
10.3723
10.3723
10.3723
10.3723
10.3723
10.3723
10.3723
10.3723
10.3723
10.3723
10.3723
10.3723
10.3723
10.3723
10.3723
10.3723
10.3723
10.3723
10.3723
10.3723
10.3723
10.3723
10.3723
10.3723
10.3723
10.3723
10.3723
10.3723
10.3723
10.3723
10.3723
10.3723
10.3866
10.3866
10.3866
10.3866
10.3866
10.3866
10.3866
10.3866
10.3866
10.3866
10.3866
10.3866
10.3866
10.3866
10.3866
10.3866
10.3866
10.3866
10.3866
10.3866
10.3866
10.3866
10.3866
10.3866
10.3866
10.3866
10.3866
10.3866
10.3866
10.3866
10.3866
10.3866
10.3866
10.3866
10.3866
10.3866
10.3866
10.3866
10.3866
10.3866
10.3866
10.3866
10.3866
10.3866
10.3866
10.3866
10.3866
10.3866
10.3866
10.3866
10.3866
10.3866
10.3866
10.3866
10.3866
10.3866
10.3866
10.3866
10.3866
10.3866
10.4013
10.4013
10.4013
10.4013
10.4013
10.4013
10.4013
10.4013
10.4013
10.4013
10.4013
10.4013
10.4013
10.4013
10.4013
10.4013
10.4013
10.4013
10.4013
10.4013
10.4013
10.4013
10.4013
10.4013
10.4013
10.4013
10.4013
10.4013
10.4013
10.4013
10.4013
10.4013
10.4013
10.4013
10.4013
10.4013
10.4013
10.4013
10.4013
10.4013
10.4013
10.4013
10.4013
10.4013
10.4013
10.4013
10.4013
10.4013
10.4013
10.4013
10.4013
10.4013
10.4013
10.4013
10.4013
10.4013
10.4013
10.4013
10.4013
10.4013
10.4162
10.4162
10.4162
10.4162
10.4162
10.4162
10.4162
10.4162
10.4162
10.4162
10.4162
10.4162
10.4162
10.4162
10.4162
10.4162
10.4162
10.4162
10.4162
10.4162
10.4162
10.4162
10.4162
10.4162
10.4162
10.4162
10.4162
10.4162
10.4162
10.4162
10.4162
10.4162
10.4162
10.4162
10.4162
10.4162
10.4162
10.4162
10.4162
10.4162
10.4162
10.4162
10.4162
10.4162
10.4162
10.4162
10.4162
10.4162
10.4162
10.4162
10.4162
10.4162
10.4162
10.4162
10.4162
10.4162
10.4162
10.4162
10.4162
10.4162
10.4314
10.4314
10.4314
10.4314
10.4314
10.4314
10.4314
10.4314
10.4314
10.4314
10.4314
10.4314
10.4314
10.4314
10.4314
10.4314
10.4314
10.4314
10.4314
10.4314
10.4314
10.4314
10.4314
10.4314
10.4314
10.4314
10.4314
10.4314
10.4314
10.4314
10.4314
10.4314
10.4314
10.4314
10.4314
10.4314
10.4314
10.4314
10.4314
10.4314
10.4314
10.4314
10.4314
10.4314
10.4314
10.4314
10.4314
10.4314
10.4314
10.4314
10.4314
10.4314
10.4314
10.4314
10.4314
10.4314
10.4314
10.4314
10.4314
10.4314
10.4468
10.4468
10.4468
10.4468
10.4468
10.4468
10.4468
10.4468
10.4468
10.4468
10.4468
10.4468
10.4468
10.4468
10.4468
10.4468
10.4468
10.4468
10.4468
10.4468
10.4468
10.4468
10.4468
10.4468
10.4468
10.4468
10.4468
10.4468
10.4468
10.4468
10.4468
10.4468
10.4468
10.4468
10.4468
10.4468
10.4468
10.4468
10.4468
10.4468
10.4468
10.4468
10.4468
10.4468
10.4468
10.4468
10.4468
10.4468
10.4468
10.4468
10.4468
10.4468
10.4468
10.4468
10.4468
10.4468
10.4468
10.4468
10.4468
10.4468
10.4625
10.4625
10.4625
10.4625
10.4625
10.4625
10.4625
10.4625
10.4625
10.4625
10.4625
10.4625
10.4625
10.4625
10.4625
10.4625
10.4625
10.4625
10.4625
10.4625
10.4625
10.4625
10.4625
10.4625
10.4625
10.4625
10.4625
10.4625
10.4625
10.4625
10.4625
10.4625
10.4625
10.4625
10.4625
10.4625
10.4625
10.4625
10.4625
10.4625
10.4625
10.4625
10.4625
10.4625
10.4625
10.4625
10.4625
10.4625
10.4625
10.4625
10.4625
10.4625
10.4625
10.4625
10.4625
10.4625
10.4625
10.4625
10.4625
10.4625
10.4785
10.4785
10.4785
10.4785
10.4785
10.4785
10.4785
10.4785
10.4785
10.4785
10.4785
10.4785
10.4785
10.4785
10.4785
10.4785
10.4785
10.4785
10.4785
10.4785
10.4785
10.4785
10.4785
10.4785
10.4785
10.4785
10.4785
10.4785
10.4785
10.4785
10.4785
10.4785
10.4785
10.4785
10.4785
10.4785
10.4785
10.4785
10.4785
10.4785
10.4785
10.4785
10.4785
10.4785
10.4785
10.4785
10.4785
10.4785
10.4785
10.4785
10.4785
10.4785
10.4785
10.4785
10.4785
10.4785
10.4785
10.4785
10.4785
10.4785
10.4948
10.4948
10.4948
10.4948
10.4948
10.4948
10.4948
10.4948
10.4948
10.4948
10.4948
10.4948
10.4948
10.4948
10.4948
10.4948
10.4948
10.4948
10.4948
10.4948
10.4948
10.4948
10.4948
10.4948
10.4948
10.4948
10.4948
10.4948
10.4948
10.4948
10.4948
10.4948
10.4948
10.4948
10.4948
10.4948
10.4948
10.4948
10.4948
10.4948
10.4948
10.4948
10.4948
10.4948
10.4948
10.4948
10.4948
10.4948
10.4948
10.4948
10.4948
10.4948
10.4948
10.4948
10.4948
10.4948
10.4948
10.4948
10.4948
10.4948
10.5113
10.5113
10.5113
10.5113
10.5113
10.5113
10.5113
10.5113
10.5113
10.5113
10.5113
10.5113
10.5113
10.5113
10.5113
10.5113
10.5113
10.5113
10.5113
10.5113
10.5113
10.5113
10.5113
10.5113
10.5113
10.5113
10.5113
10.5113
10.5113
10.5113
10.5113
10.5113
10.5113
10.5113
10.5113
10.5113
10.5113
10.5113
10.5113
10.5113
10.5113
10.5113
10.5113
10.5113
10.5113
10.5113
10.5113
10.5113
10.5113
10.5113
10.5113
10.5113
10.5113
10.5113
10.5113
10.5113
10.5113
10.5113
10.5113
10.5113
10.528
10.528
10.528
10.528
10.528
10.528
10.528
10.528
10.528
10.528
10.528
10.528
10.528
10.528
10.528
10.528
10.528
10.528
10.528
10.528
10.528
10.528
10.528
10.528
10.528
10.528
10.528
10.528
10.528
10.528
10.528
10.528
10.528
10.528
10.528
10.528
10.528
10.528
10.528
10.528
10.528
10.528
10.528
10.528
10.528
10.528
10.528
10.528
10.528
10.528
10.528
10.528
10.528
10.528
10.528
10.528
10.528
10.528
10.528
10.528
10.545
10.545
10.545
10.545
10.545
10.545
10.545
10.545
10.545
10.545
10.545
10.545
10.545
10.545
10.545
10.545
10.545
10.545
10.545
10.545
10.545
10.545
10.545
10.545
10.545
10.545
10.545
10.545
10.545
10.545
10.545
10.545
10.545
10.545
10.545
10.545
10.545
10.545
10.545
10.545
10.545
10.545
10.545
10.545
10.545
10.545
10.545
10.545
10.545
10.545
10.545
10.545
10.545
10.545
10.545
10.545
10.545
10.545
10.545
10.545
10.5622
10.5622
10.5622
10.5622
10.5622
10.5622
10.5622
10.5622
10.5622
10.5622
10.5622
10.5622
10.5622
10.5622
10.5622
10.5622
10.5622
10.5622
10.5622
10.5622
10.5622
10.5622
10.5622
10.5622
10.5622
10.5622
10.5622
10.5622
10.5622
10.5622
10.5622
10.5622
10.5622
10.5622
10.5622
10.5622
10.5622
10.5622
10.5622
10.5622
10.5622
10.5622
10.5622
10.5622
10.5622
10.5622
10.5622
10.5622
10.5622
10.5622
10.5622
10.5622
10.5622
10.5622
10.5622
10.5622
10.5622
10.5622
10.5622
10.5622
10.5797
10.5797
10.5797
10.5797
10.5797
10.5797
10.5797
10.5797
10.5797
10.5797
10.5797
10.5797
10.5797
10.5797
10.5797
10.5797
10.5797
10.5797
10.5797
10.5797
10.5797
10.5797
10.5797
10.5797
10.5797
10.5797
10.5797
10.5797
10.5797
10.5797
10.5797
10.5797
10.5797
10.5797
10.5797
10.5797
10.5797
10.5797
10.5797
10.5797
10.5797
10.5797
10.5797
10.5797
10.5797
10.5797
10.5797
10.5797
10.5797
10.5797
10.5797
10.5797
10.5797
10.5797
10.5797
10.5797
10.5797
10.5797
10.5797
10.5797
10.5974
10.5974
10.5974
10.5974
10.5974
10.5974
10.5974
10.5974
10.5974
10.5974
10.5974
10.5974
10.5974
10.5974
10.5974
10.5974
10.5974
10.5974
10.5974
10.5974
10.5974
10.5974
10.5974
10.5974
10.5974
10.5974
10.5974
10.5974
10.5974
10.5974
10.5974
10.5974
10.5974
10.5974
10.5974
10.5974
10.5974
10.5974
10.5974
10.5974
10.5974
10.5974
10.5974
10.5974
10.5974
10.5974
10.5974
10.5974
10.5974
10.5974
10.5974
10.5974
10.5974
10.5974
10.5974
10.5974
10.5974
10.5974
10.5974
10.5974
10.6153
10.6153
10.6153
10.6153
10.6153
10.6153
10.6153
10.6153
10.6153
10.6153
10.6153
10.6153
10.6153
10.6153
10.6153
10.6153
10.6153
10.6153
10.6153
10.6153
10.6153
10.6153
10.6153
10.6153
10.6153
10.6153
10.6153
10.6153
10.6153
10.6153
10.6153
10.6153
10.6153
10.6153
10.6153
10.6153
10.6153
10.6153
10.6153
10.6153
10.6153
10.6153
10.6153
10.6153
10.6153
10.6153
10.6153
10.6153
10.6153
10.6153
10.6153
10.6153
10.6153
10.6153
10.6153
10.6153
10.6153
10.6153
10.6153
10.6153
10.6334
10.6334
10.6334
10.6334
10.6334
10.6334
10.6334
10.6334
10.6334
10.6334
10.6334
10.6334
10.6334
10.6334
10.6334
10.6334
10.6334
10.6334
10.6334
10.6334
10.6334
10.6334
10.6334
10.6334
10.6334
10.6334
10.6334
10.6334
10.6334
10.6334
10.6334
10.6334
10.6334
10.6334
10.6334
10.6334
10.6334
10.6334
10.6334
10.6334
10.6334
10.6334
10.6334
10.6334
10.6334
10.6334
10.6334
10.6334
10.6334
10.6334
10.6334
10.6334
10.6334
10.6334
10.6334
10.6334
10.6334
10.6334
10.6334
10.6334
10.6516
10.6516
10.6516
10.6516
10.6516
10.6516
10.6516
10.6516
10.6516
10.6516
10.6516
10.6516
10.6516
10.6516
10.6516
10.6516
10.6516
10.6516
10.6516
10.6516
10.6516
10.6516
10.6516
10.6516
10.6516
10.6516
10.6516
10.6516
10.6516
10.6516
10.6516
10.6516
10.6516
10.6516
10.6516
10.6516
10.6516
10.6516
10.6516
10.6516
10.6516
10.6516
10.6516
10.6516
10.6516
10.6516
10.6516
10.6516
10.6516
10.6516
10.6516
10.6516
10.6516
10.6516
10.6516
10.6516
10.6516
10.6516
10.6516
10.6516
10.6701
10.6701
10.6701
10.6701
10.6701
10.6701
10.6701
10.6701
10.6701
10.6701
10.6701
10.6701
10.6701
10.6701
10.6701
10.6701
10.6701
10.6701
10.6701
10.6701
10.6701
10.6701
10.6701
10.6701
10.6701
10.6701
10.6701
10.6701
10.6701
10.6701
10.6701
10.6701
10.6701
10.6701
10.6701
10.6701
10.6701
10.6701
10.6701
10.6701
10.6701
10.6701
10.6701
10.6701
10.6701
10.6701
10.6701
10.6701
10.6701
10.6701
10.6701
10.6701
10.6701
10.6701
10.6701
10.6701
10.6701
10.6701
10.6701
10.6701
10.6887
10.6887
10.6887
10.6887
10.6887
10.6887
10.6887
10.6887
10.6887
10.6887
10.6887
10.6887
10.6887
10.6887
10.6887
10.6887
10.6887
10.6887
10.6887
10.6887
10.6887
10.6887
10.6887
10.6887
10.6887
10.6887
10.6887
10.6887
10.6887
10.6887
10.6887
10.6887
10.6887
10.6887
10.6887
10.6887
10.6887
10.6887
10.6887
10.6887
10.6887
10.6887
10.6887
10.6887
10.6887
10.6887
10.6887
10.6887
10.6887
10.6887
10.6887
10.6887
10.6887
10.6887
10.6887
10.6887
10.6887
10.6887
10.6887
10.6887
10.7074
10.7074
10.7074
10.7074
10.7074
10.7074
10.7074
10.7074
10.7074
10.7074
10.7074
10.7074
10.7074
10.7074
10.7074
10.7074
10.7074
10.7074
10.7074
10.7074
10.7074
10.7074
10.7074
10.7074
10.7074
10.7074
10.7074
10.7074
10.7074
10.7074
10.7074
10.7074
10.7074
10.7074
10.7074
10.7074
10.7074
10.7074
10.7074
10.7074
10.7074
10.7074
10.7074
10.7074
10.7074
10.7074
10.7074
10.7074
10.7074
10.7074
10.7074
10.7074
10.7074
10.7074
10.7074
10.7074
10.7074
10.7074
10.7074
10.7074
10.7262
10.7262
10.7262
10.7262
10.7262
10.7262
10.7262
10.7262
10.7262
10.7262
10.7262
10.7262
10.7262
10.7262
10.7262
10.7262
10.7262
10.7262
10.7262
10.7262
10.7262
10.7262
10.7262
10.7262
10.7262
10.7262
10.7262
10.7262
10.7262
10.7262
10.7262
10.7262
10.7262
10.7262
10.7262
10.7262
10.7262
10.7262
10.7262
10.7262
10.7262
10.7262
10.7262
10.7262
10.7262
10.7262
10.7262
10.7262
10.7262
10.7262
10.7262
10.7262
10.7262
10.7262
10.7262
10.7262
10.7262
10.7262
10.7262
10.7262
10.7452
10.7452
10.7452
10.7452
10.7452
10.7452
10.7452
10.7452
10.7452
10.7452
10.7452
10.7452
10.7452
10.7452
10.7452
10.7452
10.7452
10.7452
10.7452
10.7452
10.7452
10.7452
10.7452
10.7452
10.7452
10.7452
10.7452
10.7452
10.7452
10.7452
10.7452
10.7452
10.7452
10.7452
10.7452
10.7452
10.7452
10.7452
10.7452
10.7452
10.7452
10.7452
10.7452
10.7452
10.7452
10.7452
10.7452
10.7452
10.7452
10.7452
10.7452
10.7452
10.7452
10.7452
10.7452
10.7452
10.7452
10.7452
10.7452
10.7452
10.7642
10.7642
10.7642
10.7642
10.7642
10.7642
10.7642
10.7642
10.7642
10.7642
10.7642
10.7642
10.7642
10.7642
10.7642
10.7642
10.7642
10.7642
10.7642
10.7642
10.7642
10.7642
10.7642
10.7642
10.7642
10.7642
10.7642
10.7642
10.7642
10.7642
10.7642
10.7642
10.7642
10.7642
10.7642
10.7642
10.7642
10.7642
10.7642
10.7642
10.7642
10.7642
10.7642
10.7642
10.7642
10.7642
10.7642
10.7642
10.7642
10.7642
10.7642
10.7642
10.7642
10.7642
10.7642
10.7642
10.7642
10.7642
10.7642
10.7642
10.7833
10.7833
10.7833
10.7833
10.7833
10.7833
10.7833
10.7833
10.7833
10.7833
10.7833
10.7833
10.7833
10.7833
10.7833
10.7833
10.7833
10.7833
10.7833
10.7833
10.7833
10.7833
10.7833
10.7833
10.7833
10.7833
10.7833
10.7833
10.7833
10.7833
10.7833
10.7833
10.7833
10.7833
10.7833
10.7833
10.7833
10.7833
10.7833
10.7833
10.7833
10.7833
10.7833
10.7833
10.7833
10.7833
10.7833
10.7833
10.7833
10.7833
10.7833
10.7833
10.7833
10.7833
10.7833
10.7833
10.7833
10.7833
10.7833
10.7833
10.8023
10.8023
10.8023
10.8023
10.8023
10.8023
10.8023
10.8023
10.8023
10.8023
10.8023
10.8023
10.8023
10.8023
10.8023
10.8023
10.8023
10.8023
10.8023
10.8023
10.8023
10.8023
10.8023
10.8023
10.8023
10.8023
10.8023
10.8023
10.8023
10.8023
10.8023
10.8023
10.8023
10.8023
10.8023
10.8023
10.8023
10.8023
10.8023
10.8023
10.8023
10.8023
10.8023
10.8023
10.8023
10.8023
10.8023
10.8023
10.8023
10.8023
10.8023
10.8023
10.8023
10.8023
10.8023
10.8023
10.8023
10.8023
10.8023
10.8023
10.8214
10.8214
10.8214
10.8214
10.8214
10.8214
10.8214
10.8214
10.8214
10.8214
10.8214
10.8214
10.8214
10.8214
10.8214
10.8214
10.8214
10.8214
10.8214
10.8214
10.8214
10.8214
10.8214
10.8214
10.8214
10.8214
10.8214
10.8214
10.8214
10.8214
10.8214
10.8214
10.8214
10.8214
10.8214
10.8214
10.8214
10.8214
10.8214
10.8214
10.8214
10.8214
10.8214
10.8214
10.8214
10.8214
10.8214
10.8214
10.8214
10.8214
10.8214
10.8214
10.8214
10.8214
10.8214
10.8214
10.8214
10.8214
10.8214
10.8214
10.8405
10.8405
10.8405
10.8405
10.8405
10.8405
10.8405
10.8405
10.8405
10.8405
10.8405
10.8405
10.8405
10.8405
10.8405
10.8405
10.8405
10.8405
10.8405
10.8405
10.8405
10.8405
10.8405
10.8405
10.8405
10.8405
10.8405
10.8405
10.8405
10.8405
10.8405
10.8405
10.8405
10.8405
10.8405
10.8405
10.8405
10.8405
10.8405
10.8405
10.8405
10.8405
10.8405
10.8405
10.8405
10.8405
10.8405
10.8405
10.8405
10.8405
10.8405
10.8405
10.8405
10.8405
10.8405
10.8405
10.8405
10.8405
10.8405
10.8405
10.8594
10.8594
10.8594
10.8594
10.8594
10.8594
10.8594
10.8594
10.8594
10.8594
10.8594
10.8594
10.8594
10.8594
10.8594
10.8594
10.8594
10.8594
10.8594
10.8594
10.8594
10.8594
10.8594
10.8594
10.8594
10.8594
10.8594
10.8594
10.8594
10.8594
10.8594
10.8594
10.8594
10.8594
10.8594
10.8594
10.8594
10.8594
10.8594
10.8594
10.8594
10.8594
10.8594
10.8594
10.8594
10.8594
10.8594
10.8594
10.8594
10.8594
10.8594
10.8594
10.8594
10.8594
10.8594
10.8594
10.8594
10.8594
10.8594
10.8594
10.8783
10.8783
10.8783
10.8783
10.8783
10.8783
10.8783
10.8783
10.8783
10.8783
10.8783
10.8783
10.8783
10.8783
10.8783
10.8783
10.8783
10.8783
10.8783
10.8783
10.8783
10.8783
10.8783
10.8783
10.8783
10.8783
10.8783
10.8783
10.8783
10.8783
10.8783
10.8783
10.8783
10.8783
10.8783
10.8783
10.8783
10.8783
10.8783
10.8783
10.8783
10.8783
10.8783
10.8783
10.8783
10.8783
10.8783
10.8783
10.8783
10.8783
10.8783
10.8783
10.8783
10.8783
10.8783
10.8783
10.8783
10.8783
10.8783
10.8783
10.897
10.897
10.897
10.897
10.897
10.897
10.897
10.897
10.897
10.897
10.897
10.897
10.897
10.897
10.897
10.897
10.897
10.897
10.897
10.897
10.897
10.897
10.897
10.897
10.897
10.897
10.897
10.897
10.897
10.897
10.897
10.897
10.897
10.897
10.897
10.897
10.897
10.897
10.897
10.897
10.897
10.897
10.897
10.897
10.897
10.897
10.897
10.897
10.897
10.897
10.897
10.897
10.897
10.897
10.897
10.897
10.897
10.897
10.897
10.897
10.9155
10.9155
10.9155
10.9155
10.9155
10.9155
10.9155
10.9155
10.9155
10.9155
10.9155
10.9155
10.9155
10.9155
10.9155
10.9155
10.9155
10.9155
10.9155
10.9155
10.9155
10.9155
10.9155
10.9155
10.9155
10.9155
10.9155
10.9155
10.9155
10.9155
10.9155
10.9155
10.9155
10.9155
10.9155
10.9155
10.9155
10.9155
10.9155
10.9155
10.9155
10.9155
10.9155
10.9155
10.9155
10.9155
10.9155
10.9155
10.9155
10.9155
10.9155
10.9155
10.9155
10.9155
10.9155
10.9155
10.9155
10.9155
10.9155
10.9155
10.9338
10.9338
10.9338
10.9338
10.9338
10.9338
10.9338
10.9338
10.9338
10.9338
10.9338
10.9338
10.9338
10.9338
10.9338
10.9338
10.9338
10.9338
10.9338
10.9338
10.9338
10.9338
10.9338
10.9338
10.9338
10.9338
10.9338
10.9338
10.9338
10.9338
10.9338
10.9338
10.9338
10.9338
10.9338
10.9338
10.9338
10.9338
10.9338
10.9338
10.9338
10.9338
10.9338
10.9338
10.9338
10.9338
10.9338
10.9338
10.9338
10.9338
10.9338
10.9338
10.9338
10.9338
10.9338
10.9338
10.9338
10.9338
10.9338
10.9338
10.9518
10.9518
10.9518
10.9518
10.9518
10.9518
10.9518
10.9518
10.9518
10.9518
10.9518
10.9518
10.9518
10.9518
10.9518
10.9518
10.9518
10.9518
10.9518
10.9518
10.9518
10.9518
10.9518
10.9518
10.9518
10.9518
10.9518
10.9518
10.9518
10.9518
10.9518
10.9518
10.9518
10.9518
10.9518
10.9518
10.9518
10.9518
10.9518
10.9518
10.9518
10.9518
10.9518
10.9518
10.9518
10.9518
10.9518
10.9518
10.9518
10.9518
10.9518
10.9518
10.9518
10.9518
10.9518
10.9518
10.9518
10.9518
10.9518
10.9518
10.9695
10.9695
10.9695
10.9695
10.9695
10.9695
10.9695
10.9695
10.9695
10.9695
10.9695
10.9695
10.9695
10.9695
10.9695
10.9695
10.9695
10.9695
10.9695
10.9695
10.9695
10.9695
10.9695
10.9695
10.9695
10.9695
10.9695
10.9695
10.9695
10.9695
10.9695
10.9695
10.9695
10.9695
10.9695
10.9695
10.9695
10.9695
10.9695
10.9695
10.9695
10.9695
10.9695
10.9695
10.9695
10.9695
10.9695
10.9695
10.9695
10.9695
10.9695
10.9695
10.9695
10.9695
10.9695
10.9695
10.9695
10.9695
10.9695
10.9695
10.9868
10.9868
10.9868
10.9868
10.9868
10.9868
10.9868
10.9868
10.9868
10.9868
10.9868
10.9868
10.9868
10.9868
10.9868
10.9868
10.9868
10.9868
10.9868
10.9868
10.9868
10.9868
10.9868
10.9868
10.9868
10.9868
10.9868
10.9868
10.9868
10.9868
10.9868
10.9868
10.9868
10.9868
10.9868
10.9868
10.9868
10.9868
10.9868
10.9868
10.9868
10.9868
10.9868
10.9868
10.9868
10.9868
10.9868
10.9868
10.9868
10.9868
10.9868
10.9868
10.9868
10.9868
10.9868
10.9868
10.9868
10.9868
10.9868
10.9868
11.0036
11.0036
11.0036
11.0036
11.0036
11.0036
11.0036
11.0036
11.0036
11.0036
11.0036
11.0036
11.0036
11.0036
11.0036
11.0036
11.0036
11.0036
11.0036
11.0036
11.0036
11.0036
11.0036
11.0036
11.0036
11.0036
11.0036
11.0036
11.0036
11.0036
11.0036
11.0036
11.0036
11.0036
11.0036
11.0036
11.0036
11.0036
11.0036
11.0036
11.0036
11.0036
11.0036
11.0036
11.0036
11.0036
11.0036
11.0036
11.0036
11.0036
11.0036
11.0036
11.0036
11.0036
11.0036
11.0036
11.0036
11.0036
11.0036
11.0036
11.0199
11.0199
11.0199
11.0199
11.0199
11.0199
11.0199
11.0199
11.0199
11.0199
11.0199
11.0199
11.0199
11.0199
11.0199
11.0199
11.0199
11.0199
11.0199
11.0199
11.0199
11.0199
11.0199
11.0199
11.0199
11.0199
11.0199
11.0199
11.0199
11.0199
11.0199
11.0199
11.0199
11.0199
11.0199
11.0199
11.0199
11.0199
11.0199
11.0199
11.0199
11.0199
11.0199
11.0199
11.0199
11.0199
11.0199
11.0199
11.0199
11.0199
11.0199
11.0199
11.0199
11.0199
11.0199
11.0199
11.0199
11.0199
11.0199
11.0199
11.0356
11.0356
11.0356
11.0356
11.0356
11.0356
11.0356
11.0356
11.0356
11.0356
11.0356
11.0356
11.0356
11.0356
11.0356
11.0356
11.0356
11.0356
11.0356
11.0356
11.0356
11.0356
11.0356
11.0356
11.0356
11.0356
11.0356
11.0356
11.0356
11.0356
11.0356
11.0356
11.0356
11.0356
11.0356
11.0356
11.0356
11.0356
11.0356
11.0356
11.0356
11.0356
11.0356
11.0356
11.0356
11.0356
11.0356
11.0356
11.0356
11.0356
11.0356
11.0356
11.0356
11.0356
11.0356
11.0356
11.0356
11.0356
11.0356
11.0356
11.0507
11.0507
11.0507
11.0507
11.0507
11.0507
11.0507
11.0507
11.0507
11.0507
11.0507
11.0507
11.0507
11.0507
11.0507
11.0507
11.0507
11.0507
11.0507
11.0507
11.0507
11.0507
11.0507
11.0507
11.0507
11.0507
11.0507
11.0507
11.0507
11.0507
11.0507
11.0507
11.0507
11.0507
11.0507
11.0507
11.0507
11.0507
11.0507
11.0507
11.0507
11.0507
11.0507
11.0507
11.0507
11.0507
11.0507
11.0507
11.0507
11.0507
11.0507
11.0507
11.0507
11.0507
11.0507
11.0507
11.0507
11.0507
11.0507
11.0507
11.0651
11.0651
11.0651
11.0651
11.0651
11.0651
11.0651
11.0651
11.0651
11.0651
11.0651
11.0651
11.0651
11.0651
11.0651
11.0651
11.0651
11.0651
11.0651
11.0651
11.0651
11.0651
11.0651
11.0651
11.0651
11.0651
11.0651
11.0651
11.0651
11.0651
11.0651
11.0651
11.0651
11.0651
11.0651
11.0651
11.0651
11.0651
11.0651
11.0651
11.0651
11.0651
11.0651
11.0651
11.0651
11.0651
11.0651
11.0651
11.0651
11.0651
11.0651
11.0651
11.0651
11.0651
11.0651
11.0651
11.0651
11.0651
11.0651
11.0651
11.0786
11.0786
11.0786
11.0786
11.0786
11.0786
11.0786
11.0786
11.0786
11.0786
11.0786
11.0786
11.0786
11.0786
11.0786
11.0786
11.0786
11.0786
11.0786
11.0786
11.0786
11.0786
11.0786
11.0786
11.0786
11.0786
11.0786
11.0786
11.0786
11.0786
11.0786
11.0786
11.0786
11.0786
11.0786
11.0786
11.0786
11.0786
11.0786
11.0786
11.0786
11.0786
11.0786
11.0786
11.0786
11.0786
11.0786
11.0786
11.0786
11.0786
11.0786
11.0786
11.0786
11.0786
11.0786
11.0786
11.0786
11.0786
11.0786
11.0786
11.0912
11.0912
11.0912
11.0912
11.0912
11.0912
11.0912
11.0912
11.0912
11.0912
11.0912
11.0912
11.0912
11.0912
11.0912
11.0912
11.0912
11.0912
11.0912
11.0912
11.0912
11.0912
11.0912
11.0912
11.0912
11.0912
11.0912
11.0912
11.0912
11.0912
11.0912
11.0912
11.0912
11.0912
11.0912
11.0912
11.0912
11.0912
11.0912
11.0912
11.0912
11.0912
11.0912
11.0912
11.0912
11.0912
11.0912
11.0912
11.0912
11.0912
11.0912
11.0912
11.0912
11.0912
11.0912
11.0912
11.0912
11.0912
11.0912
11.0912
11.1029
11.1029
11.1029
11.1029
11.1029
11.1029
11.1029
11.1029
11.1029
11.1029
11.1029
11.1029
11.1029
11.1029
11.1029
11.1029
11.1029
11.1029
11.1029
11.1029
11.1029
11.1029
11.1029
11.1029
11.1029
11.1029
11.1029
11.1029
11.1029
11.1029
11.1029
11.1029
11.1029
11.1029
11.1029
11.1029
11.1029
11.1029
11.1029
11.1029
11.1029
11.1029
11.1029
11.1029
11.1029
11.1029
11.1029
11.1029
11.1029
11.1029
11.1029
11.1029
11.1029
11.1029
11.1029
11.1029
11.1029
11.1029
11.1029
11.1029
11.1134
11.1134
11.1134
11.1134
11.1134
11.1134
11.1134
11.1134
11.1134
11.1134
11.1134
11.1134
11.1134
11.1134
11.1134
11.1134
11.1134
11.1134
11.1134
11.1134
11.1134
11.1134
11.1134
11.1134
11.1134
11.1134
11.1134
11.1134
11.1134
11.1134
11.1134
11.1134
11.1134
11.1134
11.1134
11.1134
11.1134
11.1134
11.1134
11.1134
11.1134
11.1134
11.1134
11.1134
11.1134
11.1134
11.1134
11.1134
11.1134
11.1134
11.1134
11.1134
11.1134
11.1134
11.1134
11.1134
11.1134
11.1134
11.1134
11.1134
11.1228
11.1228
11.1228
11.1228
11.1228
11.1228
11.1228
11.1228
11.1228
11.1228
11.1228
11.1228
11.1228
11.1228
11.1228
11.1228
11.1228
11.1228
11.1228
11.1228
11.1228
11.1228
11.1228
11.1228
11.1228
11.1228
11.1228
11.1228
11.1228
11.1228
11.1228
11.1228
11.1228
11.1228
11.1228
11.1228
11.1228
11.1228
11.1228
11.1228
11.1228
11.1228
11.1228
11.1228
11.1228
11.1228
11.1228
11.1228
11.1228
11.1228
11.1228
11.1228
11.1228
11.1228
11.1228
11.1228
11.1228
11.1228
11.1228
11.1228
11.1309
11.1309
11.1309
11.1309
11.1309
11.1309
11.1309
11.1309
11.1309
11.1309
11.1309
11.1309
11.1309
11.1309
11.1309
11.1309
11.1309
11.1309
11.1309
11.1309
11.1309
11.1309
11.1309
11.1309
11.1309
11.1309
11.1309
11.1309
11.1309
11.1309
11.1309
11.1309
11.1309
11.1309
11.1309
11.1309
11.1309
11.1309
11.1309
11.1309
11.1309
11.1309
11.1309
11.1309
11.1309
11.1309
11.1309
11.1309
11.1309
11.1309
11.1309
11.1309
11.1309
11.1309
11.1309
11.1309
11.1309
11.1309
11.1309
11.1309
11.1376
11.1376
11.1376
11.1376
11.1376
11.1376
11.1376
11.1376
11.1376
11.1376
11.1376
11.1376
11.1376
11.1376
11.1376
11.1376
11.1376
11.1376
11.1376
11.1376
11.1376
11.1376
11.1376
11.1376
11.1376
11.1376
11.1376
11.1376
11.1376
11.1376
11.1376
11.1376
11.1376
11.1376
11.1376
11.1376
11.1376
11.1376
11.1376
11.1376
11.1376
11.1376
11.1376
11.1376
11.1376
11.1376
11.1376
11.1376
11.1376
11.1376
11.1376
11.1376
11.1376
11.1376
11.1376
11.1376
11.1376
11.1376
11.1376
11.1376
11.1427
11.1427
11.1427
11.1427
11.1427
11.1427
11.1427
11.1427
11.1427
11.1427
11.1427
11.1427
11.1427
11.1427
11.1427
11.1427
11.1427
11.1427
11.1427
11.1427
11.1427
11.1427
11.1427
11.1427
11.1427
11.1427
11.1427
11.1427
11.1427
11.1427
11.1427
11.1427
11.1427
11.1427
11.1427
11.1427
11.1427
11.1427
11.1427
11.1427
11.1427
11.1427
11.1427
11.1427
11.1427
11.1427
11.1427
11.1427
11.1427
11.1427
11.1427
11.1427
11.1427
11.1427
11.1427
11.1427
11.1427
11.1427
11.1427
11.1427
11.1462
11.1462
11.1462
11.1462
11.1462
11.1462
11.1462
11.1462
11.1462
11.1462
11.1462
11.1462
11.1462
11.1462
11.1462
11.1462
11.1462
11.1462
11.1462
11.1462
11.1462
11.1462
11.1462
11.1462
11.1462
11.1462
11.1462
11.1462
11.1462
11.1462
11.1462
11.1462
11.1462
11.1462
11.1462
11.1462
11.1462
11.1462
11.1462
11.1462
11.1462
11.1462
11.1462
11.1462
11.1462
11.1462
11.1462
11.1462
11.1462
11.1462
11.1462
11.1462
11.1462
11.1462
11.1462
11.1462
11.1462
11.1462
11.1462
11.1462
11.1478
11.1478
11.1478
11.1478
11.1478
11.1478
11.1478
11.1478
11.1478
11.1478
11.1478
11.1478
11.1478
11.1478
11.1478
11.1478
11.1478
11.1478
11.1478
11.1478
11.1478
11.1478
11.1478
11.1478
11.1478
11.1478
11.1478
11.1478
11.1478
11.1478
11.1478
11.1478
11.1478
11.1478
11.1478
11.1478
11.1478
11.1478
11.1478
11.1478
11.1478
11.1478
11.1478
11.1478
11.1478
11.1478
11.1478
11.1478
11.1478
11.1478
11.1478
11.1478
11.1478
11.1478
11.1478
11.1478
11.1478
11.1478
11.1478
11.1478
11.1476
11.1476
11.1476
11.1476
11.1476
11.1476
11.1476
11.1476
11.1476
11.1476
11.1476
11.1476
11.1476
11.1476
11.1476
11.1476
11.1476
11.1476
11.1476
11.1476
11.1476
11.1476
11.1476
11.1476
11.1476
11.1476
11.1476
11.1476
11.1476
11.1476
11.1476
11.1476
11.1476
11.1476
11.1476
11.1476
11.1476
11.1476
11.1476
11.1476
11.1476
11.1476
11.1476
11.1476
11.1476
11.1476
11.1476
11.1476
11.1476
11.1476
11.1476
11.1476
11.1476
11.1476
11.1476
11.1476
11.1476
11.1476
11.1476
11.1476
11.1452
11.1452
11.1452
11.1452
11.1452
11.1452
11.1452
11.1452
11.1452
11.1452
11.1452
11.1452
11.1452
11.1452
11.1452
11.1452
11.1452
11.1452
11.1452
11.1452
11.1452
11.1452
11.1452
11.1452
11.1452
11.1452
11.1452
11.1452
11.1452
11.1452
11.1452
11.1452
11.1452
11.1452
11.1452
11.1452
11.1452
11.1452
11.1452
11.1452
11.1452
11.1452
11.1452
11.1452
11.1452
11.1452
11.1452
11.1452
11.1452
11.1452
11.1452
11.1452
11.1452
11.1452
11.1452
11.1452
11.1452
11.1452
11.1452
11.1452
11.1406
11.1406
11.1406
11.1406
11.1406
11.1406
11.1406
11.1406
11.1406
11.1406
11.1406
11.1406
11.1406
11.1406
11.1406
11.1406
11.1406
11.1406
11.1406
11.1406
11.1406
11.1406
11.1406
11.1406
11.1406
11.1406
11.1406
11.1406
11.1406
11.1406
11.1406
11.1406
11.1406
11.1406
11.1406
11.1406
11.1406
11.1406
11.1406
11.1406
11.1406
11.1406
11.1406
11.1406
11.1406
11.1406
11.1406
11.1406
11.1406
11.1406
11.1406
11.1406
11.1406
11.1406
11.1406
11.1406
11.1406
11.1406
11.1406
11.1406
11.1336
11.1336
11.1336
11.1336
11.1336
11.1336
11.1336
11.1336
11.1336
11.1336
11.1336
11.1336
11.1336
11.1336
11.1336
11.1336
11.1336
11.1336
11.1336
11.1336
11.1336
11.1336
11.1336
11.1336
11.1336
11.1336
11.1336
11.1336
11.1336
11.1336
11.1336
11.1336
11.1336
11.1336
11.1336
11.1336
11.1336
11.1336
11.1336
11.1336
11.1336
11.1336
11.1336
11.1336
11.1336
11.1336
11.1336
11.1336
11.1336
11.1336
11.1336
11.1336
11.1336
11.1336
11.1336
11.1336
11.1336
11.1336
11.1336
11.1336
11.1241
11.1241
11.1241
11.1241
11.1241
11.1241
11.1241
11.1241
11.1241
11.1241
11.1241
11.1241
11.1241
11.1241
11.1241
11.1241
11.1241
11.1241
11.1241
11.1241
11.1241
11.1241
11.1241
11.1241
11.1241
11.1241
11.1241
11.1241
11.1241
11.1241
11.1241
11.1241
11.1241
11.1241
11.1241
11.1241
11.1241
11.1241
11.1241
11.1241
11.1241
11.1241
11.1241
11.1241
11.1241
11.1241
11.1241
11.1241
11.1241
11.1241
11.1241
11.1241
11.1241
11.1241
11.1241
11.1241
11.1241
11.1241
11.1241
11.1241
11.1117
11.1117
11.1117
11.1117
11.1117
11.1117
11.1117
11.1117
11.1117
11.1117
11.1117
11.1117
11.1117
11.1117
11.1117
11.1117
11.1117
11.1117
11.1117
11.1117
11.1117
11.1117
11.1117
11.1117
11.1117
11.1117
11.1117
11.1117
11.1117
11.1117
11.1117
11.1117
11.1117
11.1117
11.1117
11.1117
11.1117
11.1117
11.1117
11.1117
11.1117
11.1117
11.1117
11.1117
11.1117
11.1117
11.1117
11.1117
11.1117
11.1117
11.1117
11.1117
11.1117
11.1117
11.1117
11.1117
11.1117
11.1117
11.1117
11.1117
11.0964
11.0964
11.0964
11.0964
11.0964
11.0964
11.0964
11.0964
11.0964
11.0964
11.0964
11.0964
11.0964
11.0964
11.0964
11.0964
11.0964
11.0964
11.0964
11.0964
11.0964
11.0964
11.0964
11.0964
11.0964
11.0964
11.0964
11.0964
11.0964
11.0964
11.0964
11.0964
11.0964
11.0964
11.0964
11.0964
11.0964
11.0964
11.0964
11.0964
11.0964
11.0964
11.0964
11.0964
11.0964
11.0964
11.0964
11.0964
11.0964
11.0964
11.0964
11.0964
11.0964
11.0964
11.0964
11.0964
11.0964
11.0964
11.0964
11.0964
11.0779
11.0779
11.0779
11.0779
11.0779
11.0779
11.0779
11.0779
11.0779
11.0779
11.0779
11.0779
11.0779
11.0779
11.0779
11.0779
11.0779
11.0779
11.0779
11.0779
11.0779
11.0779
11.0779
11.0779
11.0779
11.0779
11.0779
11.0779
11.0779
11.0779
11.0779
11.0779
11.0779
11.0779
11.0779
11.0779
11.0779
11.0779
11.0779
11.0779
11.0779
11.0779
11.0779
11.0779
11.0779
11.0779
11.0779
11.0779
11.0779
11.0779
11.0779
11.0779
11.0779
11.0779
11.0779
11.0779
11.0779
11.0779
11.0779
11.0779
11.0561
11.0561
11.0561
11.0561
11.0561
11.0561
11.0561
11.0561
11.0561
11.0561
11.0561
11.0561
11.0561
11.0561
11.0561
11.0561
11.0561
11.0561
11.0561
11.0561
11.0561
11.0561
11.0561
11.0561
11.0561
11.0561
11.0561
11.0561
11.0561
11.0561
11.0561
11.0561
11.0561
11.0561
11.0561
11.0561
11.0561
11.0561
11.0561
11.0561
11.0561
11.0561
11.0561
11.0561
11.0561
11.0561
11.0561
11.0561
11.0561
11.0561
11.0561
11.0561
11.0561
11.0561
11.0561
11.0561
11.0561
11.0561
11.0561
11.0561
11.0307
11.0307
11.0307
11.0307
11.0307
11.0307
11.0307
11.0307
11.0307
11.0307
11.0307
11.0307
11.0307
11.0307
11.0307
11.0307
11.0307
11.0307
11.0307
11.0307
11.0307
11.0307
11.0307
11.0307
11.0307
11.0307
11.0307
11.0307
11.0307
11.0307
11.0307
11.0307
11.0307
11.0307
11.0307
11.0307
11.0307
11.0307
11.0307
11.0307
11.0307
11.0307
11.0307
11.0307
11.0307
11.0307
11.0307
11.0307
11.0307
11.0307
11.0307
11.0307
11.0307
11.0307
11.0307
11.0307
11.0307
11.0307
11.0307
11.0307
11.0014
11.0014
11.0014
11.0014
11.0014
11.0014
11.0014
11.0014
11.0014
11.0014
11.0014
11.0014
11.0014
11.0014
11.0014
11.0014
11.0014
11.0014
11.0014
11.0014
11.0014
11.0014
11.0014
11.0014
11.0014
11.0014
11.0014
11.0014
11.0014
11.0014
11.0014
11.0014
11.0014
11.0014
11.0014
11.0014
11.0014
11.0014
11.0014
11.0014
11.0014
11.0014
11.0014
11.0014
11.0014
11.0014
11.0014
11.0014
11.0014
11.0014
11.0014
11.0014
11.0014
11.0014
11.0014
11.0014
11.0014
11.0014
11.0014
11.0014
10.9681
10.9681
10.9681
10.9681
10.9681
10.9681
10.9681
10.9681
10.9681
10.9681
10.9681
10.9681
10.9681
10.9681
10.9681
10.9681
10.9681
10.9681
10.9681
10.9681
10.9681
10.9681
10.9681
10.9681
10.9681
10.9681
10.9681
10.9681
10.9681
10.9681
10.9681
10.9681
10.9681
10.9681
10.9681
10.9681
10.9681
10.9681
10.9681
10.9681
10.9681
10.9681
10.9681
10.9681
10.9681
10.9681
10.9681
10.9681
10.9681
10.9681
10.9681
10.9681
10.9681
10.9681
10.9681
10.9681
10.9681
10.9681
10.9681
10.9681
10.9305
10.9305
10.9305
10.9305
10.9305
10.9305
10.9305
10.9305
10.9305
10.9305
10.9305
10.9305
10.9305
10.9305
10.9305
10.9305
10.9305
10.9305
10.9305
10.9305
10.9305
10.9305
10.9305
10.9305
10.9305
10.9305
10.9305
10.9305
10.9305
10.9305
10.9305
10.9305
10.9305
10.9305
10.9305
10.9305
10.9305
10.9305
10.9305
10.9305
10.9305
10.9305
10.9305
10.9305
10.9305
10.9305
10.9305
10.9305
10.9305
10.9305
10.9305
10.9305
10.9305
10.9305
10.9305
10.9305
10.9305
10.9305
10.9305
10.9305
10.8884
10.8884
10.8884
10.8884
10.8884
10.8884
10.8884
10.8884
10.8884
10.8884
10.8884
10.8884
10.8884
10.8884
10.8884
10.8884
10.8884
10.8884
10.8884
10.8884
10.8884
10.8884
10.8884
10.8884
10.8884
10.8884
10.8884
10.8884
10.8884
10.8884
10.8884
10.8884
10.8884
10.8884
10.8884
10.8884
10.8884
10.8884
10.8884
10.8884
10.8884
10.8884
10.8884
10.8884
10.8884
10.8884
10.8884
10.8884
10.8884
10.8884
10.8884
10.8884
10.8884
10.8884
10.8884
10.8884
10.8884
10.8884
10.8884
10.8884
10.8413
10.8413
10.8413
10.8413
10.8413
10.8413
10.8413
10.8413
10.8413
10.8413
10.8413
10.8413
10.8413
10.8413
10.8413
10.8413
10.8413
10.8413
10.8413
10.8413
10.8413
10.8413
10.8413
10.8413
10.8413
10.8413
10.8413
10.8413
10.8413
10.8413
10.8413
10.8413
10.8413
10.8413
10.8413
10.8413
10.8413
10.8413
10.8413
10.8413
10.8413
10.8413
10.8413
10.8413
10.8413
10.8413
10.8413
10.8413
10.8413
10.8413
10.8413
10.8413
10.8413
10.8413
10.8413
10.8413
10.8413
10.8413
10.8413
10.8413
10.7892
10.7892
10.7892
10.7892
10.7892
10.7892
10.7892
10.7892
10.7892
10.7892
10.7892
10.7892
10.7892
10.7892
10.7892
10.7892
10.7892
10.7892
10.7892
10.7892
10.7892
10.7892
10.7892
10.7892
10.7892
10.7892
10.7892
10.7892
10.7892
10.7892
10.7892
10.7892
10.7892
10.7892
10.7892
10.7892
10.7892
10.7892
10.7892
10.7892
10.7892
10.7892
10.7892
10.7892
10.7892
10.7892
10.7892
10.7892
10.7892
10.7892
10.7892
10.7892
10.7892
10.7892
10.7892
10.7892
10.7892
10.7892
10.7892
10.7892
10.7317
10.7317
10.7317
10.7317
10.7317
10.7317
10.7317
10.7317
10.7317
10.7317
10.7317
10.7317
10.7317
10.7317
10.7317
10.7317
10.7317
10.7317
10.7317
10.7317
10.7317
10.7317
10.7317
10.7317
10.7317
10.7317
10.7317
10.7317
10.7317
10.7317
10.7317
10.7317
10.7317
10.7317
10.7317
10.7317
10.7317
10.7317
10.7317
10.7317
10.7317
10.7317
10.7317
10.7317
10.7317
10.7317
10.7317
10.7317
10.7317
10.7317
10.7317
10.7317
10.7317
10.7317
10.7317
10.7317
10.7317
10.7317
10.7317
10.7317
10.6684
10.6684
10.6684
10.6684
10.6684
10.6684
10.6684
10.6684
10.6684
10.6684
10.6684
10.6684
10.6684
10.6684
10.6684
10.6684
10.6684
10.6684
10.6684
10.6684
10.6684
10.6684
10.6684
10.6684
10.6684
10.6684
10.6684
10.6684
10.6684
10.6684
10.6684
10.6684
10.6684
10.6684
10.6684
10.6684
10.6684
10.6684
10.6684
10.6684
10.6684
10.6684
10.6684
10.6684
10.6684
10.6684
10.6684
10.6684
10.6684
10.6684
10.6684
10.6684
10.6684
10.6684
10.6684
10.6684
10.6684
10.6684
10.6684
10.6684
10.5991
10.5991
10.5991
10.5991
10.5991
10.5991
10.5991
10.5991
10.5991
10.5991
10.5991
10.5991
10.5991
10.5991
10.5991
10.5991
10.5991
10.5991
10.5991
10.5991
10.5991
10.5991
10.5991
10.5991
10.5991
10.5991
10.5991
10.5991
10.5991
10.5991
10.5991
10.5991
10.5991
10.5991
10.5991
10.5991
10.5991
10.5991
10.5991
10.5991
10.5991
10.5991
10.5991
10.5991
10.5991
10.5991
10.5991
10.5991
10.5991
10.5991
10.5991
10.5991
10.5991
10.5991
10.5991
10.5991
10.5991
10.5991
10.5991
10.5991
10.5235
10.5235
10.5235
10.5235
10.5235
10.5235
10.5235
10.5235
10.5235
10.5235
10.5235
10.5235
10.5235
10.5235
10.5235
10.5235
10.5235
10.5235
10.5235
10.5235
10.5235
10.5235
10.5235
10.5235
10.5235
10.5235
10.5235
10.5235
10.5235
10.5235
10.5235
10.5235
10.5235
10.5235
10.5235
10.5235
10.5235
10.5235
10.5235
10.5235
10.5235
10.5235
10.5235
10.5235
10.5235
10.5235
10.5235
10.5235
10.5235
10.5235
10.5235
10.5235
10.5235
10.5235
10.5235
10.5235
10.5235
10.5235
10.5235
10.5235
10.4411
10.4411
10.4411
10.4411
10.4411
10.4411
10.4411
10.4411
10.4411
10.4411
10.4411
10.4411
10.4411
10.4411
10.4411
10.4411
10.4411
10.4411
10.4411
10.4411
10.4411
10.4411
10.4411
10.4411
10.4411
10.4411
10.4411
10.4411
10.4411
10.4411
10.4411
10.4411
10.4411
10.4411
10.4411
10.4411
10.4411
10.4411
10.4411
10.4411
10.4411
10.4411
10.4411
10.4411
10.4411
10.4411
10.4411
10.4411
10.4411
10.4411
10.4411
10.4411
10.4411
10.4411
10.4411
10.4411
10.4411
10.4411
10.4411
10.4411
10.3517
10.3517
10.3517
10.3517
10.3517
10.3517
10.3517
10.3517
10.3517
10.3517
10.3517
10.3517
10.3517
10.3517
10.3517
10.3517
10.3517
10.3517
10.3517
10.3517
10.3517
10.3517
10.3517
10.3517
10.3517
10.3517
10.3517
10.3517
10.3517
10.3517
10.3517
10.3517
10.3517
10.3517
10.3517
10.3517
10.3517
10.3517
10.3517
10.3517
10.3517
10.3517
10.3517
10.3517
10.3517
10.3517
10.3517
10.3517
10.3517
10.3517
10.3517
10.3517
10.3517
10.3517
10.3517
10.3517
10.3517
10.3517
10.3517
10.3517
10.2548
10.2548
10.2548
10.2548
10.2548
10.2548
10.2548
10.2548
10.2548
10.2548
10.2548
10.2548
10.2548
10.2548
10.2548
10.2548
10.2548
10.2548
10.2548
10.2548
10.2548
10.2548
10.2548
10.2548
10.2548
10.2548
10.2548
10.2548
10.2548
10.2548
10.2548
10.2548
10.2548
10.2548
10.2548
10.2548
10.2548
10.2548
10.2548
10.2548
10.2548
10.2548
10.2548
10.2548
10.2548
10.2548
10.2548
10.2548
10.2548
10.2548
10.2548
10.2548
10.2548
10.2548
10.2548
10.2548
10.2548
10.2548
10.2548
10.2548
10.1502
10.1502
10.1502
10.1502
10.1502
10.1502
10.1502
10.1502
10.1502
10.1502
10.1502
10.1502
10.1502
10.1502
10.1502
10.1502
10.1502
10.1502
10.1502
10.1502
10.1502
10.1502
10.1502
10.1502
10.1502
10.1502
10.1502
10.1502
10.1502
10.1502
10.1502
10.1502
10.1502
10.1502
10.1502
10.1502
10.1502
10.1502
10.1502
10.1502
10.1502
10.1502
10.1502
10.1502
10.1502
10.1502
10.1502
10.1502
10.1502
10.1502
10.1502
10.1502
10.1502
10.1502
10.1502
10.1502
10.1502
10.1502
10.1502
10.1502
10.0373
10.0373
10.0373
10.0373
10.0373
10.0373
10.0373
10.0373
10.0373
10.0373
10.0373
10.0373
10.0373
10.0373
10.0373
10.0373
10.0373
10.0373
10.0373
10.0373
10.0373
10.0373
10.0373
10.0373
10.0373
10.0373
10.0373
10.0373
10.0373
10.0373
10.0373
10.0373
10.0373
10.0373
10.0373
10.0373
10.0373
10.0373
10.0373
10.0373
10.0373
10.0373
10.0373
10.0373
10.0373
10.0373
10.0373
10.0373
10.0373
10.0373
10.0373
10.0373
10.0373
10.0373
10.0373
10.0373
10.0373
10.0373
10.0373
10.0373
9.9159
9.9159
9.9159
9.9159
9.9159
9.9159
9.9159
9.9159
9.9159
9.9159
9.9159
9.9159
9.9159
9.9159
9.9159
9.9159
9.9159
9.9159
9.9159
9.9159
9.9159
9.9159
9.9159
9.9159
9.9159
9.9159
9.9159
9.9159
9.9159
9.9159
9.9159
9.9159
9.9159
9.9159
9.9159
9.9159
9.9159
9.9159
9.9159
9.9159
9.9159
9.9159
9.9159
9.9159
9.9159
9.9159
9.9159
9.9159
9.9159
9.9159
9.9159
9.9159
9.9159
9.9159
9.9159
9.9159
9.9159
9.9159
9.9159
9.9159
)
;

boundaryField
{
    top
    {
        type            fixedValue;
        value           uniform 10;
    }
    bottom
    {
        type            fixedValue;
        value           uniform 10;
    }
    wall
    {
        type            zeroGradient;
    }
    frontAndBack
    {
        type            empty;
    }
}


// ************************************************************************* //
