/*--------------------------------*- C++ -*----------------------------------*\
| =========                 |                                                 |
| \\      /  F ield         | foam-extend: Open Source CFD                    |
|  \\    /   O peration     | Version:     4.0                                |
|   \\  /    A nd           | Web:         http://www.foam-extend.org         |
|    \\/     M anipulation  |                                                 |
\*---------------------------------------------------------------------------*/
FoamFile
{
    version     2.0;
    format      ascii;
    class       volScalarField;
    location    "25";
    object      dC1;
}
// * * * * * * * * * * * * * * * * * * * * * * * * * * * * * * * * * * * * * //

dimensions      [0 -1 0 0 0 0 0];

internalField   nonuniform List<scalar> 
6960
(
1.24492e-14
1.29757e-14
1.32758e-14
1.27494e-14
1.33504e-14
1.33496e-14
1.3726e-14
1.27494e-14
1.29753e-14
1.3275e-14
1.35005e-14
1.34996e-14
1.26756e-14
1.3425e-14
1.29011e-14
1.27498e-14
1.33513e-14
1.29753e-14
1.27498e-14
1.30503e-14
1.28248e-14
1.3801e-14
1.30499e-14
1.335e-14
1.38765e-14
1.25251e-14
1.29749e-14
1.32004e-14
1.32758e-14
1.29749e-14
1.20758e-14
1.31245e-14
1.39519e-14
1.40248e-14
1.3425e-14
1.3425e-14
1.34259e-14
1.25256e-14
1.3049e-14
1.32008e-14
1.29749e-14
1.34259e-14
1.35759e-14
1.19995e-14
1.29007e-14
1.39498e-14
1.32754e-14
1.33513e-14
1.35005e-14
1.25984e-14
1.38015e-14
1.335e-14
1.27498e-14
1.27502e-14
1.335e-14
1.36505e-14
1.23751e-14
1.27498e-14
1.26015e-14
1.35001e-14
4.01198e-15
4.2015e-15
4.21885e-15
3.78647e-15
4.07009e-15
4.2375e-15
4.05015e-15
4.01242e-15
4.25658e-15
4.3689e-15
4.06966e-15
4.06749e-15
4.25701e-15
3.99333e-15
4.10739e-15
4.18025e-15
4.55712e-15
4.29344e-15
4.61263e-15
4.44436e-15
4.3303e-15
4.10696e-15
4.2002e-15
4.2375e-15
4.51982e-15
4.29301e-15
3.97512e-15
3.99333e-15
4.50074e-15
4.04884e-15
4.87631e-15
4.49987e-15
4.14425e-15
4.44436e-15
4.18068e-15
3.86193e-15
4.53804e-15
4.42571e-15
4.36803e-15
4.35069e-15
4.31252e-15
3.99377e-15
4.27523e-15
4.1629e-15
4.33117e-15
4.55755e-15
4.10522e-15
4.31339e-15
4.03106e-15
4.01242e-15
4.01285e-15
4.21928e-15
4.03063e-15
4.12561e-15
4.12561e-15
4.14382e-15
4.66944e-15
4.38712e-15
3.86236e-15
3.80642e-15
1.63107e-15
1.78243e-15
1.40599e-15
1.78156e-15
1.41553e-15
1.58467e-15
1.27415e-15
1.48189e-15
1.5838e-15
1.72518e-15
1.60332e-15
1.37737e-15
1.34007e-15
1.86613e-15
1.59421e-15
1.1705e-15
1.31275e-15
1.33053e-15
1.39732e-15
1.31275e-15
1.23686e-15
1.39819e-15
1.43375e-15
1.44372e-15
1.285e-15
1.49056e-15
1.61243e-15
1.65883e-15
1.55691e-15
1.50921e-15
1.37911e-15
1.43375e-15
1.4524e-15
1.47278e-15
1.31232e-15
1.48145e-15
1.51918e-15
1.60375e-15
1.41467e-15
1.27502e-15
1.51875e-15
1.75294e-15
1.39645e-15
1.38778e-15
1.41553e-15
1.68832e-15
1.48102e-15
1.59421e-15
1.28326e-15
1.51918e-15
1.38691e-15
1.576e-15
1.48015e-15
1.78113e-15
1.67834e-15
1.5747e-15
1.63107e-15
1.26548e-15
1.52873e-15
1.44372e-15
-3.75568e-16
-3.322e-16
-3.38271e-16
-3.6169e-16
-1.91253e-16
-3.85109e-16
-4.08094e-16
-2.6628e-16
-4.03757e-16
-6.52256e-16
-4.34548e-16
-5.59015e-16
-5.19983e-16
-5.39065e-16
-3.46077e-16
-4.50161e-16
-6.84348e-16
-4.4062e-16
-2.47632e-16
-1.4962e-16
-3.33501e-16
-3.50848e-16
-5.20851e-16
-3.18755e-16
-4.26308e-16
-4.74447e-16
-4.82253e-16
-4.64472e-16
-3.50848e-16
-3.00541e-16
-4.25875e-16
-4.77916e-16
-5.91541e-16
-4.63171e-16
-2.91434e-16
-4.12431e-16
-4.12864e-16
-3.42174e-16
-4.31946e-16
-3.69496e-16
-3.55618e-16
-5.29958e-16
-4.0766e-16
-2.52836e-16
-4.13732e-16
-4.96565e-16
-4.26742e-16
-5.5728e-16
-5.91541e-16
-2.29417e-16
-4.7358e-16
-3.50848e-16
-4.96998e-16
-6.70904e-16
-3.98119e-16
-4.91794e-16
-6.89986e-16
-3.322e-16
-3.98986e-16
-2.71918e-16
-1.68095e-15
-1.70784e-15
-1.7512e-15
-1.73906e-15
-1.63584e-15
-1.85832e-15
-1.73516e-15
-1.75684e-15
-1.83057e-15
-1.71781e-15
-1.68442e-15
-1.90169e-15
-1.68051e-15
-1.60419e-15
-1.75814e-15
-1.83143e-15
-1.48796e-15
-1.6597e-15
-1.67097e-15
-1.78763e-15
-1.8362e-15
-1.75727e-15
-1.6688e-15
-1.83317e-15
-1.72215e-15
-1.81712e-15
-1.7499e-15
-1.77506e-15
-1.67097e-15
-1.81452e-15
-1.68962e-15
-1.76725e-15
-1.76768e-15
-1.6584e-15
-1.77939e-15
-1.75294e-15
-1.74166e-15
-1.81192e-15
-1.71391e-15
-1.76942e-15
-1.75944e-15
-1.83404e-15
-1.71998e-15
-1.65926e-15
-1.77245e-15
-1.62413e-15
-1.73429e-15
-1.80238e-15
-1.66664e-15
-1.83967e-15
-1.7022e-15
-1.66056e-15
-1.74947e-15
-1.75381e-15
-1.78069e-15
-1.62587e-15
-1.54781e-15
-1.60679e-15
-1.91817e-15
-1.80932e-15
-2.57346e-15
-2.53313e-15
-2.62984e-15
-2.63938e-15
-2.60859e-15
-2.54744e-15
-2.48933e-15
-2.48586e-15
-2.46417e-15
-2.58777e-15
-2.56349e-15
-2.60946e-15
-2.51969e-15
-2.55004e-15
-2.51969e-15
-2.46808e-15
-2.67885e-15
-2.63288e-15
-2.67364e-15
-2.48456e-15
-2.51752e-15
-2.51231e-15
-2.51969e-15
-2.5804e-15
-2.48933e-15
-2.5366e-15
-2.54441e-15
-2.55785e-15
-2.56826e-15
-2.59948e-15
-2.63374e-15
-2.5379e-15
-2.50884e-15
-2.60339e-15
-2.56175e-15
-2.54354e-15
-2.60165e-15
-2.58734e-15
-2.6628e-15
-2.57259e-15
-2.57303e-15
-2.55308e-15
-2.59254e-15
-2.69099e-15
-2.63201e-15
-2.63635e-15
-2.65109e-15
-2.48369e-15
-2.55048e-15
-2.57606e-15
-2.59471e-15
-2.52012e-15
-2.58127e-15
-2.61596e-15
-2.47935e-15
-2.57086e-15
-2.74563e-15
-2.67104e-15
-2.54571e-15
-2.62507e-15
-2.85145e-15
-2.90306e-15
-2.85405e-15
-2.87444e-15
-2.88658e-15
-2.86533e-15
-2.88571e-15
-2.86663e-15
-2.97115e-15
-2.86013e-15
-2.92561e-15
-2.88918e-15
-2.87921e-15
-2.84711e-15
-2.9139e-15
-2.91564e-15
-2.90263e-15
-2.89135e-15
-2.7864e-15
-2.85102e-15
-2.89395e-15
-2.84365e-15
-2.93212e-15
-2.8675e-15
-2.92604e-15
-2.86316e-15
-2.91607e-15
-2.93428e-15
-2.92778e-15
-2.88354e-15
-2.83844e-15
-2.91607e-15
-2.95423e-15
-2.84104e-15
-2.87877e-15
-2.86273e-15
-2.83801e-15
-2.85232e-15
-2.83757e-15
-2.83367e-15
-2.87053e-15
-2.90002e-15
-2.86967e-15
-2.85145e-15
-2.87053e-15
-2.86229e-15
-2.88701e-15
-2.8649e-15
-2.86229e-15
-2.82109e-15
-2.92648e-15
-2.81893e-15
-2.91173e-15
-2.8714e-15
-2.88224e-15
-2.9152e-15
-2.84451e-15
-2.83801e-15
-2.85622e-15
-2.8688e-15
-2.80635e-15
-2.82066e-15
-2.7916e-15
-2.82543e-15
-2.80071e-15
-2.82326e-15
-2.81719e-15
-2.76038e-15
-2.76341e-15
-2.79637e-15
-2.77165e-15
-2.76385e-15
-2.79421e-15
-2.79681e-15
-2.81719e-15
-2.78336e-15
-2.77686e-15
-2.7504e-15
-2.8224e-15
-2.79551e-15
-2.85839e-15
-2.81676e-15
-2.80028e-15
-2.75778e-15
-2.84191e-15
-2.77079e-15
-2.79724e-15
-2.83064e-15
-2.82283e-15
-2.81806e-15
-2.74997e-15
-2.74824e-15
-2.79551e-15
-2.76472e-15
-2.80375e-15
-2.79984e-15
-2.79941e-15
-2.84885e-15
-2.85492e-15
-2.78683e-15
-2.74563e-15
-2.81936e-15
-2.79074e-15
-2.81893e-15
-2.83324e-15
-2.81546e-15
-2.82456e-15
-2.79334e-15
-2.84018e-15
-2.81285e-15
-2.77512e-15
-2.83454e-15
-2.7504e-15
-2.78857e-15
-2.79724e-15
-2.76341e-15
-2.81676e-15
-2.80895e-15
-2.84278e-15
-2.77296e-15
-2.47415e-15
-2.48109e-15
-2.43599e-15
-2.46331e-15
-2.46548e-15
-2.4516e-15
-2.51318e-15
-2.46981e-15
-2.48629e-15
-2.48109e-15
-2.49887e-15
-2.4568e-15
-2.46764e-15
-2.46895e-15
-2.44943e-15
-2.47155e-15
-2.53747e-15
-2.47719e-15
-2.46678e-15
-2.51492e-15
-2.40433e-15
-2.45507e-15
-2.4555e-15
-2.42037e-15
-2.41474e-15
-2.48196e-15
-2.40476e-15
-2.45854e-15
-2.40953e-15
-2.40216e-15
-2.49366e-15
-2.48846e-15
-2.44639e-15
-2.44292e-15
-2.45897e-15
-2.41647e-15
-2.44336e-15
-2.46287e-15
-2.45247e-15
-2.46157e-15
-2.49193e-15
-2.42298e-15
-2.44249e-15
-2.47502e-15
-2.40259e-15
-2.44639e-15
-2.42688e-15
-2.46114e-15
-2.43902e-15
-2.47632e-15
-2.4503e-15
-2.40823e-15
-2.45637e-15
-2.46071e-15
-2.42471e-15
-2.45637e-15
-2.47979e-15
-2.44032e-15
-2.44292e-15
-2.47372e-15
-2.00968e-15
-1.96761e-15
-2.01185e-15
-1.99493e-15
-2.01141e-15
-1.97715e-15
-1.99146e-15
-1.97368e-15
-1.9507e-15
-1.94246e-15
-1.96544e-15
-1.9958e-15
-1.97932e-15
-1.99146e-15
-1.98062e-15
-1.97845e-15
-1.92337e-15
-1.97628e-15
-1.9611e-15
-1.94463e-15
-1.9932e-15
-1.98366e-15
-1.97325e-15
-2.05305e-15
-1.98843e-15
-1.97758e-15
-1.97628e-15
-2.01488e-15
-2.02182e-15
-2.04003e-15
-1.96934e-15
-1.94853e-15
-1.97455e-15
-1.9919e-15
-1.97238e-15
-1.97498e-15
-2.0023e-15
-1.9932e-15
-1.96588e-15
-1.96674e-15
-1.98322e-15
-2.00187e-15
-1.97368e-15
-1.99363e-15
-2.03266e-15
-1.97108e-15
-1.99927e-15
-1.99103e-15
-1.97108e-15
-1.952e-15
-1.98322e-15
-2.01228e-15
-2.00274e-15
-1.98192e-15
-1.99927e-15
-1.99537e-15
-1.99146e-15
-2.01271e-15
-1.95894e-15
-2.00404e-15
-1.48102e-15
-1.4524e-15
-1.48319e-15
-1.47755e-15
-1.45934e-15
-1.48015e-15
-1.45977e-15
-1.49316e-15
-1.51485e-15
-1.51788e-15
-1.46541e-15
-1.48102e-15
-1.47018e-15
-1.44502e-15
-1.50661e-15
-1.46844e-15
-1.48189e-15
-1.50054e-15
-1.48145e-15
-1.53436e-15
-1.48492e-15
-1.52222e-15
-1.50661e-15
-1.43809e-15
-1.47929e-15
-1.48492e-15
-1.47755e-15
-1.47148e-15
-1.45196e-15
-1.48319e-15
-1.48015e-15
-1.51094e-15
-1.48059e-15
-1.48622e-15
-1.49923e-15
-1.48969e-15
-1.50878e-15
-1.47755e-15
-1.46974e-15
-1.48232e-15
-1.45847e-15
-1.50357e-15
-1.48969e-15
-1.44806e-15
-1.42898e-15
-1.48753e-15
-1.4563e-15
-1.4615e-15
-1.48753e-15
-1.50357e-15
-1.48839e-15
-1.46844e-15
-1.48709e-15
-1.47148e-15
-1.48189e-15
-1.47278e-15
-1.44763e-15
-1.49143e-15
-1.48232e-15
-1.48449e-15
-9.95298e-16
-1.0339e-15
-1.03086e-15
-1.02696e-15
-1.03693e-15
-1.01134e-15
-1.03086e-15
-1.04647e-15
-1.01221e-15
-1.01264e-15
-1.04604e-15
-1.02349e-15
-1.04994e-15
-1.05515e-15
-1.02349e-15
-1.05775e-15
-1.03736e-15
-1.0456e-15
-1.0404e-15
-1.02219e-15
-1.00831e-15
-9.74915e-16
-1.01308e-15
-1.05298e-15
-1.04214e-15
-1.03129e-15
-1.02045e-15
-1.03043e-15
-1.07726e-15
-1.02219e-15
-1.07379e-15
-1.03216e-15
-1.00527e-15
-1.03346e-15
-1.02435e-15
-1.02696e-15
-1.05038e-15
-1.02609e-15
-1.04474e-15
-1.05254e-15
-1.03867e-15
-1.01872e-15
-9.97466e-16
-1.04604e-15
-1.03606e-15
-1.03043e-15
-1.05471e-15
-1.04474e-15
-1.01178e-15
-1.01004e-15
-1.03173e-15
-1.03867e-15
-1.00918e-15
-1.05515e-15
-1.03693e-15
-1.0391e-15
-1.05471e-15
-1.02999e-15
-1.02088e-15
-1.03736e-15
-6.87818e-16
-6.76976e-16
-6.63532e-16
-6.76976e-16
-6.55725e-16
-6.93456e-16
-6.78711e-16
-6.44883e-16
-6.86083e-16
-6.93022e-16
-6.6093e-16
-6.67435e-16
-6.81746e-16
-6.67869e-16
-6.58761e-16
-6.67001e-16
-6.75675e-16
-6.63098e-16
-6.68736e-16
-6.70904e-16
-6.70037e-16
-6.92588e-16
-6.52256e-16
-6.59195e-16
-6.84348e-16
-6.84782e-16
-6.86517e-16
-6.63098e-16
-6.71338e-16
-6.83915e-16
-6.55292e-16
-6.55292e-16
-6.65266e-16
-6.66567e-16
-6.70904e-16
-6.77843e-16
-6.63532e-16
-6.95624e-16
-6.60496e-16
-6.57027e-16
-6.8218e-16
-6.96058e-16
-6.84348e-16
-6.6093e-16
-6.99094e-16
-6.4922e-16
-6.63965e-16
-6.68302e-16
-7.069e-16
-7.02563e-16
-6.88685e-16
-6.37945e-16
-6.91721e-16
-6.60062e-16
-6.91287e-16
-6.70037e-16
-6.657e-16
-6.76108e-16
-6.85649e-16
-6.63532e-16
-4.21971e-16
-4.25441e-16
-4.30645e-16
-3.90746e-16
-4.22405e-16
-4.21104e-16
-4.19803e-16
-4.51462e-16
-4.27176e-16
-3.98553e-16
-4.09828e-16
-4.25441e-16
-4.21971e-16
-3.90746e-16
-4.18502e-16
-4.26308e-16
-3.94216e-16
-4.03757e-16
-4.23706e-16
-4.12864e-16
-4.41487e-16
-4.29344e-16
-4.15033e-16
-4.21104e-16
-4.17201e-16
-4.23706e-16
-4.11563e-16
-4.14599e-16
-4.03323e-16
-4.09828e-16
-4.03323e-16
-4.4539e-16
-4.49293e-16
-3.82073e-16
-4.18936e-16
-4.34548e-16
-4.24574e-16
-4.15466e-16
-4.16767e-16
-4.18068e-16
-4.11563e-16
-4.01588e-16
-4.2891e-16
-4.12431e-16
-3.95517e-16
-4.44957e-16
-4.05925e-16
-3.9942e-16
-4.14599e-16
-4.25007e-16
-3.92915e-16
-4.49293e-16
-4.09828e-16
-4.45824e-16
-4.22839e-16
-4.28043e-16
-4.07226e-16
-4.11997e-16
-3.81205e-16
-4.00287e-16
-2.28116e-16
-2.32887e-16
-2.57173e-16
-2.76688e-16
-2.57606e-16
-2.22045e-16
-2.60642e-16
-2.08167e-16
-2.37223e-16
-2.75387e-16
-2.52402e-16
-2.47632e-16
-2.61943e-16
-2.5804e-16
-2.34621e-16
-2.42428e-16
-2.39826e-16
-2.59775e-16
-1.98626e-16
-2.55872e-16
-2.61943e-16
-2.57606e-16
-2.6628e-16
-2.37657e-16
-2.44162e-16
-2.38958e-16
-2.78857e-16
-2.6151e-16
-2.50668e-16
-2.55872e-16
-2.42861e-16
-2.31152e-16
-2.42861e-16
-2.85362e-16
-2.29417e-16
-2.38524e-16
-2.68448e-16
-2.47198e-16
-2.35489e-16
-2.43729e-16
-2.51101e-16
-2.55004e-16
-2.10769e-16
-2.64112e-16
-2.61943e-16
-2.39826e-16
-2.47632e-16
-2.51101e-16
-2.34621e-16
-2.17708e-16
-2.85362e-16
-2.36356e-16
-2.40259e-16
-2.34188e-16
-2.51969e-16
-2.41994e-16
-2.55872e-16
-2.55872e-16
-2.93602e-16
-2.50668e-16
-1.70003e-16
-1.77809e-16
-1.56559e-16
-1.09288e-16
-1.21864e-16
-1.58294e-16
-1.45283e-16
-1.7087e-16
-1.56992e-16
-1.39645e-16
-1.39212e-16
-1.61763e-16
-1.38778e-16
-1.0842e-16
-1.65232e-16
-1.54824e-16
-1.80845e-16
-1.48753e-16
-1.92121e-16
-1.39645e-16
-1.47018e-16
-1.37043e-16
-1.47451e-16
-1.51788e-16
-1.68268e-16
-1.66533e-16
-1.56992e-16
-1.56125e-16
-1.63498e-16
-1.45283e-16
-1.53089e-16
-1.34441e-16
-1.25334e-16
-1.59595e-16
-1.31405e-16
-1.69569e-16
-1.5439e-16
-1.43548e-16
-1.56559e-16
-1.52656e-16
-1.85615e-16
-1.73472e-16
-2.23346e-16
-1.63931e-16
-1.58727e-16
-1.55258e-16
-1.60462e-16
-1.63498e-16
-1.56992e-16
-1.8258e-16
-1.58727e-16
-1.80845e-16
-1.56992e-16
-1.77375e-16
-1.62197e-16
-1.69569e-16
-1.30972e-16
-1.79978e-16
-1.43548e-16
-1.40079e-16
-1.50921e-16
-1.0365e-16
-1.39212e-16
-1.44416e-16
-1.46584e-16
-1.44416e-16
-1.45283e-16
-1.35742e-16
-1.26635e-16
-9.49761e-17
-1.66967e-16
-1.48319e-16
-1.30538e-16
-1.70437e-16
-1.2013e-16
-1.30972e-16
-9.97466e-17
-1.04083e-16
-8.71699e-17
-1.60028e-16
-1.24033e-16
-1.55258e-16
-1.0365e-16
-1.51355e-16
-9.84456e-17
-1.05384e-16
-1.23599e-16
-1.00614e-16
-1.02782e-16
-1.15359e-16
-1.37477e-16
-1.45717e-16
-1.46584e-16
-9.15067e-17
-1.56125e-16
-1.37911e-16
-1.42681e-16
-1.5439e-16
-1.37043e-16
-9.84456e-17
-1.07553e-16
-1.17094e-16
-8.0231e-17
-1.21864e-16
-1.19262e-16
-1.32273e-16
-9.67108e-17
-9.97466e-17
-1.37477e-16
-1.1666e-16
-1.19262e-16
-8.32667e-17
-1.33574e-16
-1.40946e-16
-9.84456e-17
-1.22732e-16
-1.13624e-16
-1.18829e-16
-1.14492e-16
-1.25767e-16
-1.31405e-16
-1.64799e-16
-1.26201e-16
-1.39212e-16
-1.35742e-16
-1.34007e-16
-1.11456e-16
-1.58727e-16
-1.64365e-16
-1.42681e-16
-1.17528e-16
-1.29671e-16
-1.31405e-16
-1.33574e-16
-1.13191e-16
-1.56125e-16
-1.32273e-16
-1.62197e-16
-1.68702e-16
-1.35742e-16
-1.45283e-16
-1.58727e-16
-1.52656e-16
-1.27936e-16
-1.78677e-16
-1.45283e-16
-1.30104e-16
-1.80411e-16
-1.46584e-16
-1.56559e-16
-1.05384e-16
-1.48753e-16
-1.58294e-16
-1.61329e-16
-1.66967e-16
-1.40079e-16
-1.45717e-16
-1.40946e-16
-9.67108e-17
-1.32706e-16
-1.67401e-16
-1.36176e-16
-1.61329e-16
-1.52656e-16
-1.67401e-16
-1.42681e-16
-1.62197e-16
-1.74773e-16
-1.66967e-16
-1.72171e-16
-1.11456e-16
-1.65666e-16
-1.50054e-16
-1.2837e-16
-1.78677e-16
-1.45717e-16
-1.65666e-16
-1.18829e-16
-1.65232e-16
-1.39212e-16
-1.86916e-16
-1.9082e-16
-1.60028e-16
-1.67401e-16
-1.78677e-16
-1.7087e-16
-2.28983e-16
-1.56125e-16
-1.65666e-16
-1.94289e-16
-1.89085e-16
-2.08167e-16
-2.25514e-16
-1.86049e-16
-1.92121e-16
-1.84314e-16
-2.05131e-16
-2.08167e-16
-1.92988e-16
-1.88651e-16
-2.0383e-16
-1.57426e-16
-1.77809e-16
-2.12937e-16
-1.92121e-16
-1.99493e-16
-2.00794e-16
-1.61763e-16
-2.51101e-16
-1.9906e-16
-2.13371e-16
-1.8735e-16
-2.14672e-16
-1.91687e-16
-1.39645e-16
-2.05131e-16
-2.04697e-16
-2.02095e-16
-2.54137e-16
-2.18141e-16
-1.83447e-16
-1.96024e-16
-1.73906e-16
-2.06866e-16
-1.91253e-16
-1.85615e-16
-1.7911e-16
-1.86483e-16
-1.661e-16
-1.93422e-16
-2.03396e-16
-2.15973e-16
-1.58727e-16
-2.04264e-16
-1.4962e-16
-1.97758e-16
-1.86483e-16
-2.09468e-16
-1.65232e-16
-2.02963e-16
-3.16153e-16
-2.87097e-16
-3.08347e-16
-3.00541e-16
-3.02709e-16
-3.1572e-16
-2.64979e-16
-2.97939e-16
-2.76255e-16
-2.81459e-16
-3.06179e-16
-2.52402e-16
-2.498e-16
-2.66714e-16
-2.97071e-16
-2.88398e-16
-2.33754e-16
-2.73653e-16
-2.73653e-16
-3.03577e-16
-2.42428e-16
-3.02276e-16
-2.94469e-16
-2.6628e-16
-2.73219e-16
-2.79724e-16
-2.81025e-16
-2.70617e-16
-2.21611e-16
-2.17274e-16
-2.6151e-16
-2.67147e-16
-2.4156e-16
-3.08781e-16
-3.24827e-16
-2.71918e-16
-2.45897e-16
-2.6975e-16
-2.25514e-16
-2.39826e-16
-2.86229e-16
-2.59775e-16
-2.86229e-16
-2.73219e-16
-2.8276e-16
-2.64112e-16
-2.64112e-16
-2.85796e-16
-3.05311e-16
-2.52836e-16
-2.65846e-16
-2.35489e-16
-2.69316e-16
-2.59775e-16
-3.13551e-16
-2.71484e-16
-2.86229e-16
-2.70183e-16
-2.76255e-16
-2.98372e-16
-3.75134e-16
-3.66027e-16
-3.76001e-16
-4.07226e-16
-3.40439e-16
-3.59521e-16
-3.6993e-16
-3.86843e-16
-3.90313e-16
-3.70363e-16
-3.56052e-16
-3.92915e-16
-4.09828e-16
-3.55185e-16
-3.63425e-16
-3.52583e-16
-3.94216e-16
-3.37404e-16
-3.85976e-16
-3.57787e-16
-3.8294e-16
-3.65159e-16
-3.56919e-16
-3.70797e-16
-3.50414e-16
-3.38705e-16
-3.70363e-16
-3.91614e-16
-3.8294e-16
-3.90746e-16
-3.92048e-16
-3.9942e-16
-3.95951e-16
-3.56052e-16
-3.60389e-16
-3.29597e-16
-4.20237e-16
-3.97685e-16
-4.35849e-16
-3.50848e-16
-3.43475e-16
-4.27609e-16
-3.60389e-16
-3.77736e-16
-3.6646e-16
-4.01155e-16
-3.8294e-16
-4.06793e-16
-3.38271e-16
-3.68629e-16
-3.90746e-16
-4.12864e-16
-3.89445e-16
-3.73833e-16
-3.70363e-16
-3.57353e-16
-3.75134e-16
-3.62991e-16
-3.52583e-16
-3.62557e-16
-5.28223e-16
-5.35596e-16
-4.94396e-16
-4.7358e-16
-5.5728e-16
-5.3256e-16
-5.00901e-16
-4.87457e-16
-5.30825e-16
-5.41234e-16
-5.61617e-16
-5.30825e-16
-4.87024e-16
-5.46872e-16
-4.79217e-16
-5.68556e-16
-5.31259e-16
-5.63351e-16
-5.13044e-16
-5.02636e-16
-5.16948e-16
-5.34295e-16
-5.39933e-16
-5.18682e-16
-5.30825e-16
-5.37764e-16
-4.85289e-16
-5.15213e-16
-4.83988e-16
-5.13478e-16
-4.87024e-16
-5.50341e-16
-5.35162e-16
-5.23453e-16
-5.15647e-16
-5.10876e-16
-4.6187e-16
-5.31693e-16
-4.85723e-16
-5.69423e-16
-5.95878e-16
-5.1608e-16
-5.5381e-16
-4.87024e-16
-4.99167e-16
-4.80518e-16
-5.16514e-16
-4.34548e-16
-4.88758e-16
-5.18249e-16
-5.1131e-16
-5.13478e-16
-5.55979e-16
-5.42101e-16
-5.41234e-16
-4.82687e-16
-4.96131e-16
-5.52943e-16
-5.66821e-16
-5.16948e-16
-6.83481e-16
-6.82614e-16
-7.58074e-16
-7.31186e-16
-6.74374e-16
-6.7741e-16
-7.05599e-16
-7.19477e-16
-6.87818e-16
-7.12971e-16
-6.6917e-16
-6.8695e-16
-7.12971e-16
-6.42715e-16
-7.70217e-16
-6.41414e-16
-6.99094e-16
-6.68736e-16
-6.97359e-16
-6.74807e-16
-6.98226e-16
-6.99527e-16
-6.91721e-16
-6.47919e-16
-6.93889e-16
-7.08201e-16
-6.93022e-16
-7.55906e-16
-7.37257e-16
-6.79144e-16
-7.18176e-16
-6.28837e-16
-6.87384e-16
-6.91721e-16
-6.92155e-16
-7.40293e-16
-7.63712e-16
-6.69603e-16
-7.09068e-16
-6.80012e-16
-6.86517e-16
-6.83915e-16
-6.79144e-16
-7.40727e-16
-7.35956e-16
-7.25982e-16
-7.06032e-16
-7.36824e-16
-7.3162e-16
-7.07767e-16
-7.11237e-16
-6.97359e-16
-6.12357e-16
-6.86517e-16
-6.68736e-16
-7.1514e-16
-7.4463e-16
-6.83047e-16
-6.79578e-16
-7.63712e-16
-9.71879e-16
-9.59736e-16
-9.28511e-16
-9.57134e-16
-9.39786e-16
-9.14633e-16
-9.45424e-16
-9.92262e-16
-9.48894e-16
-9.30679e-16
-9.38485e-16
-9.25041e-16
-9.72313e-16
-1.01308e-15
-9.12465e-16
-9.39786e-16
-9.25475e-16
-9.05092e-16
-9.30679e-16
-1.01698e-15
-9.67976e-16
-9.41087e-16
-9.60603e-16
-1.03303e-15
-9.58868e-16
-9.58868e-16
-9.3545e-16
-8.50448e-16
-9.38485e-16
-1.01308e-15
-9.44123e-16
-1.00094e-15
-9.7318e-16
-9.24174e-16
-9.53231e-16
-9.50195e-16
-8.76469e-16
-9.3545e-16
-9.53231e-16
-9.60169e-16
-9.71011e-16
-9.73614e-16
-9.19837e-16
-8.89913e-16
-9.51062e-16
-9.41087e-16
-9.7795e-16
-9.7795e-16
-9.4369e-16
-9.39786e-16
-9.58435e-16
-9.73614e-16
-1.00224e-15
-9.44123e-16
-9.63639e-16
-9.5193e-16
-9.24174e-16
-9.44557e-16
-9.9443e-16
-9.37184e-16
-1.29584e-15
-1.27936e-15
-1.29757e-15
-1.2954e-15
-1.33313e-15
-1.28023e-15
-1.29497e-15
-1.23773e-15
-1.27632e-15
-1.27676e-15
-1.37477e-15
-1.31232e-15
-1.27892e-15
-1.27329e-15
-1.35048e-15
-1.27632e-15
-1.3366e-15
-1.32836e-15
-1.30061e-15
-1.2464e-15
-1.28023e-15
-1.32273e-15
-1.26158e-15
-1.26982e-15
-1.28543e-15
-1.31232e-15
-1.34484e-15
-1.32663e-15
-1.25681e-15
-1.21604e-15
-1.25681e-15
-1.30061e-15
-1.34441e-15
-1.27155e-15
-1.32186e-15
-1.25811e-15
-1.36219e-15
-1.28196e-15
-1.30625e-15
-1.29757e-15
-1.27979e-15
-1.30972e-15
-1.29974e-15
-1.30711e-15
-1.29974e-15
-1.30061e-15
-1.26028e-15
-1.22862e-15
-1.26201e-15
-1.30538e-15
-1.28543e-15
-1.2438e-15
-1.28066e-15
-1.25551e-15
-1.27068e-15
-1.28413e-15
-1.28066e-15
-1.25941e-15
-1.27632e-15
-1.29367e-15
-1.74123e-15
-1.80541e-15
-1.78633e-15
-1.7924e-15
-1.78026e-15
-1.82623e-15
-1.79067e-15
-1.83707e-15
-1.80325e-15
-1.76985e-15
-1.78893e-15
-1.7937e-15
-1.831e-15
-1.78113e-15
-1.76465e-15
-1.83534e-15
-1.76161e-15
-1.81018e-15
-1.76031e-15
-1.75684e-15
-1.83967e-15
-1.76812e-15
-1.79891e-15
-1.77636e-15
-1.74123e-15
-1.74513e-15
-1.76551e-15
-1.79978e-15
-1.84141e-15
-1.80758e-15
-1.84401e-15
-1.76508e-15
-1.75424e-15
-1.80151e-15
-1.81495e-15
-1.81148e-15
-1.7937e-15
-1.84184e-15
-1.77289e-15
-1.81062e-15
-1.77332e-15
-1.80194e-15
-1.77029e-15
-1.77462e-15
-1.77853e-15
-1.7885e-15
-1.85355e-15
-1.82319e-15
-1.80455e-15
-1.80975e-15
-1.76812e-15
-1.81495e-15
-1.82666e-15
-1.84791e-15
-1.75814e-15
-1.77939e-15
-1.81626e-15
-1.83447e-15
-1.79457e-15
-1.75988e-15
-2.53747e-15
-2.45593e-15
-2.55698e-15
-2.48933e-15
-2.57606e-15
-2.48022e-15
-2.53009e-15
-2.49844e-15
-2.52185e-15
-2.55525e-15
-2.50104e-15
-2.51708e-15
-2.47805e-15
-2.4954e-15
-2.55915e-15
-2.46851e-15
-2.5366e-15
-2.47025e-15
-2.57737e-15
-2.52532e-15
-2.49713e-15
-2.52576e-15
-2.54094e-15
-2.55221e-15
-2.56349e-15
-2.62073e-15
-2.47155e-15
-2.53443e-15
-2.51188e-15
-2.51795e-15
-2.51622e-15
-2.5431e-15
-2.50798e-15
-2.57997e-15
-2.42514e-15
-2.52099e-15
-2.50624e-15
-2.49757e-15
-2.52055e-15
-2.47892e-15
-2.48586e-15
-2.50754e-15
-2.52099e-15
-2.53486e-15
-2.51969e-15
-2.50364e-15
-2.46027e-15
-2.5019e-15
-2.50147e-15
-2.49627e-15
-2.51838e-15
-2.55438e-15
-2.51708e-15
-2.48673e-15
-2.50104e-15
-2.55048e-15
-2.48369e-15
-2.48499e-15
-2.51231e-15
-2.55438e-15
-3.50544e-15
-3.53407e-15
-3.50501e-15
-3.54924e-15
-3.48896e-15
-3.55748e-15
-3.57266e-15
-3.56486e-15
-3.4959e-15
-3.48636e-15
-3.50544e-15
-3.4959e-15
-3.55185e-15
-3.54751e-15
-3.52843e-15
-3.58481e-15
-3.52799e-15
-3.51151e-15
-3.47248e-15
-3.60432e-15
-3.50978e-15
-3.45427e-15
-3.51715e-15
-3.52626e-15
-3.4881e-15
-3.50458e-15
-3.54621e-15
-3.47595e-15
-3.53363e-15
-3.51932e-15
-3.48766e-15
-3.48636e-15
-3.60042e-15
-3.44559e-15
-3.60736e-15
-3.56269e-15
-3.54231e-15
-3.5332e-15
-3.56182e-15
-3.5397e-15
-3.56659e-15
-3.53103e-15
-3.55271e-15
-3.56833e-15
-3.53493e-15
-3.52236e-15
-3.49807e-15
-3.52539e-15
-3.55055e-15
-3.59955e-15
-3.50414e-15
-3.49503e-15
-3.51412e-15
-3.53753e-15
-3.53797e-15
-3.45991e-15
-3.49937e-15
-3.50327e-15
-3.56269e-15
-3.53753e-15
-4.83771e-15
-4.83424e-15
-4.82036e-15
-4.82296e-15
-4.83467e-15
-4.81646e-15
-4.76182e-15
-4.7809e-15
-4.85766e-15
-4.85896e-15
-4.84942e-15
-4.826e-15
-4.81906e-15
-4.76919e-15
-4.80779e-15
-4.77656e-15
-4.81169e-15
-4.82253e-15
-4.83381e-15
-4.74924e-15
-4.82123e-15
-4.89019e-15
-4.83207e-15
-4.7822e-15
-4.83381e-15
-4.81603e-15
-4.79564e-15
-4.86937e-15
-4.7783e-15
-4.85332e-15
-4.8685e-15
-4.80171e-15
-4.79044e-15
-4.8633e-15
-4.81342e-15
-4.81342e-15
-4.78914e-15
-4.8286e-15
-4.77873e-15
-4.81169e-15
-4.7371e-15
-4.82687e-15
-4.85072e-15
-4.79217e-15
-4.81473e-15
-4.81863e-15
-4.88498e-15
-4.85072e-15
-4.81299e-15
-4.71628e-15
-4.81342e-15
-4.82253e-15
-4.78567e-15
-4.81603e-15
-4.80865e-15
-4.81039e-15
-4.86763e-15
-4.8286e-15
-4.80258e-15
-4.81082e-15
-6.04291e-15
-6.03033e-15
-6.03987e-15
-5.93189e-15
-6.04768e-15
-6.05635e-15
-6.08064e-15
-6.05549e-15
-6.01429e-15
-6.09625e-15
-6.02773e-15
-5.98696e-15
-5.98957e-15
-6.06503e-15
-6.04898e-15
-6.04811e-15
-6.01472e-15
-6.06329e-15
-6.06589e-15
-6.05418e-15
-6.04725e-15
-6.0325e-15
-6.05982e-15
-6.11013e-15
-6.04204e-15
-6.01299e-15
-6.01776e-15
-6.04811e-15
-6.10406e-15
-6.00995e-15
-6.05028e-15
-6.07934e-15
-6.01472e-15
-6.00084e-15
-6.04768e-15
-6.04594e-15
-6.10406e-15
-6.04421e-15
-6.04941e-15
-6.04985e-15
-6.06242e-15
-6.03337e-15
-6.03424e-15
-6.05072e-15
-6.01949e-15
-6.04551e-15
-5.99781e-15
-6.0685e-15
-6.01992e-15
-6.10926e-15
-6.08801e-15
-6.04421e-15
-6.03814e-15
-6.06026e-15
-6.03727e-15
-6.08107e-15
-6.00431e-15
-6.00041e-15
-6.0737e-15
-6.01776e-15
-6.35256e-15
-6.35212e-15
-6.35299e-15
-6.37728e-15
-6.38725e-15
-6.34041e-15
-6.29748e-15
-6.35473e-15
-6.37468e-15
-6.26669e-15
-6.34822e-15
-6.37468e-15
-6.42021e-15
-6.31569e-15
-6.33998e-15
-6.37598e-15
-6.3686e-15
-6.32654e-15
-6.30095e-15
-6.3634e-15
-6.35126e-15
-6.32567e-15
-6.26148e-15
-6.30095e-15
-6.33955e-15
-6.34996e-15
-6.37207e-15
-6.33825e-15
-6.30876e-15
-6.34562e-15
-6.29705e-15
-6.28057e-15
-6.34258e-15
-6.38595e-15
-6.36904e-15
-6.34605e-15
-6.29271e-15
-6.28751e-15
-6.35733e-15
-6.35039e-15
-6.36166e-15
-6.33391e-15
-6.36036e-15
-6.36947e-15
-6.3647e-15
-6.37424e-15
-6.32697e-15
-6.33478e-15
-6.40286e-15
-6.28404e-15
-6.27319e-15
-6.35863e-15
-6.36513e-15
-6.31743e-15
-6.34041e-15
-6.30659e-15
-6.32784e-15
-6.34258e-15
-6.37945e-15
-6.32003e-15
-4.19196e-15
-4.19109e-15
-4.28433e-15
-4.23533e-15
-4.15206e-15
-4.25267e-15
-4.27436e-15
-4.19239e-15
-4.21321e-15
-4.26742e-15
-4.20757e-15
-4.25137e-15
-4.20974e-15
-4.20454e-15
-4.26872e-15
-4.17505e-15
-4.21971e-15
-4.15423e-15
-4.22145e-15
-4.19022e-15
-4.19369e-15
-4.20454e-15
-4.2388e-15
-4.27653e-15
-4.14686e-15
-4.20367e-15
-4.1655e-15
-4.23619e-15
-4.21798e-15
-4.25007e-15
-4.29734e-15
-4.2427e-15
-4.23273e-15
-4.16724e-15
-4.20714e-15
-4.17288e-15
-4.195e-15
-4.26222e-15
-4.21885e-15
-4.21625e-15
-4.17201e-15
-4.21104e-15
-4.2054e-15
-4.19543e-15
-4.16637e-15
-4.19673e-15
-4.22622e-15
-4.26091e-15
-4.22709e-15
-4.23273e-15
-4.21755e-15
-4.23533e-15
-4.22145e-15
-4.20887e-15
-4.2041e-15
-4.19716e-15
-4.23489e-15
-4.18502e-15
-4.18329e-15
-4.22449e-15
1.72041e-15
1.78026e-15
1.89562e-15
1.831e-15
1.69743e-15
1.86092e-15
1.86309e-15
1.80802e-15
1.74557e-15
1.83924e-15
1.79284e-15
1.80585e-15
1.77506e-15
1.79501e-15
1.90559e-15
1.78416e-15
1.77636e-15
1.78286e-15
1.86092e-15
1.7833e-15
1.76638e-15
1.79978e-15
1.78243e-15
1.83881e-15
1.72432e-15
1.77809e-15
1.72952e-15
1.80845e-15
1.77332e-15
1.8735e-15
1.86179e-15
1.7924e-15
1.76465e-15
1.82406e-15
1.80411e-15
1.75641e-15
1.77289e-15
1.7421e-15
1.83013e-15
1.78893e-15
1.78199e-15
1.77419e-15
1.82059e-15
1.84791e-15
1.71434e-15
1.7035e-15
1.79067e-15
1.85485e-15
1.74903e-15
1.8284e-15
1.7525e-15
1.84618e-15
1.81018e-15
1.74817e-15
1.75597e-15
1.77462e-15
1.78199e-15
1.8748e-15
1.77853e-15
1.81626e-15
1.06742e-14
1.06876e-14
1.05124e-14
1.05783e-14
1.06313e-14
1.06091e-14
1.05736e-14
1.06529e-14
1.06061e-14
1.06373e-14
1.06339e-14
1.06542e-14
1.06573e-14
1.06629e-14
1.05614e-14
1.0584e-14
1.06794e-14
1.06195e-14
1.05966e-14
1.05862e-14
1.06287e-14
1.06204e-14
1.06339e-14
1.05909e-14
1.06174e-14
1.06629e-14
1.06798e-14
1.06152e-14
1.06651e-14
1.04929e-14
1.05697e-14
1.06542e-14
1.05788e-14
1.05866e-14
1.06109e-14
1.05892e-14
1.06326e-14
1.05788e-14
1.05809e-14
1.06417e-14
1.07267e-14
1.06846e-14
1.05502e-14
1.05276e-14
1.06339e-14
1.06603e-14
1.07401e-14
1.05658e-14
1.06287e-14
1.05749e-14
1.07137e-14
1.06712e-14
1.06538e-14
1.07115e-14
1.06816e-14
1.06473e-14
1.06954e-14
1.05536e-14
1.06616e-14
1.06035e-14
1.5776e-14
1.56975e-14
1.58614e-14
1.592e-14
1.58901e-14
1.57925e-14
1.58476e-14
1.57444e-14
1.59035e-14
1.59122e-14
1.57695e-14
1.57799e-14
1.57626e-14
1.58029e-14
1.58107e-14
1.58558e-14
1.58003e-14
1.58116e-14
1.58766e-14
1.58688e-14
1.58116e-14
1.58276e-14
1.58666e-14
1.57912e-14
1.57825e-14
1.57842e-14
1.58051e-14
1.59026e-14
1.57274e-14
1.59894e-14
1.58497e-14
1.57127e-14
1.59538e-14
1.58545e-14
1.57621e-14
1.58922e-14
1.57916e-14
1.60436e-14
1.58281e-14
1.5822e-14
1.57088e-14
1.57652e-14
1.59425e-14
1.59477e-14
1.58736e-14
1.58398e-14
1.5691e-14
1.58007e-14
1.58549e-14
1.58623e-14
1.5766e-14
1.57673e-14
1.57448e-14
1.57968e-14
1.58411e-14
1.57912e-14
1.58042e-14
1.59196e-14
1.58324e-14
1.58645e-14
6.20207e-15
6.19643e-15
6.18819e-15
6.02383e-15
6.09625e-15
6.20641e-15
6.18429e-15
6.13789e-15
6.13919e-15
6.05549e-15
6.22983e-15
6.18906e-15
6.20337e-15
6.02253e-15
6.25671e-15
6.08888e-15
6.14135e-15
6.13658e-15
6.08888e-15
6.06112e-15
6.22115e-15
6.12574e-15
6.07977e-15
6.14829e-15
6.22896e-15
6.08324e-15
6.13311e-15
6.18732e-15
6.24414e-15
6.02426e-15
6.07023e-15
6.35993e-15
5.99347e-15
6.13485e-15
6.28317e-15
6.06893e-15
6.14569e-15
5.98003e-15
6.24067e-15
6.15437e-15
6.29965e-15
6.16261e-15
6.00735e-15
6.07977e-15
6.12487e-15
6.17345e-15
6.28664e-15
6.27406e-15
6.16998e-15
6.31223e-15
6.12921e-15
6.1613e-15
6.14049e-15
6.23807e-15
6.11447e-15
6.11013e-15
6.09842e-15
6.08194e-15
6.14656e-15
6.18602e-15
-2.48269e-14
-2.47276e-14
-2.48625e-14
-2.46656e-14
-2.47914e-14
-2.49067e-14
-2.48096e-14
-2.48334e-14
-2.48634e-14
-2.47254e-14
-2.4885e-14
-2.47155e-14
-2.48178e-14
-2.47341e-14
-2.48434e-14
-2.47883e-14
-2.48729e-14
-2.49466e-14
-2.47012e-14
-2.47098e-14
-2.48109e-14
-2.48113e-14
-2.48608e-14
-2.47424e-14
-2.48196e-14
-2.47298e-14
-2.47372e-14
-2.49072e-14
-2.48603e-14
-2.48057e-14
-2.47081e-14
-2.49796e-14
-2.47116e-14
-2.47888e-14
-2.49184e-14
-2.47658e-14
-2.47571e-14
-2.4722e-14
-2.49093e-14
-2.47974e-14
-2.48217e-14
-2.48647e-14
-2.47359e-14
-2.49666e-14
-2.4787e-14
-2.47697e-14
-2.48794e-14
-2.49622e-14
-2.48087e-14
-2.49562e-14
-2.47189e-14
-2.47064e-14
-2.48629e-14
-2.4934e-14
-2.47393e-14
-2.4807e-14
-2.47215e-14
-2.47797e-14
-2.48352e-14
-2.48998e-14
-6.50096e-14
-6.50174e-14
-6.50335e-14
-6.51801e-14
-6.50361e-14
-6.50209e-14
-6.50291e-14
-6.48691e-14
-6.51675e-14
-6.51159e-14
-6.49055e-14
-6.51497e-14
-6.50387e-14
-6.49446e-14
-6.50543e-14
-6.51302e-14
-6.48414e-14
-6.49242e-14
-6.51085e-14
-6.51059e-14
-6.51011e-14
-6.50725e-14
-6.49667e-14
-6.51363e-14
-6.50105e-14
-6.51024e-14
-6.50617e-14
-6.50365e-14
-6.5135e-14
-6.49806e-14
-6.50474e-14
-6.49836e-14
-6.50291e-14
-6.50651e-14
-6.50439e-14
-6.50699e-14
-6.51809e-14
-6.52052e-14
-6.48956e-14
-6.51384e-14
-6.51536e-14
-6.51306e-14
-6.49871e-14
-6.48912e-14
-6.50664e-14
-6.50248e-14
-6.50825e-14
-6.48709e-14
-6.50357e-14
-6.50426e-14
-6.50755e-14
-6.52035e-14
-6.50621e-14
-6.4991e-14
-6.51276e-14
-6.49637e-14
-6.50708e-14
-6.51172e-14
-6.50474e-14
-6.50079e-14
-8.54642e-14
-8.54724e-14
-8.53701e-14
-8.54165e-14
-8.52946e-14
-8.53566e-14
-8.5511e-14
-8.55921e-14
-8.52313e-14
-8.54399e-14
-8.53328e-14
-8.54412e-14
-8.54364e-14
-8.55952e-14
-8.53579e-14
-8.52721e-14
-8.56168e-14
-8.54659e-14
-8.54937e-14
-8.53775e-14
-8.54369e-14
-8.52656e-14
-8.53783e-14
-8.53107e-14
-8.55262e-14
-8.54768e-14
-8.53341e-14
-8.5341e-14
-8.53363e-14
-8.53831e-14
-8.54824e-14
-8.55297e-14
-8.54967e-14
-8.5423e-14
-8.53245e-14
-8.53848e-14
-8.53471e-14
-8.53284e-14
-8.55535e-14
-8.52491e-14
-8.51662e-14
-8.52074e-14
-8.54499e-14
-8.55492e-14
-8.52352e-14
-8.53996e-14
-8.54009e-14
-8.55509e-14
-8.55449e-14
-8.54958e-14
-8.53896e-14
-8.52456e-14
-8.53393e-14
-8.53232e-14
-8.53588e-14
-8.54169e-14
-8.53488e-14
-8.53471e-14
-8.53614e-14
-8.53701e-14
-6.46922e-14
-6.47594e-14
-6.48214e-14
-6.45456e-14
-6.48795e-14
-6.47143e-14
-6.4559e-14
-6.44641e-14
-6.48787e-14
-6.47455e-14
-6.4785e-14
-6.46119e-14
-6.47113e-14
-6.47052e-14
-6.48331e-14
-6.46922e-14
-6.47733e-14
-6.47355e-14
-6.47065e-14
-6.46961e-14
-6.47841e-14
-6.48804e-14
-6.47685e-14
-6.47403e-14
-6.47325e-14
-6.47277e-14
-6.49003e-14
-6.47486e-14
-6.48951e-14
-6.48153e-14
-6.47152e-14
-6.46666e-14
-6.47221e-14
-6.48192e-14
-6.48886e-14
-6.48535e-14
-6.48297e-14
-6.46662e-14
-6.45612e-14
-6.48136e-14
-6.49949e-14
-6.47178e-14
-6.47911e-14
-6.45746e-14
-6.48518e-14
-6.46657e-14
-6.47113e-14
-6.46098e-14
-6.4654e-14
-6.46809e-14
-6.47429e-14
-6.47789e-14
-6.48279e-14
-6.47655e-14
-6.48015e-14
-6.48396e-14
-6.4742e-14
-6.48761e-14
-6.46583e-14
-6.4651e-14
-1.33756e-14
-1.32598e-14
-1.33474e-14
-1.35508e-14
-1.33274e-14
-1.32537e-14
-1.3402e-14
-1.36024e-14
-1.31509e-14
-1.33491e-14
-1.33327e-14
-1.32607e-14
-1.33431e-14
-1.31245e-14
-1.33257e-14
-1.33994e-14
-1.3039e-14
-1.31852e-14
-1.32511e-14
-1.31158e-14
-1.31657e-14
-1.33353e-14
-1.33908e-14
-1.31791e-14
-1.33561e-14
-1.32229e-14
-1.31249e-14
-1.33973e-14
-1.33027e-14
-1.31024e-14
-1.32342e-14
-1.33097e-14
-1.32034e-14
-1.31071e-14
-1.31254e-14
-1.30789e-14
-1.32208e-14
-1.33999e-14
-1.3487e-14
-1.33699e-14
-1.31462e-14
-1.33999e-14
-1.32021e-14
-1.34593e-14
-1.33903e-14
-1.31561e-14
-1.33548e-14
-1.34792e-14
-1.32685e-14
-1.33509e-14
-1.32529e-14
-1.34146e-14
-1.32424e-14
-1.3334e-14
-1.31809e-14
-1.31015e-14
-1.33331e-14
-1.30694e-14
-1.34233e-14
-1.33218e-14
3.67588e-14
3.6349e-14
3.6571e-14
3.66669e-14
3.64591e-14
3.64027e-14
3.63971e-14
3.67059e-14
3.62822e-14
3.65229e-14
3.64838e-14
3.63121e-14
3.64214e-14
3.63134e-14
3.65424e-14
3.65983e-14
3.64465e-14
3.63216e-14
3.65051e-14
3.61226e-14
3.62119e-14
3.66165e-14
3.66816e-14
3.6365e-14
3.65168e-14
3.63936e-14
3.64474e-14
3.66374e-14
3.66135e-14
3.62935e-14
3.63793e-14
3.6453e-14
3.63745e-14
3.62418e-14
3.63615e-14
3.61573e-14
3.64227e-14
3.65337e-14
3.66309e-14
3.65086e-14
3.63824e-14
3.65094e-14
3.64053e-14
3.65107e-14
3.6571e-14
3.62887e-14
3.65463e-14
3.65862e-14
3.63351e-14
3.65203e-14
3.6398e-14
3.65719e-14
3.64925e-14
3.64366e-14
3.63589e-14
3.62809e-14
3.64895e-14
3.63845e-14
3.66335e-14
3.64652e-14
6.03146e-14
6.07613e-14
6.0498e-14
6.03961e-14
6.05592e-14
6.05414e-14
6.0616e-14
6.05748e-14
6.08094e-14
6.04668e-14
6.06017e-14
6.06702e-14
6.0727e-14
6.06373e-14
6.05436e-14
6.04937e-14
6.03853e-14
6.05969e-14
6.06117e-14
6.07071e-14
6.06837e-14
6.03593e-14
6.0351e-14
6.0502e-14
6.05596e-14
6.05293e-14
6.05527e-14
6.04989e-14
6.06182e-14
6.07916e-14
6.04881e-14
6.04235e-14
6.06086e-14
6.06485e-14
6.05939e-14
6.08645e-14
6.05562e-14
6.06615e-14
6.0466e-14
6.05054e-14
6.06082e-14
6.05661e-14
6.07518e-14
6.06069e-14
6.0642e-14
6.04946e-14
6.04499e-14
6.04816e-14
6.05288e-14
6.05497e-14
6.06125e-14
6.06811e-14
6.03753e-14
6.07101e-14
6.06125e-14
6.07474e-14
6.0472e-14
6.05817e-14
6.0534e-14
6.06164e-14
5.87069e-14
5.85669e-14
5.85192e-14
5.87e-14
5.86306e-14
5.87577e-14
5.86757e-14
5.82971e-14
5.88132e-14
5.86302e-14
5.86644e-14
5.85625e-14
5.84788e-14
5.86896e-14
5.87247e-14
5.86532e-14
5.85552e-14
5.87234e-14
5.83622e-14
5.87781e-14
5.86271e-14
5.87239e-14
5.86939e-14
5.88214e-14
5.8602e-14
5.85604e-14
5.84285e-14
5.86779e-14
5.8461e-14
5.84749e-14
5.87156e-14
5.8671e-14
5.84762e-14
5.8752e-14
5.8605e-14
5.8497e-14
5.86913e-14
5.85434e-14
5.8818e-14
5.85899e-14
5.85916e-14
5.86562e-14
5.8311e-14
5.84762e-14
5.84983e-14
5.87932e-14
5.85387e-14
5.87226e-14
5.86206e-14
5.85235e-14
5.852e-14
5.85235e-14
5.88553e-14
5.84758e-14
5.85031e-14
5.84966e-14
5.8546e-14
5.85252e-14
5.86883e-14
5.85656e-14
4.36682e-14
4.35936e-14
4.37731e-14
4.35095e-14
4.38703e-14
4.3339e-14
4.34531e-14
4.39141e-14
4.30897e-14
4.34041e-14
4.34422e-14
4.36001e-14
4.35203e-14
4.33364e-14
4.331e-14
4.35082e-14
4.34834e-14
4.33451e-14
4.37354e-14
4.3565e-14
4.36257e-14
4.34778e-14
4.35034e-14
4.3205e-14
4.36773e-14
4.35086e-14
4.35082e-14
4.36109e-14
4.3558e-14
4.34722e-14
4.34878e-14
4.36435e-14
4.38655e-14
4.32033e-14
4.35784e-14
4.32757e-14
4.3496e-14
4.35416e-14
4.3182e-14
4.35025e-14
4.35923e-14
4.34613e-14
4.3529e-14
4.37142e-14
4.37293e-14
4.35103e-14
4.35684e-14
4.33455e-14
4.37762e-14
4.37068e-14
4.35294e-14
4.3565e-14
4.33893e-14
4.33872e-14
4.35325e-14
4.3457e-14
4.36587e-14
4.36153e-14
4.31751e-14
4.35502e-14
2.72659e-14
2.72547e-14
2.76784e-14
2.75769e-14
2.7213e-14
2.7782e-14
2.72365e-14
2.73301e-14
2.75973e-14
2.74407e-14
2.75812e-14
2.75066e-14
2.74412e-14
2.74503e-14
2.723e-14
2.75756e-14
2.76788e-14
2.74858e-14
2.73826e-14
2.70656e-14
2.73063e-14
2.76276e-14
2.76142e-14
2.76454e-14
2.75318e-14
2.74798e-14
2.74251e-14
2.73193e-14
2.73922e-14
2.77638e-14
2.73271e-14
2.75088e-14
2.69888e-14
2.76411e-14
2.74485e-14
2.77573e-14
2.76185e-14
2.74446e-14
2.76428e-14
2.77322e-14
2.72716e-14
2.74819e-14
2.76923e-14
2.73132e-14
2.71428e-14
2.72178e-14
2.74993e-14
2.75517e-14
2.72976e-14
2.7318e-14
2.75426e-14
2.78384e-14
2.72937e-14
2.76073e-14
2.74347e-14
2.75838e-14
2.7488e-14
2.74433e-14
2.77794e-14
2.7282e-14
1.5694e-14
1.57968e-14
1.52244e-14
1.54651e-14
1.54711e-14
1.52447e-14
1.59629e-14
1.56754e-14
1.56828e-14
1.58315e-14
1.51858e-14
1.5243e-14
1.5227e-14
1.55783e-14
1.57873e-14
1.54733e-14
1.52339e-14
1.55162e-14
1.55071e-14
1.57183e-14
1.55956e-14
1.52218e-14
1.56528e-14
1.54004e-14
1.52205e-14
1.53653e-14
1.60102e-14
1.5403e-14
1.55253e-14
1.53042e-14
1.56103e-14
1.54828e-14
1.57413e-14
1.53263e-14
1.53688e-14
1.51693e-14
1.54026e-14
1.52543e-14
1.55002e-14
1.53926e-14
1.56155e-14
1.54507e-14
1.51112e-14
1.56949e-14
1.57214e-14
1.54143e-14
1.5658e-14
1.55978e-14
1.55318e-14
1.56229e-14
1.56195e-14
1.49845e-14
1.55683e-14
1.54893e-14
1.54932e-14
1.54859e-14
1.53931e-14
1.54906e-14
1.54473e-14
1.54889e-14
7.96368e-15
8.06299e-15
8.09856e-15
8.25381e-15
7.71258e-15
8.04218e-15
7.93896e-15
8.02049e-15
8.16231e-15
7.70304e-15
8.29024e-15
8.16187e-15
8.48453e-15
8.37264e-15
7.87738e-15
8.05042e-15
8.20568e-15
8.1532e-15
8.13672e-15
8.26856e-15
8.05822e-15
8.03264e-15
7.92161e-15
8.23517e-15
8.26249e-15
8.49277e-15
7.7308e-15
8.21869e-15
8.00098e-15
8.10506e-15
7.87001e-15
7.81927e-15
8.13802e-15
8.40604e-15
8.16925e-15
8.19527e-15
8.33491e-15
8.33101e-15
7.96889e-15
7.89776e-15
8.24688e-15
8.34619e-15
8.29415e-15
7.84052e-15
8.11287e-15
8.28374e-15
7.94677e-15
8.13846e-15
8.0643e-15
8.24427e-15
7.83965e-15
8.43466e-15
8.26943e-15
8.34098e-15
8.22693e-15
7.96412e-15
8.14583e-15
7.82707e-15
8.09162e-15
8.20481e-15
4.19413e-15
4.03887e-15
3.86843e-15
3.65376e-15
3.78126e-15
4.05839e-15
4.12647e-15
3.73963e-15
4.04624e-15
3.98293e-15
3.71318e-15
4.12431e-15
3.54014e-15
3.68629e-15
4.08137e-15
4.30298e-15
3.70017e-15
4.01111e-15
4.1989e-15
3.78603e-15
3.94823e-15
4.17461e-15
4.074e-15
3.68932e-15
3.77606e-15
3.6221e-15
4.12821e-15
3.96688e-15
3.89055e-15
3.96905e-15
4.14165e-15
3.87581e-15
3.56486e-15
4.04928e-15
3.67718e-15
4.15076e-15
3.56139e-15
3.93565e-15
3.73616e-15
4.32467e-15
3.59348e-15
3.56919e-15
3.63728e-15
3.99724e-15
3.6555e-15
3.81119e-15
3.96861e-15
3.86106e-15
3.76392e-15
3.60172e-15
4.02369e-15
3.6646e-15
3.49417e-15
3.46901e-15
4.05708e-15
4.00461e-15
3.94866e-15
4.36456e-15
3.79904e-15
3.904e-15
1.26678e-15
1.62413e-15
1.77375e-15
1.72995e-15
2.19312e-15
1.38735e-15
1.70567e-15
1.80325e-15
1.48883e-15
1.85789e-15
2.11463e-15
1.7434e-15
2.12764e-15
1.37347e-15
2.0409e-15
1.55605e-15
1.76551e-15
1.56689e-15
1.576e-15
1.55691e-15
1.8258e-15
1.28326e-15
1.43505e-15
2.02572e-15
1.91687e-15
1.64235e-15
1.55084e-15
1.75727e-15
1.90689e-15
1.7525e-15
1.33487e-15
1.68875e-15
1.73472e-15
1.45066e-15
1.88434e-15
1.7473e-15
1.89475e-15
1.55865e-15
1.97672e-15
1.23989e-15
1.85095e-15
2.02052e-15
1.98279e-15
1.89692e-15
1.45717e-15
1.77462e-15
1.56776e-15
1.73949e-15
1.92771e-15
2.16754e-15
1.9108e-15
1.96284e-15
2.25601e-15
1.96241e-15
1.62674e-15
1.67574e-15
1.84054e-15
1.52916e-15
1.76335e-15
1.82233e-15
7.97105e-16
6.27103e-16
4.64039e-16
5.85035e-16
3.48679e-16
1.06382e-15
4.43222e-16
7.84962e-16
8.79071e-16
7.06032e-16
2.58474e-16
7.76289e-16
4.65773e-16
8.69964e-16
1.28803e-16
7.5764e-16
8.27029e-16
5.55979e-16
5.64652e-16
7.3986e-16
7.7412e-16
7.24681e-16
1.16834e-15
5.36463e-16
6.47486e-16
9.32414e-16
4.65773e-16
5.88071e-16
2.61076e-16
8.07947e-16
9.66675e-16
5.95878e-16
7.05599e-16
1.02132e-15
5.2432e-16
5.30392e-16
3.27429e-16
5.40366e-16
2.6151e-16
8.30065e-16
6.60062e-16
3.6993e-16
1.9559e-16
2.78857e-16
1.12193e-15
7.76289e-16
5.80265e-16
4.46691e-16
7.7759e-16
2.498e-16
2.85362e-16
3.16153e-16
1.85182e-16
4.95264e-16
4.21538e-16
6.95624e-16
6.10623e-16
6.38378e-16
5.90673e-16
9.63639e-16
3.53016e-16
-2.32019e-16
3.71231e-16
1.91687e-16
5.81132e-17
-9.2374e-17
-5.63785e-18
-2.1207e-16
-7.28584e-17
-7.97973e-17
1.99927e-16
-1.64799e-16
3.92915e-16
1.50487e-16
3.18755e-16
-2.37223e-16
-4.08527e-16
2.72785e-16
1.49186e-16
2.27682e-16
-2.06866e-16
2.55872e-17
-1.39645e-16
-1.00614e-16
-3.66894e-16
-1.36609e-16
5.50775e-17
-1.31405e-16
1.40079e-16
-5.94143e-17
-1.53523e-16
-3.1225e-17
4.2067e-17
-2.6628e-16
-1.99927e-16
2.42861e-17
4.66641e-16
3.12684e-16
4.49293e-16
2.60209e-18
-2.34188e-16
3.72966e-17
3.03577e-18
1.4615e-16
-1.88217e-16
2.60209e-17
1.65666e-16
3.6169e-16
-1.249e-16
1.61329e-16
5.55979e-16
1.69569e-16
2.76688e-16
-1.30104e-18
4.82253e-16
-1.42681e-16
3.77302e-17
9.80119e-17
2.97505e-16
-6.16261e-16
-4.38885e-16
1.52656e-16
-4.16767e-16
-4.47992e-16
4.33681e-19
-4.25007e-17
5.39065e-16
-8.67362e-17
-1.82146e-17
6.37511e-17
6.46184e-17
-4.46691e-17
-6.63532e-16
-4.22405e-16
-2.64112e-16
-7.71952e-17
9.54098e-18
-6.38378e-16
-3.46945e-16
-3.747e-16
-1.66967e-16
1.26635e-16
-4.08094e-16
1.50054e-16
2.90133e-16
-1.74773e-16
1.4138e-16
-7.02563e-17
-4.70544e-16
-3.64292e-16
6.80879e-17
6.28837e-17
1.40946e-16
-1.95156e-17
4.38885e-16
-1.21431e-16
-1.92988e-16
-1.43548e-16
-5.11743e-17
-2.03396e-16
1.99493e-17
2.34621e-16
2.86229e-17
-1.27936e-16
-4.98733e-17
-5.25621e-16
-4.79217e-16
-3.63858e-16
-3.40873e-16
-8.97719e-17
-6.26235e-16
-3.33067e-16
-2.44596e-16
-6.28837e-17
-4.06793e-16
4.85723e-17
-2.32453e-16
-8.19657e-17
-3.87711e-16
5.94143e-17
-3.8294e-16
-3.11817e-16
-4.55365e-17
-2.35489e-16
-5.62918e-16
-5.35596e-16
-8.63459e-16
-4.54931e-16
-4.93963e-16
-9.36751e-17
-6.69603e-16
-1.92988e-16
1.30104e-17
3.16587e-17
-2.35055e-16
-1.49186e-16
-2.60209e-16
-5.1608e-17
9.75782e-17
-1.13624e-16
-4.51028e-17
-3.53884e-16
-3.07913e-17
-5.54244e-16
-5.65086e-16
-3.27863e-16
-7.45931e-16
-1.67834e-16
-2.85362e-16
-6.37511e-17
-1.89085e-16
-7.00828e-16
-8.01876e-16
-5.69857e-16
-9.64506e-16
-1.51788e-16
-6.16261e-16
-3.29164e-16
-4.39752e-16
-1.13624e-16
-2.48499e-16
-7.87131e-16
-5.63351e-16
-4.41487e-16
-2.04264e-16
2.76688e-16
-2.58907e-16
-1.38344e-16
-8.0231e-17
-3.81639e-16
-9.15067e-17
-7.42895e-16
-3.17454e-16
-2.73219e-16
-4.24574e-16
-4.09395e-16
8.32667e-17
-1.97325e-16
-3.80338e-16
-3.08347e-16
-5.0307e-16
-3.82073e-16
-5.31259e-16
-5.94143e-16
-2.72785e-16
-1.30104e-16
-1.82146e-17
1.51788e-16
-2.68882e-16
-6.63965e-16
5.76796e-17
-4.8312e-16
-2.88398e-16
-7.00395e-16
-2.63678e-16
-8.04044e-16
-4.38885e-16
-4.29344e-16
-4.58834e-16
-7.11237e-16
-8.318e-16
-2.6628e-16
-3.14852e-16
-2.94903e-17
-5.408e-16
3.46945e-18
2.35489e-16
-4.93529e-16
8.71699e-17
-9.32414e-17
-3.79471e-16
-1.14492e-16
1.77809e-16
-2.82326e-16
4.04624e-16
-3.19189e-16
-6.89553e-17
-1.86916e-16
1.4962e-16
-5.54244e-16
-3.40006e-16
-4.75314e-16
-7.069e-17
-1.36609e-16
-8.32234e-16
-5.3603e-16
-2.18575e-16
-5.26055e-16
-5.3256e-16
-8.71699e-17
-1.84314e-16
2.498e-16
-2.61943e-16
-2.70617e-16
-6.17995e-16
-1.64365e-16
-5.30392e-16
-4.84422e-16
-3.4998e-16
-1.31405e-16
4.85289e-16
5.89806e-17
-2.10769e-16
2.38524e-16
-2.11203e-16
-2.5804e-16
-6.48353e-16
-7.2338e-16
-7.37257e-18
2.88831e-16
-2.51535e-16
2.60209e-18
-3.5345e-16
-3.56486e-16
-5.14779e-16
-5.50775e-17
6.02816e-17
-2.43295e-16
-5.21718e-16
-1.37477e-16
-5.24754e-17
-5.69423e-16
-5.21718e-16
-3.99854e-16
-1.64365e-16
-5.15213e-16
-3.79037e-16
4.6187e-16
-5.68556e-16
-4.80085e-16
-1.42247e-16
-1.3314e-16
-7.38992e-16
-6.0325e-16
-7.71085e-16
-5.50341e-16
-6.04551e-16
-3.51715e-16
-7.58074e-16
7.02563e-17
-4.62304e-16
3.38271e-16
-4.12864e-16
-3.67761e-16
8.23994e-18
-1.25334e-16
-1.07119e-16
-1.249e-16
-2.15106e-16
-3.92048e-16
-1.11022e-16
-5.89372e-16
-4.34982e-16
-3.07913e-16
3.35669e-16
-2.82326e-16
-2.57606e-16
2.04264e-16
-5.29958e-16
-7.8583e-16
-8.43076e-16
-6.40547e-16
-1.8735e-16
-4.76182e-16
-4.03323e-16
-7.50268e-17
1.26201e-16
-2.41127e-16
-8.21825e-16
-4.3238e-16
-6.24067e-16
-3.22225e-16
-2.08167e-16
-3.29597e-17
-9.62772e-17
-2.97071e-16
-8.21825e-16
-7.55906e-16
-2.27249e-16
-3.56919e-16
5.98046e-16
3.89445e-16
1.38778e-17
-5.91541e-16
-3.47812e-16
-4.66207e-16
-3.62557e-16
-1.00137e-15
-5.10009e-16
-3.35235e-16
-6.16694e-16
-3.30899e-16
7.80626e-18
1.34441e-17
-3.31332e-16
-6.00648e-16
-4.46691e-17
-1.96891e-16
-1.8258e-16
-1.56125e-17
-1.95156e-16
-7.41161e-16
-2.31152e-16
-4.44089e-16
8.67362e-19
-5.75928e-16
-2.99673e-16
-1.79544e-16
-1.84748e-16
-2.53703e-16
-4.46691e-16
-5.42101e-16
1.73472e-18
-4.38451e-16
-5.8677e-16
-1.75207e-16
-1.30104e-16
-6.87384e-16
4.33681e-19
3.33934e-17
-1.04517e-16
-4.54498e-16
7.24247e-17
-3.06612e-16
-5.29524e-16
-2.62377e-16
-3.72966e-16
-2.47632e-16
5.92842e-16
-6.89986e-16
-2.07733e-16
-9.88792e-17
-2.9577e-16
-5.69857e-16
-1.7087e-16
-6.93889e-17
1.49186e-16
3.8294e-16
3.2396e-16
-1.95156e-17
-9.76649e-16
-8.33101e-16
-5.55545e-16
1.88217e-16
-1.59595e-16
3.72966e-17
-7.15573e-16
-5.81132e-17
-2.97071e-16
7.54605e-17
2.16407e-16
-5.22585e-16
-4.68375e-16
-2.62377e-16
-5.50775e-17
1.06685e-16
-5.62918e-16
-1.12323e-16
-7.02563e-16
-8.51316e-16
-3.18755e-16
2.29851e-17
-4.77916e-16
3.68629e-17
-4.0766e-16
-1.1189e-16
-4.32814e-16
-1.38344e-16
-6.71772e-16
-3.24393e-16
-2.02963e-16
-1.92121e-16
-4.49727e-16
-3.03577e-17
-2.29417e-16
-2.88831e-16
-4.71845e-16
7.24247e-17
-2.51535e-17
-4.10262e-16
-5.02636e-16
-3.20924e-17
-6.35342e-16
-3.90313e-18
-2.09034e-16
2.42861e-16
2.64979e-16
-1.98192e-16
-7.76722e-16
2.9577e-16
-7.02997e-16
-3.43475e-16
-3.59955e-17
-2.94036e-16
-9.06393e-17
-9.10296e-16
-4.00721e-16
-6.45751e-16
-7.13405e-16
-4.22839e-16
1.44416e-16
4.16334e-17
-1.52656e-16
-3.73399e-16
-2.00361e-16
-3.34802e-16
2.84061e-16
-1.57426e-16
3.37837e-16
-1.43548e-16
-8.55652e-16
5.13478e-16
5.89806e-17
-9.97466e-18
-5.88505e-16
-4.71845e-16
-7.71952e-17
-4.0766e-16
2.31586e-16
-5.72459e-17
2.42861e-16
-4.59702e-16
2.61076e-16
-4.84855e-16
-4.90927e-16
-3.69496e-16
-1.47018e-16
5.46438e-17
-1.44416e-16
-4.93529e-16
-2.68882e-17
-2.90566e-16
-1.12323e-16
-7.24247e-16
-2.27682e-16
-5.5381e-16
-1.04951e-16
-6.1149e-17
-6.22766e-16
-1.60462e-17
-3.47378e-16
-8.48713e-16
-2.86229e-16
-5.89372e-16
-1.4138e-16
-7.02997e-16
-5.72892e-16
-4.47125e-16
-1.59595e-16
-6.07153e-16
5.02202e-16
3.34802e-16
-6.40113e-16
-9.29812e-16
-1.05905e-15
6.93889e-17
-3.13118e-16
3.39572e-16
-2.77556e-16
-3.00541e-16
-3.33934e-17
-5.23886e-16
-1.18395e-16
-3.81639e-17
-6.19296e-16
-4.18068e-16
-5.72892e-16
-9.36751e-17
-7.71085e-16
-3.95083e-16
3.29597e-17
-6.40547e-16
-4.03757e-16
-1.21431e-17
3.57787e-16
-1.51355e-16
-1.60896e-16
-1.60896e-16
1.34875e-16
4.2414e-16
-8.24861e-16
1.45717e-16
-8.76035e-16
1.661e-16
2.27249e-16
-9.67108e-17
-3.50414e-16
3.72966e-17
2.94903e-16
1.30104e-16
-3.59088e-16
-6.37945e-16
-2.66714e-16
4.06359e-16
-3.44776e-16
1.37043e-16
-2.22045e-16
-4.46258e-16
-2.59341e-16
-2.49366e-16
-2.73219e-16
3.83374e-16
3.03577e-16
5.0307e-17
-1.69569e-16
3.76001e-16
-3.90313e-18
-2.61943e-16
-1.6263e-16
-1.5786e-16
-5.14346e-16
-5.10009e-16
5.18249e-16
4.571e-16
4.92661e-16
1.51788e-16
-5.76796e-16
-1.21431e-16
6.98226e-17
-2.47632e-16
4.0766e-17
3.98553e-16
1.31839e-16
-1.42247e-16
3.83808e-16
3.17888e-16
1.68702e-16
-3.56919e-16
-3.6993e-16
-1.89085e-16
5.55112e-17
-2.51101e-16
-2.03396e-16
-5.55545e-16
-7.79758e-16
2.18575e-16
-2.23779e-16
-1.90386e-16
-3.77736e-16
-6.68302e-16
1.52656e-16
-6.99961e-16
6.83481e-16
-4.51895e-16
-6.74807e-16
-2.37223e-16
-3.90313e-16
-8.59989e-16
-3.07913e-16
-7.62845e-16
1.17094e-16
2.05998e-16
6.50521e-18
-4.29344e-17
2.20744e-16
5.59448e-17
-3.70363e-16
1.23599e-16
1.0842e-17
1.25334e-16
1.7087e-16
-7.38559e-16
-1.15272e-15
3.10516e-16
2.12504e-17
-3.48246e-16
-5.81566e-16
8.63025e-17
-4.73146e-16
1.24466e-16
-1.25334e-16
4.39752e-16
-5.2432e-16
-3.322e-16
-6.77843e-16
-4.08527e-16
1.95156e-16
1.26201e-16
-4.77049e-18
-5.79398e-16
-5.20851e-16
-6.59629e-16
-4.08527e-16
4.68375e-17
1.98192e-16
-1.55691e-16
-3.98553e-16
-5.24754e-17
1.11022e-16
-1.82146e-16
-4.5363e-16
-3.38705e-16
-1.49186e-16
2.51535e-16
2.6151e-16
-5.52509e-16
-1.71738e-16
-6.40113e-16
-5.85469e-17
-1.49186e-16
-5.84168e-16
4.3715e-16
-7.58942e-16
-6.26669e-16
7.51135e-16
-1.63931e-16
-1.36609e-16
3.79037e-16
2.44596e-16
3.72966e-16
-1.65232e-16
3.13551e-16
-6.50521e-17
-9.66241e-16
1.38344e-16
-1.5786e-16
-3.8641e-16
-1.66967e-16
-8.72132e-16
-7.12104e-16
-2.37223e-16
4.30645e-16
7.32921e-16
-8.92515e-16
-2.9577e-16
-8.40474e-16
-2.69316e-16
-1.25767e-17
-9.45424e-17
-4.02022e-16
-3.58654e-16
-3.25261e-16
-5.65954e-16
1.04083e-17
-2.33754e-16
-2.51101e-16
-2.67581e-16
-5.16948e-16
-4.21971e-16
4.17635e-16
5.09575e-16
4.34115e-16
-1.46584e-16
-6.42715e-16
-6.63098e-16
-3.78603e-16
1.35742e-16
-1.18395e-16
-1.56559e-16
-3.00107e-16
5.54244e-16
2.7929e-16
-5.12611e-16
-5.77229e-16
6.28837e-17
1.10589e-16
-1.11022e-16
2.1684e-17
-1.15359e-16
-1.72605e-16
1.06252e-16
-2.88831e-16
-1.56125e-17
1.60896e-16
-5.48173e-16
-4.80518e-16
2.76255e-16
-2.13371e-16
-4.10262e-16
-4.56232e-16
2.84061e-16
-6.59195e-16
-2.21177e-16
1.87784e-16
-3.40006e-16
-4.43222e-16
1.78243e-16
-5.99781e-16
4.61436e-16
-1.6263e-16
1.12323e-16
-3.79904e-16
-3.92481e-16
4.61436e-16
-3.14419e-16
1.80845e-16
3.42174e-16
-3.29597e-16
2.45897e-16
3.77736e-16
-1.84314e-16
-2.19009e-16
6.99961e-16
-5.00901e-16
1.30538e-16
-3.73399e-16
-4.96131e-16
-1.29237e-16
5.77663e-16
-3.62991e-16
4.11997e-17
-3.74267e-16
3.34368e-16
-1.31405e-16
-1.82146e-16
8.45244e-16
-2.7452e-16
-3.64292e-16
-3.1225e-16
-1.15793e-16
-4.70977e-16
-5.7376e-16
-9.02056e-17
5.22152e-16
3.43909e-16
-6.63098e-16
9.84456e-17
-1.24466e-16
1.1189e-16
2.99673e-16
-1.88217e-16
1.94723e-16
-2.5327e-16
-5.88939e-16
-1.07119e-16
4.68375e-17
-5.92842e-16
2.18575e-16
-9.06393e-17
-2.29851e-17
-2.55872e-16
1.35742e-16
1.7434e-16
5.99347e-16
-1.52656e-16
-3.99854e-16
-4.34982e-16
-4.25007e-17
-3.29597e-17
-1.86483e-17
-5.97612e-16
8.1532e-17
-4.60135e-16
-4.64039e-17
2.28983e-16
-1.9082e-17
-5.85469e-16
-6.28837e-17
-1.97325e-16
-2.8276e-16
-7.58942e-17
1.47885e-16
-6.93022e-16
-1.76942e-16
-7.97973e-17
-7.45931e-17
4.83554e-16
5.26489e-16
-6.99094e-16
2.52402e-16
-3.6993e-16
2.89699e-16
2.18141e-16
1.29237e-16
-4.09828e-16
-1.33921e-15
-4.72278e-16
5.23886e-16
1.9082e-16
-1.10155e-16
-3.38271e-17
1.30538e-16
-4.70977e-16
-7.29451e-16
-5.46872e-16
3.90746e-16
-2.96204e-16
-2.73219e-17
1.2837e-16
1.40079e-16
-1.56125e-16
-2.81025e-16
2.84061e-16
-1.51355e-16
-1.83881e-16
-7.38125e-16
3.00975e-16
-4.05925e-16
5.75061e-16
-6.7394e-16
1.4615e-16
-6.70471e-16
-7.94503e-16
-5.0307e-16
-8.41341e-17
8.63025e-17
6.33174e-17
5.50775e-17
-2.43729e-16
-7.97973e-17
5.26922e-16
-2.2031e-16
1.45283e-16
1.31839e-16
-2.75821e-16
1.51788e-17
-2.54571e-16
-5.29091e-17
-3.46945e-18
-3.42608e-16
1.71738e-16
-1.10155e-16
1.80845e-16
1.77809e-17
-5.0307e-16
4.17635e-16
-3.1572e-16
-5.75928e-16
4.38018e-17
-3.48679e-16
-2.91867e-16
-2.15106e-16
-3.37404e-16
1.80845e-16
1.76942e-16
4.03323e-16
8.76035e-17
-8.03177e-16
-7.1991e-17
2.97939e-16
5.21284e-16
1.34875e-16
2.56739e-16
-2.28983e-16
3.1225e-16
-2.73219e-16
3.72966e-17
-7.18176e-16
-3.33067e-16
-5.02636e-16
-1.80411e-16
-1.4138e-16
3.13551e-16
-1.82146e-16
2.83627e-16
7.68482e-16
2.86229e-17
2.60209e-16
-5.10442e-16
4.43222e-16
-4.28477e-16
1.48753e-16
1.89952e-16
-7.069e-16
-6.66567e-16
-2.27682e-16
5.13044e-16
1.04517e-16
-3.41307e-16
2.74954e-16
-5.88071e-16
5.76796e-17
4.37584e-16
-3.71665e-16
2.42861e-17
-4.80952e-16
5.29524e-16
1.14058e-16
-1.87784e-16
-5.61183e-16
2.42428e-16
-2.77556e-17
-1.62197e-16
1.73906e-16
2.27682e-16
-7.97973e-17
-2.41127e-16
1.15793e-16
-4.11129e-16
1.53957e-16
6.65266e-16
6.98226e-17
-9.67108e-17
-5.81566e-16
-4.09395e-16
2.38524e-17
1.7087e-16
4.07226e-16
-2.11203e-16
-1.35742e-16
-1.00527e-15
-3.18755e-16
-2.48933e-16
6.53991e-16
8.19657e-17
4.94396e-17
7.02563e-17
2.29851e-16
1.32273e-16
-3.90313e-17
1.63931e-16
2.1684e-18
-5.99347e-16
3.49113e-16
-8.8124e-16
-8.88612e-16
-5.16514e-16
-4.18936e-16
8.23994e-17
-3.51282e-17
4.59702e-16
-1.38778e-16
-3.63858e-16
6.68302e-16
5.02202e-16
-6.07153e-17
-6.28837e-16
-3.40873e-16
-2.95337e-16
-2.84061e-16
4.23706e-16
-7.32053e-16
-2.23346e-16
2.37223e-16
2.32453e-16
-3.29597e-17
-9.12465e-16
-4.9483e-16
-3.20924e-17
5.7853e-16
-4.24574e-16
5.47739e-16
-1.23165e-16
-2.55872e-17
1.73472e-17
3.72966e-17
4.41921e-16
-1.53089e-16
6.44883e-16
-8.13152e-16
-5.50775e-16
1.40079e-16
9.93129e-17
7.54605e-17
1.20693e-15
-4.75314e-16
1.40513e-16
-1.04951e-16
3.76001e-16
-1.12323e-16
3.90313e-16
2.44596e-16
6.24067e-16
-4.14599e-16
-6.67869e-16
-7.35523e-16
1.86483e-17
4.73146e-16
-4.03323e-17
-6.88685e-16
-5.00901e-16
3.1225e-17
1.95156e-17
-1.94723e-16
1.73039e-16
-1.21864e-16
5.43836e-16
1.64365e-16
-3.21791e-16
-1.61763e-16
3.1225e-17
-6.37945e-16
-9.15067e-17
-8.08815e-16
-7.2815e-16
1.43115e-16
3.85976e-17
-4.02022e-16
-1.30104e-18
-3.20924e-17
-1.79544e-16
-1.19262e-16
-1.68702e-16
2.35055e-16
1.17528e-16
6.07153e-18
6.44016e-16
2.18141e-16
2.97071e-16
-2.94469e-16
1.73472e-18
-7.61977e-16
2.14672e-16
6.76542e-17
-2.7929e-16
-5.12611e-16
-6.37511e-16
-4.52763e-16
-1.13191e-16
-1.89085e-16
-2.42428e-16
-6.76108e-16
-3.84241e-16
-4.68375e-17
-1.07856e-15
-8.10983e-17
-5.44269e-16
-1.36176e-16
-3.33501e-16
-1.35742e-16
1.15359e-16
-4.90059e-16
-7.12538e-16
1.66967e-16
3.72098e-16
-7.84962e-17
-5.8677e-16
-7.72386e-16
-3.92481e-16
2.76255e-16
5.3256e-16
-1.50487e-16
3.46945e-16
-1.94723e-16
2.05131e-16
1.35742e-16
1.20997e-16
-2.45463e-16
6.76108e-16
-2.5804e-16
-7.27283e-16
2.27249e-16
1.49186e-16
5.04805e-16
-5.20417e-17
7.80626e-17
-4.28043e-16
-7.54605e-17
-1.89085e-16
-6.87818e-16
-2.0383e-17
1.12323e-15
3.00107e-16
3.66894e-16
-3.96384e-16
-1.27502e-16
1.82146e-16
-5.1608e-17
-6.2797e-16
-9.09862e-16
-4.63171e-16
6.93889e-16
1.14058e-16
2.19443e-16
7.28584e-17
2.78423e-16
5.55545e-16
-2.50668e-16
-4.60569e-16
-3.18755e-16
4.28477e-16
8.58688e-17
6.74807e-16
-3.95517e-16
4.69243e-16
-3.33501e-16
3.89445e-16
-1.30104e-16
2.37223e-16
-4.37584e-16
2.98372e-16
1.60462e-16
3.97252e-16
-4.60135e-16
8.97719e-17
-2.24647e-16
4.54064e-16
4.10262e-16
3.85976e-17
-3.17454e-16
-4.21538e-16
5.35596e-16
-4.24574e-16
-3.46945e-17
-4.93095e-16
-3.43042e-16
-1.87784e-16
5.22585e-16
-8.1532e-16
-4.84855e-16
3.59955e-16
1.0842e-17
2.65846e-16
-3.58654e-16
-5.94143e-17
-8.84709e-17
2.15539e-16
4.77049e-17
2.56739e-16
4.01155e-16
5.0784e-16
-9.67542e-16
-3.55185e-16
-1.64669e-15
3.30899e-16
-3.43475e-16
-8.79071e-16
1.38778e-16
2.23346e-16
6.89119e-16
2.07733e-16
-1.52222e-16
-5.39933e-16
-1.4962e-16
-3.01408e-16
2.37223e-16
-4.59268e-16
-4.68375e-17
-3.2396e-16
7.29018e-16
-5.57714e-16
-1.14925e-16
-5.71158e-16
3.58654e-16
-4.82253e-16
-7.63278e-17
-7.97973e-17
7.80626e-18
7.80626e-18
2.38524e-16
-6.61363e-16
-5.94143e-17
-1.93855e-16
5.408e-16
-1.45717e-16
3.87711e-16
5.68122e-17
-3.41307e-16
3.9465e-17
1.25767e-17
5.11743e-17
-5.54244e-16
1.05818e-16
-2.14672e-16
8.37004e-16
3.39138e-16
-1.55258e-16
-5.26489e-16
1.29931e-15
6.80879e-16
1.88217e-16
-8.09249e-16
-3.25694e-16
-1.13191e-16
-5.00034e-16
-1.34441e-17
-6.9519e-16
-3.63425e-16
-1.29237e-16
-2.90133e-16
-5.16948e-16
-2.24647e-16
-3.7817e-16
1.45153e-15
-2.91434e-16
4.47992e-16
7.1514e-16
-3.8294e-16
-7.63278e-17
-2.92735e-16
-4.79651e-16
-4.159e-16
2.0383e-17
3.90313e-18
2.64545e-16
-6.85216e-16
-1.59161e-16
2.42861e-17
-2.33754e-16
-7.79325e-16
1.64799e-16
-1.30104e-18
-3.90313e-17
-2.21177e-17
1.43115e-17
-1.32706e-16
1.10589e-16
-2.36356e-16
-5.68556e-16
-1.26201e-16
-4.59702e-17
-1.32273e-16
-9.97466e-17
-2.31586e-16
5.73326e-16
3.03577e-18
4.8312e-16
4.69676e-16
7.76289e-17
9.1073e-18
1.03216e-16
7.24247e-17
-1.25334e-16
3.12684e-16
-6.67869e-16
-1.2837e-16
4.21538e-16
3.41741e-16
-7.92769e-16
-9.76649e-16
4.94396e-17
8.06646e-16
5.408e-16
-7.63278e-16
4.68375e-17
-4.90059e-17
3.90746e-16
1.38778e-17
2.62377e-16
-3.93782e-16
-5.57714e-16
-1.05384e-16
1.27936e-16
-6.12791e-16
-6.33174e-17
3.90313e-17
-5.10442e-16
6.62664e-16
-1.91687e-16
4.95264e-16
5.85469e-17
4.31512e-16
3.77302e-16
2.91e-16
-1.55691e-16
7.65447e-16
2.09902e-16
1.249e-16
3.38705e-16
5.08708e-16
-1.17528e-16
-1.63064e-16
8.1532e-17
4.90059e-17
-2.73219e-16
1.76508e-16
-2.44596e-16
3.46077e-16
5.20417e-17
5.27356e-16
5.89806e-17
4.04191e-16
8.43076e-16
5.42101e-17
-4.90493e-16
-1.64799e-17
-7.61544e-16
-3.30465e-16
-8.84709e-17
-2.64112e-16
1.12757e-16
-1.04083e-16
1.92121e-16
-5.37764e-16
4.05925e-16
5.85469e-17
-7.13405e-16
-4.06793e-16
3.7817e-16
1.16617e-15
-2.26381e-16
-7.56773e-16
-6.20597e-16
1.04821e-15
-3.33934e-16
-2.73219e-16
-9.36751e-17
-3.01408e-16
-7.73253e-16
-7.2815e-16
8.21392e-16
5.03937e-16
5.85903e-16
1.15793e-16
3.29164e-16
3.4521e-16
1.25767e-16
-1.27849e-15
-9.90961e-16
1.56125e-16
0
-3.56052e-16
8.76035e-17
-9.49327e-16
-2.13805e-16
-6.8218e-16
-5.74627e-16
-1.01481e-16
-1.9906e-16
-7.58942e-16
1.67401e-16
-1.4962e-16
-2.81893e-16
6.28404e-16
-2.31152e-16
-8.67362e-18
3.16587e-17
-4.77483e-16
-2.70183e-16
-9.00321e-16
-1.13191e-16
-2.97939e-16
-8.14886e-16
-8.65193e-16
-6.86083e-16
-2.32453e-16
3.27863e-16
-2.9924e-17
-2.68015e-16
-1.33574e-16
3.29597e-17
-3.64292e-17
-4.79651e-16
1.86483e-17
-1.17528e-16
-3.2396e-16
5.83301e-16
1.06252e-15
-5.76796e-16
-7.16007e-16
8.41341e-17
6.99961e-16
-1.59161e-16
-6.77843e-16
6.33174e-17
-5.46004e-16
-5.39499e-16
6.57894e-16
-4.7835e-16
8.62158e-16
-1.55258e-16
2.23779e-16
-4.49293e-16
-3.16587e-17
5.48606e-16
-7.08201e-16
1.08854e-16
8.49581e-16
9.59302e-16
-1.12323e-16
4.01588e-16
6.30138e-16
-3.34802e-16
3.98553e-16
-2.07733e-16
5.51642e-16
4.44957e-16
-4.77049e-18
-4.34548e-16
5.49907e-16
-1.69569e-16
2.42861e-17
-1.25767e-17
-5.92842e-16
3.11817e-16
6.63532e-17
6.78277e-16
-1.31839e-16
-8.71699e-17
9.09429e-16
5.46438e-17
-1.37911e-16
3.29597e-17
8.71265e-16
7.02997e-16
-1.78677e-16
-1.69569e-16
1.80411e-16
-3.77302e-17
-1.04951e-16
-8.06646e-17
-2.82326e-16
-6.04985e-16
-2.51535e-16
2.65413e-16
2.58474e-16
-1.06252e-16
-1.14318e-15
6.32307e-16
-1.06685e-16
-2.70183e-16
-7.10369e-16
3.0401e-16
3.72966e-16
6.245e-17
8.73e-16
1.52222e-16
-5.66821e-16
8.1055e-16
-2.90566e-16
-6.42281e-16
-4.72712e-17
3.46077e-16
-2.75387e-16
-7.83661e-16
-4.64039e-17
-4.05925e-16
-3.72532e-16
-5.39065e-16
-1.86916e-16
-5.75928e-16
-4.08527e-16
-1.20997e-16
2.10335e-16
-2.30718e-16
-6.41414e-16
-8.89046e-17
-7.24247e-17
6.09322e-16
6.72205e-17
-3.2396e-16
7.29885e-16
3.29597e-16
4.0766e-17
-4.56232e-16
4.46691e-17
-4.35849e-16
-2.92735e-16
1.67834e-16
-2.65413e-16
-4.16334e-16
3.0748e-16
-2.15106e-16
-6.60062e-16
4.01588e-16
6.58328e-16
1.93855e-16
2.13371e-16
-2.48499e-16
3.02276e-16
5.5728e-16
8.33535e-16
5.46004e-16
-6.02816e-17
3.0401e-16
-1.91253e-16
5.43402e-16
2.65846e-16
-1.37911e-16
2.24647e-16
4.05058e-16
9.47159e-16
1.36609e-16
-1.01525e-15
3.80338e-16
-4.01155e-16
-7.09068e-16
1.29237e-16
-1.3314e-16
-7.63278e-16
1.98192e-16
-1.0842e-16
-4.96998e-16
7.46798e-16
-8.10983e-17
2.50668e-16
7.72386e-16
-4.68375e-17
1.56559e-16
-4.92228e-16
7.00828e-16
-8.69096e-16
-3.1225e-16
5.27356e-16
1.30104e-18
7.6588e-16
-4.46691e-17
2.56739e-16
-5.2779e-16
6.02816e-17
6.04985e-16
-1.08854e-15
-6.83047e-16
-2.13371e-16
-1.60028e-16
-4.3238e-16
1.95156e-17
1.25334e-16
-2.98806e-16
-8.63025e-17
1.30538e-16
-3.20924e-16
2.2031e-16
2.16407e-16
-8.04478e-16
-4.77483e-16
-6.96058e-16
-1.33097e-15
6.1149e-17
4.48426e-16
-1.82146e-16
-7.74554e-16
-5.80265e-16
-6.63532e-17
-6.68302e-16
1.80845e-16
-7.81493e-16
7.15573e-17
-6.24067e-16
3.52149e-16
-5.66821e-16
-9.79685e-16
-1.17528e-16
1.23686e-15
-5.00468e-16
4.81386e-16
9.87058e-16
3.13985e-16
1.01915e-16
-7.32921e-17
9.54098e-17
-4.571e-16
1.10589e-16
-6.74807e-16
4.34548e-16
-9.97466e-18
-7.02563e-16
-6.38812e-16
-2.55872e-17
7.23813e-16
-6.13658e-16
5.14779e-16
4.41487e-16
-1.39428e-15
3.68629e-17
-9.54532e-16
-1.80411e-16
-1.86483e-17
7.18176e-16
7.32921e-17
-5.30392e-16
8.04044e-16
6.81313e-16
1.33574e-16
2.40259e-16
-6.72205e-17
-3.8641e-16
2.05131e-16
1.14925e-16
5.31259e-16
-6.33174e-17
-5.02636e-16
6.18429e-16
-2.35055e-16
1.21864e-16
3.20924e-16
4.54064e-16
8.97286e-16
7.9407e-16
-9.34582e-16
-7.43763e-16
4.74447e-16
-1.20563e-16
5.72892e-16
2.13371e-16
-2.70617e-16
7.80626e-18
-9.97466e-18
-2.25514e-17
2.68882e-17
1.75207e-16
9.38919e-16
3.30465e-16
-3.12684e-16
-2.86229e-17
-1.74773e-16
-4.09828e-16
-3.30465e-16
-3.27429e-16
1.93855e-16
5.26055e-16
1.97325e-16
2.46764e-16
6.24067e-16
-4.60569e-16
-2.00794e-16
8.67362e-17
4.82253e-16
1.39212e-16
-3.67328e-16
8.10116e-16
-1.50487e-16
-1.9906e-16
5.69857e-16
3.02276e-16
6.18429e-16
-1.84314e-16
9.71445e-17
-3.88144e-16
2.26815e-16
6.83915e-16
8.58688e-17
-3.9465e-16
-3.72966e-16
2.74954e-16
1.12757e-15
3.31766e-16
-7.17308e-16
-5.64652e-16
-3.31332e-16
-4.11997e-16
2.68015e-16
-6.69603e-16
5.9501e-16
1.13624e-16
-8.24861e-16
-2.65846e-16
-6.67869e-17
-2.15973e-16
7.76289e-16
1.72171e-16
-3.42608e-17
5.22585e-16
-7.89299e-17
3.32633e-16
-3.68629e-17
-1.66967e-16
3.49113e-16
-1.44849e-16
-8.89046e-17
2.07733e-16
-9.58435e-17
-8.06646e-16
7.74988e-16
-2.13805e-16
-3.49547e-16
8.41341e-17
-1.59595e-16
6.20597e-16
2.62811e-16
-1.07423e-15
-3.3697e-16
-5.12611e-16
-1.73906e-16
1.02305e-15
5.93275e-16
2.77989e-16
-1.79978e-16
-2.9924e-16
6.13225e-16
-8.84275e-16
-1.66533e-16
4.18502e-16
1.51355e-16
-3.05745e-16
-5.85469e-16
6.86517e-16
-4.09395e-16
2.01662e-16
-4.38451e-16
-7.09936e-16
-2.18575e-16
-2.73219e-17
-1.43548e-16
2.47198e-17
-1.15359e-15
1.05818e-16
3.06612e-16
2.77556e-16
1.20563e-16
4.38885e-16
2.04697e-16
-3.47812e-16
-7.54171e-16
2.40693e-16
-1.51355e-16
2.23779e-16
1.87784e-16
-5.7029e-16
3.21358e-16
4.30211e-16
-8.96852e-16
4.39752e-16
-4.61003e-16
-5.34295e-16
4.16767e-16
-5.69423e-16
-7.42462e-16
-1.86483e-17
-7.10369e-16
-5.8677e-16
-4.54064e-16
8.00141e-16
-8.94684e-16
-3.07913e-17
4.66641e-16
-8.93383e-17
-5.2432e-16
-2.64979e-16
3.06612e-16
9.37184e-16
-1.34441e-16
7.58074e-16
-9.88792e-17
-1.01091e-15
4.34982e-16
-2.64979e-16
-7.1991e-17
5.85903e-16
-1.01134e-15
7.76289e-17
3.747e-16
-2.18141e-16
-1.6263e-16
5.92408e-16
8.41341e-17
-9.09429e-16
2.2031e-16
2.1684e-17
6.10623e-16
4.77483e-16
1.94289e-16
1.40946e-16
-2.72785e-16
-1.96457e-16
6.97359e-16
-3.10082e-16
-2.32019e-16
5.42101e-17
-6.72639e-16
-1.68268e-16
-4.34982e-16
3.42608e-17
-1.84748e-16
-7.97973e-17
2.84928e-16
-8.26162e-16
6.33608e-16
1.37477e-16
-6.9519e-16
-1.94723e-16
8.17922e-16
3.1572e-16
-8.97719e-17
-5.09141e-16
-8.35703e-16
7.68916e-16
5.75928e-16
4.33681e-17
1.34615e-15
6.27103e-16
6.72205e-16
-6.82614e-16
-9.41087e-17
1.45717e-16
-6.31006e-16
2.54571e-16
3.80338e-16
6.50521e-17
-2.30718e-16
-7.85396e-16
3.43909e-16
-7.38992e-16
-8.2833e-17
2.85796e-16
-1.76508e-16
5.04371e-16
-2.28116e-16
-1.30104e-17
2.51969e-16
4.54064e-16
-2.28983e-16
1.18829e-16
5.94143e-16
-9.52363e-16
-1.43982e-16
-3.25694e-16
-7.20344e-16
2.20744e-16
-1.2941e-15
-8.50448e-16
-8.08381e-16
-3.86843e-16
3.12684e-16
-1.21864e-16
-6.08888e-16
3.76001e-16
3.61256e-16
-3.75134e-16
1.01048e-15
-4.87457e-16
7.63278e-17
-2.2508e-16
7.91468e-16
-4.12864e-16
2.11203e-16
5.43402e-16
-1.65623e-15
1.34007e-16
-6.20164e-17
-2.17708e-16
7.24247e-17
-7.06032e-16
3.81205e-16
1.14188e-15
7.19043e-16
6.76542e-17
-6.21031e-16
-7.43763e-16
-7.84962e-16
-8.99454e-16
-6.66134e-16
3.59955e-16
1.37911e-16
-1.76074e-16
3.2873e-16
1.38344e-16
-9.28077e-17
-7.58074e-16
1.43982e-16
8.21825e-16
-2.38524e-16
6.93456e-16
-3.88578e-16
6.94323e-16
-3.10949e-16
-1.30972e-16
2.91867e-16
-4.79651e-16
3.76869e-16
-5.89372e-16
-2.38524e-16
-4.35849e-16
2.10769e-16
2.5804e-16
3.11817e-16
6.19296e-16
5.46438e-16
-2.48499e-16
1.36002e-15
-8.0231e-17
3.99854e-16
1.80845e-16
-1.18655e-15
3.92481e-16
7.27716e-16
-6.17995e-16
-2.34188e-16
2.52402e-16
-2.31152e-16
1.32706e-16
7.97105e-16
9.44557e-16
-9.79251e-16
5.91107e-16
-2.6628e-16
3.47812e-16
1.55388e-15
-3.59955e-17
2.48065e-16
-4.71845e-16
-1.33183e-15
-3.41741e-16
4.94396e-17
-9.41521e-16
-1.07119e-16
-2.92301e-16
5.41234e-16
7.43329e-16
1.05818e-15
4.4886e-16
5.15213e-16
-4.77049e-17
1.74773e-16
-8.88612e-16
-6.22332e-16
4.25007e-17
-1.14492e-16
-3.57353e-16
-1.42247e-16
-1.07032e-15
1.33574e-16
-6.71338e-16
1.5786e-16
-1.18221e-15
6.14959e-16
-4.92661e-16
-6.99094e-16
5.9848e-17
-1.02609e-15
3.01408e-16
-1.20997e-16
3.1572e-16
-7.12971e-16
4.68375e-16
-3.59521e-16
-6.07587e-16
-6.63098e-16
1.36176e-16
-5.59448e-16
-1.05818e-16
5.47739e-16
1.47451e-16
8.80372e-16
-1.34875e-16
-5.8677e-16
4.41053e-16
2.11636e-16
-2.62811e-16
-3.46511e-16
2.28983e-16
-9.39786e-16
-2.03396e-16
6.16261e-16
-4.74013e-16
-1.2837e-16
-1.04821e-15
-1.75641e-16
1.24466e-16
7.45497e-16
7.3639e-16
5.29958e-16
4.82687e-16
1.80411e-16
3.2873e-16
-5.71591e-16
1.70003e-16
-3.2873e-16
-5.69857e-16
-3.81205e-16
3.85542e-16
-4.6187e-16
1.91253e-16
-5.05238e-16
7.64579e-16
1.61763e-16
1.06685e-16
1.48319e-16
5.10009e-16
-1.21431e-17
2.18141e-16
2.25514e-16
-2.39826e-16
9.80119e-17
4.97432e-16
-3.80772e-16
4.92228e-16
2.53703e-16
2.85796e-16
1.02956e-15
-7.45931e-16
1.43115e-16
-1.73039e-16
-1.42247e-16
-8.39606e-16
1.09721e-16
-1.0842e-16
4.90927e-16
3.08781e-16
-3.57787e-16
1.07987e-16
-2.76688e-16
3.36536e-16
-4.81386e-16
3.84675e-16
5.37764e-17
-3.72532e-16
-6.01082e-16
-5.15647e-16
-7.95371e-16
-3.85976e-17
3.18755e-16
1.51355e-16
4.47559e-16
-8.20958e-16
7.11237e-17
1.27806e-15
-1.58294e-16
-9.99201e-16
-1.20563e-16
2.84495e-16
2.1684e-17
-7.84529e-16
9.1073e-17
1.58727e-16
5.14779e-16
-6.37077e-16
1.77809e-16
8.1532e-17
-4.6534e-16
-2.1684e-16
7.37257e-17
-6.88252e-16
3.92481e-16
1.38778e-16
1.63498e-16
-3.98986e-17
5.11743e-17
-1.35742e-16
-6.46184e-17
4.69243e-16
-1.82146e-17
2.63678e-16
-5.81132e-17
1.80845e-16
4.76615e-16
-3.2396e-16
-6.37511e-17
3.41741e-16
-4.82687e-16
5.26489e-16
1.77809e-16
-1.07553e-16
8.05345e-16
-1.22732e-16
-6.50521e-17
4.77049e-17
-3.34802e-16
2.62377e-16
-5.50775e-17
-4.70977e-16
-5.63785e-17
-4.79217e-16
3.38271e-17
-3.77302e-17
1.59161e-16
2.08167e-16
5.46004e-16
5.82433e-16
1.31102e-15
-8.26162e-16
-1.56992e-16
-4.16767e-16
-6.40113e-16
8.11851e-16
2.46331e-16
-1.18785e-15
-2.22045e-16
5.99347e-16
-3.01408e-16
-2.77122e-16
-6.88252e-16
5.61183e-16
4.90059e-17
-1.05471e-15
2.07733e-16
8.31366e-16
-7.70651e-16
6.28404e-16
1.38127e-15
-5.75061e-16
-8.01442e-16
7.6111e-16
-3.06179e-16
-6.58761e-16
-1.54824e-16
5.76796e-16
-8.46545e-16
-3.1225e-17
1.89519e-16
-9.16801e-16
-2.19876e-16
2.68015e-16
-3.30899e-16
-5.20417e-18
-3.58654e-16
2.57173e-16
5.32126e-16
-1.01048e-16
-1.59595e-16
-4.7011e-16
-1.17614e-15
4.64906e-16
-5.95444e-16
3.79471e-16
5.81132e-16
2.0383e-16
6.6093e-16
-8.44377e-16
-4.29344e-16
1.83447e-16
2.32887e-16
2.31586e-16
-2.18141e-16
3.32633e-16
4.4539e-16
-5.29524e-16
6.4445e-16
-6.62231e-16
-1.61763e-16
5.52943e-16
-2.3679e-16
4.58834e-16
-1.03043e-15
-7.88432e-16
-2.55872e-16
5.20417e-18
9.39786e-16
2.28983e-16
-3.75134e-16
-1.34875e-16
1.04257e-15
-4.96998e-16
-1.78677e-16
3.16587e-16
-5.33427e-17
-7.02563e-16
8.17922e-16
-2.00794e-16
-8.04912e-16
5.82867e-16
5.09141e-16
-3.15286e-16
-2.10769e-16
3.54317e-16
8.71699e-17
-2.55438e-16
-6.07153e-17
1.42681e-16
-2.91434e-16
3.98553e-16
8.82107e-16
5.83734e-16
-1.17528e-16
3.54317e-16
3.00541e-16
-2.15973e-16
-1.76855e-15
-5.08274e-16
2.37223e-16
1.11022e-16
1.06035e-15
-7.05599e-16
-2.10335e-16
6.63532e-17
1.41814e-16
1.96024e-16
-8.32667e-16
7.7759e-16
-1.5439e-16
-1.04257e-15
4.64472e-16
1.77375e-16
-3.12684e-16
-7.59375e-16
-8.50882e-16
1.57426e-16
-7.25982e-16
8.93383e-16
-1.61763e-16
-2.22912e-16
-1.75641e-16
-2.22045e-16
1.13971e-15
1.19522e-15
-1.04083e-17
4.18936e-16
-1.80411e-16
-9.13332e-16
3.77302e-16
4.91794e-16
-4.08961e-16
-1.14492e-16
-8.24861e-16
-2.12937e-16
-3.74267e-16
2.83194e-16
-3.04444e-16
-1.34007e-16
1.2529e-15
-1.3314e-16
-3.68629e-16
-2.4156e-16
3.68629e-16
-3.35669e-16
-3.28296e-16
3.31766e-16
3.83808e-16
-9.33281e-16
7.79758e-16
-2.34621e-16
-1.2464e-15
-1.08854e-15
-8.17488e-16
-1.96891e-16
-6.43149e-16
-2.72352e-16
9.10296e-16
5.26922e-16
-1.50487e-16
2.29851e-17
-9.21138e-16
1.80845e-16
3.77736e-16
-8.18356e-16
-6.0325e-16
-6.15393e-16
1.30538e-16
-8.65193e-16
2.63244e-16
3.27863e-16
-4.93529e-16
-8.24861e-16
3.85542e-16
6.7741e-16
-1.69569e-16
-2.25514e-16
1.01048e-16
-1.69179e-15
8.92515e-16
-6.07153e-17
4.57533e-16
5.79831e-16
-2.23779e-16
-9.11164e-16
-1.9082e-17
3.81639e-17
5.59448e-17
-6.41848e-17
-8.80372e-17
-5.42535e-16
-1.32706e-16
6.25368e-16
4.34548e-16
-4.41487e-16
4.88758e-16
-2.96204e-16
5.94143e-17
1.83013e-16
-1.31188e-15
5.84168e-16
4.25007e-17
5.87638e-16
-3.95951e-16
6.57027e-16
-3.11817e-16
-1.21951e-15
9.15067e-16
5.54678e-16
-8.79505e-16
-1.42681e-16
4.7011e-16
-1.94723e-16
1.30104e-18
3.13551e-16
-8.18356e-16
-2.1207e-16
-2.12937e-16
3.6169e-16
1.20997e-16
-6.93889e-17
1.84314e-16
-5.61617e-16
-3.25261e-16
1.4576e-15
9.0249e-16
1.13624e-16
-9.71445e-17
8.16187e-16
-9.70144e-16
1.51788e-17
-8.4481e-16
-1.08854e-16
-4.79217e-16
6.02816e-16
9.49761e-17
3.6169e-16
2.93602e-16
7.05165e-16
-4.26308e-16
2.50234e-16
-4.55365e-16
5.72459e-16
-1.51788e-16
-5.06106e-16
2.81893e-16
3.16153e-16
2.94469e-16
3.10516e-16
-1.04083e-16
2.1684e-17
-4.95697e-16
-3.56486e-16
-1.43548e-16
4.75748e-16
-1.89952e-16
1.09288e-16
1.39212e-16
2.62811e-16
7.10803e-16
-6.38378e-16
8.67362e-18
2.21177e-17
5.58147e-16
-6.1973e-16
1.30104e-16
6.17128e-16
-6.17995e-16
5.59448e-17
5.14346e-16
1.0018e-15
-1.22775e-15
1.07119e-16
5.28223e-16
-1.26635e-16
1.02435e-15
1.79978e-16
7.32921e-17
-1.02869e-15
4.42354e-16
-6.93889e-18
-1.34441e-17
1.39385e-15
1.73472e-16
-7.50268e-16
-7.72386e-16
-1.30104e-18
2.12937e-16
-3.27429e-16
-1.0365e-16
3.00107e-16
-4.16767e-16
-3.66894e-16
-1.58294e-16
1.97758e-16
-4.51462e-16
-5.61617e-16
1.79544e-16
-5.82867e-16
6.14092e-16
2.90566e-17
3.75134e-16
-9.64073e-16
-2.24213e-16
3.97252e-16
-6.22332e-16
-7.01262e-16
8.76035e-17
7.46365e-16
-3.92481e-16
4.77049e-17
1.4099e-15
-8.12284e-16
-2.86229e-17
-1.60462e-16
4.12864e-16
-6.28404e-16
-1.29671e-16
-1.91253e-15
5.34729e-16
-2.64545e-17
5.00901e-16
-1.09244e-15
-1.63498e-16
1.96891e-16
-6.80879e-17
-1.48319e-16
-3.66027e-16
-9.03357e-16
-1.16226e-16
-4.39319e-16
5.85035e-16
2.55872e-16
-1.4138e-16
-4.51028e-16
1.86916e-16
1.47451e-17
-6.11056e-16
1.01395e-15
9.02056e-17
-4.34548e-16
-2.48933e-16
-3.41741e-16
1.96024e-16
2.7929e-16
8.36137e-16
-1.06425e-15
3.42608e-16
3.05745e-16
-2.29851e-17
-1.06252e-16
6.16261e-16
-1.71738e-16
-1.82146e-16
-8.52617e-16
1.04734e-15
4.52329e-16
-7.65013e-16
3.41307e-16
-5.20851e-16
5.98046e-16
-4.44957e-16
-3.81639e-17
3.69062e-16
3.59955e-16
1.30191e-15
2.86229e-16
5.04371e-16
-7.49401e-16
2.30718e-16
-3.29597e-17
-9.85323e-16
7.16441e-16
-2.27249e-16
1.2837e-16
-1.80845e-16
3.51715e-16
1.80845e-16
9.87058e-16
-7.02563e-17
5.6552e-16
-6.1149e-17
1.19999e-15
6.3274e-16
4.76182e-16
-1.98192e-16
-5.28223e-16
-1.39212e-16
5.76362e-16
1.93422e-16
4.42354e-17
-1.26895e-15
-1.30972e-16
-2.81025e-16
1.26158e-15
-8.24427e-16
-1.50921e-16
-1.32273e-16
2.08167e-16
3.03577e-17
-2.05131e-16
9.70144e-16
-9.0249e-16
-2.74086e-16
1.43548e-16
-4.59702e-16
3.72098e-16
-3.50414e-16
-8.47846e-16
4.90927e-16
-5.63785e-18
6.47486e-16
-2.09468e-16
8.80372e-16
7.08635e-16
-3.62124e-16
-3.41307e-16
1.23859e-15
-8.23994e-18
4.85723e-16
-2.61943e-16
7.14272e-16
1.11846e-15
2.31152e-16
-3.17454e-16
-7.48533e-16
4.54498e-16
-4.76615e-16
3.28296e-16
3.57353e-16
3.05311e-16
8.6476e-16
2.50234e-16
3.87277e-16
-1.38778e-16
-2.29417e-16
-1.24033e-16
-5.0307e-16
2.79724e-16
-7.25548e-16
1.0365e-16
-6.02816e-16
-1.23165e-15
-5.9848e-17
-2.54137e-16
1.9559e-16
8.30499e-16
-1.73906e-16
-1.24727e-15
2.64112e-16
-4.81819e-16
1.48275e-15
-1.2013e-16
4.64906e-16
-3.46945e-17
1.33574e-16
-3.59955e-17
2.19009e-16
3.60389e-16
-3.16587e-17
2.37223e-16
-5.94576e-16
-4.33681e-19
5.14779e-16
-3.55618e-17
-6.4098e-16
1.72171e-16
-4.2891e-16
2.63678e-16
-6.24934e-16
7.06032e-16
-5.81566e-16
-4.64906e-16
1.8258e-16
1.77809e-16
-8.63025e-16
4.57533e-16
-1.10068e-15
-2.93168e-16
4.30645e-16
-6.50521e-18
2.59341e-16
-5.86337e-16
-1.51788e-16
-1.43548e-16
9.58868e-16
-9.08128e-16
6.68302e-16
-3.4521e-16
-7.24247e-17
5.38632e-16
-5.9501e-16
-7.68482e-16
1.35742e-16
-6.79578e-16
1.02349e-16
7.67615e-17
1.43548e-16
-8.18356e-16
5.13478e-16
-2.80158e-16
7.68482e-16
6.80445e-16
3.91614e-16
3.50414e-16
4.62737e-16
-3.07046e-16
-3.51282e-16
1.23469e-15
-7.15573e-17
1.65666e-16
-3.92915e-16
1.85182e-16
-2.81893e-17
-5.06539e-16
-2.8753e-16
9.88792e-17
4.48426e-16
-2.15539e-16
1.50921e-16
6.98226e-17
6.88252e-16
4.80518e-16
-1.18829e-16
-3.90313e-17
-1.4615e-16
3.61256e-16
1.87784e-16
2.73219e-17
1.0842e-17
2.9924e-17
3.35669e-16
-4.68809e-16
1.6263e-16
3.59955e-17
1.49577e-15
-7.88866e-16
1.65189e-15
-1.99493e-16
-1.8735e-16
2.19876e-16
-5.73326e-16
1.70437e-16
3.42174e-16
-3.25261e-16
-2.2508e-16
9.76649e-16
-4.76182e-16
7.32921e-17
8.67362e-17
6.76542e-17
2.47198e-16
3.12684e-16
-9.09429e-16
-5.65954e-16
2.27249e-16
-4.13298e-16
8.57387e-16
7.13405e-16
-7.96672e-16
5.55545e-16
3.33934e-17
-4.41053e-16
-1.49403e-15
-2.52402e-16
-6.46184e-16
4.43656e-16
3.91614e-16
-8.99888e-16
-7.76289e-16
-6.55725e-16
-4.04624e-16
-1.32273e-16
1.38344e-16
3.07913e-17
6.74807e-16
-5.59448e-17
5.46438e-17
-8.20958e-16
-2.50668e-16
-4.94396e-16
1.95156e-17
-3.24827e-16
-2.086e-16
2.13805e-16
1.03216e-16
3.43475e-16
-7.24247e-16
2.49366e-16
3.89445e-16
-2.50234e-16
2.11636e-16
5.55112e-17
-3.83374e-16
-2.55872e-16
-8.49147e-16
9.32414e-16
-1.23252e-15
5.60749e-16
-9.67108e-16
4.43656e-16
5.46004e-16
-1.86483e-17
-7.45064e-16
8.03611e-16
-8.06646e-17
-2.29851e-17
1.24466e-16
-1.12757e-16
-7.20778e-16
8.38739e-16
-1.11499e-15
1.30104e-18
6.58328e-16
4.52763e-16
-6.49654e-16
8.93383e-17
-7.61544e-16
-2.54571e-16
-5.69857e-16
4.90059e-17
-1.42551e-15
3.18755e-16
5.62918e-16
-2.15973e-16
4.46691e-17
-9.17669e-16
-2.77989e-16
8.70831e-16
4.7835e-16
2.97505e-16
1.4962e-16
5.59448e-16
-1.6263e-16
-4.0766e-17
-5.87638e-16
3.90313e-18
-8.72132e-16
1.0378e-15
-1.83013e-16
6.95624e-16
-3.66027e-16
4.72712e-17
7.60676e-16
1.9906e-16
8.88612e-16
-6.49654e-16
7.76289e-16
7.02563e-16
-8.67362e-16
5.9848e-17
-5.52509e-16
5.2779e-16
2.02963e-16
-1.1189e-16
1.18135e-15
-3.33934e-17
2.17708e-16
1.46584e-16
8.94684e-16
-1.35829e-15
-5.61617e-16
-7.18176e-16
3.89012e-16
-5.58581e-16
6.61363e-16
-5.06973e-16
2.30718e-16
-2.60209e-18
-3.54317e-16
-6.91287e-16
1.17961e-16
6.657e-16
2.60209e-16
-6.67869e-16
-8.67362e-18
-1.14058e-16
-8.43076e-16
-2.60209e-17
2.19876e-16
-1.06685e-16
9.38919e-16
-1.22949e-15
6.09755e-16
5.43402e-16
2.99673e-16
6.245e-17
2.40693e-16
8.80372e-17
-4.70544e-16
3.90313e-16
8.67362e-17
3.37837e-16
2.91434e-16
5.83734e-16
3.13551e-16
6.59629e-16
-1.21864e-16
-3.20924e-16
2.04264e-16
-5.94143e-17
-4.02022e-16
4.71845e-16
-2.98372e-16
-7.7759e-16
-1.1228e-15
3.97685e-16
5.50775e-17
-3.82073e-16
-1.69136e-16
7.34655e-16
5.08708e-16
-3.52583e-16
1.37911e-16
2.89699e-16
-6.87818e-16
3.26995e-16
-1.0018e-16
-9.85323e-16
-1.15576e-15
8.11417e-16
-6.80879e-17
8.21825e-16
-3.32633e-16
7.87998e-16
6.16694e-16
5.24754e-17
-4.21538e-16
-3.71231e-16
1.65232e-16
-4.03323e-16
1.24076e-15
-1.01958e-15
-3.31332e-16
2.76688e-16
4.57967e-16
-6.89553e-17
5.34729e-16
-5.46438e-17
4.04191e-16
-9.75782e-17
4.80085e-16
8.35703e-16
-1.12063e-15
-1.10155e-16
-5.63785e-18
9.36751e-17
-1.68268e-16
4.81386e-17
2.71918e-16
8.37004e-17
-9.41087e-17
-1.19696e-16
-2.35055e-16
-4.48426e-16
-7.30319e-16
2.97505e-16
8.90347e-16
5.83301e-16
5.85035e-16
1.60462e-16
4.25875e-16
-7.42895e-16
3.97252e-16
6.05418e-16
1.65926e-15
1.98626e-16
1.01048e-16
7.64579e-16
-3.65159e-16
-1.21127e-15
1.91687e-16
-2.84495e-16
9.92696e-16
-4.25007e-16
9.1073e-17
-3.00107e-16
-2.68015e-16
1.419e-15
1.01872e-15
-2.51535e-16
2.55872e-17
3.33067e-16
3.82073e-16
-6.55725e-16
-2.80158e-16
1.99493e-16
-3.21358e-16
3.88578e-16
2.25948e-16
8.74301e-16
-1.57513e-15
1.35308e-16
-5.81132e-17
-2.76255e-16
-4.77049e-18
-6.12791e-16
-2.42428e-16
-2.46331e-16
-7.71952e-16
9.19403e-17
-2.78857e-16
-3.89879e-16
5.68989e-16
-1.84748e-16
1.35395e-15
9.29378e-16
-3.36103e-16
-2.91434e-16
1.86483e-16
-5.408e-16
-4.39319e-16
1.36176e-16
1.75641e-16
-1.29237e-16
1.06252e-15
-7.54605e-16
-4.38451e-16
-4.14165e-16
-9.6971e-16
-1.02349e-16
-3.36536e-16
2.82326e-16
6.54858e-17
-6.58761e-16
-1.46497e-15
6.20597e-16
-2.28983e-16
-1.15533e-15
2.93168e-16
2.55004e-16
-2.81893e-17
1.99753e-15
-8.12284e-16
7.27716e-16
5.05672e-16
-4.81819e-16
4.85289e-16
-1.00571e-15
-2.11203e-16
7.68049e-16
1.43548e-16
-1.27762e-15
-1.98626e-16
2.97071e-16
-5.6205e-16
-2.086e-16
7.02563e-16
-6.98226e-17
-6.05852e-16
-1.50921e-16
3.24827e-16
4.75314e-16
-2.55872e-17
-2.71484e-16
-7.45497e-16
1.18221e-15
2.86663e-16
4.64472e-16
4.39319e-16
-9.67976e-16
-7.58074e-16
2.2031e-16
1.17528e-16
2.61076e-16
-3.28296e-16
-9.84022e-16
-5.53377e-16
7.89299e-16
-2.67581e-16
-4.11129e-16
7.37257e-18
2.55004e-16
3.29597e-16
-1.61763e-16
5.06539e-16
3.77302e-17
1.21431e-16
-2.07733e-16
-7.76289e-17
3.21791e-16
4.43656e-16
-1.43982e-16
-2.57606e-16
-8.71699e-17
2.15539e-16
6.15827e-17
7.1991e-17
1.67834e-16
1.37911e-16
8.18789e-16
-6.02816e-17
-9.01189e-16
1.04214e-15
-2.35922e-16
-5.37331e-16
-4.25007e-17
5.96745e-16
2.45897e-16
-6.245e-16
-2.32887e-16
-4.68375e-17
8.93383e-17
-5.46438e-17
1.03216e-16
2.12504e-17
1.09808e-15
-1.38778e-17
-6.08021e-16
1.92988e-16
-3.05311e-16
4.42788e-16
-3.13985e-16
-2.38091e-16
-2.12937e-16
5.76796e-16
-7.42462e-16
1.4962e-16
-5.0307e-17
-3.41307e-16
9.49761e-17
1.02435e-15
-7.55906e-16
-1.77375e-16
-4.51028e-16
7.76289e-17
3.42174e-16
8.63025e-17
-8.71265e-16
5.33861e-16
2.66714e-16
-5.0307e-17
-8.8124e-16
2.90566e-16
-5.21718e-16
-7.55038e-16
6.73073e-16
-8.95985e-16
6.80879e-16
4.05058e-16
-2.29417e-16
1.09721e-16
-3.16587e-16
-3.92481e-16
1.77809e-16
4.64906e-16
-8.79938e-16
2.25948e-16
-4.57533e-16
-8.8124e-16
-1.05862e-15
5.71591e-16
8.2833e-17
-2.05131e-16
-1.49186e-16
1.63498e-16
2.90566e-16
-1.05341e-15
1.51788e-17
7.81927e-16
2.74086e-16
-1.27676e-15
5.51642e-16
-1.55691e-16
-5.99781e-16
5.29091e-17
-2.7929e-16
-5.8677e-16
1.26375e-15
5.62484e-16
-6.64833e-16
1.44849e-16
-1.661e-16
-2.77122e-16
-2.97505e-16
7.96238e-16
7.04731e-16
-8.04478e-16
1.95156e-16
5.26489e-16
-1.76508e-16
-6.8218e-16
1.0391e-15
-8.89046e-17
9.54098e-17
-2.1684e-18
-2.05565e-16
8.60857e-16
2.52402e-16
-2.79724e-16
-4.85723e-17
4.8312e-16
1.37911e-16
-3.6169e-16
2.76688e-16
-3.22659e-16
-5.68122e-17
9.59302e-16
-2.498e-16
-7.19477e-16
-2.01662e-16
8.67362e-19
4.77916e-16
-8.17488e-16
-1.55258e-16
8.17922e-16
-4.2067e-17
4.44089e-16
1.67401e-16
6.8695e-16
5.07407e-17
-2.48933e-16
-3.22659e-16
-4.85723e-16
8.1532e-16
5.35162e-16
-1.98192e-16
6.01515e-16
-6.85216e-17
-1.01742e-15
-4.46691e-16
7.77156e-16
-1.19262e-16
2.5327e-16
-1.5786e-16
-3.57353e-16
2.42428e-16
-2.65846e-16
9.97466e-17
-2.22478e-16
9.11597e-16
-1.23946e-15
5.16948e-16
4.36283e-16
1.30104e-17
-1.92294e-15
5.7376e-16
-2.66714e-16
5.48173e-16
-4.44089e-16
1.34051e-15
-4.51028e-17
1.58727e-16
-9.42389e-16
-1.75641e-16
-4.59268e-16
-6.99094e-16
6.54424e-16
-5.6205e-16
1.65666e-16
-5.20417e-17
-1.37043e-16
9.45424e-17
3.50848e-16
-7.41594e-17
-3.87277e-16
-7.97973e-17
-2.41127e-16
-4.68809e-16
2.21611e-16
2.98806e-16
-8.2356e-16
-4.78784e-16
-3.90313e-18
-5.76796e-17
-7.63278e-16
5.32126e-16
-1.31969e-15
3.34802e-16
-4.54064e-16
-2.60209e-18
7.26415e-16
-4.55365e-17
3.27429e-16
2.17708e-16
-3.47378e-16
-8.10983e-17
-3.03143e-16
-1.63498e-16
7.92769e-16
-4.46691e-16
-4.06793e-16
-6.71772e-16
-5.33427e-16
-1.32273e-16
1.09461e-15
-2.85362e-16
-1.50487e-16
3.10516e-16
6.39679e-16
-6.35342e-16
-5.1608e-17
-4.64472e-16
-4.76615e-16
2.02963e-16
5.22152e-16
-5.83301e-16
7.80626e-16
-1.9559e-16
4.2067e-17
-1.62544e-15
-3.48679e-16
-4.4886e-16
2.22045e-16
2.77556e-17
-5.95878e-16
4.99167e-16
-6.90854e-16
9.1897e-16
-1.29671e-16
2.29417e-16
-6.6093e-16
1.02088e-15
-4.77049e-16
-1.71738e-16
1.35265e-15
1.2013e-16
4.64039e-17
1.99493e-16
1.47885e-16
-2.48065e-16
6.68302e-16
-5.21284e-16
7.7412e-16
-1.60028e-16
-1.0018e-16
-1.4138e-16
9.17669e-16
-1.47061e-15
2.75387e-16
4.2067e-17
-6.88252e-16
-3.5822e-16
6.00214e-16
-1.04604e-15
-4.43656e-16
-9.54098e-18
-6.47052e-16
-3.79471e-16
2.75387e-16
4.79217e-16
-1.75641e-16
1.24293e-15
8.43943e-16
-1.22558e-15
1.47451e-17
6.88252e-16
-1.83013e-16
5.59015e-16
-9.04658e-16
1.27068e-16
2.52402e-16
-1.14058e-16
3.76001e-16
-4.87457e-16
-4.49727e-16
-1.17528e-16
1.0031e-15
-1.05384e-15
4.51028e-16
7.42895e-16
-6.89553e-16
8.13585e-16
-8.73433e-16
8.79505e-16
-4.30645e-16
-1.84314e-16
5.25621e-16
9.58435e-17
-4.33681e-17
-1.30798e-15
1.08811e-15
-8.30933e-16
6.51822e-16
3.59955e-16
-1.01395e-15
6.47486e-16
2.65846e-16
1.76942e-16
6.1149e-16
7.24247e-17
4.4062e-16
2.10335e-16
-9.75782e-17
-4.5363e-16
-7.45064e-16
2.86663e-16
-1.07206e-15
5.0307e-17
1.10372e-15
-2.46331e-16
7.28584e-17
-3.16153e-16
-8.23994e-18
-6.02816e-17
9.85757e-16
1.83447e-16
5.42101e-16
-3.81639e-16
3.59955e-16
-2.97505e-16
9.39353e-16
-1.56689e-15
1.14925e-16
-2.77989e-16
1.12497e-15
-1.23382e-15
-3.85542e-16
-5.42968e-16
-8.37004e-17
-1.8258e-16
5.76796e-17
4.31512e-16
-2.47198e-17
4.33681e-18
4.33681e-19
7.91468e-16
-7.65013e-16
7.12971e-16
-5.8677e-16
8.63025e-17
1.57947e-15
-6.7394e-16
-2.0383e-17
-6.19296e-16
2.91434e-16
1.79978e-16
-1.56125e-17
-3.09648e-16
-6.60496e-16
6.31006e-16
-4.84855e-16
7.45931e-17
-1.32706e-16
-4.06359e-16
-4.46691e-17
-4.92228e-16
-9.88792e-17
-1.8735e-16
-7.64579e-16
6.78711e-16
3.17021e-16
-1.98192e-16
-8.05779e-16
4.22405e-16
5.1131e-16
4.12864e-16
6.02816e-16
-4.33681e-18
-1.21127e-15
-4.08961e-16
-6.56159e-16
6.74807e-16
-1.9559e-16
-8.82107e-16
5.49474e-16
3.10949e-16
2.94036e-16
6.81313e-16
1.85182e-16
-9.61037e-16
2.68882e-16
3.29597e-17
-8.64326e-16
4.43656e-16
-1.2529e-15
2.44596e-16
-4.33681e-19
2.68882e-17
1.29671e-16
6.35342e-16
-3.55185e-16
-9.75782e-17
1.56125e-17
-1.17094e-16
-2.58474e-16
1.34441e-16
-3.51282e-16
6.86517e-16
1.56559e-16
7.97973e-17
-7.32921e-16
-6.91721e-16
1.07379e-15
-5.23886e-16
-3.91614e-16
-3.4521e-16
4.42354e-17
-6.01949e-16
1.5027e-15
-2.47198e-16
1.44416e-16
-3.9118e-16
-6.54858e-17
4.20237e-16
8.97719e-16
3.11383e-16
1.83447e-16
-6.13225e-16
-4.0289e-16
-3.31766e-16
-2.31152e-16
-8.31366e-16
9.77083e-16
-3.66894e-16
-1.25334e-16
1.01915e-16
1.30104e-16
1.26071e-15
1.4615e-16
5.82867e-16
1.36956e-15
-1.88217e-16
-1.38778e-17
4.14599e-16
-1.42161e-15
9.12031e-16
-8.32667e-16
2.23346e-16
1.56125e-17
1.41814e-16
-6.21898e-16
5.62484e-16
8.82107e-16
-1.21214e-15
1.55952e-15
-1.95156e-17
-6.13658e-16
-4.10262e-16
-3.51282e-17
-1.27502e-15
-8.04912e-16
-1.76942e-16
4.78784e-16
-7.35956e-16
1.32229e-15
-1.82146e-16
-4.7358e-16
4.64906e-16
6.00648e-16
5.18682e-16
5.37764e-16
3.31766e-16
-1.38041e-15
8.55219e-16
1.26201e-16
-7.57207e-16
-4.33247e-16
-1.22298e-16
-7.93202e-16
-1.37911e-16
1.19696e-16
7.58942e-16
-4.90059e-17
2.33754e-16
1.68702e-16
-5.00901e-16
4.31079e-16
-1.65232e-16
-1.64799e-16
-8.20524e-16
1.0018e-16
3.91614e-16
-6.46184e-17
-4.4886e-16
-2.26815e-16
2.16407e-16
-3.96384e-16
-4.59268e-16
2.17708e-16
-5.55112e-17
-5.47305e-16
6.87384e-16
-1.77809e-16
-3.19623e-16
6.05418e-16
-5.38632e-16
3.56919e-16
-6.21031e-16
-1.0842e-17
7.24247e-17
3.57353e-16
4.29344e-17
-1.1666e-16
5.3603e-16
-3.92048e-16
-3.46511e-16
6.79578e-16
-1.14362e-15
2.41994e-16
1.43071e-15
6.99527e-16
3.67328e-16
-4.18502e-16
8.62591e-16
-1.11846e-15
-2.24647e-16
2.47632e-16
-2.54137e-16
-4.85289e-16
-9.78384e-16
-1.63064e-16
-1.55258e-16
-6.93889e-17
-5.43836e-16
-2.55872e-17
3.92481e-16
6.40547e-16
-7.86263e-16
3.06612e-16
-1.04907e-15
1.47451e-16
-1.28803e-16
-3.92481e-16
-3.17021e-16
-6.60062e-16
1.75207e-16
-4.00287e-16
7.37257e-16
1.60462e-17
-7.46365e-16
8.16621e-16
-3.33934e-17
-3.89879e-16
1.47018e-16
1.87784e-16
-2.42861e-17
4.29778e-16
-4.14165e-16
3.98119e-16
-1.05384e-16
-1.29454e-15
1.14492e-16
-1.21561e-15
8.60857e-16
4.2891e-16
5.10876e-16
-5.10009e-16
5.26922e-16
1.27068e-16
-1.04691e-15
6.17128e-16
2.16407e-16
3.83808e-16
-1.05818e-16
-2.39826e-16
-2.73219e-17
1.30972e-16
4.37584e-16
2.97939e-16
-1.12367e-15
-3.95951e-16
1.67271e-15
2.60209e-18
3.98119e-16
8.76903e-16
-5.07407e-17
-2.34188e-16
-6.34909e-16
4.83554e-16
4.91794e-16
8.01009e-16
-6.21898e-16
9.02056e-16
1.58727e-16
3.83808e-16
2.55872e-17
3.64726e-16
2.84495e-16
3.05745e-16
8.15754e-16
2.02529e-16
5.07407e-16
3.07913e-17
-7.64579e-16
6.37945e-16
4.39319e-16
-5.29091e-17
-1.6263e-16
1.8258e-16
9.06393e-17
-4.77049e-17
-1.27936e-16
6.35342e-16
-4.25007e-17
2.74086e-16
-1.71738e-16
2.12504e-17
-1.52222e-16
-7.18176e-16
-3.4521e-16
6.43582e-16
-5.61617e-16
4.01155e-16
-3.2396e-16
6.24067e-16
2.08167e-17
-3.00107e-16
2.1207e-16
-1.53089e-16
5.31693e-16
-9.02056e-16
-7.75421e-16
6.7394e-16
7.11237e-17
5.30392e-16
-9.97466e-17
3.80772e-16
4.09828e-16
-5.63785e-18
7.42895e-16
3.84675e-16
-9.98333e-16
8.09249e-16
-1.01048e-15
-5.24754e-17
7.27283e-16
-4.996e-16
9.89226e-16
-1.24293e-15
2.76688e-16
1.31839e-16
-3.13551e-16
5.58581e-16
-4.41053e-16
6.32307e-16
-3.54317e-16
1.81712e-16
5.55112e-16
-1.93422e-16
1.76942e-16
-4.46691e-16
-2.8753e-16
1.58294e-16
2.13371e-16
4.59702e-16
-5.84602e-16
2.86229e-16
1.7434e-16
-7.82794e-16
2.73219e-16
-2.55004e-16
4.04191e-16
-2.88398e-16
-5.77663e-16
-8.89046e-17
4.0766e-17
6.63532e-16
-5.29091e-17
2.61943e-16
1.34398e-15
-1.01351e-15
-1.11022e-16
-5.72892e-16
-4.39319e-16
2.60209e-16
1.32706e-16
7.63278e-17
-1.4962e-16
9.36751e-17
-2.48499e-16
3.0401e-16
1.5439e-16
-2.97071e-16
1.56125e-16
-1.33834e-15
6.16694e-16
-1.40079e-15
6.61797e-16
1.13581e-15
-8.79071e-16
4.29344e-16
3.99854e-16
1.12757e-16
-3.60822e-16
8.70398e-16
2.3332e-16
7.02563e-17
8.80372e-17
-5.50341e-16
8.91214e-16
1.0365e-16
4.75748e-16
-5.16514e-16
-8.59555e-16
5.28657e-16
-1.14058e-16
-6.1149e-16
-8.19657e-17
3.75568e-16
-5.2432e-16
-1.67401e-16
-2.3679e-16
-5.74193e-16
4.33247e-16
-3.47812e-16
1.48753e-16
5.13912e-16
1.18829e-16
7.76289e-17
-1.30972e-16
5.20851e-16
-3.97252e-16
2.4156e-16
7.89299e-17
3.52149e-16
6.46618e-16
-1.49186e-16
2.54571e-16
1.36609e-16
4.6534e-16
-6.98226e-17
-3.38271e-17
3.20056e-16
1.00614e-15
2.41127e-16
-2.06432e-16
-4.33247e-16
-4.80085e-16
4.7011e-16
-3.55618e-17
-5.94143e-16
7.51135e-16
7.99274e-16
-6.3621e-16
4.05058e-16
-5.87638e-16
5.00034e-16
-2.09034e-16
-5.25188e-16
6.68736e-16
-6.28837e-17
9.25909e-16
-1.9906e-16
9.49761e-17
-3.06179e-16
4.11997e-17
6.8218e-16
-8.39172e-16
6.47919e-16
-2.97071e-16
-4.03323e-17
4.67074e-16
1.71738e-16
3.87711e-16
-2.15973e-16
9.84456e-17
7.73253e-16
-5.00034e-16
-2.44162e-16
-1.27936e-16
-9.75782e-17
-3.73399e-16
9.42389e-16
-2.64545e-16
-1.76074e-16
-3.57787e-16
8.23994e-18
1.19262e-16
-4.72712e-16
-1.56125e-17
-2.60209e-16
-7.1991e-16
2.63678e-16
-7.01696e-16
4.4062e-16
-6.00648e-16
-4.84855e-16
3.21358e-16
-2.0383e-17
-3.28296e-16
-5.15647e-16
-5.89806e-16
-1.27502e-16
2.68448e-16
-6.57027e-16
-9.1073e-18
4.8312e-16
3.0748e-16
-9.62772e-17
-3.13551e-16
-5.81566e-16
-1.39212e-16
-2.38958e-16
2.28983e-16
3.98553e-16
5.38198e-16
-2.96638e-16
-1.1228e-15
4.55799e-16
-2.56305e-16
-5.76796e-17
-6.36644e-16
4.52763e-16
8.76035e-17
-1.04083e-17
1.88217e-16
-1.11239e-15
2.60209e-17
-3.31332e-16
-3.44343e-16
2.00794e-16
-3.59521e-16
6.50521e-17
-4.94396e-16
-4.31946e-16
-1.92554e-16
-6.42715e-16
-5.58147e-16
5.56413e-16
4.16334e-17
-5.59015e-16
-2.96204e-16
-4.55799e-16
-2.83194e-16
-7.52003e-16
7.02997e-16
-4.78784e-16
-4.72712e-17
-3.97252e-16
1.04083e-16
-1.40946e-16
7.18176e-16
1.18395e-16
-3.33501e-16
-1.76074e-16
-1.20997e-16
2.8276e-16
3.60389e-16
3.27429e-16
1.55691e-16
-3.14852e-16
-2.85796e-16
2.1684e-18
-3.90313e-16
-1.49186e-16
5.4904e-16
5.24754e-16
9.97466e-18
6.07153e-17
8.9425e-16
-6.42281e-16
1.26635e-16
4.13298e-16
-1.01048e-15
4.36283e-16
-1.56125e-17
7.82794e-16
-1.9082e-16
4.93095e-16
1.14925e-16
1.39645e-16
2.90133e-16
-6.48353e-16
7.26415e-16
-4.49727e-16
-5.4904e-16
4.42354e-17
-4.09395e-16
-8.47846e-16
3.747e-16
-7.99274e-16
-4.23273e-16
3.60822e-16
4.03757e-16
-3.77736e-16
1.03216e-16
-1.21431e-16
4.159e-16
3.51282e-17
7.89299e-16
5.74627e-16
5.33427e-17
-3.89879e-16
6.93889e-17
-3.20056e-16
-1.9082e-16
1.01481e-15
7.9407e-16
-1.20997e-16
-2.77556e-16
-2.22912e-16
3.34368e-16
-2.47198e-17
6.05852e-16
1.04083e-16
-1.28066e-15
-1.63151e-15
-2.06432e-16
2.98372e-16
-6.55292e-16
7.41161e-16
8.96852e-16
8.06646e-17
-1.56125e-17
-1.10589e-15
-6.30572e-16
-1.0842e-16
8.09682e-16
-9.83588e-16
2.42861e-17
8.32234e-16
-4.94396e-16
-2.77556e-17
1.78677e-16
4.64039e-17
9.67108e-16
-1.30755e-15
2.32019e-16
4.93963e-16
-6.3274e-16
-4.21538e-16
-1.56125e-17
4.4062e-16
7.21211e-16
6.02383e-16
2.05565e-16
-1.01048e-16
9.23307e-16
1.53046e-15
1.96891e-16
7.17742e-16
2.01662e-16
-6.80445e-16
-3.47378e-16
-2.9577e-16
-9.94864e-16
5.92842e-16
2.95337e-16
-3.23526e-16
)
;

boundaryField
{
    top
    {
        type            calculated;
        value           uniform 0;
    }
    bottom
    {
        type            calculated;
        value           uniform 0;
    }
    wall
    {
        type            calculated;
        value           uniform 0;
    }
    frontAndBack
    {
        type            empty;
    }
}


// ************************************************************************* //
