/*--------------------------------*- C++ -*----------------------------------*\
| =========                 |                                                 |
| \\      /  F ield         | foam-extend: Open Source CFD                    |
|  \\    /   O peration     | Version:     4.0                                |
|   \\  /    A nd           | Web:         http://www.foam-extend.org         |
|    \\/     M anipulation  |                                                 |
\*---------------------------------------------------------------------------*/
FoamFile
{
    version     2.0;
    format      ascii;
    class       volScalarField;
    location    "1750";
    object      cPlus;
}
// * * * * * * * * * * * * * * * * * * * * * * * * * * * * * * * * * * * * * //

dimensions      [0 0 0 0 0 0 0];

internalField   nonuniform List<scalar> 
6960
(
0.283089
0.283059
0.283027
0.282999
0.282975
0.282956
0.282941
0.282929
0.282919
0.282912
0.282906
0.282902
0.282899
0.282896
0.282894
0.282892
0.282891
0.28289
0.28289
0.282889
0.282888
0.282888
0.282888
0.282888
0.282887
0.282887
0.282887
0.282887
0.282887
0.282887
0.282887
0.282887
0.282887
0.282887
0.282887
0.282887
0.282888
0.282888
0.282888
0.282888
0.282889
0.28289
0.28289
0.282891
0.282892
0.282894
0.282896
0.282899
0.282902
0.282906
0.282912
0.282919
0.282929
0.282941
0.282956
0.282975
0.282999
0.283027
0.283059
0.283089
0.0800353
0.080019
0.0800012
0.0799854
0.0799721
0.0799614
0.0799528
0.079946
0.0799408
0.0799367
0.0799335
0.079931
0.0799291
0.0799277
0.0799265
0.0799257
0.079925
0.0799245
0.079924
0.0799237
0.0799235
0.0799233
0.0799231
0.079923
0.0799229
0.0799228
0.0799228
0.0799227
0.0799227
0.0799227
0.0799227
0.0799227
0.0799227
0.0799228
0.0799228
0.0799229
0.079923
0.0799231
0.0799233
0.0799235
0.0799237
0.079924
0.0799245
0.079925
0.0799257
0.0799265
0.0799277
0.0799291
0.079931
0.0799335
0.0799367
0.0799408
0.079946
0.0799528
0.0799614
0.0799721
0.0799854
0.0800012
0.080019
0.0800353
0.0289863
0.0289804
0.0289736
0.0289674
0.0289622
0.0289579
0.0289546
0.0289519
0.0289498
0.0289482
0.0289469
0.0289459
0.0289452
0.0289446
0.0289441
0.0289438
0.0289435
0.0289433
0.0289431
0.028943
0.0289429
0.0289428
0.0289427
0.0289427
0.0289427
0.0289426
0.0289426
0.0289426
0.0289426
0.0289426
0.0289426
0.0289426
0.0289426
0.0289426
0.0289426
0.0289427
0.0289427
0.0289427
0.0289428
0.0289429
0.028943
0.0289431
0.0289433
0.0289435
0.0289438
0.0289441
0.0289446
0.0289452
0.0289459
0.0289469
0.0289482
0.0289498
0.0289519
0.0289546
0.0289579
0.0289622
0.0289674
0.0289736
0.0289804
0.0289863
0.0146296
0.0146292
0.0146281
0.014627
0.014626
0.0146252
0.0146245
0.014624
0.0146236
0.0146232
0.014623
0.0146228
0.0146226
0.0146225
0.0146224
0.0146223
0.0146222
0.0146222
0.0146222
0.0146221
0.0146221
0.0146221
0.0146221
0.0146221
0.014622
0.014622
0.014622
0.014622
0.014622
0.014622
0.014622
0.014622
0.014622
0.014622
0.014622
0.014622
0.0146221
0.0146221
0.0146221
0.0146221
0.0146221
0.0146222
0.0146222
0.0146222
0.0146223
0.0146224
0.0146225
0.0146226
0.0146228
0.014623
0.0146232
0.0146236
0.014624
0.0146245
0.0146252
0.014626
0.014627
0.0146281
0.0146292
0.0146296
0.01059
0.010592
0.0105934
0.0105944
0.0105953
0.010596
0.0105965
0.0105969
0.0105972
0.0105974
0.0105976
0.0105978
0.0105979
0.0105979
0.010598
0.010598
0.0105981
0.0105981
0.0105981
0.0105981
0.0105981
0.0105981
0.0105982
0.0105982
0.0105982
0.0105982
0.0105982
0.0105982
0.0105982
0.0105982
0.0105982
0.0105982
0.0105982
0.0105982
0.0105982
0.0105982
0.0105982
0.0105982
0.0105981
0.0105981
0.0105981
0.0105981
0.0105981
0.0105981
0.010598
0.010598
0.0105979
0.0105979
0.0105978
0.0105976
0.0105974
0.0105972
0.0105969
0.0105965
0.010596
0.0105953
0.0105944
0.0105934
0.010592
0.01059
0.00952406
0.009527
0.00952937
0.00953132
0.0095329
0.00953416
0.00953516
0.00953593
0.00953652
0.00953698
0.00953733
0.0095376
0.0095378
0.00953796
0.00953808
0.00953817
0.00953823
0.00953829
0.00953833
0.00953836
0.00953839
0.0095384
0.00953842
0.00953843
0.00953844
0.00953845
0.00953845
0.00953846
0.00953846
0.00953846
0.00953846
0.00953846
0.00953846
0.00953845
0.00953845
0.00953844
0.00953843
0.00953842
0.0095384
0.00953839
0.00953836
0.00953833
0.00953829
0.00953823
0.00953817
0.00953808
0.00953796
0.0095378
0.0095376
0.00953733
0.00953698
0.00953652
0.00953593
0.00953516
0.00953416
0.0095329
0.00953132
0.00952937
0.009527
0.00952406
0.00930527
0.00930858
0.00931132
0.0093136
0.00931545
0.00931694
0.00931811
0.00931902
0.00931973
0.00932027
0.00932068
0.009321
0.00932124
0.00932143
0.00932157
0.00932168
0.00932176
0.00932182
0.00932187
0.00932191
0.00932194
0.00932197
0.00932198
0.009322
0.00932201
0.00932202
0.00932202
0.00932203
0.00932203
0.00932203
0.00932203
0.00932203
0.00932203
0.00932202
0.00932202
0.00932201
0.009322
0.00932198
0.00932197
0.00932194
0.00932191
0.00932187
0.00932182
0.00932176
0.00932168
0.00932157
0.00932143
0.00932124
0.009321
0.00932068
0.00932027
0.00931973
0.00931902
0.00931811
0.00931694
0.00931545
0.0093136
0.00931132
0.00930858
0.00930527
0.00932486
0.00932833
0.00933123
0.00933365
0.00933562
0.0093372
0.00933844
0.00933941
0.00934016
0.00934074
0.00934118
0.00934152
0.00934178
0.00934198
0.00934213
0.00934224
0.00934233
0.0093424
0.00934245
0.00934249
0.00934253
0.00934255
0.00934257
0.00934259
0.0093426
0.00934261
0.00934261
0.00934262
0.00934262
0.00934262
0.00934262
0.00934262
0.00934262
0.00934261
0.00934261
0.0093426
0.00934259
0.00934257
0.00934255
0.00934253
0.00934249
0.00934245
0.0093424
0.00934233
0.00934224
0.00934213
0.00934198
0.00934178
0.00934152
0.00934118
0.00934074
0.00934016
0.00933941
0.00933844
0.0093372
0.00933562
0.00933365
0.00933123
0.00932833
0.00932486
0.00941359
0.00941717
0.00942016
0.00942265
0.00942468
0.00942631
0.0094276
0.0094286
0.00942937
0.00942997
0.00943043
0.00943078
0.00943105
0.00943125
0.00943141
0.00943153
0.00943162
0.00943169
0.00943175
0.00943179
0.00943182
0.00943185
0.00943187
0.00943188
0.0094319
0.0094319
0.00943191
0.00943192
0.00943192
0.00943192
0.00943192
0.00943192
0.00943192
0.00943191
0.0094319
0.0094319
0.00943188
0.00943187
0.00943185
0.00943182
0.00943179
0.00943175
0.00943169
0.00943162
0.00943153
0.00943141
0.00943125
0.00943105
0.00943078
0.00943043
0.00942997
0.00942937
0.0094286
0.0094276
0.00942631
0.00942468
0.00942265
0.00942016
0.00941717
0.00941359
0.00952631
0.00952997
0.00953303
0.00953559
0.00953767
0.00953933
0.00954065
0.00954168
0.00954247
0.00954309
0.00954356
0.00954391
0.00954419
0.0095444
0.00954456
0.00954468
0.00954478
0.00954485
0.00954491
0.00954495
0.00954498
0.00954501
0.00954503
0.00954505
0.00954506
0.00954507
0.00954508
0.00954508
0.00954508
0.00954509
0.00954509
0.00954508
0.00954508
0.00954508
0.00954507
0.00954506
0.00954505
0.00954503
0.00954501
0.00954498
0.00954495
0.00954491
0.00954485
0.00954478
0.00954468
0.00954456
0.0095444
0.00954419
0.00954391
0.00954356
0.00954309
0.00954247
0.00954168
0.00954065
0.00953933
0.00953767
0.00953559
0.00953303
0.00952997
0.00952631
0.00965184
0.00965559
0.00965872
0.00966133
0.00966346
0.00966517
0.00966651
0.00966757
0.00966838
0.00966901
0.00966949
0.00966986
0.00967014
0.00967035
0.00967052
0.00967064
0.00967074
0.00967082
0.00967087
0.00967092
0.00967095
0.00967098
0.009671
0.00967102
0.00967103
0.00967104
0.00967105
0.00967105
0.00967106
0.00967106
0.00967106
0.00967106
0.00967105
0.00967105
0.00967104
0.00967103
0.00967102
0.009671
0.00967098
0.00967095
0.00967092
0.00967087
0.00967082
0.00967074
0.00967064
0.00967052
0.00967035
0.00967014
0.00966986
0.00966949
0.00966901
0.00966838
0.00966757
0.00966651
0.00966517
0.00966346
0.00966133
0.00965872
0.00965559
0.00965184
0.00978809
0.00979193
0.00979514
0.00979781
0.00979999
0.00980174
0.00980312
0.0098042
0.00980503
0.00980568
0.00980617
0.00980655
0.00980684
0.00980706
0.00980723
0.00980736
0.00980746
0.00980753
0.00980759
0.00980764
0.00980767
0.0098077
0.00980772
0.00980774
0.00980775
0.00980776
0.00980777
0.00980778
0.00980778
0.00980778
0.00980778
0.00980778
0.00980778
0.00980777
0.00980776
0.00980775
0.00980774
0.00980772
0.0098077
0.00980767
0.00980764
0.00980759
0.00980753
0.00980746
0.00980736
0.00980723
0.00980706
0.00980684
0.00980655
0.00980617
0.00980568
0.00980503
0.0098042
0.00980312
0.00980174
0.00979999
0.00979781
0.00979514
0.00979193
0.00978809
0.00993541
0.00993935
0.00994264
0.00994538
0.00994762
0.00994941
0.00995083
0.00995193
0.00995279
0.00995345
0.00995396
0.00995434
0.00995464
0.00995487
0.00995504
0.00995517
0.00995528
0.00995535
0.00995542
0.00995546
0.0099555
0.00995553
0.00995555
0.00995557
0.00995558
0.00995559
0.0099556
0.0099556
0.00995561
0.00995561
0.00995561
0.00995561
0.0099556
0.0099556
0.00995559
0.00995558
0.00995557
0.00995555
0.00995553
0.0099555
0.00995546
0.00995542
0.00995535
0.00995528
0.00995517
0.00995504
0.00995487
0.00995464
0.00995434
0.00995396
0.00995345
0.00995279
0.00995193
0.00995083
0.00994941
0.00994762
0.00994538
0.00994264
0.00993935
0.00993541
0.0100949
0.0100989
0.0101023
0.0101051
0.0101074
0.0101093
0.0101107
0.0101119
0.0101127
0.0101134
0.0101139
0.0101143
0.0101146
0.0101149
0.010115
0.0101152
0.0101153
0.0101154
0.0101154
0.0101155
0.0101155
0.0101156
0.0101156
0.0101156
0.0101156
0.0101156
0.0101156
0.0101156
0.0101156
0.0101156
0.0101156
0.0101156
0.0101156
0.0101156
0.0101156
0.0101156
0.0101156
0.0101156
0.0101156
0.0101155
0.0101155
0.0101154
0.0101154
0.0101153
0.0101152
0.010115
0.0101149
0.0101146
0.0101143
0.0101139
0.0101134
0.0101127
0.0101119
0.0101107
0.0101093
0.0101074
0.0101051
0.0101023
0.0100989
0.0100949
0.0102679
0.0102721
0.0102756
0.0102785
0.0102808
0.0102827
0.0102842
0.0102854
0.0102863
0.010287
0.0102875
0.0102879
0.0102883
0.0102885
0.0102887
0.0102888
0.0102889
0.010289
0.0102891
0.0102891
0.0102892
0.0102892
0.0102892
0.0102892
0.0102893
0.0102893
0.0102893
0.0102893
0.0102893
0.0102893
0.0102893
0.0102893
0.0102893
0.0102893
0.0102893
0.0102893
0.0102892
0.0102892
0.0102892
0.0102892
0.0102891
0.0102891
0.010289
0.0102889
0.0102888
0.0102887
0.0102885
0.0102883
0.0102879
0.0102875
0.010287
0.0102863
0.0102854
0.0102842
0.0102827
0.0102808
0.0102785
0.0102756
0.0102721
0.0102679
0.0104562
0.0104605
0.0104641
0.0104671
0.0104696
0.0104715
0.0104731
0.0104743
0.0104752
0.0104759
0.0104765
0.0104769
0.0104772
0.0104775
0.0104777
0.0104778
0.0104779
0.010478
0.0104781
0.0104781
0.0104782
0.0104782
0.0104782
0.0104782
0.0104783
0.0104783
0.0104783
0.0104783
0.0104783
0.0104783
0.0104783
0.0104783
0.0104783
0.0104783
0.0104783
0.0104783
0.0104782
0.0104782
0.0104782
0.0104782
0.0104781
0.0104781
0.010478
0.0104779
0.0104778
0.0104777
0.0104775
0.0104772
0.0104769
0.0104765
0.0104759
0.0104752
0.0104743
0.0104731
0.0104715
0.0104696
0.0104671
0.0104641
0.0104605
0.0104562
0.0106619
0.0106663
0.01067
0.0106731
0.0106757
0.0106777
0.0106793
0.0106805
0.0106815
0.0106822
0.0106828
0.0106833
0.0106836
0.0106838
0.010684
0.0106842
0.0106843
0.0106844
0.0106845
0.0106845
0.0106846
0.0106846
0.0106846
0.0106846
0.0106847
0.0106847
0.0106847
0.0106847
0.0106847
0.0106847
0.0106847
0.0106847
0.0106847
0.0106847
0.0106847
0.0106847
0.0106846
0.0106846
0.0106846
0.0106846
0.0106845
0.0106845
0.0106844
0.0106843
0.0106842
0.010684
0.0106838
0.0106836
0.0106833
0.0106828
0.0106822
0.0106815
0.0106805
0.0106793
0.0106777
0.0106757
0.0106731
0.01067
0.0106663
0.0106619
0.0108873
0.0108919
0.0108958
0.010899
0.0109016
0.0109037
0.0109053
0.0109066
0.0109076
0.0109084
0.010909
0.0109094
0.0109098
0.0109101
0.0109103
0.0109104
0.0109105
0.0109106
0.0109107
0.0109108
0.0109108
0.0109108
0.0109109
0.0109109
0.0109109
0.0109109
0.0109109
0.0109109
0.0109109
0.0109109
0.0109109
0.0109109
0.0109109
0.0109109
0.0109109
0.0109109
0.0109109
0.0109109
0.0109108
0.0109108
0.0109108
0.0109107
0.0109106
0.0109105
0.0109104
0.0109103
0.0109101
0.0109098
0.0109094
0.010909
0.0109084
0.0109076
0.0109066
0.0109053
0.0109037
0.0109016
0.010899
0.0108958
0.0108919
0.0108873
0.0111354
0.0111402
0.0111442
0.0111475
0.0111502
0.0111524
0.0111541
0.0111555
0.0111565
0.0111573
0.011158
0.0111584
0.0111588
0.0111591
0.0111593
0.0111595
0.0111596
0.0111597
0.0111598
0.0111598
0.0111599
0.0111599
0.0111599
0.0111599
0.01116
0.01116
0.01116
0.01116
0.01116
0.01116
0.01116
0.01116
0.01116
0.01116
0.01116
0.01116
0.0111599
0.0111599
0.0111599
0.0111599
0.0111598
0.0111598
0.0111597
0.0111596
0.0111595
0.0111593
0.0111591
0.0111588
0.0111584
0.011158
0.0111573
0.0111565
0.0111555
0.0111541
0.0111524
0.0111502
0.0111475
0.0111442
0.0111402
0.0111354
0.0114097
0.0114147
0.0114189
0.0114224
0.0114252
0.0114275
0.0114293
0.0114307
0.0114318
0.0114327
0.0114333
0.0114338
0.0114342
0.0114345
0.0114347
0.0114349
0.011435
0.0114351
0.0114352
0.0114352
0.0114353
0.0114353
0.0114354
0.0114354
0.0114354
0.0114354
0.0114354
0.0114354
0.0114354
0.0114354
0.0114354
0.0114354
0.0114354
0.0114354
0.0114354
0.0114354
0.0114354
0.0114354
0.0114353
0.0114353
0.0114352
0.0114352
0.0114351
0.011435
0.0114349
0.0114347
0.0114345
0.0114342
0.0114338
0.0114333
0.0114327
0.0114318
0.0114307
0.0114293
0.0114275
0.0114252
0.0114224
0.0114189
0.0114147
0.0114097
0.0117147
0.01172
0.0117244
0.011728
0.011731
0.0117334
0.0117353
0.0117367
0.0117379
0.0117388
0.0117394
0.01174
0.0117404
0.0117407
0.0117409
0.0117411
0.0117412
0.0117413
0.0117414
0.0117415
0.0117415
0.0117416
0.0117416
0.0117416
0.0117416
0.0117416
0.0117417
0.0117417
0.0117417
0.0117417
0.0117417
0.0117417
0.0117417
0.0117417
0.0117416
0.0117416
0.0117416
0.0117416
0.0117416
0.0117415
0.0117415
0.0117414
0.0117413
0.0117412
0.0117411
0.0117409
0.0117407
0.0117404
0.01174
0.0117394
0.0117388
0.0117379
0.0117367
0.0117353
0.0117334
0.011731
0.011728
0.0117244
0.01172
0.0117147
0.0120558
0.0120614
0.012066
0.0120698
0.0120729
0.0120755
0.0120774
0.012079
0.0120802
0.0120811
0.0120819
0.0120824
0.0120828
0.0120832
0.0120834
0.0120836
0.0120837
0.0120838
0.0120839
0.012084
0.0120841
0.0120841
0.0120841
0.0120841
0.0120842
0.0120842
0.0120842
0.0120842
0.0120842
0.0120842
0.0120842
0.0120842
0.0120842
0.0120842
0.0120842
0.0120842
0.0120841
0.0120841
0.0120841
0.0120841
0.012084
0.0120839
0.0120838
0.0120837
0.0120836
0.0120834
0.0120832
0.0120828
0.0120824
0.0120819
0.0120811
0.0120802
0.012079
0.0120774
0.0120755
0.0120729
0.0120698
0.012066
0.0120614
0.0120558
0.0124399
0.0124458
0.0124507
0.0124547
0.0124581
0.0124607
0.0124628
0.0124645
0.0124658
0.0124667
0.0124675
0.0124681
0.0124685
0.0124689
0.0124691
0.0124693
0.0124695
0.0124696
0.0124697
0.0124698
0.0124698
0.0124699
0.0124699
0.0124699
0.0124699
0.01247
0.01247
0.01247
0.01247
0.01247
0.01247
0.01247
0.01247
0.01247
0.01247
0.0124699
0.0124699
0.0124699
0.0124699
0.0124698
0.0124698
0.0124697
0.0124696
0.0124695
0.0124693
0.0124691
0.0124689
0.0124685
0.0124681
0.0124675
0.0124667
0.0124658
0.0124645
0.0124628
0.0124607
0.0124581
0.0124547
0.0124507
0.0124458
0.0124399
0.0128759
0.0128821
0.0128873
0.0128917
0.0128952
0.012898
0.0129003
0.012902
0.0129034
0.0129044
0.0129053
0.0129059
0.0129063
0.0129067
0.012907
0.0129072
0.0129074
0.0129075
0.0129076
0.0129077
0.0129077
0.0129078
0.0129078
0.0129078
0.0129079
0.0129079
0.0129079
0.0129079
0.0129079
0.0129079
0.0129079
0.0129079
0.0129079
0.0129079
0.0129079
0.0129079
0.0129078
0.0129078
0.0129078
0.0129077
0.0129077
0.0129076
0.0129075
0.0129074
0.0129072
0.012907
0.0129067
0.0129063
0.0129059
0.0129053
0.0129044
0.0129034
0.012902
0.0129003
0.012898
0.0128952
0.0128917
0.0128873
0.0128821
0.0128759
0.0133751
0.0133819
0.0133875
0.0133921
0.0133959
0.0133989
0.0134014
0.0134032
0.0134047
0.0134058
0.0134067
0.0134074
0.0134079
0.0134083
0.0134086
0.0134088
0.013409
0.0134091
0.0134092
0.0134093
0.0134094
0.0134094
0.0134095
0.0134095
0.0134095
0.0134095
0.0134095
0.0134096
0.0134096
0.0134096
0.0134096
0.0134096
0.0134096
0.0134095
0.0134095
0.0134095
0.0134095
0.0134095
0.0134094
0.0134094
0.0134093
0.0134092
0.0134091
0.013409
0.0134088
0.0134086
0.0134083
0.0134079
0.0134074
0.0134067
0.0134058
0.0134047
0.0134032
0.0134014
0.0133989
0.0133959
0.0133921
0.0133875
0.0133819
0.0133751
0.0139531
0.0139604
0.0139664
0.0139715
0.0139756
0.0139789
0.0139815
0.0139835
0.0139851
0.0139864
0.0139873
0.013988
0.0139886
0.013989
0.0139893
0.0139896
0.0139898
0.0139899
0.01399
0.0139901
0.0139902
0.0139902
0.0139903
0.0139903
0.0139903
0.0139904
0.0139904
0.0139904
0.0139904
0.0139904
0.0139904
0.0139904
0.0139904
0.0139904
0.0139904
0.0139903
0.0139903
0.0139903
0.0139902
0.0139902
0.0139901
0.01399
0.0139899
0.0139898
0.0139896
0.0139893
0.013989
0.0139886
0.013988
0.0139873
0.0139864
0.0139851
0.0139835
0.0139815
0.0139789
0.0139756
0.0139715
0.0139664
0.0139604
0.0139531
0.0146305
0.0146385
0.0146451
0.0146506
0.0146552
0.0146588
0.0146616
0.0146639
0.0146656
0.014667
0.014668
0.0146688
0.0146694
0.0146699
0.0146702
0.0146705
0.0146707
0.0146709
0.014671
0.0146711
0.0146712
0.0146712
0.0146713
0.0146713
0.0146713
0.0146714
0.0146714
0.0146714
0.0146714
0.0146714
0.0146714
0.0146714
0.0146714
0.0146714
0.0146714
0.0146713
0.0146713
0.0146713
0.0146712
0.0146712
0.0146711
0.014671
0.0146709
0.0146707
0.0146705
0.0146702
0.0146699
0.0146694
0.0146688
0.014668
0.014667
0.0146656
0.0146639
0.0146616
0.0146588
0.0146552
0.0146506
0.0146451
0.0146385
0.0146305
0.0154365
0.0154454
0.0154527
0.0154589
0.0154639
0.0154679
0.0154711
0.0154736
0.0154755
0.015477
0.0154782
0.0154791
0.0154797
0.0154803
0.0154806
0.015481
0.0154812
0.0154814
0.0154815
0.0154816
0.0154817
0.0154818
0.0154818
0.0154819
0.0154819
0.0154819
0.0154819
0.0154819
0.0154819
0.015482
0.015482
0.0154819
0.0154819
0.0154819
0.0154819
0.0154819
0.0154819
0.0154818
0.0154818
0.0154817
0.0154816
0.0154815
0.0154814
0.0154812
0.015481
0.0154806
0.0154803
0.0154797
0.0154791
0.0154782
0.015477
0.0154755
0.0154736
0.0154711
0.0154679
0.0154639
0.0154589
0.0154527
0.0154454
0.0154365
0.0164128
0.0164228
0.0164311
0.0164381
0.0164437
0.0164483
0.0164519
0.0164547
0.0164569
0.0164586
0.0164599
0.0164609
0.0164617
0.0164622
0.0164627
0.016463
0.0164633
0.0164635
0.0164637
0.0164638
0.0164639
0.016464
0.016464
0.0164641
0.0164641
0.0164641
0.0164641
0.0164642
0.0164642
0.0164642
0.0164642
0.0164642
0.0164642
0.0164641
0.0164641
0.0164641
0.0164641
0.016464
0.016464
0.0164639
0.0164638
0.0164637
0.0164635
0.0164633
0.016463
0.0164627
0.0164622
0.0164617
0.0164609
0.0164599
0.0164586
0.0164569
0.0164547
0.0164519
0.0164483
0.0164437
0.0164381
0.0164311
0.0164228
0.0164128
0.0176209
0.0176324
0.017642
0.01765
0.0176565
0.0176618
0.0176659
0.0176692
0.0176717
0.0176737
0.0176752
0.0176764
0.0176772
0.0176779
0.0176784
0.0176788
0.0176791
0.0176794
0.0176796
0.0176797
0.0176798
0.0176799
0.01768
0.01768
0.0176801
0.0176801
0.0176801
0.0176801
0.0176801
0.0176801
0.0176801
0.0176801
0.0176801
0.0176801
0.0176801
0.0176801
0.01768
0.01768
0.0176799
0.0176798
0.0176797
0.0176796
0.0176794
0.0176791
0.0176788
0.0176784
0.0176779
0.0176772
0.0176764
0.0176752
0.0176737
0.0176717
0.0176692
0.0176659
0.0176618
0.0176565
0.01765
0.017642
0.0176324
0.0176209
0.019153
0.0191665
0.0191778
0.0191873
0.0191951
0.0192013
0.0192062
0.0192101
0.0192131
0.0192154
0.0192172
0.0192186
0.0192196
0.0192204
0.019221
0.0192215
0.0192219
0.0192222
0.0192224
0.0192225
0.0192227
0.0192228
0.0192229
0.0192229
0.019223
0.019223
0.019223
0.019223
0.0192231
0.0192231
0.0192231
0.0192231
0.019223
0.019223
0.019223
0.019223
0.0192229
0.0192229
0.0192228
0.0192227
0.0192225
0.0192224
0.0192222
0.0192219
0.0192215
0.019221
0.0192204
0.0192196
0.0192186
0.0192172
0.0192154
0.0192131
0.0192101
0.0192062
0.0192013
0.0191951
0.0191873
0.0191778
0.0191665
0.019153
0.0211469
0.0211633
0.0211771
0.0211887
0.0211981
0.0212057
0.0212118
0.0212165
0.0212202
0.021223
0.0212252
0.0212268
0.0212281
0.0212291
0.0212299
0.0212304
0.0212309
0.0212312
0.0212315
0.0212317
0.0212319
0.021232
0.0212321
0.0212322
0.0212322
0.0212323
0.0212323
0.0212323
0.0212323
0.0212323
0.0212323
0.0212323
0.0212323
0.0212323
0.0212323
0.0212322
0.0212322
0.0212321
0.021232
0.0212319
0.0212317
0.0212315
0.0212312
0.0212309
0.0212304
0.0212299
0.0212291
0.0212281
0.0212268
0.0212252
0.021223
0.0212202
0.0212165
0.0212118
0.0212057
0.0211981
0.0211887
0.0211771
0.0211633
0.0211469
0.0238018
0.0238222
0.0238395
0.023854
0.0238659
0.0238754
0.023883
0.0238889
0.0238935
0.0238971
0.0238998
0.0239019
0.0239035
0.0239048
0.0239057
0.0239064
0.023907
0.0239074
0.0239077
0.023908
0.0239082
0.0239084
0.0239085
0.0239086
0.0239087
0.0239087
0.0239087
0.0239088
0.0239088
0.0239088
0.0239088
0.0239088
0.0239088
0.0239087
0.0239087
0.0239087
0.0239086
0.0239085
0.0239084
0.0239082
0.023908
0.0239077
0.0239074
0.023907
0.0239064
0.0239057
0.0239048
0.0239035
0.0239019
0.0238998
0.0238971
0.0238935
0.0238889
0.023883
0.0238754
0.0238659
0.023854
0.0238395
0.0238222
0.0238018
0.0273803
0.0274064
0.0274284
0.027447
0.0274621
0.0274743
0.027484
0.0274916
0.0274975
0.0275021
0.0275056
0.0275083
0.0275104
0.027512
0.0275132
0.0275141
0.0275148
0.0275154
0.0275158
0.0275162
0.0275164
0.0275166
0.0275168
0.0275169
0.027517
0.027517
0.0275171
0.0275171
0.0275172
0.0275172
0.0275172
0.0275172
0.0275171
0.0275171
0.027517
0.027517
0.0275169
0.0275168
0.0275166
0.0275164
0.0275162
0.0275158
0.0275154
0.0275148
0.0275141
0.0275132
0.027512
0.0275104
0.0275083
0.0275056
0.0275021
0.0274975
0.0274916
0.027484
0.0274743
0.0274621
0.027447
0.0274284
0.0274064
0.0273803
0.0321786
0.032212
0.0322403
0.0322641
0.0322836
0.0322993
0.0323118
0.0323215
0.0323291
0.032335
0.0323395
0.032343
0.0323457
0.0323477
0.0323493
0.0323505
0.0323514
0.0323521
0.0323527
0.0323531
0.0323534
0.0323537
0.0323539
0.0323541
0.0323542
0.0323543
0.0323543
0.0323544
0.0323544
0.0323544
0.0323544
0.0323544
0.0323544
0.0323543
0.0323543
0.0323542
0.0323541
0.0323539
0.0323537
0.0323534
0.0323531
0.0323527
0.0323521
0.0323514
0.0323505
0.0323493
0.0323477
0.0323457
0.032343
0.0323395
0.032335
0.0323291
0.0323215
0.0323118
0.0322993
0.0322836
0.0322641
0.0322403
0.032212
0.0321786
0.038449
0.0384913
0.0385272
0.0385573
0.038582
0.0386019
0.0386177
0.0386301
0.0386397
0.0386472
0.0386529
0.0386574
0.0386607
0.0386633
0.0386653
0.0386668
0.038668
0.0386689
0.0386696
0.0386702
0.0386706
0.0386709
0.0386712
0.0386714
0.0386715
0.0386717
0.0386718
0.0386718
0.0386719
0.0386719
0.0386719
0.0386719
0.0386718
0.0386718
0.0386717
0.0386715
0.0386714
0.0386712
0.0386709
0.0386706
0.0386702
0.0386696
0.0386689
0.038668
0.0386668
0.0386653
0.0386633
0.0386607
0.0386574
0.0386529
0.0386472
0.0386397
0.0386301
0.0386177
0.0386019
0.038582
0.0385573
0.0385272
0.0384913
0.038449
0.046302
0.0463541
0.0463982
0.0464353
0.0464656
0.0464901
0.0465095
0.0465247
0.0465366
0.0465458
0.0465529
0.0465584
0.0465625
0.0465657
0.0465682
0.0465701
0.0465716
0.0465727
0.0465736
0.0465742
0.0465748
0.0465752
0.0465755
0.0465757
0.0465759
0.0465761
0.0465762
0.0465763
0.0465763
0.0465763
0.0465763
0.0465763
0.0465763
0.0465762
0.0465761
0.0465759
0.0465757
0.0465755
0.0465752
0.0465748
0.0465742
0.0465736
0.0465727
0.0465716
0.0465701
0.0465682
0.0465657
0.0465625
0.0465584
0.0465529
0.0465458
0.0465366
0.0465247
0.0465095
0.0464901
0.0464656
0.0464353
0.0463982
0.0463541
0.046302
0.0556496
0.0557116
0.055764
0.0558079
0.0558439
0.0558729
0.0558959
0.0559141
0.0559282
0.0559391
0.0559476
0.0559541
0.055959
0.0559629
0.0559658
0.0559681
0.0559698
0.0559712
0.0559722
0.055973
0.0559737
0.0559742
0.0559746
0.0559748
0.0559751
0.0559753
0.0559754
0.0559755
0.0559755
0.0559756
0.0559756
0.0559755
0.0559755
0.0559754
0.0559753
0.0559751
0.0559748
0.0559746
0.0559742
0.0559737
0.055973
0.0559722
0.0559712
0.0559698
0.0559681
0.0559658
0.0559629
0.055959
0.0559541
0.0559476
0.0559391
0.0559282
0.0559141
0.0558959
0.0558729
0.0558439
0.0558079
0.055764
0.0557116
0.0556496
0.0662407
0.066312
0.0663722
0.0664225
0.0664638
0.066497
0.0665234
0.0665442
0.0665605
0.066573
0.0665828
0.0665903
0.066596
0.0666004
0.0666038
0.0666065
0.0666085
0.0666101
0.0666113
0.0666122
0.066613
0.0666135
0.066614
0.0666143
0.0666146
0.0666148
0.066615
0.0666151
0.0666151
0.0666152
0.0666152
0.0666151
0.0666151
0.066615
0.0666148
0.0666146
0.0666143
0.066614
0.0666135
0.066613
0.0666122
0.0666113
0.0666101
0.0666085
0.0666065
0.0666038
0.0666004
0.066596
0.0665903
0.0665828
0.066573
0.0665605
0.0665442
0.0665234
0.066497
0.0664638
0.0664225
0.0663722
0.066312
0.0662407
0.0777618
0.0778417
0.0779089
0.077965
0.078011
0.078048
0.0780775
0.0781008
0.078119
0.0781331
0.078144
0.0781524
0.0781589
0.0781639
0.0781677
0.0781707
0.078173
0.0781747
0.0781761
0.0781772
0.078178
0.0781787
0.0781792
0.0781796
0.0781799
0.0781801
0.0781803
0.0781804
0.0781805
0.0781805
0.0781805
0.0781805
0.0781804
0.0781803
0.0781801
0.0781799
0.0781796
0.0781792
0.0781787
0.078178
0.0781772
0.0781761
0.0781747
0.078173
0.0781707
0.0781677
0.0781639
0.0781589
0.0781524
0.078144
0.0781331
0.078119
0.0781008
0.0780775
0.078048
0.078011
0.077965
0.0779089
0.0778417
0.0777618
0.0899324
0.09002
0.0900936
0.0901549
0.0902052
0.0902458
0.0902782
0.0903037
0.0903236
0.0903391
0.0903512
0.0903604
0.0903676
0.0903731
0.0903774
0.0903807
0.0903832
0.0903852
0.0903867
0.0903879
0.0903889
0.0903896
0.0903901
0.0903906
0.0903909
0.0903912
0.0903914
0.0903915
0.0903916
0.0903917
0.0903917
0.0903916
0.0903915
0.0903914
0.0903912
0.0903909
0.0903906
0.0903901
0.0903896
0.0903889
0.0903879
0.0903867
0.0903852
0.0903832
0.0903807
0.0903774
0.0903731
0.0903676
0.0903604
0.0903512
0.0903391
0.0903236
0.0903037
0.0902782
0.0902458
0.0902052
0.0901549
0.0900936
0.09002
0.0899324
0.102548
0.102643
0.102723
0.102789
0.102843
0.102887
0.102922
0.10295
0.102971
0.102988
0.103001
0.103011
0.103019
0.103025
0.10303
0.103034
0.103036
0.103039
0.10304
0.103042
0.103043
0.103043
0.103044
0.103044
0.103045
0.103045
0.103045
0.103046
0.103046
0.103046
0.103046
0.103046
0.103046
0.103045
0.103045
0.103045
0.103044
0.103044
0.103043
0.103043
0.103042
0.10304
0.103039
0.103036
0.103034
0.10303
0.103025
0.103019
0.103011
0.103001
0.102988
0.102971
0.10295
0.102922
0.102887
0.102843
0.102789
0.102723
0.102643
0.102548
0.115479
0.115581
0.115666
0.115737
0.115795
0.115842
0.11588
0.115909
0.115933
0.115951
0.115965
0.115976
0.115984
0.115991
0.115996
0.116
0.116003
0.116005
0.116007
0.116009
0.11601
0.116011
0.116011
0.116012
0.116012
0.116013
0.116013
0.116013
0.116013
0.116013
0.116013
0.116013
0.116013
0.116013
0.116013
0.116012
0.116012
0.116011
0.116011
0.11601
0.116009
0.116007
0.116005
0.116003
0.116
0.115996
0.115991
0.115984
0.115976
0.115965
0.115951
0.115933
0.115909
0.11588
0.115842
0.115795
0.115737
0.115666
0.115581
0.115479
0.128646
0.128755
0.128845
0.128921
0.128983
0.129033
0.129073
0.129105
0.12913
0.129149
0.129164
0.129176
0.129185
0.129192
0.129198
0.129202
0.129205
0.129208
0.12921
0.129212
0.129213
0.129214
0.129214
0.129215
0.129216
0.129216
0.129216
0.129216
0.129216
0.129217
0.129217
0.129216
0.129216
0.129216
0.129216
0.129216
0.129215
0.129214
0.129214
0.129213
0.129212
0.12921
0.129208
0.129205
0.129202
0.129198
0.129192
0.129185
0.129176
0.129164
0.129149
0.12913
0.129105
0.129073
0.129033
0.128983
0.128921
0.128845
0.128755
0.128646
0.142002
0.142117
0.142213
0.142292
0.142358
0.142411
0.142454
0.142488
0.142514
0.142535
0.142552
0.142564
0.142574
0.142582
0.142588
0.142592
0.142596
0.142599
0.142601
0.142602
0.142604
0.142605
0.142606
0.142606
0.142607
0.142607
0.142607
0.142608
0.142608
0.142608
0.142608
0.142608
0.142608
0.142607
0.142607
0.142607
0.142606
0.142606
0.142605
0.142604
0.142602
0.142601
0.142599
0.142596
0.142592
0.142588
0.142582
0.142574
0.142564
0.142552
0.142535
0.142514
0.142488
0.142454
0.142411
0.142358
0.142292
0.142213
0.142117
0.142002
0.155515
0.155636
0.155737
0.155821
0.15589
0.155947
0.155992
0.156028
0.156056
0.156078
0.156096
0.156109
0.15612
0.156128
0.156134
0.156139
0.156143
0.156146
0.156148
0.15615
0.156152
0.156153
0.156154
0.156155
0.156155
0.156155
0.156156
0.156156
0.156156
0.156156
0.156156
0.156156
0.156156
0.156156
0.156155
0.156155
0.156155
0.156154
0.156153
0.156152
0.15615
0.156148
0.156146
0.156143
0.156139
0.156134
0.156128
0.15612
0.156109
0.156096
0.156078
0.156056
0.156028
0.155992
0.155947
0.15589
0.155821
0.155737
0.155636
0.155515
0.169162
0.169289
0.169396
0.169484
0.169557
0.169616
0.169664
0.169702
0.169732
0.169756
0.169774
0.169789
0.1698
0.169809
0.169815
0.169821
0.169825
0.169828
0.169831
0.169833
0.169834
0.169836
0.169837
0.169837
0.169838
0.169838
0.169839
0.169839
0.169839
0.169839
0.169839
0.169839
0.169839
0.169839
0.169838
0.169838
0.169837
0.169837
0.169836
0.169834
0.169833
0.169831
0.169828
0.169825
0.169821
0.169815
0.169809
0.1698
0.169789
0.169774
0.169756
0.169732
0.169702
0.169664
0.169616
0.169557
0.169484
0.169396
0.169289
0.169162
0.182927
0.18306
0.183171
0.183264
0.18334
0.183403
0.183453
0.183493
0.183525
0.18355
0.18357
0.183585
0.183597
0.183606
0.183614
0.183619
0.183624
0.183627
0.18363
0.183632
0.183634
0.183635
0.183636
0.183637
0.183638
0.183638
0.183639
0.183639
0.183639
0.183639
0.183639
0.183639
0.183639
0.183639
0.183638
0.183638
0.183637
0.183636
0.183635
0.183634
0.183632
0.18363
0.183627
0.183624
0.183619
0.183614
0.183606
0.183597
0.183585
0.18357
0.18355
0.183525
0.183493
0.183453
0.183403
0.18334
0.183264
0.183171
0.18306
0.182927
0.196794
0.196932
0.197048
0.197145
0.197225
0.197291
0.197344
0.197386
0.197419
0.197446
0.197467
0.197483
0.197496
0.197506
0.197514
0.19752
0.197524
0.197528
0.197531
0.197534
0.197535
0.197537
0.197538
0.197539
0.19754
0.19754
0.19754
0.197541
0.197541
0.197541
0.197541
0.197541
0.197541
0.19754
0.19754
0.19754
0.197539
0.197538
0.197537
0.197535
0.197534
0.197531
0.197528
0.197524
0.19752
0.197514
0.197506
0.197496
0.197483
0.197467
0.197446
0.197419
0.197386
0.197344
0.197291
0.197225
0.197145
0.197048
0.196932
0.196794
0.210749
0.210893
0.211014
0.211115
0.211199
0.211268
0.211323
0.211367
0.211403
0.211431
0.211453
0.21147
0.211483
0.211494
0.211502
0.211509
0.211514
0.211518
0.211521
0.211524
0.211526
0.211527
0.211529
0.211529
0.21153
0.211531
0.211531
0.211532
0.211532
0.211532
0.211532
0.211532
0.211532
0.211531
0.211531
0.21153
0.211529
0.211529
0.211527
0.211526
0.211524
0.211521
0.211518
0.211514
0.211509
0.211502
0.211494
0.211483
0.21147
0.211453
0.211431
0.211403
0.211367
0.211323
0.211268
0.211199
0.211115
0.211014
0.210893
0.210749
0.224781
0.22493
0.225056
0.225162
0.225249
0.225321
0.225379
0.225425
0.225462
0.225492
0.225515
0.225533
0.225548
0.225559
0.225568
0.225575
0.22558
0.225585
0.225588
0.225591
0.225593
0.225594
0.225596
0.225597
0.225598
0.225598
0.225599
0.225599
0.225599
0.225599
0.225599
0.225599
0.225599
0.225599
0.225598
0.225598
0.225597
0.225596
0.225594
0.225593
0.225591
0.225588
0.225585
0.22558
0.225575
0.225568
0.225559
0.225548
0.225533
0.225515
0.225492
0.225462
0.225425
0.225379
0.225321
0.225249
0.225162
0.225056
0.22493
0.224781
0.238879
0.239033
0.239164
0.239273
0.239364
0.239439
0.239499
0.239548
0.239587
0.239618
0.239642
0.239662
0.239677
0.239689
0.239698
0.239706
0.239712
0.239716
0.23972
0.239723
0.239725
0.239727
0.239728
0.239729
0.23973
0.239731
0.239731
0.239732
0.239732
0.239732
0.239732
0.239732
0.239732
0.239731
0.239731
0.23973
0.239729
0.239728
0.239727
0.239725
0.239723
0.23972
0.239716
0.239712
0.239706
0.239698
0.239689
0.239677
0.239662
0.239642
0.239618
0.239587
0.239548
0.239499
0.239439
0.239364
0.239273
0.239164
0.239033
0.238879
0.253031
0.25319
0.253325
0.253439
0.253533
0.253611
0.253674
0.253725
0.253766
0.253798
0.253824
0.253844
0.25386
0.253873
0.253883
0.253891
0.253897
0.253902
0.253906
0.253909
0.253912
0.253914
0.253915
0.253916
0.253917
0.253918
0.253918
0.253919
0.253919
0.253919
0.253919
0.253919
0.253919
0.253918
0.253918
0.253917
0.253916
0.253915
0.253914
0.253912
0.253909
0.253906
0.253902
0.253897
0.253891
0.253883
0.253873
0.25386
0.253844
0.253824
0.253798
0.253766
0.253725
0.253674
0.253611
0.253533
0.253439
0.253325
0.25319
0.253031
0.267227
0.267391
0.267531
0.267648
0.267746
0.267826
0.267892
0.267945
0.267988
0.268022
0.268049
0.268071
0.268088
0.268101
0.268112
0.26812
0.268127
0.268132
0.268136
0.268139
0.268142
0.268144
0.268146
0.268147
0.268148
0.268149
0.268149
0.26815
0.26815
0.26815
0.26815
0.26815
0.26815
0.268149
0.268149
0.268148
0.268147
0.268146
0.268144
0.268142
0.268139
0.268136
0.268132
0.268127
0.26812
0.268112
0.268101
0.268088
0.268071
0.268049
0.268022
0.267988
0.267945
0.267892
0.267826
0.267746
0.267648
0.267531
0.267391
0.267227
0.281457
0.281626
0.28177
0.281891
0.281992
0.282075
0.282144
0.282199
0.282244
0.282279
0.282308
0.28233
0.282348
0.282362
0.282374
0.282383
0.28239
0.282395
0.2824
0.282403
0.282406
0.282408
0.28241
0.282411
0.282413
0.282413
0.282414
0.282414
0.282415
0.282415
0.282415
0.282415
0.282414
0.282414
0.282413
0.282413
0.282411
0.28241
0.282408
0.282406
0.282403
0.2824
0.282395
0.28239
0.282383
0.282374
0.282362
0.282348
0.28233
0.282308
0.282279
0.282244
0.282199
0.282144
0.282075
0.281992
0.281891
0.28177
0.281626
0.281457
0.295711
0.295884
0.296032
0.296157
0.296261
0.296348
0.296419
0.296476
0.296523
0.29656
0.29659
0.296614
0.296632
0.296647
0.296659
0.296669
0.296676
0.296682
0.296687
0.296691
0.296694
0.296696
0.296698
0.2967
0.296701
0.296702
0.296702
0.296703
0.296703
0.296703
0.296703
0.296703
0.296703
0.296702
0.296702
0.296701
0.2967
0.296698
0.296696
0.296694
0.296691
0.296687
0.296682
0.296676
0.296669
0.296659
0.296647
0.296632
0.296614
0.29659
0.29656
0.296523
0.296476
0.296419
0.296348
0.296261
0.296157
0.296032
0.295884
0.295711
0.309979
0.310157
0.310309
0.310437
0.310545
0.310634
0.310708
0.310767
0.310816
0.310855
0.310886
0.310911
0.310931
0.310946
0.310959
0.310969
0.310977
0.310983
0.310988
0.310992
0.310996
0.310998
0.311
0.311002
0.311003
0.311004
0.311005
0.311005
0.311006
0.311006
0.311006
0.311006
0.311005
0.311005
0.311004
0.311003
0.311002
0.311
0.310998
0.310996
0.310992
0.310988
0.310983
0.310977
0.310969
0.310959
0.310946
0.310931
0.310911
0.310886
0.310855
0.310816
0.310767
0.310708
0.310634
0.310545
0.310437
0.310309
0.310157
0.309979
0.324253
0.324434
0.32459
0.324722
0.324833
0.324925
0.325001
0.325063
0.325113
0.325153
0.325186
0.325212
0.325233
0.32525
0.325263
0.325274
0.325282
0.325289
0.325294
0.325298
0.325302
0.325305
0.325307
0.325308
0.32531
0.325311
0.325312
0.325312
0.325312
0.325313
0.325313
0.325312
0.325312
0.325312
0.325311
0.32531
0.325308
0.325307
0.325305
0.325302
0.325298
0.325294
0.325289
0.325282
0.325274
0.325263
0.32525
0.325233
0.325212
0.325186
0.325153
0.325113
0.325063
0.325001
0.324925
0.324833
0.324722
0.32459
0.324434
0.324253
0.338521
0.338707
0.338866
0.339001
0.339115
0.33921
0.339289
0.339353
0.339405
0.339447
0.339481
0.339509
0.339531
0.339548
0.339562
0.339573
0.339582
0.339589
0.339595
0.3396
0.339603
0.339606
0.339609
0.33961
0.339612
0.339613
0.339614
0.339614
0.339615
0.339615
0.339615
0.339615
0.339614
0.339614
0.339613
0.339612
0.33961
0.339609
0.339606
0.339603
0.3396
0.339595
0.339589
0.339582
0.339573
0.339562
0.339548
0.339531
0.339509
0.339481
0.339447
0.339405
0.339353
0.339289
0.33921
0.339115
0.339001
0.338866
0.338707
0.338521
0.352777
0.352966
0.353128
0.353267
0.353384
0.353482
0.353563
0.353629
0.353683
0.353727
0.353763
0.353791
0.353814
0.353833
0.353848
0.353859
0.353869
0.353876
0.353882
0.353887
0.353891
0.353894
0.353897
0.353899
0.3539
0.353901
0.353902
0.353903
0.353903
0.353904
0.353904
0.353903
0.353903
0.353902
0.353901
0.3539
0.353899
0.353897
0.353894
0.353891
0.353887
0.353882
0.353876
0.353869
0.353859
0.353848
0.353833
0.353814
0.353791
0.353763
0.353727
0.353683
0.353629
0.353563
0.353482
0.353384
0.353267
0.353128
0.352966
0.352777
0.36701
0.367203
0.367369
0.36751
0.36763
0.367731
0.367814
0.367883
0.367939
0.367985
0.368021
0.368051
0.368075
0.368095
0.36811
0.368123
0.368133
0.368141
0.368147
0.368152
0.368156
0.36816
0.368162
0.368164
0.368166
0.368167
0.368168
0.368169
0.368169
0.368169
0.368169
0.368169
0.368169
0.368168
0.368167
0.368166
0.368164
0.368162
0.36816
0.368156
0.368152
0.368147
0.368141
0.368133
0.368123
0.36811
0.368095
0.368075
0.368051
0.368021
0.367985
0.367939
0.367883
0.367814
0.367731
0.36763
0.36751
0.367369
0.367203
0.36701
0.381213
0.381408
0.381578
0.381722
0.381845
0.381948
0.382034
0.382105
0.382163
0.38221
0.382249
0.38228
0.382305
0.382325
0.382341
0.382354
0.382365
0.382373
0.38238
0.382386
0.38239
0.382394
0.382396
0.382399
0.3824
0.382402
0.382403
0.382404
0.382404
0.382404
0.382404
0.382404
0.382404
0.382403
0.382402
0.3824
0.382399
0.382396
0.382394
0.38239
0.382386
0.38238
0.382373
0.382365
0.382354
0.382341
0.382325
0.382305
0.38228
0.382249
0.38221
0.382163
0.382105
0.382034
0.381948
0.381845
0.381722
0.381578
0.381408
0.381213
0.395377
0.395575
0.395747
0.395895
0.39602
0.396126
0.396214
0.396287
0.396347
0.396396
0.396436
0.396468
0.396495
0.396516
0.396533
0.396547
0.396558
0.396567
0.396574
0.39658
0.396584
0.396588
0.396591
0.396593
0.396595
0.396597
0.396598
0.396599
0.396599
0.396599
0.396599
0.396599
0.396599
0.396598
0.396597
0.396595
0.396593
0.396591
0.396588
0.396584
0.39658
0.396574
0.396567
0.396558
0.396547
0.396533
0.396516
0.396495
0.396468
0.396436
0.396396
0.396347
0.396287
0.396214
0.396126
0.39602
0.395895
0.395747
0.395575
0.395377
0.409493
0.409694
0.409869
0.41002
0.410148
0.410256
0.410346
0.410421
0.410483
0.410534
0.410575
0.410609
0.410636
0.410658
0.410676
0.410691
0.410702
0.410712
0.41072
0.410726
0.410731
0.410735
0.410738
0.41074
0.410742
0.410744
0.410745
0.410746
0.410746
0.410747
0.410747
0.410746
0.410746
0.410745
0.410744
0.410742
0.41074
0.410738
0.410735
0.410731
0.410726
0.41072
0.410712
0.410702
0.410691
0.410676
0.410658
0.410636
0.410609
0.410575
0.410534
0.410483
0.410421
0.410346
0.410256
0.410148
0.41002
0.409869
0.409694
0.409493
0.423555
0.423758
0.423936
0.424089
0.424219
0.42433
0.424422
0.424499
0.424563
0.424616
0.424659
0.424694
0.424722
0.424745
0.424764
0.424779
0.424791
0.424801
0.424809
0.424816
0.424821
0.424825
0.424829
0.424831
0.424834
0.424835
0.424836
0.424837
0.424838
0.424838
0.424838
0.424838
0.424837
0.424836
0.424835
0.424834
0.424831
0.424829
0.424825
0.424821
0.424816
0.424809
0.424801
0.424791
0.424779
0.424764
0.424745
0.424722
0.424694
0.424659
0.424616
0.424563
0.424499
0.424422
0.42433
0.424219
0.424089
0.423936
0.423758
0.423555
0.437554
0.437759
0.437939
0.438094
0.438227
0.43834
0.438435
0.438514
0.43858
0.438634
0.438678
0.438715
0.438744
0.438768
0.438788
0.438804
0.438817
0.438827
0.438836
0.438843
0.438848
0.438853
0.438856
0.438859
0.438861
0.438863
0.438864
0.438865
0.438866
0.438866
0.438866
0.438866
0.438865
0.438864
0.438863
0.438861
0.438859
0.438856
0.438853
0.438848
0.438843
0.438836
0.438827
0.438817
0.438804
0.438788
0.438768
0.438744
0.438715
0.438678
0.438634
0.43858
0.438514
0.438435
0.43834
0.438227
0.438094
0.437939
0.437759
0.437554
0.451482
0.45169
0.451872
0.452029
0.452165
0.45228
0.452376
0.452458
0.452525
0.452581
0.452627
0.452664
0.452695
0.45272
0.452741
0.452758
0.452771
0.452782
0.452791
0.452798
0.452804
0.452809
0.452813
0.452816
0.452818
0.45282
0.452821
0.452822
0.452823
0.452823
0.452823
0.452823
0.452822
0.452821
0.45282
0.452818
0.452816
0.452813
0.452809
0.452804
0.452798
0.452791
0.452782
0.452771
0.452758
0.452741
0.45272
0.452695
0.452664
0.452627
0.452581
0.452525
0.452458
0.452376
0.45228
0.452165
0.452029
0.451872
0.45169
0.451482
0.465334
0.465543
0.465727
0.465887
0.466024
0.466141
0.46624
0.466323
0.466392
0.46645
0.466497
0.466536
0.466568
0.466594
0.466616
0.466633
0.466647
0.466659
0.466668
0.466676
0.466682
0.466687
0.466691
0.466694
0.466697
0.466699
0.4667
0.466701
0.466702
0.466702
0.466702
0.466702
0.466701
0.4667
0.466699
0.466697
0.466694
0.466691
0.466687
0.466682
0.466676
0.466668
0.466659
0.466647
0.466633
0.466616
0.466594
0.466568
0.466536
0.466497
0.46645
0.466392
0.466323
0.46624
0.466141
0.466024
0.465887
0.465727
0.465543
0.465334
0.479101
0.479312
0.479497
0.479659
0.479798
0.479917
0.480018
0.480103
0.480174
0.480233
0.480282
0.480323
0.480356
0.480383
0.480405
0.480423
0.480438
0.48045
0.48046
0.480468
0.480475
0.48048
0.480484
0.480488
0.480491
0.480493
0.480494
0.480495
0.480496
0.480497
0.480497
0.480496
0.480495
0.480494
0.480493
0.480491
0.480488
0.480484
0.48048
0.480475
0.480468
0.48046
0.48045
0.480438
0.480423
0.480405
0.480383
0.480356
0.480323
0.480282
0.480233
0.480174
0.480103
0.480018
0.479917
0.479798
0.479659
0.479497
0.479312
0.479101
0.492778
0.49299
0.493177
0.49334
0.493481
0.493602
0.493705
0.493792
0.493865
0.493925
0.493976
0.494017
0.494052
0.49408
0.494103
0.494122
0.494138
0.49415
0.494161
0.494169
0.494176
0.494182
0.494186
0.49419
0.494193
0.494195
0.494197
0.494198
0.494199
0.494199
0.494199
0.494199
0.494198
0.494197
0.494195
0.494193
0.49419
0.494186
0.494182
0.494176
0.494169
0.494161
0.49415
0.494138
0.494122
0.494103
0.49408
0.494052
0.494017
0.493976
0.493925
0.493865
0.493792
0.493705
0.493602
0.493481
0.49334
0.493177
0.49299
0.492778
0.506357
0.506571
0.506759
0.506924
0.507067
0.507189
0.507294
0.507382
0.507457
0.507519
0.507571
0.507614
0.507649
0.507679
0.507703
0.507723
0.507739
0.507752
0.507763
0.507772
0.507779
0.507785
0.50779
0.507794
0.507797
0.507799
0.507801
0.507802
0.507803
0.507803
0.507803
0.507803
0.507802
0.507801
0.507799
0.507797
0.507794
0.50779
0.507785
0.507779
0.507772
0.507763
0.507752
0.507739
0.507723
0.507703
0.507679
0.507649
0.507614
0.507571
0.507519
0.507457
0.507382
0.507294
0.507189
0.507067
0.506924
0.506759
0.506571
0.506357
0.519834
0.520048
0.520238
0.520404
0.520548
0.520673
0.520779
0.520869
0.520945
0.521009
0.521062
0.521106
0.521143
0.521173
0.521198
0.521219
0.521236
0.52125
0.521261
0.52127
0.521278
0.521284
0.521289
0.521293
0.521297
0.521299
0.521301
0.521302
0.521303
0.521304
0.521304
0.521303
0.521302
0.521301
0.521299
0.521297
0.521293
0.521289
0.521284
0.521278
0.52127
0.521261
0.52125
0.521236
0.521219
0.521198
0.521173
0.521143
0.521106
0.521062
0.521009
0.520945
0.520869
0.520779
0.520673
0.520548
0.520404
0.520238
0.520048
0.519834
0.533203
0.533417
0.533608
0.533775
0.533921
0.534046
0.534154
0.534246
0.534323
0.534389
0.534443
0.534489
0.534527
0.534558
0.534584
0.534605
0.534623
0.534637
0.534649
0.534659
0.534667
0.534674
0.534679
0.534683
0.534687
0.534689
0.534691
0.534693
0.534694
0.534694
0.534694
0.534694
0.534693
0.534691
0.534689
0.534687
0.534683
0.534679
0.534674
0.534667
0.534659
0.534649
0.534637
0.534623
0.534605
0.534584
0.534558
0.534527
0.534489
0.534443
0.534389
0.534323
0.534246
0.534154
0.534046
0.533921
0.533775
0.533608
0.533417
0.533203
0.546457
0.546672
0.546863
0.547031
0.547178
0.547305
0.547414
0.547507
0.547586
0.547653
0.547709
0.547756
0.547795
0.547827
0.547854
0.547876
0.547895
0.54791
0.547922
0.547933
0.547941
0.547948
0.547953
0.547958
0.547961
0.547964
0.547966
0.547968
0.547969
0.547969
0.547969
0.547969
0.547968
0.547966
0.547964
0.547961
0.547958
0.547953
0.547948
0.547941
0.547933
0.547922
0.54791
0.547895
0.547876
0.547854
0.547827
0.547795
0.547756
0.547709
0.547653
0.547586
0.547507
0.547414
0.547305
0.547178
0.547031
0.546863
0.546672
0.546457
0.559592
0.559807
0.559999
0.560168
0.560316
0.560444
0.560554
0.560649
0.560729
0.560797
0.560855
0.560903
0.560943
0.560976
0.561004
0.561027
0.561046
0.561062
0.561075
0.561086
0.561094
0.561102
0.561107
0.561112
0.561116
0.561119
0.561121
0.561123
0.561124
0.561124
0.561124
0.561124
0.561123
0.561121
0.561119
0.561116
0.561112
0.561107
0.561102
0.561094
0.561086
0.561075
0.561062
0.561046
0.561027
0.561004
0.560976
0.560943
0.560903
0.560855
0.560797
0.560729
0.560649
0.560554
0.560444
0.560316
0.560168
0.559999
0.559807
0.559592
0.572604
0.572819
0.57301
0.57318
0.573329
0.573458
0.57357
0.573665
0.573747
0.573816
0.573875
0.573924
0.573965
0.574
0.574029
0.574052
0.574072
0.574089
0.574102
0.574113
0.574123
0.57413
0.574136
0.574141
0.574145
0.574148
0.57415
0.574152
0.574153
0.574154
0.574154
0.574153
0.574152
0.57415
0.574148
0.574145
0.574141
0.574136
0.57413
0.574123
0.574113
0.574102
0.574089
0.574072
0.574052
0.574029
0.574
0.573965
0.573924
0.573875
0.573816
0.573747
0.573665
0.57357
0.573458
0.573329
0.57318
0.57301
0.572819
0.572604
0.585488
0.585702
0.585893
0.586063
0.586213
0.586343
0.586456
0.586553
0.586636
0.586706
0.586766
0.586816
0.586858
0.586894
0.586924
0.586948
0.586969
0.586986
0.587
0.587011
0.587021
0.587029
0.587035
0.58704
0.587045
0.587048
0.58705
0.587052
0.587053
0.587054
0.587054
0.587053
0.587052
0.58705
0.587048
0.587045
0.58704
0.587035
0.587029
0.587021
0.587011
0.587
0.586986
0.586969
0.586948
0.586924
0.586894
0.586858
0.586816
0.586766
0.586706
0.586636
0.586553
0.586456
0.586343
0.586213
0.586063
0.585893
0.585702
0.585488
0.598239
0.598453
0.598644
0.598814
0.598964
0.599095
0.599208
0.599306
0.59939
0.599462
0.599523
0.599574
0.599618
0.599654
0.599685
0.59971
0.599731
0.599749
0.599764
0.599776
0.599786
0.599794
0.599801
0.599806
0.59981
0.599814
0.599816
0.599818
0.59982
0.59982
0.59982
0.59982
0.599818
0.599816
0.599814
0.59981
0.599806
0.599801
0.599794
0.599786
0.599776
0.599764
0.599749
0.599731
0.59971
0.599685
0.599654
0.599618
0.599574
0.599523
0.599462
0.59939
0.599306
0.599208
0.599095
0.598964
0.598814
0.598644
0.598453
0.598239
0.610855
0.611068
0.611258
0.611428
0.611578
0.61171
0.611824
0.611923
0.612008
0.612081
0.612143
0.612195
0.61224
0.612277
0.612308
0.612335
0.612357
0.612375
0.61239
0.612403
0.612413
0.612422
0.612429
0.612434
0.612439
0.612442
0.612445
0.612447
0.612448
0.612449
0.612449
0.612448
0.612447
0.612445
0.612442
0.612439
0.612434
0.612429
0.612422
0.612413
0.612403
0.61239
0.612375
0.612357
0.612335
0.612308
0.612277
0.61224
0.612195
0.612143
0.612081
0.612008
0.611923
0.611824
0.61171
0.611578
0.611428
0.611258
0.611068
0.610855
0.623332
0.623543
0.623733
0.623903
0.624053
0.624184
0.6243
0.624399
0.624485
0.624559
0.624622
0.624675
0.624721
0.624759
0.624791
0.624818
0.624841
0.62486
0.624875
0.624889
0.624899
0.624908
0.624916
0.624922
0.624926
0.62493
0.624933
0.624935
0.624936
0.624937
0.624937
0.624936
0.624935
0.624933
0.62493
0.624926
0.624922
0.624916
0.624908
0.624899
0.624889
0.624875
0.62486
0.624841
0.624818
0.624791
0.624759
0.624721
0.624675
0.624622
0.624559
0.624485
0.624399
0.6243
0.624184
0.624053
0.623903
0.623733
0.623543
0.623332
0.635666
0.635876
0.636065
0.636234
0.636384
0.636516
0.636632
0.636732
0.636819
0.636894
0.636957
0.637012
0.637058
0.637097
0.63713
0.637158
0.637181
0.637201
0.637217
0.637231
0.637242
0.637251
0.637259
0.637265
0.63727
0.637274
0.637277
0.637279
0.63728
0.637281
0.637281
0.63728
0.637279
0.637277
0.637274
0.63727
0.637265
0.637259
0.637251
0.637242
0.637231
0.637217
0.637201
0.637181
0.637158
0.63713
0.637097
0.637058
0.637012
0.636957
0.636894
0.636819
0.636732
0.636632
0.636516
0.636384
0.636234
0.636065
0.635876
0.635666
0.647857
0.648065
0.648253
0.648421
0.64857
0.648702
0.648818
0.648919
0.649007
0.649082
0.649147
0.649202
0.649249
0.649289
0.649323
0.649351
0.649375
0.649395
0.649412
0.649426
0.649438
0.649447
0.649455
0.649462
0.649467
0.649471
0.649474
0.649476
0.649478
0.649479
0.649479
0.649478
0.649476
0.649474
0.649471
0.649467
0.649462
0.649455
0.649447
0.649438
0.649426
0.649412
0.649395
0.649375
0.649351
0.649323
0.649289
0.649249
0.649202
0.649147
0.649082
0.649007
0.648919
0.648818
0.648702
0.64857
0.648421
0.648253
0.648065
0.647857
0.6599
0.660106
0.660293
0.66046
0.660609
0.660741
0.660857
0.660958
0.661046
0.661122
0.661188
0.661244
0.661291
0.661332
0.661367
0.661396
0.66142
0.661441
0.661458
0.661473
0.661485
0.661495
0.661503
0.66151
0.661515
0.661519
0.661523
0.661525
0.661527
0.661527
0.661527
0.661527
0.661525
0.661523
0.661519
0.661515
0.66151
0.661503
0.661495
0.661485
0.661473
0.661458
0.661441
0.66142
0.661396
0.661367
0.661332
0.661291
0.661244
0.661188
0.661122
0.661046
0.660958
0.660857
0.660741
0.660609
0.66046
0.660293
0.660106
0.6599
0.671795
0.671999
0.672184
0.67235
0.672498
0.67263
0.672746
0.672847
0.672935
0.673012
0.673078
0.673135
0.673183
0.673225
0.67326
0.67329
0.673315
0.673336
0.673354
0.673369
0.673382
0.673392
0.6734
0.673407
0.673413
0.673417
0.673421
0.673423
0.673425
0.673426
0.673426
0.673425
0.673423
0.673421
0.673417
0.673413
0.673407
0.6734
0.673392
0.673382
0.673369
0.673354
0.673336
0.673315
0.67329
0.67326
0.673225
0.673183
0.673135
0.673078
0.673012
0.672935
0.672847
0.672746
0.67263
0.672498
0.67235
0.672184
0.671999
0.671795
0.683541
0.683742
0.683925
0.684089
0.684237
0.684368
0.684483
0.684585
0.684674
0.684751
0.684817
0.684875
0.684924
0.684966
0.685002
0.685032
0.685058
0.68508
0.685098
0.685113
0.685126
0.685137
0.685146
0.685153
0.685159
0.685163
0.685167
0.685169
0.685171
0.685172
0.685172
0.685171
0.685169
0.685167
0.685163
0.685159
0.685153
0.685146
0.685137
0.685126
0.685113
0.685098
0.68508
0.685058
0.685032
0.685002
0.684966
0.684924
0.684875
0.684817
0.684751
0.684674
0.684585
0.684483
0.684368
0.684237
0.684089
0.683925
0.683742
0.683541
0.695135
0.695334
0.695515
0.695678
0.695824
0.695954
0.696069
0.696171
0.696259
0.696337
0.696404
0.696462
0.696511
0.696554
0.696591
0.696622
0.696648
0.69667
0.696689
0.696705
0.696718
0.696729
0.696738
0.696745
0.696751
0.696756
0.69676
0.696762
0.696764
0.696765
0.696765
0.696764
0.696762
0.69676
0.696756
0.696751
0.696745
0.696738
0.696729
0.696718
0.696705
0.696689
0.69667
0.696648
0.696622
0.696591
0.696554
0.696511
0.696462
0.696404
0.696337
0.696259
0.696171
0.696069
0.695954
0.695824
0.695678
0.695515
0.695334
0.695135
0.706579
0.706775
0.706953
0.707114
0.707259
0.707388
0.707503
0.707604
0.707693
0.70777
0.707838
0.707896
0.707946
0.707989
0.708026
0.708058
0.708084
0.708107
0.708126
0.708143
0.708156
0.708167
0.708177
0.708185
0.708191
0.708196
0.708199
0.708202
0.708204
0.708205
0.708205
0.708204
0.708202
0.708199
0.708196
0.708191
0.708185
0.708177
0.708167
0.708156
0.708143
0.708126
0.708107
0.708084
0.708058
0.708026
0.707989
0.707946
0.707896
0.707838
0.70777
0.707693
0.707604
0.707503
0.707388
0.707259
0.707114
0.706953
0.706775
0.706579
0.717872
0.718064
0.71824
0.718399
0.718542
0.71867
0.718784
0.718885
0.718973
0.719051
0.719118
0.719177
0.719228
0.719271
0.719308
0.71934
0.719368
0.719391
0.71941
0.719427
0.719441
0.719453
0.719462
0.71947
0.719476
0.719482
0.719485
0.719488
0.71949
0.719491
0.719491
0.71949
0.719488
0.719485
0.719482
0.719476
0.71947
0.719462
0.719453
0.719441
0.719427
0.71941
0.719391
0.719368
0.71934
0.719308
0.719271
0.719228
0.719177
0.719118
0.719051
0.718973
0.718885
0.718784
0.71867
0.718542
0.718399
0.71824
0.718064
0.717872
0.729014
0.729203
0.729376
0.729533
0.729674
0.729801
0.729913
0.730014
0.730102
0.730179
0.730247
0.730305
0.730356
0.7304
0.730438
0.73047
0.730498
0.730522
0.730542
0.730558
0.730573
0.730585
0.730594
0.730603
0.730609
0.730614
0.730618
0.730621
0.730623
0.730624
0.730624
0.730623
0.730621
0.730618
0.730614
0.730609
0.730603
0.730594
0.730585
0.730573
0.730558
0.730542
0.730522
0.730498
0.73047
0.730438
0.7304
0.730356
0.730305
0.730247
0.730179
0.730102
0.730014
0.729913
0.729801
0.729674
0.729533
0.729376
0.729203
0.729014
0.740007
0.740192
0.740362
0.740516
0.740655
0.74078
0.740892
0.740991
0.741079
0.741156
0.741224
0.741282
0.741333
0.741378
0.741416
0.741448
0.741476
0.7415
0.741521
0.741538
0.741552
0.741564
0.741575
0.741583
0.74159
0.741595
0.741599
0.741602
0.741604
0.741605
0.741605
0.741604
0.741602
0.741599
0.741595
0.74159
0.741583
0.741575
0.741564
0.741552
0.741538
0.741521
0.7415
0.741476
0.741448
0.741416
0.741378
0.741333
0.741282
0.741224
0.741156
0.741079
0.740991
0.740892
0.74078
0.740655
0.740516
0.740362
0.740192
0.740007
0.750852
0.751033
0.7512
0.751351
0.751488
0.751611
0.751722
0.75182
0.751907
0.751983
0.752051
0.752109
0.752161
0.752205
0.752243
0.752276
0.752304
0.752329
0.752349
0.752367
0.752381
0.752394
0.752404
0.752413
0.752419
0.752425
0.752429
0.752432
0.752434
0.752435
0.752435
0.752434
0.752432
0.752429
0.752425
0.752419
0.752413
0.752404
0.752394
0.752381
0.752367
0.752349
0.752329
0.752304
0.752276
0.752243
0.752205
0.752161
0.752109
0.752051
0.751983
0.751907
0.75182
0.751722
0.751611
0.751488
0.751351
0.7512
0.751033
0.750852
0.761551
0.761728
0.761891
0.762039
0.762174
0.762295
0.762404
0.762501
0.762587
0.762663
0.76273
0.762788
0.762839
0.762884
0.762922
0.762955
0.762984
0.763008
0.763029
0.763047
0.763062
0.763074
0.763085
0.763094
0.763101
0.763106
0.763111
0.763114
0.763116
0.763117
0.763117
0.763116
0.763114
0.763111
0.763106
0.763101
0.763094
0.763085
0.763074
0.763062
0.763047
0.763029
0.763008
0.762984
0.762955
0.762922
0.762884
0.762839
0.762788
0.76273
0.762663
0.762587
0.762501
0.762404
0.762295
0.762174
0.762039
0.761891
0.761728
0.761551
0.772107
0.77228
0.772439
0.772584
0.772716
0.772835
0.772942
0.773037
0.773122
0.773198
0.773264
0.773322
0.773373
0.773417
0.773456
0.773489
0.773518
0.773542
0.773563
0.773581
0.773596
0.773609
0.77362
0.773629
0.773636
0.773641
0.773646
0.773649
0.773651
0.773652
0.773652
0.773651
0.773649
0.773646
0.773641
0.773636
0.773629
0.77362
0.773609
0.773596
0.773581
0.773563
0.773542
0.773518
0.773489
0.773456
0.773417
0.773373
0.773322
0.773264
0.773198
0.773122
0.773037
0.772942
0.772835
0.772716
0.772584
0.772439
0.77228
0.772107
0.782524
0.782692
0.782847
0.782988
0.783117
0.783234
0.783339
0.783433
0.783516
0.783591
0.783656
0.783714
0.783765
0.783809
0.783847
0.78388
0.783909
0.783934
0.783955
0.783973
0.783988
0.784001
0.784012
0.784021
0.784028
0.784034
0.784038
0.784042
0.784044
0.784045
0.784045
0.784044
0.784042
0.784038
0.784034
0.784028
0.784021
0.784012
0.784001
0.783988
0.783973
0.783955
0.783934
0.783909
0.78388
0.783847
0.783809
0.783765
0.783714
0.783656
0.783591
0.783516
0.783433
0.783339
0.783234
0.783117
0.782988
0.782847
0.782692
0.782524
0.792804
0.792968
0.793118
0.793256
0.793382
0.793496
0.793599
0.793691
0.793773
0.793846
0.793911
0.793968
0.794018
0.794062
0.7941
0.794133
0.794162
0.794186
0.794208
0.794226
0.794241
0.794254
0.794265
0.794274
0.794281
0.794287
0.794292
0.794295
0.794297
0.794298
0.794298
0.794297
0.794295
0.794292
0.794287
0.794281
0.794274
0.794265
0.794254
0.794241
0.794226
0.794208
0.794186
0.794162
0.794133
0.7941
0.794062
0.794018
0.793968
0.793911
0.793846
0.793773
0.793691
0.793599
0.793496
0.793382
0.793256
0.793118
0.792968
0.792804
0.802954
0.803112
0.803258
0.803392
0.803515
0.803626
0.803726
0.803816
0.803897
0.803969
0.804032
0.804089
0.804138
0.804181
0.804219
0.804252
0.804281
0.804305
0.804326
0.804345
0.80436
0.804373
0.804384
0.804393
0.804401
0.804406
0.804411
0.804414
0.804417
0.804418
0.804418
0.804417
0.804414
0.804411
0.804406
0.804401
0.804393
0.804384
0.804373
0.80436
0.804345
0.804326
0.804305
0.804281
0.804252
0.804219
0.804181
0.804138
0.804089
0.804032
0.803969
0.803897
0.803816
0.803726
0.803626
0.803515
0.803392
0.803258
0.803112
0.802954
0.812978
0.813131
0.813272
0.813402
0.813521
0.813629
0.813726
0.813814
0.813893
0.813963
0.814026
0.814081
0.81413
0.814173
0.81421
0.814243
0.814271
0.814296
0.814317
0.814335
0.81435
0.814363
0.814374
0.814383
0.814391
0.814397
0.814401
0.814405
0.814407
0.814408
0.814408
0.814407
0.814405
0.814401
0.814397
0.814391
0.814383
0.814374
0.814363
0.81435
0.814335
0.814317
0.814296
0.814271
0.814243
0.81421
0.814173
0.81413
0.814081
0.814026
0.813963
0.813893
0.813814
0.813726
0.813629
0.813521
0.813402
0.813272
0.813131
0.812978
0.822883
0.82303
0.823166
0.823292
0.823407
0.823511
0.823606
0.823691
0.823768
0.823837
0.823898
0.823952
0.824
0.824042
0.824079
0.824111
0.824139
0.824163
0.824184
0.824202
0.824218
0.824231
0.824242
0.824251
0.824258
0.824264
0.824269
0.824272
0.824274
0.824275
0.824275
0.824274
0.824272
0.824269
0.824264
0.824258
0.824251
0.824242
0.824231
0.824218
0.824202
0.824184
0.824163
0.824139
0.824111
0.824079
0.824042
0.824
0.823952
0.823898
0.823837
0.823768
0.823691
0.823606
0.823511
0.823407
0.823292
0.823166
0.82303
0.822883
0.832675
0.832817
0.832948
0.833068
0.833179
0.83328
0.833372
0.833455
0.833529
0.833596
0.833655
0.833708
0.833755
0.833796
0.833833
0.833864
0.833892
0.833916
0.833936
0.833954
0.833969
0.833982
0.833993
0.834002
0.83401
0.834016
0.83402
0.834024
0.834026
0.834027
0.834027
0.834026
0.834024
0.83402
0.834016
0.83401
0.834002
0.833993
0.833982
0.833969
0.833954
0.833936
0.833916
0.833892
0.833864
0.833833
0.833796
0.833755
0.833708
0.833655
0.833596
0.833529
0.833455
0.833372
0.83328
0.833179
0.833068
0.832948
0.832817
0.832675
0.842363
0.842499
0.842624
0.84274
0.842847
0.842944
0.843032
0.843112
0.843184
0.843249
0.843306
0.843358
0.843403
0.843444
0.843479
0.84351
0.843537
0.843561
0.843581
0.843598
0.843613
0.843626
0.843637
0.843646
0.843653
0.843659
0.843664
0.843667
0.843669
0.84367
0.84367
0.843669
0.843667
0.843664
0.843659
0.843653
0.843646
0.843637
0.843626
0.843613
0.843598
0.843581
0.843561
0.843537
0.84351
0.843479
0.843444
0.843403
0.843358
0.843306
0.843249
0.843184
0.843112
0.843032
0.842944
0.842847
0.84274
0.842624
0.842499
0.842363
0.851956
0.852085
0.852205
0.852316
0.852418
0.852511
0.852596
0.852672
0.852742
0.852804
0.85286
0.85291
0.852954
0.852993
0.853027
0.853058
0.853084
0.853107
0.853127
0.853144
0.853159
0.853171
0.853182
0.853191
0.853198
0.853204
0.853208
0.853212
0.853214
0.853215
0.853215
0.853214
0.853212
0.853208
0.853204
0.853198
0.853191
0.853182
0.853171
0.853159
0.853144
0.853127
0.853107
0.853084
0.853058
0.853027
0.852993
0.852954
0.85291
0.85286
0.852804
0.852742
0.852672
0.852596
0.852511
0.852418
0.852316
0.852205
0.852085
0.851956
0.861463
0.861586
0.8617
0.861806
0.861903
0.861991
0.862073
0.862146
0.862213
0.862272
0.862326
0.862374
0.862417
0.862454
0.862488
0.862517
0.862543
0.862565
0.862584
0.862601
0.862615
0.862628
0.862638
0.862647
0.862654
0.86266
0.862664
0.862667
0.862669
0.862671
0.862671
0.862669
0.862667
0.862664
0.86266
0.862654
0.862647
0.862638
0.862628
0.862615
0.862601
0.862584
0.862565
0.862543
0.862517
0.862488
0.862454
0.862417
0.862374
0.862326
0.862272
0.862213
0.862146
0.862073
0.861991
0.861903
0.861806
0.8617
0.861586
0.861463
0.870897
0.871013
0.871121
0.871221
0.871313
0.871397
0.871474
0.871544
0.871607
0.871665
0.871716
0.871762
0.871803
0.871839
0.871871
0.871899
0.871924
0.871945
0.871964
0.87198
0.871994
0.872006
0.872016
0.872025
0.872032
0.872037
0.872042
0.872045
0.872047
0.872048
0.872048
0.872047
0.872045
0.872042
0.872037
0.872032
0.872025
0.872016
0.872006
0.871994
0.87198
0.871964
0.871945
0.871924
0.871899
0.871871
0.871839
0.871803
0.871762
0.871716
0.871665
0.871607
0.871544
0.871474
0.871397
0.871313
0.871221
0.871121
0.871013
0.870897
0.880269
0.880378
0.880479
0.880573
0.88066
0.88074
0.880813
0.880879
0.880939
0.880993
0.881042
0.881085
0.881124
0.881159
0.88119
0.881217
0.88124
0.881261
0.881279
0.881295
0.881308
0.88132
0.88133
0.881338
0.881344
0.88135
0.881354
0.881357
0.881359
0.88136
0.88136
0.881359
0.881357
0.881354
0.88135
0.881344
0.881338
0.88133
0.88132
0.881308
0.881295
0.881279
0.881261
0.88124
0.881217
0.88119
0.881159
0.881124
0.881085
0.881042
0.880993
0.880939
0.880879
0.880813
0.88074
0.88066
0.880573
0.880479
0.880378
0.880269
0.889593
0.889695
0.88979
0.889878
0.889959
0.890034
0.890102
0.890164
0.890221
0.890272
0.890318
0.890359
0.890396
0.890429
0.890458
0.890483
0.890506
0.890526
0.890543
0.890558
0.890571
0.890582
0.890591
0.890599
0.890606
0.890611
0.890615
0.890618
0.89062
0.890621
0.890621
0.89062
0.890618
0.890615
0.890611
0.890606
0.890599
0.890591
0.890582
0.890571
0.890558
0.890543
0.890526
0.890506
0.890483
0.890458
0.890429
0.890396
0.890359
0.890318
0.890272
0.890221
0.890164
0.890102
0.890034
0.889959
0.889878
0.88979
0.889695
0.889593
0.898885
0.89898
0.899068
0.899149
0.899225
0.899294
0.899358
0.899416
0.899468
0.899516
0.899559
0.899598
0.899632
0.899663
0.899691
0.899715
0.899736
0.899755
0.899771
0.899785
0.899797
0.899808
0.899817
0.899824
0.89983
0.899835
0.899839
0.899842
0.899844
0.899845
0.899845
0.899844
0.899842
0.899839
0.899835
0.89983
0.899824
0.899817
0.899808
0.899797
0.899785
0.899771
0.899755
0.899736
0.899715
0.899691
0.899663
0.899632
0.899598
0.899559
0.899516
0.899468
0.899416
0.899358
0.899294
0.899225
0.899149
0.899068
0.89898
0.898885
0.908162
0.908249
0.90833
0.908405
0.908474
0.908538
0.908597
0.90865
0.908699
0.908743
0.908783
0.908819
0.908851
0.90888
0.908905
0.908928
0.908948
0.908965
0.90898
0.908993
0.909005
0.909015
0.909023
0.90903
0.909036
0.909041
0.909044
0.909047
0.909049
0.909049
0.909049
0.909049
0.909047
0.909044
0.909041
0.909036
0.90903
0.909023
0.909015
0.909005
0.908993
0.90898
0.908965
0.908948
0.908928
0.908905
0.90888
0.908851
0.908819
0.908783
0.908743
0.908699
0.90865
0.908597
0.908538
0.908474
0.908405
0.90833
0.908249
0.908162
0.917442
0.917521
0.917594
0.917663
0.917726
0.917784
0.917837
0.917886
0.917931
0.917971
0.918008
0.918041
0.91807
0.918097
0.91812
0.918141
0.918159
0.918175
0.918189
0.918202
0.918212
0.918221
0.918229
0.918236
0.918241
0.918245
0.918249
0.918251
0.918253
0.918254
0.918254
0.918253
0.918251
0.918249
0.918245
0.918241
0.918236
0.918229
0.918221
0.918212
0.918202
0.918189
0.918175
0.918159
0.918141
0.91812
0.918097
0.91807
0.918041
0.918008
0.917971
0.917931
0.917886
0.917837
0.917784
0.917726
0.917663
0.917594
0.917521
0.917442
0.926747
0.926817
0.926883
0.926944
0.927001
0.927053
0.927101
0.927145
0.927185
0.927222
0.927255
0.927284
0.927311
0.927335
0.927356
0.927375
0.927392
0.927406
0.927419
0.92743
0.92744
0.927448
0.927455
0.927461
0.927466
0.92747
0.927473
0.927475
0.927477
0.927478
0.927478
0.927477
0.927475
0.927473
0.92747
0.927466
0.927461
0.927455
0.927448
0.92744
0.92743
0.927419
0.927406
0.927392
0.927375
0.927356
0.927335
0.927311
0.927284
0.927255
0.927222
0.927185
0.927145
0.927101
0.927053
0.927001
0.926944
0.926883
0.926817
0.926747
0.936098
0.93616
0.936218
0.936272
0.936322
0.936368
0.93641
0.936449
0.936485
0.936517
0.936546
0.936572
0.936596
0.936617
0.936636
0.936653
0.936668
0.936681
0.936692
0.936702
0.936711
0.936718
0.936725
0.93673
0.936734
0.936738
0.936741
0.936743
0.936744
0.936745
0.936745
0.936744
0.936743
0.936741
0.936738
0.936734
0.93673
0.936725
0.936718
0.936711
0.936702
0.936692
0.936681
0.936668
0.936653
0.936636
0.936617
0.936596
0.936572
0.936546
0.936517
0.936485
0.936449
0.93641
0.936368
0.936322
0.936272
0.936218
0.93616
0.936098
0.945522
0.945575
0.945625
0.945671
0.945714
0.945754
0.94579
0.945824
0.945854
0.945882
0.945907
0.94593
0.945951
0.945969
0.945985
0.946
0.946013
0.946024
0.946034
0.946043
0.94605
0.946057
0.946062
0.946067
0.946071
0.946074
0.946076
0.946078
0.946079
0.94608
0.94608
0.946079
0.946078
0.946076
0.946074
0.946071
0.946067
0.946062
0.946057
0.94605
0.946043
0.946034
0.946024
0.946013
0.946
0.945985
0.945969
0.945951
0.94593
0.945907
0.945882
0.945854
0.945824
0.94579
0.945754
0.945714
0.945671
0.945625
0.945575
0.945522
0.955046
0.95509
0.955131
0.95517
0.955206
0.955239
0.955269
0.955297
0.955322
0.955346
0.955367
0.955386
0.955403
0.955418
0.955432
0.955444
0.955455
0.955464
0.955473
0.95548
0.955486
0.955492
0.955496
0.9555
0.955503
0.955506
0.955508
0.95551
0.955511
0.955511
0.955511
0.955511
0.95551
0.955508
0.955506
0.955503
0.9555
0.955496
0.955492
0.955486
0.95548
0.955473
0.955464
0.955455
0.955444
0.955432
0.955418
0.955403
0.955386
0.955367
0.955346
0.955322
0.955297
0.955269
0.955239
0.955206
0.95517
0.955131
0.95509
0.955046
0.9647
0.964735
0.964768
0.964798
0.964827
0.964853
0.964877
0.964899
0.964919
0.964937
0.964954
0.964969
0.964983
0.964995
0.965006
0.965015
0.965024
0.965032
0.965038
0.965044
0.965049
0.965053
0.965057
0.96506
0.965063
0.965065
0.965067
0.965068
0.965069
0.965069
0.965069
0.965069
0.965068
0.965067
0.965065
0.965063
0.96506
0.965057
0.965053
0.965049
0.965044
0.965038
0.965032
0.965024
0.965015
0.965006
0.964995
0.964983
0.964969
0.964954
0.964937
0.964919
0.964899
0.964877
0.964853
0.964827
0.964798
0.964768
0.964735
0.9647
0.97452
0.974545
0.974569
0.974591
0.974611
0.97463
0.974648
0.974664
0.974678
0.974692
0.974704
0.974715
0.974725
0.974734
0.974741
0.974749
0.974755
0.97476
0.974765
0.974769
0.974773
0.974776
0.974779
0.974781
0.974783
0.974785
0.974786
0.974787
0.974787
0.974788
0.974788
0.974787
0.974787
0.974786
0.974785
0.974783
0.974781
0.974779
0.974776
0.974773
0.974769
0.974765
0.97476
0.974755
0.974749
0.974741
0.974734
0.974725
0.974715
0.974704
0.974692
0.974678
0.974664
0.974648
0.97463
0.974611
0.974591
0.974569
0.974545
0.97452
0.984541
0.984556
0.984571
0.984584
0.984597
0.984608
0.984619
0.984629
0.984638
0.984646
0.984653
0.98466
0.984666
0.984671
0.984676
0.98468
0.984684
0.984688
0.984691
0.984693
0.984695
0.984697
0.984699
0.9847
0.984702
0.984702
0.984703
0.984704
0.984704
0.984704
0.984704
0.984704
0.984704
0.984703
0.984702
0.984702
0.9847
0.984699
0.984697
0.984695
0.984693
0.984691
0.984688
0.984684
0.98468
0.984676
0.984671
0.984666
0.98466
0.984653
0.984646
0.984638
0.984629
0.984619
0.984608
0.984597
0.984584
0.984571
0.984556
0.984541
0.994805
0.99481
0.994815
0.99482
0.994824
0.994828
0.994832
0.994835
0.994838
0.994841
0.994843
0.994845
0.994847
0.994849
0.994851
0.994852
0.994854
0.994855
0.994856
0.994857
0.994857
0.994858
0.994859
0.994859
0.994859
0.99486
0.99486
0.99486
0.99486
0.99486
0.99486
0.99486
0.99486
0.99486
0.99486
0.994859
0.994859
0.994859
0.994858
0.994857
0.994857
0.994856
0.994855
0.994854
0.994852
0.994851
0.994849
0.994847
0.994845
0.994843
0.994841
0.994838
0.994835
0.994832
0.994828
0.994824
0.99482
0.994815
0.99481
0.994805
)
;

boundaryField
{
    top
    {
        type            fixedValue;
        value           uniform 1;
    }
    bottom
    {
        type            fixedValue;
        value           uniform 1;
    }
    wall
    {
        type            zeroGradient;
    }
    frontAndBack
    {
        type            empty;
    }
}


// ************************************************************************* //
