/*--------------------------------*- C++ -*----------------------------------*\
| =========                 |                                                 |
| \\      /  F ield         | foam-extend: Open Source CFD                    |
|  \\    /   O peration     | Version:     4.0                                |
|   \\  /    A nd           | Web:         http://www.foam-extend.org         |
|    \\/     M anipulation  |                                                 |
\*---------------------------------------------------------------------------*/
FoamFile
{
    version     2.0;
    format      ascii;
    class       volScalarField;
    location    "29";
    object      Phi;
}
// * * * * * * * * * * * * * * * * * * * * * * * * * * * * * * * * * * * * * //

dimensions      [0 0 0 0 0 0 0];

internalField   nonuniform List<scalar> 
6960
(
0.881106
0.881106
0.881106
0.881105
0.881105
0.881105
0.881105
0.881104
0.881104
0.881104
0.881104
0.881104
0.881104
0.881104
0.881104
0.881104
0.881104
0.881104
0.881104
0.881105
0.881105
0.881105
0.881105
0.881105
0.881105
0.881105
0.881105
0.881105
0.881105
0.881105
0.881105
0.881105
0.881105
0.881105
0.881105
0.881105
0.881105
0.881105
0.881105
0.881105
0.881105
0.881104
0.881104
0.881104
0.881104
0.881104
0.881104
0.881104
0.881104
0.881104
0.881104
0.881104
0.881104
0.881105
0.881105
0.881105
0.881105
0.881106
0.881106
0.881106
2.02333
2.02333
2.02333
2.02333
2.02333
2.02332
2.02332
2.02332
2.02332
2.02332
2.02332
2.02332
2.02332
2.02332
2.02332
2.02332
2.02332
2.02332
2.02332
2.02332
2.02332
2.02332
2.02332
2.02332
2.02332
2.02332
2.02332
2.02333
2.02333
2.02333
2.02333
2.02333
2.02333
2.02332
2.02332
2.02332
2.02332
2.02332
2.02332
2.02332
2.02332
2.02332
2.02332
2.02332
2.02332
2.02332
2.02332
2.02332
2.02332
2.02332
2.02332
2.02332
2.02332
2.02332
2.02332
2.02333
2.02333
2.02333
2.02333
2.02333
3.00761
3.0076
3.0076
3.0076
3.00759
3.00759
3.00758
3.00758
3.00758
3.00757
3.00757
3.00757
3.00757
3.00757
3.00757
3.00758
3.00758
3.00758
3.00758
3.00758
3.00758
3.00758
3.00758
3.00758
3.00759
3.00759
3.00759
3.00759
3.00759
3.00759
3.00759
3.00759
3.00759
3.00759
3.00759
3.00759
3.00758
3.00758
3.00758
3.00758
3.00758
3.00758
3.00758
3.00758
3.00758
3.00757
3.00757
3.00757
3.00757
3.00757
3.00757
3.00758
3.00758
3.00758
3.00759
3.00759
3.0076
3.0076
3.0076
3.00761
3.94379
3.94378
3.94378
3.94377
3.94376
3.94376
3.94375
3.94374
3.94374
3.94374
3.94374
3.94373
3.94373
3.94374
3.94374
3.94374
3.94374
3.94374
3.94374
3.94375
3.94375
3.94375
3.94375
3.94375
3.94375
3.94376
3.94376
3.94376
3.94376
3.94376
3.94376
3.94376
3.94376
3.94376
3.94376
3.94375
3.94375
3.94375
3.94375
3.94375
3.94375
3.94374
3.94374
3.94374
3.94374
3.94374
3.94374
3.94373
3.94373
3.94374
3.94374
3.94374
3.94374
3.94375
3.94376
3.94376
3.94377
3.94378
3.94378
3.94379
4.86862
4.86862
4.86861
4.8686
4.86859
4.86858
4.86857
4.86856
4.86855
4.86855
4.86855
4.86854
4.86854
4.86855
4.86855
4.86855
4.86855
4.86856
4.86856
4.86856
4.86856
4.86857
4.86857
4.86857
4.86857
4.86858
4.86858
4.86858
4.86858
4.86858
4.86858
4.86858
4.86858
4.86858
4.86858
4.86857
4.86857
4.86857
4.86857
4.86856
4.86856
4.86856
4.86856
4.86855
4.86855
4.86855
4.86855
4.86854
4.86854
4.86855
4.86855
4.86855
4.86856
4.86857
4.86858
4.86859
4.8686
4.86861
4.86862
4.86862
5.79514
5.79514
5.79512
5.79511
5.7951
5.79508
5.79507
5.79506
5.79505
5.79505
5.79504
5.79504
5.79504
5.79504
5.79505
5.79505
5.79505
5.79505
5.79506
5.79506
5.79507
5.79507
5.79507
5.79508
5.79508
5.79508
5.79508
5.79509
5.79509
5.79509
5.79509
5.79509
5.79509
5.79508
5.79508
5.79508
5.79508
5.79507
5.79507
5.79507
5.79506
5.79506
5.79505
5.79505
5.79505
5.79505
5.79504
5.79504
5.79504
5.79504
5.79505
5.79505
5.79506
5.79507
5.79508
5.7951
5.79511
5.79512
5.79514
5.79514
6.7276
6.72759
6.72758
6.72756
6.72754
6.72753
6.72751
6.7275
6.72749
6.72748
6.72748
6.72748
6.72748
6.72748
6.72748
6.72748
6.72749
6.72749
6.7275
6.7275
6.72751
6.72751
6.72752
6.72752
6.72752
6.72753
6.72753
6.72753
6.72753
6.72753
6.72753
6.72753
6.72753
6.72753
6.72753
6.72752
6.72752
6.72752
6.72751
6.72751
6.7275
6.7275
6.72749
6.72749
6.72748
6.72748
6.72748
6.72748
6.72748
6.72748
6.72748
6.72749
6.7275
6.72751
6.72753
6.72754
6.72756
6.72758
6.72759
6.7276
7.66679
7.66678
7.66677
7.66674
7.66672
7.6667
7.66668
7.66667
7.66666
7.66665
7.66665
7.66664
7.66664
7.66664
7.66665
7.66665
7.66666
7.66666
7.66667
7.66667
7.66668
7.66669
7.66669
7.66669
7.6667
7.6667
7.66671
7.66671
7.66671
7.66671
7.66671
7.66671
7.66671
7.66671
7.6667
7.6667
7.66669
7.66669
7.66669
7.66668
7.66667
7.66667
7.66666
7.66666
7.66665
7.66665
7.66664
7.66664
7.66664
7.66665
7.66665
7.66666
7.66667
7.66668
7.6667
7.66672
7.66674
7.66677
7.66678
7.66679
8.61206
8.61205
8.61203
8.61201
8.61198
8.61196
8.61194
8.61192
8.61191
8.6119
8.61189
8.61189
8.61189
8.61189
8.61189
8.6119
8.6119
8.61191
8.61192
8.61192
8.61193
8.61194
8.61194
8.61195
8.61195
8.61196
8.61196
8.61196
8.61197
8.61197
8.61197
8.61197
8.61196
8.61196
8.61196
8.61195
8.61195
8.61194
8.61194
8.61193
8.61192
8.61192
8.61191
8.6119
8.6119
8.61189
8.61189
8.61189
8.61189
8.61189
8.6119
8.61191
8.61192
8.61194
8.61196
8.61198
8.61201
8.61203
8.61205
8.61206
9.56206
9.56205
9.56203
9.562
9.56197
9.56194
9.56192
9.5619
9.56189
9.56187
9.56187
9.56187
9.56187
9.56187
9.56187
9.56188
9.56188
9.56189
9.5619
9.56191
9.56191
9.56192
9.56193
9.56193
9.56194
9.56194
9.56195
9.56195
9.56195
9.56195
9.56195
9.56195
9.56195
9.56195
9.56194
9.56194
9.56193
9.56193
9.56192
9.56191
9.56191
9.5619
9.56189
9.56188
9.56188
9.56187
9.56187
9.56187
9.56187
9.56187
9.56187
9.56189
9.5619
9.56192
9.56194
9.56197
9.562
9.56203
9.56205
9.56206
10.515
10.515
10.515
10.5149
10.5149
10.5149
10.5149
10.5148
10.5148
10.5148
10.5148
10.5148
10.5148
10.5148
10.5148
10.5148
10.5148
10.5148
10.5148
10.5148
10.5149
10.5149
10.5149
10.5149
10.5149
10.5149
10.5149
10.5149
10.5149
10.5149
10.5149
10.5149
10.5149
10.5149
10.5149
10.5149
10.5149
10.5149
10.5149
10.5149
10.5148
10.5148
10.5148
10.5148
10.5148
10.5148
10.5148
10.5148
10.5148
10.5148
10.5148
10.5148
10.5148
10.5149
10.5149
10.5149
10.5149
10.515
10.515
10.515
11.4688
11.4688
11.4688
11.4687
11.4687
11.4687
11.4686
11.4686
11.4686
11.4686
11.4686
11.4686
11.4686
11.4686
11.4686
11.4686
11.4686
11.4686
11.4686
11.4686
11.4686
11.4686
11.4686
11.4687
11.4687
11.4687
11.4687
11.4687
11.4687
11.4687
11.4687
11.4687
11.4687
11.4687
11.4687
11.4687
11.4687
11.4686
11.4686
11.4686
11.4686
11.4686
11.4686
11.4686
11.4686
11.4686
11.4686
11.4686
11.4686
11.4686
11.4686
11.4686
11.4686
11.4686
11.4687
11.4687
11.4687
11.4688
11.4688
11.4688
12.421
12.4209
12.4209
12.4209
12.4208
12.4208
12.4208
12.4207
12.4207
12.4207
12.4207
12.4207
12.4207
12.4207
12.4207
12.4207
12.4207
12.4207
12.4207
12.4208
12.4208
12.4208
12.4208
12.4208
12.4208
12.4208
12.4208
12.4208
12.4208
12.4208
12.4208
12.4208
12.4208
12.4208
12.4208
12.4208
12.4208
12.4208
12.4208
12.4208
12.4208
12.4207
12.4207
12.4207
12.4207
12.4207
12.4207
12.4207
12.4207
12.4207
12.4207
12.4207
12.4207
12.4208
12.4208
12.4208
12.4209
12.4209
12.4209
12.421
13.3686
13.3686
13.3686
13.3685
13.3685
13.3684
13.3684
13.3684
13.3684
13.3683
13.3683
13.3683
13.3683
13.3683
13.3683
13.3684
13.3684
13.3684
13.3684
13.3684
13.3684
13.3684
13.3684
13.3684
13.3684
13.3684
13.3684
13.3685
13.3685
13.3685
13.3685
13.3685
13.3685
13.3684
13.3684
13.3684
13.3684
13.3684
13.3684
13.3684
13.3684
13.3684
13.3684
13.3684
13.3684
13.3683
13.3683
13.3683
13.3683
13.3683
13.3683
13.3684
13.3684
13.3684
13.3684
13.3685
13.3685
13.3686
13.3686
13.3686
14.3084
14.3084
14.3084
14.3083
14.3083
14.3083
14.3082
14.3082
14.3082
14.3082
14.3081
14.3081
14.3081
14.3081
14.3082
14.3082
14.3082
14.3082
14.3082
14.3082
14.3082
14.3082
14.3082
14.3082
14.3083
14.3083
14.3083
14.3083
14.3083
14.3083
14.3083
14.3083
14.3083
14.3083
14.3083
14.3083
14.3082
14.3082
14.3082
14.3082
14.3082
14.3082
14.3082
14.3082
14.3082
14.3082
14.3081
14.3081
14.3081
14.3081
14.3082
14.3082
14.3082
14.3082
14.3083
14.3083
14.3083
14.3084
14.3084
14.3084
15.2366
15.2366
15.2365
15.2365
15.2364
15.2364
15.2364
15.2363
15.2363
15.2363
15.2363
15.2363
15.2363
15.2363
15.2363
15.2363
15.2363
15.2363
15.2363
15.2363
15.2364
15.2364
15.2364
15.2364
15.2364
15.2364
15.2364
15.2364
15.2364
15.2364
15.2364
15.2364
15.2364
15.2364
15.2364
15.2364
15.2364
15.2364
15.2364
15.2364
15.2363
15.2363
15.2363
15.2363
15.2363
15.2363
15.2363
15.2363
15.2363
15.2363
15.2363
15.2363
15.2363
15.2364
15.2364
15.2364
15.2365
15.2365
15.2366
15.2366
16.1486
16.1486
16.1485
16.1485
16.1485
16.1484
16.1484
16.1483
16.1483
16.1483
16.1483
16.1483
16.1483
16.1483
16.1483
16.1483
16.1483
16.1483
16.1483
16.1484
16.1484
16.1484
16.1484
16.1484
16.1484
16.1484
16.1484
16.1484
16.1484
16.1484
16.1484
16.1484
16.1484
16.1484
16.1484
16.1484
16.1484
16.1484
16.1484
16.1484
16.1484
16.1483
16.1483
16.1483
16.1483
16.1483
16.1483
16.1483
16.1483
16.1483
16.1483
16.1483
16.1483
16.1484
16.1484
16.1485
16.1485
16.1485
16.1486
16.1486
17.0393
17.0392
17.0392
17.0392
17.0391
17.0391
17.039
17.039
17.039
17.039
17.039
17.0389
17.0389
17.039
17.039
17.039
17.039
17.039
17.039
17.039
17.039
17.039
17.039
17.0391
17.0391
17.0391
17.0391
17.0391
17.0391
17.0391
17.0391
17.0391
17.0391
17.0391
17.0391
17.0391
17.0391
17.039
17.039
17.039
17.039
17.039
17.039
17.039
17.039
17.039
17.039
17.0389
17.0389
17.039
17.039
17.039
17.039
17.039
17.0391
17.0391
17.0392
17.0392
17.0392
17.0393
17.9025
17.9024
17.9024
17.9024
17.9023
17.9023
17.9022
17.9022
17.9022
17.9022
17.9022
17.9021
17.9021
17.9022
17.9022
17.9022
17.9022
17.9022
17.9022
17.9022
17.9022
17.9022
17.9022
17.9023
17.9023
17.9023
17.9023
17.9023
17.9023
17.9023
17.9023
17.9023
17.9023
17.9023
17.9023
17.9023
17.9023
17.9022
17.9022
17.9022
17.9022
17.9022
17.9022
17.9022
17.9022
17.9022
17.9022
17.9021
17.9021
17.9022
17.9022
17.9022
17.9022
17.9022
17.9023
17.9023
17.9024
17.9024
17.9024
17.9025
18.7311
18.7311
18.7311
18.731
18.731
18.7309
18.7309
18.7309
18.7308
18.7308
18.7308
18.7308
18.7308
18.7308
18.7308
18.7308
18.7308
18.7308
18.7309
18.7309
18.7309
18.7309
18.7309
18.7309
18.7309
18.7309
18.7309
18.7309
18.7309
18.7309
18.7309
18.7309
18.7309
18.7309
18.7309
18.7309
18.7309
18.7309
18.7309
18.7309
18.7309
18.7309
18.7308
18.7308
18.7308
18.7308
18.7308
18.7308
18.7308
18.7308
18.7308
18.7308
18.7309
18.7309
18.7309
18.731
18.731
18.7311
18.7311
18.7311
19.5171
19.517
19.517
19.517
19.5169
19.5169
19.5168
19.5168
19.5168
19.5168
19.5168
19.5168
19.5168
19.5168
19.5168
19.5168
19.5168
19.5168
19.5168
19.5168
19.5168
19.5168
19.5169
19.5169
19.5169
19.5169
19.5169
19.5169
19.5169
19.5169
19.5169
19.5169
19.5169
19.5169
19.5169
19.5169
19.5169
19.5169
19.5168
19.5168
19.5168
19.5168
19.5168
19.5168
19.5168
19.5168
19.5168
19.5168
19.5168
19.5168
19.5168
19.5168
19.5168
19.5168
19.5169
19.5169
19.517
19.517
19.517
19.5171
20.2513
20.2513
20.2513
20.2512
20.2512
20.2511
20.2511
20.2511
20.251
20.251
20.251
20.251
20.251
20.251
20.251
20.251
20.251
20.2511
20.2511
20.2511
20.2511
20.2511
20.2511
20.2511
20.2511
20.2511
20.2511
20.2511
20.2511
20.2511
20.2511
20.2511
20.2511
20.2511
20.2511
20.2511
20.2511
20.2511
20.2511
20.2511
20.2511
20.2511
20.2511
20.251
20.251
20.251
20.251
20.251
20.251
20.251
20.251
20.251
20.2511
20.2511
20.2511
20.2512
20.2512
20.2513
20.2513
20.2513
20.9245
20.9245
20.9244
20.9244
20.9243
20.9243
20.9243
20.9243
20.9242
20.9242
20.9242
20.9242
20.9242
20.9242
20.9242
20.9242
20.9242
20.9242
20.9243
20.9243
20.9243
20.9243
20.9243
20.9243
20.9243
20.9243
20.9243
20.9243
20.9243
20.9243
20.9243
20.9243
20.9243
20.9243
20.9243
20.9243
20.9243
20.9243
20.9243
20.9243
20.9243
20.9243
20.9242
20.9242
20.9242
20.9242
20.9242
20.9242
20.9242
20.9242
20.9242
20.9242
20.9243
20.9243
20.9243
20.9243
20.9244
20.9244
20.9245
20.9245
21.528
21.528
21.528
21.5279
21.5279
21.5279
21.5278
21.5278
21.5278
21.5278
21.5278
21.5278
21.5278
21.5278
21.5278
21.5278
21.5278
21.5278
21.5278
21.5278
21.5278
21.5278
21.5278
21.5278
21.5278
21.5279
21.5279
21.5279
21.5279
21.5279
21.5279
21.5279
21.5279
21.5279
21.5279
21.5278
21.5278
21.5278
21.5278
21.5278
21.5278
21.5278
21.5278
21.5278
21.5278
21.5278
21.5278
21.5278
21.5278
21.5278
21.5278
21.5278
21.5278
21.5278
21.5279
21.5279
21.5279
21.528
21.528
21.528
22.0558
22.0558
22.0557
22.0557
22.0557
22.0557
22.0556
22.0556
22.0556
22.0556
22.0556
22.0556
22.0556
22.0556
22.0556
22.0556
22.0556
22.0556
22.0556
22.0556
22.0556
22.0556
22.0556
22.0556
22.0557
22.0557
22.0557
22.0557
22.0557
22.0557
22.0557
22.0557
22.0557
22.0557
22.0557
22.0557
22.0556
22.0556
22.0556
22.0556
22.0556
22.0556
22.0556
22.0556
22.0556
22.0556
22.0556
22.0556
22.0556
22.0556
22.0556
22.0556
22.0556
22.0556
22.0557
22.0557
22.0557
22.0557
22.0558
22.0558
22.506
22.506
22.506
22.5059
22.5059
22.5059
22.5059
22.5058
22.5058
22.5058
22.5058
22.5058
22.5058
22.5058
22.5058
22.5058
22.5058
22.5058
22.5058
22.5058
22.5059
22.5059
22.5059
22.5059
22.5059
22.5059
22.5059
22.5059
22.5059
22.5059
22.5059
22.5059
22.5059
22.5059
22.5059
22.5059
22.5059
22.5059
22.5059
22.5059
22.5058
22.5058
22.5058
22.5058
22.5058
22.5058
22.5058
22.5058
22.5058
22.5058
22.5058
22.5058
22.5058
22.5059
22.5059
22.5059
22.5059
22.506
22.506
22.506
22.882
22.882
22.882
22.882
22.882
22.8819
22.8819
22.8819
22.8819
22.8819
22.8819
22.8819
22.8819
22.8819
22.8819
22.8819
22.8819
22.8819
22.8819
22.8819
22.8819
22.8819
22.8819
22.8819
22.8819
22.8819
22.8819
22.8819
22.8819
22.8819
22.8819
22.8819
22.8819
22.8819
22.8819
22.8819
22.8819
22.8819
22.8819
22.8819
22.8819
22.8819
22.8819
22.8819
22.8819
22.8819
22.8819
22.8819
22.8819
22.8819
22.8819
22.8819
22.8819
22.8819
22.8819
22.882
22.882
22.882
22.882
22.882
23.1921
23.1921
23.1921
23.1921
23.1921
23.192
23.192
23.192
23.192
23.192
23.192
23.192
23.192
23.192
23.192
23.192
23.192
23.192
23.192
23.192
23.192
23.192
23.192
23.192
23.192
23.192
23.192
23.1921
23.1921
23.1921
23.1921
23.1921
23.1921
23.192
23.192
23.192
23.192
23.192
23.192
23.192
23.192
23.192
23.192
23.192
23.192
23.192
23.192
23.192
23.192
23.192
23.192
23.192
23.192
23.192
23.192
23.1921
23.1921
23.1921
23.1921
23.1921
23.4474
23.4474
23.4474
23.4474
23.4474
23.4474
23.4474
23.4474
23.4473
23.4473
23.4473
23.4473
23.4473
23.4473
23.4473
23.4473
23.4473
23.4473
23.4473
23.4474
23.4474
23.4474
23.4474
23.4474
23.4474
23.4474
23.4474
23.4474
23.4474
23.4474
23.4474
23.4474
23.4474
23.4474
23.4474
23.4474
23.4474
23.4474
23.4474
23.4474
23.4474
23.4473
23.4473
23.4473
23.4473
23.4473
23.4473
23.4473
23.4473
23.4473
23.4473
23.4473
23.4474
23.4474
23.4474
23.4474
23.4474
23.4474
23.4474
23.4474
23.6597
23.6597
23.6597
23.6597
23.6597
23.6597
23.6596
23.6596
23.6596
23.6596
23.6596
23.6596
23.6596
23.6596
23.6596
23.6596
23.6596
23.6596
23.6596
23.6596
23.6596
23.6596
23.6596
23.6596
23.6597
23.6597
23.6597
23.6597
23.6597
23.6597
23.6597
23.6597
23.6597
23.6597
23.6597
23.6597
23.6596
23.6596
23.6596
23.6596
23.6596
23.6596
23.6596
23.6596
23.6596
23.6596
23.6596
23.6596
23.6596
23.6596
23.6596
23.6596
23.6596
23.6596
23.6597
23.6597
23.6597
23.6597
23.6597
23.6597
23.8394
23.8394
23.8394
23.8394
23.8394
23.8394
23.8394
23.8394
23.8394
23.8394
23.8394
23.8394
23.8394
23.8394
23.8394
23.8394
23.8394
23.8394
23.8394
23.8394
23.8394
23.8394
23.8394
23.8394
23.8394
23.8394
23.8394
23.8394
23.8394
23.8394
23.8394
23.8394
23.8394
23.8394
23.8394
23.8394
23.8394
23.8394
23.8394
23.8394
23.8394
23.8394
23.8394
23.8394
23.8394
23.8394
23.8394
23.8394
23.8394
23.8394
23.8394
23.8394
23.8394
23.8394
23.8394
23.8394
23.8394
23.8394
23.8394
23.8394
23.9949
23.9949
23.9949
23.9949
23.9948
23.9948
23.9948
23.9948
23.9948
23.9948
23.9948
23.9948
23.9948
23.9948
23.9948
23.9948
23.9948
23.9948
23.9948
23.9948
23.9948
23.9948
23.9948
23.9948
23.9948
23.9948
23.9948
23.9948
23.9948
23.9948
23.9948
23.9948
23.9948
23.9948
23.9948
23.9948
23.9948
23.9948
23.9948
23.9948
23.9948
23.9948
23.9948
23.9948
23.9948
23.9948
23.9948
23.9948
23.9948
23.9948
23.9948
23.9948
23.9948
23.9948
23.9948
23.9948
23.9949
23.9949
23.9949
23.9949
24.1322
24.1322
24.1322
24.1322
24.1322
24.1322
24.1322
24.1322
24.1322
24.1321
24.1321
24.1321
24.1321
24.1321
24.1321
24.1321
24.1321
24.1322
24.1322
24.1322
24.1322
24.1322
24.1322
24.1322
24.1322
24.1322
24.1322
24.1322
24.1322
24.1322
24.1322
24.1322
24.1322
24.1322
24.1322
24.1322
24.1322
24.1322
24.1322
24.1322
24.1322
24.1322
24.1322
24.1321
24.1321
24.1321
24.1321
24.1321
24.1321
24.1321
24.1321
24.1322
24.1322
24.1322
24.1322
24.1322
24.1322
24.1322
24.1322
24.1322
24.2556
24.2556
24.2556
24.2556
24.2556
24.2556
24.2556
24.2556
24.2556
24.2556
24.2556
24.2556
24.2556
24.2556
24.2556
24.2556
24.2556
24.2556
24.2556
24.2556
24.2556
24.2556
24.2556
24.2556
24.2556
24.2556
24.2556
24.2556
24.2556
24.2556
24.2556
24.2556
24.2556
24.2556
24.2556
24.2556
24.2556
24.2556
24.2556
24.2556
24.2556
24.2556
24.2556
24.2556
24.2556
24.2556
24.2556
24.2556
24.2556
24.2556
24.2556
24.2556
24.2556
24.2556
24.2556
24.2556
24.2556
24.2556
24.2556
24.2556
24.3682
24.3682
24.3682
24.3682
24.3682
24.3682
24.3682
24.3682
24.3682
24.3682
24.3682
24.3682
24.3682
24.3682
24.3682
24.3682
24.3682
24.3682
24.3682
24.3682
24.3682
24.3682
24.3682
24.3682
24.3682
24.3682
24.3682
24.3682
24.3682
24.3682
24.3682
24.3682
24.3682
24.3682
24.3682
24.3682
24.3682
24.3682
24.3682
24.3682
24.3682
24.3682
24.3682
24.3682
24.3682
24.3682
24.3682
24.3682
24.3682
24.3682
24.3682
24.3682
24.3682
24.3682
24.3682
24.3682
24.3682
24.3682
24.3682
24.3682
24.4721
24.4721
24.4721
24.4721
24.4721
24.4721
24.4721
24.4721
24.4721
24.4721
24.4721
24.4721
24.4721
24.4721
24.4721
24.4721
24.4721
24.4721
24.4721
24.4721
24.4721
24.4721
24.4721
24.4721
24.4721
24.4721
24.4721
24.4721
24.4721
24.4721
24.4721
24.4721
24.4721
24.4721
24.4721
24.4721
24.4721
24.4721
24.4721
24.4721
24.4721
24.4721
24.4721
24.4721
24.4721
24.4721
24.4721
24.4721
24.4721
24.4721
24.4721
24.4721
24.4721
24.4721
24.4721
24.4721
24.4721
24.4721
24.4721
24.4721
24.5687
24.5687
24.5687
24.5687
24.5687
24.5687
24.5687
24.5687
24.5687
24.5687
24.5687
24.5687
24.5687
24.5687
24.5687
24.5687
24.5687
24.5687
24.5687
24.5687
24.5687
24.5687
24.5687
24.5687
24.5687
24.5687
24.5687
24.5687
24.5687
24.5687
24.5687
24.5687
24.5687
24.5687
24.5687
24.5687
24.5687
24.5687
24.5687
24.5687
24.5687
24.5687
24.5687
24.5687
24.5687
24.5687
24.5687
24.5687
24.5687
24.5687
24.5687
24.5687
24.5687
24.5687
24.5687
24.5687
24.5687
24.5687
24.5687
24.5687
24.6593
24.6593
24.6593
24.6593
24.6593
24.6593
24.6592
24.6592
24.6592
24.6592
24.6592
24.6592
24.6592
24.6592
24.6592
24.6592
24.6592
24.6592
24.6592
24.6592
24.6592
24.6592
24.6592
24.6592
24.6592
24.6592
24.6592
24.6593
24.6593
24.6593
24.6593
24.6593
24.6593
24.6592
24.6592
24.6592
24.6592
24.6592
24.6592
24.6592
24.6592
24.6592
24.6592
24.6592
24.6592
24.6592
24.6592
24.6592
24.6592
24.6592
24.6592
24.6592
24.6592
24.6592
24.6593
24.6593
24.6593
24.6593
24.6593
24.6593
24.7446
24.7446
24.7446
24.7446
24.7446
24.7446
24.7446
24.7446
24.7446
24.7446
24.7446
24.7446
24.7446
24.7446
24.7446
24.7446
24.7446
24.7446
24.7446
24.7446
24.7446
24.7446
24.7446
24.7446
24.7446
24.7446
24.7446
24.7446
24.7446
24.7446
24.7446
24.7446
24.7446
24.7446
24.7446
24.7446
24.7446
24.7446
24.7446
24.7446
24.7446
24.7446
24.7446
24.7446
24.7446
24.7446
24.7446
24.7446
24.7446
24.7446
24.7446
24.7446
24.7446
24.7446
24.7446
24.7446
24.7446
24.7446
24.7446
24.7446
24.8255
24.8255
24.8255
24.8255
24.8255
24.8255
24.8255
24.8255
24.8255
24.8255
24.8255
24.8255
24.8255
24.8255
24.8255
24.8255
24.8255
24.8255
24.8255
24.8255
24.8255
24.8255
24.8255
24.8255
24.8255
24.8255
24.8255
24.8255
24.8255
24.8255
24.8255
24.8255
24.8255
24.8255
24.8255
24.8255
24.8255
24.8255
24.8255
24.8255
24.8255
24.8255
24.8255
24.8255
24.8255
24.8255
24.8255
24.8255
24.8255
24.8255
24.8255
24.8255
24.8255
24.8255
24.8255
24.8255
24.8255
24.8255
24.8255
24.8255
24.9025
24.9025
24.9025
24.9025
24.9025
24.9025
24.9025
24.9025
24.9024
24.9024
24.9024
24.9024
24.9024
24.9024
24.9024
24.9024
24.9024
24.9024
24.9024
24.9024
24.9024
24.9024
24.9024
24.9024
24.9025
24.9025
24.9025
24.9025
24.9025
24.9025
24.9025
24.9025
24.9025
24.9025
24.9025
24.9025
24.9024
24.9024
24.9024
24.9024
24.9024
24.9024
24.9024
24.9024
24.9024
24.9024
24.9024
24.9024
24.9024
24.9024
24.9024
24.9024
24.9025
24.9025
24.9025
24.9025
24.9025
24.9025
24.9025
24.9025
24.976
24.976
24.976
24.976
24.976
24.976
24.976
24.976
24.976
24.976
24.976
24.976
24.976
24.976
24.976
24.976
24.976
24.976
24.976
24.976
24.976
24.976
24.976
24.976
24.976
24.976
24.976
24.976
24.976
24.976
24.976
24.976
24.976
24.976
24.976
24.976
24.976
24.976
24.976
24.976
24.976
24.976
24.976
24.976
24.976
24.976
24.976
24.976
24.976
24.976
24.976
24.976
24.976
24.976
24.976
24.976
24.976
24.976
24.976
24.976
25.0464
25.0464
25.0464
25.0464
25.0464
25.0464
25.0464
25.0464
25.0464
25.0464
25.0464
25.0464
25.0464
25.0464
25.0464
25.0464
25.0464
25.0464
25.0464
25.0464
25.0464
25.0464
25.0464
25.0464
25.0464
25.0464
25.0464
25.0464
25.0464
25.0464
25.0464
25.0464
25.0464
25.0464
25.0464
25.0464
25.0464
25.0464
25.0464
25.0464
25.0464
25.0464
25.0464
25.0464
25.0464
25.0464
25.0464
25.0464
25.0464
25.0464
25.0464
25.0464
25.0464
25.0464
25.0464
25.0464
25.0464
25.0464
25.0464
25.0464
25.1141
25.1141
25.1141
25.1141
25.1141
25.1141
25.1141
25.1141
25.1141
25.1141
25.1141
25.1141
25.1141
25.1141
25.1141
25.1141
25.1141
25.1141
25.1141
25.1141
25.1141
25.1141
25.1141
25.1141
25.1141
25.1141
25.1141
25.1141
25.1141
25.1141
25.1141
25.1141
25.1141
25.1141
25.1141
25.1141
25.1141
25.1141
25.1141
25.1141
25.1141
25.1141
25.1141
25.1141
25.1141
25.1141
25.1141
25.1141
25.1141
25.1141
25.1141
25.1141
25.1141
25.1141
25.1141
25.1141
25.1141
25.1141
25.1141
25.1141
25.1794
25.1794
25.1794
25.1794
25.1794
25.1794
25.1794
25.1794
25.1794
25.1794
25.1794
25.1794
25.1794
25.1794
25.1794
25.1794
25.1794
25.1794
25.1794
25.1794
25.1794
25.1794
25.1794
25.1794
25.1794
25.1794
25.1794
25.1794
25.1794
25.1794
25.1794
25.1794
25.1794
25.1794
25.1794
25.1794
25.1794
25.1794
25.1794
25.1794
25.1794
25.1794
25.1794
25.1794
25.1794
25.1794
25.1794
25.1794
25.1794
25.1794
25.1794
25.1794
25.1794
25.1794
25.1794
25.1794
25.1794
25.1794
25.1794
25.1794
25.2424
25.2424
25.2424
25.2424
25.2424
25.2424
25.2424
25.2424
25.2424
25.2424
25.2424
25.2424
25.2424
25.2424
25.2424
25.2424
25.2424
25.2424
25.2424
25.2424
25.2424
25.2424
25.2424
25.2424
25.2424
25.2424
25.2424
25.2424
25.2424
25.2424
25.2424
25.2424
25.2424
25.2424
25.2424
25.2424
25.2424
25.2424
25.2424
25.2424
25.2424
25.2424
25.2424
25.2424
25.2424
25.2424
25.2424
25.2424
25.2424
25.2424
25.2424
25.2424
25.2424
25.2424
25.2424
25.2424
25.2424
25.2424
25.2424
25.2424
25.3034
25.3034
25.3034
25.3034
25.3034
25.3034
25.3034
25.3034
25.3034
25.3034
25.3034
25.3034
25.3034
25.3034
25.3034
25.3034
25.3034
25.3034
25.3034
25.3034
25.3034
25.3034
25.3034
25.3034
25.3034
25.3034
25.3034
25.3034
25.3034
25.3034
25.3034
25.3034
25.3034
25.3034
25.3034
25.3034
25.3034
25.3034
25.3034
25.3034
25.3034
25.3034
25.3034
25.3034
25.3034
25.3034
25.3034
25.3034
25.3034
25.3034
25.3034
25.3034
25.3034
25.3034
25.3034
25.3034
25.3034
25.3034
25.3034
25.3034
25.3626
25.3626
25.3626
25.3626
25.3626
25.3626
25.3626
25.3626
25.3626
25.3626
25.3626
25.3626
25.3626
25.3626
25.3626
25.3626
25.3626
25.3626
25.3626
25.3626
25.3626
25.3626
25.3626
25.3626
25.3626
25.3626
25.3626
25.3626
25.3626
25.3626
25.3626
25.3626
25.3626
25.3626
25.3626
25.3626
25.3626
25.3626
25.3626
25.3626
25.3626
25.3626
25.3626
25.3626
25.3626
25.3626
25.3626
25.3626
25.3626
25.3626
25.3626
25.3626
25.3626
25.3626
25.3626
25.3626
25.3626
25.3626
25.3626
25.3626
25.4201
25.4201
25.4201
25.4201
25.4201
25.4201
25.4201
25.4201
25.4201
25.4201
25.4201
25.4201
25.4201
25.4201
25.4201
25.4201
25.4201
25.4201
25.4201
25.4201
25.4201
25.4201
25.4201
25.4201
25.4201
25.4201
25.4201
25.4201
25.4201
25.4201
25.4201
25.4201
25.4201
25.4201
25.4201
25.4201
25.4201
25.4201
25.4201
25.4201
25.4201
25.4201
25.4201
25.4201
25.4201
25.4201
25.4201
25.4201
25.4201
25.4201
25.4201
25.4201
25.4201
25.4201
25.4201
25.4201
25.4201
25.4201
25.4201
25.4201
25.476
25.476
25.476
25.476
25.476
25.476
25.476
25.476
25.476
25.476
25.476
25.476
25.476
25.476
25.476
25.476
25.476
25.476
25.476
25.476
25.476
25.476
25.476
25.476
25.476
25.476
25.476
25.476
25.476
25.476
25.476
25.476
25.476
25.476
25.476
25.476
25.476
25.476
25.476
25.476
25.476
25.476
25.476
25.476
25.476
25.476
25.476
25.476
25.476
25.476
25.476
25.476
25.476
25.476
25.476
25.476
25.476
25.476
25.476
25.476
25.5306
25.5306
25.5306
25.5306
25.5306
25.5306
25.5306
25.5306
25.5306
25.5306
25.5306
25.5306
25.5306
25.5306
25.5306
25.5306
25.5306
25.5306
25.5306
25.5306
25.5306
25.5306
25.5306
25.5306
25.5306
25.5306
25.5306
25.5306
25.5306
25.5306
25.5306
25.5306
25.5306
25.5306
25.5306
25.5306
25.5306
25.5306
25.5306
25.5306
25.5306
25.5306
25.5306
25.5306
25.5306
25.5306
25.5306
25.5306
25.5306
25.5306
25.5306
25.5306
25.5306
25.5306
25.5306
25.5306
25.5306
25.5306
25.5306
25.5306
25.5838
25.5838
25.5838
25.5838
25.5838
25.5838
25.5838
25.5838
25.5838
25.5838
25.5838
25.5838
25.5838
25.5838
25.5838
25.5838
25.5838
25.5838
25.5838
25.5838
25.5838
25.5838
25.5838
25.5838
25.5838
25.5838
25.5838
25.5838
25.5838
25.5838
25.5838
25.5838
25.5838
25.5838
25.5838
25.5838
25.5838
25.5838
25.5838
25.5838
25.5838
25.5838
25.5838
25.5838
25.5838
25.5838
25.5838
25.5838
25.5838
25.5838
25.5838
25.5838
25.5838
25.5838
25.5838
25.5838
25.5838
25.5838
25.5838
25.5838
25.6358
25.6358
25.6358
25.6358
25.6358
25.6358
25.6358
25.6358
25.6358
25.6358
25.6358
25.6358
25.6358
25.6358
25.6358
25.6358
25.6358
25.6358
25.6358
25.6358
25.6358
25.6358
25.6358
25.6358
25.6358
25.6358
25.6358
25.6358
25.6358
25.6358
25.6358
25.6358
25.6358
25.6358
25.6358
25.6358
25.6358
25.6358
25.6358
25.6358
25.6358
25.6358
25.6358
25.6358
25.6358
25.6358
25.6358
25.6358
25.6358
25.6358
25.6358
25.6358
25.6358
25.6358
25.6358
25.6358
25.6358
25.6358
25.6358
25.6358
25.6867
25.6867
25.6867
25.6867
25.6867
25.6867
25.6867
25.6867
25.6867
25.6867
25.6867
25.6867
25.6867
25.6867
25.6867
25.6867
25.6867
25.6867
25.6867
25.6867
25.6867
25.6867
25.6867
25.6867
25.6867
25.6867
25.6867
25.6867
25.6867
25.6867
25.6867
25.6867
25.6867
25.6867
25.6867
25.6867
25.6867
25.6867
25.6867
25.6867
25.6867
25.6867
25.6867
25.6867
25.6867
25.6867
25.6867
25.6867
25.6867
25.6867
25.6867
25.6867
25.6867
25.6867
25.6867
25.6867
25.6867
25.6867
25.6867
25.6867
25.7366
25.7366
25.7366
25.7366
25.7366
25.7366
25.7366
25.7366
25.7366
25.7366
25.7366
25.7366
25.7366
25.7366
25.7366
25.7366
25.7366
25.7366
25.7366
25.7366
25.7366
25.7366
25.7366
25.7366
25.7366
25.7366
25.7366
25.7366
25.7366
25.7366
25.7366
25.7366
25.7366
25.7366
25.7366
25.7366
25.7366
25.7366
25.7366
25.7366
25.7366
25.7366
25.7366
25.7366
25.7366
25.7366
25.7366
25.7366
25.7366
25.7366
25.7366
25.7366
25.7366
25.7366
25.7366
25.7366
25.7366
25.7366
25.7366
25.7366
25.7854
25.7854
25.7854
25.7854
25.7854
25.7854
25.7854
25.7854
25.7854
25.7854
25.7854
25.7854
25.7854
25.7854
25.7854
25.7854
25.7854
25.7854
25.7854
25.7854
25.7854
25.7854
25.7854
25.7854
25.7854
25.7854
25.7854
25.7854
25.7854
25.7854
25.7854
25.7854
25.7854
25.7854
25.7854
25.7854
25.7854
25.7854
25.7854
25.7854
25.7854
25.7854
25.7854
25.7854
25.7854
25.7854
25.7854
25.7854
25.7854
25.7854
25.7854
25.7854
25.7854
25.7854
25.7854
25.7854
25.7854
25.7854
25.7854
25.7854
25.8334
25.8334
25.8334
25.8334
25.8334
25.8334
25.8334
25.8334
25.8334
25.8334
25.8334
25.8334
25.8334
25.8334
25.8334
25.8334
25.8334
25.8334
25.8334
25.8334
25.8334
25.8334
25.8334
25.8334
25.8334
25.8334
25.8334
25.8334
25.8334
25.8334
25.8334
25.8334
25.8334
25.8334
25.8334
25.8334
25.8334
25.8334
25.8334
25.8334
25.8334
25.8334
25.8334
25.8334
25.8334
25.8334
25.8334
25.8334
25.8334
25.8334
25.8334
25.8334
25.8334
25.8334
25.8334
25.8334
25.8334
25.8334
25.8334
25.8334
25.8805
25.8805
25.8805
25.8805
25.8805
25.8805
25.8805
25.8805
25.8805
25.8805
25.8805
25.8805
25.8805
25.8805
25.8805
25.8805
25.8805
25.8805
25.8805
25.8805
25.8805
25.8805
25.8805
25.8805
25.8805
25.8805
25.8805
25.8805
25.8805
25.8805
25.8805
25.8805
25.8805
25.8805
25.8805
25.8805
25.8805
25.8805
25.8805
25.8805
25.8805
25.8805
25.8805
25.8805
25.8805
25.8805
25.8805
25.8805
25.8805
25.8805
25.8805
25.8805
25.8805
25.8805
25.8805
25.8805
25.8805
25.8805
25.8805
25.8805
25.9268
25.9268
25.9268
25.9268
25.9268
25.9268
25.9268
25.9268
25.9268
25.9268
25.9268
25.9268
25.9268
25.9268
25.9268
25.9268
25.9268
25.9268
25.9268
25.9268
25.9268
25.9268
25.9268
25.9268
25.9268
25.9268
25.9268
25.9268
25.9268
25.9268
25.9268
25.9268
25.9268
25.9268
25.9268
25.9268
25.9268
25.9268
25.9268
25.9268
25.9268
25.9268
25.9268
25.9268
25.9268
25.9268
25.9268
25.9268
25.9268
25.9268
25.9268
25.9268
25.9268
25.9268
25.9268
25.9268
25.9268
25.9268
25.9268
25.9268
25.9723
25.9723
25.9723
25.9723
25.9723
25.9723
25.9723
25.9723
25.9723
25.9723
25.9723
25.9723
25.9723
25.9723
25.9723
25.9723
25.9723
25.9723
25.9723
25.9723
25.9723
25.9723
25.9723
25.9723
25.9723
25.9723
25.9723
25.9723
25.9723
25.9723
25.9723
25.9723
25.9723
25.9723
25.9723
25.9723
25.9723
25.9723
25.9723
25.9723
25.9723
25.9723
25.9723
25.9723
25.9723
25.9723
25.9723
25.9723
25.9723
25.9723
25.9723
25.9723
25.9723
25.9723
25.9723
25.9723
25.9723
25.9723
25.9723
25.9723
26.0172
26.0172
26.0172
26.0172
26.0172
26.0172
26.0172
26.0172
26.0172
26.0172
26.0172
26.0172
26.0172
26.0172
26.0172
26.0172
26.0172
26.0172
26.0172
26.0172
26.0172
26.0172
26.0172
26.0172
26.0172
26.0172
26.0172
26.0172
26.0172
26.0172
26.0172
26.0172
26.0172
26.0172
26.0172
26.0172
26.0172
26.0172
26.0172
26.0172
26.0172
26.0172
26.0172
26.0172
26.0172
26.0172
26.0172
26.0172
26.0172
26.0172
26.0172
26.0172
26.0172
26.0172
26.0172
26.0172
26.0172
26.0172
26.0172
26.0172
26.0613
26.0613
26.0614
26.0614
26.0614
26.0614
26.0614
26.0614
26.0614
26.0614
26.0614
26.0614
26.0614
26.0614
26.0614
26.0614
26.0614
26.0614
26.0614
26.0614
26.0614
26.0614
26.0614
26.0614
26.0614
26.0614
26.0614
26.0614
26.0614
26.0614
26.0614
26.0614
26.0614
26.0614
26.0614
26.0614
26.0614
26.0614
26.0614
26.0614
26.0614
26.0614
26.0614
26.0614
26.0614
26.0614
26.0614
26.0614
26.0614
26.0614
26.0614
26.0614
26.0614
26.0614
26.0614
26.0614
26.0614
26.0614
26.0613
26.0613
26.1049
26.1049
26.1049
26.1049
26.1049
26.1049
26.1049
26.1049
26.1049
26.1049
26.1049
26.1049
26.1049
26.1049
26.1049
26.1049
26.1049
26.1049
26.1049
26.1049
26.1049
26.1049
26.1049
26.1049
26.1049
26.1049
26.1049
26.1049
26.1049
26.1049
26.1049
26.1049
26.1049
26.1049
26.1049
26.1049
26.1049
26.1049
26.1049
26.1049
26.1049
26.1049
26.1049
26.1049
26.1049
26.1049
26.1049
26.1049
26.1049
26.1049
26.1049
26.1049
26.1049
26.1049
26.1049
26.1049
26.1049
26.1049
26.1049
26.1049
26.1479
26.1479
26.1479
26.1479
26.1479
26.1479
26.1479
26.1479
26.1479
26.1479
26.1479
26.1479
26.1479
26.1479
26.1479
26.1479
26.1479
26.1479
26.1479
26.1479
26.1479
26.1479
26.1479
26.1479
26.1479
26.1479
26.1479
26.1479
26.1479
26.1479
26.1479
26.1479
26.1479
26.1479
26.1479
26.1479
26.1479
26.1479
26.1479
26.1479
26.1479
26.1479
26.1479
26.1479
26.1479
26.1479
26.1479
26.1479
26.1479
26.1479
26.1479
26.1479
26.1479
26.1479
26.1479
26.1479
26.1479
26.1479
26.1479
26.1479
26.1903
26.1903
26.1903
26.1903
26.1903
26.1903
26.1903
26.1903
26.1903
26.1903
26.1903
26.1903
26.1903
26.1903
26.1903
26.1903
26.1903
26.1903
26.1903
26.1903
26.1903
26.1903
26.1903
26.1903
26.1903
26.1903
26.1903
26.1903
26.1903
26.1903
26.1903
26.1903
26.1903
26.1903
26.1903
26.1903
26.1903
26.1903
26.1903
26.1903
26.1903
26.1903
26.1903
26.1903
26.1903
26.1903
26.1903
26.1903
26.1903
26.1903
26.1903
26.1903
26.1903
26.1903
26.1903
26.1903
26.1903
26.1903
26.1903
26.1903
26.2321
26.2321
26.2321
26.2321
26.2321
26.2321
26.2321
26.2321
26.2321
26.2321
26.2321
26.2321
26.2321
26.2321
26.2321
26.2321
26.2321
26.2321
26.2321
26.2321
26.2321
26.2321
26.2321
26.2321
26.2321
26.2321
26.2321
26.2321
26.2321
26.2321
26.2321
26.2321
26.2321
26.2321
26.2321
26.2321
26.2321
26.2321
26.2321
26.2321
26.2321
26.2321
26.2321
26.2321
26.2321
26.2321
26.2321
26.2321
26.2321
26.2321
26.2321
26.2321
26.2321
26.2321
26.2321
26.2321
26.2321
26.2321
26.2321
26.2321
26.2735
26.2735
26.2735
26.2735
26.2735
26.2735
26.2735
26.2735
26.2735
26.2735
26.2735
26.2735
26.2735
26.2735
26.2735
26.2735
26.2735
26.2735
26.2735
26.2735
26.2735
26.2735
26.2735
26.2735
26.2735
26.2735
26.2735
26.2735
26.2735
26.2735
26.2735
26.2735
26.2735
26.2735
26.2735
26.2735
26.2735
26.2735
26.2735
26.2735
26.2735
26.2735
26.2735
26.2735
26.2735
26.2735
26.2735
26.2735
26.2735
26.2735
26.2735
26.2735
26.2735
26.2735
26.2735
26.2735
26.2735
26.2735
26.2735
26.2735
26.3144
26.3144
26.3144
26.3144
26.3144
26.3144
26.3144
26.3144
26.3144
26.3144
26.3144
26.3144
26.3144
26.3144
26.3144
26.3144
26.3144
26.3144
26.3144
26.3144
26.3144
26.3144
26.3144
26.3144
26.3144
26.3144
26.3144
26.3144
26.3144
26.3144
26.3144
26.3144
26.3144
26.3144
26.3144
26.3144
26.3144
26.3144
26.3144
26.3144
26.3144
26.3144
26.3144
26.3144
26.3144
26.3144
26.3144
26.3144
26.3144
26.3144
26.3144
26.3144
26.3144
26.3144
26.3144
26.3144
26.3144
26.3144
26.3144
26.3144
26.3549
26.3549
26.3549
26.3549
26.3549
26.3549
26.3549
26.3549
26.3549
26.3549
26.3549
26.3549
26.3549
26.3549
26.3549
26.3549
26.3549
26.3549
26.3549
26.3549
26.3549
26.3549
26.3549
26.3549
26.3549
26.3549
26.3549
26.3549
26.3549
26.3549
26.3549
26.3549
26.3549
26.3549
26.3549
26.3549
26.3549
26.3549
26.3549
26.3549
26.3549
26.3549
26.3549
26.3549
26.3549
26.3549
26.3549
26.3549
26.3549
26.3549
26.3549
26.3549
26.3549
26.3549
26.3549
26.3549
26.3549
26.3549
26.3549
26.3549
26.3949
26.3949
26.3949
26.3949
26.3949
26.3949
26.3949
26.3949
26.3949
26.3949
26.3949
26.3949
26.3949
26.3949
26.3949
26.3949
26.3949
26.3949
26.3949
26.3949
26.3949
26.3949
26.3949
26.3949
26.3949
26.3949
26.3949
26.3949
26.3949
26.3949
26.3949
26.3949
26.3949
26.3949
26.3949
26.3949
26.3949
26.3949
26.3949
26.3949
26.3949
26.3949
26.3949
26.3949
26.3949
26.3949
26.3949
26.3949
26.3949
26.3949
26.3949
26.3949
26.3949
26.3949
26.3949
26.3949
26.3949
26.3949
26.3949
26.3949
26.4345
26.4345
26.4345
26.4345
26.4345
26.4345
26.4345
26.4345
26.4345
26.4345
26.4345
26.4345
26.4345
26.4345
26.4345
26.4345
26.4345
26.4345
26.4345
26.4345
26.4345
26.4345
26.4345
26.4345
26.4345
26.4345
26.4345
26.4345
26.4345
26.4345
26.4345
26.4345
26.4345
26.4345
26.4345
26.4345
26.4345
26.4345
26.4345
26.4345
26.4345
26.4345
26.4345
26.4345
26.4345
26.4345
26.4345
26.4345
26.4345
26.4345
26.4345
26.4345
26.4345
26.4345
26.4345
26.4345
26.4345
26.4345
26.4345
26.4345
26.4737
26.4737
26.4737
26.4737
26.4737
26.4737
26.4737
26.4737
26.4737
26.4737
26.4737
26.4737
26.4737
26.4737
26.4737
26.4737
26.4737
26.4737
26.4737
26.4737
26.4737
26.4737
26.4737
26.4737
26.4737
26.4737
26.4737
26.4737
26.4737
26.4737
26.4737
26.4737
26.4737
26.4737
26.4737
26.4737
26.4737
26.4737
26.4737
26.4737
26.4737
26.4737
26.4737
26.4737
26.4737
26.4737
26.4737
26.4737
26.4737
26.4737
26.4737
26.4737
26.4737
26.4737
26.4737
26.4737
26.4737
26.4737
26.4737
26.4737
26.5126
26.5126
26.5126
26.5126
26.5126
26.5126
26.5126
26.5126
26.5126
26.5126
26.5126
26.5126
26.5126
26.5126
26.5126
26.5126
26.5126
26.5126
26.5126
26.5126
26.5126
26.5126
26.5126
26.5126
26.5126
26.5126
26.5126
26.5126
26.5126
26.5126
26.5126
26.5126
26.5126
26.5126
26.5126
26.5126
26.5126
26.5126
26.5126
26.5126
26.5126
26.5126
26.5126
26.5126
26.5126
26.5126
26.5126
26.5126
26.5126
26.5126
26.5126
26.5126
26.5126
26.5126
26.5126
26.5126
26.5126
26.5126
26.5126
26.5126
26.5511
26.5511
26.5511
26.5511
26.5511
26.5511
26.5511
26.5511
26.5511
26.5511
26.5511
26.5511
26.5511
26.5511
26.5511
26.5511
26.5511
26.5511
26.5511
26.5511
26.5511
26.5511
26.5511
26.5511
26.5511
26.5511
26.5511
26.5511
26.5511
26.5511
26.5511
26.5511
26.5511
26.5511
26.5511
26.5511
26.5511
26.5511
26.5511
26.5511
26.5511
26.5511
26.5511
26.5511
26.5511
26.5511
26.5511
26.5511
26.5511
26.5511
26.5511
26.5511
26.5511
26.5511
26.5511
26.5511
26.5511
26.5511
26.5511
26.5511
26.5892
26.5892
26.5892
26.5892
26.5892
26.5892
26.5892
26.5892
26.5892
26.5892
26.5892
26.5892
26.5892
26.5892
26.5892
26.5892
26.5892
26.5892
26.5892
26.5892
26.5892
26.5892
26.5892
26.5892
26.5892
26.5892
26.5892
26.5892
26.5892
26.5892
26.5892
26.5892
26.5892
26.5892
26.5892
26.5892
26.5892
26.5892
26.5892
26.5892
26.5892
26.5892
26.5892
26.5892
26.5892
26.5892
26.5892
26.5892
26.5892
26.5892
26.5892
26.5892
26.5892
26.5892
26.5892
26.5892
26.5892
26.5892
26.5892
26.5892
26.6271
26.6271
26.6271
26.6271
26.6271
26.6271
26.6271
26.6271
26.6271
26.6271
26.6271
26.6271
26.6271
26.6271
26.6271
26.6271
26.6271
26.6271
26.6271
26.6271
26.6271
26.6271
26.6271
26.6271
26.6271
26.6271
26.6271
26.6271
26.6271
26.6271
26.6271
26.6271
26.6271
26.6271
26.6271
26.6271
26.6271
26.6271
26.6271
26.6271
26.6271
26.6271
26.6271
26.6271
26.6271
26.6271
26.6271
26.6271
26.6271
26.6271
26.6271
26.6271
26.6271
26.6271
26.6271
26.6271
26.6271
26.6271
26.6271
26.6271
26.6646
26.6646
26.6646
26.6646
26.6646
26.6646
26.6646
26.6646
26.6646
26.6646
26.6646
26.6646
26.6646
26.6646
26.6646
26.6646
26.6646
26.6646
26.6646
26.6646
26.6646
26.6646
26.6646
26.6646
26.6646
26.6646
26.6646
26.6646
26.6646
26.6646
26.6646
26.6646
26.6646
26.6646
26.6646
26.6646
26.6646
26.6646
26.6646
26.6646
26.6646
26.6646
26.6646
26.6646
26.6646
26.6646
26.6646
26.6646
26.6646
26.6646
26.6646
26.6646
26.6646
26.6646
26.6646
26.6646
26.6646
26.6646
26.6646
26.6646
26.7019
26.7019
26.7019
26.7019
26.7019
26.7019
26.7019
26.7019
26.7019
26.7019
26.7019
26.7019
26.7019
26.7019
26.7019
26.7019
26.7019
26.7019
26.7019
26.7019
26.7019
26.7019
26.7019
26.7019
26.7019
26.7019
26.7019
26.7019
26.7019
26.7019
26.7019
26.7019
26.7019
26.7019
26.7019
26.7019
26.7019
26.7019
26.7019
26.7019
26.7019
26.7019
26.7019
26.7019
26.7019
26.7019
26.7019
26.7019
26.7019
26.7019
26.7019
26.7019
26.7019
26.7019
26.7019
26.7019
26.7019
26.7019
26.7019
26.7019
26.7388
26.7388
26.7388
26.7388
26.7388
26.7388
26.7388
26.7388
26.7388
26.7388
26.7388
26.7388
26.7388
26.7388
26.7388
26.7388
26.7388
26.7388
26.7388
26.7388
26.7388
26.7388
26.7388
26.7388
26.7388
26.7388
26.7388
26.7388
26.7388
26.7388
26.7388
26.7388
26.7388
26.7388
26.7388
26.7388
26.7388
26.7388
26.7388
26.7388
26.7388
26.7388
26.7388
26.7388
26.7388
26.7388
26.7388
26.7388
26.7388
26.7388
26.7388
26.7388
26.7388
26.7388
26.7388
26.7388
26.7388
26.7388
26.7388
26.7388
26.7755
26.7755
26.7755
26.7755
26.7755
26.7755
26.7755
26.7755
26.7755
26.7755
26.7755
26.7755
26.7755
26.7755
26.7755
26.7755
26.7755
26.7755
26.7755
26.7755
26.7755
26.7755
26.7755
26.7755
26.7755
26.7755
26.7755
26.7755
26.7755
26.7755
26.7755
26.7755
26.7755
26.7755
26.7755
26.7755
26.7755
26.7755
26.7755
26.7755
26.7755
26.7755
26.7755
26.7755
26.7755
26.7755
26.7755
26.7755
26.7755
26.7755
26.7755
26.7755
26.7755
26.7755
26.7755
26.7755
26.7755
26.7755
26.7755
26.7755
26.812
26.812
26.812
26.812
26.812
26.812
26.812
26.812
26.812
26.812
26.812
26.812
26.812
26.812
26.812
26.812
26.812
26.812
26.812
26.812
26.812
26.812
26.812
26.812
26.812
26.812
26.812
26.812
26.812
26.812
26.812
26.812
26.812
26.812
26.812
26.812
26.812
26.812
26.812
26.812
26.812
26.812
26.812
26.812
26.812
26.812
26.812
26.812
26.812
26.812
26.812
26.812
26.812
26.812
26.812
26.812
26.812
26.812
26.812
26.812
26.8482
26.8482
26.8482
26.8482
26.8482
26.8482
26.8482
26.8482
26.8482
26.8482
26.8482
26.8482
26.8482
26.8482
26.8482
26.8482
26.8482
26.8482
26.8482
26.8482
26.8482
26.8482
26.8482
26.8482
26.8482
26.8482
26.8482
26.8482
26.8482
26.8482
26.8482
26.8482
26.8482
26.8482
26.8482
26.8482
26.8482
26.8482
26.8482
26.8482
26.8482
26.8482
26.8482
26.8482
26.8482
26.8482
26.8482
26.8482
26.8482
26.8482
26.8482
26.8482
26.8482
26.8482
26.8482
26.8482
26.8482
26.8482
26.8482
26.8482
26.8841
26.8841
26.8841
26.8841
26.8841
26.8841
26.8841
26.8841
26.8841
26.8841
26.8841
26.8841
26.8841
26.8841
26.8841
26.8841
26.8841
26.8841
26.8841
26.8841
26.8841
26.8841
26.8841
26.8841
26.8841
26.8841
26.8841
26.8841
26.8841
26.8841
26.8841
26.8841
26.8841
26.8841
26.8841
26.8841
26.8841
26.8841
26.8841
26.8841
26.8841
26.8841
26.8841
26.8841
26.8841
26.8841
26.8841
26.8841
26.8841
26.8841
26.8841
26.8841
26.8841
26.8841
26.8841
26.8841
26.8841
26.8841
26.8841
26.8841
26.9199
26.9199
26.9199
26.9199
26.9199
26.9199
26.9199
26.9199
26.9199
26.9199
26.9199
26.9199
26.9199
26.9199
26.9199
26.9199
26.9199
26.9199
26.9199
26.9199
26.9199
26.9199
26.9199
26.9199
26.9199
26.9199
26.9199
26.9199
26.9199
26.9199
26.9199
26.9199
26.9199
26.9199
26.9199
26.9199
26.9199
26.9199
26.9199
26.9199
26.9199
26.9199
26.9199
26.9199
26.9199
26.9199
26.9199
26.9199
26.9199
26.9199
26.9199
26.9199
26.9199
26.9199
26.9199
26.9199
26.9199
26.9199
26.9199
26.9199
26.9554
26.9554
26.9554
26.9554
26.9554
26.9554
26.9554
26.9554
26.9554
26.9554
26.9554
26.9554
26.9554
26.9554
26.9554
26.9554
26.9554
26.9554
26.9554
26.9554
26.9554
26.9554
26.9554
26.9554
26.9554
26.9554
26.9554
26.9554
26.9554
26.9554
26.9554
26.9554
26.9554
26.9554
26.9554
26.9554
26.9554
26.9554
26.9554
26.9554
26.9554
26.9554
26.9554
26.9554
26.9554
26.9554
26.9554
26.9554
26.9554
26.9554
26.9554
26.9554
26.9554
26.9554
26.9554
26.9554
26.9554
26.9554
26.9554
26.9554
26.9907
26.9907
26.9907
26.9907
26.9907
26.9907
26.9907
26.9907
26.9907
26.9907
26.9907
26.9907
26.9907
26.9907
26.9907
26.9907
26.9907
26.9907
26.9907
26.9907
26.9907
26.9907
26.9907
26.9907
26.9907
26.9907
26.9907
26.9907
26.9907
26.9907
26.9907
26.9907
26.9907
26.9907
26.9907
26.9907
26.9907
26.9907
26.9907
26.9907
26.9907
26.9907
26.9907
26.9907
26.9907
26.9907
26.9907
26.9907
26.9907
26.9907
26.9907
26.9907
26.9907
26.9907
26.9907
26.9907
26.9907
26.9907
26.9907
26.9907
27.0259
27.0259
27.0259
27.0259
27.0259
27.0259
27.0259
27.0259
27.0259
27.0259
27.0259
27.0259
27.0259
27.0259
27.0259
27.0259
27.0259
27.0259
27.0259
27.0259
27.0259
27.0259
27.0259
27.0259
27.0259
27.0259
27.0259
27.0259
27.0259
27.0259
27.0259
27.0259
27.0259
27.0259
27.0259
27.0259
27.0259
27.0259
27.0259
27.0259
27.0259
27.0259
27.0259
27.0259
27.0259
27.0259
27.0259
27.0259
27.0259
27.0259
27.0259
27.0259
27.0259
27.0259
27.0259
27.0259
27.0259
27.0259
27.0259
27.0259
27.0608
27.0608
27.0608
27.0608
27.0608
27.0608
27.0608
27.0608
27.0608
27.0608
27.0608
27.0608
27.0608
27.0608
27.0608
27.0608
27.0608
27.0608
27.0608
27.0608
27.0608
27.0608
27.0608
27.0608
27.0608
27.0608
27.0608
27.0608
27.0608
27.0608
27.0608
27.0608
27.0608
27.0608
27.0608
27.0608
27.0608
27.0608
27.0608
27.0608
27.0608
27.0608
27.0608
27.0608
27.0608
27.0608
27.0608
27.0608
27.0608
27.0608
27.0608
27.0608
27.0608
27.0608
27.0608
27.0608
27.0608
27.0608
27.0608
27.0608
27.0955
27.0955
27.0955
27.0955
27.0955
27.0955
27.0955
27.0955
27.0955
27.0955
27.0955
27.0955
27.0955
27.0955
27.0955
27.0955
27.0955
27.0955
27.0955
27.0955
27.0955
27.0955
27.0955
27.0955
27.0955
27.0955
27.0955
27.0955
27.0955
27.0955
27.0955
27.0955
27.0955
27.0955
27.0955
27.0955
27.0955
27.0955
27.0955
27.0955
27.0955
27.0955
27.0955
27.0955
27.0955
27.0955
27.0955
27.0955
27.0955
27.0955
27.0955
27.0955
27.0955
27.0955
27.0955
27.0955
27.0955
27.0955
27.0955
27.0955
27.1301
27.1301
27.1301
27.1301
27.1301
27.1301
27.1301
27.1301
27.1301
27.1301
27.1301
27.1301
27.1301
27.1301
27.1301
27.1301
27.1301
27.1301
27.1301
27.1301
27.1301
27.1301
27.1301
27.1301
27.1301
27.1301
27.1301
27.1301
27.1301
27.1301
27.1301
27.1301
27.1301
27.1301
27.1301
27.1301
27.1301
27.1301
27.1301
27.1301
27.1301
27.1301
27.1301
27.1301
27.1301
27.1301
27.1301
27.1301
27.1301
27.1301
27.1301
27.1301
27.1301
27.1301
27.1301
27.1301
27.1301
27.1301
27.1301
27.1301
27.1645
27.1645
27.1645
27.1645
27.1645
27.1645
27.1645
27.1645
27.1645
27.1645
27.1645
27.1645
27.1645
27.1645
27.1645
27.1645
27.1645
27.1645
27.1645
27.1645
27.1645
27.1645
27.1645
27.1645
27.1645
27.1645
27.1645
27.1645
27.1645
27.1645
27.1645
27.1645
27.1645
27.1645
27.1645
27.1645
27.1645
27.1645
27.1645
27.1645
27.1645
27.1645
27.1645
27.1645
27.1645
27.1645
27.1645
27.1645
27.1645
27.1645
27.1645
27.1645
27.1645
27.1645
27.1645
27.1645
27.1645
27.1645
27.1645
27.1645
27.1987
27.1987
27.1987
27.1987
27.1987
27.1987
27.1987
27.1987
27.1987
27.1987
27.1987
27.1987
27.1987
27.1987
27.1987
27.1987
27.1987
27.1987
27.1987
27.1987
27.1987
27.1987
27.1987
27.1987
27.1987
27.1987
27.1987
27.1987
27.1987
27.1987
27.1987
27.1987
27.1987
27.1987
27.1987
27.1987
27.1987
27.1987
27.1987
27.1987
27.1987
27.1987
27.1987
27.1987
27.1987
27.1987
27.1987
27.1987
27.1987
27.1987
27.1987
27.1987
27.1987
27.1987
27.1987
27.1987
27.1987
27.1987
27.1987
27.1987
27.2328
27.2328
27.2328
27.2328
27.2328
27.2328
27.2328
27.2328
27.2328
27.2328
27.2328
27.2328
27.2328
27.2328
27.2328
27.2328
27.2328
27.2328
27.2328
27.2328
27.2328
27.2328
27.2328
27.2328
27.2328
27.2328
27.2328
27.2328
27.2328
27.2328
27.2328
27.2328
27.2328
27.2328
27.2328
27.2328
27.2328
27.2328
27.2328
27.2328
27.2328
27.2328
27.2328
27.2328
27.2328
27.2328
27.2328
27.2328
27.2328
27.2328
27.2328
27.2328
27.2328
27.2328
27.2328
27.2328
27.2328
27.2328
27.2328
27.2328
27.2668
27.2668
27.2668
27.2668
27.2668
27.2668
27.2668
27.2668
27.2668
27.2668
27.2668
27.2668
27.2668
27.2668
27.2668
27.2668
27.2668
27.2668
27.2668
27.2668
27.2668
27.2668
27.2668
27.2668
27.2668
27.2668
27.2668
27.2668
27.2668
27.2668
27.2668
27.2668
27.2668
27.2668
27.2668
27.2668
27.2668
27.2668
27.2668
27.2668
27.2668
27.2668
27.2668
27.2668
27.2668
27.2668
27.2668
27.2668
27.2668
27.2668
27.2668
27.2668
27.2668
27.2668
27.2668
27.2668
27.2668
27.2668
27.2668
27.2668
27.3005
27.3005
27.3005
27.3005
27.3005
27.3005
27.3005
27.3005
27.3005
27.3005
27.3005
27.3005
27.3005
27.3005
27.3005
27.3005
27.3005
27.3005
27.3005
27.3005
27.3005
27.3005
27.3005
27.3005
27.3005
27.3005
27.3005
27.3005
27.3005
27.3005
27.3005
27.3005
27.3005
27.3005
27.3005
27.3005
27.3005
27.3005
27.3005
27.3005
27.3005
27.3005
27.3005
27.3005
27.3005
27.3005
27.3005
27.3005
27.3005
27.3005
27.3005
27.3005
27.3005
27.3005
27.3005
27.3005
27.3005
27.3005
27.3005
27.3005
27.3342
27.3342
27.3342
27.3342
27.3342
27.3342
27.3342
27.3342
27.3342
27.3342
27.3342
27.3342
27.3342
27.3342
27.3342
27.3342
27.3342
27.3342
27.3342
27.3342
27.3342
27.3342
27.3342
27.3342
27.3342
27.3342
27.3342
27.3342
27.3342
27.3342
27.3342
27.3342
27.3342
27.3342
27.3342
27.3342
27.3342
27.3342
27.3342
27.3342
27.3342
27.3342
27.3342
27.3342
27.3342
27.3342
27.3342
27.3342
27.3342
27.3342
27.3342
27.3342
27.3342
27.3342
27.3342
27.3342
27.3342
27.3342
27.3342
27.3342
27.3677
27.3677
27.3677
27.3677
27.3677
27.3677
27.3677
27.3677
27.3677
27.3677
27.3677
27.3677
27.3677
27.3677
27.3677
27.3677
27.3677
27.3677
27.3677
27.3677
27.3677
27.3677
27.3677
27.3677
27.3677
27.3677
27.3677
27.3677
27.3677
27.3677
27.3677
27.3677
27.3677
27.3677
27.3677
27.3677
27.3677
27.3677
27.3677
27.3677
27.3677
27.3677
27.3677
27.3677
27.3677
27.3677
27.3677
27.3677
27.3677
27.3677
27.3677
27.3677
27.3677
27.3677
27.3677
27.3677
27.3677
27.3677
27.3677
27.3677
27.4011
27.4011
27.4011
27.4011
27.4011
27.4011
27.4011
27.4011
27.4011
27.4011
27.4011
27.4011
27.4011
27.4011
27.4011
27.4011
27.4011
27.4011
27.4011
27.4011
27.4011
27.4011
27.4011
27.4011
27.4011
27.4011
27.4011
27.4011
27.4011
27.4011
27.4011
27.4011
27.4011
27.4011
27.4011
27.4011
27.4011
27.4011
27.4011
27.4011
27.4011
27.4011
27.4011
27.4011
27.4011
27.4011
27.4011
27.4011
27.4011
27.4011
27.4011
27.4011
27.4011
27.4011
27.4011
27.4011
27.4011
27.4011
27.4011
27.4011
27.4343
27.4343
27.4343
27.4343
27.4343
27.4343
27.4343
27.4343
27.4343
27.4343
27.4343
27.4343
27.4343
27.4343
27.4343
27.4343
27.4343
27.4343
27.4343
27.4343
27.4343
27.4343
27.4343
27.4343
27.4343
27.4343
27.4343
27.4343
27.4343
27.4343
27.4343
27.4343
27.4343
27.4343
27.4343
27.4343
27.4343
27.4343
27.4343
27.4343
27.4343
27.4343
27.4343
27.4343
27.4343
27.4343
27.4343
27.4343
27.4343
27.4343
27.4343
27.4343
27.4343
27.4343
27.4343
27.4343
27.4343
27.4343
27.4343
27.4343
27.4675
27.4675
27.4675
27.4675
27.4675
27.4675
27.4675
27.4675
27.4675
27.4675
27.4675
27.4675
27.4675
27.4675
27.4675
27.4675
27.4675
27.4675
27.4675
27.4675
27.4675
27.4675
27.4675
27.4675
27.4675
27.4675
27.4675
27.4675
27.4675
27.4675
27.4675
27.4675
27.4675
27.4675
27.4675
27.4675
27.4675
27.4675
27.4675
27.4675
27.4675
27.4675
27.4675
27.4675
27.4675
27.4675
27.4675
27.4675
27.4675
27.4675
27.4675
27.4675
27.4675
27.4675
27.4675
27.4675
27.4675
27.4675
27.4675
27.4675
27.5005
27.5005
27.5005
27.5005
27.5005
27.5005
27.5005
27.5005
27.5005
27.5005
27.5005
27.5005
27.5005
27.5005
27.5005
27.5005
27.5005
27.5005
27.5005
27.5005
27.5005
27.5005
27.5005
27.5005
27.5005
27.5005
27.5005
27.5005
27.5005
27.5005
27.5005
27.5005
27.5005
27.5005
27.5005
27.5005
27.5005
27.5005
27.5005
27.5005
27.5005
27.5005
27.5005
27.5005
27.5005
27.5005
27.5005
27.5005
27.5005
27.5005
27.5005
27.5005
27.5005
27.5005
27.5005
27.5005
27.5005
27.5005
27.5005
27.5005
27.5334
27.5334
27.5334
27.5334
27.5334
27.5334
27.5334
27.5334
27.5334
27.5334
27.5334
27.5334
27.5334
27.5334
27.5334
27.5334
27.5334
27.5334
27.5334
27.5334
27.5334
27.5334
27.5334
27.5334
27.5334
27.5334
27.5334
27.5334
27.5334
27.5334
27.5334
27.5334
27.5334
27.5334
27.5334
27.5334
27.5334
27.5334
27.5334
27.5334
27.5334
27.5334
27.5334
27.5334
27.5334
27.5334
27.5334
27.5334
27.5334
27.5334
27.5334
27.5334
27.5334
27.5334
27.5334
27.5334
27.5334
27.5334
27.5334
27.5334
27.5662
27.5662
27.5662
27.5662
27.5662
27.5662
27.5662
27.5662
27.5662
27.5662
27.5662
27.5662
27.5662
27.5662
27.5662
27.5662
27.5662
27.5662
27.5662
27.5662
27.5662
27.5662
27.5662
27.5662
27.5662
27.5662
27.5662
27.5662
27.5662
27.5662
27.5662
27.5662
27.5662
27.5662
27.5662
27.5662
27.5662
27.5662
27.5662
27.5662
27.5662
27.5662
27.5662
27.5662
27.5662
27.5662
27.5662
27.5662
27.5662
27.5662
27.5662
27.5662
27.5662
27.5662
27.5662
27.5662
27.5662
27.5662
27.5662
27.5662
27.5989
27.5989
27.5989
27.5989
27.5989
27.5989
27.5989
27.5989
27.5989
27.5989
27.5989
27.5989
27.5989
27.5989
27.5989
27.5989
27.5989
27.5989
27.5989
27.5989
27.5989
27.5989
27.5989
27.5989
27.5989
27.5989
27.5989
27.5989
27.5989
27.5989
27.5989
27.5989
27.5989
27.5989
27.5989
27.5989
27.5989
27.5989
27.5989
27.5989
27.5989
27.5989
27.5989
27.5989
27.5989
27.5989
27.5989
27.5989
27.5989
27.5989
27.5989
27.5989
27.5989
27.5989
27.5989
27.5989
27.5989
27.5989
27.5989
27.5989
27.6315
27.6315
27.6315
27.6315
27.6315
27.6315
27.6315
27.6315
27.6315
27.6315
27.6315
27.6315
27.6315
27.6315
27.6315
27.6315
27.6315
27.6315
27.6315
27.6315
27.6315
27.6315
27.6315
27.6315
27.6315
27.6315
27.6315
27.6315
27.6315
27.6315
27.6315
27.6315
27.6315
27.6315
27.6315
27.6315
27.6315
27.6315
27.6315
27.6315
27.6315
27.6315
27.6315
27.6315
27.6315
27.6315
27.6315
27.6315
27.6315
27.6315
27.6315
27.6315
27.6315
27.6315
27.6315
27.6315
27.6315
27.6315
27.6315
27.6315
27.664
27.664
27.664
27.664
27.664
27.664
27.664
27.664
27.664
27.664
27.664
27.664
27.664
27.664
27.664
27.664
27.664
27.664
27.664
27.664
27.664
27.664
27.664
27.664
27.664
27.664
27.664
27.664
27.664
27.664
27.664
27.664
27.664
27.664
27.664
27.664
27.664
27.664
27.664
27.664
27.664
27.664
27.664
27.664
27.664
27.664
27.664
27.664
27.664
27.664
27.664
27.664
27.664
27.664
27.664
27.664
27.664
27.664
27.664
27.664
27.6964
27.6964
27.6964
27.6964
27.6964
27.6964
27.6964
27.6964
27.6964
27.6964
27.6964
27.6964
27.6964
27.6964
27.6964
27.6964
27.6964
27.6964
27.6964
27.6964
27.6964
27.6964
27.6964
27.6964
27.6964
27.6964
27.6964
27.6964
27.6964
27.6964
27.6964
27.6964
27.6964
27.6964
27.6964
27.6964
27.6964
27.6964
27.6964
27.6964
27.6964
27.6964
27.6964
27.6964
27.6964
27.6964
27.6964
27.6964
27.6964
27.6964
27.6964
27.6964
27.6964
27.6964
27.6964
27.6964
27.6964
27.6964
27.6964
27.6964
27.7288
27.7288
27.7288
27.7288
27.7288
27.7288
27.7288
27.7288
27.7288
27.7288
27.7288
27.7288
27.7288
27.7288
27.7288
27.7288
27.7288
27.7288
27.7288
27.7288
27.7288
27.7288
27.7288
27.7288
27.7288
27.7288
27.7288
27.7288
27.7288
27.7288
27.7288
27.7288
27.7288
27.7288
27.7288
27.7288
27.7288
27.7288
27.7288
27.7288
27.7288
27.7288
27.7288
27.7288
27.7288
27.7288
27.7288
27.7288
27.7288
27.7288
27.7288
27.7288
27.7288
27.7288
27.7288
27.7288
27.7288
27.7288
27.7288
27.7288
27.761
27.761
27.761
27.761
27.761
27.761
27.761
27.761
27.761
27.761
27.761
27.761
27.761
27.761
27.761
27.761
27.761
27.761
27.761
27.761
27.761
27.761
27.761
27.761
27.761
27.761
27.761
27.761
27.761
27.761
27.761
27.761
27.761
27.761
27.761
27.761
27.761
27.761
27.761
27.761
27.761
27.761
27.761
27.761
27.761
27.761
27.761
27.761
27.761
27.761
27.761
27.761
27.761
27.761
27.761
27.761
27.761
27.761
27.761
27.761
27.7931
27.7931
27.7931
27.7931
27.7931
27.7931
27.7931
27.7931
27.7931
27.7931
27.7931
27.7931
27.7931
27.7931
27.7931
27.7931
27.7931
27.7931
27.7931
27.7931
27.7931
27.7931
27.7931
27.7931
27.7931
27.7931
27.7931
27.7931
27.7931
27.7931
27.7931
27.7931
27.7931
27.7931
27.7931
27.7931
27.7931
27.7931
27.7931
27.7931
27.7931
27.7931
27.7931
27.7931
27.7931
27.7931
27.7931
27.7931
27.7931
27.7931
27.7931
27.7931
27.7931
27.7931
27.7931
27.7931
27.7931
27.7931
27.7931
27.7931
27.8252
27.8252
27.8252
27.8252
27.8252
27.8252
27.8252
27.8252
27.8252
27.8252
27.8252
27.8252
27.8252
27.8252
27.8252
27.8252
27.8252
27.8252
27.8252
27.8252
27.8252
27.8252
27.8252
27.8252
27.8252
27.8252
27.8252
27.8252
27.8252
27.8252
27.8252
27.8252
27.8252
27.8252
27.8252
27.8252
27.8252
27.8252
27.8252
27.8252
27.8252
27.8252
27.8252
27.8252
27.8252
27.8252
27.8252
27.8252
27.8252
27.8252
27.8252
27.8252
27.8252
27.8252
27.8252
27.8252
27.8252
27.8252
27.8252
27.8252
27.8572
27.8572
27.8572
27.8572
27.8572
27.8572
27.8572
27.8572
27.8572
27.8572
27.8572
27.8572
27.8572
27.8572
27.8572
27.8572
27.8572
27.8572
27.8572
27.8572
27.8572
27.8572
27.8572
27.8572
27.8572
27.8572
27.8572
27.8572
27.8572
27.8572
27.8572
27.8572
27.8572
27.8572
27.8572
27.8572
27.8572
27.8572
27.8572
27.8572
27.8572
27.8572
27.8572
27.8572
27.8572
27.8572
27.8572
27.8572
27.8572
27.8572
27.8572
27.8572
27.8572
27.8572
27.8572
27.8572
27.8572
27.8572
27.8572
27.8572
27.8891
27.8891
27.8891
27.8891
27.8891
27.8891
27.8891
27.8891
27.8891
27.8891
27.8891
27.8891
27.8891
27.8891
27.8891
27.8891
27.8891
27.8891
27.8891
27.8891
27.8891
27.8891
27.8891
27.8891
27.8891
27.8891
27.8891
27.8891
27.8891
27.8891
27.8891
27.8891
27.8891
27.8891
27.8891
27.8891
27.8891
27.8891
27.8891
27.8891
27.8891
27.8891
27.8891
27.8891
27.8891
27.8891
27.8891
27.8891
27.8891
27.8891
27.8891
27.8891
27.8891
27.8891
27.8891
27.8891
27.8891
27.8891
27.8891
27.8891
27.9209
27.9209
27.9209
27.9209
27.9209
27.9209
27.9209
27.9209
27.9209
27.9209
27.9209
27.9209
27.9209
27.9209
27.9209
27.9209
27.9209
27.9209
27.9209
27.9209
27.9209
27.9209
27.9209
27.9209
27.9209
27.9209
27.9209
27.9209
27.9209
27.9209
27.9209
27.9209
27.9209
27.9209
27.9209
27.9209
27.9209
27.9209
27.9209
27.9209
27.9209
27.9209
27.9209
27.9209
27.9209
27.9209
27.9209
27.9209
27.9209
27.9209
27.9209
27.9209
27.9209
27.9209
27.9209
27.9209
27.9209
27.9209
27.9209
27.9209
27.9527
27.9527
27.9527
27.9527
27.9527
27.9527
27.9527
27.9527
27.9527
27.9527
27.9527
27.9527
27.9527
27.9527
27.9527
27.9527
27.9527
27.9527
27.9527
27.9527
27.9527
27.9527
27.9527
27.9527
27.9527
27.9527
27.9527
27.9527
27.9527
27.9527
27.9527
27.9527
27.9527
27.9527
27.9527
27.9527
27.9527
27.9527
27.9527
27.9527
27.9527
27.9527
27.9527
27.9527
27.9527
27.9527
27.9527
27.9527
27.9527
27.9527
27.9527
27.9527
27.9527
27.9527
27.9527
27.9527
27.9527
27.9527
27.9527
27.9527
27.9844
27.9844
27.9844
27.9844
27.9844
27.9844
27.9844
27.9844
27.9844
27.9844
27.9844
27.9844
27.9844
27.9844
27.9844
27.9844
27.9844
27.9844
27.9844
27.9844
27.9844
27.9844
27.9844
27.9844
27.9844
27.9844
27.9844
27.9844
27.9844
27.9844
27.9844
27.9844
27.9844
27.9844
27.9844
27.9844
27.9844
27.9844
27.9844
27.9844
27.9844
27.9844
27.9844
27.9844
27.9844
27.9844
27.9844
27.9844
27.9844
27.9844
27.9844
27.9844
27.9844
27.9844
27.9844
27.9844
27.9844
27.9844
27.9844
27.9844
)
;

boundaryField
{
    top
    {
        type            fixedValue;
        value           uniform 28;
    }
    bottom
    {
        type            fixedValue;
        value           uniform 0;
    }
    wall
    {
        type            zeroGradient;
    }
    frontAndBack
    {
        type            empty;
    }
}


// ************************************************************************* //
