/*--------------------------------*- C++ -*----------------------------------*\
| =========                 |                                                 |
| \\      /  F ield         | foam-extend: Open Source CFD                    |
|  \\    /   O peration     | Version:     4.0                                |
|   \\  /    A nd           | Web:         http://www.foam-extend.org         |
|    \\/     M anipulation  |                                                 |
\*---------------------------------------------------------------------------*/
FoamFile
{
    version     2.0;
    format      ascii;
    class       volScalarField;
    location    "25";
    object      C2;
}
// * * * * * * * * * * * * * * * * * * * * * * * * * * * * * * * * * * * * * //

dimensions      [0 0 0 0 0 0 0];

internalField   nonuniform List<scalar> 
6960
(
3.35345e-10
3.35332e-10
3.35309e-10
3.35282e-10
3.35256e-10
3.35233e-10
3.35215e-10
3.35202e-10
3.35192e-10
3.35187e-10
3.35184e-10
3.35184e-10
3.35185e-10
3.35188e-10
3.35191e-10
3.35196e-10
3.35201e-10
3.35206e-10
3.35211e-10
3.35216e-10
3.35221e-10
3.35226e-10
3.3523e-10
3.35234e-10
3.35238e-10
3.35241e-10
3.35243e-10
3.35245e-10
3.35246e-10
3.35247e-10
3.35247e-10
3.35246e-10
3.35245e-10
3.35243e-10
3.35241e-10
3.35238e-10
3.35234e-10
3.3523e-10
3.35226e-10
3.35221e-10
3.35216e-10
3.35211e-10
3.35206e-10
3.35201e-10
3.35196e-10
3.35191e-10
3.35188e-10
3.35185e-10
3.35184e-10
3.35184e-10
3.35187e-10
3.35192e-10
3.35202e-10
3.35215e-10
3.35233e-10
3.35256e-10
3.35282e-10
3.35309e-10
3.35332e-10
3.35345e-10
1.15776e-09
1.15771e-09
1.15761e-09
1.15751e-09
1.1574e-09
1.15731e-09
1.15723e-09
1.15718e-09
1.15714e-09
1.15711e-09
1.1571e-09
1.1571e-09
1.1571e-09
1.15711e-09
1.15713e-09
1.15714e-09
1.15716e-09
1.15718e-09
1.15721e-09
1.15723e-09
1.15725e-09
1.15727e-09
1.15729e-09
1.15731e-09
1.15732e-09
1.15733e-09
1.15734e-09
1.15735e-09
1.15736e-09
1.15736e-09
1.15736e-09
1.15736e-09
1.15735e-09
1.15734e-09
1.15733e-09
1.15732e-09
1.15731e-09
1.15729e-09
1.15727e-09
1.15725e-09
1.15723e-09
1.15721e-09
1.15718e-09
1.15716e-09
1.15714e-09
1.15713e-09
1.15711e-09
1.1571e-09
1.1571e-09
1.1571e-09
1.15711e-09
1.15714e-09
1.15718e-09
1.15723e-09
1.15731e-09
1.1574e-09
1.15751e-09
1.15761e-09
1.15771e-09
1.15776e-09
3.16817e-09
3.168e-09
3.16771e-09
3.16736e-09
3.16702e-09
3.16671e-09
3.16646e-09
3.16627e-09
3.16613e-09
3.16604e-09
3.166e-09
3.16598e-09
3.166e-09
3.16603e-09
3.16608e-09
3.16614e-09
3.1662e-09
3.16627e-09
3.16635e-09
3.16642e-09
3.16649e-09
3.16656e-09
3.16662e-09
3.16668e-09
3.16673e-09
3.16678e-09
3.16681e-09
3.16684e-09
3.16686e-09
3.16687e-09
3.16687e-09
3.16686e-09
3.16684e-09
3.16681e-09
3.16678e-09
3.16673e-09
3.16668e-09
3.16662e-09
3.16656e-09
3.16649e-09
3.16642e-09
3.16635e-09
3.16627e-09
3.1662e-09
3.16614e-09
3.16608e-09
3.16603e-09
3.166e-09
3.16598e-09
3.166e-09
3.16604e-09
3.16613e-09
3.16627e-09
3.16646e-09
3.16671e-09
3.16702e-09
3.16736e-09
3.16771e-09
3.168e-09
3.16817e-09
8.0469e-09
8.0464e-09
8.04553e-09
8.04449e-09
8.04345e-09
8.04252e-09
8.04175e-09
8.04115e-09
8.04072e-09
8.04044e-09
8.04029e-09
8.04024e-09
8.04027e-09
8.04037e-09
8.04051e-09
8.04069e-09
8.0409e-09
8.04112e-09
8.04134e-09
8.04157e-09
8.04179e-09
8.04201e-09
8.0422e-09
8.04238e-09
8.04254e-09
8.04268e-09
8.04279e-09
8.04288e-09
8.04293e-09
8.04296e-09
8.04296e-09
8.04293e-09
8.04288e-09
8.04279e-09
8.04268e-09
8.04254e-09
8.04238e-09
8.0422e-09
8.04201e-09
8.04179e-09
8.04157e-09
8.04134e-09
8.04112e-09
8.0409e-09
8.04069e-09
8.04051e-09
8.04037e-09
8.04027e-09
8.04024e-09
8.04029e-09
8.04044e-09
8.04072e-09
8.04115e-09
8.04175e-09
8.04252e-09
8.04345e-09
8.04449e-09
8.04553e-09
8.0464e-09
8.0469e-09
1.99465e-08
1.99451e-08
1.99426e-08
1.99396e-08
1.99366e-08
1.99339e-08
1.99316e-08
1.99298e-08
1.99286e-08
1.99277e-08
1.99273e-08
1.99271e-08
1.99272e-08
1.99274e-08
1.99279e-08
1.99284e-08
1.9929e-08
1.99296e-08
1.99303e-08
1.9931e-08
1.99316e-08
1.99323e-08
1.99328e-08
1.99334e-08
1.99339e-08
1.99343e-08
1.99346e-08
1.99348e-08
1.9935e-08
1.99351e-08
1.99351e-08
1.9935e-08
1.99348e-08
1.99346e-08
1.99343e-08
1.99339e-08
1.99334e-08
1.99328e-08
1.99323e-08
1.99316e-08
1.9931e-08
1.99303e-08
1.99296e-08
1.9929e-08
1.99284e-08
1.99279e-08
1.99274e-08
1.99272e-08
1.99271e-08
1.99273e-08
1.99277e-08
1.99286e-08
1.99298e-08
1.99316e-08
1.99339e-08
1.99366e-08
1.99396e-08
1.99426e-08
1.99451e-08
1.99465e-08
4.91502e-08
4.91462e-08
4.91393e-08
4.91308e-08
4.91223e-08
4.91145e-08
4.9108e-08
4.91029e-08
4.90992e-08
4.90967e-08
4.90953e-08
4.90948e-08
4.9095e-08
4.90958e-08
4.90969e-08
4.90984e-08
4.91002e-08
4.9102e-08
4.91039e-08
4.91059e-08
4.91078e-08
4.91096e-08
4.91113e-08
4.91128e-08
4.91142e-08
4.91154e-08
4.91163e-08
4.91171e-08
4.91176e-08
4.91178e-08
4.91178e-08
4.91176e-08
4.91171e-08
4.91163e-08
4.91154e-08
4.91142e-08
4.91128e-08
4.91113e-08
4.91096e-08
4.91078e-08
4.91059e-08
4.91039e-08
4.9102e-08
4.91002e-08
4.90984e-08
4.90969e-08
4.90958e-08
4.9095e-08
4.90948e-08
4.90953e-08
4.90967e-08
4.90992e-08
4.91029e-08
4.9108e-08
4.91145e-08
4.91223e-08
4.91308e-08
4.91393e-08
4.91462e-08
4.91502e-08
1.21178e-07
1.21167e-07
1.21147e-07
1.21124e-07
1.211e-07
1.21078e-07
1.2106e-07
1.21046e-07
1.21035e-07
1.21028e-07
1.21024e-07
1.21023e-07
1.21023e-07
1.21025e-07
1.21028e-07
1.21033e-07
1.21037e-07
1.21043e-07
1.21048e-07
1.21054e-07
1.21059e-07
1.21064e-07
1.21069e-07
1.21073e-07
1.21077e-07
1.2108e-07
1.21083e-07
1.21085e-07
1.21087e-07
1.21087e-07
1.21087e-07
1.21087e-07
1.21085e-07
1.21083e-07
1.2108e-07
1.21077e-07
1.21073e-07
1.21069e-07
1.21064e-07
1.21059e-07
1.21054e-07
1.21048e-07
1.21043e-07
1.21037e-07
1.21033e-07
1.21028e-07
1.21025e-07
1.21023e-07
1.21023e-07
1.21024e-07
1.21028e-07
1.21035e-07
1.21046e-07
1.2106e-07
1.21078e-07
1.211e-07
1.21124e-07
1.21147e-07
1.21167e-07
1.21178e-07
2.99375e-07
2.99345e-07
2.99292e-07
2.99228e-07
2.99163e-07
2.99103e-07
2.99052e-07
2.99012e-07
2.98983e-07
2.98963e-07
2.98952e-07
2.98948e-07
2.98949e-07
2.98954e-07
2.98963e-07
2.98975e-07
2.98988e-07
2.99003e-07
2.99018e-07
2.99033e-07
2.99048e-07
2.99062e-07
2.99075e-07
2.99087e-07
2.99098e-07
2.99107e-07
2.99115e-07
2.99121e-07
2.99125e-07
2.99127e-07
2.99127e-07
2.99125e-07
2.99121e-07
2.99115e-07
2.99107e-07
2.99098e-07
2.99087e-07
2.99075e-07
2.99062e-07
2.99048e-07
2.99033e-07
2.99018e-07
2.99003e-07
2.98988e-07
2.98975e-07
2.98963e-07
2.98954e-07
2.98949e-07
2.98948e-07
2.98952e-07
2.98963e-07
2.98983e-07
2.99012e-07
2.99052e-07
2.99103e-07
2.99163e-07
2.99228e-07
2.99292e-07
2.99345e-07
2.99375e-07
7.40603e-07
7.40522e-07
7.40379e-07
7.40205e-07
7.40028e-07
7.39865e-07
7.39727e-07
7.39618e-07
7.39537e-07
7.39483e-07
7.39452e-07
7.39439e-07
7.39442e-07
7.39457e-07
7.39481e-07
7.39513e-07
7.39549e-07
7.39588e-07
7.3963e-07
7.39671e-07
7.39712e-07
7.39751e-07
7.39787e-07
7.39821e-07
7.3985e-07
7.39876e-07
7.39896e-07
7.39912e-07
7.39923e-07
7.39928e-07
7.39928e-07
7.39923e-07
7.39912e-07
7.39896e-07
7.39876e-07
7.3985e-07
7.39821e-07
7.39787e-07
7.39751e-07
7.39712e-07
7.39671e-07
7.3963e-07
7.39588e-07
7.39549e-07
7.39513e-07
7.39481e-07
7.39457e-07
7.39442e-07
7.39439e-07
7.39452e-07
7.39483e-07
7.39537e-07
7.39618e-07
7.39727e-07
7.39865e-07
7.40028e-07
7.40205e-07
7.40379e-07
7.40522e-07
7.40603e-07
1.83111e-06
1.83089e-06
1.83051e-06
1.83005e-06
1.82957e-06
1.82913e-06
1.82876e-06
1.82847e-06
1.82825e-06
1.8281e-06
1.82802e-06
1.82798e-06
1.82799e-06
1.82803e-06
1.8281e-06
1.82818e-06
1.82828e-06
1.82838e-06
1.82849e-06
1.82861e-06
1.82872e-06
1.82882e-06
1.82892e-06
1.82901e-06
1.82909e-06
1.82916e-06
1.82921e-06
1.82926e-06
1.82929e-06
1.8293e-06
1.8293e-06
1.82929e-06
1.82926e-06
1.82921e-06
1.82916e-06
1.82909e-06
1.82901e-06
1.82892e-06
1.82882e-06
1.82872e-06
1.82861e-06
1.82849e-06
1.82838e-06
1.82828e-06
1.82818e-06
1.8281e-06
1.82803e-06
1.82799e-06
1.82798e-06
1.82802e-06
1.8281e-06
1.82825e-06
1.82847e-06
1.82876e-06
1.82913e-06
1.82957e-06
1.83005e-06
1.83051e-06
1.83089e-06
1.83111e-06
4.5131e-06
4.51253e-06
4.51153e-06
4.5103e-06
4.50904e-06
4.50789e-06
4.5069e-06
4.50612e-06
4.50554e-06
4.50515e-06
4.50492e-06
4.50483e-06
4.50485e-06
4.50495e-06
4.50512e-06
4.50534e-06
4.5056e-06
4.50588e-06
4.50618e-06
4.50647e-06
4.50677e-06
4.50705e-06
4.50731e-06
4.50755e-06
4.50776e-06
4.50794e-06
4.50809e-06
4.5082e-06
4.50828e-06
4.50832e-06
4.50832e-06
4.50828e-06
4.5082e-06
4.50809e-06
4.50794e-06
4.50776e-06
4.50755e-06
4.50731e-06
4.50705e-06
4.50677e-06
4.50647e-06
4.50618e-06
4.50588e-06
4.5056e-06
4.50534e-06
4.50512e-06
4.50495e-06
4.50485e-06
4.50483e-06
4.50492e-06
4.50515e-06
4.50554e-06
4.50612e-06
4.5069e-06
4.50789e-06
4.50904e-06
4.5103e-06
4.51153e-06
4.51253e-06
4.5131e-06
1.10534e-05
1.10519e-05
1.10493e-05
1.10462e-05
1.10429e-05
1.10399e-05
1.10373e-05
1.10353e-05
1.10338e-05
1.10328e-05
1.10321e-05
1.10319e-05
1.10319e-05
1.10322e-05
1.10327e-05
1.10332e-05
1.10339e-05
1.10346e-05
1.10354e-05
1.10362e-05
1.10369e-05
1.10377e-05
1.10384e-05
1.1039e-05
1.10395e-05
1.104e-05
1.10404e-05
1.10407e-05
1.10409e-05
1.1041e-05
1.1041e-05
1.10409e-05
1.10407e-05
1.10404e-05
1.104e-05
1.10395e-05
1.1039e-05
1.10384e-05
1.10377e-05
1.10369e-05
1.10362e-05
1.10354e-05
1.10346e-05
1.10339e-05
1.10332e-05
1.10327e-05
1.10322e-05
1.10319e-05
1.10319e-05
1.10321e-05
1.10328e-05
1.10338e-05
1.10353e-05
1.10373e-05
1.10399e-05
1.10429e-05
1.10462e-05
1.10493e-05
1.10519e-05
1.10534e-05
2.68024e-05
2.67987e-05
2.67921e-05
2.6784e-05
2.67757e-05
2.6768e-05
2.67615e-05
2.67563e-05
2.67524e-05
2.67498e-05
2.67482e-05
2.67476e-05
2.67477e-05
2.67483e-05
2.67495e-05
2.6751e-05
2.67527e-05
2.67546e-05
2.67565e-05
2.67585e-05
2.67604e-05
2.67623e-05
2.6764e-05
2.67656e-05
2.67671e-05
2.67683e-05
2.67693e-05
2.677e-05
2.67705e-05
2.67708e-05
2.67708e-05
2.67705e-05
2.677e-05
2.67693e-05
2.67683e-05
2.67671e-05
2.67656e-05
2.6764e-05
2.67623e-05
2.67604e-05
2.67585e-05
2.67565e-05
2.67546e-05
2.67527e-05
2.6751e-05
2.67495e-05
2.67483e-05
2.67477e-05
2.67476e-05
2.67482e-05
2.67498e-05
2.67524e-05
2.67563e-05
2.67615e-05
2.6768e-05
2.67757e-05
2.6784e-05
2.67921e-05
2.67987e-05
2.68024e-05
6.40701e-05
6.40609e-05
6.40446e-05
6.40245e-05
6.40038e-05
6.39847e-05
6.39684e-05
6.39555e-05
6.39458e-05
6.39393e-05
6.39354e-05
6.39338e-05
6.3934e-05
6.39356e-05
6.39385e-05
6.39421e-05
6.39464e-05
6.39511e-05
6.3956e-05
6.39609e-05
6.39657e-05
6.39704e-05
6.39748e-05
6.39787e-05
6.39823e-05
6.39853e-05
6.39878e-05
6.39897e-05
6.3991e-05
6.39916e-05
6.39916e-05
6.3991e-05
6.39897e-05
6.39878e-05
6.39853e-05
6.39823e-05
6.39787e-05
6.39748e-05
6.39704e-05
6.39657e-05
6.39609e-05
6.3956e-05
6.39511e-05
6.39464e-05
6.39421e-05
6.39385e-05
6.39356e-05
6.3934e-05
6.39338e-05
6.39354e-05
6.39393e-05
6.39458e-05
6.39555e-05
6.39684e-05
6.39847e-05
6.40038e-05
6.40245e-05
6.40446e-05
6.40609e-05
6.40701e-05
0.000150251
0.000150229
0.00015019
0.000150142
0.000150092
0.000150046
0.000150006
0.000149975
0.000149951
0.000149935
0.000149926
0.000149922
0.000149923
0.000149927
0.000149933
0.000149942
0.000149953
0.000149964
0.000149976
0.000149988
0.000149999
0.000150011
0.000150021
0.000150031
0.000150039
0.000150047
0.000150053
0.000150057
0.00015006
0.000150062
0.000150062
0.00015006
0.000150057
0.000150053
0.000150047
0.000150039
0.000150031
0.000150021
0.000150011
0.000149999
0.000149988
0.000149976
0.000149964
0.000149953
0.000149942
0.000149933
0.000149927
0.000149923
0.000149922
0.000149926
0.000149935
0.000149951
0.000149975
0.000150006
0.000150046
0.000150092
0.000150142
0.00015019
0.000150229
0.000150251
0.000343748
0.000343696
0.000343605
0.000343493
0.000343376
0.000343269
0.000343177
0.000343104
0.000343049
0.000343012
0.00034299
0.000342981
0.000342982
0.000342991
0.000343007
0.000343028
0.000343052
0.000343078
0.000343105
0.000343133
0.000343161
0.000343187
0.000343212
0.000343234
0.000343254
0.000343271
0.000343285
0.000343296
0.000343303
0.000343307
0.000343307
0.000343303
0.000343296
0.000343285
0.000343271
0.000343254
0.000343234
0.000343212
0.000343187
0.000343161
0.000343133
0.000343105
0.000343078
0.000343052
0.000343028
0.000343007
0.000342991
0.000342982
0.000342981
0.00034299
0.000343012
0.000343049
0.000343104
0.000343177
0.000343269
0.000343376
0.000343493
0.000343605
0.000343696
0.000343748
0.000762394
0.000762279
0.000762076
0.000761826
0.000761567
0.000761327
0.000761122
0.000760959
0.000760837
0.000760753
0.000760704
0.000760683
0.000760685
0.000760706
0.000760741
0.000760787
0.000760841
0.0007609
0.000760961
0.000761023
0.000761084
0.000761143
0.000761198
0.000761249
0.000761293
0.000761332
0.000761363
0.000761387
0.000761403
0.000761411
0.000761411
0.000761403
0.000761387
0.000761363
0.000761332
0.000761293
0.000761249
0.000761198
0.000761143
0.000761084
0.000761023
0.000760961
0.0007609
0.000760841
0.000760787
0.000760741
0.000760706
0.000760685
0.000760683
0.000760704
0.000760753
0.000760837
0.000760959
0.000761122
0.000761327
0.000761567
0.000761826
0.000762076
0.000762279
0.000762394
0.00162774
0.0016275
0.00162707
0.00162654
0.00162599
0.00162549
0.00162505
0.0016247
0.00162444
0.00162427
0.00162416
0.00162412
0.00162412
0.00162416
0.00162424
0.00162434
0.00162445
0.00162458
0.00162471
0.00162484
0.00162497
0.00162509
0.00162521
0.00162532
0.00162541
0.00162549
0.00162556
0.00162561
0.00162564
0.00162566
0.00162566
0.00162564
0.00162561
0.00162556
0.00162549
0.00162541
0.00162532
0.00162521
0.00162509
0.00162497
0.00162484
0.00162471
0.00162458
0.00162445
0.00162434
0.00162424
0.00162416
0.00162412
0.00162412
0.00162416
0.00162427
0.00162444
0.0016247
0.00162505
0.00162549
0.00162599
0.00162654
0.00162707
0.0016275
0.00162774
0.00332018
0.0033197
0.00331884
0.00331779
0.0033167
0.00331568
0.00331482
0.00331412
0.00331361
0.00331325
0.00331304
0.00331295
0.00331296
0.00331304
0.00331319
0.00331339
0.00331361
0.00331386
0.00331412
0.00331439
0.00331465
0.00331489
0.00331513
0.00331534
0.00331553
0.00331569
0.00331583
0.00331593
0.003316
0.00331603
0.00331603
0.003316
0.00331593
0.00331583
0.00331569
0.00331553
0.00331534
0.00331513
0.00331489
0.00331465
0.00331439
0.00331412
0.00331386
0.00331361
0.00331339
0.00331319
0.00331304
0.00331296
0.00331295
0.00331304
0.00331325
0.00331361
0.00331412
0.00331482
0.00331568
0.0033167
0.00331779
0.00331884
0.0033197
0.00332018
0.00641999
0.00641909
0.00641751
0.00641555
0.00641353
0.00641164
0.00641003
0.00640874
0.00640778
0.00640712
0.00640672
0.00640655
0.00640657
0.00640673
0.006407
0.00640737
0.00640779
0.00640825
0.00640873
0.00640922
0.00640971
0.00641017
0.00641061
0.006411
0.00641136
0.00641166
0.00641191
0.00641209
0.00641222
0.00641229
0.00641229
0.00641222
0.00641209
0.00641191
0.00641166
0.00641136
0.006411
0.00641061
0.00641017
0.00640971
0.00640922
0.00640873
0.00640825
0.00640779
0.00640737
0.006407
0.00640673
0.00640657
0.00640655
0.00640672
0.00640712
0.00640778
0.00640874
0.00641003
0.00641164
0.00641353
0.00641555
0.00641751
0.00641909
0.00641999
0.0116834
0.0116819
0.0116792
0.0116758
0.0116723
0.0116691
0.0116663
0.0116641
0.0116625
0.0116613
0.0116607
0.0116604
0.0116604
0.0116607
0.0116611
0.0116618
0.0116625
0.0116633
0.0116641
0.0116649
0.0116658
0.0116666
0.0116673
0.011668
0.0116686
0.0116691
0.0116696
0.0116699
0.0116701
0.0116702
0.0116702
0.0116701
0.0116699
0.0116696
0.0116691
0.0116686
0.011668
0.0116673
0.0116666
0.0116658
0.0116649
0.0116641
0.0116633
0.0116625
0.0116618
0.0116611
0.0116607
0.0116604
0.0116604
0.0116607
0.0116613
0.0116625
0.0116641
0.0116663
0.0116691
0.0116723
0.0116758
0.0116792
0.0116819
0.0116834
0.0198992
0.0198968
0.0198926
0.0198873
0.0198818
0.0198767
0.0198723
0.0198688
0.0198662
0.0198644
0.0198633
0.0198629
0.0198629
0.0198633
0.0198641
0.0198651
0.0198662
0.0198675
0.0198688
0.0198701
0.0198714
0.0198727
0.0198739
0.0198749
0.0198759
0.0198767
0.0198774
0.0198779
0.0198782
0.0198784
0.0198784
0.0198782
0.0198779
0.0198774
0.0198767
0.0198759
0.0198749
0.0198739
0.0198727
0.0198714
0.0198701
0.0198688
0.0198675
0.0198662
0.0198651
0.0198641
0.0198633
0.0198629
0.0198629
0.0198633
0.0198644
0.0198662
0.0198688
0.0198723
0.0198767
0.0198818
0.0198873
0.0198926
0.0198968
0.0198992
0.0316318
0.0316283
0.0316222
0.0316146
0.0316066
0.0315993
0.0315929
0.0315879
0.0315841
0.0315815
0.0315799
0.0315792
0.0315793
0.0315799
0.031581
0.0315824
0.031584
0.0315858
0.0315877
0.0315897
0.0315916
0.0315934
0.0315951
0.0315967
0.0315981
0.0315992
0.0316002
0.031601
0.0316015
0.0316017
0.0316017
0.0316015
0.031601
0.0316002
0.0315992
0.0315981
0.0315967
0.0315951
0.0315934
0.0315916
0.0315897
0.0315877
0.0315858
0.031584
0.0315824
0.031581
0.0315799
0.0315793
0.0315792
0.0315799
0.0315815
0.0315841
0.0315879
0.0315929
0.0315993
0.0316066
0.0316146
0.0316222
0.0316283
0.0316318
0.046973
0.0469683
0.0469601
0.04695
0.0469394
0.0469296
0.0469211
0.0469144
0.0469093
0.0469058
0.0469037
0.0469028
0.0469029
0.0469037
0.0469051
0.046907
0.0469092
0.0469116
0.0469142
0.0469167
0.0469193
0.0469217
0.046924
0.0469261
0.0469279
0.0469295
0.0469308
0.0469318
0.0469325
0.0469328
0.0469328
0.0469325
0.0469318
0.0469308
0.0469295
0.0469279
0.0469261
0.046924
0.0469217
0.0469193
0.0469167
0.0469142
0.0469116
0.0469092
0.046907
0.0469051
0.0469037
0.0469029
0.0469028
0.0469037
0.0469058
0.0469093
0.0469144
0.0469211
0.0469296
0.0469394
0.04695
0.0469601
0.0469683
0.046973
0.0654811
0.0654753
0.0654652
0.0654526
0.0654395
0.0654272
0.0654167
0.0654083
0.065402
0.0653976
0.065395
0.0653938
0.0653939
0.0653949
0.0653967
0.0653991
0.0654018
0.0654048
0.065408
0.0654112
0.0654143
0.0654174
0.0654202
0.0654228
0.0654251
0.0654271
0.0654287
0.06543
0.0654308
0.0654312
0.0654312
0.0654308
0.06543
0.0654287
0.0654271
0.0654251
0.0654228
0.0654202
0.0654174
0.0654143
0.0654112
0.065408
0.0654048
0.0654018
0.0653991
0.0653967
0.0653949
0.0653939
0.0653938
0.065395
0.0653976
0.065402
0.0654083
0.0654167
0.0654272
0.0654395
0.0654526
0.0654652
0.0654753
0.0654811
0.0863738
0.0863671
0.0863551
0.0863403
0.0863249
0.0863105
0.0862981
0.0862882
0.0862807
0.0862756
0.0862725
0.0862711
0.0862711
0.0862724
0.0862744
0.0862772
0.0862804
0.086284
0.0862877
0.0862915
0.0862952
0.0862988
0.0863022
0.0863052
0.086308
0.0863103
0.0863122
0.0863137
0.0863146
0.0863151
0.0863151
0.0863146
0.0863137
0.0863122
0.0863103
0.086308
0.0863052
0.0863022
0.0862988
0.0862952
0.0862915
0.0862877
0.086284
0.0862804
0.0862772
0.0862744
0.0862724
0.0862711
0.0862711
0.0862725
0.0862756
0.0862807
0.0862882
0.0862981
0.0863105
0.0863249
0.0863403
0.0863551
0.0863671
0.0863738
0.108842
0.108835
0.108821
0.108804
0.108787
0.108771
0.108757
0.108745
0.108737
0.108731
0.108727
0.108726
0.108726
0.108727
0.10873
0.108733
0.108736
0.108741
0.108745
0.108749
0.108753
0.108757
0.108761
0.108765
0.108768
0.10877
0.108773
0.108774
0.108775
0.108776
0.108776
0.108775
0.108774
0.108773
0.10877
0.108768
0.108765
0.108761
0.108757
0.108753
0.108749
0.108745
0.108741
0.108736
0.108733
0.10873
0.108727
0.108726
0.108726
0.108727
0.108731
0.108737
0.108745
0.108757
0.108771
0.108787
0.108804
0.108821
0.108835
0.108842
0.132287
0.132279
0.132264
0.132245
0.132226
0.132208
0.132193
0.13218
0.132171
0.132164
0.13216
0.132158
0.132158
0.13216
0.132162
0.132166
0.13217
0.132174
0.132179
0.132184
0.132189
0.132193
0.132197
0.132201
0.132205
0.132208
0.13221
0.132212
0.132213
0.132214
0.132214
0.132213
0.132212
0.13221
0.132208
0.132205
0.132201
0.132197
0.132193
0.132189
0.132184
0.132179
0.132174
0.13217
0.132166
0.132162
0.13216
0.132158
0.132158
0.13216
0.132164
0.132171
0.13218
0.132193
0.132208
0.132226
0.132245
0.132264
0.132279
0.132287
0.156384
0.156375
0.156359
0.156339
0.156317
0.156298
0.156281
0.156267
0.156257
0.156249
0.156245
0.156243
0.156243
0.156245
0.156248
0.156251
0.156256
0.156261
0.156266
0.156271
0.156276
0.156281
0.156286
0.15629
0.156294
0.156297
0.1563
0.156302
0.156303
0.156304
0.156304
0.156303
0.156302
0.1563
0.156297
0.156294
0.15629
0.156286
0.156281
0.156276
0.156271
0.156266
0.156261
0.156256
0.156251
0.156248
0.156245
0.156243
0.156243
0.156245
0.156249
0.156257
0.156267
0.156281
0.156298
0.156317
0.156339
0.156359
0.156375
0.156384
0.181024
0.181014
0.180996
0.180974
0.180952
0.18093
0.180912
0.180897
0.180885
0.180878
0.180873
0.180871
0.180871
0.180872
0.180875
0.18088
0.180884
0.18089
0.180895
0.180901
0.180907
0.180912
0.180917
0.180922
0.180926
0.180929
0.180932
0.180934
0.180936
0.180937
0.180937
0.180936
0.180934
0.180932
0.180929
0.180926
0.180922
0.180917
0.180912
0.180907
0.180901
0.180895
0.18089
0.180884
0.18088
0.180875
0.180872
0.180871
0.180871
0.180873
0.180878
0.180885
0.180897
0.180912
0.18093
0.180952
0.180974
0.180996
0.181014
0.181024
0.206216
0.206206
0.206187
0.206163
0.206139
0.206116
0.206096
0.206079
0.206067
0.206059
0.206054
0.206051
0.206051
0.206053
0.206056
0.206061
0.206066
0.206072
0.206078
0.206084
0.20609
0.206096
0.206101
0.206106
0.206111
0.206115
0.206118
0.20612
0.206122
0.206123
0.206123
0.206122
0.20612
0.206118
0.206115
0.206111
0.206106
0.206101
0.206096
0.20609
0.206084
0.206078
0.206072
0.206066
0.206061
0.206056
0.206053
0.206051
0.206051
0.206054
0.206059
0.206067
0.206079
0.206096
0.206116
0.206139
0.206163
0.206187
0.206206
0.206216
0.232018
0.232007
0.231987
0.231962
0.231936
0.231911
0.231889
0.231872
0.231858
0.231849
0.231844
0.231841
0.231841
0.231843
0.231847
0.231851
0.231857
0.231863
0.23187
0.231876
0.231883
0.231889
0.231895
0.2319
0.231905
0.231909
0.231913
0.231915
0.231917
0.231918
0.231918
0.231917
0.231915
0.231913
0.231909
0.231905
0.2319
0.231895
0.231889
0.231883
0.231876
0.23187
0.231863
0.231857
0.231851
0.231847
0.231843
0.231841
0.231841
0.231844
0.231849
0.231858
0.231872
0.231889
0.231911
0.231936
0.231962
0.231987
0.232007
0.232018
0.258492
0.25848
0.258459
0.258432
0.258404
0.258377
0.258354
0.258335
0.258321
0.258311
0.258305
0.258302
0.258302
0.258304
0.258308
0.258313
0.258319
0.258326
0.258333
0.25834
0.258347
0.258354
0.25836
0.258366
0.258371
0.258375
0.258379
0.258382
0.258384
0.258385
0.258385
0.258384
0.258382
0.258379
0.258375
0.258371
0.258366
0.25836
0.258354
0.258347
0.25834
0.258333
0.258326
0.258319
0.258313
0.258308
0.258304
0.258302
0.258302
0.258305
0.258311
0.258321
0.258335
0.258354
0.258377
0.258404
0.258432
0.258459
0.25848
0.258492
0.285692
0.285679
0.285657
0.285628
0.285598
0.28557
0.285545
0.285525
0.285509
0.285499
0.285492
0.285489
0.285489
0.285491
0.285495
0.285501
0.285507
0.285514
0.285522
0.285529
0.285537
0.285544
0.285551
0.285557
0.285563
0.285567
0.285571
0.285574
0.285576
0.285577
0.285577
0.285576
0.285574
0.285571
0.285567
0.285563
0.285557
0.285551
0.285544
0.285537
0.285529
0.285522
0.285514
0.285507
0.285501
0.285495
0.285491
0.285489
0.285489
0.285492
0.285499
0.285509
0.285525
0.285545
0.28557
0.285598
0.285628
0.285657
0.285679
0.285692
0.313663
0.313649
0.313625
0.313595
0.313563
0.313533
0.313506
0.313485
0.313468
0.313457
0.31345
0.313446
0.313446
0.313448
0.313453
0.313459
0.313465
0.313473
0.313481
0.313489
0.313497
0.313505
0.313512
0.313519
0.313525
0.31353
0.313534
0.313537
0.313539
0.31354
0.31354
0.313539
0.313537
0.313534
0.31353
0.313525
0.313519
0.313512
0.313505
0.313497
0.313489
0.313481
0.313473
0.313465
0.313459
0.313453
0.313448
0.313446
0.313446
0.31345
0.313457
0.313468
0.313485
0.313506
0.313533
0.313563
0.313595
0.313625
0.313649
0.313663
0.342441
0.342427
0.342401
0.34237
0.342336
0.342304
0.342276
0.342253
0.342235
0.342223
0.342215
0.342212
0.342211
0.342214
0.342218
0.342224
0.342232
0.34224
0.342248
0.342257
0.342266
0.342274
0.342282
0.342289
0.342295
0.3423
0.342305
0.342308
0.34231
0.342312
0.342312
0.34231
0.342308
0.342305
0.3423
0.342295
0.342289
0.342282
0.342274
0.342266
0.342257
0.342248
0.34224
0.342232
0.342224
0.342218
0.342214
0.342211
0.342212
0.342215
0.342223
0.342235
0.342253
0.342276
0.342304
0.342336
0.34237
0.342401
0.342427
0.342441
0.372061
0.372046
0.37202
0.371986
0.37195
0.371916
0.371886
0.371862
0.371843
0.37183
0.371822
0.371818
0.371818
0.37182
0.371825
0.371832
0.371839
0.371848
0.371857
0.371866
0.371875
0.371884
0.371892
0.3719
0.371907
0.371912
0.371917
0.371921
0.371923
0.371924
0.371924
0.371923
0.371921
0.371917
0.371912
0.371907
0.3719
0.371892
0.371884
0.371875
0.371866
0.371857
0.371848
0.371839
0.371832
0.371825
0.37182
0.371818
0.371818
0.371822
0.37183
0.371843
0.371862
0.371886
0.371916
0.37195
0.371986
0.37202
0.372046
0.372061
0.402554
0.402538
0.40251
0.402475
0.402437
0.402402
0.40237
0.402344
0.402324
0.40231
0.402302
0.402297
0.402297
0.4023
0.402305
0.402311
0.40232
0.402329
0.402338
0.402348
0.402358
0.402367
0.402376
0.402384
0.402391
0.402397
0.402402
0.402406
0.402408
0.40241
0.40241
0.402408
0.402406
0.402402
0.402397
0.402391
0.402384
0.402376
0.402367
0.402358
0.402348
0.402338
0.402329
0.40232
0.402311
0.402305
0.4023
0.402297
0.402297
0.402302
0.40231
0.402324
0.402344
0.40237
0.402402
0.402437
0.402475
0.40251
0.402538
0.402554
0.43395
0.433933
0.433904
0.433867
0.433828
0.43379
0.433757
0.433729
0.433708
0.433693
0.433684
0.43368
0.433679
0.433682
0.433687
0.433694
0.433703
0.433712
0.433722
0.433733
0.433743
0.433753
0.433762
0.433771
0.433778
0.433785
0.43379
0.433794
0.433797
0.433798
0.433798
0.433797
0.433794
0.43379
0.433785
0.433778
0.433771
0.433762
0.433753
0.433743
0.433733
0.433722
0.433712
0.433703
0.433694
0.433687
0.433682
0.433679
0.43368
0.433684
0.433693
0.433708
0.433729
0.433757
0.43379
0.433828
0.433867
0.433904
0.433933
0.43395
0.466278
0.466261
0.466231
0.466192
0.466151
0.466111
0.466076
0.466047
0.466025
0.466009
0.465999
0.465994
0.465994
0.465996
0.466002
0.466009
0.466019
0.466029
0.466039
0.46605
0.466061
0.466071
0.466081
0.46609
0.466098
0.466105
0.466111
0.466115
0.466118
0.466119
0.466119
0.466118
0.466115
0.466111
0.466105
0.466098
0.46609
0.466081
0.466071
0.466061
0.46605
0.466039
0.466029
0.466019
0.466009
0.466002
0.465996
0.465994
0.465994
0.465999
0.466009
0.466025
0.466047
0.466076
0.466111
0.466151
0.466192
0.466231
0.466261
0.466278
0.49957
0.499552
0.49952
0.49948
0.499437
0.499395
0.499358
0.499328
0.499305
0.499288
0.499277
0.499272
0.499271
0.499274
0.49928
0.499288
0.499297
0.499308
0.499319
0.49933
0.499342
0.499353
0.499363
0.499372
0.499381
0.499388
0.499394
0.499399
0.499402
0.499403
0.499403
0.499402
0.499399
0.499394
0.499388
0.499381
0.499372
0.499363
0.499353
0.499342
0.49933
0.499319
0.499308
0.499297
0.499288
0.49928
0.499274
0.499271
0.499272
0.499277
0.499288
0.499305
0.499328
0.499358
0.499395
0.499437
0.49948
0.49952
0.499552
0.49957
0.533854
0.533836
0.533803
0.533761
0.533716
0.533673
0.533634
0.533602
0.533577
0.53356
0.533548
0.533543
0.533542
0.533544
0.53355
0.533559
0.533569
0.53358
0.533592
0.533604
0.533616
0.533627
0.533638
0.533648
0.533657
0.533664
0.533671
0.533675
0.533679
0.53368
0.53368
0.533679
0.533675
0.533671
0.533664
0.533657
0.533648
0.533638
0.533627
0.533616
0.533604
0.533592
0.53358
0.533569
0.533559
0.53355
0.533544
0.533542
0.533543
0.533548
0.53356
0.533577
0.533602
0.533634
0.533673
0.533716
0.533761
0.533803
0.533836
0.533854
0.569163
0.569144
0.56911
0.569066
0.56902
0.568974
0.568934
0.5689
0.568874
0.568856
0.568843
0.568837
0.568836
0.568839
0.568845
0.568854
0.568864
0.568876
0.568888
0.568901
0.568914
0.568926
0.568937
0.568948
0.568957
0.568965
0.568971
0.568976
0.56898
0.568982
0.568982
0.56898
0.568976
0.568971
0.568965
0.568957
0.568948
0.568937
0.568926
0.568914
0.568901
0.568888
0.568876
0.568864
0.568854
0.568845
0.568839
0.568836
0.568837
0.568843
0.568856
0.568874
0.5689
0.568934
0.568974
0.56902
0.569066
0.56911
0.569144
0.569163
0.605527
0.605508
0.605473
0.605428
0.605379
0.605332
0.60529
0.605254
0.605227
0.605207
0.605194
0.605188
0.605187
0.605189
0.605196
0.605205
0.605216
0.605228
0.605241
0.605254
0.605267
0.60528
0.605292
0.605303
0.605313
0.605321
0.605328
0.605333
0.605337
0.605339
0.605339
0.605337
0.605333
0.605328
0.605321
0.605313
0.605303
0.605292
0.60528
0.605267
0.605254
0.605241
0.605228
0.605216
0.605205
0.605196
0.605189
0.605187
0.605188
0.605194
0.605207
0.605227
0.605254
0.60529
0.605332
0.605379
0.605428
0.605473
0.605508
0.605527
0.64298
0.64296
0.642923
0.642877
0.642826
0.642777
0.642733
0.642697
0.642668
0.642647
0.642634
0.642626
0.642625
0.642628
0.642634
0.642644
0.642655
0.642668
0.642681
0.642695
0.642709
0.642722
0.642735
0.642746
0.642757
0.642765
0.642773
0.642778
0.642782
0.642784
0.642784
0.642782
0.642778
0.642773
0.642765
0.642757
0.642746
0.642735
0.642722
0.642709
0.642695
0.642681
0.642668
0.642655
0.642644
0.642634
0.642628
0.642625
0.642626
0.642634
0.642647
0.642668
0.642697
0.642733
0.642777
0.642826
0.642877
0.642923
0.64296
0.64298
0.681553
0.681533
0.681495
0.681447
0.681395
0.681344
0.681299
0.68126
0.68123
0.681208
0.681194
0.681186
0.681185
0.681188
0.681194
0.681204
0.681216
0.681229
0.681243
0.681257
0.681272
0.681286
0.681299
0.681311
0.681322
0.681331
0.681339
0.681344
0.681348
0.68135
0.68135
0.681348
0.681344
0.681339
0.681331
0.681322
0.681311
0.681299
0.681286
0.681272
0.681257
0.681243
0.681229
0.681216
0.681204
0.681194
0.681188
0.681185
0.681186
0.681194
0.681208
0.68123
0.68126
0.681299
0.681344
0.681395
0.681447
0.681495
0.681533
0.681553
0.721282
0.721261
0.721223
0.721173
0.72112
0.721067
0.721019
0.720979
0.720948
0.720925
0.72091
0.720902
0.7209
0.720903
0.720909
0.720919
0.720932
0.720945
0.72096
0.720975
0.72099
0.721005
0.721018
0.721031
0.721042
0.721052
0.72106
0.721066
0.72107
0.721072
0.721072
0.72107
0.721066
0.72106
0.721052
0.721042
0.721031
0.721018
0.721005
0.72099
0.720975
0.72096
0.720945
0.720932
0.720919
0.720909
0.720903
0.7209
0.720902
0.72091
0.720925
0.720948
0.720979
0.721019
0.721067
0.72112
0.721173
0.721223
0.721261
0.721282
0.762202
0.76218
0.762141
0.76209
0.762034
0.76198
0.761931
0.761889
0.761856
0.761832
0.761816
0.761807
0.761805
0.761808
0.761815
0.761825
0.761838
0.761852
0.761867
0.761883
0.761899
0.761914
0.761928
0.761941
0.761953
0.761963
0.761972
0.761978
0.761982
0.761984
0.761984
0.761982
0.761978
0.761972
0.761963
0.761953
0.761941
0.761928
0.761914
0.761899
0.761883
0.761867
0.761852
0.761838
0.761825
0.761815
0.761808
0.761805
0.761807
0.761816
0.761832
0.761856
0.761889
0.761931
0.76198
0.762034
0.76209
0.762141
0.76218
0.762202
0.804347
0.804325
0.804285
0.804233
0.804176
0.804119
0.804068
0.804025
0.803991
0.803965
0.803949
0.80394
0.803937
0.80394
0.803947
0.803957
0.803971
0.803985
0.804001
0.804018
0.804034
0.80405
0.804065
0.804078
0.804091
0.804101
0.80411
0.804116
0.804121
0.804123
0.804123
0.804121
0.804116
0.80411
0.804101
0.804091
0.804078
0.804065
0.80405
0.804034
0.804018
0.804001
0.803985
0.803971
0.803957
0.803947
0.80394
0.803937
0.80394
0.803949
0.803965
0.803991
0.804025
0.804068
0.804119
0.804176
0.804233
0.804285
0.804325
0.804347
0.847756
0.847734
0.847693
0.847639
0.847581
0.847523
0.84747
0.847425
0.847389
0.847363
0.847345
0.847335
0.847332
0.847335
0.847342
0.847353
0.847367
0.847382
0.847398
0.847415
0.847432
0.847449
0.847464
0.847479
0.847491
0.847502
0.847511
0.847518
0.847523
0.847525
0.847525
0.847523
0.847518
0.847511
0.847502
0.847491
0.847479
0.847464
0.847449
0.847432
0.847415
0.847398
0.847382
0.847367
0.847353
0.847342
0.847335
0.847332
0.847335
0.847345
0.847363
0.847389
0.847425
0.84747
0.847523
0.847581
0.847639
0.847693
0.847734
0.847756
0.892467
0.892444
0.892402
0.892347
0.892287
0.892228
0.892173
0.892126
0.892089
0.892062
0.892043
0.892033
0.892029
0.892032
0.892039
0.89205
0.892064
0.89208
0.892097
0.892115
0.892132
0.892149
0.892166
0.89218
0.892194
0.892205
0.892214
0.892222
0.892226
0.892229
0.892229
0.892226
0.892222
0.892214
0.892205
0.892194
0.89218
0.892166
0.892149
0.892132
0.892115
0.892097
0.89208
0.892064
0.89205
0.892039
0.892032
0.892029
0.892033
0.892043
0.892062
0.892089
0.892126
0.892173
0.892228
0.892287
0.892347
0.892402
0.892444
0.892467
0.938518
0.938495
0.938452
0.938396
0.938335
0.938273
0.938217
0.938169
0.93813
0.938101
0.938082
0.938071
0.938067
0.93807
0.938077
0.938089
0.938103
0.938119
0.938137
0.938155
0.938173
0.938191
0.938208
0.938223
0.938237
0.938249
0.938258
0.938266
0.938271
0.938273
0.938273
0.938271
0.938266
0.938258
0.938249
0.938237
0.938223
0.938208
0.938191
0.938173
0.938155
0.938137
0.938119
0.938103
0.938089
0.938077
0.93807
0.938067
0.938071
0.938082
0.938101
0.93813
0.938169
0.938217
0.938273
0.938335
0.938396
0.938452
0.938495
0.938518
0.98595
0.985927
0.985883
0.985826
0.985763
0.9857
0.985642
0.985593
0.985553
0.985523
0.985502
0.98549
0.985486
0.985489
0.985496
0.985508
0.985522
0.985539
0.985558
0.985576
0.985595
0.985614
0.985631
0.985647
0.985661
0.985674
0.985684
0.985691
0.985697
0.985699
0.985699
0.985697
0.985691
0.985684
0.985674
0.985661
0.985647
0.985631
0.985614
0.985595
0.985576
0.985558
0.985539
0.985522
0.985508
0.985496
0.985489
0.985486
0.98549
0.985502
0.985523
0.985553
0.985593
0.985642
0.9857
0.985763
0.985826
0.985883
0.985927
0.98595
1.0348
1.03478
1.03474
1.03468
1.03461
1.03455
1.03449
1.03444
1.0344
1.03437
1.03435
1.03433
1.03433
1.03433
1.03434
1.03435
1.03436
1.03438
1.0344
1.03442
1.03444
1.03446
1.03448
1.03449
1.03451
1.03452
1.03453
1.03454
1.03455
1.03455
1.03455
1.03455
1.03454
1.03453
1.03452
1.03451
1.03449
1.03448
1.03446
1.03444
1.03442
1.0344
1.03438
1.03436
1.03435
1.03434
1.03433
1.03433
1.03433
1.03435
1.03437
1.0344
1.03444
1.03449
1.03455
1.03461
1.03468
1.03474
1.03478
1.0348
1.08512
1.0851
1.08506
1.085
1.08493
1.08487
1.0848
1.08475
1.08471
1.08468
1.08465
1.08464
1.08464
1.08464
1.08465
1.08466
1.08467
1.08469
1.08471
1.08473
1.08475
1.08477
1.08479
1.08481
1.08482
1.08483
1.08485
1.08485
1.08486
1.08486
1.08486
1.08486
1.08485
1.08485
1.08483
1.08482
1.08481
1.08479
1.08477
1.08475
1.08473
1.08471
1.08469
1.08467
1.08466
1.08465
1.08464
1.08464
1.08464
1.08465
1.08468
1.08471
1.08475
1.0848
1.08487
1.08493
1.085
1.08506
1.0851
1.08512
1.13695
1.13693
1.13688
1.13683
1.13676
1.13669
1.13663
1.13657
1.13653
1.1365
1.13647
1.13646
1.13645
1.13646
1.13646
1.13647
1.13649
1.13651
1.13653
1.13655
1.13657
1.13659
1.13661
1.13663
1.13664
1.13666
1.13667
1.13668
1.13668
1.13669
1.13669
1.13668
1.13668
1.13667
1.13666
1.13664
1.13663
1.13661
1.13659
1.13657
1.13655
1.13653
1.13651
1.13649
1.13647
1.13646
1.13646
1.13645
1.13646
1.13647
1.1365
1.13653
1.13657
1.13663
1.13669
1.13676
1.13683
1.13688
1.13693
1.13695
1.19034
1.19031
1.19027
1.19021
1.19014
1.19007
1.19001
1.18995
1.18991
1.18987
1.18985
1.18983
1.18983
1.18983
1.18983
1.18985
1.18986
1.18988
1.1899
1.18992
1.18994
1.18997
1.18999
1.19
1.19002
1.19003
1.19005
1.19006
1.19006
1.19006
1.19006
1.19006
1.19006
1.19005
1.19003
1.19002
1.19
1.18999
1.18997
1.18994
1.18992
1.1899
1.18988
1.18986
1.18985
1.18983
1.18983
1.18983
1.18983
1.18985
1.18987
1.18991
1.18995
1.19001
1.19007
1.19014
1.19021
1.19027
1.19031
1.19034
1.24532
1.2453
1.24525
1.24519
1.24512
1.24505
1.24499
1.24493
1.24488
1.24485
1.24482
1.24481
1.2448
1.2448
1.24481
1.24482
1.24484
1.24486
1.24488
1.2449
1.24492
1.24494
1.24496
1.24498
1.245
1.24501
1.24503
1.24504
1.24504
1.24504
1.24504
1.24504
1.24504
1.24503
1.24501
1.245
1.24498
1.24496
1.24494
1.24492
1.2449
1.24488
1.24486
1.24484
1.24482
1.24481
1.2448
1.2448
1.24481
1.24482
1.24485
1.24488
1.24493
1.24499
1.24505
1.24512
1.24519
1.24525
1.2453
1.24532
1.30196
1.30193
1.30189
1.30183
1.30176
1.30169
1.30162
1.30156
1.30151
1.30147
1.30145
1.30143
1.30142
1.30143
1.30143
1.30145
1.30146
1.30148
1.3015
1.30153
1.30155
1.30157
1.30159
1.30161
1.30163
1.30164
1.30166
1.30167
1.30167
1.30167
1.30167
1.30167
1.30167
1.30166
1.30164
1.30163
1.30161
1.30159
1.30157
1.30155
1.30153
1.3015
1.30148
1.30146
1.30145
1.30143
1.30143
1.30142
1.30143
1.30145
1.30147
1.30151
1.30156
1.30162
1.30169
1.30176
1.30183
1.30189
1.30193
1.30196
1.36029
1.36027
1.36022
1.36016
1.36009
1.36002
1.35995
1.35989
1.35984
1.3598
1.35977
1.35976
1.35975
1.35975
1.35976
1.35977
1.35979
1.35981
1.35983
1.35985
1.35987
1.3599
1.35992
1.35994
1.35996
1.35997
1.35998
1.35999
1.36
1.36
1.36
1.36
1.35999
1.35998
1.35997
1.35996
1.35994
1.35992
1.3599
1.35987
1.35985
1.35983
1.35981
1.35979
1.35977
1.35976
1.35975
1.35975
1.35976
1.35977
1.3598
1.35984
1.35989
1.35995
1.36002
1.36009
1.36016
1.36022
1.36027
1.36029
1.42038
1.42035
1.42031
1.42024
1.42017
1.4201
1.42003
1.41997
1.41992
1.41988
1.41985
1.41983
1.41982
1.41982
1.41983
1.41984
1.41986
1.41988
1.4199
1.41993
1.41995
1.41997
1.42
1.42002
1.42004
1.42005
1.42006
1.42007
1.42008
1.42008
1.42008
1.42008
1.42007
1.42006
1.42005
1.42004
1.42002
1.42
1.41997
1.41995
1.41993
1.4199
1.41988
1.41986
1.41984
1.41983
1.41982
1.41982
1.41983
1.41985
1.41988
1.41992
1.41997
1.42003
1.4201
1.42017
1.42024
1.42031
1.42035
1.42038
1.48227
1.48224
1.48219
1.48213
1.48206
1.48199
1.48192
1.48185
1.4818
1.48176
1.48173
1.48171
1.4817
1.4817
1.48171
1.48172
1.48174
1.48176
1.48178
1.48181
1.48183
1.48185
1.48188
1.4819
1.48192
1.48193
1.48195
1.48196
1.48196
1.48197
1.48197
1.48196
1.48196
1.48195
1.48193
1.48192
1.4819
1.48188
1.48185
1.48183
1.48181
1.48178
1.48176
1.48174
1.48172
1.48171
1.4817
1.4817
1.48171
1.48173
1.48176
1.4818
1.48185
1.48192
1.48199
1.48206
1.48213
1.48219
1.48224
1.48227
1.54601
1.54599
1.54594
1.54588
1.5458
1.54573
1.54566
1.54559
1.54554
1.5455
1.54547
1.54545
1.54544
1.54544
1.54544
1.54546
1.54547
1.54549
1.54552
1.54554
1.54557
1.54559
1.54561
1.54564
1.54566
1.54567
1.54569
1.5457
1.5457
1.54571
1.54571
1.5457
1.5457
1.54569
1.54567
1.54566
1.54564
1.54561
1.54559
1.54557
1.54554
1.54552
1.54549
1.54547
1.54546
1.54544
1.54544
1.54544
1.54545
1.54547
1.5455
1.54554
1.54559
1.54566
1.54573
1.5458
1.54588
1.54594
1.54599
1.54601
1.61167
1.61164
1.6116
1.61153
1.61146
1.61138
1.61131
1.61125
1.61119
1.61115
1.61112
1.6111
1.61109
1.61109
1.61109
1.6111
1.61112
1.61114
1.61117
1.61119
1.61122
1.61124
1.61127
1.61129
1.61131
1.61132
1.61134
1.61135
1.61136
1.61136
1.61136
1.61136
1.61135
1.61134
1.61132
1.61131
1.61129
1.61127
1.61124
1.61122
1.61119
1.61117
1.61114
1.61112
1.6111
1.61109
1.61109
1.61109
1.6111
1.61112
1.61115
1.61119
1.61125
1.61131
1.61138
1.61146
1.61153
1.6116
1.61164
1.61167
1.67929
1.67927
1.67922
1.67916
1.67909
1.67901
1.67894
1.67887
1.67882
1.67877
1.67874
1.67872
1.67871
1.6787
1.67871
1.67872
1.67874
1.67876
1.67879
1.67881
1.67884
1.67886
1.67889
1.67891
1.67893
1.67895
1.67896
1.67897
1.67898
1.67898
1.67898
1.67898
1.67897
1.67896
1.67895
1.67893
1.67891
1.67889
1.67886
1.67884
1.67881
1.67879
1.67876
1.67874
1.67872
1.67871
1.6787
1.67871
1.67872
1.67874
1.67877
1.67882
1.67887
1.67894
1.67901
1.67909
1.67916
1.67922
1.67927
1.67929
1.74895
1.74893
1.74888
1.74882
1.74874
1.74867
1.74859
1.74853
1.74847
1.74842
1.74839
1.74837
1.74836
1.74835
1.74836
1.74837
1.74839
1.74841
1.74843
1.74846
1.74849
1.74851
1.74854
1.74856
1.74858
1.7486
1.74861
1.74863
1.74863
1.74864
1.74864
1.74863
1.74863
1.74861
1.7486
1.74858
1.74856
1.74854
1.74851
1.74849
1.74846
1.74843
1.74841
1.74839
1.74837
1.74836
1.74835
1.74836
1.74837
1.74839
1.74842
1.74847
1.74853
1.74859
1.74867
1.74874
1.74882
1.74888
1.74893
1.74895
1.8207
1.82067
1.82063
1.82056
1.82049
1.82041
1.82034
1.82027
1.82021
1.82017
1.82013
1.82011
1.8201
1.82009
1.8201
1.82011
1.82013
1.82015
1.82017
1.8202
1.82023
1.82025
1.82028
1.8203
1.82032
1.82034
1.82036
1.82037
1.82038
1.82038
1.82038
1.82038
1.82037
1.82036
1.82034
1.82032
1.8203
1.82028
1.82025
1.82023
1.8202
1.82017
1.82015
1.82013
1.82011
1.8201
1.82009
1.8201
1.82011
1.82013
1.82017
1.82021
1.82027
1.82034
1.82041
1.82049
1.82056
1.82063
1.82067
1.8207
1.8946
1.89457
1.89452
1.89446
1.89439
1.89431
1.89424
1.89417
1.89411
1.89406
1.89403
1.894
1.89399
1.89399
1.89399
1.894
1.89402
1.89404
1.89407
1.89409
1.89412
1.89415
1.89417
1.8942
1.89422
1.89424
1.89425
1.89427
1.89427
1.89428
1.89428
1.89427
1.89427
1.89425
1.89424
1.89422
1.8942
1.89417
1.89415
1.89412
1.89409
1.89407
1.89404
1.89402
1.894
1.89399
1.89399
1.89399
1.894
1.89403
1.89406
1.89411
1.89417
1.89424
1.89431
1.89439
1.89446
1.89452
1.89457
1.8946
1.97071
1.97069
1.97064
1.97058
1.97051
1.97043
1.97036
1.97029
1.97023
1.97018
1.97014
1.97012
1.9701
1.9701
1.9701
1.97012
1.97013
1.97015
1.97018
1.97021
1.97023
1.97026
1.97029
1.97031
1.97033
1.97035
1.97037
1.97038
1.97039
1.97039
1.97039
1.97039
1.97038
1.97037
1.97035
1.97033
1.97031
1.97029
1.97026
1.97023
1.97021
1.97018
1.97015
1.97013
1.97012
1.9701
1.9701
1.9701
1.97012
1.97014
1.97018
1.97023
1.97029
1.97036
1.97043
1.97051
1.97058
1.97064
1.97069
1.97071
2.04911
2.04909
2.04904
2.04898
2.04891
2.04883
2.04876
2.04869
2.04863
2.04858
2.04854
2.04852
2.0485
2.0485
2.0485
2.04851
2.04853
2.04855
2.04858
2.0486
2.04863
2.04866
2.04868
2.04871
2.04873
2.04875
2.04877
2.04878
2.04879
2.04879
2.04879
2.04879
2.04878
2.04877
2.04875
2.04873
2.04871
2.04868
2.04866
2.04863
2.0486
2.04858
2.04855
2.04853
2.04851
2.0485
2.0485
2.0485
2.04852
2.04854
2.04858
2.04863
2.04869
2.04876
2.04883
2.04891
2.04898
2.04904
2.04909
2.04911
2.12987
2.12984
2.1298
2.12974
2.12967
2.12959
2.12951
2.12944
2.12938
2.12933
2.1293
2.12927
2.12925
2.12925
2.12925
2.12926
2.12928
2.1293
2.12933
2.12935
2.12938
2.12941
2.12943
2.12946
2.12948
2.1295
2.12952
2.12953
2.12954
2.12954
2.12954
2.12954
2.12953
2.12952
2.1295
2.12948
2.12946
2.12943
2.12941
2.12938
2.12935
2.12933
2.1293
2.12928
2.12926
2.12925
2.12925
2.12925
2.12927
2.1293
2.12933
2.12938
2.12944
2.12951
2.12959
2.12967
2.12974
2.1298
2.12984
2.12987
2.21304
2.21302
2.21298
2.21291
2.21284
2.21277
2.21269
2.21262
2.21256
2.21251
2.21247
2.21244
2.21243
2.21242
2.21242
2.21244
2.21245
2.21247
2.2125
2.21253
2.21255
2.21258
2.21261
2.21263
2.21266
2.21268
2.21269
2.21271
2.21272
2.21272
2.21272
2.21272
2.21271
2.21269
2.21268
2.21266
2.21263
2.21261
2.21258
2.21255
2.21253
2.2125
2.21247
2.21245
2.21244
2.21242
2.21242
2.21243
2.21244
2.21247
2.21251
2.21256
2.21262
2.21269
2.21277
2.21284
2.21291
2.21298
2.21302
2.21304
2.29871
2.29869
2.29865
2.29859
2.29852
2.29844
2.29837
2.2983
2.29824
2.29819
2.29815
2.29812
2.2981
2.29809
2.2981
2.29811
2.29812
2.29814
2.29817
2.2982
2.29822
2.29825
2.29828
2.29831
2.29833
2.29835
2.29837
2.29838
2.29839
2.29839
2.29839
2.29839
2.29838
2.29837
2.29835
2.29833
2.29831
2.29828
2.29825
2.29822
2.2982
2.29817
2.29814
2.29812
2.29811
2.2981
2.29809
2.2981
2.29812
2.29815
2.29819
2.29824
2.2983
2.29837
2.29844
2.29852
2.29859
2.29865
2.29869
2.29871
2.38696
2.38694
2.38689
2.38683
2.38677
2.38669
2.38662
2.38655
2.38648
2.38643
2.38639
2.38636
2.38634
2.38634
2.38634
2.38635
2.38636
2.38639
2.38641
2.38644
2.38647
2.3865
2.38652
2.38655
2.38657
2.38659
2.38661
2.38662
2.38663
2.38664
2.38664
2.38663
2.38662
2.38661
2.38659
2.38657
2.38655
2.38652
2.3865
2.38647
2.38644
2.38641
2.38639
2.38636
2.38635
2.38634
2.38634
2.38634
2.38636
2.38639
2.38643
2.38648
2.38655
2.38662
2.38669
2.38677
2.38683
2.38689
2.38694
2.38696
2.47785
2.47783
2.47779
2.47773
2.47766
2.47759
2.47751
2.47744
2.47738
2.47733
2.47729
2.47726
2.47724
2.47723
2.47723
2.47724
2.47726
2.47728
2.4773
2.47733
2.47736
2.47739
2.47741
2.47744
2.47746
2.47749
2.4775
2.47752
2.47752
2.47753
2.47753
2.47752
2.47752
2.4775
2.47749
2.47746
2.47744
2.47741
2.47739
2.47736
2.47733
2.4773
2.47728
2.47726
2.47724
2.47723
2.47723
2.47724
2.47726
2.47729
2.47733
2.47738
2.47744
2.47751
2.47759
2.47766
2.47773
2.47779
2.47783
2.47785
2.57147
2.57145
2.57141
2.57135
2.57128
2.57121
2.57114
2.57107
2.57101
2.57095
2.57091
2.57088
2.57086
2.57085
2.57085
2.57086
2.57088
2.5709
2.57092
2.57095
2.57098
2.57101
2.57103
2.57106
2.57108
2.57111
2.57112
2.57114
2.57115
2.57115
2.57115
2.57115
2.57114
2.57112
2.57111
2.57108
2.57106
2.57103
2.57101
2.57098
2.57095
2.57092
2.5709
2.57088
2.57086
2.57085
2.57085
2.57086
2.57088
2.57091
2.57095
2.57101
2.57107
2.57114
2.57121
2.57128
2.57135
2.57141
2.57145
2.57147
2.6679
2.66788
2.66784
2.66778
2.66772
2.66764
2.66757
2.6675
2.66744
2.66739
2.66734
2.66731
2.66729
2.66728
2.66728
2.66729
2.66731
2.66733
2.66735
2.66738
2.66741
2.66744
2.66746
2.66749
2.66751
2.66754
2.66755
2.66757
2.66758
2.66758
2.66758
2.66758
2.66757
2.66755
2.66754
2.66751
2.66749
2.66746
2.66744
2.66741
2.66738
2.66735
2.66733
2.66731
2.66729
2.66728
2.66728
2.66729
2.66731
2.66734
2.66739
2.66744
2.6675
2.66757
2.66764
2.66772
2.66778
2.66784
2.66788
2.6679
2.76722
2.7672
2.76716
2.76711
2.76704
2.76697
2.7669
2.76683
2.76677
2.76672
2.76667
2.76664
2.76662
2.76661
2.76661
2.76662
2.76663
2.76665
2.76668
2.7667
2.76673
2.76676
2.76679
2.76681
2.76684
2.76686
2.76688
2.76689
2.7669
2.76691
2.76691
2.7669
2.76689
2.76688
2.76686
2.76684
2.76681
2.76679
2.76676
2.76673
2.7667
2.76668
2.76665
2.76663
2.76662
2.76661
2.76661
2.76662
2.76664
2.76667
2.76672
2.76677
2.76683
2.7669
2.76697
2.76704
2.76711
2.76716
2.7672
2.76722
2.86953
2.86951
2.86947
2.86941
2.86935
2.86928
2.86921
2.86914
2.86908
2.86903
2.86898
2.86895
2.86893
2.86892
2.86892
2.86893
2.86894
2.86896
2.86898
2.86901
2.86904
2.86907
2.86909
2.86912
2.86914
2.86917
2.86918
2.8692
2.86921
2.86921
2.86921
2.86921
2.8692
2.86918
2.86917
2.86914
2.86912
2.86909
2.86907
2.86904
2.86901
2.86898
2.86896
2.86894
2.86893
2.86892
2.86892
2.86893
2.86895
2.86898
2.86903
2.86908
2.86914
2.86921
2.86928
2.86935
2.86941
2.86947
2.86951
2.86953
2.9749
2.97488
2.97484
2.97479
2.97473
2.97466
2.97459
2.97452
2.97446
2.97441
2.97437
2.97433
2.97431
2.9743
2.9743
2.9743
2.97432
2.97434
2.97436
2.97439
2.97441
2.97444
2.97447
2.9745
2.97452
2.97454
2.97456
2.97457
2.97458
2.97459
2.97459
2.97458
2.97457
2.97456
2.97454
2.97452
2.9745
2.97447
2.97444
2.97441
2.97439
2.97436
2.97434
2.97432
2.9743
2.9743
2.9743
2.97431
2.97433
2.97437
2.97441
2.97446
2.97452
2.97459
2.97466
2.97473
2.97479
2.97484
2.97488
2.9749
3.08344
3.08342
3.08338
3.08333
3.08327
3.0832
3.08314
3.08307
3.08301
3.08296
3.08291
3.08288
3.08286
3.08284
3.08284
3.08285
3.08286
3.08288
3.0829
3.08293
3.08295
3.08298
3.08301
3.08304
3.08306
3.08308
3.0831
3.08311
3.08312
3.08313
3.08313
3.08312
3.08311
3.0831
3.08308
3.08306
3.08304
3.08301
3.08298
3.08295
3.08293
3.0829
3.08288
3.08286
3.08285
3.08284
3.08284
3.08286
3.08288
3.08291
3.08296
3.08301
3.08307
3.08314
3.0832
3.08327
3.08333
3.08338
3.08342
3.08344
3.19523
3.19521
3.19518
3.19513
3.19507
3.195
3.19494
3.19487
3.19481
3.19476
3.19472
3.19468
3.19466
3.19465
3.19464
3.19465
3.19466
3.19468
3.1947
3.19473
3.19475
3.19478
3.19481
3.19483
3.19486
3.19488
3.1949
3.19491
3.19492
3.19492
3.19492
3.19492
3.19491
3.1949
3.19488
3.19486
3.19483
3.19481
3.19478
3.19475
3.19473
3.1947
3.19468
3.19466
3.19465
3.19464
3.19465
3.19466
3.19468
3.19472
3.19476
3.19481
3.19487
3.19494
3.195
3.19507
3.19513
3.19518
3.19521
3.19523
3.31038
3.31036
3.31033
3.31028
3.31022
3.31016
3.31009
3.31003
3.30997
3.30992
3.30988
3.30984
3.30982
3.30981
3.3098
3.30981
3.30982
3.30983
3.30986
3.30988
3.30991
3.30993
3.30996
3.30999
3.31001
3.31003
3.31005
3.31006
3.31007
3.31008
3.31008
3.31007
3.31006
3.31005
3.31003
3.31001
3.30999
3.30996
3.30993
3.30991
3.30988
3.30986
3.30983
3.30982
3.30981
3.3098
3.30981
3.30982
3.30984
3.30988
3.30992
3.30997
3.31003
3.31009
3.31016
3.31022
3.31028
3.31033
3.31036
3.31038
3.42899
3.42897
3.42894
3.42889
3.42884
3.42877
3.42871
3.42865
3.42859
3.42854
3.42849
3.42846
3.42844
3.42842
3.42842
3.42842
3.42843
3.42845
3.42847
3.42849
3.42852
3.42855
3.42857
3.4286
3.42862
3.42864
3.42866
3.42867
3.42868
3.42869
3.42869
3.42868
3.42867
3.42866
3.42864
3.42862
3.4286
3.42857
3.42855
3.42852
3.42849
3.42847
3.42845
3.42843
3.42842
3.42842
3.42842
3.42844
3.42846
3.42849
3.42854
3.42859
3.42865
3.42871
3.42877
3.42884
3.42889
3.42894
3.42897
3.42899
3.55115
3.55114
3.5511
3.55106
3.55101
3.55095
3.55088
3.55082
3.55076
3.55071
3.55067
3.55064
3.55061
3.5506
3.55059
3.5506
3.55061
3.55062
3.55064
3.55066
3.55069
3.55072
3.55074
3.55077
3.55079
3.55081
3.55083
3.55084
3.55085
3.55086
3.55086
3.55085
3.55084
3.55083
3.55081
3.55079
3.55077
3.55074
3.55072
3.55069
3.55066
3.55064
3.55062
3.55061
3.5506
3.55059
3.5506
3.55061
3.55064
3.55067
3.55071
3.55076
3.55082
3.55088
3.55095
3.55101
3.55106
3.5511
3.55114
3.55115
3.67699
3.67697
3.67694
3.6769
3.67684
3.67678
3.67672
3.67666
3.67661
3.67656
3.67652
3.67648
3.67646
3.67644
3.67644
3.67644
3.67645
3.67646
3.67648
3.6765
3.67653
3.67656
3.67658
3.67661
3.67663
3.67665
3.67667
3.67668
3.67669
3.67669
3.67669
3.67669
3.67668
3.67667
3.67665
3.67663
3.67661
3.67658
3.67656
3.67653
3.6765
3.67648
3.67646
3.67645
3.67644
3.67644
3.67644
3.67646
3.67648
3.67652
3.67656
3.67661
3.67666
3.67672
3.67678
3.67684
3.6769
3.67694
3.67697
3.67699
3.80659
3.80658
3.80655
3.80651
3.80646
3.8064
3.80634
3.80628
3.80623
3.80618
3.80614
3.8061
3.80608
3.80606
3.80606
3.80606
3.80607
3.80608
3.8061
3.80612
3.80615
3.80617
3.8062
3.80622
3.80624
3.80627
3.80628
3.80629
3.8063
3.80631
3.80631
3.8063
3.80629
3.80628
3.80627
3.80624
3.80622
3.8062
3.80617
3.80615
3.80612
3.8061
3.80608
3.80607
3.80606
3.80606
3.80606
3.80608
3.8061
3.80614
3.80618
3.80623
3.80628
3.80634
3.8064
3.80646
3.80651
3.80655
3.80658
3.80659
3.94009
3.94008
3.94005
3.94001
3.93996
3.93991
3.93985
3.93979
3.93974
3.93969
3.93965
3.93962
3.93959
3.93958
3.93957
3.93957
3.93958
3.93959
3.93961
3.93963
3.93965
3.93968
3.9397
3.93973
3.93975
3.93977
3.93979
3.9398
3.93981
3.93981
3.93981
3.93981
3.9398
3.93979
3.93977
3.93975
3.93973
3.9397
3.93968
3.93965
3.93963
3.93961
3.93959
3.93958
3.93957
3.93957
3.93958
3.93959
3.93962
3.93965
3.93969
3.93974
3.93979
3.93985
3.93991
3.93996
3.94001
3.94005
3.94008
3.94009
4.0776
4.07759
4.07756
4.07752
4.07747
4.07742
4.07737
4.07731
4.07726
4.07721
4.07717
4.07714
4.07711
4.0771
4.07709
4.07709
4.0771
4.07711
4.07713
4.07715
4.07717
4.07719
4.07722
4.07724
4.07726
4.07728
4.0773
4.07731
4.07732
4.07733
4.07733
4.07732
4.07731
4.0773
4.07728
4.07726
4.07724
4.07722
4.07719
4.07717
4.07715
4.07713
4.07711
4.0771
4.07709
4.07709
4.0771
4.07711
4.07714
4.07717
4.07721
4.07726
4.07731
4.07737
4.07742
4.07747
4.07752
4.07756
4.07759
4.0776
4.21923
4.21922
4.21919
4.21916
4.21911
4.21906
4.21901
4.21896
4.21891
4.21886
4.21882
4.21879
4.21876
4.21875
4.21874
4.21874
4.21874
4.21876
4.21877
4.21879
4.21881
4.21884
4.21886
4.21888
4.21891
4.21892
4.21894
4.21895
4.21896
4.21896
4.21896
4.21896
4.21895
4.21894
4.21892
4.21891
4.21888
4.21886
4.21884
4.21881
4.21879
4.21877
4.21876
4.21874
4.21874
4.21874
4.21875
4.21876
4.21879
4.21882
4.21886
4.21891
4.21896
4.21901
4.21906
4.21911
4.21916
4.21919
4.21922
4.21923
4.36512
4.36511
4.36508
4.36505
4.365
4.36496
4.3649
4.36485
4.3648
4.36476
4.36472
4.36469
4.36467
4.36465
4.36464
4.36464
4.36464
4.36466
4.36467
4.36469
4.36471
4.36473
4.36476
4.36478
4.3648
4.36482
4.36483
4.36484
4.36485
4.36486
4.36486
4.36485
4.36484
4.36483
4.36482
4.3648
4.36478
4.36476
4.36473
4.36471
4.36469
4.36467
4.36466
4.36464
4.36464
4.36464
4.36465
4.36467
4.36469
4.36472
4.36476
4.3648
4.36485
4.3649
4.36496
4.365
4.36505
4.36508
4.36511
4.36512
4.51538
4.51537
4.51535
4.51531
4.51527
4.51523
4.51518
4.51513
4.51508
4.51504
4.515
4.51497
4.51495
4.51493
4.51492
4.51492
4.51492
4.51493
4.51495
4.51497
4.51499
4.51501
4.51503
4.51505
4.51507
4.51509
4.5151
4.51511
4.51512
4.51513
4.51513
4.51512
4.51511
4.5151
4.51509
4.51507
4.51505
4.51503
4.51501
4.51499
4.51497
4.51495
4.51493
4.51492
4.51492
4.51492
4.51493
4.51495
4.51497
4.515
4.51504
4.51508
4.51513
4.51518
4.51523
4.51527
4.51531
4.51535
4.51537
4.51538
4.67016
4.67015
4.67012
4.67009
4.67005
4.67001
4.66996
4.66992
4.66987
4.66983
4.66979
4.66976
4.66974
4.66972
4.66971
4.66971
4.66971
4.66972
4.66974
4.66975
4.66977
4.66979
4.66981
4.66983
4.66985
4.66987
4.66989
4.6699
4.6699
4.66991
4.66991
4.6699
4.6699
4.66989
4.66987
4.66985
4.66983
4.66981
4.66979
4.66977
4.66975
4.66974
4.66972
4.66971
4.66971
4.66971
4.66972
4.66974
4.66976
4.66979
4.66983
4.66987
4.66992
4.66996
4.67001
4.67005
4.67009
4.67012
4.67015
4.67016
4.82958
4.82957
4.82955
4.82952
4.82948
4.82944
4.82939
4.82935
4.8293
4.82926
4.82923
4.8292
4.82918
4.82916
4.82915
4.82915
4.82915
4.82916
4.82917
4.82919
4.82921
4.82922
4.82924
4.82926
4.82928
4.8293
4.82931
4.82932
4.82933
4.82934
4.82934
4.82933
4.82932
4.82931
4.8293
4.82928
4.82926
4.82924
4.82922
4.82921
4.82919
4.82917
4.82916
4.82915
4.82915
4.82915
4.82916
4.82918
4.8292
4.82923
4.82926
4.8293
4.82935
4.82939
4.82944
4.82948
4.82952
4.82955
4.82957
4.82958
4.99378
4.99377
4.99375
4.99373
4.99369
4.99365
4.99361
4.99357
4.99352
4.99349
4.99345
4.99342
4.9934
4.99338
4.99337
4.99337
4.99337
4.99338
4.99339
4.99341
4.99342
4.99344
4.99346
4.99348
4.9935
4.99351
4.99353
4.99354
4.99355
4.99355
4.99355
4.99355
4.99354
4.99353
4.99351
4.9935
4.99348
4.99346
4.99344
4.99342
4.99341
4.99339
4.99338
4.99337
4.99337
4.99337
4.99338
4.9934
4.99342
4.99345
4.99349
4.99352
4.99357
4.99361
4.99365
4.99369
4.99373
4.99375
4.99377
4.99378
5.16292
5.16291
5.16289
5.16286
5.16283
5.16279
5.16275
5.16271
5.16267
5.16264
5.1626
5.16257
5.16255
5.16254
5.16253
5.16252
5.16253
5.16253
5.16254
5.16256
5.16257
5.16259
5.16261
5.16263
5.16264
5.16266
5.16267
5.16268
5.16269
5.16269
5.16269
5.16269
5.16268
5.16267
5.16266
5.16264
5.16263
5.16261
5.16259
5.16257
5.16256
5.16254
5.16253
5.16253
5.16252
5.16253
5.16254
5.16255
5.16257
5.1626
5.16264
5.16267
5.16271
5.16275
5.16279
5.16283
5.16286
5.16289
5.16291
5.16292
5.33713
5.33712
5.3371
5.33708
5.33705
5.33701
5.33697
5.33694
5.3369
5.33686
5.33683
5.3368
5.33678
5.33677
5.33676
5.33675
5.33676
5.33676
5.33677
5.33678
5.3368
5.33682
5.33683
5.33685
5.33687
5.33688
5.33689
5.3369
5.33691
5.33691
5.33691
5.33691
5.3369
5.33689
5.33688
5.33687
5.33685
5.33683
5.33682
5.3368
5.33678
5.33677
5.33676
5.33676
5.33675
5.33676
5.33677
5.33678
5.3368
5.33683
5.33686
5.3369
5.33694
5.33697
5.33701
5.33705
5.33708
5.3371
5.33712
5.33713
5.51657
5.51656
5.51655
5.51652
5.51649
5.51646
5.51643
5.51639
5.51635
5.51632
5.51629
5.51626
5.51624
5.51623
5.51622
5.51621
5.51622
5.51622
5.51623
5.51624
5.51626
5.51627
5.51629
5.5163
5.51632
5.51633
5.51634
5.51635
5.51636
5.51636
5.51636
5.51636
5.51635
5.51634
5.51633
5.51632
5.5163
5.51629
5.51627
5.51626
5.51624
5.51623
5.51622
5.51622
5.51621
5.51622
5.51623
5.51624
5.51626
5.51629
5.51632
5.51635
5.51639
5.51643
5.51646
5.51649
5.51652
5.51655
5.51656
5.51657
5.7014
5.70139
5.70138
5.70135
5.70133
5.7013
5.70126
5.70123
5.7012
5.70116
5.70113
5.70111
5.70109
5.70108
5.70107
5.70106
5.70106
5.70107
5.70107
5.70109
5.7011
5.70111
5.70113
5.70114
5.70116
5.70117
5.70118
5.70119
5.70119
5.7012
5.7012
5.70119
5.70119
5.70118
5.70117
5.70116
5.70114
5.70113
5.70111
5.7011
5.70109
5.70107
5.70107
5.70106
5.70106
5.70107
5.70108
5.70109
5.70111
5.70113
5.70116
5.7012
5.70123
5.70126
5.7013
5.70133
5.70135
5.70138
5.70139
5.7014
5.89177
5.89177
5.89175
5.89173
5.89171
5.89168
5.89165
5.89162
5.89158
5.89156
5.89153
5.8915
5.89149
5.89147
5.89146
5.89146
5.89146
5.89146
5.89147
5.89148
5.89149
5.8915
5.89152
5.89153
5.89154
5.89156
5.89157
5.89157
5.89158
5.89158
5.89158
5.89158
5.89157
5.89157
5.89156
5.89154
5.89153
5.89152
5.8915
5.89149
5.89148
5.89147
5.89146
5.89146
5.89146
5.89146
5.89147
5.89149
5.8915
5.89153
5.89156
5.89158
5.89162
5.89165
5.89168
5.89171
5.89173
5.89175
5.89177
5.89177
6.08787
6.08786
6.08785
6.08783
6.0878
6.08778
6.08775
6.08772
6.08769
6.08766
6.08764
6.08761
6.0876
6.08758
6.08757
6.08757
6.08757
6.08757
6.08758
6.08759
6.0876
6.08761
6.08762
6.08764
6.08765
6.08766
6.08767
6.08768
6.08768
6.08768
6.08768
6.08768
6.08768
6.08767
6.08766
6.08765
6.08764
6.08762
6.08761
6.0876
6.08759
6.08758
6.08757
6.08757
6.08757
6.08757
6.08758
6.0876
6.08761
6.08764
6.08766
6.08769
6.08772
6.08775
6.08778
6.0878
6.08783
6.08785
6.08786
6.08787
6.28984
6.28984
6.28982
6.28981
6.28979
6.28976
6.28973
6.28971
6.28968
6.28965
6.28963
6.28961
6.28959
6.28958
6.28957
6.28957
6.28956
6.28957
6.28957
6.28958
6.28959
6.2896
6.28961
6.28963
6.28964
6.28965
6.28966
6.28966
6.28967
6.28967
6.28967
6.28967
6.28966
6.28966
6.28965
6.28964
6.28963
6.28961
6.2896
6.28959
6.28958
6.28957
6.28957
6.28956
6.28957
6.28957
6.28958
6.28959
6.28961
6.28963
6.28965
6.28968
6.28971
6.28973
6.28976
6.28979
6.28981
6.28982
6.28984
6.28984
6.49788
6.49788
6.49787
6.49785
6.49783
6.49781
6.49778
6.49776
6.49773
6.49771
6.49769
6.49767
6.49765
6.49764
6.49763
6.49763
6.49762
6.49763
6.49763
6.49764
6.49765
6.49766
6.49767
6.49768
6.49769
6.4977
6.49771
6.49771
6.49772
6.49772
6.49772
6.49772
6.49771
6.49771
6.4977
6.49769
6.49768
6.49767
6.49766
6.49765
6.49764
6.49763
6.49763
6.49762
6.49763
6.49763
6.49764
6.49765
6.49767
6.49769
6.49771
6.49773
6.49776
6.49778
6.49781
6.49783
6.49785
6.49787
6.49788
6.49788
6.71217
6.71216
6.71215
6.71214
6.71212
6.7121
6.71208
6.71205
6.71203
6.71201
6.71199
6.71197
6.71196
6.71194
6.71194
6.71193
6.71193
6.71193
6.71194
6.71194
6.71195
6.71196
6.71197
6.71198
6.71199
6.712
6.712
6.71201
6.71201
6.71202
6.71202
6.71201
6.71201
6.712
6.712
6.71199
6.71198
6.71197
6.71196
6.71195
6.71194
6.71194
6.71193
6.71193
6.71193
6.71194
6.71194
6.71196
6.71197
6.71199
6.71201
6.71203
6.71205
6.71208
6.7121
6.71212
6.71214
6.71215
6.71216
6.71217
6.93289
6.93288
6.93287
6.93286
6.93284
6.93282
6.9328
6.93278
6.93276
6.93274
6.93272
6.93271
6.93269
6.93268
6.93267
6.93267
6.93267
6.93267
6.93267
6.93268
6.93269
6.93269
6.9327
6.93271
6.93272
6.93273
6.93273
6.93274
6.93274
6.93275
6.93275
6.93274
6.93274
6.93273
6.93273
6.93272
6.93271
6.9327
6.93269
6.93269
6.93268
6.93267
6.93267
6.93267
6.93267
6.93267
6.93268
6.93269
6.93271
6.93272
6.93274
6.93276
6.93278
6.9328
6.93282
6.93284
6.93286
6.93287
6.93288
6.93289
7.16023
7.16023
7.16022
7.16021
7.16019
7.16017
7.16016
7.16014
7.16012
7.1601
7.16008
7.16007
7.16006
7.16005
7.16004
7.16003
7.16003
7.16003
7.16004
7.16004
7.16005
7.16005
7.16006
7.16007
7.16008
7.16008
7.16009
7.1601
7.1601
7.1601
7.1601
7.1601
7.1601
7.16009
7.16008
7.16008
7.16007
7.16006
7.16005
7.16005
7.16004
7.16004
7.16003
7.16003
7.16003
7.16004
7.16005
7.16006
7.16007
7.16008
7.1601
7.16012
7.16014
7.16016
7.16017
7.16019
7.16021
7.16022
7.16023
7.16023
7.3944
7.39439
7.39439
7.39438
7.39436
7.39435
7.39433
7.39432
7.3943
7.39428
7.39427
7.39425
7.39424
7.39423
7.39423
7.39422
7.39422
7.39422
7.39422
7.39423
7.39423
7.39424
7.39425
7.39425
7.39426
7.39427
7.39427
7.39428
7.39428
7.39428
7.39428
7.39428
7.39428
7.39427
7.39427
7.39426
7.39425
7.39425
7.39424
7.39423
7.39423
7.39422
7.39422
7.39422
7.39422
7.39423
7.39423
7.39424
7.39425
7.39427
7.39428
7.3943
7.39432
7.39433
7.39435
7.39436
7.39438
7.39439
7.39439
7.3944
7.6356
7.63559
7.63559
7.63558
7.63557
7.63555
7.63554
7.63552
7.63551
7.63549
7.63548
7.63547
7.63546
7.63545
7.63544
7.63544
7.63544
7.63544
7.63544
7.63544
7.63545
7.63545
7.63546
7.63547
7.63547
7.63548
7.63548
7.63549
7.63549
7.63549
7.63549
7.63549
7.63549
7.63548
7.63548
7.63547
7.63547
7.63546
7.63545
7.63545
7.63544
7.63544
7.63544
7.63544
7.63544
7.63544
7.63545
7.63546
7.63547
7.63548
7.63549
7.63551
7.63552
7.63554
7.63555
7.63557
7.63558
7.63559
7.63559
7.6356
7.88403
7.88403
7.88403
7.88402
7.88401
7.884
7.88398
7.88397
7.88396
7.88395
7.88393
7.88392
7.88391
7.88391
7.8839
7.8839
7.8839
7.8839
7.8839
7.8839
7.8839
7.88391
7.88391
7.88392
7.88392
7.88393
7.88393
7.88394
7.88394
7.88394
7.88394
7.88394
7.88394
7.88393
7.88393
7.88392
7.88392
7.88391
7.88391
7.8839
7.8839
7.8839
7.8839
7.8839
7.8839
7.8839
7.88391
7.88391
7.88392
7.88393
7.88395
7.88396
7.88397
7.88398
7.884
7.88401
7.88402
7.88403
7.88403
7.88403
8.13993
8.13993
8.13992
8.13992
8.13991
8.1399
8.13989
8.13988
8.13987
8.13986
8.13984
8.13984
8.13983
8.13982
8.13982
8.13981
8.13981
8.13981
8.13981
8.13982
8.13982
8.13982
8.13983
8.13983
8.13984
8.13984
8.13984
8.13985
8.13985
8.13985
8.13985
8.13985
8.13985
8.13984
8.13984
8.13984
8.13983
8.13983
8.13982
8.13982
8.13982
8.13981
8.13981
8.13981
8.13981
8.13982
8.13982
8.13983
8.13984
8.13984
8.13986
8.13987
8.13988
8.13989
8.1399
8.13991
8.13992
8.13992
8.13993
8.13993
8.40351
8.40351
8.4035
8.4035
8.40349
8.40348
8.40347
8.40346
8.40346
8.40345
8.40344
8.40343
8.40342
8.40342
8.40341
8.40341
8.40341
8.40341
8.40341
8.40341
8.40341
8.40342
8.40342
8.40343
8.40343
8.40343
8.40343
8.40344
8.40344
8.40344
8.40344
8.40344
8.40344
8.40343
8.40343
8.40343
8.40343
8.40342
8.40342
8.40341
8.40341
8.40341
8.40341
8.40341
8.40341
8.40341
8.40342
8.40342
8.40343
8.40344
8.40345
8.40346
8.40346
8.40347
8.40348
8.40349
8.4035
8.4035
8.40351
8.40351
8.675
8.675
8.675
8.67499
8.67499
8.67498
8.67497
8.67496
8.67496
8.67495
8.67494
8.67494
8.67493
8.67493
8.67492
8.67492
8.67492
8.67492
8.67492
8.67492
8.67492
8.67493
8.67493
8.67493
8.67493
8.67494
8.67494
8.67494
8.67494
8.67494
8.67494
8.67494
8.67494
8.67494
8.67494
8.67493
8.67493
8.67493
8.67493
8.67492
8.67492
8.67492
8.67492
8.67492
8.67492
8.67492
8.67493
8.67493
8.67494
8.67494
8.67495
8.67496
8.67496
8.67497
8.67498
8.67499
8.67499
8.675
8.675
8.675
8.95464
8.95464
8.95464
8.95463
8.95463
8.95462
8.95462
8.95461
8.95461
8.9546
8.9546
8.95459
8.95459
8.95458
8.95458
8.95458
8.95458
8.95458
8.95458
8.95458
8.95458
8.95458
8.95458
8.95459
8.95459
8.95459
8.95459
8.95459
8.9546
8.9546
8.9546
8.9546
8.95459
8.95459
8.95459
8.95459
8.95459
8.95458
8.95458
8.95458
8.95458
8.95458
8.95458
8.95458
8.95458
8.95458
8.95458
8.95459
8.95459
8.9546
8.9546
8.95461
8.95461
8.95462
8.95462
8.95463
8.95463
8.95464
8.95464
8.95464
9.24268
9.24268
9.24267
9.24267
9.24267
9.24266
9.24266
9.24266
9.24265
9.24265
9.24264
9.24264
9.24264
9.24264
9.24263
9.24263
9.24263
9.24263
9.24263
9.24263
9.24263
9.24263
9.24264
9.24264
9.24264
9.24264
9.24264
9.24264
9.24264
9.24264
9.24264
9.24264
9.24264
9.24264
9.24264
9.24264
9.24264
9.24264
9.24263
9.24263
9.24263
9.24263
9.24263
9.24263
9.24263
9.24263
9.24264
9.24264
9.24264
9.24264
9.24265
9.24265
9.24266
9.24266
9.24266
9.24267
9.24267
9.24267
9.24268
9.24268
9.53936
9.53936
9.53936
9.53936
9.53935
9.53935
9.53935
9.53935
9.53934
9.53934
9.53934
9.53934
9.53934
9.53933
9.53933
9.53933
9.53933
9.53933
9.53933
9.53933
9.53933
9.53933
9.53933
9.53933
9.53934
9.53934
9.53934
9.53934
9.53934
9.53934
9.53934
9.53934
9.53934
9.53934
9.53934
9.53934
9.53933
9.53933
9.53933
9.53933
9.53933
9.53933
9.53933
9.53933
9.53933
9.53933
9.53933
9.53934
9.53934
9.53934
9.53934
9.53934
9.53935
9.53935
9.53935
9.53935
9.53936
9.53936
9.53936
9.53936
9.84495
9.84495
9.84495
9.84494
9.84494
9.84494
9.84494
9.84494
9.84494
9.84494
9.84494
9.84494
9.84494
9.84494
9.84494
9.84494
9.84494
9.84494
9.84494
9.84494
9.84494
9.84494
9.84494
9.84494
9.84494
9.84494
9.84494
9.84494
9.84494
9.84494
9.84494
9.84494
9.84494
9.84494
9.84494
9.84494
9.84494
9.84494
9.84494
9.84494
9.84494
9.84494
9.84494
9.84494
9.84494
9.84494
9.84494
9.84494
9.84494
9.84494
9.84494
9.84494
9.84494
9.84494
9.84494
9.84494
9.84494
9.84495
9.84495
9.84495
)
;

boundaryField
{
    top
    {
        type            fixedValue;
        value           uniform 10;
    }
    bottom
    {
        type            fixedIonicFlux;
        value           nonuniform List<scalar> 
60
(
1.78675e-10
1.78668e-10
1.78656e-10
1.78641e-10
1.78628e-10
1.78616e-10
1.78606e-10
1.78599e-10
1.78594e-10
1.78591e-10
1.7859e-10
1.78589e-10
1.7859e-10
1.78592e-10
1.78593e-10
1.78596e-10
1.78598e-10
1.78601e-10
1.78604e-10
1.78607e-10
1.78609e-10
1.78612e-10
1.78614e-10
1.78616e-10
1.78618e-10
1.7862e-10
1.78621e-10
1.78622e-10
1.78622e-10
1.78623e-10
1.78623e-10
1.78622e-10
1.78622e-10
1.78621e-10
1.7862e-10
1.78618e-10
1.78616e-10
1.78614e-10
1.78612e-10
1.78609e-10
1.78607e-10
1.78604e-10
1.78601e-10
1.78598e-10
1.78596e-10
1.78593e-10
1.78592e-10
1.7859e-10
1.78589e-10
1.7859e-10
1.78591e-10
1.78594e-10
1.78599e-10
1.78606e-10
1.78616e-10
1.78628e-10
1.78641e-10
1.78656e-10
1.78668e-10
1.78675e-10
)
;
    }
    wall
    {
        type            zeroGradient;
    }
    frontAndBack
    {
        type            empty;
    }
}


// ************************************************************************* //
