/*--------------------------------*- C++ -*----------------------------------*\
| =========                 |                                                 |
| \\      /  F ield         | foam-extend: Open Source CFD                    |
|  \\    /   O peration     | Version:     4.0                                |
|   \\  /    A nd           | Web:         http://www.foam-extend.org         |
|    \\/     M anipulation  |                                                 |
\*---------------------------------------------------------------------------*/
FoamFile
{
    version     2.0;
    format      ascii;
    class       volScalarField;
    location    "1990";
    object      cMinus;
}
// * * * * * * * * * * * * * * * * * * * * * * * * * * * * * * * * * * * * * //

dimensions      [0 0 0 0 0 0 0];

internalField   nonuniform List<scalar> 
6960
(
7.46158e-24
7.4622e-24
7.46239e-24
7.46249e-24
7.46258e-24
7.46265e-24
7.46273e-24
7.46281e-24
7.46289e-24
7.46297e-24
7.46305e-24
7.46313e-24
7.46322e-24
7.4633e-24
7.46337e-24
7.46345e-24
7.46352e-24
7.46359e-24
7.46366e-24
7.46372e-24
7.46377e-24
7.46382e-24
7.46387e-24
7.46391e-24
7.46394e-24
7.46397e-24
7.46399e-24
7.46401e-24
7.46402e-24
7.46403e-24
7.46403e-24
7.46402e-24
7.46401e-24
7.46399e-24
7.46397e-24
7.46394e-24
7.46391e-24
7.46387e-24
7.46382e-24
7.46377e-24
7.46372e-24
7.46366e-24
7.46359e-24
7.46352e-24
7.46345e-24
7.46337e-24
7.4633e-24
7.46322e-24
7.46313e-24
7.46305e-24
7.46297e-24
7.46289e-24
7.46281e-24
7.46273e-24
7.46265e-24
7.46258e-24
7.46249e-24
7.46239e-24
7.4622e-24
7.46158e-24
2.03907e-23
2.03924e-23
2.0393e-23
2.03933e-23
2.03936e-23
2.03939e-23
2.03942e-23
2.03945e-23
2.03948e-23
2.03951e-23
2.03954e-23
2.03956e-23
2.03959e-23
2.03962e-23
2.03965e-23
2.03967e-23
2.03969e-23
2.03972e-23
2.03974e-23
2.03976e-23
2.03978e-23
2.03979e-23
2.03981e-23
2.03982e-23
2.03983e-23
2.03984e-23
2.03985e-23
2.03985e-23
2.03986e-23
2.03986e-23
2.03986e-23
2.03986e-23
2.03985e-23
2.03985e-23
2.03984e-23
2.03983e-23
2.03982e-23
2.03981e-23
2.03979e-23
2.03978e-23
2.03976e-23
2.03974e-23
2.03972e-23
2.03969e-23
2.03967e-23
2.03965e-23
2.03962e-23
2.03959e-23
2.03956e-23
2.03954e-23
2.03951e-23
2.03948e-23
2.03945e-23
2.03942e-23
2.03939e-23
2.03936e-23
2.03933e-23
2.0393e-23
2.03924e-23
2.03907e-23
4.81867e-23
4.81909e-23
4.81925e-23
4.81936e-23
4.81946e-23
4.81955e-23
4.81964e-23
4.81973e-23
4.81982e-23
4.81991e-23
4.81999e-23
4.82008e-23
4.82016e-23
4.82024e-23
4.82032e-23
4.82039e-23
4.82046e-23
4.82052e-23
4.82058e-23
4.82064e-23
4.82069e-23
4.82074e-23
4.82078e-23
4.82082e-23
4.82085e-23
4.82087e-23
4.8209e-23
4.82091e-23
4.82092e-23
4.82093e-23
4.82093e-23
4.82092e-23
4.82091e-23
4.8209e-23
4.82087e-23
4.82085e-23
4.82082e-23
4.82078e-23
4.82074e-23
4.82069e-23
4.82064e-23
4.82058e-23
4.82052e-23
4.82046e-23
4.82039e-23
4.82032e-23
4.82024e-23
4.82016e-23
4.82008e-23
4.81999e-23
4.81991e-23
4.81982e-23
4.81973e-23
4.81964e-23
4.81955e-23
4.81946e-23
4.81936e-23
4.81925e-23
4.81909e-23
4.81867e-23
1.08285e-22
1.08295e-22
1.08299e-22
1.08302e-22
1.08305e-22
1.08308e-22
1.0831e-22
1.08313e-22
1.08316e-22
1.08318e-22
1.0832e-22
1.08323e-22
1.08325e-22
1.08327e-22
1.08329e-22
1.08331e-22
1.08333e-22
1.08335e-22
1.08337e-22
1.08338e-22
1.0834e-22
1.08341e-22
1.08342e-22
1.08343e-22
1.08344e-22
1.08344e-22
1.08345e-22
1.08345e-22
1.08346e-22
1.08346e-22
1.08346e-22
1.08346e-22
1.08345e-22
1.08345e-22
1.08344e-22
1.08344e-22
1.08343e-22
1.08342e-22
1.08341e-22
1.0834e-22
1.08338e-22
1.08337e-22
1.08335e-22
1.08333e-22
1.08331e-22
1.08329e-22
1.08327e-22
1.08325e-22
1.08323e-22
1.0832e-22
1.08318e-22
1.08316e-22
1.08313e-22
1.0831e-22
1.08308e-22
1.08305e-22
1.08302e-22
1.08299e-22
1.08295e-22
1.08285e-22
2.40355e-22
2.40378e-22
2.40389e-22
2.40398e-22
2.40405e-22
2.40413e-22
2.4042e-22
2.40427e-22
2.40434e-22
2.40441e-22
2.40448e-22
2.40454e-22
2.40461e-22
2.40466e-22
2.40472e-22
2.40477e-22
2.40482e-22
2.40487e-22
2.40491e-22
2.40495e-22
2.40499e-22
2.40502e-22
2.40505e-22
2.40508e-22
2.4051e-22
2.40512e-22
2.40513e-22
2.40514e-22
2.40515e-22
2.40515e-22
2.40515e-22
2.40515e-22
2.40514e-22
2.40513e-22
2.40512e-22
2.4051e-22
2.40508e-22
2.40505e-22
2.40502e-22
2.40499e-22
2.40495e-22
2.40491e-22
2.40487e-22
2.40482e-22
2.40477e-22
2.40472e-22
2.40466e-22
2.40461e-22
2.40454e-22
2.40448e-22
2.40441e-22
2.40434e-22
2.40427e-22
2.4042e-22
2.40413e-22
2.40405e-22
2.40398e-22
2.40389e-22
2.40378e-22
2.40355e-22
5.36161e-22
5.36216e-22
5.36243e-22
5.36266e-22
5.36287e-22
5.36308e-22
5.36328e-22
5.36347e-22
5.36366e-22
5.36384e-22
5.36402e-22
5.36419e-22
5.36436e-22
5.36451e-22
5.36466e-22
5.3648e-22
5.36493e-22
5.36505e-22
5.36517e-22
5.36527e-22
5.36536e-22
5.36545e-22
5.36553e-22
5.36559e-22
5.36565e-22
5.3657e-22
5.36574e-22
5.36576e-22
5.36578e-22
5.36579e-22
5.36579e-22
5.36578e-22
5.36576e-22
5.36574e-22
5.3657e-22
5.36565e-22
5.36559e-22
5.36553e-22
5.36545e-22
5.36536e-22
5.36527e-22
5.36517e-22
5.36505e-22
5.36493e-22
5.3648e-22
5.36466e-22
5.36451e-22
5.36436e-22
5.36419e-22
5.36402e-22
5.36384e-22
5.36366e-22
5.36347e-22
5.36328e-22
5.36308e-22
5.36287e-22
5.36266e-22
5.36243e-22
5.36216e-22
5.36161e-22
1.21202e-21
1.21216e-21
1.21223e-21
1.21229e-21
1.21234e-21
1.2124e-21
1.21245e-21
1.2125e-21
1.21255e-21
1.2126e-21
1.21265e-21
1.2127e-21
1.21274e-21
1.21278e-21
1.21282e-21
1.21286e-21
1.21289e-21
1.21292e-21
1.21295e-21
1.21298e-21
1.213e-21
1.21303e-21
1.21305e-21
1.21306e-21
1.21308e-21
1.21309e-21
1.2131e-21
1.21311e-21
1.21311e-21
1.21311e-21
1.21311e-21
1.21311e-21
1.21311e-21
1.2131e-21
1.21309e-21
1.21308e-21
1.21306e-21
1.21305e-21
1.21303e-21
1.213e-21
1.21298e-21
1.21295e-21
1.21292e-21
1.21289e-21
1.21286e-21
1.21282e-21
1.21278e-21
1.21274e-21
1.2127e-21
1.21265e-21
1.2126e-21
1.21255e-21
1.2125e-21
1.21245e-21
1.2124e-21
1.21234e-21
1.21229e-21
1.21223e-21
1.21216e-21
1.21202e-21
2.78805e-21
2.78837e-21
2.78856e-21
2.78871e-21
2.78887e-21
2.78902e-21
2.78916e-21
2.7893e-21
2.78943e-21
2.78956e-21
2.78969e-21
2.78981e-21
2.78992e-21
2.79003e-21
2.79013e-21
2.79023e-21
2.79032e-21
2.7904e-21
2.79048e-21
2.79055e-21
2.79062e-21
2.79068e-21
2.79073e-21
2.79077e-21
2.79081e-21
2.79084e-21
2.79087e-21
2.79089e-21
2.7909e-21
2.79091e-21
2.79091e-21
2.7909e-21
2.79089e-21
2.79087e-21
2.79084e-21
2.79081e-21
2.79077e-21
2.79073e-21
2.79068e-21
2.79062e-21
2.79055e-21
2.79048e-21
2.7904e-21
2.79032e-21
2.79023e-21
2.79013e-21
2.79003e-21
2.78992e-21
2.78981e-21
2.78969e-21
2.78956e-21
2.78943e-21
2.7893e-21
2.78916e-21
2.78902e-21
2.78887e-21
2.78871e-21
2.78856e-21
2.78837e-21
2.78805e-21
6.54023e-21
6.54102e-21
6.5415e-21
6.54192e-21
6.54233e-21
6.54273e-21
6.54312e-21
6.54349e-21
6.54386e-21
6.5442e-21
6.54454e-21
6.54486e-21
6.54516e-21
6.54545e-21
6.54572e-21
6.54598e-21
6.54621e-21
6.54644e-21
6.54664e-21
6.54683e-21
6.547e-21
6.54715e-21
6.54729e-21
6.54741e-21
6.54751e-21
6.54759e-21
6.54766e-21
6.54771e-21
6.54775e-21
6.54776e-21
6.54776e-21
6.54775e-21
6.54771e-21
6.54766e-21
6.54759e-21
6.54751e-21
6.54741e-21
6.54729e-21
6.54715e-21
6.547e-21
6.54683e-21
6.54664e-21
6.54644e-21
6.54621e-21
6.54598e-21
6.54572e-21
6.54545e-21
6.54516e-21
6.54486e-21
6.54454e-21
6.5442e-21
6.54386e-21
6.54349e-21
6.54312e-21
6.54273e-21
6.54233e-21
6.54192e-21
6.5415e-21
6.54102e-21
6.54023e-21
1.56638e-20
1.56658e-20
1.5667e-20
1.56682e-20
1.56693e-20
1.56704e-20
1.56714e-20
1.56724e-20
1.56734e-20
1.56743e-20
1.56752e-20
1.56761e-20
1.56769e-20
1.56777e-20
1.56784e-20
1.56791e-20
1.56797e-20
1.56803e-20
1.56809e-20
1.56814e-20
1.56818e-20
1.56822e-20
1.56826e-20
1.56829e-20
1.56832e-20
1.56834e-20
1.56836e-20
1.56837e-20
1.56838e-20
1.56839e-20
1.56839e-20
1.56838e-20
1.56837e-20
1.56836e-20
1.56834e-20
1.56832e-20
1.56829e-20
1.56826e-20
1.56822e-20
1.56818e-20
1.56814e-20
1.56809e-20
1.56803e-20
1.56797e-20
1.56791e-20
1.56784e-20
1.56777e-20
1.56769e-20
1.56761e-20
1.56752e-20
1.56743e-20
1.56734e-20
1.56724e-20
1.56714e-20
1.56704e-20
1.56693e-20
1.56682e-20
1.5667e-20
1.56658e-20
1.56638e-20
3.83281e-20
3.83332e-20
3.83365e-20
3.83397e-20
3.83427e-20
3.83457e-20
3.83485e-20
3.83513e-20
3.8354e-20
3.83565e-20
3.8359e-20
3.83613e-20
3.83635e-20
3.83656e-20
3.83676e-20
3.83694e-20
3.83712e-20
3.83728e-20
3.83743e-20
3.83756e-20
3.83768e-20
3.83779e-20
3.83789e-20
3.83798e-20
3.83805e-20
3.83811e-20
3.83816e-20
3.8382e-20
3.83822e-20
3.83823e-20
3.83823e-20
3.83822e-20
3.8382e-20
3.83816e-20
3.83811e-20
3.83805e-20
3.83798e-20
3.83789e-20
3.83779e-20
3.83768e-20
3.83756e-20
3.83743e-20
3.83728e-20
3.83712e-20
3.83694e-20
3.83676e-20
3.83656e-20
3.83635e-20
3.83613e-20
3.8359e-20
3.83565e-20
3.8354e-20
3.83513e-20
3.83485e-20
3.83457e-20
3.83427e-20
3.83397e-20
3.83365e-20
3.83332e-20
3.83281e-20
9.58652e-20
9.58785e-20
9.58877e-20
9.58963e-20
9.59047e-20
9.59129e-20
9.59208e-20
9.59285e-20
9.59359e-20
9.5943e-20
9.59498e-20
9.59562e-20
9.59623e-20
9.59681e-20
9.59735e-20
9.59786e-20
9.59833e-20
9.59877e-20
9.59918e-20
9.59955e-20
9.59989e-20
9.60019e-20
9.60046e-20
9.60069e-20
9.60089e-20
9.60106e-20
9.60119e-20
9.60129e-20
9.60136e-20
9.60139e-20
9.60139e-20
9.60136e-20
9.60129e-20
9.60119e-20
9.60106e-20
9.60089e-20
9.60069e-20
9.60046e-20
9.60019e-20
9.59989e-20
9.59955e-20
9.59918e-20
9.59877e-20
9.59833e-20
9.59786e-20
9.59735e-20
9.59681e-20
9.59623e-20
9.59562e-20
9.59498e-20
9.5943e-20
9.59359e-20
9.59285e-20
9.59208e-20
9.59129e-20
9.59047e-20
9.58963e-20
9.58877e-20
9.58785e-20
9.58652e-20
2.45178e-19
2.45214e-19
2.45239e-19
2.45263e-19
2.45287e-19
2.4531e-19
2.45332e-19
2.45354e-19
2.45374e-19
2.45394e-19
2.45413e-19
2.45431e-19
2.45448e-19
2.45464e-19
2.4548e-19
2.45494e-19
2.45507e-19
2.45519e-19
2.45531e-19
2.45541e-19
2.4555e-19
2.45559e-19
2.45566e-19
2.45573e-19
2.45578e-19
2.45583e-19
2.45587e-19
2.45589e-19
2.45591e-19
2.45592e-19
2.45592e-19
2.45591e-19
2.45589e-19
2.45587e-19
2.45583e-19
2.45578e-19
2.45573e-19
2.45566e-19
2.45559e-19
2.4555e-19
2.45541e-19
2.45531e-19
2.45519e-19
2.45507e-19
2.45494e-19
2.4548e-19
2.45464e-19
2.45448e-19
2.45431e-19
2.45413e-19
2.45394e-19
2.45374e-19
2.45354e-19
2.45332e-19
2.4531e-19
2.45287e-19
2.45263e-19
2.45239e-19
2.45214e-19
2.45178e-19
6.41356e-19
6.41453e-19
6.41524e-19
6.41593e-19
6.41661e-19
6.41727e-19
6.4179e-19
6.41852e-19
6.41911e-19
6.41968e-19
6.42022e-19
6.42073e-19
6.42122e-19
6.42168e-19
6.42211e-19
6.42251e-19
6.42289e-19
6.42323e-19
6.42355e-19
6.42385e-19
6.42411e-19
6.42435e-19
6.42456e-19
6.42475e-19
6.42491e-19
6.42504e-19
6.42514e-19
6.42522e-19
6.42527e-19
6.4253e-19
6.4253e-19
6.42527e-19
6.42522e-19
6.42514e-19
6.42504e-19
6.42491e-19
6.42475e-19
6.42456e-19
6.42435e-19
6.42411e-19
6.42385e-19
6.42355e-19
6.42323e-19
6.42289e-19
6.42251e-19
6.42211e-19
6.42168e-19
6.42122e-19
6.42073e-19
6.42022e-19
6.41968e-19
6.41911e-19
6.41852e-19
6.4179e-19
6.41727e-19
6.41661e-19
6.41593e-19
6.41524e-19
6.41453e-19
6.41356e-19
1.71637e-18
1.71663e-18
1.71684e-18
1.71704e-18
1.71723e-18
1.71743e-18
1.71761e-18
1.71779e-18
1.71796e-18
1.71813e-18
1.71828e-18
1.71843e-18
1.71857e-18
1.71871e-18
1.71883e-18
1.71895e-18
1.71906e-18
1.71916e-18
1.71925e-18
1.71933e-18
1.71941e-18
1.71948e-18
1.71954e-18
1.71959e-18
1.71964e-18
1.71968e-18
1.71971e-18
1.71973e-18
1.71974e-18
1.71975e-18
1.71975e-18
1.71974e-18
1.71973e-18
1.71971e-18
1.71968e-18
1.71964e-18
1.71959e-18
1.71954e-18
1.71948e-18
1.71941e-18
1.71933e-18
1.71925e-18
1.71916e-18
1.71906e-18
1.71895e-18
1.71883e-18
1.71871e-18
1.71857e-18
1.71843e-18
1.71828e-18
1.71813e-18
1.71796e-18
1.71779e-18
1.71761e-18
1.71743e-18
1.71723e-18
1.71704e-18
1.71684e-18
1.71663e-18
1.71637e-18
4.69986e-18
4.70062e-18
4.70122e-18
4.70181e-18
4.70239e-18
4.70295e-18
4.7035e-18
4.70403e-18
4.70454e-18
4.70502e-18
4.70548e-18
4.70592e-18
4.70634e-18
4.70673e-18
4.7071e-18
4.70744e-18
4.70776e-18
4.70805e-18
4.70833e-18
4.70858e-18
4.7088e-18
4.709e-18
4.70918e-18
4.70934e-18
4.70947e-18
4.70958e-18
4.70967e-18
4.70974e-18
4.70978e-18
4.70981e-18
4.70981e-18
4.70978e-18
4.70974e-18
4.70967e-18
4.70958e-18
4.70947e-18
4.70934e-18
4.70918e-18
4.709e-18
4.7088e-18
4.70858e-18
4.70833e-18
4.70805e-18
4.70776e-18
4.70744e-18
4.7071e-18
4.70673e-18
4.70634e-18
4.70592e-18
4.70548e-18
4.70502e-18
4.70454e-18
4.70403e-18
4.7035e-18
4.70295e-18
4.70239e-18
4.70181e-18
4.70122e-18
4.70062e-18
4.69986e-18
1.31695e-17
1.31717e-17
1.31735e-17
1.31753e-17
1.3177e-17
1.31787e-17
1.31804e-17
1.3182e-17
1.31835e-17
1.31849e-17
1.31863e-17
1.31876e-17
1.31889e-17
1.31901e-17
1.31912e-17
1.31922e-17
1.31932e-17
1.3194e-17
1.31949e-17
1.31956e-17
1.31963e-17
1.31969e-17
1.31974e-17
1.31979e-17
1.31983e-17
1.31986e-17
1.31989e-17
1.31991e-17
1.31992e-17
1.31993e-17
1.31993e-17
1.31992e-17
1.31991e-17
1.31989e-17
1.31986e-17
1.31983e-17
1.31979e-17
1.31974e-17
1.31969e-17
1.31963e-17
1.31956e-17
1.31949e-17
1.3194e-17
1.31932e-17
1.31922e-17
1.31912e-17
1.31901e-17
1.31889e-17
1.31876e-17
1.31863e-17
1.31849e-17
1.31835e-17
1.3182e-17
1.31804e-17
1.31787e-17
1.3177e-17
1.31753e-17
1.31735e-17
1.31717e-17
1.31695e-17
3.77641e-17
3.77707e-17
3.77761e-17
3.77815e-17
3.77869e-17
3.77921e-17
3.77972e-17
3.78021e-17
3.78068e-17
3.78113e-17
3.78155e-17
3.78196e-17
3.78234e-17
3.7827e-17
3.78303e-17
3.78335e-17
3.78364e-17
3.78391e-17
3.78416e-17
3.78439e-17
3.7846e-17
3.78478e-17
3.78495e-17
3.78509e-17
3.78521e-17
3.78532e-17
3.7854e-17
3.78546e-17
3.7855e-17
3.78552e-17
3.78552e-17
3.7855e-17
3.78546e-17
3.7854e-17
3.78532e-17
3.78521e-17
3.78509e-17
3.78495e-17
3.78478e-17
3.7846e-17
3.78439e-17
3.78416e-17
3.78391e-17
3.78364e-17
3.78335e-17
3.78303e-17
3.7827e-17
3.78234e-17
3.78196e-17
3.78155e-17
3.78113e-17
3.78068e-17
3.78021e-17
3.77972e-17
3.77921e-17
3.77869e-17
3.77815e-17
3.77761e-17
3.77707e-17
3.77641e-17
1.10815e-16
1.10835e-16
1.10852e-16
1.10869e-16
1.10885e-16
1.10902e-16
1.10918e-16
1.10933e-16
1.10948e-16
1.10962e-16
1.10975e-16
1.10988e-16
1.10999e-16
1.11011e-16
1.11021e-16
1.11031e-16
1.1104e-16
1.11049e-16
1.11056e-16
1.11064e-16
1.1107e-16
1.11076e-16
1.11081e-16
1.11085e-16
1.11089e-16
1.11092e-16
1.11095e-16
1.11097e-16
1.11098e-16
1.11099e-16
1.11099e-16
1.11098e-16
1.11097e-16
1.11095e-16
1.11092e-16
1.11089e-16
1.11085e-16
1.11081e-16
1.11076e-16
1.1107e-16
1.11064e-16
1.11056e-16
1.11049e-16
1.1104e-16
1.11031e-16
1.11021e-16
1.11011e-16
1.10999e-16
1.10988e-16
1.10975e-16
1.10962e-16
1.10948e-16
1.10933e-16
1.10918e-16
1.10902e-16
1.10885e-16
1.10869e-16
1.10852e-16
1.10835e-16
1.10815e-16
3.32712e-16
3.32773e-16
3.32826e-16
3.3288e-16
3.32934e-16
3.32986e-16
3.33037e-16
3.33086e-16
3.33133e-16
3.33177e-16
3.3322e-16
3.3326e-16
3.33298e-16
3.33334e-16
3.33367e-16
3.33398e-16
3.33428e-16
3.33455e-16
3.33479e-16
3.33502e-16
3.33522e-16
3.33541e-16
3.33557e-16
3.33571e-16
3.33583e-16
3.33593e-16
3.33602e-16
3.33608e-16
3.33612e-16
3.33614e-16
3.33614e-16
3.33612e-16
3.33608e-16
3.33602e-16
3.33593e-16
3.33583e-16
3.33571e-16
3.33557e-16
3.33541e-16
3.33522e-16
3.33502e-16
3.33479e-16
3.33455e-16
3.33428e-16
3.33398e-16
3.33367e-16
3.33334e-16
3.33298e-16
3.3326e-16
3.3322e-16
3.33177e-16
3.33133e-16
3.33086e-16
3.33037e-16
3.32986e-16
3.32934e-16
3.3288e-16
3.32826e-16
3.32773e-16
3.32712e-16
1.02185e-15
1.02204e-15
1.02221e-15
1.02239e-15
1.02256e-15
1.02273e-15
1.0229e-15
1.02306e-15
1.02321e-15
1.02335e-15
1.02349e-15
1.02362e-15
1.02375e-15
1.02386e-15
1.02397e-15
1.02407e-15
1.02417e-15
1.02425e-15
1.02433e-15
1.02441e-15
1.02447e-15
1.02453e-15
1.02459e-15
1.02463e-15
1.02467e-15
1.02471e-15
1.02473e-15
1.02475e-15
1.02476e-15
1.02477e-15
1.02477e-15
1.02476e-15
1.02475e-15
1.02473e-15
1.02471e-15
1.02467e-15
1.02463e-15
1.02459e-15
1.02453e-15
1.02447e-15
1.02441e-15
1.02433e-15
1.02425e-15
1.02417e-15
1.02407e-15
1.02397e-15
1.02386e-15
1.02375e-15
1.02362e-15
1.02349e-15
1.02335e-15
1.02321e-15
1.02306e-15
1.0229e-15
1.02273e-15
1.02256e-15
1.02239e-15
1.02221e-15
1.02204e-15
1.02185e-15
3.20917e-15
3.2098e-15
3.21037e-15
3.21095e-15
3.21153e-15
3.2121e-15
3.21264e-15
3.21317e-15
3.21368e-15
3.21416e-15
3.21461e-15
3.21505e-15
3.21546e-15
3.21584e-15
3.2162e-15
3.21654e-15
3.21685e-15
3.21714e-15
3.21741e-15
3.21765e-15
3.21787e-15
3.21807e-15
3.21824e-15
3.21839e-15
3.21852e-15
3.21863e-15
3.21872e-15
3.21878e-15
3.21882e-15
3.21885e-15
3.21885e-15
3.21882e-15
3.21878e-15
3.21872e-15
3.21863e-15
3.21852e-15
3.21839e-15
3.21824e-15
3.21807e-15
3.21787e-15
3.21765e-15
3.21741e-15
3.21714e-15
3.21685e-15
3.21654e-15
3.2162e-15
3.21584e-15
3.21546e-15
3.21505e-15
3.21461e-15
3.21416e-15
3.21368e-15
3.21317e-15
3.21264e-15
3.2121e-15
3.21153e-15
3.21095e-15
3.21037e-15
3.2098e-15
3.20917e-15
1.03009e-14
1.03029e-14
1.03048e-14
1.03068e-14
1.03088e-14
1.03107e-14
1.03125e-14
1.03143e-14
1.0316e-14
1.03176e-14
1.03192e-14
1.03206e-14
1.0322e-14
1.03233e-14
1.03245e-14
1.03257e-14
1.03267e-14
1.03277e-14
1.03286e-14
1.03294e-14
1.03302e-14
1.03308e-14
1.03314e-14
1.03319e-14
1.03324e-14
1.03327e-14
1.0333e-14
1.03332e-14
1.03334e-14
1.03335e-14
1.03335e-14
1.03334e-14
1.03332e-14
1.0333e-14
1.03327e-14
1.03324e-14
1.03319e-14
1.03314e-14
1.03308e-14
1.03302e-14
1.03294e-14
1.03286e-14
1.03277e-14
1.03267e-14
1.03257e-14
1.03245e-14
1.03233e-14
1.0322e-14
1.03206e-14
1.03192e-14
1.03176e-14
1.0316e-14
1.03143e-14
1.03125e-14
1.03107e-14
1.03088e-14
1.03068e-14
1.03048e-14
1.03029e-14
1.03009e-14
3.37702e-14
3.37771e-14
3.37837e-14
3.37905e-14
3.37972e-14
3.38038e-14
3.38102e-14
3.38164e-14
3.38222e-14
3.38278e-14
3.38331e-14
3.38382e-14
3.38429e-14
3.38474e-14
3.38516e-14
3.38555e-14
3.38591e-14
3.38625e-14
3.38655e-14
3.38683e-14
3.38709e-14
3.38732e-14
3.38752e-14
3.3877e-14
3.38785e-14
3.38797e-14
3.38807e-14
3.38815e-14
3.3882e-14
3.38822e-14
3.38822e-14
3.3882e-14
3.38815e-14
3.38807e-14
3.38797e-14
3.38785e-14
3.3877e-14
3.38752e-14
3.38732e-14
3.38709e-14
3.38683e-14
3.38655e-14
3.38625e-14
3.38591e-14
3.38555e-14
3.38516e-14
3.38474e-14
3.38429e-14
3.38382e-14
3.38331e-14
3.38278e-14
3.38222e-14
3.38164e-14
3.38102e-14
3.38038e-14
3.37972e-14
3.37905e-14
3.37837e-14
3.37771e-14
3.37702e-14
1.1298e-13
1.13004e-13
1.13027e-13
1.13051e-13
1.13074e-13
1.13097e-13
1.1312e-13
1.13141e-13
1.13162e-13
1.13181e-13
1.132e-13
1.13218e-13
1.13234e-13
1.1325e-13
1.13264e-13
1.13278e-13
1.13291e-13
1.13303e-13
1.13313e-13
1.13323e-13
1.13332e-13
1.1334e-13
1.13347e-13
1.13353e-13
1.13359e-13
1.13363e-13
1.13366e-13
1.13369e-13
1.13371e-13
1.13372e-13
1.13372e-13
1.13371e-13
1.13369e-13
1.13366e-13
1.13363e-13
1.13359e-13
1.13353e-13
1.13347e-13
1.1334e-13
1.13332e-13
1.13323e-13
1.13313e-13
1.13303e-13
1.13291e-13
1.13278e-13
1.13264e-13
1.1325e-13
1.13234e-13
1.13218e-13
1.132e-13
1.13181e-13
1.13162e-13
1.13141e-13
1.1312e-13
1.13097e-13
1.13074e-13
1.13051e-13
1.13027e-13
1.13004e-13
1.1298e-13
3.85307e-13
3.8539e-13
3.85472e-13
3.85557e-13
3.85641e-13
3.85723e-13
3.85803e-13
3.8588e-13
3.85953e-13
3.86023e-13
3.86089e-13
3.86152e-13
3.86211e-13
3.86266e-13
3.86318e-13
3.86367e-13
3.86412e-13
3.86454e-13
3.86492e-13
3.86527e-13
3.86559e-13
3.86587e-13
3.86612e-13
3.86634e-13
3.86653e-13
3.86669e-13
3.86681e-13
3.8669e-13
3.86696e-13
3.867e-13
3.867e-13
3.86696e-13
3.8669e-13
3.86681e-13
3.86669e-13
3.86653e-13
3.86634e-13
3.86612e-13
3.86587e-13
3.86559e-13
3.86527e-13
3.86492e-13
3.86454e-13
3.86412e-13
3.86367e-13
3.86318e-13
3.86266e-13
3.86211e-13
3.86152e-13
3.86089e-13
3.86023e-13
3.85953e-13
3.8588e-13
3.85803e-13
3.85723e-13
3.85641e-13
3.85557e-13
3.85472e-13
3.8539e-13
3.85307e-13
1.33774e-12
1.33804e-12
1.33833e-12
1.33864e-12
1.33894e-12
1.33924e-12
1.33953e-12
1.33981e-12
1.34007e-12
1.34032e-12
1.34056e-12
1.34079e-12
1.341e-12
1.3412e-12
1.34139e-12
1.34157e-12
1.34173e-12
1.34188e-12
1.34202e-12
1.34215e-12
1.34226e-12
1.34236e-12
1.34245e-12
1.34253e-12
1.3426e-12
1.34266e-12
1.3427e-12
1.34273e-12
1.34276e-12
1.34277e-12
1.34277e-12
1.34276e-12
1.34273e-12
1.3427e-12
1.34266e-12
1.3426e-12
1.34253e-12
1.34245e-12
1.34236e-12
1.34226e-12
1.34215e-12
1.34202e-12
1.34188e-12
1.34173e-12
1.34157e-12
1.34139e-12
1.3412e-12
1.341e-12
1.34079e-12
1.34056e-12
1.34032e-12
1.34007e-12
1.33981e-12
1.33953e-12
1.33924e-12
1.33894e-12
1.33864e-12
1.33833e-12
1.33804e-12
1.33774e-12
4.72054e-12
4.72161e-12
4.72269e-12
4.72381e-12
4.72493e-12
4.72602e-12
4.72708e-12
4.72809e-12
4.72906e-12
4.72999e-12
4.73086e-12
4.73169e-12
4.73248e-12
4.73321e-12
4.7339e-12
4.73454e-12
4.73514e-12
4.73569e-12
4.7362e-12
4.73666e-12
4.73708e-12
4.73745e-12
4.73779e-12
4.73807e-12
4.73832e-12
4.73853e-12
4.73869e-12
4.73881e-12
4.73889e-12
4.73894e-12
4.73894e-12
4.73889e-12
4.73881e-12
4.73869e-12
4.73853e-12
4.73832e-12
4.73807e-12
4.73779e-12
4.73745e-12
4.73708e-12
4.73666e-12
4.7362e-12
4.73569e-12
4.73514e-12
4.73454e-12
4.7339e-12
4.73321e-12
4.73248e-12
4.73169e-12
4.73086e-12
4.72999e-12
4.72906e-12
4.72809e-12
4.72708e-12
4.72602e-12
4.72493e-12
4.72381e-12
4.72269e-12
4.72161e-12
4.72054e-12
1.68974e-11
1.69013e-11
1.69053e-11
1.69095e-11
1.69136e-11
1.69177e-11
1.69216e-11
1.69254e-11
1.6929e-11
1.69324e-11
1.69356e-11
1.69387e-11
1.69416e-11
1.69443e-11
1.69469e-11
1.69493e-11
1.69515e-11
1.69535e-11
1.69554e-11
1.69571e-11
1.69586e-11
1.696e-11
1.69613e-11
1.69623e-11
1.69632e-11
1.6964e-11
1.69646e-11
1.69651e-11
1.69654e-11
1.69655e-11
1.69655e-11
1.69654e-11
1.69651e-11
1.69646e-11
1.6964e-11
1.69632e-11
1.69623e-11
1.69613e-11
1.696e-11
1.69586e-11
1.69571e-11
1.69554e-11
1.69535e-11
1.69515e-11
1.69493e-11
1.69469e-11
1.69443e-11
1.69416e-11
1.69387e-11
1.69356e-11
1.69324e-11
1.6929e-11
1.69254e-11
1.69216e-11
1.69177e-11
1.69136e-11
1.69095e-11
1.69053e-11
1.69013e-11
1.68974e-11
6.12139e-11
6.12283e-11
6.12433e-11
6.12588e-11
6.12743e-11
6.12895e-11
6.13041e-11
6.13182e-11
6.13317e-11
6.13445e-11
6.13566e-11
6.13681e-11
6.13789e-11
6.13891e-11
6.13986e-11
6.14075e-11
6.14158e-11
6.14234e-11
6.14304e-11
6.14368e-11
6.14425e-11
6.14477e-11
6.14523e-11
6.14563e-11
6.14597e-11
6.14625e-11
6.14648e-11
6.14665e-11
6.14676e-11
6.14682e-11
6.14682e-11
6.14676e-11
6.14665e-11
6.14648e-11
6.14625e-11
6.14597e-11
6.14563e-11
6.14523e-11
6.14477e-11
6.14425e-11
6.14368e-11
6.14304e-11
6.14234e-11
6.14158e-11
6.14075e-11
6.13986e-11
6.13891e-11
6.13789e-11
6.13681e-11
6.13566e-11
6.13445e-11
6.13317e-11
6.13182e-11
6.13041e-11
6.12895e-11
6.12743e-11
6.12588e-11
6.12433e-11
6.12283e-11
6.12139e-11
2.23815e-10
2.23869e-10
2.23926e-10
2.23984e-10
2.24042e-10
2.24099e-10
2.24154e-10
2.24207e-10
2.24258e-10
2.24306e-10
2.24352e-10
2.24395e-10
2.24436e-10
2.24474e-10
2.2451e-10
2.24543e-10
2.24574e-10
2.24603e-10
2.24629e-10
2.24653e-10
2.24675e-10
2.24694e-10
2.24711e-10
2.24726e-10
2.24739e-10
2.2475e-10
2.24758e-10
2.24764e-10
2.24769e-10
2.24771e-10
2.24771e-10
2.24769e-10
2.24764e-10
2.24758e-10
2.2475e-10
2.24739e-10
2.24726e-10
2.24711e-10
2.24694e-10
2.24675e-10
2.24653e-10
2.24629e-10
2.24603e-10
2.24574e-10
2.24543e-10
2.2451e-10
2.24474e-10
2.24436e-10
2.24395e-10
2.24352e-10
2.24306e-10
2.24258e-10
2.24207e-10
2.24154e-10
2.24099e-10
2.24042e-10
2.23984e-10
2.23926e-10
2.23869e-10
2.23815e-10
8.23276e-10
8.23477e-10
8.2369e-10
8.2391e-10
8.2413e-10
8.24345e-10
8.24553e-10
8.24752e-10
8.24943e-10
8.25124e-10
8.25296e-10
8.25459e-10
8.25612e-10
8.25756e-10
8.25891e-10
8.26017e-10
8.26134e-10
8.26242e-10
8.2634e-10
8.26431e-10
8.26512e-10
8.26586e-10
8.2665e-10
8.26707e-10
8.26755e-10
8.26795e-10
8.26827e-10
8.26851e-10
8.26867e-10
8.26875e-10
8.26875e-10
8.26867e-10
8.26851e-10
8.26827e-10
8.26795e-10
8.26755e-10
8.26707e-10
8.2665e-10
8.26586e-10
8.26512e-10
8.26431e-10
8.2634e-10
8.26242e-10
8.26134e-10
8.26017e-10
8.25891e-10
8.25756e-10
8.25612e-10
8.25459e-10
8.25296e-10
8.25124e-10
8.24943e-10
8.24752e-10
8.24553e-10
8.24345e-10
8.2413e-10
8.2391e-10
8.2369e-10
8.23477e-10
8.23276e-10
3.03524e-09
3.03599e-09
3.03679e-09
3.03762e-09
3.03845e-09
3.03926e-09
3.04004e-09
3.04079e-09
3.04151e-09
3.04219e-09
3.04284e-09
3.04345e-09
3.04403e-09
3.04457e-09
3.04508e-09
3.04555e-09
3.04599e-09
3.04639e-09
3.04677e-09
3.04711e-09
3.04741e-09
3.04769e-09
3.04793e-09
3.04814e-09
3.04832e-09
3.04848e-09
3.0486e-09
3.04869e-09
3.04875e-09
3.04878e-09
3.04878e-09
3.04875e-09
3.04869e-09
3.0486e-09
3.04848e-09
3.04832e-09
3.04814e-09
3.04793e-09
3.04769e-09
3.04741e-09
3.04711e-09
3.04677e-09
3.04639e-09
3.04599e-09
3.04555e-09
3.04508e-09
3.04457e-09
3.04403e-09
3.04345e-09
3.04284e-09
3.04219e-09
3.04151e-09
3.04079e-09
3.04004e-09
3.03926e-09
3.03845e-09
3.03762e-09
3.03679e-09
3.03599e-09
3.03524e-09
1.11675e-08
1.11703e-08
1.11733e-08
1.11764e-08
1.11795e-08
1.11825e-08
1.11854e-08
1.11882e-08
1.11909e-08
1.11935e-08
1.11959e-08
1.11982e-08
1.12003e-08
1.12024e-08
1.12042e-08
1.1206e-08
1.12077e-08
1.12092e-08
1.12106e-08
1.12118e-08
1.1213e-08
1.1214e-08
1.12149e-08
1.12157e-08
1.12164e-08
1.12169e-08
1.12174e-08
1.12177e-08
1.12179e-08
1.12181e-08
1.12181e-08
1.12179e-08
1.12177e-08
1.12174e-08
1.12169e-08
1.12164e-08
1.12157e-08
1.12149e-08
1.1214e-08
1.1213e-08
1.12118e-08
1.12106e-08
1.12092e-08
1.12077e-08
1.1206e-08
1.12042e-08
1.12024e-08
1.12003e-08
1.11982e-08
1.11959e-08
1.11935e-08
1.11909e-08
1.11882e-08
1.11854e-08
1.11825e-08
1.11795e-08
1.11764e-08
1.11733e-08
1.11703e-08
1.11675e-08
4.08011e-08
4.08114e-08
4.08225e-08
4.0834e-08
4.08454e-08
4.08566e-08
4.08674e-08
4.08778e-08
4.08877e-08
4.08971e-08
4.09061e-08
4.09145e-08
4.09225e-08
4.09299e-08
4.09369e-08
4.09435e-08
4.09495e-08
4.09551e-08
4.09602e-08
4.09649e-08
4.09691e-08
4.09729e-08
4.09763e-08
4.09792e-08
4.09817e-08
4.09838e-08
4.09854e-08
4.09867e-08
4.09875e-08
4.09879e-08
4.09879e-08
4.09875e-08
4.09867e-08
4.09854e-08
4.09838e-08
4.09817e-08
4.09792e-08
4.09763e-08
4.09729e-08
4.09691e-08
4.09649e-08
4.09602e-08
4.09551e-08
4.09495e-08
4.09435e-08
4.09369e-08
4.09299e-08
4.09225e-08
4.09145e-08
4.09061e-08
4.08971e-08
4.08877e-08
4.08778e-08
4.08674e-08
4.08566e-08
4.08454e-08
4.0834e-08
4.08225e-08
4.08114e-08
4.08011e-08
1.47188e-07
1.47226e-07
1.47266e-07
1.47308e-07
1.47349e-07
1.4739e-07
1.47429e-07
1.47467e-07
1.47503e-07
1.47537e-07
1.47569e-07
1.476e-07
1.47629e-07
1.47656e-07
1.47681e-07
1.47705e-07
1.47727e-07
1.47747e-07
1.47766e-07
1.47783e-07
1.47798e-07
1.47812e-07
1.47824e-07
1.47834e-07
1.47843e-07
1.47851e-07
1.47857e-07
1.47861e-07
1.47864e-07
1.47866e-07
1.47866e-07
1.47864e-07
1.47861e-07
1.47857e-07
1.47851e-07
1.47843e-07
1.47834e-07
1.47824e-07
1.47812e-07
1.47798e-07
1.47783e-07
1.47766e-07
1.47747e-07
1.47727e-07
1.47705e-07
1.47681e-07
1.47656e-07
1.47629e-07
1.476e-07
1.47569e-07
1.47537e-07
1.47503e-07
1.47467e-07
1.47429e-07
1.4739e-07
1.47349e-07
1.47308e-07
1.47266e-07
1.47226e-07
1.47188e-07
5.2089e-07
5.21023e-07
5.21166e-07
5.21314e-07
5.21461e-07
5.21605e-07
5.21743e-07
5.21876e-07
5.22003e-07
5.22124e-07
5.22239e-07
5.22347e-07
5.22449e-07
5.22545e-07
5.22634e-07
5.22718e-07
5.22795e-07
5.22867e-07
5.22933e-07
5.22993e-07
5.23047e-07
5.23095e-07
5.23138e-07
5.23176e-07
5.23208e-07
5.23234e-07
5.23255e-07
5.23271e-07
5.23282e-07
5.23287e-07
5.23287e-07
5.23282e-07
5.23271e-07
5.23255e-07
5.23234e-07
5.23208e-07
5.23176e-07
5.23138e-07
5.23095e-07
5.23047e-07
5.22993e-07
5.22933e-07
5.22867e-07
5.22795e-07
5.22718e-07
5.22634e-07
5.22545e-07
5.22449e-07
5.22347e-07
5.22239e-07
5.22124e-07
5.22003e-07
5.21876e-07
5.21743e-07
5.21605e-07
5.21461e-07
5.21314e-07
5.21166e-07
5.21023e-07
5.2089e-07
1.79514e-06
1.7956e-06
1.79609e-06
1.7966e-06
1.7971e-06
1.79759e-06
1.79807e-06
1.79852e-06
1.79896e-06
1.79937e-06
1.79976e-06
1.80013e-06
1.80048e-06
1.80081e-06
1.80111e-06
1.8014e-06
1.80166e-06
1.80191e-06
1.80213e-06
1.80234e-06
1.80252e-06
1.80269e-06
1.80283e-06
1.80296e-06
1.80307e-06
1.80316e-06
1.80323e-06
1.80329e-06
1.80332e-06
1.80334e-06
1.80334e-06
1.80332e-06
1.80329e-06
1.80323e-06
1.80316e-06
1.80307e-06
1.80296e-06
1.80283e-06
1.80269e-06
1.80252e-06
1.80234e-06
1.80213e-06
1.80191e-06
1.80166e-06
1.8014e-06
1.80111e-06
1.80081e-06
1.80048e-06
1.80013e-06
1.79976e-06
1.79937e-06
1.79896e-06
1.79852e-06
1.79807e-06
1.79759e-06
1.7971e-06
1.7966e-06
1.79609e-06
1.7956e-06
1.79514e-06
5.97478e-06
5.97628e-06
5.97789e-06
5.97955e-06
5.9812e-06
5.98281e-06
5.98436e-06
5.98585e-06
5.98727e-06
5.98862e-06
5.98991e-06
5.99112e-06
5.99226e-06
5.99333e-06
5.99433e-06
5.99526e-06
5.99613e-06
5.99693e-06
5.99766e-06
5.99833e-06
5.99894e-06
5.99948e-06
5.99996e-06
6.00038e-06
6.00073e-06
6.00103e-06
6.00127e-06
6.00144e-06
6.00156e-06
6.00162e-06
6.00162e-06
6.00156e-06
6.00144e-06
6.00127e-06
6.00103e-06
6.00073e-06
6.00038e-06
5.99996e-06
5.99948e-06
5.99894e-06
5.99833e-06
5.99766e-06
5.99693e-06
5.99613e-06
5.99526e-06
5.99433e-06
5.99333e-06
5.99226e-06
5.99112e-06
5.98991e-06
5.98862e-06
5.98727e-06
5.98585e-06
5.98436e-06
5.98281e-06
5.9812e-06
5.97955e-06
5.97789e-06
5.97628e-06
5.97478e-06
1.90256e-05
1.90302e-05
1.90352e-05
1.90404e-05
1.90455e-05
1.90505e-05
1.90553e-05
1.906e-05
1.90644e-05
1.90686e-05
1.90725e-05
1.90763e-05
1.90798e-05
1.90831e-05
1.90862e-05
1.90891e-05
1.90918e-05
1.90943e-05
1.90966e-05
1.90986e-05
1.91005e-05
1.91022e-05
1.91037e-05
1.9105e-05
1.91061e-05
1.9107e-05
1.91077e-05
1.91083e-05
1.91086e-05
1.91088e-05
1.91088e-05
1.91086e-05
1.91083e-05
1.91077e-05
1.9107e-05
1.91061e-05
1.9105e-05
1.91037e-05
1.91022e-05
1.91005e-05
1.90986e-05
1.90966e-05
1.90943e-05
1.90918e-05
1.90891e-05
1.90862e-05
1.90831e-05
1.90798e-05
1.90763e-05
1.90725e-05
1.90686e-05
1.90644e-05
1.906e-05
1.90553e-05
1.90505e-05
1.90455e-05
1.90404e-05
1.90352e-05
1.90302e-05
1.90256e-05
5.73539e-05
5.73676e-05
5.73822e-05
5.73972e-05
5.74121e-05
5.74266e-05
5.74405e-05
5.74539e-05
5.74667e-05
5.74788e-05
5.74903e-05
5.75012e-05
5.75114e-05
5.75211e-05
5.753e-05
5.75384e-05
5.75462e-05
5.75534e-05
5.756e-05
5.7566e-05
5.75714e-05
5.75763e-05
5.75806e-05
5.75843e-05
5.75875e-05
5.75902e-05
5.75923e-05
5.75939e-05
5.75949e-05
5.75955e-05
5.75955e-05
5.75949e-05
5.75939e-05
5.75923e-05
5.75902e-05
5.75875e-05
5.75843e-05
5.75806e-05
5.75763e-05
5.75714e-05
5.7566e-05
5.756e-05
5.75534e-05
5.75462e-05
5.75384e-05
5.753e-05
5.75211e-05
5.75114e-05
5.75012e-05
5.74903e-05
5.74788e-05
5.74667e-05
5.74539e-05
5.74405e-05
5.74266e-05
5.74121e-05
5.73972e-05
5.73822e-05
5.73676e-05
5.73539e-05
0.000161771
0.000161807
0.000161847
0.000161887
0.000161927
0.000161965
0.000162003
0.000162038
0.000162073
0.000162105
0.000162136
0.000162165
0.000162192
0.000162218
0.000162242
0.000162264
0.000162285
0.000162304
0.000162322
0.000162338
0.000162352
0.000162365
0.000162377
0.000162387
0.000162395
0.000162402
0.000162408
0.000162412
0.000162415
0.000162416
0.000162416
0.000162415
0.000162412
0.000162408
0.000162402
0.000162395
0.000162387
0.000162377
0.000162365
0.000162352
0.000162338
0.000162322
0.000162304
0.000162285
0.000162264
0.000162242
0.000162218
0.000162192
0.000162165
0.000162136
0.000162105
0.000162073
0.000162038
0.000162003
0.000161965
0.000161927
0.000161887
0.000161847
0.000161807
0.000161771
0.000421526
0.000421616
0.000421712
0.000421809
0.000421906
0.000422
0.00042209
0.000422177
0.000422259
0.000422338
0.000422412
0.000422483
0.000422549
0.000422611
0.000422669
0.000422723
0.000422774
0.00042282
0.000422863
0.000422901
0.000422936
0.000422968
0.000422996
0.00042302
0.000423041
0.000423058
0.000423071
0.000423082
0.000423089
0.000423092
0.000423092
0.000423089
0.000423082
0.000423071
0.000423058
0.000423041
0.00042302
0.000422996
0.000422968
0.000422936
0.000422901
0.000422863
0.00042282
0.000422774
0.000422723
0.000422669
0.000422611
0.000422549
0.000422483
0.000422412
0.000422338
0.000422259
0.000422177
0.00042209
0.000422
0.000421906
0.000421809
0.000421712
0.000421616
0.000421526
0.00100167
0.00100186
0.00100207
0.00100228
0.00100249
0.0010027
0.00100289
0.00100308
0.00100326
0.00100343
0.00100359
0.00100374
0.00100388
0.00100402
0.00100414
0.00100426
0.00100437
0.00100447
0.00100456
0.00100464
0.00100472
0.00100479
0.00100485
0.0010049
0.00100494
0.00100498
0.00100501
0.00100503
0.00100505
0.00100505
0.00100505
0.00100505
0.00100503
0.00100501
0.00100498
0.00100494
0.0010049
0.00100485
0.00100479
0.00100472
0.00100464
0.00100456
0.00100447
0.00100437
0.00100426
0.00100414
0.00100402
0.00100388
0.00100374
0.00100359
0.00100343
0.00100326
0.00100308
0.00100289
0.0010027
0.00100249
0.00100228
0.00100207
0.00100186
0.00100167
0.00214595
0.00214633
0.00214673
0.00214713
0.00214753
0.00214792
0.00214829
0.00214864
0.00214898
0.0021493
0.00214961
0.0021499
0.00215017
0.00215042
0.00215066
0.00215088
0.00215109
0.00215128
0.00215145
0.00215161
0.00215175
0.00215188
0.00215199
0.00215209
0.00215218
0.00215225
0.0021523
0.00215235
0.00215237
0.00215239
0.00215239
0.00215237
0.00215235
0.0021523
0.00215225
0.00215218
0.00215209
0.00215199
0.00215188
0.00215175
0.00215161
0.00215145
0.00215128
0.00215109
0.00215088
0.00215066
0.00215042
0.00215017
0.0021499
0.00214961
0.0021493
0.00214898
0.00214864
0.00214829
0.00214792
0.00214753
0.00214713
0.00214673
0.00214633
0.00214595
0.00411457
0.00411522
0.00411588
0.00411655
0.0041172
0.00411784
0.00411846
0.00411904
0.0041196
0.00412013
0.00412064
0.00412111
0.00412156
0.00412198
0.00412238
0.00412274
0.00412308
0.00412339
0.00412368
0.00412394
0.00412418
0.00412439
0.00412458
0.00412474
0.00412488
0.004125
0.00412509
0.00412516
0.00412521
0.00412523
0.00412523
0.00412521
0.00412516
0.00412509
0.004125
0.00412488
0.00412474
0.00412458
0.00412439
0.00412418
0.00412394
0.00412368
0.00412339
0.00412308
0.00412274
0.00412238
0.00412198
0.00412156
0.00412111
0.00412064
0.00412013
0.0041196
0.00411904
0.00411846
0.00411784
0.0041172
0.00411655
0.00411588
0.00411522
0.00411457
0.00705771
0.00705866
0.00705963
0.0070606
0.00706155
0.00706247
0.00706336
0.0070642
0.00706501
0.00706578
0.00706651
0.0070672
0.00706784
0.00706845
0.00706902
0.00706954
0.00707004
0.00707049
0.0070709
0.00707128
0.00707162
0.00707193
0.0070722
0.00707244
0.00707264
0.00707281
0.00707294
0.00707304
0.00707311
0.00707314
0.00707314
0.00707311
0.00707304
0.00707294
0.00707281
0.00707264
0.00707244
0.0070722
0.00707193
0.00707162
0.00707128
0.0070709
0.00707049
0.00707004
0.00706954
0.00706902
0.00706845
0.00706784
0.0070672
0.00706651
0.00706578
0.00706501
0.0070642
0.00706336
0.00706247
0.00706155
0.0070606
0.00705963
0.00705866
0.00705771
0.0109167
0.010918
0.0109192
0.0109205
0.0109217
0.0109229
0.010924
0.0109251
0.0109262
0.0109272
0.0109281
0.010929
0.0109298
0.0109306
0.0109313
0.010932
0.0109326
0.0109332
0.0109337
0.0109342
0.0109347
0.0109351
0.0109354
0.0109357
0.010936
0.0109362
0.0109364
0.0109365
0.0109366
0.0109366
0.0109366
0.0109366
0.0109365
0.0109364
0.0109362
0.010936
0.0109357
0.0109354
0.0109351
0.0109347
0.0109342
0.0109337
0.0109332
0.0109326
0.010932
0.0109313
0.0109306
0.0109298
0.010929
0.0109281
0.0109272
0.0109262
0.0109251
0.010924
0.0109229
0.0109217
0.0109205
0.0109192
0.010918
0.0109167
0.0154572
0.0154587
0.0154602
0.0154617
0.0154631
0.0154645
0.0154658
0.0154671
0.0154683
0.0154695
0.0154706
0.0154716
0.0154726
0.0154735
0.0154744
0.0154752
0.0154759
0.0154766
0.0154772
0.0154778
0.0154783
0.0154788
0.0154792
0.0154796
0.0154799
0.0154801
0.0154803
0.0154805
0.0154806
0.0154806
0.0154806
0.0154806
0.0154805
0.0154803
0.0154801
0.0154799
0.0154796
0.0154792
0.0154788
0.0154783
0.0154778
0.0154772
0.0154766
0.0154759
0.0154752
0.0154744
0.0154735
0.0154726
0.0154716
0.0154706
0.0154695
0.0154683
0.0154671
0.0154658
0.0154645
0.0154631
0.0154617
0.0154602
0.0154587
0.0154572
0.0204068
0.0204085
0.0204102
0.0204119
0.0204135
0.020415
0.0204165
0.0204179
0.0204193
0.0204206
0.0204218
0.020423
0.0204241
0.0204251
0.020426
0.0204269
0.0204278
0.0204285
0.0204292
0.0204298
0.0204304
0.0204309
0.0204314
0.0204318
0.0204321
0.0204324
0.0204326
0.0204328
0.0204329
0.020433
0.020433
0.0204329
0.0204328
0.0204326
0.0204324
0.0204321
0.0204318
0.0204314
0.0204309
0.0204304
0.0204298
0.0204292
0.0204285
0.0204278
0.0204269
0.020426
0.0204251
0.0204241
0.020423
0.0204218
0.0204206
0.0204193
0.0204179
0.0204165
0.020415
0.0204135
0.0204119
0.0204102
0.0204085
0.0204068
0.0255719
0.0255737
0.0255756
0.0255774
0.0255791
0.0255808
0.0255824
0.025584
0.0255854
0.0255868
0.0255882
0.0255894
0.0255906
0.0255917
0.0255927
0.0255937
0.0255946
0.0255954
0.0255961
0.0255968
0.0255974
0.025598
0.0255985
0.0255989
0.0255993
0.0255996
0.0255998
0.0256
0.0256001
0.0256002
0.0256002
0.0256001
0.0256
0.0255998
0.0255996
0.0255993
0.0255989
0.0255985
0.025598
0.0255974
0.0255968
0.0255961
0.0255954
0.0255946
0.0255937
0.0255927
0.0255917
0.0255906
0.0255894
0.0255882
0.0255868
0.0255854
0.025584
0.0255824
0.0255808
0.0255791
0.0255774
0.0255756
0.0255737
0.0255719
0.0308625
0.0308645
0.0308665
0.0308684
0.0308703
0.0308721
0.0308738
0.0308755
0.0308771
0.0308786
0.03088
0.0308813
0.0308826
0.0308837
0.0308848
0.0308859
0.0308868
0.0308877
0.0308885
0.0308892
0.0308899
0.0308905
0.030891
0.0308915
0.0308919
0.0308922
0.0308924
0.0308926
0.0308928
0.0308928
0.0308928
0.0308928
0.0308926
0.0308924
0.0308922
0.0308919
0.0308915
0.030891
0.0308905
0.0308899
0.0308892
0.0308885
0.0308877
0.0308868
0.0308859
0.0308848
0.0308837
0.0308826
0.0308813
0.03088
0.0308786
0.0308771
0.0308755
0.0308738
0.0308721
0.0308703
0.0308684
0.0308665
0.0308645
0.0308625
0.036259
0.0362612
0.0362634
0.0362654
0.0362674
0.0362693
0.0362712
0.0362729
0.0362746
0.0362762
0.0362777
0.0362791
0.0362804
0.0362817
0.0362829
0.0362839
0.036285
0.0362859
0.0362867
0.0362875
0.0362882
0.0362889
0.0362894
0.0362899
0.0362903
0.0362907
0.0362909
0.0362911
0.0362913
0.0362913
0.0362913
0.0362913
0.0362911
0.0362909
0.0362907
0.0362903
0.0362899
0.0362894
0.0362889
0.0362882
0.0362875
0.0362867
0.0362859
0.036285
0.0362839
0.0362829
0.0362817
0.0362804
0.0362791
0.0362777
0.0362762
0.0362746
0.0362729
0.0362712
0.0362693
0.0362674
0.0362654
0.0362634
0.0362612
0.036259
0.0417716
0.041774
0.0417762
0.0417784
0.0417805
0.0417826
0.0417845
0.0417864
0.0417882
0.0417898
0.0417914
0.0417929
0.0417944
0.0417957
0.0417969
0.0417981
0.0417992
0.0418001
0.0418011
0.0418019
0.0418026
0.0418033
0.0418039
0.0418044
0.0418048
0.0418052
0.0418055
0.0418057
0.0418059
0.0418059
0.0418059
0.0418059
0.0418057
0.0418055
0.0418052
0.0418048
0.0418044
0.0418039
0.0418033
0.0418026
0.0418019
0.0418011
0.0418001
0.0417992
0.0417981
0.0417969
0.0417957
0.0417944
0.0417929
0.0417914
0.0417898
0.0417882
0.0417864
0.0417845
0.0417826
0.0417805
0.0417784
0.0417762
0.041774
0.0417716
0.0474165
0.047419
0.0474214
0.0474238
0.047426
0.0474282
0.0474302
0.0474322
0.0474341
0.0474359
0.0474376
0.0474392
0.0474407
0.0474421
0.0474434
0.0474446
0.0474457
0.0474468
0.0474478
0.0474486
0.0474494
0.0474501
0.0474508
0.0474513
0.0474518
0.0474522
0.0474525
0.0474527
0.0474528
0.0474529
0.0474529
0.0474528
0.0474527
0.0474525
0.0474522
0.0474518
0.0474513
0.0474508
0.0474501
0.0474494
0.0474486
0.0474478
0.0474468
0.0474457
0.0474446
0.0474434
0.0474421
0.0474407
0.0474392
0.0474376
0.0474359
0.0474341
0.0474322
0.0474302
0.0474282
0.047426
0.0474238
0.0474214
0.047419
0.0474165
0.0532078
0.0532105
0.053213
0.0532155
0.0532179
0.0532202
0.0532223
0.0532244
0.0532264
0.0532283
0.0532301
0.0532318
0.0532333
0.0532348
0.0532362
0.0532375
0.0532387
0.0532398
0.0532408
0.0532418
0.0532426
0.0532433
0.053244
0.0532446
0.0532451
0.0532455
0.0532458
0.0532461
0.0532462
0.0532463
0.0532463
0.0532462
0.0532461
0.0532458
0.0532455
0.0532451
0.0532446
0.053244
0.0532433
0.0532426
0.0532418
0.0532408
0.0532398
0.0532387
0.0532375
0.0532362
0.0532348
0.0532333
0.0532318
0.0532301
0.0532283
0.0532264
0.0532244
0.0532223
0.0532202
0.0532179
0.0532155
0.053213
0.0532105
0.0532078
0.059156
0.0591589
0.0591616
0.0591642
0.0591667
0.0591691
0.0591714
0.0591736
0.0591757
0.0591777
0.0591796
0.0591814
0.059183
0.0591846
0.0591861
0.0591874
0.0591887
0.0591899
0.0591909
0.0591919
0.0591928
0.0591936
0.0591943
0.0591949
0.0591954
0.0591958
0.0591962
0.0591964
0.0591966
0.0591967
0.0591967
0.0591966
0.0591964
0.0591962
0.0591958
0.0591954
0.0591949
0.0591943
0.0591936
0.0591928
0.0591919
0.0591909
0.0591899
0.0591887
0.0591874
0.0591861
0.0591846
0.059183
0.0591814
0.0591796
0.0591777
0.0591757
0.0591736
0.0591714
0.0591691
0.0591667
0.0591642
0.0591616
0.0591589
0.059156
0.0652695
0.0652725
0.0652754
0.0652781
0.0652808
0.0652833
0.0652857
0.065288
0.0652902
0.0652923
0.0652943
0.0652962
0.0652979
0.0652996
0.0653011
0.0653025
0.0653039
0.0653051
0.0653062
0.0653073
0.0653082
0.065309
0.0653097
0.0653104
0.0653109
0.0653114
0.0653117
0.065312
0.0653122
0.0653123
0.0653123
0.0653122
0.065312
0.0653117
0.0653114
0.0653109
0.0653104
0.0653097
0.065309
0.0653082
0.0653073
0.0653062
0.0653051
0.0653039
0.0653025
0.0653011
0.0652996
0.0652979
0.0652962
0.0652943
0.0652923
0.0652902
0.065288
0.0652857
0.0652833
0.0652808
0.0652781
0.0652754
0.0652725
0.0652695
0.0715551
0.0715582
0.0715612
0.0715641
0.0715669
0.0715696
0.0715721
0.0715746
0.0715769
0.0715791
0.0715811
0.0715831
0.0715849
0.0715866
0.0715883
0.0715898
0.0715912
0.0715924
0.0715936
0.0715947
0.0715957
0.0715965
0.0715973
0.071598
0.0715986
0.071599
0.0715994
0.0715997
0.0715999
0.0716
0.0716
0.0715999
0.0715997
0.0715994
0.071599
0.0715986
0.071598
0.0715973
0.0715965
0.0715957
0.0715947
0.0715936
0.0715924
0.0715912
0.0715898
0.0715883
0.0715866
0.0715849
0.0715831
0.0715811
0.0715791
0.0715769
0.0715746
0.0715721
0.0715696
0.0715669
0.0715641
0.0715612
0.0715582
0.0715551
0.0780189
0.0780223
0.0780254
0.0780285
0.0780314
0.0780342
0.0780368
0.0780394
0.0780418
0.0780441
0.0780462
0.0780483
0.0780502
0.078052
0.0780537
0.0780553
0.0780567
0.0780581
0.0780593
0.0780605
0.0780615
0.0780624
0.0780632
0.0780639
0.0780645
0.078065
0.0780654
0.0780657
0.0780659
0.078066
0.078066
0.0780659
0.0780657
0.0780654
0.078065
0.0780645
0.0780639
0.0780632
0.0780624
0.0780615
0.0780605
0.0780593
0.0780581
0.0780567
0.0780553
0.0780537
0.078052
0.0780502
0.0780483
0.0780462
0.0780441
0.0780418
0.0780394
0.0780368
0.0780342
0.0780314
0.0780285
0.0780254
0.0780223
0.0780189
0.084667
0.0846705
0.0846738
0.084677
0.08468
0.084683
0.0846857
0.0846884
0.0846909
0.0846933
0.0846956
0.0846977
0.0846997
0.0847016
0.0847034
0.084705
0.0847065
0.084708
0.0847092
0.0847104
0.0847115
0.0847124
0.0847133
0.084714
0.0847146
0.0847152
0.0847156
0.0847159
0.0847161
0.0847162
0.0847162
0.0847161
0.0847159
0.0847156
0.0847152
0.0847146
0.084714
0.0847133
0.0847124
0.0847115
0.0847104
0.0847092
0.084708
0.0847065
0.084705
0.0847034
0.0847016
0.0846997
0.0846977
0.0846956
0.0846933
0.0846909
0.0846884
0.0846857
0.084683
0.08468
0.084677
0.0846738
0.0846705
0.084667
0.0915051
0.0915088
0.0915122
0.0915156
0.0915187
0.0915218
0.0915247
0.0915274
0.0915301
0.0915326
0.0915349
0.0915371
0.0915392
0.0915412
0.091543
0.0915448
0.0915463
0.0915478
0.0915492
0.0915504
0.0915515
0.0915525
0.0915534
0.0915541
0.0915548
0.0915553
0.0915558
0.0915561
0.0915563
0.0915564
0.0915564
0.0915563
0.0915561
0.0915558
0.0915553
0.0915548
0.0915541
0.0915534
0.0915525
0.0915515
0.0915504
0.0915492
0.0915478
0.0915463
0.0915448
0.091543
0.0915412
0.0915392
0.0915371
0.0915349
0.0915326
0.0915301
0.0915274
0.0915247
0.0915218
0.0915187
0.0915156
0.0915122
0.0915088
0.0915051
0.0985391
0.0985428
0.0985465
0.0985499
0.0985532
0.0985564
0.0985594
0.0985623
0.098565
0.0985676
0.09857
0.0985724
0.0985745
0.0985766
0.0985785
0.0985803
0.0985819
0.0985835
0.0985849
0.0985861
0.0985873
0.0985883
0.0985892
0.09859
0.0985907
0.0985913
0.0985917
0.0985921
0.0985923
0.0985924
0.0985924
0.0985923
0.0985921
0.0985917
0.0985913
0.0985907
0.09859
0.0985892
0.0985883
0.0985873
0.0985861
0.0985849
0.0985835
0.0985819
0.0985803
0.0985785
0.0985766
0.0985745
0.0985724
0.09857
0.0985676
0.098565
0.0985623
0.0985594
0.0985564
0.0985532
0.0985499
0.0985465
0.0985428
0.0985391
0.105775
0.105779
0.105782
0.105786
0.105789
0.105793
0.105796
0.105799
0.105802
0.105804
0.105807
0.105809
0.105811
0.105814
0.105816
0.105817
0.105819
0.105821
0.105822
0.105824
0.105825
0.105826
0.105827
0.105828
0.105828
0.105829
0.105829
0.10583
0.10583
0.10583
0.10583
0.10583
0.10583
0.105829
0.105829
0.105828
0.105828
0.105827
0.105826
0.105825
0.105824
0.105822
0.105821
0.105819
0.105817
0.105816
0.105814
0.105811
0.105809
0.105807
0.105804
0.105802
0.105799
0.105796
0.105793
0.105789
0.105786
0.105782
0.105779
0.105775
0.113218
0.113222
0.113226
0.11323
0.113233
0.113236
0.11324
0.113243
0.113246
0.113249
0.113251
0.113254
0.113256
0.113258
0.11326
0.113262
0.113264
0.113266
0.113267
0.113269
0.11327
0.113271
0.113272
0.113273
0.113273
0.113274
0.113275
0.113275
0.113275
0.113275
0.113275
0.113275
0.113275
0.113275
0.113274
0.113273
0.113273
0.113272
0.113271
0.11327
0.113269
0.113267
0.113266
0.113264
0.113262
0.11326
0.113258
0.113256
0.113254
0.113251
0.113249
0.113246
0.113243
0.11324
0.113236
0.113233
0.11323
0.113226
0.113222
0.113218
0.120875
0.120879
0.120883
0.120887
0.12089
0.120894
0.120897
0.120901
0.120904
0.120907
0.120909
0.120912
0.120914
0.120917
0.120919
0.120921
0.120922
0.120924
0.120926
0.120927
0.120928
0.12093
0.120931
0.120931
0.120932
0.120933
0.120933
0.120934
0.120934
0.120934
0.120934
0.120934
0.120934
0.120933
0.120933
0.120932
0.120931
0.120931
0.12093
0.120928
0.120927
0.120926
0.120924
0.120922
0.120921
0.120919
0.120917
0.120914
0.120912
0.120909
0.120907
0.120904
0.120901
0.120897
0.120894
0.12089
0.120887
0.120883
0.120879
0.120875
0.128751
0.128756
0.12876
0.128764
0.128768
0.128771
0.128775
0.128778
0.128781
0.128784
0.128787
0.12879
0.128792
0.128795
0.128797
0.128799
0.128801
0.128803
0.128804
0.128806
0.128807
0.128808
0.128809
0.12881
0.128811
0.128812
0.128812
0.128812
0.128813
0.128813
0.128813
0.128813
0.128812
0.128812
0.128812
0.128811
0.12881
0.128809
0.128808
0.128807
0.128806
0.128804
0.128803
0.128801
0.128799
0.128797
0.128795
0.128792
0.12879
0.128787
0.128784
0.128781
0.128778
0.128775
0.128771
0.128768
0.128764
0.12876
0.128756
0.128751
0.136855
0.136859
0.136863
0.136867
0.136871
0.136875
0.136879
0.136882
0.136885
0.136888
0.136891
0.136894
0.136897
0.136899
0.136901
0.136903
0.136905
0.136907
0.136909
0.13691
0.136912
0.136913
0.136914
0.136915
0.136916
0.136917
0.136917
0.136917
0.136918
0.136918
0.136918
0.136918
0.136917
0.136917
0.136917
0.136916
0.136915
0.136914
0.136913
0.136912
0.13691
0.136909
0.136907
0.136905
0.136903
0.136901
0.136899
0.136897
0.136894
0.136891
0.136888
0.136885
0.136882
0.136879
0.136875
0.136871
0.136867
0.136863
0.136859
0.136855
0.145191
0.145195
0.1452
0.145204
0.145208
0.145212
0.145215
0.145219
0.145222
0.145225
0.145228
0.145231
0.145234
0.145236
0.145239
0.145241
0.145243
0.145245
0.145246
0.145248
0.145249
0.145251
0.145252
0.145253
0.145254
0.145254
0.145255
0.145255
0.145256
0.145256
0.145256
0.145256
0.145255
0.145255
0.145254
0.145254
0.145253
0.145252
0.145251
0.145249
0.145248
0.145246
0.145245
0.145243
0.145241
0.145239
0.145236
0.145234
0.145231
0.145228
0.145225
0.145222
0.145219
0.145215
0.145212
0.145208
0.145204
0.1452
0.145195
0.145191
0.153766
0.153771
0.153775
0.15378
0.153784
0.153788
0.153792
0.153795
0.153799
0.153802
0.153805
0.153808
0.153811
0.153813
0.153816
0.153818
0.15382
0.153822
0.153824
0.153825
0.153827
0.153828
0.153829
0.15383
0.153831
0.153832
0.153832
0.153833
0.153833
0.153833
0.153833
0.153833
0.153833
0.153832
0.153832
0.153831
0.15383
0.153829
0.153828
0.153827
0.153825
0.153824
0.153822
0.15382
0.153818
0.153816
0.153813
0.153811
0.153808
0.153805
0.153802
0.153799
0.153795
0.153792
0.153788
0.153784
0.15378
0.153775
0.153771
0.153766
0.162588
0.162593
0.162598
0.162602
0.162606
0.16261
0.162614
0.162618
0.162621
0.162625
0.162628
0.162631
0.162634
0.162636
0.162639
0.162641
0.162643
0.162645
0.162647
0.162649
0.16265
0.162652
0.162653
0.162654
0.162655
0.162655
0.162656
0.162656
0.162657
0.162657
0.162657
0.162657
0.162656
0.162656
0.162655
0.162655
0.162654
0.162653
0.162652
0.16265
0.162649
0.162647
0.162645
0.162643
0.162641
0.162639
0.162636
0.162634
0.162631
0.162628
0.162625
0.162621
0.162618
0.162614
0.16261
0.162606
0.162602
0.162598
0.162593
0.162588
0.171664
0.171669
0.171674
0.171678
0.171682
0.171687
0.171691
0.171694
0.171698
0.171701
0.171705
0.171708
0.171711
0.171713
0.171716
0.171718
0.17172
0.171722
0.171724
0.171726
0.171727
0.171729
0.17173
0.171731
0.171732
0.171733
0.171733
0.171734
0.171734
0.171734
0.171734
0.171734
0.171734
0.171733
0.171733
0.171732
0.171731
0.17173
0.171729
0.171727
0.171726
0.171724
0.171722
0.17172
0.171718
0.171716
0.171713
0.171711
0.171708
0.171705
0.171701
0.171698
0.171694
0.171691
0.171687
0.171682
0.171678
0.171674
0.171669
0.171664
0.181001
0.181006
0.181011
0.181015
0.18102
0.181024
0.181028
0.181032
0.181036
0.181039
0.181042
0.181045
0.181048
0.181051
0.181054
0.181056
0.181058
0.18106
0.181062
0.181064
0.181066
0.181067
0.181068
0.181069
0.18107
0.181071
0.181072
0.181072
0.181072
0.181073
0.181073
0.181072
0.181072
0.181072
0.181071
0.18107
0.181069
0.181068
0.181067
0.181066
0.181064
0.181062
0.18106
0.181058
0.181056
0.181054
0.181051
0.181048
0.181045
0.181042
0.181039
0.181036
0.181032
0.181028
0.181024
0.18102
0.181015
0.181011
0.181006
0.181001
0.190606
0.190611
0.190616
0.190621
0.190625
0.19063
0.190634
0.190638
0.190642
0.190645
0.190649
0.190652
0.190655
0.190658
0.19066
0.190663
0.190665
0.190667
0.190669
0.190671
0.190672
0.190674
0.190675
0.190676
0.190677
0.190678
0.190679
0.190679
0.190679
0.190679
0.190679
0.190679
0.190679
0.190679
0.190678
0.190677
0.190676
0.190675
0.190674
0.190672
0.190671
0.190669
0.190667
0.190665
0.190663
0.19066
0.190658
0.190655
0.190652
0.190649
0.190645
0.190642
0.190638
0.190634
0.19063
0.190625
0.190621
0.190616
0.190611
0.190606
0.200488
0.200493
0.200498
0.200503
0.200508
0.200512
0.200516
0.20052
0.200524
0.200528
0.200531
0.200534
0.200538
0.20054
0.200543
0.200546
0.200548
0.20055
0.200552
0.200554
0.200555
0.200557
0.200558
0.200559
0.20056
0.200561
0.200562
0.200562
0.200563
0.200563
0.200563
0.200563
0.200562
0.200562
0.200561
0.20056
0.200559
0.200558
0.200557
0.200555
0.200554
0.200552
0.20055
0.200548
0.200546
0.200543
0.20054
0.200538
0.200534
0.200531
0.200528
0.200524
0.20052
0.200516
0.200512
0.200508
0.200503
0.200498
0.200493
0.200488
0.210654
0.210659
0.210664
0.210669
0.210674
0.210679
0.210683
0.210687
0.210691
0.210695
0.210698
0.210702
0.210705
0.210708
0.21071
0.210713
0.210715
0.210717
0.210719
0.210721
0.210723
0.210724
0.210726
0.210727
0.210728
0.210729
0.210729
0.21073
0.21073
0.21073
0.21073
0.21073
0.21073
0.210729
0.210729
0.210728
0.210727
0.210726
0.210724
0.210723
0.210721
0.210719
0.210717
0.210715
0.210713
0.21071
0.210708
0.210705
0.210702
0.210698
0.210695
0.210691
0.210687
0.210683
0.210679
0.210674
0.210669
0.210664
0.210659
0.210654
0.221113
0.221118
0.221124
0.221129
0.221133
0.221138
0.221142
0.221147
0.221151
0.221154
0.221158
0.221161
0.221165
0.221167
0.22117
0.221173
0.221175
0.221178
0.22118
0.221181
0.221183
0.221185
0.221186
0.221187
0.221188
0.221189
0.22119
0.22119
0.22119
0.221191
0.221191
0.22119
0.22119
0.22119
0.221189
0.221188
0.221187
0.221186
0.221185
0.221183
0.221181
0.22118
0.221178
0.221175
0.221173
0.22117
0.221167
0.221165
0.221161
0.221158
0.221154
0.221151
0.221147
0.221142
0.221138
0.221133
0.221129
0.221124
0.221118
0.221113
0.231873
0.231879
0.231884
0.231889
0.231894
0.231899
0.231903
0.231907
0.231911
0.231915
0.231919
0.231922
0.231926
0.231929
0.231931
0.231934
0.231937
0.231939
0.231941
0.231943
0.231945
0.231946
0.231947
0.231949
0.23195
0.23195
0.231951
0.231952
0.231952
0.231952
0.231952
0.231952
0.231952
0.231951
0.23195
0.23195
0.231949
0.231947
0.231946
0.231945
0.231943
0.231941
0.231939
0.231937
0.231934
0.231931
0.231929
0.231926
0.231922
0.231919
0.231915
0.231911
0.231907
0.231903
0.231899
0.231894
0.231889
0.231884
0.231879
0.231873
0.242944
0.242949
0.242955
0.24296
0.242965
0.242969
0.242974
0.242978
0.242982
0.242986
0.24299
0.242993
0.242997
0.243
0.243003
0.243005
0.243008
0.24301
0.243012
0.243014
0.243016
0.243017
0.243019
0.24302
0.243021
0.243022
0.243023
0.243023
0.243024
0.243024
0.243024
0.243024
0.243023
0.243023
0.243022
0.243021
0.24302
0.243019
0.243017
0.243016
0.243014
0.243012
0.24301
0.243008
0.243005
0.243003
0.243
0.242997
0.242993
0.24299
0.242986
0.242982
0.242978
0.242974
0.242969
0.242965
0.24296
0.242955
0.242949
0.242944
0.254333
0.254339
0.254344
0.25435
0.254355
0.254359
0.254364
0.254368
0.254373
0.254376
0.25438
0.254384
0.254387
0.25439
0.254393
0.254396
0.254398
0.254401
0.254403
0.254405
0.254406
0.254408
0.254409
0.254411
0.254412
0.254413
0.254413
0.254414
0.254414
0.254414
0.254414
0.254414
0.254414
0.254413
0.254413
0.254412
0.254411
0.254409
0.254408
0.254406
0.254405
0.254403
0.254401
0.254398
0.254396
0.254393
0.25439
0.254387
0.254384
0.25438
0.254376
0.254373
0.254368
0.254364
0.254359
0.254355
0.25435
0.254344
0.254339
0.254333
0.266051
0.266057
0.266063
0.266068
0.266073
0.266078
0.266083
0.266087
0.266091
0.266095
0.266099
0.266102
0.266106
0.266109
0.266112
0.266115
0.266117
0.26612
0.266122
0.266124
0.266125
0.266127
0.266129
0.26613
0.266131
0.266132
0.266132
0.266133
0.266133
0.266133
0.266133
0.266133
0.266133
0.266132
0.266132
0.266131
0.26613
0.266129
0.266127
0.266125
0.266124
0.266122
0.26612
0.266117
0.266115
0.266112
0.266109
0.266106
0.266102
0.266099
0.266095
0.266091
0.266087
0.266083
0.266078
0.266073
0.266068
0.266063
0.266057
0.266051
0.278108
0.278114
0.278119
0.278125
0.27813
0.278135
0.278139
0.278144
0.278148
0.278152
0.278156
0.278159
0.278163
0.278166
0.278169
0.278172
0.278174
0.278177
0.278179
0.278181
0.278183
0.278184
0.278186
0.278187
0.278188
0.278189
0.27819
0.27819
0.278191
0.278191
0.278191
0.278191
0.27819
0.27819
0.278189
0.278188
0.278187
0.278186
0.278184
0.278183
0.278181
0.278179
0.278177
0.278174
0.278172
0.278169
0.278166
0.278163
0.278159
0.278156
0.278152
0.278148
0.278144
0.278139
0.278135
0.27813
0.278125
0.278119
0.278114
0.278108
0.290513
0.290518
0.290524
0.290529
0.290535
0.29054
0.290544
0.290549
0.290553
0.290557
0.290561
0.290564
0.290568
0.290571
0.290574
0.290577
0.29058
0.290582
0.290584
0.290586
0.290588
0.29059
0.290591
0.290592
0.290593
0.290594
0.290595
0.290596
0.290596
0.290596
0.290596
0.290596
0.290596
0.290595
0.290594
0.290593
0.290592
0.290591
0.29059
0.290588
0.290586
0.290584
0.290582
0.29058
0.290577
0.290574
0.290571
0.290568
0.290564
0.290561
0.290557
0.290553
0.290549
0.290544
0.29054
0.290535
0.290529
0.290524
0.290518
0.290513
0.303276
0.303282
0.303287
0.303293
0.303298
0.303303
0.303308
0.303312
0.303316
0.303321
0.303324
0.303328
0.303331
0.303335
0.303338
0.303341
0.303343
0.303346
0.303348
0.30335
0.303352
0.303353
0.303355
0.303356
0.303357
0.303358
0.303359
0.303359
0.30336
0.30336
0.30336
0.30336
0.303359
0.303359
0.303358
0.303357
0.303356
0.303355
0.303353
0.303352
0.30335
0.303348
0.303346
0.303343
0.303341
0.303338
0.303335
0.303331
0.303328
0.303324
0.303321
0.303316
0.303312
0.303308
0.303303
0.303298
0.303293
0.303287
0.303282
0.303276
0.316408
0.316414
0.31642
0.316425
0.31643
0.316435
0.31644
0.316445
0.316449
0.316453
0.316457
0.316461
0.316464
0.316467
0.31647
0.316473
0.316476
0.316478
0.31648
0.316482
0.316484
0.316486
0.316487
0.316489
0.31649
0.316491
0.316491
0.316492
0.316492
0.316492
0.316492
0.316492
0.316492
0.316491
0.316491
0.31649
0.316489
0.316487
0.316486
0.316484
0.316482
0.31648
0.316478
0.316476
0.316473
0.31647
0.316467
0.316464
0.316461
0.316457
0.316453
0.316449
0.316445
0.31644
0.316435
0.31643
0.316425
0.31642
0.316414
0.316408
0.32992
0.329926
0.329932
0.329937
0.329943
0.329948
0.329953
0.329957
0.329961
0.329966
0.329969
0.329973
0.329977
0.32998
0.329983
0.329986
0.329988
0.329991
0.329993
0.329995
0.329997
0.329999
0.33
0.330001
0.330002
0.330003
0.330004
0.330005
0.330005
0.330005
0.330005
0.330005
0.330005
0.330004
0.330003
0.330002
0.330001
0.33
0.329999
0.329997
0.329995
0.329993
0.329991
0.329988
0.329986
0.329983
0.32998
0.329977
0.329973
0.329969
0.329966
0.329961
0.329957
0.329953
0.329948
0.329943
0.329937
0.329932
0.329926
0.32992
0.343824
0.34383
0.343836
0.343841
0.343846
0.343851
0.343856
0.343861
0.343865
0.343869
0.343873
0.343877
0.34388
0.343884
0.343887
0.343889
0.343892
0.343895
0.343897
0.343899
0.343901
0.343902
0.343904
0.343905
0.343906
0.343907
0.343908
0.343908
0.343909
0.343909
0.343909
0.343909
0.343908
0.343908
0.343907
0.343906
0.343905
0.343904
0.343902
0.343901
0.343899
0.343897
0.343895
0.343892
0.343889
0.343887
0.343884
0.34388
0.343877
0.343873
0.343869
0.343865
0.343861
0.343856
0.343851
0.343846
0.343841
0.343836
0.34383
0.343824
0.358131
0.358137
0.358142
0.358148
0.358153
0.358158
0.358163
0.358167
0.358172
0.358176
0.35818
0.358183
0.358187
0.35819
0.358193
0.358196
0.358199
0.358201
0.358203
0.358205
0.358207
0.358209
0.35821
0.358212
0.358213
0.358214
0.358215
0.358215
0.358215
0.358216
0.358216
0.358215
0.358215
0.358215
0.358214
0.358213
0.358212
0.35821
0.358209
0.358207
0.358205
0.358203
0.358201
0.358199
0.358196
0.358193
0.35819
0.358187
0.358183
0.35818
0.358176
0.358172
0.358167
0.358163
0.358158
0.358153
0.358148
0.358142
0.358137
0.358131
0.372852
0.372858
0.372864
0.372869
0.372875
0.37288
0.372884
0.372889
0.372893
0.372897
0.372901
0.372905
0.372908
0.372912
0.372915
0.372918
0.37292
0.372923
0.372925
0.372927
0.372929
0.37293
0.372932
0.372933
0.372934
0.372935
0.372936
0.372937
0.372937
0.372937
0.372937
0.372937
0.372937
0.372936
0.372935
0.372934
0.372933
0.372932
0.37293
0.372929
0.372927
0.372925
0.372923
0.37292
0.372918
0.372915
0.372912
0.372908
0.372905
0.372901
0.372897
0.372893
0.372889
0.372884
0.37288
0.372875
0.372869
0.372864
0.372858
0.372852
0.388001
0.388007
0.388013
0.388018
0.388024
0.388029
0.388033
0.388038
0.388042
0.388046
0.38805
0.388054
0.388057
0.38806
0.388064
0.388066
0.388069
0.388071
0.388074
0.388076
0.388078
0.388079
0.388081
0.388082
0.388083
0.388084
0.388085
0.388085
0.388086
0.388086
0.388086
0.388086
0.388085
0.388085
0.388084
0.388083
0.388082
0.388081
0.388079
0.388078
0.388076
0.388074
0.388071
0.388069
0.388066
0.388064
0.38806
0.388057
0.388054
0.38805
0.388046
0.388042
0.388038
0.388033
0.388029
0.388024
0.388018
0.388013
0.388007
0.388001
0.403591
0.403597
0.403602
0.403608
0.403613
0.403618
0.403622
0.403627
0.403631
0.403635
0.403639
0.403643
0.403646
0.403649
0.403652
0.403655
0.403658
0.40366
0.403662
0.403664
0.403666
0.403668
0.403669
0.403671
0.403672
0.403673
0.403673
0.403674
0.403674
0.403674
0.403674
0.403674
0.403674
0.403673
0.403673
0.403672
0.403671
0.403669
0.403668
0.403666
0.403664
0.403662
0.40366
0.403658
0.403655
0.403652
0.403649
0.403646
0.403643
0.403639
0.403635
0.403631
0.403627
0.403622
0.403618
0.403613
0.403608
0.403602
0.403597
0.403591
0.419633
0.419639
0.419645
0.41965
0.419655
0.41966
0.419665
0.419669
0.419673
0.419677
0.419681
0.419685
0.419688
0.419691
0.419694
0.419697
0.4197
0.419702
0.419704
0.419706
0.419708
0.41971
0.419711
0.419713
0.419714
0.419714
0.419715
0.419716
0.419716
0.419716
0.419716
0.419716
0.419716
0.419715
0.419714
0.419714
0.419713
0.419711
0.41971
0.419708
0.419706
0.419704
0.419702
0.4197
0.419697
0.419694
0.419691
0.419688
0.419685
0.419681
0.419677
0.419673
0.419669
0.419665
0.41966
0.419655
0.41965
0.419645
0.419639
0.419633
0.436143
0.436148
0.436154
0.436159
0.436164
0.436169
0.436174
0.436178
0.436182
0.436186
0.43619
0.436194
0.436197
0.4362
0.436203
0.436206
0.436209
0.436211
0.436213
0.436215
0.436217
0.436218
0.43622
0.436221
0.436222
0.436223
0.436224
0.436224
0.436225
0.436225
0.436225
0.436225
0.436224
0.436224
0.436223
0.436222
0.436221
0.43622
0.436218
0.436217
0.436215
0.436213
0.436211
0.436209
0.436206
0.436203
0.4362
0.436197
0.436194
0.43619
0.436186
0.436182
0.436178
0.436174
0.436169
0.436164
0.436159
0.436154
0.436148
0.436143
0.453133
0.453139
0.453144
0.453149
0.453154
0.453159
0.453164
0.453168
0.453172
0.453176
0.45318
0.453183
0.453187
0.45319
0.453193
0.453196
0.453198
0.4532
0.453203
0.453205
0.453206
0.453208
0.453209
0.453211
0.453212
0.453213
0.453213
0.453214
0.453214
0.453214
0.453214
0.453214
0.453214
0.453213
0.453213
0.453212
0.453211
0.453209
0.453208
0.453206
0.453205
0.453203
0.4532
0.453198
0.453196
0.453193
0.45319
0.453187
0.453183
0.45318
0.453176
0.453172
0.453168
0.453164
0.453159
0.453154
0.453149
0.453144
0.453139
0.453133
0.470619
0.470625
0.47063
0.470635
0.47064
0.470645
0.470649
0.470654
0.470658
0.470662
0.470665
0.470669
0.470672
0.470675
0.470678
0.470681
0.470683
0.470685
0.470688
0.470689
0.470691
0.470693
0.470694
0.470695
0.470696
0.470697
0.470698
0.470699
0.470699
0.470699
0.470699
0.470699
0.470699
0.470698
0.470697
0.470696
0.470695
0.470694
0.470693
0.470691
0.470689
0.470688
0.470685
0.470683
0.470681
0.470678
0.470675
0.470672
0.470669
0.470665
0.470662
0.470658
0.470654
0.470649
0.470645
0.47064
0.470635
0.47063
0.470625
0.470619
0.488616
0.488621
0.488626
0.488631
0.488636
0.488641
0.488645
0.488649
0.488653
0.488657
0.488661
0.488664
0.488667
0.48867
0.488673
0.488676
0.488678
0.488681
0.488683
0.488685
0.488686
0.488688
0.488689
0.48869
0.488692
0.488692
0.488693
0.488694
0.488694
0.488694
0.488694
0.488694
0.488694
0.488693
0.488692
0.488692
0.48869
0.488689
0.488688
0.488686
0.488685
0.488683
0.488681
0.488678
0.488676
0.488673
0.48867
0.488667
0.488664
0.488661
0.488657
0.488653
0.488649
0.488645
0.488641
0.488636
0.488631
0.488626
0.488621
0.488616
0.507138
0.507143
0.507148
0.507153
0.507158
0.507163
0.507167
0.507171
0.507175
0.507179
0.507182
0.507185
0.507189
0.507192
0.507194
0.507197
0.507199
0.507202
0.507204
0.507205
0.507207
0.507209
0.50721
0.507211
0.507212
0.507213
0.507214
0.507214
0.507215
0.507215
0.507215
0.507215
0.507214
0.507214
0.507213
0.507212
0.507211
0.50721
0.507209
0.507207
0.507205
0.507204
0.507202
0.507199
0.507197
0.507194
0.507192
0.507189
0.507185
0.507182
0.507179
0.507175
0.507171
0.507167
0.507163
0.507158
0.507153
0.507148
0.507143
0.507138
0.526202
0.526207
0.526212
0.526217
0.526222
0.526226
0.52623
0.526234
0.526238
0.526242
0.526245
0.526248
0.526252
0.526254
0.526257
0.52626
0.526262
0.526264
0.526266
0.526268
0.52627
0.526271
0.526272
0.526274
0.526275
0.526275
0.526276
0.526277
0.526277
0.526277
0.526277
0.526277
0.526277
0.526276
0.526275
0.526275
0.526274
0.526272
0.526271
0.52627
0.526268
0.526266
0.526264
0.526262
0.52626
0.526257
0.526254
0.526252
0.526248
0.526245
0.526242
0.526238
0.526234
0.52623
0.526226
0.526222
0.526217
0.526212
0.526207
0.526202
0.545824
0.54583
0.545834
0.545839
0.545844
0.545848
0.545852
0.545856
0.54586
0.545863
0.545866
0.54587
0.545873
0.545875
0.545878
0.54588
0.545883
0.545885
0.545887
0.545889
0.54589
0.545892
0.545893
0.545894
0.545895
0.545896
0.545896
0.545897
0.545897
0.545897
0.545897
0.545897
0.545897
0.545896
0.545896
0.545895
0.545894
0.545893
0.545892
0.54589
0.545889
0.545887
0.545885
0.545883
0.54588
0.545878
0.545875
0.545873
0.54587
0.545866
0.545863
0.54586
0.545856
0.545852
0.545848
0.545844
0.545839
0.545834
0.54583
0.545824
0.566022
0.566027
0.566032
0.566036
0.566041
0.566045
0.566049
0.566052
0.566056
0.566059
0.566063
0.566066
0.566069
0.566071
0.566074
0.566076
0.566079
0.566081
0.566082
0.566084
0.566086
0.566087
0.566088
0.566089
0.56609
0.566091
0.566092
0.566092
0.566093
0.566093
0.566093
0.566093
0.566092
0.566092
0.566091
0.56609
0.566089
0.566088
0.566087
0.566086
0.566084
0.566082
0.566081
0.566079
0.566076
0.566074
0.566071
0.566069
0.566066
0.566063
0.566059
0.566056
0.566052
0.566049
0.566045
0.566041
0.566036
0.566032
0.566027
0.566022
0.586812
0.586817
0.586822
0.586826
0.58683
0.586834
0.586838
0.586842
0.586845
0.586849
0.586852
0.586855
0.586857
0.58686
0.586862
0.586865
0.586867
0.586869
0.586871
0.586872
0.586874
0.586875
0.586876
0.586877
0.586878
0.586879
0.58688
0.58688
0.58688
0.586881
0.586881
0.58688
0.58688
0.58688
0.586879
0.586878
0.586877
0.586876
0.586875
0.586874
0.586872
0.586871
0.586869
0.586867
0.586865
0.586862
0.58686
0.586857
0.586855
0.586852
0.586849
0.586845
0.586842
0.586838
0.586834
0.58683
0.586826
0.586822
0.586817
0.586812
0.608214
0.608218
0.608223
0.608227
0.608231
0.608235
0.608238
0.608242
0.608245
0.608248
0.608251
0.608254
0.608257
0.608259
0.608262
0.608264
0.608266
0.608268
0.60827
0.608271
0.608273
0.608274
0.608275
0.608276
0.608277
0.608278
0.608278
0.608279
0.608279
0.608279
0.608279
0.608279
0.608279
0.608278
0.608278
0.608277
0.608276
0.608275
0.608274
0.608273
0.608271
0.60827
0.608268
0.608266
0.608264
0.608262
0.608259
0.608257
0.608254
0.608251
0.608248
0.608245
0.608242
0.608238
0.608235
0.608231
0.608227
0.608223
0.608218
0.608214
0.630245
0.630249
0.630253
0.630257
0.630261
0.630265
0.630268
0.630271
0.630275
0.630278
0.63028
0.630283
0.630286
0.630288
0.63029
0.630292
0.630294
0.630296
0.630298
0.630299
0.630301
0.630302
0.630303
0.630304
0.630305
0.630306
0.630306
0.630307
0.630307
0.630307
0.630307
0.630307
0.630307
0.630306
0.630306
0.630305
0.630304
0.630303
0.630302
0.630301
0.630299
0.630298
0.630296
0.630294
0.630292
0.63029
0.630288
0.630286
0.630283
0.63028
0.630278
0.630275
0.630271
0.630268
0.630265
0.630261
0.630257
0.630253
0.630249
0.630245
0.652924
0.652928
0.652932
0.652936
0.65294
0.652943
0.652946
0.65295
0.652953
0.652955
0.652958
0.652961
0.652963
0.652965
0.652968
0.65297
0.652971
0.652973
0.652975
0.652976
0.652978
0.652979
0.65298
0.652981
0.652981
0.652982
0.652983
0.652983
0.652983
0.652983
0.652983
0.652983
0.652983
0.652983
0.652982
0.652981
0.652981
0.65298
0.652979
0.652978
0.652976
0.652975
0.652973
0.652971
0.65297
0.652968
0.652965
0.652963
0.652961
0.652958
0.652955
0.652953
0.65295
0.652946
0.652943
0.65294
0.652936
0.652932
0.652928
0.652924
0.676273
0.676276
0.67628
0.676284
0.676287
0.67629
0.676294
0.676297
0.676299
0.676302
0.676305
0.676307
0.676309
0.676312
0.676314
0.676315
0.676317
0.676319
0.67632
0.676322
0.676323
0.676324
0.676325
0.676326
0.676327
0.676327
0.676328
0.676328
0.676328
0.676328
0.676328
0.676328
0.676328
0.676328
0.676327
0.676327
0.676326
0.676325
0.676324
0.676323
0.676322
0.67632
0.676319
0.676317
0.676315
0.676314
0.676312
0.676309
0.676307
0.676305
0.676302
0.676299
0.676297
0.676294
0.67629
0.676287
0.676284
0.67628
0.676276
0.676273
0.70031
0.700314
0.700317
0.700321
0.700324
0.700327
0.70033
0.700333
0.700335
0.700338
0.70034
0.700343
0.700345
0.700347
0.700349
0.70035
0.700352
0.700354
0.700355
0.700356
0.700357
0.700358
0.700359
0.70036
0.700361
0.700361
0.700362
0.700362
0.700362
0.700362
0.700362
0.700362
0.700362
0.700362
0.700361
0.700361
0.70036
0.700359
0.700358
0.700357
0.700356
0.700355
0.700354
0.700352
0.70035
0.700349
0.700347
0.700345
0.700343
0.70034
0.700338
0.700335
0.700333
0.70033
0.700327
0.700324
0.700321
0.700317
0.700314
0.70031
0.725059
0.725062
0.725065
0.725068
0.725071
0.725074
0.725077
0.725079
0.725082
0.725084
0.725086
0.725089
0.725091
0.725092
0.725094
0.725096
0.725097
0.725099
0.7251
0.725101
0.725102
0.725103
0.725104
0.725105
0.725105
0.725106
0.725106
0.725107
0.725107
0.725107
0.725107
0.725107
0.725107
0.725106
0.725106
0.725105
0.725105
0.725104
0.725103
0.725102
0.725101
0.7251
0.725099
0.725097
0.725096
0.725094
0.725092
0.725091
0.725089
0.725086
0.725084
0.725082
0.725079
0.725077
0.725074
0.725071
0.725068
0.725065
0.725062
0.725059
0.75054
0.750543
0.750546
0.750549
0.750551
0.750554
0.750556
0.750559
0.750561
0.750563
0.750565
0.750567
0.750569
0.750571
0.750572
0.750574
0.750575
0.750576
0.750577
0.750579
0.75058
0.75058
0.750581
0.750582
0.750582
0.750583
0.750583
0.750584
0.750584
0.750584
0.750584
0.750584
0.750584
0.750583
0.750583
0.750582
0.750582
0.750581
0.75058
0.75058
0.750579
0.750577
0.750576
0.750575
0.750574
0.750572
0.750571
0.750569
0.750567
0.750565
0.750563
0.750561
0.750559
0.750556
0.750554
0.750551
0.750549
0.750546
0.750543
0.75054
0.776776
0.776779
0.776782
0.776784
0.776787
0.776789
0.776791
0.776793
0.776795
0.776797
0.776799
0.776801
0.776802
0.776804
0.776805
0.776807
0.776808
0.776809
0.77681
0.776811
0.776812
0.776813
0.776814
0.776814
0.776815
0.776815
0.776815
0.776816
0.776816
0.776816
0.776816
0.776816
0.776816
0.776815
0.776815
0.776815
0.776814
0.776814
0.776813
0.776812
0.776811
0.77681
0.776809
0.776808
0.776807
0.776805
0.776804
0.776802
0.776801
0.776799
0.776797
0.776795
0.776793
0.776791
0.776789
0.776787
0.776784
0.776782
0.776779
0.776776
0.803792
0.803794
0.803797
0.803799
0.803801
0.803803
0.803805
0.803807
0.803809
0.80381
0.803812
0.803813
0.803815
0.803816
0.803818
0.803819
0.80382
0.803821
0.803822
0.803823
0.803823
0.803824
0.803825
0.803825
0.803826
0.803826
0.803826
0.803827
0.803827
0.803827
0.803827
0.803827
0.803827
0.803826
0.803826
0.803826
0.803825
0.803825
0.803824
0.803823
0.803823
0.803822
0.803821
0.80382
0.803819
0.803818
0.803816
0.803815
0.803813
0.803812
0.80381
0.803809
0.803807
0.803805
0.803803
0.803801
0.803799
0.803797
0.803794
0.803792
0.831613
0.831614
0.831615
0.831617
0.831619
0.831621
0.831623
0.831624
0.831626
0.831627
0.831629
0.83163
0.831631
0.831632
0.831633
0.831634
0.831635
0.831636
0.831637
0.831638
0.831638
0.831639
0.83164
0.83164
0.83164
0.831641
0.831641
0.831641
0.831641
0.831641
0.831641
0.831641
0.831641
0.831641
0.831641
0.83164
0.83164
0.83164
0.831639
0.831638
0.831638
0.831637
0.831636
0.831635
0.831634
0.831633
0.831632
0.831631
0.83163
0.831629
0.831627
0.831626
0.831624
0.831623
0.831621
0.831619
0.831617
0.831615
0.831614
0.831613
0.860263
0.860263
0.860264
0.860265
0.860267
0.860268
0.86027
0.860271
0.860272
0.860273
0.860275
0.860276
0.860277
0.860278
0.860279
0.860279
0.86028
0.860281
0.860282
0.860282
0.860283
0.860283
0.860284
0.860284
0.860285
0.860285
0.860285
0.860285
0.860285
0.860285
0.860285
0.860285
0.860285
0.860285
0.860285
0.860285
0.860284
0.860284
0.860283
0.860283
0.860282
0.860282
0.860281
0.86028
0.860279
0.860279
0.860278
0.860277
0.860276
0.860275
0.860273
0.860272
0.860271
0.86027
0.860268
0.860267
0.860265
0.860264
0.860263
0.860263
0.889771
0.889769
0.889768
0.889769
0.88977
0.889771
0.889773
0.889774
0.889775
0.889776
0.889776
0.889777
0.889778
0.889779
0.88978
0.88978
0.889781
0.889782
0.889782
0.889783
0.889783
0.889783
0.889784
0.889784
0.889784
0.889785
0.889785
0.889785
0.889785
0.889785
0.889785
0.889785
0.889785
0.889785
0.889785
0.889784
0.889784
0.889784
0.889783
0.889783
0.889783
0.889782
0.889782
0.889781
0.88978
0.88978
0.889779
0.889778
0.889777
0.889776
0.889776
0.889775
0.889774
0.889773
0.889771
0.88977
0.889769
0.889768
0.889769
0.889771
0.920161
0.920156
0.920155
0.920155
0.920155
0.920156
0.920157
0.920158
0.920158
0.920159
0.92016
0.92016
0.920161
0.920162
0.920162
0.920163
0.920163
0.920163
0.920164
0.920164
0.920165
0.920165
0.920165
0.920165
0.920166
0.920166
0.920166
0.920166
0.920166
0.920166
0.920166
0.920166
0.920166
0.920166
0.920166
0.920166
0.920165
0.920165
0.920165
0.920165
0.920164
0.920164
0.920163
0.920163
0.920163
0.920162
0.920162
0.920161
0.92016
0.92016
0.920159
0.920158
0.920158
0.920157
0.920156
0.920155
0.920155
0.920155
0.920156
0.920161
0.951453
0.951446
0.951444
0.951444
0.951444
0.951445
0.951445
0.951446
0.951446
0.951447
0.951447
0.951447
0.951448
0.951448
0.951448
0.951449
0.951449
0.951449
0.951449
0.95145
0.95145
0.95145
0.95145
0.95145
0.95145
0.951451
0.951451
0.951451
0.951451
0.951451
0.951451
0.951451
0.951451
0.951451
0.951451
0.95145
0.95145
0.95145
0.95145
0.95145
0.95145
0.951449
0.951449
0.951449
0.951449
0.951448
0.951448
0.951448
0.951447
0.951447
0.951447
0.951446
0.951446
0.951445
0.951445
0.951444
0.951444
0.951444
0.951446
0.951453
0.983662
0.983659
0.983658
0.983658
0.983658
0.983658
0.983658
0.983658
0.983659
0.983659
0.983659
0.983659
0.983659
0.983659
0.983659
0.98366
0.98366
0.98366
0.98366
0.98366
0.98366
0.98366
0.98366
0.98366
0.98366
0.98366
0.98366
0.98366
0.98366
0.98366
0.98366
0.98366
0.98366
0.98366
0.98366
0.98366
0.98366
0.98366
0.98366
0.98366
0.98366
0.98366
0.98366
0.98366
0.98366
0.983659
0.983659
0.983659
0.983659
0.983659
0.983659
0.983659
0.983658
0.983658
0.983658
0.983658
0.983658
0.983658
0.983659
0.983662
)
;

boundaryField
{
    top
    {
        type            fixedValue;
        value           uniform 1;
    }
    bottom
    {
        type            fixedIonicFlux;
        value           nonuniform List<scalar> 
60
(
5.63589e-24
5.63635e-24
5.63649e-24
5.63657e-24
5.63663e-24
5.63669e-24
5.63674e-24
5.6368e-24
5.63686e-24
5.63692e-24
5.63698e-24
5.63704e-24
5.6371e-24
5.63716e-24
5.63721e-24
5.63727e-24
5.63732e-24
5.63737e-24
5.63742e-24
5.63746e-24
5.6375e-24
5.63754e-24
5.63757e-24
5.6376e-24
5.63763e-24
5.63765e-24
5.63767e-24
5.63768e-24
5.63769e-24
5.63769e-24
5.63769e-24
5.63769e-24
5.63768e-24
5.63767e-24
5.63765e-24
5.63763e-24
5.6376e-24
5.63757e-24
5.63754e-24
5.6375e-24
5.63746e-24
5.63742e-24
5.63737e-24
5.63732e-24
5.63727e-24
5.63721e-24
5.63716e-24
5.6371e-24
5.63704e-24
5.63698e-24
5.63692e-24
5.63686e-24
5.6368e-24
5.63674e-24
5.63669e-24
5.63663e-24
5.63657e-24
5.63649e-24
5.63635e-24
5.63589e-24
)
;
    }
    wall
    {
        type            zeroGradient;
    }
    frontAndBack
    {
        type            empty;
    }
}


// ************************************************************************* //
