/*--------------------------------*- C++ -*----------------------------------*\
| =========                 |                                                 |
| \\      /  F ield         | foam-extend: Open Source CFD                    |
|  \\    /   O peration     | Version:     4.0                                |
|   \\  /    A nd           | Web:         http://www.foam-extend.org         |
|    \\/     M anipulation  |                                                 |
\*---------------------------------------------------------------------------*/
FoamFile
{
    version     2.0;
    format      ascii;
    class       volScalarField;
    location    "830";
    object      cMinus;
}
// * * * * * * * * * * * * * * * * * * * * * * * * * * * * * * * * * * * * * //

dimensions      [0 0 0 0 0 0 0];

internalField   nonuniform List<scalar> 
6960
(
1.31712e-08
1.31866e-08
1.31892e-08
1.31916e-08
1.31939e-08
1.31961e-08
1.31982e-08
1.32002e-08
1.3202e-08
1.32037e-08
1.32052e-08
1.32067e-08
1.3208e-08
1.32093e-08
1.32104e-08
1.32115e-08
1.32124e-08
1.32133e-08
1.32141e-08
1.32148e-08
1.32155e-08
1.32161e-08
1.32166e-08
1.32171e-08
1.32174e-08
1.32178e-08
1.3218e-08
1.32182e-08
1.32183e-08
1.32184e-08
1.32184e-08
1.32183e-08
1.32182e-08
1.3218e-08
1.32178e-08
1.32174e-08
1.32171e-08
1.32166e-08
1.32161e-08
1.32155e-08
1.32148e-08
1.32141e-08
1.32133e-08
1.32124e-08
1.32115e-08
1.32104e-08
1.32093e-08
1.3208e-08
1.32067e-08
1.32052e-08
1.32037e-08
1.3202e-08
1.32002e-08
1.31982e-08
1.31961e-08
1.31939e-08
1.31916e-08
1.31892e-08
1.31866e-08
1.31712e-08
7.55899e-08
7.57124e-08
7.57378e-08
7.57541e-08
7.5768e-08
7.57807e-08
7.57925e-08
7.58033e-08
7.58134e-08
7.58226e-08
7.58312e-08
7.58392e-08
7.58466e-08
7.58534e-08
7.58596e-08
7.58654e-08
7.58707e-08
7.58756e-08
7.588e-08
7.58841e-08
7.58877e-08
7.58909e-08
7.58937e-08
7.58962e-08
7.58983e-08
7.59001e-08
7.59014e-08
7.59025e-08
7.59032e-08
7.59035e-08
7.59035e-08
7.59032e-08
7.59025e-08
7.59014e-08
7.59001e-08
7.58983e-08
7.58962e-08
7.58937e-08
7.58909e-08
7.58877e-08
7.58841e-08
7.588e-08
7.58756e-08
7.58707e-08
7.58654e-08
7.58596e-08
7.58534e-08
7.58466e-08
7.58392e-08
7.58312e-08
7.58226e-08
7.58134e-08
7.58033e-08
7.57925e-08
7.57807e-08
7.5768e-08
7.57541e-08
7.57378e-08
7.57124e-08
7.55899e-08
3.80045e-07
3.80828e-07
3.81007e-07
3.81102e-07
3.81173e-07
3.81236e-07
3.81293e-07
3.81345e-07
3.81394e-07
3.81438e-07
3.81479e-07
3.81517e-07
3.81553e-07
3.81585e-07
3.81615e-07
3.81643e-07
3.81668e-07
3.81691e-07
3.81712e-07
3.81732e-07
3.81749e-07
3.81764e-07
3.81778e-07
3.8179e-07
3.818e-07
3.81808e-07
3.81815e-07
3.8182e-07
3.81823e-07
3.81825e-07
3.81825e-07
3.81823e-07
3.8182e-07
3.81815e-07
3.81808e-07
3.818e-07
3.8179e-07
3.81778e-07
3.81764e-07
3.81749e-07
3.81732e-07
3.81712e-07
3.81691e-07
3.81668e-07
3.81643e-07
3.81615e-07
3.81585e-07
3.81553e-07
3.81517e-07
3.81479e-07
3.81438e-07
3.81394e-07
3.81345e-07
3.81293e-07
3.81236e-07
3.81173e-07
3.81102e-07
3.81007e-07
3.80828e-07
3.80045e-07
1.80287e-06
1.8073e-06
1.80837e-06
1.80887e-06
1.80922e-06
1.80951e-06
1.80977e-06
1.81e-06
1.81022e-06
1.81042e-06
1.81061e-06
1.81078e-06
1.81093e-06
1.81108e-06
1.81121e-06
1.81134e-06
1.81145e-06
1.81155e-06
1.81165e-06
1.81173e-06
1.81181e-06
1.81188e-06
1.81194e-06
1.81199e-06
1.81204e-06
1.81207e-06
1.8121e-06
1.81213e-06
1.81214e-06
1.81215e-06
1.81215e-06
1.81214e-06
1.81213e-06
1.8121e-06
1.81207e-06
1.81204e-06
1.81199e-06
1.81194e-06
1.81188e-06
1.81181e-06
1.81173e-06
1.81165e-06
1.81155e-06
1.81145e-06
1.81134e-06
1.81121e-06
1.81108e-06
1.81093e-06
1.81078e-06
1.81061e-06
1.81042e-06
1.81022e-06
1.81e-06
1.80977e-06
1.80951e-06
1.80922e-06
1.80887e-06
1.80837e-06
1.8073e-06
1.80287e-06
8.10733e-06
8.12993e-06
8.1356e-06
8.13806e-06
8.13962e-06
8.14088e-06
8.14198e-06
8.14298e-06
8.1439e-06
8.14474e-06
8.14552e-06
8.14624e-06
8.1469e-06
8.14751e-06
8.14808e-06
8.1486e-06
8.14907e-06
8.14951e-06
8.1499e-06
8.15026e-06
8.15059e-06
8.15087e-06
8.15113e-06
8.15135e-06
8.15154e-06
8.15169e-06
8.15182e-06
8.15191e-06
8.15197e-06
8.152e-06
8.152e-06
8.15197e-06
8.15191e-06
8.15182e-06
8.15169e-06
8.15154e-06
8.15135e-06
8.15113e-06
8.15087e-06
8.15059e-06
8.15026e-06
8.1499e-06
8.14951e-06
8.14907e-06
8.1486e-06
8.14808e-06
8.14751e-06
8.1469e-06
8.14624e-06
8.14552e-06
8.14474e-06
8.1439e-06
8.14298e-06
8.14198e-06
8.14088e-06
8.13962e-06
8.13806e-06
8.1356e-06
8.12993e-06
8.10733e-06
3.42528e-05
3.4357e-05
3.43838e-05
3.43948e-05
3.44013e-05
3.44064e-05
3.44108e-05
3.44147e-05
3.44183e-05
3.44217e-05
3.44247e-05
3.44275e-05
3.44301e-05
3.44325e-05
3.44347e-05
3.44367e-05
3.44386e-05
3.44403e-05
3.44418e-05
3.44432e-05
3.44445e-05
3.44456e-05
3.44466e-05
3.44475e-05
3.44482e-05
3.44488e-05
3.44493e-05
3.44497e-05
3.44499e-05
3.445e-05
3.445e-05
3.44499e-05
3.44497e-05
3.44493e-05
3.44488e-05
3.44482e-05
3.44475e-05
3.44466e-05
3.44456e-05
3.44445e-05
3.44432e-05
3.44418e-05
3.44403e-05
3.44386e-05
3.44367e-05
3.44347e-05
3.44325e-05
3.44301e-05
3.44275e-05
3.44247e-05
3.44217e-05
3.44183e-05
3.44147e-05
3.44108e-05
3.44064e-05
3.44013e-05
3.43948e-05
3.43838e-05
3.4357e-05
3.42528e-05
0.000134279
0.000134711
0.000134824
0.000134868
0.000134893
0.000134912
0.000134928
0.000134942
0.000134955
0.000134967
0.000134978
0.000134988
0.000134997
0.000135006
0.000135014
0.000135021
0.000135028
0.000135034
0.000135039
0.000135044
0.000135049
0.000135053
0.000135057
0.00013506
0.000135062
0.000135064
0.000135066
0.000135067
0.000135068
0.000135069
0.000135069
0.000135068
0.000135067
0.000135066
0.000135064
0.000135062
0.00013506
0.000135057
0.000135053
0.000135049
0.000135044
0.000135039
0.000135034
0.000135028
0.000135021
0.000135014
0.000135006
0.000134997
0.000134988
0.000134978
0.000134967
0.000134955
0.000134942
0.000134928
0.000134912
0.000134893
0.000134868
0.000134824
0.000134711
0.000134279
0.00048168
0.000483266
0.000483687
0.000483847
0.000483933
0.000483996
0.000484048
0.000484095
0.000484137
0.000484176
0.000484211
0.000484244
0.000484274
0.000484302
0.000484328
0.000484351
0.000484373
0.000484392
0.00048441
0.000484426
0.000484441
0.000484454
0.000484465
0.000484475
0.000484484
0.000484491
0.000484497
0.000484501
0.000484503
0.000484505
0.000484505
0.000484503
0.000484501
0.000484497
0.000484491
0.000484484
0.000484475
0.000484465
0.000484454
0.000484441
0.000484426
0.00048441
0.000484392
0.000484373
0.000484351
0.000484328
0.000484302
0.000484274
0.000484244
0.000484211
0.000484176
0.000484137
0.000484095
0.000484048
0.000483996
0.000483933
0.000483847
0.000483687
0.000483266
0.00048168
0.0015577
0.0015628
0.00156416
0.00156467
0.00156493
0.00156511
0.00156527
0.0015654
0.00156552
0.00156564
0.00156574
0.00156583
0.00156592
0.001566
0.00156607
0.00156614
0.0015662
0.00156625
0.00156631
0.00156635
0.00156639
0.00156643
0.00156646
0.00156649
0.00156652
0.00156654
0.00156655
0.00156656
0.00156657
0.00156658
0.00156658
0.00156657
0.00156656
0.00156655
0.00156654
0.00156652
0.00156649
0.00156646
0.00156643
0.00156639
0.00156635
0.00156631
0.00156625
0.0015662
0.00156614
0.00156607
0.001566
0.00156592
0.00156583
0.00156574
0.00156564
0.00156552
0.0015654
0.00156527
0.00156511
0.00156493
0.00156467
0.00156416
0.0015628
0.0015577
0.00447299
0.0044871
0.00449091
0.0044923
0.00449299
0.00449346
0.00449384
0.00449418
0.00449448
0.00449476
0.00449501
0.00449525
0.00449546
0.00449566
0.00449584
0.00449601
0.00449616
0.0044963
0.00449643
0.00449654
0.00449665
0.00449674
0.00449682
0.00449689
0.00449695
0.004497
0.00449704
0.00449707
0.00449709
0.0044971
0.0044971
0.00449709
0.00449707
0.00449704
0.004497
0.00449695
0.00449689
0.00449682
0.00449674
0.00449665
0.00449654
0.00449643
0.0044963
0.00449616
0.00449601
0.00449584
0.00449566
0.00449546
0.00449525
0.00449501
0.00449476
0.00449448
0.00449418
0.00449384
0.00449346
0.00449299
0.0044923
0.00449091
0.0044871
0.00447299
0.0112488
0.0112819
0.0112909
0.0112941
0.0112956
0.0112966
0.0112975
0.0112982
0.0112988
0.0112994
0.0113
0.0113005
0.0113009
0.0113013
0.0113017
0.0113021
0.0113024
0.0113027
0.0113029
0.0113032
0.0113034
0.0113036
0.0113038
0.0113039
0.011304
0.0113042
0.0113042
0.0113043
0.0113043
0.0113044
0.0113044
0.0113043
0.0113043
0.0113042
0.0113042
0.011304
0.0113039
0.0113038
0.0113036
0.0113034
0.0113032
0.0113029
0.0113027
0.0113024
0.0113021
0.0113017
0.0113013
0.0113009
0.0113005
0.0113
0.0112994
0.0112988
0.0112982
0.0112975
0.0112966
0.0112956
0.0112941
0.0112909
0.0112819
0.0112488
0.024542
0.024607
0.0246247
0.0246309
0.0246339
0.0246357
0.0246372
0.0246385
0.0246397
0.0246407
0.0246417
0.0246425
0.0246433
0.0246441
0.0246448
0.0246454
0.024646
0.0246465
0.024647
0.0246474
0.0246478
0.0246481
0.0246484
0.0246487
0.0246489
0.0246491
0.0246492
0.0246493
0.0246494
0.0246495
0.0246495
0.0246494
0.0246493
0.0246492
0.0246491
0.0246489
0.0246487
0.0246484
0.0246481
0.0246478
0.0246474
0.024647
0.0246465
0.024646
0.0246454
0.0246448
0.0246441
0.0246433
0.0246425
0.0246417
0.0246407
0.0246397
0.0246385
0.0246372
0.0246357
0.0246339
0.0246309
0.0246247
0.024607
0.024542
0.0463954
0.0465026
0.046532
0.0465422
0.0465468
0.0465497
0.046552
0.0465539
0.0465556
0.0465572
0.0465586
0.0465599
0.0465611
0.0465622
0.0465632
0.0465641
0.046565
0.0465658
0.0465665
0.0465671
0.0465677
0.0465682
0.0465686
0.046569
0.0465693
0.0465696
0.0465698
0.04657
0.0465701
0.0465702
0.0465702
0.0465701
0.04657
0.0465698
0.0465696
0.0465693
0.046569
0.0465686
0.0465682
0.0465677
0.0465671
0.0465665
0.0465658
0.046565
0.0465641
0.0465632
0.0465622
0.0465611
0.0465599
0.0465586
0.0465572
0.0465556
0.0465539
0.046552
0.0465497
0.0465468
0.0465422
0.046532
0.0465026
0.0463954
0.076723
0.0768744
0.0769163
0.0769306
0.0769369
0.0769407
0.0769436
0.076946
0.0769482
0.0769502
0.076952
0.0769537
0.0769552
0.0769566
0.0769578
0.076959
0.0769601
0.0769611
0.0769619
0.0769627
0.0769635
0.0769641
0.0769647
0.0769652
0.0769656
0.0769659
0.0769662
0.0769664
0.0769665
0.0769666
0.0769666
0.0769665
0.0769664
0.0769662
0.0769659
0.0769656
0.0769652
0.0769647
0.0769641
0.0769635
0.0769627
0.0769619
0.0769611
0.0769601
0.076959
0.0769578
0.0769566
0.0769552
0.0769537
0.076952
0.0769502
0.0769482
0.076946
0.0769436
0.0769407
0.0769369
0.0769306
0.0769163
0.0768744
0.076723
0.113128
0.113317
0.11337
0.113388
0.113395
0.1134
0.113403
0.113406
0.113408
0.113411
0.113413
0.113414
0.113416
0.113418
0.113419
0.11342
0.113422
0.113423
0.113424
0.113425
0.113425
0.113426
0.113427
0.113427
0.113428
0.113428
0.113428
0.113429
0.113429
0.113429
0.113429
0.113429
0.113429
0.113428
0.113428
0.113428
0.113427
0.113427
0.113426
0.113425
0.113425
0.113424
0.113423
0.113422
0.11342
0.113419
0.113418
0.113416
0.113414
0.113413
0.113411
0.113408
0.113406
0.113403
0.1134
0.113395
0.113388
0.11337
0.113317
0.113128
0.15236
0.152579
0.15264
0.152661
0.152669
0.152674
0.152678
0.152681
0.152683
0.152685
0.152687
0.152689
0.152691
0.152693
0.152694
0.152695
0.152697
0.152698
0.152699
0.1527
0.1527
0.152701
0.152702
0.152702
0.152703
0.152703
0.152704
0.152704
0.152704
0.152704
0.152704
0.152704
0.152704
0.152704
0.152703
0.152703
0.152702
0.152702
0.152701
0.1527
0.1527
0.152699
0.152698
0.152697
0.152695
0.152694
0.152693
0.152691
0.152689
0.152687
0.152685
0.152683
0.152681
0.152678
0.152674
0.152669
0.152661
0.15264
0.152579
0.15236
0.191888
0.192128
0.192197
0.192219
0.192228
0.192233
0.192237
0.19224
0.192242
0.192244
0.192247
0.192248
0.19225
0.192252
0.192253
0.192254
0.192255
0.192257
0.192257
0.192258
0.192259
0.19226
0.19226
0.192261
0.192261
0.192262
0.192262
0.192262
0.192263
0.192263
0.192263
0.192263
0.192262
0.192262
0.192262
0.192261
0.192261
0.19226
0.19226
0.192259
0.192258
0.192257
0.192257
0.192255
0.192254
0.192253
0.192252
0.19225
0.192248
0.192247
0.192244
0.192242
0.19224
0.192237
0.192233
0.192228
0.192219
0.192197
0.192128
0.191888
0.23039
0.230647
0.230721
0.230746
0.230756
0.230761
0.230764
0.230767
0.230769
0.230772
0.230774
0.230775
0.230777
0.230778
0.23078
0.230781
0.230782
0.230783
0.230784
0.230785
0.230786
0.230786
0.230787
0.230787
0.230788
0.230788
0.230788
0.230789
0.230789
0.230789
0.230789
0.230789
0.230789
0.230788
0.230788
0.230788
0.230787
0.230787
0.230786
0.230786
0.230785
0.230784
0.230783
0.230782
0.230781
0.23078
0.230778
0.230777
0.230775
0.230774
0.230772
0.230769
0.230767
0.230764
0.230761
0.230756
0.230746
0.230721
0.230647
0.23039
0.267424
0.267696
0.267775
0.267802
0.267812
0.267817
0.26782
0.267823
0.267825
0.267827
0.267829
0.267831
0.267832
0.267834
0.267835
0.267836
0.267837
0.267838
0.267839
0.26784
0.267841
0.267841
0.267842
0.267842
0.267843
0.267843
0.267843
0.267844
0.267844
0.267844
0.267844
0.267844
0.267844
0.267843
0.267843
0.267843
0.267842
0.267842
0.267841
0.267841
0.26784
0.267839
0.267838
0.267837
0.267836
0.267835
0.267834
0.267832
0.267831
0.267829
0.267827
0.267825
0.267823
0.26782
0.267817
0.267812
0.267802
0.267775
0.267696
0.267424
0.302953
0.303238
0.303323
0.303351
0.303362
0.303367
0.30337
0.303373
0.303375
0.303377
0.303379
0.30338
0.303382
0.303383
0.303384
0.303385
0.303386
0.303387
0.303388
0.303389
0.30339
0.30339
0.303391
0.303391
0.303391
0.303392
0.303392
0.303392
0.303392
0.303392
0.303392
0.303392
0.303392
0.303392
0.303392
0.303391
0.303391
0.303391
0.30339
0.30339
0.303389
0.303388
0.303387
0.303386
0.303385
0.303384
0.303383
0.303382
0.30338
0.303379
0.303377
0.303375
0.303373
0.30337
0.303367
0.303362
0.303351
0.303323
0.303238
0.302953
0.337059
0.337355
0.337446
0.337475
0.337487
0.337492
0.337495
0.337498
0.3375
0.337502
0.337503
0.337505
0.337506
0.337508
0.337509
0.33751
0.337511
0.337512
0.337512
0.337513
0.337514
0.337514
0.337515
0.337515
0.337516
0.337516
0.337516
0.337516
0.337516
0.337516
0.337516
0.337516
0.337516
0.337516
0.337516
0.337516
0.337515
0.337515
0.337514
0.337514
0.337513
0.337512
0.337512
0.337511
0.33751
0.337509
0.337508
0.337506
0.337505
0.337503
0.337502
0.3375
0.337498
0.337495
0.337492
0.337487
0.337475
0.337446
0.337355
0.337059
0.369828
0.370134
0.370229
0.370261
0.370273
0.370278
0.370281
0.370284
0.370286
0.370288
0.370289
0.370291
0.370292
0.370293
0.370294
0.370295
0.370296
0.370297
0.370298
0.370298
0.370299
0.370299
0.3703
0.3703
0.370301
0.370301
0.370301
0.370301
0.370301
0.370301
0.370301
0.370301
0.370301
0.370301
0.370301
0.370301
0.3703
0.3703
0.370299
0.370299
0.370298
0.370298
0.370297
0.370296
0.370295
0.370294
0.370293
0.370292
0.370291
0.370289
0.370288
0.370286
0.370284
0.370281
0.370278
0.370273
0.370261
0.370229
0.370134
0.369828
0.401325
0.40164
0.40174
0.401773
0.401786
0.401791
0.401794
0.401797
0.401799
0.4018
0.401802
0.401803
0.401804
0.401806
0.401807
0.401807
0.401808
0.401809
0.40181
0.40181
0.401811
0.401811
0.401812
0.401812
0.401813
0.401813
0.401813
0.401813
0.401813
0.401813
0.401813
0.401813
0.401813
0.401813
0.401813
0.401813
0.401812
0.401812
0.401811
0.401811
0.40181
0.40181
0.401809
0.401808
0.401807
0.401807
0.401806
0.401804
0.401803
0.401802
0.4018
0.401799
0.401797
0.401794
0.401791
0.401786
0.401773
0.40174
0.40164
0.401325
0.431599
0.431922
0.432026
0.432061
0.432074
0.43208
0.432083
0.432085
0.432087
0.432089
0.43209
0.432092
0.432093
0.432094
0.432095
0.432096
0.432096
0.432097
0.432098
0.432098
0.432099
0.432099
0.4321
0.4321
0.4321
0.432101
0.432101
0.432101
0.432101
0.432101
0.432101
0.432101
0.432101
0.432101
0.432101
0.4321
0.4321
0.4321
0.432099
0.432099
0.432098
0.432098
0.432097
0.432096
0.432096
0.432095
0.432094
0.432093
0.432092
0.43209
0.432089
0.432087
0.432085
0.432083
0.43208
0.432074
0.432061
0.432026
0.431922
0.431599
0.46069
0.461018
0.461127
0.461164
0.461178
0.461184
0.461187
0.461189
0.461191
0.461192
0.461194
0.461195
0.461196
0.461197
0.461198
0.461199
0.461199
0.4612
0.461201
0.461201
0.461202
0.461202
0.461203
0.461203
0.461203
0.461203
0.461204
0.461204
0.461204
0.461204
0.461204
0.461204
0.461204
0.461204
0.461203
0.461203
0.461203
0.461203
0.461202
0.461202
0.461201
0.461201
0.4612
0.461199
0.461199
0.461198
0.461197
0.461196
0.461195
0.461194
0.461192
0.461191
0.461189
0.461187
0.461184
0.461178
0.461164
0.461127
0.461018
0.46069
0.48863
0.488964
0.489077
0.489116
0.48913
0.489136
0.489139
0.489141
0.489143
0.489144
0.489145
0.489147
0.489148
0.489148
0.489149
0.48915
0.489151
0.489151
0.489152
0.489153
0.489153
0.489153
0.489154
0.489154
0.489154
0.489155
0.489155
0.489155
0.489155
0.489155
0.489155
0.489155
0.489155
0.489155
0.489155
0.489154
0.489154
0.489154
0.489153
0.489153
0.489153
0.489152
0.489151
0.489151
0.48915
0.489149
0.489148
0.489148
0.489147
0.489145
0.489144
0.489143
0.489141
0.489139
0.489136
0.48913
0.489116
0.489077
0.488964
0.48863
0.515451
0.515788
0.515905
0.515946
0.515961
0.515967
0.51597
0.515972
0.515974
0.515975
0.515977
0.515978
0.515979
0.515979
0.51598
0.515981
0.515982
0.515982
0.515983
0.515983
0.515984
0.515984
0.515984
0.515985
0.515985
0.515985
0.515985
0.515985
0.515986
0.515986
0.515986
0.515986
0.515985
0.515985
0.515985
0.515985
0.515985
0.515984
0.515984
0.515984
0.515983
0.515983
0.515982
0.515982
0.515981
0.51598
0.515979
0.515979
0.515978
0.515977
0.515975
0.515974
0.515972
0.51597
0.515967
0.515961
0.515946
0.515905
0.515788
0.515451
0.541183
0.541523
0.541643
0.541686
0.541701
0.541707
0.541711
0.541713
0.541714
0.541715
0.541717
0.541718
0.541718
0.541719
0.54172
0.541721
0.541721
0.541722
0.541722
0.541723
0.541723
0.541724
0.541724
0.541724
0.541724
0.541725
0.541725
0.541725
0.541725
0.541725
0.541725
0.541725
0.541725
0.541725
0.541725
0.541724
0.541724
0.541724
0.541724
0.541723
0.541723
0.541722
0.541722
0.541721
0.541721
0.54172
0.541719
0.541718
0.541718
0.541717
0.541715
0.541714
0.541713
0.541711
0.541707
0.541701
0.541686
0.541643
0.541523
0.541183
0.565853
0.566194
0.566318
0.566363
0.566379
0.566385
0.566389
0.566391
0.566392
0.566393
0.566394
0.566395
0.566396
0.566397
0.566398
0.566398
0.566399
0.566399
0.5664
0.5664
0.566401
0.566401
0.566401
0.566402
0.566402
0.566402
0.566402
0.566402
0.566402
0.566402
0.566402
0.566402
0.566402
0.566402
0.566402
0.566402
0.566402
0.566401
0.566401
0.566401
0.5664
0.5664
0.566399
0.566399
0.566398
0.566398
0.566397
0.566396
0.566395
0.566394
0.566393
0.566392
0.566391
0.566389
0.566385
0.566379
0.566363
0.566318
0.566194
0.565853
0.589491
0.589833
0.58996
0.590006
0.590022
0.590029
0.590032
0.590034
0.590036
0.590037
0.590038
0.590039
0.59004
0.59004
0.590041
0.590042
0.590042
0.590043
0.590043
0.590043
0.590044
0.590044
0.590044
0.590045
0.590045
0.590045
0.590045
0.590045
0.590045
0.590045
0.590045
0.590045
0.590045
0.590045
0.590045
0.590045
0.590045
0.590044
0.590044
0.590044
0.590043
0.590043
0.590043
0.590042
0.590042
0.590041
0.59004
0.59004
0.590039
0.590038
0.590037
0.590036
0.590034
0.590032
0.590029
0.590022
0.590006
0.58996
0.589833
0.589491
0.612123
0.612465
0.612595
0.612642
0.61266
0.612667
0.61267
0.612672
0.612674
0.612675
0.612676
0.612676
0.612677
0.612678
0.612678
0.612679
0.612679
0.61268
0.61268
0.612681
0.612681
0.612681
0.612682
0.612682
0.612682
0.612682
0.612682
0.612682
0.612683
0.612683
0.612683
0.612683
0.612682
0.612682
0.612682
0.612682
0.612682
0.612682
0.612681
0.612681
0.612681
0.61268
0.61268
0.612679
0.612679
0.612678
0.612678
0.612677
0.612676
0.612676
0.612675
0.612674
0.612672
0.61267
0.612667
0.61266
0.612642
0.612595
0.612465
0.612123
0.633779
0.634119
0.634251
0.634301
0.634319
0.634326
0.63433
0.634332
0.634333
0.634334
0.634335
0.634336
0.634336
0.634337
0.634337
0.634338
0.634338
0.634339
0.634339
0.63434
0.63434
0.63434
0.63434
0.634341
0.634341
0.634341
0.634341
0.634341
0.634341
0.634341
0.634341
0.634341
0.634341
0.634341
0.634341
0.634341
0.634341
0.63434
0.63434
0.63434
0.63434
0.634339
0.634339
0.634338
0.634338
0.634337
0.634337
0.634336
0.634336
0.634335
0.634334
0.634333
0.634332
0.63433
0.634326
0.634319
0.634301
0.634251
0.634119
0.633779
0.654484
0.654823
0.654957
0.655008
0.655027
0.655035
0.655038
0.65504
0.655041
0.655042
0.655043
0.655044
0.655045
0.655045
0.655046
0.655046
0.655047
0.655047
0.655047
0.655048
0.655048
0.655048
0.655048
0.655049
0.655049
0.655049
0.655049
0.655049
0.655049
0.655049
0.655049
0.655049
0.655049
0.655049
0.655049
0.655049
0.655049
0.655048
0.655048
0.655048
0.655048
0.655047
0.655047
0.655047
0.655046
0.655046
0.655045
0.655045
0.655044
0.655043
0.655042
0.655041
0.65504
0.655038
0.655035
0.655027
0.655008
0.654957
0.654823
0.654484
0.674267
0.674603
0.674739
0.674792
0.674812
0.67482
0.674823
0.674825
0.674826
0.674827
0.674828
0.674829
0.674829
0.67483
0.67483
0.674831
0.674831
0.674831
0.674832
0.674832
0.674832
0.674833
0.674833
0.674833
0.674833
0.674833
0.674833
0.674834
0.674834
0.674834
0.674834
0.674834
0.674834
0.674833
0.674833
0.674833
0.674833
0.674833
0.674833
0.674832
0.674832
0.674832
0.674831
0.674831
0.674831
0.67483
0.67483
0.674829
0.674829
0.674828
0.674827
0.674826
0.674825
0.674823
0.67482
0.674812
0.674792
0.674739
0.674603
0.674267
0.693155
0.693487
0.693625
0.693679
0.6937
0.693708
0.693712
0.693714
0.693715
0.693716
0.693716
0.693717
0.693718
0.693718
0.693719
0.693719
0.693719
0.69372
0.69372
0.69372
0.693721
0.693721
0.693721
0.693721
0.693721
0.693721
0.693722
0.693722
0.693722
0.693722
0.693722
0.693722
0.693722
0.693722
0.693721
0.693721
0.693721
0.693721
0.693721
0.693721
0.69372
0.69372
0.69372
0.693719
0.693719
0.693719
0.693718
0.693718
0.693717
0.693716
0.693716
0.693715
0.693714
0.693712
0.693708
0.6937
0.693679
0.693625
0.693487
0.693155
0.711174
0.711502
0.711641
0.711697
0.711718
0.711727
0.711731
0.711733
0.711734
0.711735
0.711735
0.711736
0.711736
0.711737
0.711737
0.711738
0.711738
0.711738
0.711739
0.711739
0.711739
0.711739
0.71174
0.71174
0.71174
0.71174
0.71174
0.71174
0.71174
0.71174
0.71174
0.71174
0.71174
0.71174
0.71174
0.71174
0.71174
0.71174
0.711739
0.711739
0.711739
0.711739
0.711738
0.711738
0.711738
0.711737
0.711737
0.711736
0.711736
0.711735
0.711735
0.711734
0.711733
0.711731
0.711727
0.711718
0.711697
0.711641
0.711502
0.711174
0.728351
0.728675
0.728815
0.728872
0.728894
0.728903
0.728907
0.728909
0.72891
0.728911
0.728911
0.728912
0.728912
0.728913
0.728913
0.728914
0.728914
0.728914
0.728915
0.728915
0.728915
0.728915
0.728915
0.728916
0.728916
0.728916
0.728916
0.728916
0.728916
0.728916
0.728916
0.728916
0.728916
0.728916
0.728916
0.728916
0.728916
0.728915
0.728915
0.728915
0.728915
0.728915
0.728914
0.728914
0.728914
0.728913
0.728913
0.728912
0.728912
0.728911
0.728911
0.72891
0.728909
0.728907
0.728903
0.728894
0.728872
0.728815
0.728675
0.728351
0.744713
0.745031
0.745172
0.74523
0.745254
0.745263
0.745267
0.745269
0.74527
0.745271
0.745271
0.745272
0.745272
0.745273
0.745273
0.745273
0.745274
0.745274
0.745274
0.745274
0.745275
0.745275
0.745275
0.745275
0.745275
0.745275
0.745275
0.745275
0.745275
0.745276
0.745276
0.745275
0.745275
0.745275
0.745275
0.745275
0.745275
0.745275
0.745275
0.745275
0.745274
0.745274
0.745274
0.745274
0.745273
0.745273
0.745273
0.745272
0.745272
0.745271
0.745271
0.74527
0.745269
0.745267
0.745263
0.745254
0.74523
0.745172
0.745031
0.744713
0.760286
0.760598
0.76074
0.760799
0.760823
0.760833
0.760837
0.760839
0.76084
0.760841
0.760841
0.760842
0.760842
0.760842
0.760843
0.760843
0.760843
0.760844
0.760844
0.760844
0.760844
0.760844
0.760844
0.760845
0.760845
0.760845
0.760845
0.760845
0.760845
0.760845
0.760845
0.760845
0.760845
0.760845
0.760845
0.760845
0.760845
0.760844
0.760844
0.760844
0.760844
0.760844
0.760844
0.760843
0.760843
0.760843
0.760842
0.760842
0.760842
0.760841
0.760841
0.76084
0.760839
0.760837
0.760833
0.760823
0.760799
0.76074
0.760598
0.760286
0.775095
0.775402
0.775543
0.775603
0.775628
0.775638
0.775643
0.775645
0.775646
0.775646
0.775647
0.775647
0.775648
0.775648
0.775648
0.775649
0.775649
0.775649
0.775649
0.77565
0.77565
0.77565
0.77565
0.77565
0.77565
0.77565
0.77565
0.77565
0.77565
0.77565
0.77565
0.77565
0.77565
0.77565
0.77565
0.77565
0.77565
0.77565
0.77565
0.77565
0.77565
0.775649
0.775649
0.775649
0.775649
0.775648
0.775648
0.775648
0.775647
0.775647
0.775646
0.775646
0.775645
0.775643
0.775638
0.775628
0.775603
0.775543
0.775402
0.775095
0.789167
0.789467
0.789608
0.78967
0.789695
0.789706
0.78971
0.789712
0.789713
0.789714
0.789714
0.789715
0.789715
0.789715
0.789716
0.789716
0.789716
0.789716
0.789717
0.789717
0.789717
0.789717
0.789717
0.789717
0.789717
0.789718
0.789718
0.789718
0.789718
0.789718
0.789718
0.789718
0.789718
0.789718
0.789718
0.789717
0.789717
0.789717
0.789717
0.789717
0.789717
0.789717
0.789716
0.789716
0.789716
0.789716
0.789715
0.789715
0.789715
0.789714
0.789714
0.789713
0.789712
0.78971
0.789706
0.789695
0.78967
0.789608
0.789467
0.789167
0.802527
0.80282
0.802961
0.803023
0.803049
0.80306
0.803065
0.803067
0.803068
0.803069
0.803069
0.803069
0.80307
0.80307
0.80307
0.80307
0.803071
0.803071
0.803071
0.803071
0.803071
0.803072
0.803072
0.803072
0.803072
0.803072
0.803072
0.803072
0.803072
0.803072
0.803072
0.803072
0.803072
0.803072
0.803072
0.803072
0.803072
0.803072
0.803072
0.803071
0.803071
0.803071
0.803071
0.803071
0.80307
0.80307
0.80307
0.80307
0.803069
0.803069
0.803069
0.803068
0.803067
0.803065
0.80306
0.803049
0.803023
0.802961
0.80282
0.802527
0.8152
0.815486
0.815625
0.815688
0.815715
0.815727
0.815732
0.815734
0.815735
0.815736
0.815736
0.815736
0.815737
0.815737
0.815737
0.815737
0.815738
0.815738
0.815738
0.815738
0.815738
0.815738
0.815738
0.815738
0.815739
0.815739
0.815739
0.815739
0.815739
0.815739
0.815739
0.815739
0.815739
0.815739
0.815739
0.815739
0.815738
0.815738
0.815738
0.815738
0.815738
0.815738
0.815738
0.815738
0.815737
0.815737
0.815737
0.815737
0.815736
0.815736
0.815736
0.815735
0.815734
0.815732
0.815727
0.815715
0.815688
0.815625
0.815486
0.8152
0.82721
0.827489
0.827627
0.827691
0.827719
0.827731
0.827736
0.827738
0.827739
0.82774
0.82774
0.82774
0.827741
0.827741
0.827741
0.827741
0.827742
0.827742
0.827742
0.827742
0.827742
0.827742
0.827742
0.827742
0.827742
0.827743
0.827743
0.827743
0.827743
0.827743
0.827743
0.827743
0.827743
0.827743
0.827743
0.827742
0.827742
0.827742
0.827742
0.827742
0.827742
0.827742
0.827742
0.827742
0.827741
0.827741
0.827741
0.827741
0.82774
0.82774
0.82774
0.827739
0.827738
0.827736
0.827731
0.827719
0.827691
0.827627
0.827489
0.82721
0.838584
0.838854
0.838991
0.839055
0.839084
0.839096
0.839101
0.839104
0.839105
0.839106
0.839106
0.839106
0.839107
0.839107
0.839107
0.839107
0.839107
0.839107
0.839108
0.839108
0.839108
0.839108
0.839108
0.839108
0.839108
0.839108
0.839108
0.839108
0.839108
0.839108
0.839108
0.839108
0.839108
0.839108
0.839108
0.839108
0.839108
0.839108
0.839108
0.839108
0.839108
0.839108
0.839107
0.839107
0.839107
0.839107
0.839107
0.839107
0.839106
0.839106
0.839106
0.839105
0.839104
0.839101
0.839096
0.839084
0.839055
0.838991
0.838854
0.838584
0.849343
0.849606
0.849741
0.849806
0.849835
0.849848
0.849853
0.849856
0.849857
0.849857
0.849858
0.849858
0.849858
0.849859
0.849859
0.849859
0.849859
0.849859
0.849859
0.849859
0.849859
0.84986
0.84986
0.84986
0.84986
0.84986
0.84986
0.84986
0.84986
0.84986
0.84986
0.84986
0.84986
0.84986
0.84986
0.84986
0.84986
0.84986
0.84986
0.849859
0.849859
0.849859
0.849859
0.849859
0.849859
0.849859
0.849859
0.849858
0.849858
0.849858
0.849857
0.849857
0.849856
0.849853
0.849848
0.849835
0.849806
0.849741
0.849606
0.849343
0.859513
0.859767
0.859901
0.859966
0.859996
0.860009
0.860015
0.860017
0.860018
0.860019
0.860019
0.86002
0.86002
0.86002
0.86002
0.86002
0.860021
0.860021
0.860021
0.860021
0.860021
0.860021
0.860021
0.860021
0.860021
0.860021
0.860021
0.860021
0.860021
0.860021
0.860021
0.860021
0.860021
0.860021
0.860021
0.860021
0.860021
0.860021
0.860021
0.860021
0.860021
0.860021
0.860021
0.860021
0.86002
0.86002
0.86002
0.86002
0.86002
0.860019
0.860019
0.860018
0.860017
0.860015
0.860009
0.859996
0.859966
0.859901
0.859767
0.859513
0.869117
0.869363
0.869495
0.86956
0.86959
0.869603
0.869609
0.869612
0.869613
0.869614
0.869614
0.869615
0.869615
0.869615
0.869615
0.869615
0.869615
0.869615
0.869615
0.869616
0.869616
0.869616
0.869616
0.869616
0.869616
0.869616
0.869616
0.869616
0.869616
0.869616
0.869616
0.869616
0.869616
0.869616
0.869616
0.869616
0.869616
0.869616
0.869616
0.869616
0.869616
0.869615
0.869615
0.869615
0.869615
0.869615
0.869615
0.869615
0.869615
0.869614
0.869614
0.869613
0.869612
0.869609
0.869603
0.86959
0.86956
0.869495
0.869363
0.869117
0.878177
0.878415
0.878545
0.878609
0.87864
0.878654
0.87866
0.878663
0.878664
0.878665
0.878666
0.878666
0.878666
0.878666
0.878666
0.878666
0.878666
0.878666
0.878667
0.878667
0.878667
0.878667
0.878667
0.878667
0.878667
0.878667
0.878667
0.878667
0.878667
0.878667
0.878667
0.878667
0.878667
0.878667
0.878667
0.878667
0.878667
0.878667
0.878667
0.878667
0.878667
0.878667
0.878666
0.878666
0.878666
0.878666
0.878666
0.878666
0.878666
0.878666
0.878665
0.878664
0.878663
0.87866
0.878654
0.87864
0.878609
0.878545
0.878415
0.878177
0.886717
0.886947
0.887074
0.887138
0.887169
0.887184
0.88719
0.887193
0.887195
0.887195
0.887196
0.887196
0.887196
0.887196
0.887196
0.887196
0.887196
0.887197
0.887197
0.887197
0.887197
0.887197
0.887197
0.887197
0.887197
0.887197
0.887197
0.887197
0.887197
0.887197
0.887197
0.887197
0.887197
0.887197
0.887197
0.887197
0.887197
0.887197
0.887197
0.887197
0.887197
0.887197
0.887197
0.887196
0.887196
0.887196
0.887196
0.887196
0.887196
0.887196
0.887195
0.887195
0.887193
0.88719
0.887184
0.887169
0.887138
0.887074
0.886947
0.886717
0.894759
0.89498
0.895104
0.895169
0.8952
0.895215
0.895221
0.895225
0.895226
0.895227
0.895227
0.895227
0.895227
0.895228
0.895228
0.895228
0.895228
0.895228
0.895228
0.895228
0.895228
0.895228
0.895228
0.895228
0.895228
0.895228
0.895228
0.895228
0.895228
0.895228
0.895228
0.895228
0.895228
0.895228
0.895228
0.895228
0.895228
0.895228
0.895228
0.895228
0.895228
0.895228
0.895228
0.895228
0.895228
0.895228
0.895228
0.895227
0.895227
0.895227
0.895227
0.895226
0.895225
0.895221
0.895215
0.8952
0.895169
0.895104
0.89498
0.894759
0.902324
0.902536
0.902658
0.902722
0.902753
0.902768
0.902776
0.902779
0.90278
0.902781
0.902781
0.902782
0.902782
0.902782
0.902782
0.902782
0.902782
0.902782
0.902782
0.902782
0.902782
0.902782
0.902782
0.902782
0.902782
0.902782
0.902782
0.902782
0.902782
0.902782
0.902782
0.902782
0.902782
0.902782
0.902782
0.902782
0.902782
0.902782
0.902782
0.902782
0.902782
0.902782
0.902782
0.902782
0.902782
0.902782
0.902782
0.902782
0.902782
0.902781
0.902781
0.90278
0.902779
0.902776
0.902768
0.902753
0.902722
0.902658
0.902536
0.902324
0.909434
0.909637
0.909756
0.909819
0.909851
0.909867
0.909874
0.909877
0.909879
0.90988
0.90988
0.90988
0.90988
0.90988
0.909881
0.909881
0.909881
0.909881
0.909881
0.909881
0.909881
0.909881
0.909881
0.909881
0.909881
0.909881
0.909881
0.909881
0.909881
0.909881
0.909881
0.909881
0.909881
0.909881
0.909881
0.909881
0.909881
0.909881
0.909881
0.909881
0.909881
0.909881
0.909881
0.909881
0.909881
0.909881
0.90988
0.90988
0.90988
0.90988
0.90988
0.909879
0.909877
0.909874
0.909867
0.909851
0.909819
0.909756
0.909637
0.909434
0.916109
0.916304
0.916419
0.916482
0.916514
0.91653
0.916537
0.916541
0.916543
0.916543
0.916544
0.916544
0.916544
0.916544
0.916544
0.916544
0.916544
0.916544
0.916544
0.916544
0.916544
0.916544
0.916544
0.916544
0.916544
0.916544
0.916544
0.916544
0.916544
0.916544
0.916544
0.916544
0.916544
0.916544
0.916544
0.916544
0.916544
0.916544
0.916544
0.916544
0.916544
0.916544
0.916544
0.916544
0.916544
0.916544
0.916544
0.916544
0.916544
0.916544
0.916543
0.916543
0.916541
0.916537
0.91653
0.916514
0.916482
0.916419
0.916304
0.916109
0.922369
0.922557
0.922669
0.92273
0.922763
0.922779
0.922786
0.92279
0.922792
0.922793
0.922793
0.922793
0.922793
0.922793
0.922793
0.922793
0.922793
0.922793
0.922793
0.922793
0.922794
0.922794
0.922794
0.922794
0.922794
0.922794
0.922794
0.922794
0.922794
0.922794
0.922794
0.922794
0.922794
0.922794
0.922794
0.922794
0.922794
0.922794
0.922794
0.922794
0.922793
0.922793
0.922793
0.922793
0.922793
0.922793
0.922793
0.922793
0.922793
0.922793
0.922793
0.922792
0.92279
0.922786
0.922779
0.922763
0.92273
0.922669
0.922557
0.922369
0.928236
0.928415
0.928523
0.928584
0.928616
0.928633
0.928641
0.928644
0.928646
0.928647
0.928648
0.928648
0.928648
0.928648
0.928648
0.928648
0.928648
0.928648
0.928648
0.928648
0.928648
0.928648
0.928648
0.928648
0.928648
0.928648
0.928648
0.928648
0.928648
0.928648
0.928648
0.928648
0.928648
0.928648
0.928648
0.928648
0.928648
0.928648
0.928648
0.928648
0.928648
0.928648
0.928648
0.928648
0.928648
0.928648
0.928648
0.928648
0.928648
0.928648
0.928647
0.928646
0.928644
0.928641
0.928633
0.928616
0.928584
0.928523
0.928415
0.928236
0.933727
0.933898
0.934003
0.934063
0.934095
0.934111
0.934119
0.934123
0.934125
0.934126
0.934127
0.934127
0.934127
0.934127
0.934127
0.934127
0.934127
0.934127
0.934127
0.934127
0.934127
0.934127
0.934127
0.934127
0.934127
0.934127
0.934127
0.934127
0.934127
0.934127
0.934127
0.934127
0.934127
0.934127
0.934127
0.934127
0.934127
0.934127
0.934127
0.934127
0.934127
0.934127
0.934127
0.934127
0.934127
0.934127
0.934127
0.934127
0.934127
0.934127
0.934126
0.934125
0.934123
0.934119
0.934111
0.934095
0.934063
0.934003
0.933898
0.933727
0.938861
0.939024
0.939126
0.939184
0.939216
0.939233
0.939242
0.939246
0.939248
0.939249
0.939249
0.939249
0.939249
0.939249
0.939249
0.939249
0.939249
0.939249
0.939249
0.939249
0.939249
0.939249
0.939249
0.939249
0.939249
0.939249
0.939249
0.939249
0.939249
0.939249
0.939249
0.939249
0.939249
0.939249
0.939249
0.939249
0.939249
0.939249
0.939249
0.939249
0.939249
0.939249
0.939249
0.939249
0.939249
0.939249
0.939249
0.939249
0.939249
0.939249
0.939249
0.939248
0.939246
0.939242
0.939233
0.939216
0.939184
0.939126
0.939024
0.938861
0.943658
0.943812
0.94391
0.943968
0.944
0.944017
0.944025
0.94403
0.944032
0.944033
0.944033
0.944033
0.944033
0.944033
0.944033
0.944033
0.944033
0.944033
0.944033
0.944033
0.944033
0.944033
0.944033
0.944033
0.944033
0.944033
0.944033
0.944033
0.944033
0.944033
0.944033
0.944033
0.944033
0.944033
0.944033
0.944033
0.944033
0.944033
0.944033
0.944033
0.944033
0.944033
0.944033
0.944033
0.944033
0.944033
0.944033
0.944033
0.944033
0.944033
0.944033
0.944032
0.94403
0.944025
0.944017
0.944
0.943968
0.94391
0.943812
0.943658
0.948133
0.94828
0.948375
0.948431
0.948462
0.948479
0.948488
0.948492
0.948495
0.948496
0.948496
0.948496
0.948496
0.948496
0.948496
0.948496
0.948496
0.948496
0.948496
0.948496
0.948496
0.948496
0.948496
0.948496
0.948496
0.948496
0.948496
0.948496
0.948496
0.948496
0.948496
0.948496
0.948496
0.948496
0.948496
0.948496
0.948496
0.948496
0.948496
0.948496
0.948496
0.948496
0.948496
0.948496
0.948496
0.948496
0.948496
0.948496
0.948496
0.948496
0.948496
0.948495
0.948492
0.948488
0.948479
0.948462
0.948431
0.948375
0.94828
0.948133
0.952305
0.952445
0.952535
0.95259
0.952621
0.952638
0.952647
0.952652
0.952654
0.952655
0.952656
0.952656
0.952656
0.952656
0.952656
0.952656
0.952656
0.952656
0.952656
0.952655
0.952655
0.952655
0.952655
0.952655
0.952655
0.952655
0.952655
0.952655
0.952655
0.952655
0.952655
0.952655
0.952655
0.952655
0.952655
0.952655
0.952655
0.952655
0.952655
0.952655
0.952655
0.952656
0.952656
0.952656
0.952656
0.952656
0.952656
0.952656
0.952656
0.952656
0.952655
0.952654
0.952652
0.952647
0.952638
0.952621
0.95259
0.952535
0.952445
0.952305
0.95619
0.956322
0.956409
0.956462
0.956493
0.95651
0.956519
0.956524
0.956526
0.956527
0.956528
0.956528
0.956528
0.956528
0.956528
0.956528
0.956528
0.956528
0.956528
0.956528
0.956528
0.956527
0.956527
0.956527
0.956527
0.956527
0.956527
0.956527
0.956527
0.956527
0.956527
0.956527
0.956527
0.956527
0.956527
0.956527
0.956527
0.956527
0.956527
0.956528
0.956528
0.956528
0.956528
0.956528
0.956528
0.956528
0.956528
0.956528
0.956528
0.956528
0.956527
0.956526
0.956524
0.956519
0.95651
0.956493
0.956462
0.956409
0.956322
0.95619
0.959803
0.959928
0.960011
0.960063
0.960093
0.96011
0.96012
0.960124
0.960127
0.960128
0.960129
0.960129
0.960129
0.960129
0.960129
0.960129
0.960129
0.960129
0.960128
0.960128
0.960128
0.960128
0.960128
0.960128
0.960128
0.960128
0.960128
0.960128
0.960128
0.960128
0.960128
0.960128
0.960128
0.960128
0.960128
0.960128
0.960128
0.960128
0.960128
0.960128
0.960128
0.960128
0.960129
0.960129
0.960129
0.960129
0.960129
0.960129
0.960129
0.960129
0.960128
0.960127
0.960124
0.96012
0.96011
0.960093
0.960063
0.960011
0.959928
0.959803
0.963161
0.963279
0.963358
0.963408
0.963438
0.963455
0.963464
0.963469
0.963472
0.963473
0.963474
0.963474
0.963474
0.963474
0.963474
0.963474
0.963474
0.963473
0.963473
0.963473
0.963473
0.963473
0.963473
0.963473
0.963473
0.963473
0.963473
0.963473
0.963473
0.963473
0.963473
0.963473
0.963473
0.963473
0.963473
0.963473
0.963473
0.963473
0.963473
0.963473
0.963473
0.963473
0.963473
0.963474
0.963474
0.963474
0.963474
0.963474
0.963474
0.963474
0.963473
0.963472
0.963469
0.963464
0.963455
0.963438
0.963408
0.963358
0.963279
0.963161
0.966277
0.966388
0.966464
0.966512
0.966541
0.966558
0.966568
0.966573
0.966575
0.966577
0.966577
0.966578
0.966578
0.966578
0.966578
0.966577
0.966577
0.966577
0.966577
0.966577
0.966577
0.966577
0.966577
0.966577
0.966577
0.966577
0.966577
0.966576
0.966576
0.966576
0.966576
0.966576
0.966576
0.966577
0.966577
0.966577
0.966577
0.966577
0.966577
0.966577
0.966577
0.966577
0.966577
0.966577
0.966577
0.966578
0.966578
0.966578
0.966578
0.966577
0.966577
0.966575
0.966573
0.966568
0.966558
0.966541
0.966512
0.966464
0.966388
0.966277
0.969166
0.969271
0.969343
0.96939
0.969418
0.969435
0.969444
0.969449
0.969452
0.969454
0.969454
0.969454
0.969454
0.969454
0.969454
0.969454
0.969454
0.969454
0.969454
0.969454
0.969454
0.969453
0.969453
0.969453
0.969453
0.969453
0.969453
0.969453
0.969453
0.969453
0.969453
0.969453
0.969453
0.969453
0.969453
0.969453
0.969453
0.969453
0.969453
0.969454
0.969454
0.969454
0.969454
0.969454
0.969454
0.969454
0.969454
0.969454
0.969454
0.969454
0.969454
0.969452
0.969449
0.969444
0.969435
0.969418
0.96939
0.969343
0.969271
0.969166
0.971842
0.97194
0.972009
0.972054
0.972081
0.972098
0.972107
0.972113
0.972115
0.972117
0.972118
0.972118
0.972118
0.972118
0.972118
0.972118
0.972117
0.972117
0.972117
0.972117
0.972117
0.972117
0.972117
0.972117
0.972117
0.972117
0.972117
0.972116
0.972116
0.972116
0.972116
0.972116
0.972116
0.972117
0.972117
0.972117
0.972117
0.972117
0.972117
0.972117
0.972117
0.972117
0.972117
0.972117
0.972118
0.972118
0.972118
0.972118
0.972118
0.972118
0.972117
0.972115
0.972113
0.972107
0.972098
0.972081
0.972054
0.972009
0.97194
0.971842
0.974317
0.97441
0.974475
0.974518
0.974545
0.974561
0.97457
0.974576
0.974579
0.97458
0.974581
0.974581
0.974581
0.974581
0.974581
0.974581
0.974581
0.97458
0.97458
0.97458
0.97458
0.97458
0.97458
0.97458
0.97458
0.97458
0.97458
0.974579
0.974579
0.974579
0.974579
0.974579
0.974579
0.97458
0.97458
0.97458
0.97458
0.97458
0.97458
0.97458
0.97458
0.97458
0.97458
0.974581
0.974581
0.974581
0.974581
0.974581
0.974581
0.974581
0.97458
0.974579
0.974576
0.97457
0.974561
0.974545
0.974518
0.974475
0.97441
0.974317
0.976604
0.976691
0.976753
0.976794
0.97682
0.976836
0.976845
0.976851
0.976854
0.976855
0.976856
0.976856
0.976856
0.976856
0.976856
0.976856
0.976856
0.976856
0.976856
0.976855
0.976855
0.976855
0.976855
0.976855
0.976855
0.976855
0.976855
0.976855
0.976855
0.976855
0.976855
0.976855
0.976855
0.976855
0.976855
0.976855
0.976855
0.976855
0.976855
0.976855
0.976855
0.976856
0.976856
0.976856
0.976856
0.976856
0.976856
0.976856
0.976856
0.976856
0.976855
0.976854
0.976851
0.976845
0.976836
0.97682
0.976794
0.976753
0.976691
0.976604
0.978715
0.978797
0.978855
0.978894
0.97892
0.978935
0.978945
0.97895
0.978953
0.978955
0.978955
0.978956
0.978956
0.978956
0.978956
0.978955
0.978955
0.978955
0.978955
0.978955
0.978955
0.978954
0.978954
0.978954
0.978954
0.978954
0.978954
0.978954
0.978954
0.978954
0.978954
0.978954
0.978954
0.978954
0.978954
0.978954
0.978954
0.978954
0.978954
0.978955
0.978955
0.978955
0.978955
0.978955
0.978955
0.978956
0.978956
0.978956
0.978956
0.978955
0.978955
0.978953
0.97895
0.978945
0.978935
0.97892
0.978894
0.978855
0.978797
0.978715
0.980662
0.980738
0.980793
0.98083
0.980855
0.98087
0.980879
0.980885
0.980888
0.98089
0.98089
0.980891
0.980891
0.980891
0.98089
0.98089
0.98089
0.98089
0.98089
0.98089
0.980889
0.980889
0.980889
0.980889
0.980889
0.980889
0.980889
0.980889
0.980889
0.980889
0.980889
0.980889
0.980889
0.980889
0.980889
0.980889
0.980889
0.980889
0.980889
0.980889
0.98089
0.98089
0.98089
0.98089
0.98089
0.98089
0.980891
0.980891
0.980891
0.98089
0.98089
0.980888
0.980885
0.980879
0.98087
0.980855
0.98083
0.980793
0.980738
0.980662
0.982454
0.982525
0.982577
0.982613
0.982636
0.982651
0.982661
0.982666
0.982669
0.982671
0.982671
0.982672
0.982672
0.982672
0.982672
0.982671
0.982671
0.982671
0.982671
0.982671
0.98267
0.98267
0.98267
0.98267
0.98267
0.98267
0.98267
0.98267
0.98267
0.98267
0.98267
0.98267
0.98267
0.98267
0.98267
0.98267
0.98267
0.98267
0.98267
0.98267
0.982671
0.982671
0.982671
0.982671
0.982671
0.982672
0.982672
0.982672
0.982672
0.982671
0.982671
0.982669
0.982666
0.982661
0.982651
0.982636
0.982613
0.982577
0.982525
0.982454
0.984103
0.984169
0.984218
0.984252
0.984275
0.984289
0.984298
0.984304
0.984307
0.984308
0.984309
0.98431
0.98431
0.98431
0.984309
0.984309
0.984309
0.984309
0.984308
0.984308
0.984308
0.984308
0.984308
0.984308
0.984308
0.984307
0.984307
0.984307
0.984307
0.984307
0.984307
0.984307
0.984307
0.984307
0.984307
0.984308
0.984308
0.984308
0.984308
0.984308
0.984308
0.984308
0.984309
0.984309
0.984309
0.984309
0.98431
0.98431
0.98431
0.984309
0.984308
0.984307
0.984304
0.984298
0.984289
0.984275
0.984252
0.984218
0.984169
0.984103
0.985618
0.98568
0.985725
0.985757
0.985779
0.985793
0.985802
0.985808
0.985811
0.985812
0.985813
0.985814
0.985814
0.985814
0.985813
0.985813
0.985813
0.985813
0.985812
0.985812
0.985812
0.985812
0.985812
0.985812
0.985811
0.985811
0.985811
0.985811
0.985811
0.985811
0.985811
0.985811
0.985811
0.985811
0.985811
0.985811
0.985812
0.985812
0.985812
0.985812
0.985812
0.985812
0.985813
0.985813
0.985813
0.985813
0.985814
0.985814
0.985814
0.985813
0.985812
0.985811
0.985808
0.985802
0.985793
0.985779
0.985757
0.985725
0.98568
0.985618
0.987008
0.987066
0.987108
0.987139
0.987159
0.987173
0.987182
0.987187
0.98719
0.987192
0.987193
0.987193
0.987193
0.987193
0.987193
0.987193
0.987193
0.987192
0.987192
0.987192
0.987192
0.987191
0.987191
0.987191
0.987191
0.987191
0.987191
0.987191
0.987191
0.987191
0.987191
0.987191
0.987191
0.987191
0.987191
0.987191
0.987191
0.987191
0.987191
0.987192
0.987192
0.987192
0.987192
0.987193
0.987193
0.987193
0.987193
0.987193
0.987193
0.987193
0.987192
0.98719
0.987187
0.987182
0.987173
0.987159
0.987139
0.987108
0.987066
0.987008
0.988283
0.988336
0.988376
0.988404
0.988424
0.988437
0.988446
0.988451
0.988454
0.988456
0.988457
0.988457
0.988457
0.988457
0.988457
0.988457
0.988457
0.988456
0.988456
0.988456
0.988456
0.988455
0.988455
0.988455
0.988455
0.988455
0.988455
0.988455
0.988455
0.988455
0.988455
0.988455
0.988455
0.988455
0.988455
0.988455
0.988455
0.988455
0.988455
0.988456
0.988456
0.988456
0.988456
0.988457
0.988457
0.988457
0.988457
0.988457
0.988457
0.988457
0.988456
0.988454
0.988451
0.988446
0.988437
0.988424
0.988404
0.988376
0.988336
0.988283
0.989449
0.989498
0.989536
0.989563
0.989582
0.989594
0.989602
0.989608
0.989611
0.989613
0.989613
0.989614
0.989614
0.989614
0.989614
0.989613
0.989613
0.989613
0.989613
0.989612
0.989612
0.989612
0.989612
0.989611
0.989611
0.989611
0.989611
0.989611
0.989611
0.989611
0.989611
0.989611
0.989611
0.989611
0.989611
0.989611
0.989611
0.989612
0.989612
0.989612
0.989612
0.989613
0.989613
0.989613
0.989613
0.989614
0.989614
0.989614
0.989614
0.989613
0.989613
0.989611
0.989608
0.989602
0.989594
0.989582
0.989563
0.989536
0.989498
0.989449
0.990516
0.990562
0.990596
0.990622
0.990639
0.990652
0.99066
0.990665
0.990668
0.99067
0.99067
0.990671
0.990671
0.990671
0.990671
0.99067
0.99067
0.99067
0.99067
0.990669
0.990669
0.990669
0.990669
0.990668
0.990668
0.990668
0.990668
0.990668
0.990668
0.990668
0.990668
0.990668
0.990668
0.990668
0.990668
0.990668
0.990668
0.990669
0.990669
0.990669
0.990669
0.99067
0.99067
0.99067
0.99067
0.990671
0.990671
0.990671
0.990671
0.99067
0.99067
0.990668
0.990665
0.99066
0.990652
0.990639
0.990622
0.990596
0.990562
0.990516
0.99149
0.991532
0.991564
0.991588
0.991605
0.991617
0.991625
0.99163
0.991633
0.991634
0.991635
0.991636
0.991636
0.991636
0.991636
0.991635
0.991635
0.991635
0.991634
0.991634
0.991634
0.991634
0.991633
0.991633
0.991633
0.991633
0.991633
0.991633
0.991633
0.991633
0.991633
0.991633
0.991633
0.991633
0.991633
0.991633
0.991633
0.991633
0.991634
0.991634
0.991634
0.991634
0.991635
0.991635
0.991635
0.991636
0.991636
0.991636
0.991636
0.991635
0.991634
0.991633
0.99163
0.991625
0.991617
0.991605
0.991588
0.991564
0.991532
0.99149
0.992379
0.992418
0.992447
0.99247
0.992486
0.992497
0.992504
0.992509
0.992512
0.992514
0.992515
0.992515
0.992515
0.992515
0.992515
0.992515
0.992514
0.992514
0.992514
0.992514
0.992513
0.992513
0.992513
0.992513
0.992512
0.992512
0.992512
0.992512
0.992512
0.992512
0.992512
0.992512
0.992512
0.992512
0.992512
0.992512
0.992513
0.992513
0.992513
0.992513
0.992514
0.992514
0.992514
0.992514
0.992515
0.992515
0.992515
0.992515
0.992515
0.992515
0.992514
0.992512
0.992509
0.992504
0.992497
0.992486
0.99247
0.992447
0.992418
0.992379
0.993188
0.993224
0.993252
0.993272
0.993288
0.993298
0.993305
0.99331
0.993313
0.993315
0.993316
0.993316
0.993316
0.993316
0.993316
0.993316
0.993315
0.993315
0.993315
0.993314
0.993314
0.993314
0.993313
0.993313
0.993313
0.993313
0.993313
0.993313
0.993313
0.993313
0.993313
0.993313
0.993313
0.993313
0.993313
0.993313
0.993313
0.993313
0.993314
0.993314
0.993314
0.993315
0.993315
0.993315
0.993316
0.993316
0.993316
0.993316
0.993316
0.993316
0.993315
0.993313
0.99331
0.993305
0.993298
0.993288
0.993272
0.993252
0.993224
0.993188
0.993925
0.993957
0.993983
0.994002
0.994017
0.994027
0.994034
0.994038
0.994041
0.994043
0.994044
0.994044
0.994044
0.994044
0.994044
0.994044
0.994043
0.994043
0.994043
0.994042
0.994042
0.994042
0.994041
0.994041
0.994041
0.994041
0.994041
0.994041
0.994041
0.994041
0.994041
0.994041
0.994041
0.994041
0.994041
0.994041
0.994041
0.994041
0.994042
0.994042
0.994042
0.994043
0.994043
0.994043
0.994044
0.994044
0.994044
0.994044
0.994044
0.994044
0.994043
0.994041
0.994038
0.994034
0.994027
0.994017
0.994002
0.993983
0.993957
0.993925
0.994594
0.994624
0.994647
0.994666
0.994679
0.994688
0.994695
0.994699
0.994702
0.994704
0.994705
0.994705
0.994705
0.994705
0.994705
0.994705
0.994704
0.994704
0.994704
0.994703
0.994703
0.994703
0.994702
0.994702
0.994702
0.994702
0.994702
0.994702
0.994701
0.994701
0.994701
0.994701
0.994702
0.994702
0.994702
0.994702
0.994702
0.994702
0.994703
0.994703
0.994703
0.994704
0.994704
0.994704
0.994705
0.994705
0.994705
0.994705
0.994705
0.994705
0.994704
0.994702
0.994699
0.994695
0.994688
0.994679
0.994666
0.994647
0.994624
0.994594
0.995201
0.995228
0.99525
0.995267
0.995279
0.995288
0.995295
0.995299
0.995301
0.995303
0.995304
0.995304
0.995305
0.995304
0.995304
0.995304
0.995304
0.995303
0.995303
0.995303
0.995302
0.995302
0.995302
0.995301
0.995301
0.995301
0.995301
0.995301
0.995301
0.995301
0.995301
0.995301
0.995301
0.995301
0.995301
0.995301
0.995301
0.995302
0.995302
0.995302
0.995303
0.995303
0.995303
0.995304
0.995304
0.995304
0.995304
0.995305
0.995304
0.995304
0.995303
0.995301
0.995299
0.995295
0.995288
0.995279
0.995267
0.99525
0.995228
0.995201
0.995751
0.995776
0.995796
0.995812
0.995823
0.995832
0.995837
0.995842
0.995844
0.995846
0.995847
0.995847
0.995847
0.995847
0.995847
0.995847
0.995846
0.995846
0.995845
0.995845
0.995845
0.995844
0.995844
0.995844
0.995844
0.995844
0.995843
0.995843
0.995843
0.995843
0.995843
0.995843
0.995843
0.995843
0.995844
0.995844
0.995844
0.995844
0.995844
0.995845
0.995845
0.995845
0.995846
0.995846
0.995847
0.995847
0.995847
0.995847
0.995847
0.995847
0.995846
0.995844
0.995842
0.995837
0.995832
0.995823
0.995812
0.995796
0.995776
0.995751
0.996249
0.996271
0.99629
0.996304
0.996315
0.996323
0.996328
0.996332
0.996335
0.996336
0.996337
0.996338
0.996338
0.996338
0.996337
0.996337
0.996337
0.996336
0.996336
0.996336
0.996335
0.996335
0.996335
0.996334
0.996334
0.996334
0.996334
0.996334
0.996334
0.996334
0.996334
0.996334
0.996334
0.996334
0.996334
0.996334
0.996334
0.996335
0.996335
0.996335
0.996336
0.996336
0.996336
0.996337
0.996337
0.996337
0.996338
0.996338
0.996338
0.996337
0.996336
0.996335
0.996332
0.996328
0.996323
0.996315
0.996304
0.99629
0.996271
0.996249
0.996698
0.996719
0.996736
0.996749
0.996759
0.996766
0.996772
0.996775
0.996778
0.996779
0.99678
0.99678
0.996781
0.99678
0.99678
0.99678
0.99678
0.996779
0.996779
0.996778
0.996778
0.996778
0.996777
0.996777
0.996777
0.996777
0.996777
0.996777
0.996776
0.996776
0.996776
0.996776
0.996777
0.996777
0.996777
0.996777
0.996777
0.996777
0.996778
0.996778
0.996778
0.996779
0.996779
0.99678
0.99678
0.99678
0.99678
0.996781
0.99678
0.99678
0.996779
0.996778
0.996775
0.996772
0.996766
0.996759
0.996749
0.996736
0.996719
0.996698
0.997103
0.997122
0.997138
0.99715
0.997159
0.997166
0.997171
0.997174
0.997177
0.997178
0.997179
0.99718
0.99718
0.99718
0.997179
0.997179
0.997179
0.997178
0.997178
0.997177
0.997177
0.997177
0.997176
0.997176
0.997176
0.997176
0.997176
0.997175
0.997175
0.997175
0.997175
0.997175
0.997175
0.997176
0.997176
0.997176
0.997176
0.997176
0.997177
0.997177
0.997177
0.997178
0.997178
0.997179
0.997179
0.997179
0.99718
0.99718
0.99718
0.997179
0.997178
0.997177
0.997174
0.997171
0.997166
0.997159
0.99715
0.997138
0.997122
0.997103
0.997468
0.997485
0.997499
0.997511
0.997519
0.997526
0.99753
0.997534
0.997536
0.997537
0.997538
0.997538
0.997539
0.997538
0.997538
0.997538
0.997538
0.997537
0.997537
0.997536
0.997536
0.997536
0.997535
0.997535
0.997535
0.997535
0.997534
0.997534
0.997534
0.997534
0.997534
0.997534
0.997534
0.997534
0.997535
0.997535
0.997535
0.997535
0.997536
0.997536
0.997536
0.997537
0.997537
0.997538
0.997538
0.997538
0.997538
0.997539
0.997538
0.997538
0.997537
0.997536
0.997534
0.99753
0.997526
0.997519
0.997511
0.997499
0.997485
0.997468
0.997796
0.997812
0.997825
0.997835
0.997843
0.997849
0.997853
0.997856
0.997858
0.99786
0.99786
0.997861
0.997861
0.997861
0.997861
0.99786
0.99786
0.997859
0.997859
0.997859
0.997858
0.997858
0.997858
0.997857
0.997857
0.997857
0.997857
0.997857
0.997857
0.997857
0.997857
0.997857
0.997857
0.997857
0.997857
0.997857
0.997857
0.997858
0.997858
0.997858
0.997859
0.997859
0.997859
0.99786
0.99786
0.997861
0.997861
0.997861
0.997861
0.99786
0.99786
0.997858
0.997856
0.997853
0.997849
0.997843
0.997835
0.997825
0.997812
0.997796
0.99809
0.998104
0.998116
0.998125
0.998133
0.998138
0.998142
0.998145
0.998147
0.998149
0.998149
0.99815
0.99815
0.99815
0.998149
0.998149
0.998149
0.998148
0.998148
0.998147
0.998147
0.998147
0.998146
0.998146
0.998146
0.998146
0.998146
0.998145
0.998145
0.998145
0.998145
0.998145
0.998145
0.998146
0.998146
0.998146
0.998146
0.998146
0.998147
0.998147
0.998147
0.998148
0.998148
0.998149
0.998149
0.998149
0.99815
0.99815
0.99815
0.998149
0.998149
0.998147
0.998145
0.998142
0.998138
0.998133
0.998125
0.998116
0.998104
0.99809
0.998354
0.998366
0.998377
0.998385
0.998392
0.998397
0.998401
0.998404
0.998406
0.998407
0.998408
0.998408
0.998408
0.998408
0.998408
0.998407
0.998407
0.998407
0.998406
0.998406
0.998405
0.998405
0.998405
0.998404
0.998404
0.998404
0.998404
0.998404
0.998404
0.998404
0.998404
0.998404
0.998404
0.998404
0.998404
0.998404
0.998404
0.998405
0.998405
0.998405
0.998406
0.998406
0.998407
0.998407
0.998407
0.998408
0.998408
0.998408
0.998408
0.998408
0.998407
0.998406
0.998404
0.998401
0.998397
0.998392
0.998385
0.998377
0.998366
0.998354
0.998589
0.9986
0.99861
0.998618
0.998624
0.998628
0.998632
0.998634
0.998636
0.998637
0.998638
0.998638
0.998638
0.998638
0.998638
0.998638
0.998637
0.998637
0.998637
0.998636
0.998636
0.998635
0.998635
0.998635
0.998635
0.998634
0.998634
0.998634
0.998634
0.998634
0.998634
0.998634
0.998634
0.998634
0.998634
0.998635
0.998635
0.998635
0.998635
0.998636
0.998636
0.998637
0.998637
0.998637
0.998638
0.998638
0.998638
0.998638
0.998638
0.998638
0.998637
0.998636
0.998634
0.998632
0.998628
0.998624
0.998618
0.99861
0.9986
0.998589
0.998798
0.998808
0.998817
0.998824
0.99883
0.998834
0.998837
0.99884
0.998841
0.998842
0.998843
0.998843
0.998843
0.998843
0.998843
0.998843
0.998842
0.998842
0.998842
0.998841
0.998841
0.99884
0.99884
0.99884
0.99884
0.998839
0.998839
0.998839
0.998839
0.998839
0.998839
0.998839
0.998839
0.998839
0.998839
0.99884
0.99884
0.99884
0.99884
0.998841
0.998841
0.998842
0.998842
0.998842
0.998843
0.998843
0.998843
0.998843
0.998843
0.998843
0.998842
0.998841
0.99884
0.998837
0.998834
0.99883
0.998824
0.998817
0.998808
0.998798
0.998984
0.998993
0.999001
0.999008
0.999013
0.999017
0.99902
0.999022
0.999023
0.999024
0.999025
0.999025
0.999025
0.999025
0.999025
0.999025
0.999024
0.999024
0.999024
0.999023
0.999023
0.999022
0.999022
0.999022
0.999022
0.999021
0.999021
0.999021
0.999021
0.999021
0.999021
0.999021
0.999021
0.999021
0.999021
0.999022
0.999022
0.999022
0.999022
0.999023
0.999023
0.999024
0.999024
0.999024
0.999025
0.999025
0.999025
0.999025
0.999025
0.999025
0.999024
0.999023
0.999022
0.99902
0.999017
0.999013
0.999008
0.999001
0.998993
0.998984
0.999149
0.999157
0.999164
0.99917
0.999175
0.999178
0.999181
0.999183
0.999184
0.999185
0.999186
0.999186
0.999186
0.999186
0.999186
0.999186
0.999185
0.999185
0.999184
0.999184
0.999184
0.999183
0.999183
0.999183
0.999182
0.999182
0.999182
0.999182
0.999182
0.999182
0.999182
0.999182
0.999182
0.999182
0.999182
0.999182
0.999183
0.999183
0.999183
0.999184
0.999184
0.999184
0.999185
0.999185
0.999186
0.999186
0.999186
0.999186
0.999186
0.999186
0.999185
0.999184
0.999183
0.999181
0.999178
0.999175
0.99917
0.999164
0.999157
0.999149
0.999294
0.999301
0.999308
0.999313
0.999317
0.99932
0.999323
0.999325
0.999326
0.999327
0.999328
0.999328
0.999328
0.999328
0.999328
0.999327
0.999327
0.999326
0.999326
0.999326
0.999325
0.999325
0.999325
0.999324
0.999324
0.999324
0.999324
0.999324
0.999324
0.999323
0.999323
0.999324
0.999324
0.999324
0.999324
0.999324
0.999324
0.999325
0.999325
0.999325
0.999326
0.999326
0.999326
0.999327
0.999327
0.999328
0.999328
0.999328
0.999328
0.999328
0.999327
0.999326
0.999325
0.999323
0.99932
0.999317
0.999313
0.999308
0.999301
0.999294
0.999421
0.999428
0.999434
0.999439
0.999442
0.999445
0.999448
0.999449
0.999451
0.999451
0.999452
0.999452
0.999452
0.999452
0.999452
0.999452
0.999451
0.999451
0.99945
0.99945
0.99945
0.999449
0.999449
0.999449
0.999448
0.999448
0.999448
0.999448
0.999448
0.999448
0.999448
0.999448
0.999448
0.999448
0.999448
0.999448
0.999449
0.999449
0.999449
0.99945
0.99945
0.99945
0.999451
0.999451
0.999452
0.999452
0.999452
0.999452
0.999452
0.999452
0.999451
0.999451
0.999449
0.999448
0.999445
0.999442
0.999439
0.999434
0.999428
0.999421
0.999533
0.999539
0.999544
0.999548
0.999552
0.999554
0.999556
0.999558
0.999559
0.99956
0.99956
0.999561
0.999561
0.99956
0.99956
0.99956
0.99956
0.999559
0.999559
0.999559
0.999558
0.999558
0.999557
0.999557
0.999557
0.999557
0.999557
0.999556
0.999556
0.999556
0.999556
0.999556
0.999556
0.999557
0.999557
0.999557
0.999557
0.999557
0.999558
0.999558
0.999559
0.999559
0.999559
0.99956
0.99956
0.99956
0.99956
0.999561
0.999561
0.99956
0.99956
0.999559
0.999558
0.999556
0.999554
0.999552
0.999548
0.999544
0.999539
0.999533
0.99963
0.999635
0.99964
0.999643
0.999646
0.999649
0.999651
0.999652
0.999653
0.999654
0.999654
0.999655
0.999655
0.999655
0.999654
0.999654
0.999654
0.999653
0.999653
0.999653
0.999652
0.999652
0.999652
0.999651
0.999651
0.999651
0.999651
0.999651
0.999651
0.99965
0.99965
0.999651
0.999651
0.999651
0.999651
0.999651
0.999651
0.999652
0.999652
0.999652
0.999653
0.999653
0.999653
0.999654
0.999654
0.999654
0.999655
0.999655
0.999655
0.999654
0.999654
0.999653
0.999652
0.999651
0.999649
0.999646
0.999643
0.99964
0.999635
0.99963
0.999713
0.999718
0.999722
0.999725
0.999728
0.99973
0.999732
0.999733
0.999734
0.999735
0.999735
0.999736
0.999736
0.999735
0.999735
0.999735
0.999735
0.999734
0.999734
0.999734
0.999733
0.999733
0.999733
0.999732
0.999732
0.999732
0.999732
0.999732
0.999732
0.999732
0.999732
0.999732
0.999732
0.999732
0.999732
0.999732
0.999732
0.999733
0.999733
0.999733
0.999734
0.999734
0.999734
0.999735
0.999735
0.999735
0.999735
0.999736
0.999736
0.999735
0.999735
0.999734
0.999733
0.999732
0.99973
0.999728
0.999725
0.999722
0.999718
0.999713
0.999785
0.999789
0.999792
0.999796
0.999798
0.9998
0.999802
0.999803
0.999804
0.999804
0.999805
0.999805
0.999805
0.999805
0.999804
0.999804
0.999804
0.999803
0.999803
0.999803
0.999802
0.999802
0.999802
0.999802
0.999801
0.999801
0.999801
0.999801
0.999801
0.999801
0.999801
0.999801
0.999801
0.999801
0.999801
0.999801
0.999802
0.999802
0.999802
0.999802
0.999803
0.999803
0.999803
0.999804
0.999804
0.999804
0.999805
0.999805
0.999805
0.999805
0.999804
0.999804
0.999803
0.999802
0.9998
0.999798
0.999796
0.999792
0.999789
0.999785
0.999845
0.999849
0.999852
0.999855
0.999857
0.999859
0.99986
0.999861
0.999862
0.999863
0.999863
0.999863
0.999863
0.999863
0.999863
0.999862
0.999862
0.999862
0.999861
0.999861
0.999861
0.999861
0.99986
0.99986
0.99986
0.99986
0.999859
0.999859
0.999859
0.999859
0.999859
0.999859
0.999859
0.999859
0.99986
0.99986
0.99986
0.99986
0.999861
0.999861
0.999861
0.999861
0.999862
0.999862
0.999862
0.999863
0.999863
0.999863
0.999863
0.999863
0.999863
0.999862
0.999861
0.99986
0.999859
0.999857
0.999855
0.999852
0.999849
0.999845
0.999896
0.999899
0.999902
0.999904
0.999906
0.999908
0.999909
0.99991
0.999911
0.999911
0.999911
0.999911
0.999911
0.999911
0.999911
0.999911
0.999911
0.99991
0.99991
0.99991
0.999909
0.999909
0.999909
0.999909
0.999908
0.999908
0.999908
0.999908
0.999908
0.999908
0.999908
0.999908
0.999908
0.999908
0.999908
0.999908
0.999909
0.999909
0.999909
0.999909
0.99991
0.99991
0.99991
0.999911
0.999911
0.999911
0.999911
0.999911
0.999911
0.999911
0.999911
0.999911
0.99991
0.999909
0.999908
0.999906
0.999904
0.999902
0.999899
0.999896
0.999937
0.99994
0.999942
0.999945
0.999946
0.999948
0.999949
0.99995
0.99995
0.999951
0.999951
0.999951
0.999951
0.999951
0.999951
0.999951
0.99995
0.99995
0.99995
0.999949
0.999949
0.999949
0.999949
0.999948
0.999948
0.999948
0.999948
0.999948
0.999948
0.999948
0.999948
0.999948
0.999948
0.999948
0.999948
0.999948
0.999948
0.999949
0.999949
0.999949
0.999949
0.99995
0.99995
0.99995
0.999951
0.999951
0.999951
0.999951
0.999951
0.999951
0.999951
0.99995
0.99995
0.999949
0.999948
0.999946
0.999945
0.999942
0.99994
0.999937
0.99997
0.999973
0.999975
0.999977
0.999978
0.99998
0.999981
0.999981
0.999982
0.999982
0.999983
0.999983
0.999983
0.999983
0.999982
0.999982
0.999982
0.999982
0.999981
0.999981
0.999981
0.999981
0.99998
0.99998
0.99998
0.99998
0.99998
0.99998
0.99998
0.999979
0.999979
0.99998
0.99998
0.99998
0.99998
0.99998
0.99998
0.99998
0.999981
0.999981
0.999981
0.999981
0.999982
0.999982
0.999982
0.999982
0.999983
0.999983
0.999983
0.999983
0.999982
0.999982
0.999981
0.999981
0.99998
0.999978
0.999977
0.999975
0.999973
0.99997
0.999996
0.999998
1
1
1
1
1.00001
1.00001
1.00001
1.00001
1.00001
1.00001
1.00001
1.00001
1.00001
1.00001
1.00001
1.00001
1.00001
1.00001
1.00001
1.00001
1
1
1
1
1
1
1
1
1
1
1
1
1
1
1
1
1.00001
1.00001
1.00001
1.00001
1.00001
1.00001
1.00001
1.00001
1.00001
1.00001
1.00001
1.00001
1.00001
1.00001
1.00001
1.00001
1
1
1
1
0.999998
0.999996
1.00002
1.00002
1.00002
1.00002
1.00002
1.00002
1.00002
1.00002
1.00002
1.00002
1.00002
1.00002
1.00002
1.00002
1.00002
1.00002
1.00002
1.00002
1.00002
1.00002
1.00002
1.00002
1.00002
1.00002
1.00002
1.00002
1.00002
1.00002
1.00002
1.00002
1.00002
1.00002
1.00002
1.00002
1.00002
1.00002
1.00002
1.00002
1.00002
1.00002
1.00002
1.00002
1.00002
1.00002
1.00002
1.00002
1.00002
1.00002
1.00002
1.00002
1.00002
1.00002
1.00002
1.00002
1.00002
1.00002
1.00002
1.00002
1.00002
1.00002
1.00003
1.00003
1.00003
1.00003
1.00003
1.00003
1.00004
1.00004
1.00004
1.00004
1.00004
1.00004
1.00004
1.00004
1.00004
1.00004
1.00004
1.00004
1.00004
1.00004
1.00004
1.00003
1.00003
1.00003
1.00003
1.00003
1.00003
1.00003
1.00003
1.00003
1.00003
1.00003
1.00003
1.00003
1.00003
1.00003
1.00003
1.00003
1.00003
1.00004
1.00004
1.00004
1.00004
1.00004
1.00004
1.00004
1.00004
1.00004
1.00004
1.00004
1.00004
1.00004
1.00004
1.00004
1.00003
1.00003
1.00003
1.00003
1.00003
1.00003
1.00004
1.00004
1.00004
1.00004
1.00004
1.00004
1.00004
1.00004
1.00004
1.00004
1.00004
1.00004
1.00004
1.00004
1.00004
1.00004
1.00004
1.00004
1.00004
1.00004
1.00004
1.00004
1.00004
1.00004
1.00004
1.00004
1.00004
1.00004
1.00004
1.00004
1.00004
1.00004
1.00004
1.00004
1.00004
1.00004
1.00004
1.00004
1.00004
1.00004
1.00004
1.00004
1.00004
1.00004
1.00004
1.00004
1.00004
1.00004
1.00004
1.00004
1.00004
1.00004
1.00004
1.00004
1.00004
1.00004
1.00004
1.00004
1.00004
1.00004
1.00004
1.00004
1.00004
1.00004
1.00004
1.00004
1.00004
1.00004
1.00004
1.00004
1.00004
1.00005
1.00005
1.00004
1.00004
1.00004
1.00004
1.00004
1.00004
1.00004
1.00004
1.00004
1.00004
1.00004
1.00004
1.00004
1.00004
1.00004
1.00004
1.00004
1.00004
1.00004
1.00004
1.00004
1.00004
1.00004
1.00004
1.00004
1.00004
1.00004
1.00004
1.00004
1.00004
1.00004
1.00004
1.00004
1.00004
1.00005
1.00005
1.00004
1.00004
1.00004
1.00004
1.00004
1.00004
1.00004
1.00004
1.00004
1.00004
1.00004
1.00004
1.00004
1.00004
1.00004
1.00004
1.00004
1.00004
1.00004
1.00004
1.00004
1.00004
1.00004
1.00004
1.00004
1.00004
1.00004
1.00004
1.00004
1.00004
1.00004
1.00004
1.00004
1.00004
1.00004
1.00004
1.00004
1.00004
1.00004
1.00004
1.00004
1.00004
1.00004
1.00004
1.00004
1.00004
1.00004
1.00004
1.00004
1.00004
1.00004
1.00004
1.00004
1.00004
1.00004
1.00004
1.00004
1.00004
1.00004
1.00004
1.00004
1.00004
1.00004
1.00004
1.00004
1.00004
1.00004
1.00004
1.00004
1.00004
1.00004
1.00004
1.00004
1.00004
1.00004
1.00004
1.00004
1.00004
1.00004
1.00004
1.00004
1.00004
1.00004
1.00004
1.00004
1.00004
1.00004
1.00004
1.00004
1.00004
1.00004
1.00004
1.00004
1.00004
1.00004
1.00004
1.00004
1.00004
1.00004
1.00004
1.00004
1.00004
1.00004
1.00004
1.00004
1.00004
1.00004
1.00004
1.00004
1.00004
1.00004
1.00004
1.00004
1.00004
1.00004
1.00004
1.00004
1.00004
1.00004
1.00004
1.00004
1.00004
1.00004
1.00004
1.00004
1.00004
1.00004
1.00004
1.00004
1.00004
1.00004
1.00003
1.00003
1.00003
1.00003
1.00003
1.00003
1.00003
1.00003
1.00003
1.00003
1.00003
1.00003
1.00003
1.00003
1.00003
1.00003
1.00003
1.00003
1.00003
1.00003
1.00003
1.00003
1.00003
1.00003
1.00003
1.00003
1.00003
1.00003
1.00003
1.00003
1.00003
1.00003
1.00003
1.00003
1.00003
1.00003
1.00003
1.00003
1.00003
1.00003
1.00003
1.00003
1.00003
1.00003
1.00003
1.00003
1.00003
1.00003
1.00003
1.00003
1.00003
1.00003
1.00003
1.00003
1.00003
1.00003
1.00003
1.00003
1.00003
1.00003
1.00003
1.00002
1.00002
1.00002
1.00002
1.00002
1.00002
1.00002
1.00002
1.00002
1.00002
1.00002
1.00002
1.00002
1.00002
1.00002
1.00002
1.00002
1.00002
1.00002
1.00002
1.00002
1.00002
1.00002
1.00002
1.00002
1.00002
1.00002
1.00002
1.00002
1.00002
1.00002
1.00002
1.00002
1.00002
1.00002
1.00002
1.00002
1.00002
1.00002
1.00002
1.00002
1.00002
1.00002
1.00002
1.00002
1.00002
1.00002
1.00002
1.00002
1.00002
1.00002
1.00002
1.00002
1.00002
1.00002
1.00002
1.00002
1.00002
1.00003
1.00001
1.00001
1.00001
1.00001
1.00001
1.00001
1.00001
1.00001
1.00001
1.00001
1.00001
1.00001
1.00001
1.00001
1.00001
1.00001
1.00001
1.00001
1.00001
1.00001
1.00001
1.00001
1.00001
1.00001
1.00001
1.00001
1.00001
1.00001
1.00001
1.00001
1.00001
1.00001
1.00001
1.00001
1.00001
1.00001
1.00001
1.00001
1.00001
1.00001
1.00001
1.00001
1.00001
1.00001
1.00001
1.00001
1.00001
1.00001
1.00001
1.00001
1.00001
1.00001
1.00001
1.00001
1.00001
1.00001
1.00001
1.00001
1.00001
1.00001
)
;

boundaryField
{
    top
    {
        type            fixedValue;
        value           uniform 1;
    }
    bottom
    {
        type            fixedIonicFlux;
        value           nonuniform List<scalar> 
60
(
9.37408e-09
9.38473e-09
9.3865e-09
9.38817e-09
9.38984e-09
9.39143e-09
9.39292e-09
9.39432e-09
9.39561e-09
9.39681e-09
9.39792e-09
9.39895e-09
9.39991e-09
9.40079e-09
9.4016e-09
9.40235e-09
9.40304e-09
9.40367e-09
9.40425e-09
9.40477e-09
9.40524e-09
9.40565e-09
9.40602e-09
9.40634e-09
9.40662e-09
9.40684e-09
9.40702e-09
9.40716e-09
9.40725e-09
9.40729e-09
9.40729e-09
9.40725e-09
9.40716e-09
9.40702e-09
9.40684e-09
9.40662e-09
9.40634e-09
9.40602e-09
9.40565e-09
9.40524e-09
9.40477e-09
9.40425e-09
9.40367e-09
9.40304e-09
9.40235e-09
9.4016e-09
9.40079e-09
9.39991e-09
9.39895e-09
9.39792e-09
9.39681e-09
9.39561e-09
9.39432e-09
9.39292e-09
9.39143e-09
9.38984e-09
9.38817e-09
9.3865e-09
9.38473e-09
9.37408e-09
)
;
    }
    wall
    {
        type            zeroGradient;
    }
    frontAndBack
    {
        type            empty;
    }
}


// ************************************************************************* //
