/*--------------------------------*- C++ -*----------------------------------*\
| =========                 |                                                 |
| \\      /  F ield         | foam-extend: Open Source CFD                    |
|  \\    /   O peration     | Version:     4.0                                |
|   \\  /    A nd           | Web:         http://www.foam-extend.org         |
|    \\/     M anipulation  |                                                 |
\*---------------------------------------------------------------------------*/
FoamFile
{
    version     2.0;
    format      ascii;
    class       volScalarField;
    location    "1350";
    object      cPlus;
}
// * * * * * * * * * * * * * * * * * * * * * * * * * * * * * * * * * * * * * //

dimensions      [0 0 0 0 0 0 0];

internalField   nonuniform List<scalar> 
6960
(
0.202492
0.202419
0.202396
0.202388
0.202387
0.202386
0.202387
0.202387
0.202388
0.202388
0.202389
0.202389
0.20239
0.20239
0.202391
0.202391
0.202391
0.202392
0.202392
0.202392
0.202392
0.202393
0.202393
0.202393
0.202393
0.202393
0.202393
0.202393
0.202393
0.202393
0.202393
0.202393
0.202393
0.202393
0.202393
0.202393
0.202393
0.202393
0.202393
0.202392
0.202392
0.202392
0.202392
0.202391
0.202391
0.202391
0.20239
0.20239
0.202389
0.202389
0.202388
0.202388
0.202387
0.202387
0.202386
0.202387
0.202388
0.202396
0.202419
0.202492
0.0650207
0.0650153
0.0650128
0.0650122
0.0650122
0.0650125
0.0650128
0.065013
0.0650133
0.0650136
0.0650138
0.065014
0.0650143
0.0650144
0.0650146
0.0650148
0.0650149
0.0650151
0.0650152
0.0650153
0.0650154
0.0650155
0.0650156
0.0650157
0.0650157
0.0650158
0.0650158
0.0650158
0.0650159
0.0650159
0.0650159
0.0650159
0.0650158
0.0650158
0.0650158
0.0650157
0.0650157
0.0650156
0.0650155
0.0650154
0.0650153
0.0650152
0.0650151
0.0650149
0.0650148
0.0650146
0.0650144
0.0650143
0.065014
0.0650138
0.0650136
0.0650133
0.065013
0.0650128
0.0650125
0.0650122
0.0650122
0.0650128
0.0650153
0.0650207
0.0462157
0.0462332
0.0462381
0.0462397
0.0462404
0.0462408
0.0462411
0.0462413
0.0462415
0.0462416
0.0462418
0.0462419
0.0462421
0.0462422
0.0462423
0.0462424
0.0462424
0.0462425
0.0462426
0.0462426
0.0462427
0.0462427
0.0462428
0.0462428
0.0462428
0.0462429
0.0462429
0.0462429
0.0462429
0.0462429
0.0462429
0.0462429
0.0462429
0.0462429
0.0462429
0.0462428
0.0462428
0.0462428
0.0462427
0.0462427
0.0462426
0.0462426
0.0462425
0.0462424
0.0462424
0.0462423
0.0462422
0.0462421
0.0462419
0.0462418
0.0462416
0.0462415
0.0462413
0.0462411
0.0462408
0.0462404
0.0462397
0.0462381
0.0462332
0.0462157
0.0445007
0.0445249
0.0445318
0.0445342
0.0445351
0.0445355
0.0445358
0.044536
0.0445362
0.0445363
0.0445364
0.0445366
0.0445367
0.0445368
0.0445368
0.0445369
0.044537
0.044537
0.0445371
0.0445371
0.0445372
0.0445372
0.0445373
0.0445373
0.0445373
0.0445373
0.0445373
0.0445373
0.0445374
0.0445374
0.0445374
0.0445374
0.0445373
0.0445373
0.0445373
0.0445373
0.0445373
0.0445373
0.0445372
0.0445372
0.0445371
0.0445371
0.044537
0.044537
0.0445369
0.0445368
0.0445368
0.0445367
0.0445366
0.0445364
0.0445363
0.0445362
0.044536
0.0445358
0.0445355
0.0445351
0.0445342
0.0445318
0.0445249
0.0445007
0.0456025
0.0456295
0.0456373
0.0456399
0.0456409
0.0456414
0.0456417
0.0456419
0.0456421
0.0456422
0.0456424
0.0456425
0.0456426
0.0456427
0.0456428
0.0456429
0.0456429
0.045643
0.045643
0.0456431
0.0456431
0.0456432
0.0456432
0.0456432
0.0456433
0.0456433
0.0456433
0.0456433
0.0456433
0.0456433
0.0456433
0.0456433
0.0456433
0.0456433
0.0456433
0.0456433
0.0456432
0.0456432
0.0456432
0.0456431
0.0456431
0.045643
0.045643
0.0456429
0.0456429
0.0456428
0.0456427
0.0456426
0.0456425
0.0456424
0.0456422
0.0456421
0.0456419
0.0456417
0.0456414
0.0456409
0.0456399
0.0456373
0.0456295
0.0456025
0.0473665
0.0473956
0.0474041
0.0474069
0.047408
0.0474085
0.0474088
0.0474091
0.0474093
0.0474094
0.0474096
0.0474097
0.0474098
0.0474099
0.04741
0.0474101
0.0474102
0.0474103
0.0474103
0.0474104
0.0474104
0.0474105
0.0474105
0.0474105
0.0474106
0.0474106
0.0474106
0.0474106
0.0474106
0.0474106
0.0474106
0.0474106
0.0474106
0.0474106
0.0474106
0.0474106
0.0474105
0.0474105
0.0474105
0.0474104
0.0474104
0.0474103
0.0474103
0.0474102
0.0474101
0.04741
0.0474099
0.0474098
0.0474097
0.0474096
0.0474094
0.0474093
0.0474091
0.0474088
0.0474085
0.047408
0.0474069
0.0474041
0.0473956
0.0473665
0.0495089
0.0495404
0.0495496
0.0495527
0.0495539
0.0495544
0.0495548
0.049555
0.0495553
0.0495554
0.0495556
0.0495558
0.0495559
0.049556
0.0495561
0.0495562
0.0495563
0.0495564
0.0495564
0.0495565
0.0495565
0.0495566
0.0495566
0.0495567
0.0495567
0.0495567
0.0495567
0.0495568
0.0495568
0.0495568
0.0495568
0.0495568
0.0495568
0.0495567
0.0495567
0.0495567
0.0495567
0.0495566
0.0495566
0.0495565
0.0495565
0.0495564
0.0495564
0.0495563
0.0495562
0.0495561
0.049556
0.0495559
0.0495558
0.0495556
0.0495554
0.0495553
0.049555
0.0495548
0.0495544
0.0495539
0.0495527
0.0495496
0.0495404
0.0495089
0.0520617
0.0520962
0.0521063
0.0521097
0.052111
0.0521116
0.052112
0.0521123
0.0521126
0.0521128
0.052113
0.0521131
0.0521133
0.0521134
0.0521135
0.0521136
0.0521137
0.0521138
0.0521139
0.052114
0.052114
0.0521141
0.0521141
0.0521142
0.0521142
0.0521142
0.0521142
0.0521143
0.0521143
0.0521143
0.0521143
0.0521143
0.0521143
0.0521142
0.0521142
0.0521142
0.0521142
0.0521141
0.0521141
0.052114
0.052114
0.0521139
0.0521138
0.0521137
0.0521136
0.0521135
0.0521134
0.0521133
0.0521131
0.052113
0.0521128
0.0521126
0.0521123
0.052112
0.0521116
0.052111
0.0521097
0.0521063
0.0520962
0.0520617
0.055141
0.0551794
0.0551906
0.0551943
0.0551958
0.0551965
0.0551969
0.0551973
0.0551976
0.0551978
0.055198
0.0551982
0.0551984
0.0551985
0.0551987
0.0551988
0.0551989
0.055199
0.0551991
0.0551992
0.0551993
0.0551993
0.0551994
0.0551994
0.0551995
0.0551995
0.0551995
0.0551995
0.0551995
0.0551996
0.0551996
0.0551995
0.0551995
0.0551995
0.0551995
0.0551995
0.0551994
0.0551994
0.0551993
0.0551993
0.0551992
0.0551991
0.055199
0.0551989
0.0551988
0.0551987
0.0551985
0.0551984
0.0551982
0.055198
0.0551978
0.0551976
0.0551973
0.0551969
0.0551965
0.0551958
0.0551943
0.0551906
0.0551794
0.055141
0.0589283
0.0589717
0.0589844
0.0589887
0.0589903
0.0589912
0.0589917
0.0589921
0.0589924
0.0589927
0.0589929
0.0589932
0.0589934
0.0589936
0.0589937
0.0589939
0.058994
0.0589941
0.0589942
0.0589943
0.0589944
0.0589945
0.0589945
0.0589946
0.0589947
0.0589947
0.0589947
0.0589947
0.0589948
0.0589948
0.0589948
0.0589948
0.0589947
0.0589947
0.0589947
0.0589947
0.0589946
0.0589945
0.0589945
0.0589944
0.0589943
0.0589942
0.0589941
0.058994
0.0589939
0.0589937
0.0589936
0.0589934
0.0589932
0.0589929
0.0589927
0.0589924
0.0589921
0.0589917
0.0589912
0.0589903
0.0589887
0.0589844
0.0589717
0.0589283
0.0636962
0.0637465
0.0637612
0.0637662
0.0637681
0.0637691
0.0637697
0.0637702
0.0637706
0.0637709
0.0637712
0.0637715
0.0637717
0.063772
0.0637722
0.0637724
0.0637725
0.0637727
0.0637728
0.0637729
0.063773
0.0637731
0.0637732
0.0637732
0.0637733
0.0637734
0.0637734
0.0637734
0.0637734
0.0637734
0.0637734
0.0637734
0.0637734
0.0637734
0.0637734
0.0637733
0.0637732
0.0637732
0.0637731
0.063773
0.0637729
0.0637728
0.0637727
0.0637725
0.0637724
0.0637722
0.063772
0.0637717
0.0637715
0.0637712
0.0637709
0.0637706
0.0637702
0.0637697
0.0637691
0.0637681
0.0637662
0.0637612
0.0637465
0.0636962
0.0698511
0.0699108
0.0699284
0.0699343
0.0699367
0.0699379
0.0699386
0.0699392
0.0699397
0.0699401
0.0699405
0.0699409
0.0699412
0.0699414
0.0699417
0.0699419
0.0699421
0.0699423
0.0699425
0.0699426
0.0699427
0.0699428
0.0699429
0.069943
0.0699431
0.0699432
0.0699432
0.0699432
0.0699433
0.0699433
0.0699433
0.0699433
0.0699432
0.0699432
0.0699432
0.0699431
0.069943
0.0699429
0.0699428
0.0699427
0.0699426
0.0699425
0.0699423
0.0699421
0.0699419
0.0699417
0.0699414
0.0699412
0.0699409
0.0699405
0.0699401
0.0699397
0.0699392
0.0699386
0.0699379
0.0699367
0.0699343
0.0699284
0.0699108
0.0698511
0.077976
0.078049
0.0780705
0.0780779
0.0780808
0.0780823
0.0780832
0.078084
0.0780846
0.0780851
0.0780856
0.0780861
0.0780864
0.0780868
0.0780871
0.0780874
0.0780877
0.0780879
0.0780881
0.0780883
0.0780884
0.0780886
0.0780887
0.0780888
0.0780889
0.078089
0.0780891
0.0780891
0.0780891
0.0780891
0.0780891
0.0780891
0.0780891
0.0780891
0.078089
0.0780889
0.0780888
0.0780887
0.0780886
0.0780884
0.0780883
0.0780881
0.0780879
0.0780877
0.0780874
0.0780871
0.0780868
0.0780864
0.0780861
0.0780856
0.0780851
0.0780846
0.078084
0.0780832
0.0780823
0.0780808
0.0780779
0.0780705
0.078049
0.077976
0.0888333
0.0889246
0.0889517
0.088961
0.0889647
0.0889665
0.0889677
0.0889687
0.0889695
0.0889702
0.0889708
0.0889714
0.0889719
0.0889723
0.0889727
0.0889731
0.0889734
0.0889737
0.088974
0.0889742
0.0889744
0.0889746
0.0889748
0.0889749
0.088975
0.0889751
0.0889752
0.0889753
0.0889753
0.0889753
0.0889753
0.0889753
0.0889753
0.0889752
0.0889751
0.088975
0.0889749
0.0889748
0.0889746
0.0889744
0.0889742
0.088974
0.0889737
0.0889734
0.0889731
0.0889727
0.0889723
0.0889719
0.0889714
0.0889708
0.0889702
0.0889695
0.0889687
0.0889677
0.0889665
0.0889647
0.088961
0.0889517
0.0889246
0.0888333
0.10326
0.103376
0.10341
0.103422
0.103427
0.103429
0.103431
0.103432
0.103433
0.103434
0.103434
0.103435
0.103436
0.103436
0.103437
0.103437
0.103438
0.103438
0.103438
0.103439
0.103439
0.103439
0.10344
0.10344
0.10344
0.10344
0.10344
0.10344
0.10344
0.10344
0.10344
0.10344
0.10344
0.10344
0.10344
0.10344
0.10344
0.10344
0.103439
0.103439
0.103439
0.103438
0.103438
0.103438
0.103437
0.103437
0.103436
0.103436
0.103435
0.103434
0.103434
0.103433
0.103432
0.103431
0.103429
0.103427
0.103422
0.10341
0.103376
0.10326
0.121919
0.122063
0.122107
0.122122
0.122128
0.122131
0.122133
0.122134
0.122135
0.122137
0.122138
0.122138
0.122139
0.12214
0.122141
0.122141
0.122142
0.122142
0.122142
0.122143
0.122143
0.122143
0.122144
0.122144
0.122144
0.122144
0.122144
0.122145
0.122145
0.122145
0.122145
0.122145
0.122145
0.122144
0.122144
0.122144
0.122144
0.122144
0.122143
0.122143
0.122143
0.122142
0.122142
0.122142
0.122141
0.122141
0.12214
0.122139
0.122138
0.122138
0.122137
0.122135
0.122134
0.122133
0.122131
0.122128
0.122122
0.122107
0.122063
0.121919
0.144984
0.14516
0.145213
0.145232
0.145239
0.145243
0.145245
0.145247
0.145248
0.14525
0.145251
0.145252
0.145253
0.145253
0.145254
0.145255
0.145256
0.145256
0.145257
0.145257
0.145257
0.145258
0.145258
0.145258
0.145258
0.145259
0.145259
0.145259
0.145259
0.145259
0.145259
0.145259
0.145259
0.145259
0.145259
0.145258
0.145258
0.145258
0.145258
0.145257
0.145257
0.145257
0.145256
0.145256
0.145255
0.145254
0.145253
0.145253
0.145252
0.145251
0.14525
0.145248
0.145247
0.145245
0.145243
0.145239
0.145232
0.145213
0.14516
0.144984
0.171977
0.172184
0.172248
0.17227
0.172278
0.172282
0.172285
0.172287
0.172289
0.17229
0.172291
0.172293
0.172294
0.172294
0.172295
0.172296
0.172297
0.172297
0.172298
0.172298
0.172299
0.172299
0.1723
0.1723
0.1723
0.1723
0.1723
0.172301
0.172301
0.172301
0.172301
0.172301
0.172301
0.1723
0.1723
0.1723
0.1723
0.1723
0.172299
0.172299
0.172298
0.172298
0.172297
0.172297
0.172296
0.172295
0.172294
0.172294
0.172293
0.172291
0.17229
0.172289
0.172287
0.172285
0.172282
0.172278
0.17227
0.172248
0.172184
0.171977
0.201902
0.202137
0.20221
0.202236
0.202246
0.20225
0.202253
0.202255
0.202257
0.202259
0.20226
0.202261
0.202262
0.202263
0.202264
0.202265
0.202266
0.202266
0.202267
0.202267
0.202268
0.202268
0.202268
0.202269
0.202269
0.202269
0.202269
0.20227
0.20227
0.20227
0.20227
0.20227
0.20227
0.202269
0.202269
0.202269
0.202269
0.202268
0.202268
0.202268
0.202267
0.202267
0.202266
0.202266
0.202265
0.202264
0.202263
0.202262
0.202261
0.20226
0.202259
0.202257
0.202255
0.202253
0.20225
0.202246
0.202236
0.20221
0.202137
0.201902
0.23359
0.233849
0.233931
0.233959
0.23397
0.233975
0.233978
0.233981
0.233982
0.233984
0.233985
0.233987
0.233988
0.233989
0.23399
0.23399
0.233991
0.233992
0.233992
0.233993
0.233993
0.233994
0.233994
0.233994
0.233995
0.233995
0.233995
0.233995
0.233995
0.233995
0.233995
0.233995
0.233995
0.233995
0.233995
0.233995
0.233994
0.233994
0.233994
0.233993
0.233993
0.233992
0.233992
0.233991
0.23399
0.23399
0.233989
0.233988
0.233987
0.233985
0.233984
0.233982
0.233981
0.233978
0.233975
0.23397
0.233959
0.233931
0.233849
0.23359
0.266016
0.266295
0.266384
0.266416
0.266427
0.266433
0.266436
0.266438
0.26644
0.266442
0.266443
0.266444
0.266446
0.266447
0.266447
0.266448
0.266449
0.26645
0.26645
0.266451
0.266451
0.266451
0.266452
0.266452
0.266452
0.266453
0.266453
0.266453
0.266453
0.266453
0.266453
0.266453
0.266453
0.266453
0.266453
0.266452
0.266452
0.266452
0.266451
0.266451
0.266451
0.26645
0.26645
0.266449
0.266448
0.266447
0.266447
0.266446
0.266444
0.266443
0.266442
0.26644
0.266438
0.266436
0.266433
0.266427
0.266416
0.266384
0.266295
0.266016
0.298443
0.298739
0.298835
0.298869
0.298882
0.298888
0.298891
0.298893
0.298895
0.298897
0.298898
0.298899
0.2989
0.298901
0.298902
0.298903
0.298904
0.298904
0.298905
0.298905
0.298906
0.298906
0.298906
0.298907
0.298907
0.298907
0.298907
0.298907
0.298907
0.298907
0.298907
0.298907
0.298907
0.298907
0.298907
0.298907
0.298907
0.298906
0.298906
0.298906
0.298905
0.298905
0.298904
0.298904
0.298903
0.298902
0.298901
0.2989
0.298899
0.298898
0.298897
0.298895
0.298893
0.298891
0.298888
0.298882
0.298869
0.298835
0.298739
0.298443
0.330411
0.33072
0.330823
0.330859
0.330873
0.330879
0.330882
0.330885
0.330886
0.330888
0.330889
0.33089
0.330891
0.330892
0.330893
0.330894
0.330894
0.330895
0.330896
0.330896
0.330897
0.330897
0.330897
0.330897
0.330898
0.330898
0.330898
0.330898
0.330898
0.330898
0.330898
0.330898
0.330898
0.330898
0.330898
0.330898
0.330897
0.330897
0.330897
0.330897
0.330896
0.330896
0.330895
0.330894
0.330894
0.330893
0.330892
0.330891
0.33089
0.330889
0.330888
0.330886
0.330885
0.330882
0.330879
0.330873
0.330859
0.330823
0.33072
0.330411
0.361654
0.361975
0.362083
0.362122
0.362137
0.362143
0.362146
0.362149
0.36215
0.362152
0.362153
0.362154
0.362155
0.362156
0.362157
0.362158
0.362158
0.362159
0.362159
0.36216
0.36216
0.36216
0.362161
0.362161
0.362161
0.362161
0.362162
0.362162
0.362162
0.362162
0.362162
0.362162
0.362162
0.362162
0.362161
0.362161
0.362161
0.362161
0.36216
0.36216
0.36216
0.362159
0.362159
0.362158
0.362158
0.362157
0.362156
0.362155
0.362154
0.362153
0.362152
0.36215
0.362149
0.362146
0.362143
0.362137
0.362122
0.362083
0.361975
0.361654
0.392028
0.392359
0.392473
0.392514
0.39253
0.392536
0.39254
0.392542
0.392544
0.392545
0.392546
0.392548
0.392548
0.392549
0.39255
0.392551
0.392551
0.392552
0.392552
0.392553
0.392553
0.392553
0.392554
0.392554
0.392554
0.392554
0.392554
0.392555
0.392555
0.392555
0.392555
0.392555
0.392555
0.392554
0.392554
0.392554
0.392554
0.392554
0.392553
0.392553
0.392553
0.392552
0.392552
0.392551
0.392551
0.39255
0.392549
0.392548
0.392548
0.392546
0.392545
0.392544
0.392542
0.39254
0.392536
0.39253
0.392514
0.392473
0.392359
0.392028
0.42146
0.421799
0.421918
0.421961
0.421977
0.421984
0.421988
0.42199
0.421992
0.421993
0.421994
0.421995
0.421996
0.421997
0.421998
0.421998
0.421999
0.421999
0.422
0.422
0.422
0.422001
0.422001
0.422001
0.422001
0.422002
0.422002
0.422002
0.422002
0.422002
0.422002
0.422002
0.422002
0.422002
0.422002
0.422001
0.422001
0.422001
0.422001
0.422
0.422
0.422
0.421999
0.421999
0.421998
0.421998
0.421997
0.421996
0.421995
0.421994
0.421993
0.421992
0.42199
0.421988
0.421984
0.421977
0.421961
0.421918
0.421799
0.42146
0.449909
0.450255
0.450379
0.450424
0.450442
0.450449
0.450452
0.450455
0.450456
0.450458
0.450459
0.45046
0.450461
0.450461
0.450462
0.450463
0.450463
0.450464
0.450464
0.450464
0.450465
0.450465
0.450465
0.450465
0.450466
0.450466
0.450466
0.450466
0.450466
0.450466
0.450466
0.450466
0.450466
0.450466
0.450466
0.450466
0.450465
0.450465
0.450465
0.450465
0.450464
0.450464
0.450464
0.450463
0.450463
0.450462
0.450461
0.450461
0.45046
0.450459
0.450458
0.450456
0.450455
0.450452
0.450449
0.450442
0.450424
0.450379
0.450255
0.449909
0.477362
0.477713
0.477841
0.477889
0.477907
0.477915
0.477918
0.477921
0.477922
0.477924
0.477925
0.477925
0.477926
0.477927
0.477928
0.477928
0.477929
0.477929
0.477929
0.47793
0.47793
0.47793
0.477931
0.477931
0.477931
0.477931
0.477931
0.477931
0.477931
0.477931
0.477931
0.477931
0.477931
0.477931
0.477931
0.477931
0.477931
0.477931
0.47793
0.47793
0.47793
0.477929
0.477929
0.477929
0.477928
0.477928
0.477927
0.477926
0.477925
0.477925
0.477924
0.477922
0.477921
0.477918
0.477915
0.477907
0.477889
0.477841
0.477713
0.477362
0.503815
0.50417
0.504302
0.504352
0.504371
0.504379
0.504383
0.504385
0.504387
0.504388
0.504389
0.50439
0.504391
0.504391
0.504392
0.504392
0.504393
0.504393
0.504394
0.504394
0.504394
0.504394
0.504395
0.504395
0.504395
0.504395
0.504395
0.504395
0.504395
0.504395
0.504395
0.504395
0.504395
0.504395
0.504395
0.504395
0.504395
0.504395
0.504394
0.504394
0.504394
0.504394
0.504393
0.504393
0.504392
0.504392
0.504391
0.504391
0.50439
0.504389
0.504388
0.504387
0.504385
0.504383
0.504379
0.504371
0.504352
0.504302
0.50417
0.503815
0.529274
0.529631
0.529768
0.52982
0.52984
0.529848
0.529852
0.529854
0.529856
0.529857
0.529858
0.529859
0.529859
0.52986
0.52986
0.529861
0.529861
0.529862
0.529862
0.529862
0.529863
0.529863
0.529863
0.529863
0.529863
0.529863
0.529864
0.529864
0.529864
0.529864
0.529864
0.529864
0.529864
0.529864
0.529863
0.529863
0.529863
0.529863
0.529863
0.529863
0.529862
0.529862
0.529862
0.529861
0.529861
0.52986
0.52986
0.529859
0.529859
0.529858
0.529857
0.529856
0.529854
0.529852
0.529848
0.52984
0.52982
0.529768
0.529631
0.529274
0.553749
0.554108
0.554248
0.554302
0.554323
0.554332
0.554336
0.554338
0.55434
0.554341
0.554342
0.554343
0.554343
0.554344
0.554344
0.554345
0.554345
0.554346
0.554346
0.554346
0.554346
0.554347
0.554347
0.554347
0.554347
0.554347
0.554347
0.554347
0.554347
0.554347
0.554347
0.554347
0.554347
0.554347
0.554347
0.554347
0.554347
0.554347
0.554347
0.554346
0.554346
0.554346
0.554346
0.554345
0.554345
0.554344
0.554344
0.554343
0.554343
0.554342
0.554341
0.55434
0.554338
0.554336
0.554332
0.554323
0.554302
0.554248
0.554108
0.553749
0.577257
0.577616
0.577759
0.577816
0.577838
0.577847
0.577851
0.577853
0.577854
0.577856
0.577856
0.577857
0.577858
0.577858
0.577859
0.577859
0.57786
0.57786
0.57786
0.57786
0.577861
0.577861
0.577861
0.577861
0.577861
0.577861
0.577861
0.577862
0.577862
0.577862
0.577862
0.577862
0.577862
0.577861
0.577861
0.577861
0.577861
0.577861
0.577861
0.577861
0.57786
0.57786
0.57786
0.57786
0.577859
0.577859
0.577858
0.577858
0.577857
0.577856
0.577856
0.577854
0.577853
0.577851
0.577847
0.577838
0.577816
0.577759
0.577616
0.577257
0.599813
0.600172
0.600318
0.600377
0.6004
0.600409
0.600413
0.600416
0.600417
0.600418
0.600419
0.60042
0.60042
0.600421
0.600421
0.600422
0.600422
0.600422
0.600423
0.600423
0.600423
0.600423
0.600423
0.600423
0.600424
0.600424
0.600424
0.600424
0.600424
0.600424
0.600424
0.600424
0.600424
0.600424
0.600424
0.600424
0.600423
0.600423
0.600423
0.600423
0.600423
0.600423
0.600422
0.600422
0.600422
0.600421
0.600421
0.60042
0.60042
0.600419
0.600418
0.600417
0.600416
0.600413
0.600409
0.6004
0.600377
0.600318
0.600172
0.599813
0.621439
0.621796
0.621945
0.622005
0.62203
0.622039
0.622044
0.622046
0.622048
0.622049
0.622049
0.62205
0.622051
0.622051
0.622051
0.622052
0.622052
0.622052
0.622053
0.622053
0.622053
0.622053
0.622053
0.622054
0.622054
0.622054
0.622054
0.622054
0.622054
0.622054
0.622054
0.622054
0.622054
0.622054
0.622054
0.622054
0.622054
0.622053
0.622053
0.622053
0.622053
0.622053
0.622052
0.622052
0.622052
0.622051
0.622051
0.622051
0.62205
0.622049
0.622049
0.622048
0.622046
0.622044
0.622039
0.62203
0.622005
0.621945
0.621796
0.621439
0.642155
0.64251
0.642661
0.642723
0.642748
0.642759
0.642763
0.642765
0.642767
0.642768
0.642769
0.642769
0.64277
0.64277
0.642771
0.642771
0.642771
0.642771
0.642772
0.642772
0.642772
0.642772
0.642772
0.642772
0.642773
0.642773
0.642773
0.642773
0.642773
0.642773
0.642773
0.642773
0.642773
0.642773
0.642773
0.642773
0.642772
0.642772
0.642772
0.642772
0.642772
0.642772
0.642771
0.642771
0.642771
0.642771
0.64277
0.64277
0.642769
0.642769
0.642768
0.642767
0.642765
0.642763
0.642759
0.642748
0.642723
0.642661
0.64251
0.642155
0.661983
0.662334
0.662488
0.662552
0.662578
0.662589
0.662593
0.662596
0.662597
0.662598
0.662599
0.662599
0.6626
0.6626
0.662601
0.662601
0.662601
0.662601
0.662602
0.662602
0.662602
0.662602
0.662602
0.662602
0.662602
0.662603
0.662603
0.662603
0.662603
0.662603
0.662603
0.662603
0.662603
0.662603
0.662603
0.662602
0.662602
0.662602
0.662602
0.662602
0.662602
0.662602
0.662601
0.662601
0.662601
0.662601
0.6626
0.6626
0.662599
0.662599
0.662598
0.662597
0.662596
0.662593
0.662589
0.662578
0.662552
0.662488
0.662334
0.661983
0.680946
0.681293
0.681448
0.681514
0.681541
0.681553
0.681558
0.68156
0.681561
0.681562
0.681563
0.681563
0.681564
0.681564
0.681565
0.681565
0.681565
0.681565
0.681566
0.681566
0.681566
0.681566
0.681566
0.681566
0.681566
0.681566
0.681566
0.681567
0.681567
0.681567
0.681567
0.681567
0.681567
0.681566
0.681566
0.681566
0.681566
0.681566
0.681566
0.681566
0.681566
0.681566
0.681565
0.681565
0.681565
0.681565
0.681564
0.681564
0.681563
0.681563
0.681562
0.681561
0.68156
0.681558
0.681553
0.681541
0.681514
0.681448
0.681293
0.680946
0.699067
0.69941
0.699567
0.699634
0.699662
0.699674
0.699679
0.699681
0.699683
0.699684
0.699684
0.699685
0.699685
0.699686
0.699686
0.699686
0.699686
0.699687
0.699687
0.699687
0.699687
0.699687
0.699687
0.699687
0.699688
0.699688
0.699688
0.699688
0.699688
0.699688
0.699688
0.699688
0.699688
0.699688
0.699688
0.699688
0.699687
0.699687
0.699687
0.699687
0.699687
0.699687
0.699687
0.699686
0.699686
0.699686
0.699686
0.699685
0.699685
0.699684
0.699684
0.699683
0.699681
0.699679
0.699674
0.699662
0.699634
0.699567
0.69941
0.699067
0.71637
0.716709
0.716866
0.716934
0.716964
0.716976
0.716981
0.716984
0.716986
0.716986
0.716987
0.716987
0.716988
0.716988
0.716988
0.716989
0.716989
0.716989
0.716989
0.716989
0.71699
0.71699
0.71699
0.71699
0.71699
0.71699
0.71699
0.71699
0.71699
0.71699
0.71699
0.71699
0.71699
0.71699
0.71699
0.71699
0.71699
0.71699
0.71699
0.71699
0.716989
0.716989
0.716989
0.716989
0.716989
0.716988
0.716988
0.716988
0.716987
0.716987
0.716986
0.716986
0.716984
0.716981
0.716976
0.716964
0.716934
0.716866
0.716709
0.71637
0.73288
0.733212
0.73337
0.73344
0.73347
0.733483
0.733489
0.733492
0.733493
0.733494
0.733495
0.733495
0.733496
0.733496
0.733496
0.733496
0.733496
0.733497
0.733497
0.733497
0.733497
0.733497
0.733497
0.733497
0.733497
0.733497
0.733498
0.733498
0.733498
0.733498
0.733498
0.733498
0.733498
0.733498
0.733497
0.733497
0.733497
0.733497
0.733497
0.733497
0.733497
0.733497
0.733497
0.733496
0.733496
0.733496
0.733496
0.733496
0.733495
0.733495
0.733494
0.733493
0.733492
0.733489
0.733483
0.73347
0.73344
0.73337
0.733212
0.73288
0.748619
0.748946
0.749104
0.749175
0.749206
0.74922
0.749226
0.749229
0.74923
0.749231
0.749232
0.749232
0.749232
0.749233
0.749233
0.749233
0.749233
0.749234
0.749234
0.749234
0.749234
0.749234
0.749234
0.749234
0.749234
0.749234
0.749234
0.749234
0.749234
0.749234
0.749234
0.749234
0.749234
0.749234
0.749234
0.749234
0.749234
0.749234
0.749234
0.749234
0.749234
0.749234
0.749234
0.749233
0.749233
0.749233
0.749233
0.749232
0.749232
0.749232
0.749231
0.74923
0.749229
0.749226
0.74922
0.749206
0.749175
0.749104
0.748946
0.748619
0.763613
0.763933
0.764091
0.764164
0.764196
0.76421
0.764216
0.764219
0.764221
0.764221
0.764222
0.764222
0.764223
0.764223
0.764223
0.764223
0.764224
0.764224
0.764224
0.764224
0.764224
0.764224
0.764224
0.764224
0.764224
0.764224
0.764224
0.764224
0.764224
0.764224
0.764224
0.764224
0.764224
0.764224
0.764224
0.764224
0.764224
0.764224
0.764224
0.764224
0.764224
0.764224
0.764224
0.764224
0.764223
0.764223
0.764223
0.764223
0.764222
0.764222
0.764221
0.764221
0.764219
0.764216
0.76421
0.764196
0.764164
0.764091
0.763933
0.763613
0.777885
0.778199
0.778356
0.778429
0.778463
0.778477
0.778484
0.778487
0.778488
0.778489
0.77849
0.77849
0.778491
0.778491
0.778491
0.778491
0.778491
0.778491
0.778492
0.778492
0.778492
0.778492
0.778492
0.778492
0.778492
0.778492
0.778492
0.778492
0.778492
0.778492
0.778492
0.778492
0.778492
0.778492
0.778492
0.778492
0.778492
0.778492
0.778492
0.778492
0.778492
0.778492
0.778491
0.778491
0.778491
0.778491
0.778491
0.778491
0.77849
0.77849
0.778489
0.778488
0.778487
0.778484
0.778477
0.778463
0.778429
0.778356
0.778199
0.777885
0.79146
0.791766
0.791922
0.791997
0.792031
0.792046
0.792053
0.792056
0.792058
0.792059
0.792059
0.79206
0.79206
0.79206
0.79206
0.79206
0.792061
0.792061
0.792061
0.792061
0.792061
0.792061
0.792061
0.792061
0.792061
0.792061
0.792061
0.792061
0.792061
0.792061
0.792061
0.792061
0.792061
0.792061
0.792061
0.792061
0.792061
0.792061
0.792061
0.792061
0.792061
0.792061
0.792061
0.792061
0.79206
0.79206
0.79206
0.79206
0.79206
0.792059
0.792059
0.792058
0.792056
0.792053
0.792046
0.792031
0.791997
0.791922
0.791766
0.79146
0.80436
0.804659
0.804814
0.804889
0.804924
0.80494
0.804947
0.804951
0.804952
0.804953
0.804954
0.804954
0.804954
0.804955
0.804955
0.804955
0.804955
0.804955
0.804955
0.804955
0.804955
0.804955
0.804955
0.804956
0.804956
0.804956
0.804956
0.804956
0.804956
0.804956
0.804956
0.804956
0.804956
0.804956
0.804956
0.804956
0.804956
0.804955
0.804955
0.804955
0.804955
0.804955
0.804955
0.804955
0.804955
0.804955
0.804955
0.804954
0.804954
0.804954
0.804953
0.804952
0.804951
0.804947
0.80494
0.804924
0.804889
0.804814
0.804659
0.80436
0.81661
0.816901
0.817055
0.817131
0.817166
0.817183
0.81719
0.817194
0.817196
0.817197
0.817197
0.817197
0.817198
0.817198
0.817198
0.817198
0.817198
0.817198
0.817198
0.817199
0.817199
0.817199
0.817199
0.817199
0.817199
0.817199
0.817199
0.817199
0.817199
0.817199
0.817199
0.817199
0.817199
0.817199
0.817199
0.817199
0.817199
0.817199
0.817199
0.817199
0.817199
0.817198
0.817198
0.817198
0.817198
0.817198
0.817198
0.817198
0.817197
0.817197
0.817197
0.817196
0.817194
0.81719
0.817183
0.817166
0.817131
0.817055
0.816901
0.81661
0.828233
0.828515
0.828668
0.828744
0.828781
0.828798
0.828806
0.828809
0.828811
0.828812
0.828813
0.828813
0.828813
0.828813
0.828814
0.828814
0.828814
0.828814
0.828814
0.828814
0.828814
0.828814
0.828814
0.828814
0.828814
0.828814
0.828814
0.828814
0.828814
0.828814
0.828814
0.828814
0.828814
0.828814
0.828814
0.828814
0.828814
0.828814
0.828814
0.828814
0.828814
0.828814
0.828814
0.828814
0.828814
0.828814
0.828813
0.828813
0.828813
0.828813
0.828812
0.828811
0.828809
0.828806
0.828798
0.828781
0.828744
0.828668
0.828515
0.828233
0.839252
0.839526
0.839676
0.839753
0.83979
0.839808
0.839816
0.83982
0.839822
0.839823
0.839823
0.839824
0.839824
0.839824
0.839824
0.839824
0.839824
0.839825
0.839825
0.839825
0.839825
0.839825
0.839825
0.839825
0.839825
0.839825
0.839825
0.839825
0.839825
0.839825
0.839825
0.839825
0.839825
0.839825
0.839825
0.839825
0.839825
0.839825
0.839825
0.839825
0.839825
0.839825
0.839825
0.839824
0.839824
0.839824
0.839824
0.839824
0.839824
0.839823
0.839823
0.839822
0.83982
0.839816
0.839808
0.83979
0.839753
0.839676
0.839526
0.839252
0.849689
0.849955
0.850103
0.85018
0.850218
0.850236
0.850244
0.850248
0.85025
0.850251
0.850252
0.850252
0.850253
0.850253
0.850253
0.850253
0.850253
0.850253
0.850253
0.850253
0.850253
0.850253
0.850253
0.850253
0.850254
0.850254
0.850254
0.850254
0.850254
0.850254
0.850254
0.850254
0.850254
0.850254
0.850254
0.850254
0.850253
0.850253
0.850253
0.850253
0.850253
0.850253
0.850253
0.850253
0.850253
0.850253
0.850253
0.850253
0.850252
0.850252
0.850251
0.85025
0.850248
0.850244
0.850236
0.850218
0.85018
0.850103
0.849955
0.849689
0.859567
0.859824
0.85997
0.860047
0.860085
0.860104
0.860113
0.860117
0.860119
0.86012
0.860121
0.860121
0.860122
0.860122
0.860122
0.860122
0.860122
0.860122
0.860122
0.860122
0.860122
0.860122
0.860122
0.860122
0.860122
0.860122
0.860122
0.860122
0.860123
0.860123
0.860123
0.860123
0.860122
0.860122
0.860122
0.860122
0.860122
0.860122
0.860122
0.860122
0.860122
0.860122
0.860122
0.860122
0.860122
0.860122
0.860122
0.860122
0.860121
0.860121
0.86012
0.860119
0.860117
0.860113
0.860104
0.860085
0.860047
0.85997
0.859824
0.859567
0.868908
0.869156
0.8693
0.869376
0.869415
0.869435
0.869444
0.869448
0.869451
0.869452
0.869452
0.869453
0.869453
0.869453
0.869453
0.869453
0.869453
0.869453
0.869454
0.869454
0.869454
0.869454
0.869454
0.869454
0.869454
0.869454
0.869454
0.869454
0.869454
0.869454
0.869454
0.869454
0.869454
0.869454
0.869454
0.869454
0.869454
0.869454
0.869454
0.869454
0.869454
0.869454
0.869453
0.869453
0.869453
0.869453
0.869453
0.869453
0.869453
0.869452
0.869452
0.869451
0.869448
0.869444
0.869435
0.869415
0.869376
0.8693
0.869156
0.868908
0.877733
0.877973
0.878114
0.87819
0.878229
0.878249
0.878259
0.878264
0.878266
0.878267
0.878268
0.878268
0.878268
0.878268
0.878269
0.878269
0.878269
0.878269
0.878269
0.878269
0.878269
0.878269
0.878269
0.878269
0.878269
0.878269
0.878269
0.878269
0.878269
0.878269
0.878269
0.878269
0.878269
0.878269
0.878269
0.878269
0.878269
0.878269
0.878269
0.878269
0.878269
0.878269
0.878269
0.878269
0.878269
0.878269
0.878268
0.878268
0.878268
0.878268
0.878267
0.878266
0.878264
0.878259
0.878249
0.878229
0.87819
0.878114
0.877973
0.877733
0.886064
0.886295
0.886433
0.886509
0.886549
0.886569
0.886579
0.886584
0.886586
0.886588
0.886588
0.886589
0.886589
0.886589
0.886589
0.886589
0.886589
0.886589
0.886589
0.886589
0.886589
0.886589
0.886589
0.886589
0.886589
0.886589
0.886589
0.886589
0.886589
0.886589
0.886589
0.886589
0.886589
0.886589
0.886589
0.886589
0.886589
0.886589
0.886589
0.886589
0.886589
0.886589
0.886589
0.886589
0.886589
0.886589
0.886589
0.886589
0.886589
0.886588
0.886588
0.886586
0.886584
0.886579
0.886569
0.886549
0.886509
0.886433
0.886295
0.886064
0.893922
0.894144
0.894279
0.894354
0.894394
0.894414
0.894425
0.89443
0.894433
0.894434
0.894435
0.894435
0.894435
0.894435
0.894435
0.894436
0.894436
0.894436
0.894436
0.894436
0.894436
0.894436
0.894436
0.894436
0.894436
0.894436
0.894436
0.894436
0.894436
0.894436
0.894436
0.894436
0.894436
0.894436
0.894436
0.894436
0.894436
0.894436
0.894436
0.894436
0.894436
0.894436
0.894436
0.894436
0.894436
0.894435
0.894435
0.894435
0.894435
0.894435
0.894434
0.894433
0.89443
0.894425
0.894414
0.894394
0.894354
0.894279
0.894144
0.893922
0.901326
0.90154
0.901671
0.901745
0.901785
0.901806
0.901817
0.901823
0.901825
0.901827
0.901827
0.901828
0.901828
0.901828
0.901828
0.901828
0.901828
0.901828
0.901828
0.901828
0.901829
0.901829
0.901829
0.901829
0.901829
0.901829
0.901829
0.901829
0.901829
0.901829
0.901829
0.901829
0.901829
0.901829
0.901829
0.901829
0.901829
0.901829
0.901829
0.901829
0.901828
0.901828
0.901828
0.901828
0.901828
0.901828
0.901828
0.901828
0.901828
0.901827
0.901827
0.901825
0.901823
0.901817
0.901806
0.901785
0.901745
0.901671
0.90154
0.901326
0.908296
0.908502
0.908629
0.908703
0.908743
0.908765
0.908776
0.908781
0.908784
0.908786
0.908786
0.908787
0.908787
0.908787
0.908787
0.908787
0.908787
0.908787
0.908787
0.908787
0.908787
0.908788
0.908788
0.908788
0.908788
0.908788
0.908788
0.908788
0.908788
0.908788
0.908788
0.908788
0.908788
0.908788
0.908788
0.908788
0.908788
0.908788
0.908788
0.908787
0.908787
0.908787
0.908787
0.908787
0.908787
0.908787
0.908787
0.908787
0.908787
0.908786
0.908786
0.908784
0.908781
0.908776
0.908765
0.908743
0.908703
0.908629
0.908502
0.908296
0.914853
0.91505
0.915174
0.915246
0.915287
0.915308
0.91532
0.915326
0.915329
0.91533
0.915331
0.915331
0.915332
0.915332
0.915332
0.915332
0.915332
0.915332
0.915332
0.915332
0.915332
0.915332
0.915332
0.915332
0.915332
0.915332
0.915332
0.915332
0.915332
0.915332
0.915332
0.915332
0.915332
0.915332
0.915332
0.915332
0.915332
0.915332
0.915332
0.915332
0.915332
0.915332
0.915332
0.915332
0.915332
0.915332
0.915332
0.915332
0.915331
0.915331
0.91533
0.915329
0.915326
0.91532
0.915308
0.915287
0.915246
0.915174
0.91505
0.914853
0.921015
0.921203
0.921323
0.921394
0.921435
0.921457
0.921468
0.921474
0.921478
0.921479
0.92148
0.921481
0.921481
0.921481
0.921481
0.921481
0.921481
0.921481
0.921481
0.921481
0.921481
0.921481
0.921481
0.921481
0.921481
0.921481
0.921481
0.921481
0.921481
0.921481
0.921481
0.921481
0.921481
0.921481
0.921481
0.921481
0.921481
0.921481
0.921481
0.921481
0.921481
0.921481
0.921481
0.921481
0.921481
0.921481
0.921481
0.921481
0.921481
0.92148
0.921479
0.921478
0.921474
0.921468
0.921457
0.921435
0.921394
0.921323
0.921203
0.921015
0.926799
0.926979
0.927096
0.927166
0.927206
0.927228
0.92724
0.927246
0.92725
0.927251
0.927252
0.927253
0.927253
0.927253
0.927253
0.927253
0.927254
0.927254
0.927254
0.927254
0.927254
0.927254
0.927254
0.927254
0.927254
0.927254
0.927254
0.927254
0.927254
0.927254
0.927254
0.927254
0.927254
0.927254
0.927254
0.927254
0.927254
0.927254
0.927254
0.927254
0.927254
0.927254
0.927254
0.927254
0.927253
0.927253
0.927253
0.927253
0.927253
0.927252
0.927251
0.92725
0.927246
0.92724
0.927228
0.927206
0.927166
0.927096
0.926979
0.926799
0.932225
0.932397
0.932509
0.932578
0.932618
0.932641
0.932653
0.932659
0.932663
0.932665
0.932666
0.932666
0.932666
0.932667
0.932667
0.932667
0.932667
0.932667
0.932667
0.932667
0.932667
0.932667
0.932667
0.932667
0.932667
0.932667
0.932667
0.932667
0.932667
0.932667
0.932667
0.932667
0.932667
0.932667
0.932667
0.932667
0.932667
0.932667
0.932667
0.932667
0.932667
0.932667
0.932667
0.932667
0.932667
0.932667
0.932667
0.932666
0.932666
0.932666
0.932665
0.932663
0.932659
0.932653
0.932641
0.932618
0.932578
0.932509
0.932397
0.932225
0.93731
0.937473
0.937582
0.937649
0.937689
0.937711
0.937724
0.937731
0.937734
0.937736
0.937737
0.937738
0.937738
0.937738
0.937738
0.937738
0.937738
0.937738
0.937738
0.937738
0.937738
0.937738
0.937738
0.937738
0.937738
0.937739
0.937739
0.937739
0.937739
0.937739
0.937739
0.937739
0.937739
0.937739
0.937739
0.937738
0.937738
0.937738
0.937738
0.937738
0.937738
0.937738
0.937738
0.937738
0.937738
0.937738
0.937738
0.937738
0.937738
0.937737
0.937736
0.937734
0.937731
0.937724
0.937711
0.937689
0.937649
0.937582
0.937473
0.93731
0.94207
0.942226
0.94233
0.942396
0.942435
0.942458
0.94247
0.942477
0.942481
0.942483
0.942484
0.942485
0.942485
0.942485
0.942485
0.942485
0.942485
0.942485
0.942485
0.942486
0.942486
0.942486
0.942486
0.942486
0.942486
0.942486
0.942486
0.942486
0.942486
0.942486
0.942486
0.942486
0.942486
0.942486
0.942486
0.942486
0.942486
0.942486
0.942486
0.942486
0.942486
0.942485
0.942485
0.942485
0.942485
0.942485
0.942485
0.942485
0.942485
0.942484
0.942483
0.942481
0.942477
0.94247
0.942458
0.942435
0.942396
0.94233
0.942226
0.94207
0.946522
0.94667
0.94677
0.946834
0.946873
0.946896
0.946908
0.946916
0.94692
0.946922
0.946923
0.946924
0.946924
0.946924
0.946924
0.946924
0.946924
0.946924
0.946924
0.946924
0.946924
0.946924
0.946924
0.946924
0.946924
0.946924
0.946924
0.946924
0.946924
0.946924
0.946924
0.946924
0.946924
0.946924
0.946924
0.946924
0.946924
0.946924
0.946924
0.946924
0.946924
0.946924
0.946924
0.946924
0.946924
0.946924
0.946924
0.946924
0.946924
0.946923
0.946922
0.94692
0.946916
0.946908
0.946896
0.946873
0.946834
0.94677
0.94667
0.946522
0.950681
0.950822
0.950918
0.950981
0.951019
0.951041
0.951054
0.951062
0.951066
0.951068
0.951069
0.95107
0.95107
0.951071
0.951071
0.951071
0.951071
0.951071
0.951071
0.951071
0.951071
0.951071
0.951071
0.951071
0.951071
0.951071
0.951071
0.951071
0.951071
0.951071
0.951071
0.951071
0.951071
0.951071
0.951071
0.951071
0.951071
0.951071
0.951071
0.951071
0.951071
0.951071
0.951071
0.951071
0.951071
0.951071
0.951071
0.95107
0.95107
0.951069
0.951068
0.951066
0.951062
0.951054
0.951041
0.951019
0.950981
0.950918
0.950822
0.950681
0.954564
0.954697
0.95479
0.95485
0.954888
0.95491
0.954923
0.954931
0.954935
0.954937
0.954939
0.954939
0.95494
0.95494
0.95494
0.95494
0.95494
0.95494
0.95494
0.95494
0.95494
0.95494
0.95494
0.95494
0.95494
0.95494
0.95494
0.95494
0.95494
0.95494
0.95494
0.95494
0.95494
0.95494
0.95494
0.95494
0.95494
0.95494
0.95494
0.95494
0.95494
0.95494
0.95494
0.95494
0.95494
0.95494
0.95494
0.95494
0.954939
0.954939
0.954937
0.954935
0.954931
0.954923
0.95491
0.954888
0.95485
0.95479
0.954697
0.954564
0.958184
0.958311
0.958399
0.958457
0.958494
0.958517
0.95853
0.958538
0.958542
0.958544
0.958546
0.958547
0.958547
0.958547
0.958547
0.958547
0.958547
0.958547
0.958547
0.958547
0.958547
0.958547
0.958547
0.958547
0.958547
0.958547
0.958547
0.958547
0.958547
0.958547
0.958547
0.958547
0.958547
0.958547
0.958547
0.958547
0.958547
0.958547
0.958547
0.958547
0.958547
0.958547
0.958547
0.958547
0.958547
0.958547
0.958547
0.958547
0.958547
0.958546
0.958544
0.958542
0.958538
0.95853
0.958517
0.958494
0.958457
0.958399
0.958311
0.958184
0.961557
0.961676
0.961761
0.961817
0.961853
0.961876
0.961889
0.961897
0.961901
0.961904
0.961905
0.961906
0.961906
0.961907
0.961907
0.961907
0.961907
0.961907
0.961907
0.961907
0.961907
0.961907
0.961907
0.961907
0.961907
0.961907
0.961907
0.961907
0.961907
0.961907
0.961907
0.961907
0.961907
0.961907
0.961907
0.961907
0.961907
0.961907
0.961907
0.961907
0.961907
0.961907
0.961907
0.961907
0.961907
0.961907
0.961907
0.961906
0.961906
0.961905
0.961904
0.961901
0.961897
0.961889
0.961876
0.961853
0.961817
0.961761
0.961676
0.961557
0.964695
0.964808
0.964889
0.964943
0.964978
0.965
0.965014
0.965022
0.965026
0.965029
0.96503
0.965031
0.965032
0.965032
0.965032
0.965032
0.965032
0.965032
0.965032
0.965032
0.965032
0.965032
0.965032
0.965032
0.965032
0.965032
0.965032
0.965032
0.965032
0.965032
0.965032
0.965032
0.965032
0.965032
0.965032
0.965032
0.965032
0.965032
0.965032
0.965032
0.965032
0.965032
0.965032
0.965032
0.965032
0.965032
0.965032
0.965032
0.965031
0.96503
0.965029
0.965026
0.965022
0.965014
0.965
0.964978
0.964943
0.964889
0.964808
0.964695
0.967613
0.967719
0.967796
0.967848
0.967883
0.967904
0.967918
0.967926
0.96793
0.967933
0.967935
0.967936
0.967936
0.967936
0.967937
0.967937
0.967937
0.967937
0.967937
0.967937
0.967937
0.967937
0.967937
0.967937
0.967937
0.967937
0.967937
0.967937
0.967937
0.967937
0.967937
0.967937
0.967937
0.967937
0.967937
0.967937
0.967937
0.967937
0.967937
0.967937
0.967937
0.967937
0.967937
0.967937
0.967937
0.967937
0.967936
0.967936
0.967936
0.967935
0.967933
0.96793
0.967926
0.967918
0.967904
0.967883
0.967848
0.967796
0.967719
0.967613
0.970322
0.970422
0.970495
0.970546
0.970579
0.9706
0.970614
0.970622
0.970626
0.970629
0.970631
0.970632
0.970632
0.970633
0.970633
0.970633
0.970633
0.970633
0.970633
0.970633
0.970633
0.970633
0.970633
0.970633
0.970633
0.970633
0.970633
0.970633
0.970633
0.970633
0.970633
0.970633
0.970633
0.970633
0.970633
0.970633
0.970633
0.970633
0.970633
0.970633
0.970633
0.970633
0.970633
0.970633
0.970633
0.970633
0.970633
0.970632
0.970632
0.970631
0.970629
0.970626
0.970622
0.970614
0.9706
0.970579
0.970546
0.970495
0.970422
0.970322
0.972836
0.97293
0.972999
0.973047
0.973079
0.9731
0.973114
0.973122
0.973127
0.973129
0.973131
0.973132
0.973133
0.973133
0.973133
0.973133
0.973133
0.973133
0.973133
0.973133
0.973133
0.973133
0.973133
0.973133
0.973133
0.973133
0.973133
0.973133
0.973133
0.973133
0.973133
0.973133
0.973133
0.973133
0.973133
0.973133
0.973133
0.973133
0.973133
0.973133
0.973133
0.973133
0.973133
0.973133
0.973133
0.973133
0.973133
0.973133
0.973132
0.973131
0.973129
0.973127
0.973122
0.973114
0.9731
0.973079
0.973047
0.972999
0.97293
0.972836
0.975165
0.975253
0.975318
0.975364
0.975396
0.975416
0.975429
0.975438
0.975443
0.975446
0.975447
0.975448
0.975449
0.975449
0.975449
0.97545
0.97545
0.97545
0.97545
0.97545
0.97545
0.97545
0.97545
0.97545
0.97545
0.97545
0.97545
0.97545
0.97545
0.97545
0.97545
0.97545
0.97545
0.97545
0.97545
0.97545
0.97545
0.97545
0.97545
0.97545
0.97545
0.97545
0.97545
0.97545
0.97545
0.975449
0.975449
0.975449
0.975448
0.975447
0.975446
0.975443
0.975438
0.975429
0.975416
0.975396
0.975364
0.975318
0.975253
0.975165
0.97732
0.977403
0.977465
0.977509
0.977539
0.977559
0.977572
0.97758
0.977585
0.977589
0.97759
0.977591
0.977592
0.977592
0.977593
0.977593
0.977593
0.977593
0.977593
0.977593
0.977593
0.977593
0.977593
0.977593
0.977593
0.977593
0.977593
0.977593
0.977593
0.977593
0.977593
0.977593
0.977593
0.977593
0.977593
0.977593
0.977593
0.977593
0.977593
0.977593
0.977593
0.977593
0.977593
0.977593
0.977593
0.977593
0.977592
0.977592
0.977591
0.97759
0.977589
0.977585
0.97758
0.977572
0.977559
0.977539
0.977509
0.977465
0.977403
0.97732
0.979313
0.979391
0.979449
0.979491
0.979521
0.97954
0.979553
0.979561
0.979566
0.979569
0.979571
0.979572
0.979573
0.979573
0.979574
0.979574
0.979574
0.979574
0.979574
0.979574
0.979574
0.979574
0.979574
0.979574
0.979574
0.979574
0.979574
0.979574
0.979574
0.979574
0.979574
0.979574
0.979574
0.979574
0.979574
0.979574
0.979574
0.979574
0.979574
0.979574
0.979574
0.979574
0.979574
0.979574
0.979574
0.979574
0.979573
0.979573
0.979572
0.979571
0.979569
0.979566
0.979561
0.979553
0.97954
0.979521
0.979491
0.979449
0.979391
0.979313
0.981154
0.981227
0.981282
0.981322
0.98135
0.981369
0.981381
0.981389
0.981395
0.981398
0.9814
0.981401
0.981402
0.981402
0.981402
0.981402
0.981402
0.981403
0.981403
0.981403
0.981402
0.981402
0.981402
0.981402
0.981402
0.981402
0.981402
0.981402
0.981402
0.981402
0.981402
0.981402
0.981402
0.981402
0.981402
0.981402
0.981402
0.981402
0.981402
0.981402
0.981403
0.981403
0.981403
0.981402
0.981402
0.981402
0.981402
0.981402
0.981401
0.9814
0.981398
0.981395
0.981389
0.981381
0.981369
0.98135
0.981322
0.981282
0.981227
0.981154
0.982853
0.98292
0.982972
0.98301
0.983037
0.983055
0.983068
0.983076
0.983081
0.983084
0.983086
0.983087
0.983088
0.983088
0.983089
0.983089
0.983089
0.983089
0.983089
0.983089
0.983089
0.983089
0.983089
0.983089
0.983089
0.983089
0.983089
0.983089
0.983089
0.983089
0.983089
0.983089
0.983089
0.983089
0.983089
0.983089
0.983089
0.983089
0.983089
0.983089
0.983089
0.983089
0.983089
0.983089
0.983089
0.983089
0.983088
0.983088
0.983087
0.983086
0.983084
0.983081
0.983076
0.983068
0.983055
0.983037
0.98301
0.982972
0.98292
0.982853
0.984418
0.984481
0.984529
0.984565
0.984591
0.984609
0.984621
0.984629
0.984634
0.984637
0.984639
0.98464
0.984641
0.984642
0.984642
0.984642
0.984642
0.984642
0.984642
0.984642
0.984642
0.984642
0.984642
0.984642
0.984642
0.984642
0.984642
0.984642
0.984642
0.984642
0.984642
0.984642
0.984642
0.984642
0.984642
0.984642
0.984642
0.984642
0.984642
0.984642
0.984642
0.984642
0.984642
0.984642
0.984642
0.984642
0.984642
0.984641
0.98464
0.984639
0.984637
0.984634
0.984629
0.984621
0.984609
0.984591
0.984565
0.984529
0.984481
0.984418
0.985858
0.985917
0.985962
0.985996
0.986021
0.986038
0.98605
0.986057
0.986063
0.986066
0.986068
0.986069
0.98607
0.986071
0.986071
0.986071
0.986071
0.986071
0.986071
0.986071
0.986071
0.986071
0.986071
0.986071
0.986071
0.986071
0.986071
0.986071
0.986071
0.986071
0.986071
0.986071
0.986071
0.986071
0.986071
0.986071
0.986071
0.986071
0.986071
0.986071
0.986071
0.986071
0.986071
0.986071
0.986071
0.986071
0.986071
0.98607
0.986069
0.986068
0.986066
0.986063
0.986057
0.98605
0.986038
0.986021
0.985996
0.985962
0.985917
0.985858
0.987182
0.987237
0.987279
0.987311
0.987335
0.987351
0.987363
0.98737
0.987375
0.987379
0.987381
0.987382
0.987383
0.987384
0.987384
0.987384
0.987384
0.987384
0.987384
0.987384
0.987384
0.987384
0.987384
0.987384
0.987384
0.987384
0.987384
0.987384
0.987384
0.987384
0.987384
0.987384
0.987384
0.987384
0.987384
0.987384
0.987384
0.987384
0.987384
0.987384
0.987384
0.987384
0.987384
0.987384
0.987384
0.987384
0.987384
0.987383
0.987382
0.987381
0.987379
0.987375
0.98737
0.987363
0.987351
0.987335
0.987311
0.987279
0.987237
0.987182
0.988398
0.988449
0.988488
0.988519
0.988541
0.988557
0.988568
0.988575
0.98858
0.988584
0.988586
0.988587
0.988588
0.988588
0.988589
0.988589
0.988589
0.988589
0.988589
0.988589
0.988589
0.988589
0.988589
0.988589
0.988589
0.988589
0.988589
0.988589
0.988589
0.988589
0.988589
0.988589
0.988589
0.988589
0.988589
0.988589
0.988589
0.988589
0.988589
0.988589
0.988589
0.988589
0.988589
0.988589
0.988589
0.988589
0.988588
0.988588
0.988587
0.988586
0.988584
0.98858
0.988575
0.988568
0.988557
0.988541
0.988519
0.988488
0.988449
0.988398
0.989513
0.98956
0.989597
0.989625
0.989646
0.989662
0.989672
0.98968
0.989685
0.989688
0.98969
0.989691
0.989692
0.989693
0.989693
0.989693
0.989693
0.989694
0.989694
0.989694
0.989694
0.989694
0.989693
0.989693
0.989693
0.989693
0.989693
0.989693
0.989693
0.989693
0.989693
0.989693
0.989693
0.989693
0.989693
0.989693
0.989693
0.989693
0.989694
0.989694
0.989694
0.989694
0.989694
0.989693
0.989693
0.989693
0.989693
0.989692
0.989691
0.98969
0.989688
0.989685
0.98968
0.989672
0.989662
0.989646
0.989625
0.989597
0.98956
0.989513
0.990534
0.990578
0.990612
0.990639
0.990659
0.990673
0.990683
0.990691
0.990695
0.990699
0.990701
0.990702
0.990703
0.990704
0.990704
0.990704
0.990704
0.990705
0.990705
0.990705
0.990705
0.990705
0.990705
0.990704
0.990704
0.990704
0.990704
0.990704
0.990704
0.990704
0.990704
0.990704
0.990704
0.990704
0.990704
0.990704
0.990704
0.990705
0.990705
0.990705
0.990705
0.990705
0.990705
0.990704
0.990704
0.990704
0.990704
0.990703
0.990702
0.990701
0.990699
0.990695
0.990691
0.990683
0.990673
0.990659
0.990639
0.990612
0.990578
0.990534
0.991468
0.991508
0.991541
0.991565
0.991584
0.991598
0.991608
0.991615
0.99162
0.991623
0.991625
0.991627
0.991627
0.991628
0.991628
0.991629
0.991629
0.991629
0.991629
0.991629
0.991629
0.991629
0.991629
0.991629
0.991629
0.991629
0.991629
0.991629
0.991629
0.991629
0.991629
0.991629
0.991629
0.991629
0.991629
0.991629
0.991629
0.991629
0.991629
0.991629
0.991629
0.991629
0.991629
0.991629
0.991629
0.991628
0.991628
0.991627
0.991627
0.991625
0.991623
0.99162
0.991615
0.991608
0.991598
0.991584
0.991565
0.991541
0.991508
0.991468
0.992322
0.992359
0.992389
0.992412
0.992429
0.992443
0.992452
0.992459
0.992464
0.992467
0.992469
0.99247
0.992471
0.992472
0.992472
0.992472
0.992473
0.992473
0.992473
0.992473
0.992473
0.992473
0.992473
0.992473
0.992473
0.992473
0.992473
0.992473
0.992473
0.992473
0.992473
0.992473
0.992473
0.992473
0.992473
0.992473
0.992473
0.992473
0.992473
0.992473
0.992473
0.992473
0.992473
0.992473
0.992472
0.992472
0.992472
0.992471
0.99247
0.992469
0.992467
0.992464
0.992459
0.992452
0.992443
0.992429
0.992412
0.992389
0.992359
0.992322
0.993101
0.993135
0.993162
0.993184
0.9932
0.993213
0.993222
0.993228
0.993233
0.993236
0.993238
0.99324
0.993241
0.993241
0.993242
0.993242
0.993242
0.993242
0.993242
0.993242
0.993242
0.993242
0.993242
0.993242
0.993242
0.993242
0.993242
0.993242
0.993242
0.993242
0.993242
0.993242
0.993242
0.993242
0.993242
0.993242
0.993242
0.993242
0.993242
0.993242
0.993242
0.993242
0.993242
0.993242
0.993242
0.993242
0.993241
0.993241
0.99324
0.993238
0.993236
0.993233
0.993228
0.993222
0.993213
0.9932
0.993184
0.993162
0.993135
0.993101
0.99381
0.993841
0.993867
0.993887
0.993902
0.993914
0.993923
0.993929
0.993934
0.993937
0.993939
0.99394
0.993941
0.993942
0.993942
0.993942
0.993943
0.993943
0.993943
0.993943
0.993943
0.993943
0.993943
0.993943
0.993943
0.993943
0.993943
0.993943
0.993943
0.993943
0.993943
0.993943
0.993943
0.993943
0.993943
0.993943
0.993943
0.993943
0.993943
0.993943
0.993943
0.993943
0.993943
0.993943
0.993942
0.993942
0.993942
0.993941
0.99394
0.993939
0.993937
0.993934
0.993929
0.993923
0.993914
0.993902
0.993887
0.993867
0.993841
0.99381
0.994456
0.994484
0.994508
0.994526
0.994541
0.994552
0.99456
0.994566
0.994571
0.994574
0.994576
0.994577
0.994578
0.994579
0.994579
0.994579
0.99458
0.99458
0.99458
0.99458
0.99458
0.99458
0.99458
0.99458
0.99458
0.99458
0.99458
0.99458
0.99458
0.99458
0.99458
0.99458
0.99458
0.99458
0.99458
0.99458
0.99458
0.99458
0.99458
0.99458
0.99458
0.99458
0.99458
0.99458
0.994579
0.994579
0.994579
0.994578
0.994577
0.994576
0.994574
0.994571
0.994566
0.99456
0.994552
0.994541
0.994526
0.994508
0.994484
0.994456
0.995042
0.995068
0.99509
0.995107
0.995121
0.995131
0.995139
0.995145
0.995149
0.995152
0.995154
0.995155
0.995156
0.995157
0.995157
0.995158
0.995158
0.995158
0.995158
0.995158
0.995158
0.995158
0.995158
0.995158
0.995158
0.995158
0.995158
0.995158
0.995158
0.995158
0.995158
0.995158
0.995158
0.995158
0.995158
0.995158
0.995158
0.995158
0.995158
0.995158
0.995158
0.995158
0.995158
0.995158
0.995158
0.995157
0.995157
0.995156
0.995155
0.995154
0.995152
0.995149
0.995145
0.995139
0.995131
0.995121
0.995107
0.99509
0.995068
0.995042
0.995574
0.995598
0.995618
0.995634
0.995647
0.995656
0.995664
0.995669
0.995673
0.995676
0.995678
0.99568
0.995681
0.995681
0.995682
0.995682
0.995682
0.995682
0.995682
0.995682
0.995682
0.995682
0.995682
0.995682
0.995682
0.995682
0.995682
0.995682
0.995682
0.995682
0.995682
0.995682
0.995682
0.995682
0.995682
0.995682
0.995682
0.995682
0.995682
0.995682
0.995682
0.995682
0.995682
0.995682
0.995682
0.995682
0.995681
0.995681
0.99568
0.995678
0.995676
0.995673
0.995669
0.995664
0.995656
0.995647
0.995634
0.995618
0.995598
0.995574
0.996056
0.996078
0.996096
0.996111
0.996123
0.996132
0.996139
0.996144
0.996148
0.996151
0.996153
0.996154
0.996155
0.996156
0.996156
0.996156
0.996157
0.996157
0.996157
0.996157
0.996157
0.996157
0.996157
0.996157
0.996157
0.996157
0.996157
0.996157
0.996157
0.996157
0.996157
0.996157
0.996157
0.996157
0.996157
0.996157
0.996157
0.996157
0.996157
0.996157
0.996157
0.996157
0.996157
0.996157
0.996156
0.996156
0.996156
0.996155
0.996154
0.996153
0.996151
0.996148
0.996144
0.996139
0.996132
0.996123
0.996111
0.996096
0.996078
0.996056
0.996493
0.996512
0.996529
0.996543
0.996553
0.996562
0.996568
0.996573
0.996577
0.99658
0.996582
0.996583
0.996584
0.996585
0.996585
0.996585
0.996586
0.996586
0.996586
0.996586
0.996586
0.996586
0.996586
0.996586
0.996586
0.996586
0.996586
0.996586
0.996586
0.996586
0.996586
0.996586
0.996586
0.996586
0.996586
0.996586
0.996586
0.996586
0.996586
0.996586
0.996586
0.996586
0.996586
0.996586
0.996585
0.996585
0.996585
0.996584
0.996583
0.996582
0.99658
0.996577
0.996573
0.996568
0.996562
0.996553
0.996543
0.996529
0.996512
0.996493
0.996886
0.996904
0.99692
0.996932
0.996942
0.99695
0.996956
0.996961
0.996964
0.996967
0.996969
0.99697
0.996971
0.996972
0.996972
0.996972
0.996972
0.996973
0.996973
0.996973
0.996973
0.996973
0.996973
0.996973
0.996973
0.996973
0.996973
0.996973
0.996973
0.996973
0.996973
0.996973
0.996973
0.996973
0.996973
0.996973
0.996973
0.996973
0.996973
0.996973
0.996973
0.996973
0.996973
0.996972
0.996972
0.996972
0.996972
0.996971
0.99697
0.996969
0.996967
0.996964
0.996961
0.996956
0.99695
0.996942
0.996932
0.99692
0.996904
0.996886
0.997242
0.997258
0.997272
0.997283
0.997292
0.9973
0.997305
0.99731
0.997313
0.997315
0.997317
0.997319
0.997319
0.99732
0.997321
0.997321
0.997321
0.997321
0.997321
0.997321
0.997321
0.997321
0.997321
0.997321
0.997321
0.997321
0.997321
0.997321
0.997321
0.997321
0.997321
0.997321
0.997321
0.997321
0.997321
0.997321
0.997321
0.997321
0.997321
0.997321
0.997321
0.997321
0.997321
0.997321
0.997321
0.997321
0.99732
0.997319
0.997319
0.997317
0.997315
0.997313
0.99731
0.997305
0.9973
0.997292
0.997283
0.997272
0.997258
0.997242
0.997561
0.997576
0.997589
0.997599
0.997607
0.997614
0.997619
0.997624
0.997627
0.997629
0.997631
0.997632
0.997633
0.997634
0.997634
0.997634
0.997635
0.997635
0.997635
0.997635
0.997635
0.997635
0.997635
0.997635
0.997635
0.997635
0.997635
0.997635
0.997635
0.997635
0.997635
0.997635
0.997635
0.997635
0.997635
0.997635
0.997635
0.997635
0.997635
0.997635
0.997635
0.997635
0.997635
0.997635
0.997634
0.997634
0.997634
0.997633
0.997632
0.997631
0.997629
0.997627
0.997624
0.997619
0.997614
0.997607
0.997599
0.997589
0.997576
0.997561
0.997848
0.997862
0.997873
0.997883
0.99789
0.997897
0.997902
0.997905
0.997908
0.997911
0.997912
0.997913
0.997914
0.997915
0.997915
0.997916
0.997916
0.997916
0.997916
0.997916
0.997916
0.997916
0.997916
0.997916
0.997916
0.997916
0.997916
0.997916
0.997916
0.997916
0.997916
0.997916
0.997916
0.997916
0.997916
0.997916
0.997916
0.997916
0.997916
0.997916
0.997916
0.997916
0.997916
0.997916
0.997916
0.997915
0.997915
0.997914
0.997913
0.997912
0.997911
0.997908
0.997905
0.997902
0.997897
0.99789
0.997883
0.997873
0.997862
0.997848
0.998106
0.998118
0.998128
0.998137
0.998144
0.99815
0.998154
0.998158
0.998161
0.998163
0.998165
0.998166
0.998167
0.998167
0.998168
0.998168
0.998168
0.998168
0.998168
0.998168
0.998168
0.998168
0.998168
0.998168
0.998168
0.998168
0.998168
0.998168
0.998168
0.998168
0.998168
0.998168
0.998168
0.998168
0.998168
0.998168
0.998168
0.998168
0.998168
0.998168
0.998168
0.998168
0.998168
0.998168
0.998168
0.998168
0.998167
0.998167
0.998166
0.998165
0.998163
0.998161
0.998158
0.998154
0.99815
0.998144
0.998137
0.998128
0.998118
0.998106
0.998337
0.998348
0.998357
0.998365
0.998371
0.998377
0.998381
0.998384
0.998387
0.998389
0.99839
0.998391
0.998392
0.998393
0.998393
0.998393
0.998394
0.998394
0.998394
0.998394
0.998394
0.998394
0.998394
0.998394
0.998394
0.998394
0.998394
0.998394
0.998394
0.998394
0.998394
0.998394
0.998394
0.998394
0.998394
0.998394
0.998394
0.998394
0.998394
0.998394
0.998394
0.998394
0.998394
0.998394
0.998393
0.998393
0.998393
0.998392
0.998391
0.99839
0.998389
0.998387
0.998384
0.998381
0.998377
0.998371
0.998365
0.998357
0.998348
0.998337
0.998543
0.998553
0.998561
0.998568
0.998574
0.998579
0.998583
0.998586
0.998588
0.99859
0.998592
0.998593
0.998593
0.998594
0.998594
0.998595
0.998595
0.998595
0.998595
0.998595
0.998595
0.998595
0.998595
0.998595
0.998595
0.998595
0.998595
0.998595
0.998595
0.998595
0.998595
0.998595
0.998595
0.998595
0.998595
0.998595
0.998595
0.998595
0.998595
0.998595
0.998595
0.998595
0.998595
0.998595
0.998595
0.998594
0.998594
0.998593
0.998593
0.998592
0.99859
0.998588
0.998586
0.998583
0.998579
0.998574
0.998568
0.998561
0.998553
0.998543
0.998727
0.998736
0.998743
0.99875
0.998755
0.998759
0.998763
0.998766
0.998768
0.99877
0.998771
0.998772
0.998773
0.998773
0.998774
0.998774
0.998774
0.998774
0.998774
0.998774
0.998774
0.998775
0.998774
0.998774
0.998774
0.998774
0.998774
0.998774
0.998774
0.998774
0.998774
0.998774
0.998774
0.998774
0.998774
0.998774
0.998774
0.998774
0.998775
0.998774
0.998774
0.998774
0.998774
0.998774
0.998774
0.998774
0.998773
0.998773
0.998772
0.998771
0.99877
0.998768
0.998766
0.998763
0.998759
0.998755
0.99875
0.998743
0.998736
0.998727
0.998891
0.998899
0.998905
0.998911
0.998916
0.99892
0.998923
0.998926
0.998928
0.998929
0.998931
0.998932
0.998932
0.998933
0.998933
0.998934
0.998934
0.998934
0.998934
0.998934
0.998934
0.998934
0.998934
0.998934
0.998934
0.998934
0.998934
0.998934
0.998934
0.998934
0.998934
0.998934
0.998934
0.998934
0.998934
0.998934
0.998934
0.998934
0.998934
0.998934
0.998934
0.998934
0.998934
0.998934
0.998934
0.998933
0.998933
0.998932
0.998932
0.998931
0.998929
0.998928
0.998926
0.998923
0.99892
0.998916
0.998911
0.998905
0.998899
0.998891
0.999037
0.999043
0.999049
0.999055
0.999059
0.999062
0.999065
0.999068
0.99907
0.999071
0.999072
0.999073
0.999074
0.999074
0.999075
0.999075
0.999075
0.999075
0.999075
0.999075
0.999075
0.999075
0.999075
0.999075
0.999075
0.999075
0.999075
0.999075
0.999075
0.999075
0.999075
0.999075
0.999075
0.999075
0.999075
0.999075
0.999075
0.999075
0.999075
0.999075
0.999075
0.999075
0.999075
0.999075
0.999075
0.999075
0.999074
0.999074
0.999073
0.999072
0.999071
0.99907
0.999068
0.999065
0.999062
0.999059
0.999055
0.999049
0.999043
0.999037
0.999166
0.999172
0.999177
0.999182
0.999186
0.999189
0.999191
0.999194
0.999195
0.999197
0.999198
0.999199
0.999199
0.9992
0.9992
0.9992
0.999201
0.999201
0.999201
0.999201
0.999201
0.999201
0.999201
0.999201
0.999201
0.999201
0.999201
0.999201
0.999201
0.999201
0.999201
0.999201
0.999201
0.999201
0.999201
0.999201
0.999201
0.999201
0.999201
0.999201
0.999201
0.999201
0.999201
0.999201
0.9992
0.9992
0.9992
0.999199
0.999199
0.999198
0.999197
0.999195
0.999194
0.999191
0.999189
0.999186
0.999182
0.999177
0.999172
0.999166
0.99928
0.999285
0.99929
0.999294
0.999298
0.999301
0.999303
0.999305
0.999306
0.999308
0.999309
0.99931
0.99931
0.999311
0.999311
0.999311
0.999311
0.999311
0.999311
0.999312
0.999312
0.999312
0.999312
0.999312
0.999312
0.999312
0.999312
0.999312
0.999312
0.999312
0.999312
0.999312
0.999312
0.999312
0.999312
0.999312
0.999312
0.999312
0.999312
0.999312
0.999312
0.999311
0.999311
0.999311
0.999311
0.999311
0.999311
0.99931
0.99931
0.999309
0.999308
0.999306
0.999305
0.999303
0.999301
0.999298
0.999294
0.99929
0.999285
0.99928
0.999381
0.999386
0.99939
0.999394
0.999397
0.999399
0.999401
0.999403
0.999405
0.999406
0.999407
0.999407
0.999408
0.999408
0.999409
0.999409
0.999409
0.999409
0.999409
0.999409
0.999409
0.999409
0.999409
0.999409
0.999409
0.999409
0.999409
0.999409
0.999409
0.999409
0.999409
0.999409
0.999409
0.999409
0.999409
0.999409
0.999409
0.999409
0.999409
0.999409
0.999409
0.999409
0.999409
0.999409
0.999409
0.999409
0.999408
0.999408
0.999407
0.999407
0.999406
0.999405
0.999403
0.999401
0.999399
0.999397
0.999394
0.99939
0.999386
0.999381
0.99947
0.999474
0.999478
0.999481
0.999484
0.999486
0.999488
0.99949
0.999491
0.999492
0.999493
0.999493
0.999494
0.999494
0.999495
0.999495
0.999495
0.999495
0.999495
0.999495
0.999495
0.999495
0.999495
0.999495
0.999495
0.999495
0.999495
0.999495
0.999495
0.999495
0.999495
0.999495
0.999495
0.999495
0.999495
0.999495
0.999495
0.999495
0.999495
0.999495
0.999495
0.999495
0.999495
0.999495
0.999495
0.999495
0.999494
0.999494
0.999493
0.999493
0.999492
0.999491
0.99949
0.999488
0.999486
0.999484
0.999481
0.999478
0.999474
0.99947
0.999549
0.999552
0.999555
0.999558
0.999561
0.999563
0.999564
0.999566
0.999567
0.999568
0.999569
0.999569
0.99957
0.99957
0.99957
0.999571
0.999571
0.999571
0.999571
0.999571
0.999571
0.999571
0.999571
0.999571
0.999571
0.999571
0.999571
0.999571
0.999571
0.999571
0.999571
0.999571
0.999571
0.999571
0.999571
0.999571
0.999571
0.999571
0.999571
0.999571
0.999571
0.999571
0.999571
0.999571
0.999571
0.99957
0.99957
0.99957
0.999569
0.999569
0.999568
0.999567
0.999566
0.999564
0.999563
0.999561
0.999558
0.999555
0.999552
0.999549
0.999618
0.999621
0.999624
0.999626
0.999628
0.99963
0.999631
0.999633
0.999634
0.999635
0.999635
0.999636
0.999636
0.999637
0.999637
0.999637
0.999637
0.999637
0.999637
0.999637
0.999637
0.999637
0.999637
0.999637
0.999637
0.999637
0.999637
0.999637
0.999637
0.999637
0.999637
0.999637
0.999637
0.999637
0.999637
0.999637
0.999637
0.999637
0.999637
0.999637
0.999637
0.999637
0.999637
0.999637
0.999637
0.999637
0.999637
0.999636
0.999636
0.999635
0.999635
0.999634
0.999633
0.999631
0.99963
0.999628
0.999626
0.999624
0.999621
0.999618
0.999679
0.999681
0.999684
0.999686
0.999688
0.999689
0.99969
0.999692
0.999692
0.999693
0.999694
0.999694
0.999695
0.999695
0.999695
0.999695
0.999695
0.999696
0.999696
0.999696
0.999696
0.999696
0.999696
0.999696
0.999696
0.999696
0.999696
0.999696
0.999696
0.999696
0.999696
0.999696
0.999696
0.999696
0.999696
0.999696
0.999696
0.999696
0.999696
0.999696
0.999696
0.999696
0.999696
0.999695
0.999695
0.999695
0.999695
0.999695
0.999694
0.999694
0.999693
0.999692
0.999692
0.99969
0.999689
0.999688
0.999686
0.999684
0.999681
0.999679
0.999732
0.999735
0.999737
0.999738
0.99974
0.999741
0.999742
0.999743
0.999744
0.999745
0.999745
0.999746
0.999746
0.999746
0.999747
0.999747
0.999747
0.999747
0.999747
0.999747
0.999747
0.999747
0.999747
0.999747
0.999747
0.999747
0.999747
0.999747
0.999747
0.999747
0.999747
0.999747
0.999747
0.999747
0.999747
0.999747
0.999747
0.999747
0.999747
0.999747
0.999747
0.999747
0.999747
0.999747
0.999747
0.999747
0.999746
0.999746
0.999746
0.999745
0.999745
0.999744
0.999743
0.999742
0.999741
0.99974
0.999738
0.999737
0.999735
0.999732
0.99978
0.999782
0.999783
0.999785
0.999786
0.999787
0.999788
0.999789
0.99979
0.99979
0.999791
0.999791
0.999791
0.999792
0.999792
0.999792
0.999792
0.999792
0.999792
0.999792
0.999792
0.999792
0.999792
0.999792
0.999792
0.999792
0.999792
0.999792
0.999792
0.999792
0.999792
0.999792
0.999792
0.999792
0.999792
0.999792
0.999792
0.999792
0.999792
0.999792
0.999792
0.999792
0.999792
0.999792
0.999792
0.999792
0.999792
0.999791
0.999791
0.999791
0.99979
0.99979
0.999789
0.999788
0.999787
0.999786
0.999785
0.999783
0.999782
0.99978
0.999822
0.999824
0.999825
0.999826
0.999827
0.999828
0.999829
0.99983
0.99983
0.999831
0.999831
0.999831
0.999832
0.999832
0.999832
0.999832
0.999832
0.999832
0.999832
0.999832
0.999832
0.999832
0.999832
0.999832
0.999832
0.999832
0.999832
0.999832
0.999832
0.999832
0.999832
0.999832
0.999832
0.999832
0.999832
0.999832
0.999832
0.999832
0.999832
0.999832
0.999832
0.999832
0.999832
0.999832
0.999832
0.999832
0.999832
0.999832
0.999831
0.999831
0.999831
0.99983
0.99983
0.999829
0.999828
0.999827
0.999826
0.999825
0.999824
0.999822
0.99986
0.999861
0.999862
0.999863
0.999864
0.999865
0.999865
0.999866
0.999866
0.999867
0.999867
0.999867
0.999868
0.999868
0.999868
0.999868
0.999868
0.999868
0.999868
0.999868
0.999868
0.999868
0.999868
0.999868
0.999868
0.999868
0.999868
0.999868
0.999868
0.999868
0.999868
0.999868
0.999868
0.999868
0.999868
0.999868
0.999868
0.999868
0.999868
0.999868
0.999868
0.999868
0.999868
0.999868
0.999868
0.999868
0.999868
0.999868
0.999867
0.999867
0.999867
0.999866
0.999866
0.999865
0.999865
0.999864
0.999863
0.999862
0.999861
0.99986
0.999894
0.999895
0.999896
0.999897
0.999897
0.999898
0.999898
0.999899
0.999899
0.9999
0.9999
0.9999
0.9999
0.9999
0.9999
0.9999
0.9999
0.9999
0.999901
0.999901
0.999901
0.999901
0.999901
0.999901
0.999901
0.999901
0.999901
0.999901
0.999901
0.999901
0.999901
0.999901
0.999901
0.999901
0.999901
0.999901
0.999901
0.999901
0.999901
0.999901
0.999901
0.999901
0.9999
0.9999
0.9999
0.9999
0.9999
0.9999
0.9999
0.9999
0.9999
0.999899
0.999899
0.999898
0.999898
0.999897
0.999897
0.999896
0.999895
0.999894
0.999926
0.999927
0.999927
0.999928
0.999928
0.999929
0.999929
0.999929
0.99993
0.99993
0.99993
0.99993
0.99993
0.99993
0.99993
0.99993
0.99993
0.99993
0.99993
0.99993
0.99993
0.99993
0.99993
0.99993
0.99993
0.99993
0.99993
0.99993
0.99993
0.99993
0.99993
0.99993
0.99993
0.99993
0.99993
0.99993
0.99993
0.99993
0.99993
0.99993
0.99993
0.99993
0.99993
0.99993
0.99993
0.99993
0.99993
0.99993
0.99993
0.99993
0.99993
0.99993
0.999929
0.999929
0.999929
0.999928
0.999928
0.999927
0.999927
0.999926
0.999956
0.999956
0.999957
0.999957
0.999957
0.999958
0.999958
0.999958
0.999958
0.999958
0.999958
0.999958
0.999959
0.999959
0.999959
0.999959
0.999959
0.999959
0.999959
0.999959
0.999959
0.999959
0.999959
0.999959
0.999959
0.999959
0.999959
0.999959
0.999959
0.999959
0.999959
0.999959
0.999959
0.999959
0.999959
0.999959
0.999959
0.999959
0.999959
0.999959
0.999959
0.999959
0.999959
0.999959
0.999959
0.999959
0.999959
0.999959
0.999958
0.999958
0.999958
0.999958
0.999958
0.999958
0.999958
0.999957
0.999957
0.999957
0.999956
0.999956
0.999985
0.999986
0.999986
0.999986
0.999986
0.999986
0.999986
0.999986
0.999986
0.999986
0.999986
0.999986
0.999986
0.999986
0.999986
0.999986
0.999986
0.999986
0.999986
0.999986
0.999986
0.999986
0.999986
0.999986
0.999986
0.999986
0.999986
0.999986
0.999986
0.999986
0.999986
0.999986
0.999986
0.999986
0.999986
0.999986
0.999986
0.999986
0.999986
0.999986
0.999986
0.999986
0.999986
0.999986
0.999986
0.999986
0.999986
0.999986
0.999986
0.999986
0.999986
0.999986
0.999986
0.999986
0.999986
0.999986
0.999986
0.999986
0.999986
0.999985
)
;

boundaryField
{
    top
    {
        type            fixedValue;
        value           uniform 1;
    }
    bottom
    {
        type            fixedValue;
        value           uniform 1;
    }
    wall
    {
        type            zeroGradient;
    }
    frontAndBack
    {
        type            empty;
    }
}


// ************************************************************************* //
