/*--------------------------------*- C++ -*----------------------------------*\
| =========                 |                                                 |
| \\      /  F ield         | foam-extend: Open Source CFD                    |
|  \\    /   O peration     | Version:     4.0                                |
|   \\  /    A nd           | Web:         http://www.foam-extend.org         |
|    \\/     M anipulation  |                                                 |
\*---------------------------------------------------------------------------*/
FoamFile
{
    version     2.0;
    format      ascii;
    class       volScalarField;
    location    "1830";
    object      cPlus;
}
// * * * * * * * * * * * * * * * * * * * * * * * * * * * * * * * * * * * * * //

dimensions      [0 0 0 0 0 0 0];

internalField   nonuniform List<scalar> 
6960
(
0.238516
0.238465
0.238452
0.23845
0.23845
0.238451
0.238452
0.238453
0.238454
0.238455
0.238456
0.238457
0.238457
0.238458
0.238459
0.238459
0.23846
0.23846
0.238461
0.238461
0.238461
0.238462
0.238462
0.238462
0.238462
0.238463
0.238463
0.238463
0.238463
0.238463
0.238463
0.238463
0.238463
0.238463
0.238463
0.238462
0.238462
0.238462
0.238462
0.238461
0.238461
0.238461
0.23846
0.23846
0.238459
0.238459
0.238458
0.238457
0.238457
0.238456
0.238455
0.238454
0.238453
0.238452
0.238451
0.23845
0.23845
0.238452
0.238465
0.238516
0.0861058
0.0861057
0.0861055
0.086106
0.0861067
0.0861074
0.086108
0.0861086
0.0861091
0.0861096
0.0861101
0.0861105
0.0861108
0.0861112
0.0861115
0.0861118
0.086112
0.0861122
0.0861124
0.0861126
0.0861128
0.0861129
0.086113
0.0861132
0.0861132
0.0861133
0.0861134
0.0861134
0.0861135
0.0861135
0.0861135
0.0861135
0.0861134
0.0861134
0.0861133
0.0861132
0.0861132
0.086113
0.0861129
0.0861128
0.0861126
0.0861124
0.0861122
0.086112
0.0861118
0.0861115
0.0861112
0.0861108
0.0861105
0.0861101
0.0861096
0.0861091
0.0861086
0.086108
0.0861074
0.0861067
0.086106
0.0861055
0.0861057
0.0861058
0.0613257
0.061347
0.0613523
0.0613541
0.0613549
0.0613555
0.061356
0.0613564
0.0613567
0.061357
0.0613573
0.0613575
0.0613577
0.0613579
0.0613581
0.0613582
0.0613584
0.0613585
0.0613586
0.0613587
0.0613588
0.0613589
0.0613589
0.061359
0.061359
0.0613591
0.0613591
0.0613591
0.0613591
0.0613591
0.0613591
0.0613591
0.0613591
0.0613591
0.0613591
0.061359
0.061359
0.0613589
0.0613589
0.0613588
0.0613587
0.0613586
0.0613585
0.0613584
0.0613582
0.0613581
0.0613579
0.0613577
0.0613575
0.0613573
0.061357
0.0613567
0.0613564
0.061356
0.0613555
0.0613549
0.0613541
0.0613523
0.061347
0.0613257
0.0585912
0.0586208
0.0586281
0.0586305
0.0586315
0.058632
0.0586325
0.0586328
0.0586331
0.0586334
0.0586336
0.0586338
0.058634
0.0586341
0.0586342
0.0586344
0.0586345
0.0586346
0.0586346
0.0586347
0.0586348
0.0586348
0.0586349
0.0586349
0.058635
0.058635
0.058635
0.058635
0.058635
0.0586351
0.0586351
0.058635
0.058635
0.058635
0.058635
0.058635
0.0586349
0.0586349
0.0586348
0.0586348
0.0586347
0.0586346
0.0586346
0.0586345
0.0586344
0.0586342
0.0586341
0.058634
0.0586338
0.0586336
0.0586334
0.0586331
0.0586328
0.0586325
0.058632
0.0586315
0.0586305
0.0586281
0.0586208
0.0585912
0.0605151
0.0605493
0.0605579
0.0605606
0.0605616
0.0605623
0.0605627
0.0605631
0.0605634
0.0605637
0.0605639
0.0605641
0.0605643
0.0605644
0.0605646
0.0605647
0.0605648
0.0605649
0.060565
0.0605651
0.0605651
0.0605652
0.0605652
0.0605653
0.0605653
0.0605653
0.0605654
0.0605654
0.0605654
0.0605654
0.0605654
0.0605654
0.0605654
0.0605654
0.0605653
0.0605653
0.0605653
0.0605652
0.0605652
0.0605651
0.0605651
0.060565
0.0605649
0.0605648
0.0605647
0.0605646
0.0605644
0.0605643
0.0605641
0.0605639
0.0605637
0.0605634
0.0605631
0.0605627
0.0605623
0.0605616
0.0605606
0.0605579
0.0605493
0.0605151
0.0639225
0.0639609
0.0639706
0.0639736
0.0639749
0.0639756
0.0639761
0.0639765
0.0639768
0.0639771
0.0639774
0.0639776
0.0639778
0.063978
0.0639782
0.0639783
0.0639784
0.0639786
0.0639786
0.0639787
0.0639788
0.0639789
0.0639789
0.063979
0.063979
0.0639791
0.0639791
0.0639791
0.0639791
0.0639791
0.0639791
0.0639791
0.0639791
0.0639791
0.0639791
0.063979
0.063979
0.0639789
0.0639789
0.0639788
0.0639787
0.0639786
0.0639786
0.0639784
0.0639783
0.0639782
0.063978
0.0639778
0.0639776
0.0639774
0.0639771
0.0639768
0.0639765
0.0639761
0.0639756
0.0639749
0.0639736
0.0639706
0.0639609
0.0639225
0.0683623
0.068406
0.0684169
0.0684204
0.0684218
0.0684227
0.0684233
0.0684237
0.0684242
0.0684245
0.0684248
0.0684251
0.0684253
0.0684256
0.0684257
0.0684259
0.0684261
0.0684262
0.0684263
0.0684264
0.0684265
0.0684266
0.0684266
0.0684267
0.0684267
0.0684268
0.0684268
0.0684268
0.0684269
0.0684269
0.0684269
0.0684269
0.0684268
0.0684268
0.0684268
0.0684267
0.0684267
0.0684266
0.0684266
0.0684265
0.0684264
0.0684263
0.0684262
0.0684261
0.0684259
0.0684257
0.0684256
0.0684253
0.0684251
0.0684248
0.0684245
0.0684242
0.0684237
0.0684233
0.0684227
0.0684218
0.0684204
0.0684169
0.068406
0.0683623
0.0740139
0.0740643
0.0740771
0.0740811
0.0740828
0.0740838
0.0740845
0.0740851
0.0740856
0.074086
0.0740864
0.0740868
0.0740871
0.0740873
0.0740875
0.0740877
0.0740879
0.0740881
0.0740882
0.0740884
0.0740885
0.0740886
0.0740887
0.0740887
0.0740888
0.0740888
0.0740889
0.0740889
0.0740889
0.0740889
0.0740889
0.0740889
0.0740889
0.0740889
0.0740888
0.0740888
0.0740887
0.0740887
0.0740886
0.0740885
0.0740884
0.0740882
0.0740881
0.0740879
0.0740877
0.0740875
0.0740873
0.0740871
0.0740868
0.0740864
0.074086
0.0740856
0.0740851
0.0740845
0.0740838
0.0740828
0.0740811
0.0740771
0.0740643
0.0740139
0.0813073
0.0813671
0.0813823
0.0813872
0.0813892
0.0813904
0.0813913
0.081392
0.0813927
0.0813932
0.0813937
0.0813941
0.0813945
0.0813948
0.0813951
0.0813953
0.0813956
0.0813958
0.0813959
0.0813961
0.0813962
0.0813964
0.0813965
0.0813966
0.0813966
0.0813967
0.0813967
0.0813968
0.0813968
0.0813968
0.0813968
0.0813968
0.0813968
0.0813967
0.0813967
0.0813966
0.0813966
0.0813965
0.0813964
0.0813962
0.0813961
0.0813959
0.0813958
0.0813956
0.0813953
0.0813951
0.0813948
0.0813945
0.0813941
0.0813937
0.0813932
0.0813927
0.081392
0.0813913
0.0813904
0.0813892
0.0813872
0.0813823
0.0813671
0.0813073
0.0908635
0.0909363
0.0909548
0.0909608
0.0909633
0.0909648
0.090966
0.0909669
0.0909677
0.0909683
0.0909689
0.0909695
0.0909699
0.0909703
0.0909707
0.090971
0.0909713
0.0909716
0.0909718
0.090972
0.0909722
0.0909724
0.0909725
0.0909726
0.0909727
0.0909728
0.0909729
0.0909729
0.0909729
0.0909729
0.0909729
0.0909729
0.0909729
0.0909729
0.0909728
0.0909727
0.0909726
0.0909725
0.0909724
0.0909722
0.090972
0.0909718
0.0909716
0.0909713
0.090971
0.0909707
0.0909703
0.0909699
0.0909695
0.0909689
0.0909683
0.0909677
0.0909669
0.090966
0.0909648
0.0909633
0.0909608
0.0909548
0.0909363
0.0908635
0.103444
0.103534
0.103558
0.103565
0.103568
0.10357
0.103571
0.103573
0.103574
0.103575
0.103575
0.103576
0.103577
0.103577
0.103578
0.103578
0.103578
0.103579
0.103579
0.103579
0.103579
0.10358
0.10358
0.10358
0.10358
0.10358
0.10358
0.10358
0.10358
0.10358
0.10358
0.10358
0.10358
0.10358
0.10358
0.10358
0.10358
0.10358
0.10358
0.103579
0.103579
0.103579
0.103579
0.103578
0.103578
0.103578
0.103577
0.103577
0.103576
0.103575
0.103575
0.103574
0.103573
0.103571
0.10357
0.103568
0.103565
0.103558
0.103534
0.103444
0.119808
0.11992
0.119949
0.119958
0.119962
0.119964
0.119966
0.119968
0.119969
0.11997
0.119971
0.119972
0.119972
0.119973
0.119974
0.119974
0.119975
0.119975
0.119975
0.119976
0.119976
0.119976
0.119977
0.119977
0.119977
0.119977
0.119977
0.119977
0.119977
0.119977
0.119977
0.119977
0.119977
0.119977
0.119977
0.119977
0.119977
0.119977
0.119976
0.119976
0.119976
0.119975
0.119975
0.119975
0.119974
0.119974
0.119973
0.119972
0.119972
0.119971
0.11997
0.119969
0.119968
0.119966
0.119964
0.119962
0.119958
0.119949
0.11992
0.119808
0.140454
0.140592
0.140628
0.14064
0.140644
0.140647
0.140649
0.140651
0.140653
0.140654
0.140655
0.140656
0.140657
0.140658
0.140658
0.140659
0.140659
0.14066
0.14066
0.140661
0.140661
0.140661
0.140662
0.140662
0.140662
0.140662
0.140662
0.140662
0.140663
0.140663
0.140663
0.140663
0.140662
0.140662
0.140662
0.140662
0.140662
0.140662
0.140661
0.140661
0.140661
0.14066
0.14066
0.140659
0.140659
0.140658
0.140658
0.140657
0.140656
0.140655
0.140654
0.140653
0.140651
0.140649
0.140647
0.140644
0.14064
0.140628
0.140592
0.140454
0.16537
0.165535
0.165579
0.165593
0.165599
0.165602
0.165605
0.165607
0.165609
0.16561
0.165611
0.165612
0.165613
0.165614
0.165615
0.165616
0.165616
0.165617
0.165618
0.165618
0.165618
0.165619
0.165619
0.165619
0.165619
0.16562
0.16562
0.16562
0.16562
0.16562
0.16562
0.16562
0.16562
0.16562
0.16562
0.165619
0.165619
0.165619
0.165619
0.165618
0.165618
0.165618
0.165617
0.165616
0.165616
0.165615
0.165614
0.165613
0.165612
0.165611
0.16561
0.165609
0.165607
0.165605
0.165602
0.165599
0.165593
0.165579
0.165535
0.16537
0.193947
0.19414
0.194191
0.194208
0.194214
0.194218
0.194221
0.194223
0.194225
0.194227
0.194228
0.194229
0.19423
0.194231
0.194232
0.194233
0.194234
0.194234
0.194235
0.194235
0.194236
0.194236
0.194236
0.194236
0.194237
0.194237
0.194237
0.194237
0.194237
0.194237
0.194237
0.194237
0.194237
0.194237
0.194237
0.194237
0.194236
0.194236
0.194236
0.194236
0.194235
0.194235
0.194234
0.194234
0.194233
0.194232
0.194231
0.19423
0.194229
0.194228
0.194227
0.194225
0.194223
0.194221
0.194218
0.194214
0.194208
0.194191
0.19414
0.193947
0.225156
0.225374
0.225432
0.225451
0.225459
0.225463
0.225466
0.225468
0.22547
0.225471
0.225473
0.225474
0.225475
0.225476
0.225477
0.225478
0.225479
0.225479
0.22548
0.22548
0.225481
0.225481
0.225482
0.225482
0.225482
0.225482
0.225482
0.225482
0.225483
0.225483
0.225483
0.225483
0.225482
0.225482
0.225482
0.225482
0.225482
0.225482
0.225481
0.225481
0.22548
0.22548
0.225479
0.225479
0.225478
0.225477
0.225476
0.225475
0.225474
0.225473
0.225471
0.22547
0.225468
0.225466
0.225463
0.225459
0.225451
0.225432
0.225374
0.225156
0.257866
0.258105
0.25817
0.258191
0.258199
0.258204
0.258206
0.258209
0.258211
0.258212
0.258214
0.258215
0.258216
0.258217
0.258218
0.258219
0.25822
0.25822
0.258221
0.258221
0.258222
0.258222
0.258222
0.258223
0.258223
0.258223
0.258223
0.258223
0.258223
0.258223
0.258223
0.258223
0.258223
0.258223
0.258223
0.258223
0.258223
0.258222
0.258222
0.258222
0.258221
0.258221
0.25822
0.25822
0.258219
0.258218
0.258217
0.258216
0.258215
0.258214
0.258212
0.258211
0.258209
0.258206
0.258204
0.258199
0.258191
0.25817
0.258105
0.257866
0.291109
0.291366
0.291438
0.291461
0.291469
0.291474
0.291477
0.291479
0.291481
0.291483
0.291484
0.291485
0.291486
0.291487
0.291488
0.291489
0.29149
0.29149
0.291491
0.291491
0.291492
0.291492
0.291492
0.291493
0.291493
0.291493
0.291493
0.291493
0.291493
0.291493
0.291493
0.291493
0.291493
0.291493
0.291493
0.291493
0.291493
0.291492
0.291492
0.291492
0.291491
0.291491
0.29149
0.29149
0.291489
0.291488
0.291487
0.291486
0.291485
0.291484
0.291483
0.291481
0.291479
0.291477
0.291474
0.291469
0.291461
0.291438
0.291366
0.291109
0.324195
0.324467
0.324545
0.324569
0.324578
0.324583
0.324586
0.324588
0.32459
0.324592
0.324593
0.324594
0.324595
0.324596
0.324597
0.324598
0.324598
0.324599
0.324599
0.3246
0.3246
0.324601
0.324601
0.324601
0.324601
0.324601
0.324602
0.324602
0.324602
0.324602
0.324602
0.324602
0.324602
0.324602
0.324601
0.324601
0.324601
0.324601
0.324601
0.3246
0.3246
0.324599
0.324599
0.324598
0.324598
0.324597
0.324596
0.324595
0.324594
0.324593
0.324592
0.32459
0.324588
0.324586
0.324583
0.324578
0.324569
0.324545
0.324467
0.324195
0.35669
0.356975
0.357057
0.357084
0.357093
0.357098
0.357101
0.357103
0.357105
0.357106
0.357107
0.357109
0.35711
0.35711
0.357111
0.357112
0.357113
0.357113
0.357114
0.357114
0.357114
0.357115
0.357115
0.357115
0.357115
0.357115
0.357116
0.357116
0.357116
0.357116
0.357116
0.357116
0.357116
0.357116
0.357115
0.357115
0.357115
0.357115
0.357115
0.357114
0.357114
0.357114
0.357113
0.357113
0.357112
0.357111
0.35711
0.35711
0.357109
0.357107
0.357106
0.357105
0.357103
0.357101
0.357098
0.357093
0.357084
0.357057
0.356975
0.35669
0.388345
0.388641
0.388728
0.388756
0.388766
0.388771
0.388773
0.388776
0.388777
0.388779
0.38878
0.388781
0.388782
0.388783
0.388784
0.388784
0.388785
0.388785
0.388786
0.388786
0.388786
0.388787
0.388787
0.388787
0.388787
0.388787
0.388788
0.388788
0.388788
0.388788
0.388788
0.388788
0.388788
0.388788
0.388787
0.388787
0.388787
0.388787
0.388787
0.388786
0.388786
0.388786
0.388785
0.388785
0.388784
0.388784
0.388783
0.388782
0.388781
0.38878
0.388779
0.388777
0.388776
0.388773
0.388771
0.388766
0.388756
0.388728
0.388641
0.388345
0.419028
0.419333
0.419425
0.419454
0.419465
0.419469
0.419472
0.419474
0.419476
0.419477
0.419478
0.419479
0.41948
0.419481
0.419482
0.419482
0.419483
0.419483
0.419484
0.419484
0.419484
0.419485
0.419485
0.419485
0.419485
0.419485
0.419485
0.419486
0.419486
0.419486
0.419486
0.419486
0.419486
0.419485
0.419485
0.419485
0.419485
0.419485
0.419485
0.419484
0.419484
0.419484
0.419483
0.419483
0.419482
0.419482
0.419481
0.41948
0.419479
0.419478
0.419477
0.419476
0.419474
0.419472
0.419469
0.419465
0.419454
0.419425
0.419333
0.419028
0.448674
0.448985
0.449082
0.449113
0.449124
0.449129
0.449132
0.449133
0.449135
0.449136
0.449137
0.449138
0.449139
0.44914
0.44914
0.449141
0.449141
0.449142
0.449142
0.449143
0.449143
0.449143
0.449143
0.449143
0.449144
0.449144
0.449144
0.449144
0.449144
0.449144
0.449144
0.449144
0.449144
0.449144
0.449144
0.449144
0.449143
0.449143
0.449143
0.449143
0.449143
0.449142
0.449142
0.449141
0.449141
0.44914
0.44914
0.449139
0.449138
0.449137
0.449136
0.449135
0.449133
0.449132
0.449129
0.449124
0.449113
0.449082
0.448985
0.448674
0.477252
0.47757
0.477671
0.477704
0.477715
0.47772
0.477723
0.477725
0.477726
0.477727
0.477728
0.477729
0.47773
0.477731
0.477731
0.477732
0.477732
0.477733
0.477733
0.477733
0.477733
0.477734
0.477734
0.477734
0.477734
0.477734
0.477734
0.477734
0.477734
0.477734
0.477734
0.477734
0.477734
0.477734
0.477734
0.477734
0.477734
0.477734
0.477734
0.477733
0.477733
0.477733
0.477733
0.477732
0.477732
0.477731
0.477731
0.47773
0.477729
0.477728
0.477727
0.477726
0.477725
0.477723
0.47772
0.477715
0.477704
0.477671
0.47757
0.477252
0.504758
0.505081
0.505185
0.505219
0.505231
0.505236
0.505239
0.505241
0.505242
0.505243
0.505244
0.505245
0.505246
0.505246
0.505247
0.505247
0.505248
0.505248
0.505248
0.505249
0.505249
0.505249
0.505249
0.505249
0.50525
0.50525
0.50525
0.50525
0.50525
0.50525
0.50525
0.50525
0.50525
0.50525
0.50525
0.50525
0.505249
0.505249
0.505249
0.505249
0.505249
0.505248
0.505248
0.505248
0.505247
0.505247
0.505246
0.505246
0.505245
0.505244
0.505243
0.505242
0.505241
0.505239
0.505236
0.505231
0.505219
0.505185
0.505081
0.504758
0.531194
0.531521
0.531629
0.531665
0.531677
0.531682
0.531685
0.531687
0.531688
0.531689
0.53169
0.531691
0.531691
0.531692
0.531692
0.531693
0.531693
0.531694
0.531694
0.531694
0.531694
0.531695
0.531695
0.531695
0.531695
0.531695
0.531695
0.531695
0.531695
0.531695
0.531695
0.531695
0.531695
0.531695
0.531695
0.531695
0.531695
0.531695
0.531695
0.531694
0.531694
0.531694
0.531694
0.531693
0.531693
0.531692
0.531692
0.531691
0.531691
0.53169
0.531689
0.531688
0.531687
0.531685
0.531682
0.531677
0.531665
0.531629
0.531521
0.531194
0.556575
0.556904
0.557016
0.557053
0.557066
0.557071
0.557074
0.557075
0.557077
0.557078
0.557078
0.557079
0.55708
0.55708
0.557081
0.557081
0.557081
0.557082
0.557082
0.557082
0.557082
0.557083
0.557083
0.557083
0.557083
0.557083
0.557083
0.557083
0.557083
0.557083
0.557083
0.557083
0.557083
0.557083
0.557083
0.557083
0.557083
0.557083
0.557083
0.557082
0.557082
0.557082
0.557082
0.557081
0.557081
0.557081
0.55708
0.55708
0.557079
0.557078
0.557078
0.557077
0.557075
0.557074
0.557071
0.557066
0.557053
0.557016
0.556904
0.556575
0.580916
0.581247
0.581362
0.581401
0.581414
0.58142
0.581422
0.581424
0.581425
0.581426
0.581427
0.581427
0.581428
0.581428
0.581429
0.581429
0.58143
0.58143
0.58143
0.58143
0.58143
0.581431
0.581431
0.581431
0.581431
0.581431
0.581431
0.581431
0.581431
0.581431
0.581431
0.581431
0.581431
0.581431
0.581431
0.581431
0.581431
0.581431
0.581431
0.58143
0.58143
0.58143
0.58143
0.58143
0.581429
0.581429
0.581428
0.581428
0.581427
0.581427
0.581426
0.581425
0.581424
0.581422
0.58142
0.581414
0.581401
0.581362
0.581247
0.580916
0.604239
0.604571
0.604688
0.604729
0.604743
0.604749
0.604751
0.604753
0.604754
0.604755
0.604755
0.604756
0.604757
0.604757
0.604757
0.604758
0.604758
0.604758
0.604758
0.604759
0.604759
0.604759
0.604759
0.604759
0.604759
0.604759
0.604759
0.604759
0.604759
0.604759
0.604759
0.604759
0.604759
0.604759
0.604759
0.604759
0.604759
0.604759
0.604759
0.604759
0.604759
0.604758
0.604758
0.604758
0.604758
0.604757
0.604757
0.604757
0.604756
0.604755
0.604755
0.604754
0.604753
0.604751
0.604749
0.604743
0.604729
0.604688
0.604571
0.604239
0.626566
0.626898
0.627018
0.62706
0.627075
0.62708
0.627083
0.627084
0.627085
0.627086
0.627087
0.627087
0.627088
0.627088
0.627089
0.627089
0.627089
0.627089
0.62709
0.62709
0.62709
0.62709
0.62709
0.62709
0.62709
0.62709
0.62709
0.62709
0.62709
0.62709
0.62709
0.62709
0.62709
0.62709
0.62709
0.62709
0.62709
0.62709
0.62709
0.62709
0.62709
0.62709
0.627089
0.627089
0.627089
0.627089
0.627088
0.627088
0.627087
0.627087
0.627086
0.627085
0.627084
0.627083
0.62708
0.627075
0.62706
0.627018
0.626898
0.626566
0.647921
0.648251
0.648374
0.648417
0.648432
0.648438
0.648441
0.648442
0.648443
0.648444
0.648445
0.648445
0.648446
0.648446
0.648446
0.648447
0.648447
0.648447
0.648447
0.648447
0.648448
0.648448
0.648448
0.648448
0.648448
0.648448
0.648448
0.648448
0.648448
0.648448
0.648448
0.648448
0.648448
0.648448
0.648448
0.648448
0.648448
0.648448
0.648448
0.648448
0.648447
0.648447
0.648447
0.648447
0.648447
0.648446
0.648446
0.648446
0.648445
0.648445
0.648444
0.648443
0.648442
0.648441
0.648438
0.648432
0.648417
0.648374
0.648251
0.647921
0.668328
0.668656
0.668781
0.668825
0.668841
0.668848
0.66885
0.668852
0.668853
0.668853
0.668854
0.668854
0.668855
0.668855
0.668855
0.668856
0.668856
0.668856
0.668856
0.668856
0.668856
0.668856
0.668857
0.668857
0.668857
0.668857
0.668857
0.668857
0.668857
0.668857
0.668857
0.668857
0.668857
0.668857
0.668857
0.668857
0.668857
0.668857
0.668856
0.668856
0.668856
0.668856
0.668856
0.668856
0.668856
0.668855
0.668855
0.668855
0.668854
0.668854
0.668853
0.668853
0.668852
0.66885
0.668848
0.668841
0.668825
0.668781
0.668656
0.668328
0.687812
0.688138
0.688264
0.68831
0.688327
0.688333
0.688336
0.688337
0.688338
0.688339
0.688339
0.68834
0.68834
0.688341
0.688341
0.688341
0.688341
0.688341
0.688342
0.688342
0.688342
0.688342
0.688342
0.688342
0.688342
0.688342
0.688342
0.688342
0.688342
0.688342
0.688342
0.688342
0.688342
0.688342
0.688342
0.688342
0.688342
0.688342
0.688342
0.688342
0.688342
0.688342
0.688341
0.688341
0.688341
0.688341
0.688341
0.68834
0.68834
0.688339
0.688339
0.688338
0.688337
0.688336
0.688333
0.688327
0.68831
0.688264
0.688138
0.687812
0.706399
0.706722
0.70685
0.706897
0.706914
0.706921
0.706924
0.706925
0.706926
0.706927
0.706927
0.706928
0.706928
0.706928
0.706928
0.706929
0.706929
0.706929
0.706929
0.706929
0.706929
0.706929
0.706929
0.70693
0.70693
0.70693
0.70693
0.70693
0.70693
0.70693
0.70693
0.70693
0.70693
0.70693
0.70693
0.70693
0.70693
0.706929
0.706929
0.706929
0.706929
0.706929
0.706929
0.706929
0.706929
0.706928
0.706928
0.706928
0.706928
0.706927
0.706927
0.706926
0.706925
0.706924
0.706921
0.706914
0.706897
0.70685
0.706722
0.706399
0.724116
0.724434
0.724563
0.724612
0.72463
0.724637
0.72464
0.724641
0.724642
0.724643
0.724643
0.724643
0.724644
0.724644
0.724644
0.724644
0.724644
0.724645
0.724645
0.724645
0.724645
0.724645
0.724645
0.724645
0.724645
0.724645
0.724645
0.724645
0.724645
0.724645
0.724645
0.724645
0.724645
0.724645
0.724645
0.724645
0.724645
0.724645
0.724645
0.724645
0.724645
0.724645
0.724645
0.724644
0.724644
0.724644
0.724644
0.724644
0.724643
0.724643
0.724643
0.724642
0.724641
0.72464
0.724637
0.72463
0.724612
0.724563
0.724434
0.724116
0.740987
0.741301
0.741431
0.741481
0.7415
0.741507
0.74151
0.741511
0.741512
0.741512
0.741513
0.741513
0.741513
0.741514
0.741514
0.741514
0.741514
0.741514
0.741514
0.741515
0.741515
0.741515
0.741515
0.741515
0.741515
0.741515
0.741515
0.741515
0.741515
0.741515
0.741515
0.741515
0.741515
0.741515
0.741515
0.741515
0.741515
0.741515
0.741515
0.741515
0.741515
0.741514
0.741514
0.741514
0.741514
0.741514
0.741514
0.741513
0.741513
0.741513
0.741512
0.741512
0.741511
0.74151
0.741507
0.7415
0.741481
0.741431
0.741301
0.740987
0.757039
0.757348
0.757479
0.75753
0.757549
0.757557
0.75756
0.757561
0.757562
0.757563
0.757563
0.757563
0.757563
0.757564
0.757564
0.757564
0.757564
0.757564
0.757564
0.757564
0.757565
0.757565
0.757565
0.757565
0.757565
0.757565
0.757565
0.757565
0.757565
0.757565
0.757565
0.757565
0.757565
0.757565
0.757565
0.757565
0.757565
0.757565
0.757565
0.757565
0.757564
0.757564
0.757564
0.757564
0.757564
0.757564
0.757564
0.757563
0.757563
0.757563
0.757563
0.757562
0.757561
0.75756
0.757557
0.757549
0.75753
0.757479
0.757348
0.757039
0.772299
0.772602
0.772733
0.772785
0.772805
0.772813
0.772816
0.772817
0.772818
0.772819
0.772819
0.772819
0.77282
0.77282
0.77282
0.77282
0.77282
0.77282
0.77282
0.772821
0.772821
0.772821
0.772821
0.772821
0.772821
0.772821
0.772821
0.772821
0.772821
0.772821
0.772821
0.772821
0.772821
0.772821
0.772821
0.772821
0.772821
0.772821
0.772821
0.772821
0.772821
0.77282
0.77282
0.77282
0.77282
0.77282
0.77282
0.77282
0.772819
0.772819
0.772819
0.772818
0.772817
0.772816
0.772813
0.772805
0.772785
0.772733
0.772602
0.772299
0.786791
0.787088
0.787219
0.787273
0.787293
0.787301
0.787304
0.787306
0.787307
0.787307
0.787308
0.787308
0.787308
0.787308
0.787308
0.787308
0.787309
0.787309
0.787309
0.787309
0.787309
0.787309
0.787309
0.787309
0.787309
0.787309
0.787309
0.787309
0.787309
0.787309
0.787309
0.787309
0.787309
0.787309
0.787309
0.787309
0.787309
0.787309
0.787309
0.787309
0.787309
0.787309
0.787309
0.787309
0.787308
0.787308
0.787308
0.787308
0.787308
0.787308
0.787307
0.787307
0.787306
0.787304
0.787301
0.787293
0.787273
0.787219
0.787088
0.786791
0.800542
0.800833
0.800964
0.801018
0.801039
0.801048
0.801051
0.801052
0.801053
0.801054
0.801054
0.801054
0.801054
0.801055
0.801055
0.801055
0.801055
0.801055
0.801055
0.801055
0.801055
0.801055
0.801055
0.801055
0.801055
0.801055
0.801055
0.801055
0.801055
0.801055
0.801055
0.801055
0.801055
0.801055
0.801055
0.801055
0.801055
0.801055
0.801055
0.801055
0.801055
0.801055
0.801055
0.801055
0.801055
0.801055
0.801055
0.801054
0.801054
0.801054
0.801054
0.801053
0.801052
0.801051
0.801048
0.801039
0.801018
0.800964
0.800833
0.800542
0.813578
0.813861
0.813992
0.814047
0.814069
0.814078
0.814081
0.814083
0.814083
0.814084
0.814084
0.814084
0.814085
0.814085
0.814085
0.814085
0.814085
0.814085
0.814085
0.814085
0.814085
0.814085
0.814085
0.814085
0.814085
0.814085
0.814085
0.814085
0.814085
0.814085
0.814085
0.814085
0.814085
0.814085
0.814085
0.814085
0.814085
0.814085
0.814085
0.814085
0.814085
0.814085
0.814085
0.814085
0.814085
0.814085
0.814085
0.814085
0.814084
0.814084
0.814084
0.814083
0.814083
0.814081
0.814078
0.814069
0.814047
0.813992
0.813861
0.813578
0.825923
0.8262
0.82633
0.826385
0.826408
0.826417
0.826421
0.826422
0.826423
0.826423
0.826424
0.826424
0.826424
0.826424
0.826424
0.826424
0.826424
0.826424
0.826425
0.826425
0.826425
0.826425
0.826425
0.826425
0.826425
0.826425
0.826425
0.826425
0.826425
0.826425
0.826425
0.826425
0.826425
0.826425
0.826425
0.826425
0.826425
0.826425
0.826425
0.826425
0.826425
0.826425
0.826424
0.826424
0.826424
0.826424
0.826424
0.826424
0.826424
0.826424
0.826423
0.826423
0.826422
0.826421
0.826417
0.826408
0.826385
0.82633
0.8262
0.825923
0.837604
0.837873
0.838002
0.838058
0.838081
0.838091
0.838094
0.838096
0.838097
0.838097
0.838098
0.838098
0.838098
0.838098
0.838098
0.838098
0.838098
0.838098
0.838098
0.838099
0.838099
0.838099
0.838099
0.838099
0.838099
0.838099
0.838099
0.838099
0.838099
0.838099
0.838099
0.838099
0.838099
0.838099
0.838099
0.838099
0.838099
0.838099
0.838099
0.838099
0.838099
0.838098
0.838098
0.838098
0.838098
0.838098
0.838098
0.838098
0.838098
0.838098
0.838097
0.838097
0.838096
0.838094
0.838091
0.838081
0.838058
0.838002
0.837873
0.837604
0.848645
0.848906
0.849034
0.84909
0.849114
0.849124
0.849128
0.84913
0.849131
0.849131
0.849131
0.849131
0.849132
0.849132
0.849132
0.849132
0.849132
0.849132
0.849132
0.849132
0.849132
0.849132
0.849132
0.849132
0.849132
0.849132
0.849132
0.849132
0.849132
0.849132
0.849132
0.849132
0.849132
0.849132
0.849132
0.849132
0.849132
0.849132
0.849132
0.849132
0.849132
0.849132
0.849132
0.849132
0.849132
0.849132
0.849132
0.849132
0.849131
0.849131
0.849131
0.849131
0.84913
0.849128
0.849124
0.849114
0.84909
0.849034
0.848906
0.848645
0.85907
0.859324
0.85945
0.859507
0.859532
0.859542
0.859546
0.859548
0.859549
0.859549
0.859549
0.859549
0.859549
0.85955
0.85955
0.85955
0.85955
0.85955
0.85955
0.85955
0.85955
0.85955
0.85955
0.85955
0.85955
0.85955
0.85955
0.85955
0.85955
0.85955
0.85955
0.85955
0.85955
0.85955
0.85955
0.85955
0.85955
0.85955
0.85955
0.85955
0.85955
0.85955
0.85955
0.85955
0.85955
0.85955
0.85955
0.859549
0.859549
0.859549
0.859549
0.859549
0.859548
0.859546
0.859542
0.859532
0.859507
0.85945
0.859324
0.85907
0.868906
0.869151
0.869275
0.869333
0.869358
0.869368
0.869373
0.869374
0.869375
0.869376
0.869376
0.869376
0.869376
0.869376
0.869376
0.869376
0.869377
0.869377
0.869377
0.869377
0.869377
0.869377
0.869377
0.869377
0.869377
0.869377
0.869377
0.869377
0.869377
0.869377
0.869377
0.869377
0.869377
0.869377
0.869377
0.869377
0.869377
0.869377
0.869377
0.869377
0.869377
0.869377
0.869377
0.869377
0.869376
0.869376
0.869376
0.869376
0.869376
0.869376
0.869376
0.869375
0.869374
0.869373
0.869368
0.869358
0.869333
0.869275
0.869151
0.868906
0.878174
0.878411
0.878534
0.878591
0.878617
0.878627
0.878632
0.878634
0.878635
0.878635
0.878636
0.878636
0.878636
0.878636
0.878636
0.878636
0.878636
0.878636
0.878636
0.878636
0.878636
0.878636
0.878636
0.878636
0.878636
0.878636
0.878636
0.878636
0.878636
0.878636
0.878636
0.878636
0.878636
0.878636
0.878636
0.878636
0.878636
0.878636
0.878636
0.878636
0.878636
0.878636
0.878636
0.878636
0.878636
0.878636
0.878636
0.878636
0.878636
0.878636
0.878635
0.878635
0.878634
0.878632
0.878627
0.878617
0.878591
0.878534
0.878411
0.878174
0.8869
0.887129
0.887249
0.887306
0.887332
0.887343
0.887348
0.88735
0.887351
0.887352
0.887352
0.887352
0.887352
0.887352
0.887352
0.887352
0.887352
0.887352
0.887352
0.887352
0.887352
0.887353
0.887353
0.887353
0.887353
0.887353
0.887353
0.887353
0.887353
0.887353
0.887353
0.887353
0.887353
0.887353
0.887353
0.887353
0.887353
0.887353
0.887353
0.887352
0.887352
0.887352
0.887352
0.887352
0.887352
0.887352
0.887352
0.887352
0.887352
0.887352
0.887352
0.887351
0.88735
0.887348
0.887343
0.887332
0.887306
0.887249
0.887129
0.8869
0.895106
0.895326
0.895444
0.895501
0.895528
0.895539
0.895544
0.895546
0.895547
0.895548
0.895548
0.895548
0.895548
0.895548
0.895548
0.895549
0.895549
0.895549
0.895549
0.895549
0.895549
0.895549
0.895549
0.895549
0.895549
0.895549
0.895549
0.895549
0.895549
0.895549
0.895549
0.895549
0.895549
0.895549
0.895549
0.895549
0.895549
0.895549
0.895549
0.895549
0.895549
0.895549
0.895549
0.895549
0.895549
0.895548
0.895548
0.895548
0.895548
0.895548
0.895548
0.895547
0.895546
0.895544
0.895539
0.895528
0.895501
0.895444
0.895326
0.895106
0.902815
0.903027
0.903142
0.903199
0.903226
0.903238
0.903243
0.903245
0.903246
0.903247
0.903247
0.903247
0.903247
0.903247
0.903248
0.903248
0.903248
0.903248
0.903248
0.903248
0.903248
0.903248
0.903248
0.903248
0.903248
0.903248
0.903248
0.903248
0.903248
0.903248
0.903248
0.903248
0.903248
0.903248
0.903248
0.903248
0.903248
0.903248
0.903248
0.903248
0.903248
0.903248
0.903248
0.903248
0.903248
0.903248
0.903247
0.903247
0.903247
0.903247
0.903247
0.903246
0.903245
0.903243
0.903238
0.903226
0.903199
0.903142
0.903027
0.902815
0.91005
0.910254
0.910366
0.910423
0.91045
0.910462
0.910467
0.91047
0.910471
0.910471
0.910472
0.910472
0.910472
0.910472
0.910472
0.910472
0.910472
0.910472
0.910472
0.910472
0.910472
0.910472
0.910472
0.910472
0.910472
0.910472
0.910472
0.910472
0.910472
0.910472
0.910472
0.910472
0.910472
0.910472
0.910472
0.910472
0.910472
0.910472
0.910472
0.910472
0.910472
0.910472
0.910472
0.910472
0.910472
0.910472
0.910472
0.910472
0.910472
0.910472
0.910471
0.910471
0.91047
0.910467
0.910462
0.91045
0.910423
0.910366
0.910254
0.91005
0.916832
0.917028
0.917137
0.917194
0.917221
0.917233
0.917239
0.917241
0.917242
0.917243
0.917243
0.917243
0.917243
0.917243
0.917244
0.917244
0.917244
0.917244
0.917244
0.917244
0.917244
0.917244
0.917244
0.917244
0.917244
0.917244
0.917244
0.917244
0.917244
0.917244
0.917244
0.917244
0.917244
0.917244
0.917244
0.917244
0.917244
0.917244
0.917244
0.917244
0.917244
0.917244
0.917244
0.917244
0.917244
0.917244
0.917243
0.917243
0.917243
0.917243
0.917243
0.917242
0.917241
0.917239
0.917233
0.917221
0.917194
0.917137
0.917028
0.916832
0.923184
0.923371
0.923477
0.923533
0.92356
0.923573
0.923579
0.923581
0.923583
0.923583
0.923584
0.923584
0.923584
0.923584
0.923584
0.923584
0.923584
0.923584
0.923584
0.923584
0.923584
0.923584
0.923584
0.923584
0.923584
0.923584
0.923584
0.923584
0.923584
0.923584
0.923584
0.923584
0.923584
0.923584
0.923584
0.923584
0.923584
0.923584
0.923584
0.923584
0.923584
0.923584
0.923584
0.923584
0.923584
0.923584
0.923584
0.923584
0.923584
0.923584
0.923583
0.923583
0.923581
0.923579
0.923573
0.92356
0.923533
0.923477
0.923371
0.923184
0.929125
0.929304
0.929407
0.929462
0.92949
0.929503
0.929509
0.929511
0.929513
0.929513
0.929514
0.929514
0.929514
0.929514
0.929514
0.929514
0.929514
0.929514
0.929514
0.929514
0.929514
0.929514
0.929514
0.929514
0.929514
0.929514
0.929514
0.929514
0.929514
0.929514
0.929514
0.929514
0.929514
0.929514
0.929514
0.929514
0.929514
0.929514
0.929514
0.929514
0.929514
0.929514
0.929514
0.929514
0.929514
0.929514
0.929514
0.929514
0.929514
0.929514
0.929513
0.929513
0.929511
0.929509
0.929503
0.92949
0.929462
0.929407
0.929304
0.929125
0.934677
0.934847
0.934948
0.935002
0.935029
0.935042
0.935049
0.935051
0.935053
0.935053
0.935054
0.935054
0.935054
0.935054
0.935054
0.935054
0.935054
0.935054
0.935054
0.935054
0.935054
0.935054
0.935054
0.935054
0.935054
0.935054
0.935054
0.935054
0.935054
0.935054
0.935054
0.935054
0.935054
0.935054
0.935054
0.935054
0.935054
0.935054
0.935054
0.935054
0.935054
0.935054
0.935054
0.935054
0.935054
0.935054
0.935054
0.935054
0.935054
0.935054
0.935053
0.935053
0.935051
0.935049
0.935042
0.935029
0.935002
0.934948
0.934847
0.934677
0.939858
0.940021
0.940118
0.940171
0.940199
0.940212
0.940218
0.940221
0.940223
0.940224
0.940224
0.940224
0.940224
0.940224
0.940224
0.940224
0.940224
0.940224
0.940224
0.940224
0.940224
0.940224
0.940224
0.940224
0.940224
0.940224
0.940224
0.940224
0.940224
0.940224
0.940224
0.940224
0.940224
0.940224
0.940224
0.940224
0.940224
0.940224
0.940224
0.940224
0.940224
0.940224
0.940224
0.940224
0.940224
0.940224
0.940224
0.940224
0.940224
0.940224
0.940224
0.940223
0.940221
0.940218
0.940212
0.940199
0.940171
0.940118
0.940021
0.939858
0.94469
0.944844
0.944938
0.94499
0.945017
0.945031
0.945037
0.945041
0.945042
0.945043
0.945043
0.945043
0.945043
0.945043
0.945043
0.945044
0.945044
0.945044
0.945044
0.945044
0.945044
0.945044
0.945044
0.945044
0.945044
0.945044
0.945044
0.945044
0.945044
0.945044
0.945044
0.945044
0.945044
0.945044
0.945044
0.945044
0.945044
0.945044
0.945044
0.945044
0.945044
0.945044
0.945044
0.945044
0.945044
0.945043
0.945043
0.945043
0.945043
0.945043
0.945043
0.945042
0.945041
0.945037
0.945031
0.945017
0.94499
0.944938
0.944844
0.94469
0.949189
0.949336
0.949426
0.949477
0.949504
0.949518
0.949524
0.949528
0.949529
0.94953
0.94953
0.949531
0.949531
0.949531
0.949531
0.949531
0.949531
0.949531
0.949531
0.949531
0.949531
0.949531
0.949531
0.949531
0.949531
0.949531
0.949531
0.949531
0.949531
0.949531
0.949531
0.949531
0.949531
0.949531
0.949531
0.949531
0.949531
0.949531
0.949531
0.949531
0.949531
0.949531
0.949531
0.949531
0.949531
0.949531
0.949531
0.949531
0.949531
0.94953
0.94953
0.949529
0.949528
0.949524
0.949518
0.949504
0.949477
0.949426
0.949336
0.949189
0.953374
0.953513
0.9536
0.95365
0.953677
0.95369
0.953697
0.953701
0.953702
0.953703
0.953704
0.953704
0.953704
0.953704
0.953704
0.953704
0.953704
0.953704
0.953704
0.953704
0.953704
0.953704
0.953704
0.953704
0.953704
0.953704
0.953704
0.953704
0.953704
0.953704
0.953704
0.953704
0.953704
0.953704
0.953704
0.953704
0.953704
0.953704
0.953704
0.953704
0.953704
0.953704
0.953704
0.953704
0.953704
0.953704
0.953704
0.953704
0.953704
0.953704
0.953703
0.953702
0.953701
0.953697
0.95369
0.953677
0.95365
0.9536
0.953513
0.953374
0.957263
0.957394
0.957478
0.957526
0.957553
0.957567
0.957574
0.957577
0.957579
0.95758
0.95758
0.95758
0.957581
0.957581
0.957581
0.957581
0.957581
0.957581
0.957581
0.957581
0.957581
0.957581
0.957581
0.957581
0.957581
0.957581
0.957581
0.957581
0.957581
0.957581
0.957581
0.957581
0.957581
0.957581
0.957581
0.957581
0.957581
0.957581
0.957581
0.957581
0.957581
0.957581
0.957581
0.957581
0.957581
0.957581
0.957581
0.957581
0.95758
0.95758
0.95758
0.957579
0.957577
0.957574
0.957567
0.957553
0.957526
0.957478
0.957394
0.957263
0.960872
0.960996
0.961076
0.961123
0.961149
0.961163
0.96117
0.961174
0.961176
0.961177
0.961177
0.961177
0.961178
0.961178
0.961178
0.961178
0.961178
0.961178
0.961178
0.961178
0.961178
0.961178
0.961178
0.961178
0.961178
0.961178
0.961178
0.961178
0.961178
0.961178
0.961178
0.961178
0.961178
0.961178
0.961178
0.961178
0.961178
0.961178
0.961178
0.961178
0.961178
0.961178
0.961178
0.961178
0.961178
0.961178
0.961178
0.961178
0.961177
0.961177
0.961177
0.961176
0.961174
0.96117
0.961163
0.961149
0.961123
0.961076
0.960996
0.960872
0.964217
0.964335
0.964411
0.964457
0.964482
0.964496
0.964504
0.964507
0.964509
0.96451
0.964511
0.964511
0.964511
0.964511
0.964511
0.964511
0.964511
0.964511
0.964511
0.964511
0.964511
0.964511
0.964511
0.964511
0.964511
0.964511
0.964511
0.964511
0.964511
0.964511
0.964511
0.964511
0.964511
0.964511
0.964511
0.964511
0.964511
0.964511
0.964511
0.964511
0.964511
0.964511
0.964511
0.964511
0.964511
0.964511
0.964511
0.964511
0.964511
0.964511
0.96451
0.964509
0.964507
0.964504
0.964496
0.964482
0.964457
0.964411
0.964335
0.964217
0.967315
0.967426
0.967498
0.967542
0.967568
0.967582
0.967589
0.967593
0.967595
0.967596
0.967596
0.967597
0.967597
0.967597
0.967597
0.967597
0.967597
0.967597
0.967597
0.967597
0.967597
0.967597
0.967597
0.967597
0.967597
0.967597
0.967597
0.967597
0.967597
0.967597
0.967597
0.967597
0.967597
0.967597
0.967597
0.967597
0.967597
0.967597
0.967597
0.967597
0.967597
0.967597
0.967597
0.967597
0.967597
0.967597
0.967597
0.967597
0.967597
0.967596
0.967596
0.967595
0.967593
0.967589
0.967582
0.967568
0.967542
0.967498
0.967426
0.967315
0.970179
0.970284
0.970353
0.970396
0.97042
0.970434
0.970442
0.970446
0.970448
0.970449
0.970449
0.97045
0.97045
0.97045
0.97045
0.97045
0.97045
0.97045
0.97045
0.97045
0.97045
0.97045
0.97045
0.97045
0.97045
0.97045
0.97045
0.97045
0.97045
0.97045
0.97045
0.97045
0.97045
0.97045
0.97045
0.97045
0.97045
0.97045
0.97045
0.97045
0.97045
0.97045
0.97045
0.97045
0.97045
0.97045
0.97045
0.97045
0.97045
0.970449
0.970449
0.970448
0.970446
0.970442
0.970434
0.97042
0.970396
0.970353
0.970284
0.970179
0.972826
0.972924
0.972989
0.97303
0.973055
0.973069
0.973076
0.97308
0.973082
0.973083
0.973084
0.973084
0.973084
0.973084
0.973084
0.973084
0.973084
0.973084
0.973084
0.973084
0.973084
0.973084
0.973084
0.973084
0.973084
0.973084
0.973084
0.973084
0.973084
0.973084
0.973084
0.973084
0.973084
0.973084
0.973084
0.973084
0.973084
0.973084
0.973084
0.973084
0.973084
0.973084
0.973084
0.973084
0.973084
0.973084
0.973084
0.973084
0.973084
0.973084
0.973083
0.973082
0.97308
0.973076
0.973069
0.973055
0.97303
0.972989
0.972924
0.972826
0.975267
0.975359
0.975421
0.975461
0.975484
0.975498
0.975506
0.97551
0.975512
0.975513
0.975514
0.975514
0.975514
0.975514
0.975514
0.975514
0.975514
0.975514
0.975514
0.975514
0.975514
0.975514
0.975514
0.975514
0.975514
0.975514
0.975514
0.975514
0.975514
0.975514
0.975514
0.975514
0.975514
0.975514
0.975514
0.975514
0.975514
0.975514
0.975514
0.975514
0.975514
0.975514
0.975514
0.975514
0.975514
0.975514
0.975514
0.975514
0.975514
0.975514
0.975513
0.975512
0.97551
0.975506
0.975498
0.975484
0.975461
0.975421
0.975359
0.975267
0.977517
0.977603
0.977662
0.977699
0.977723
0.977736
0.977744
0.977748
0.97775
0.977751
0.977752
0.977752
0.977752
0.977752
0.977752
0.977752
0.977752
0.977752
0.977752
0.977752
0.977752
0.977752
0.977752
0.977752
0.977752
0.977752
0.977752
0.977752
0.977752
0.977752
0.977752
0.977752
0.977752
0.977752
0.977752
0.977752
0.977752
0.977752
0.977752
0.977752
0.977752
0.977752
0.977752
0.977752
0.977752
0.977752
0.977752
0.977752
0.977752
0.977752
0.977751
0.97775
0.977748
0.977744
0.977736
0.977723
0.977699
0.977662
0.977603
0.977517
0.979587
0.979667
0.979723
0.979759
0.979782
0.979795
0.979803
0.979807
0.979809
0.97981
0.979811
0.979811
0.979811
0.979811
0.979812
0.979812
0.979812
0.979812
0.979812
0.979812
0.979812
0.979812
0.979812
0.979812
0.979812
0.979812
0.979812
0.979812
0.979812
0.979812
0.979812
0.979812
0.979812
0.979812
0.979812
0.979812
0.979812
0.979812
0.979812
0.979812
0.979812
0.979812
0.979812
0.979812
0.979812
0.979812
0.979811
0.979811
0.979811
0.979811
0.97981
0.979809
0.979807
0.979803
0.979795
0.979782
0.979759
0.979723
0.979667
0.979587
0.98149
0.981565
0.981618
0.981652
0.981674
0.981687
0.981694
0.981699
0.981701
0.981702
0.981703
0.981703
0.981703
0.981704
0.981704
0.981704
0.981704
0.981704
0.981704
0.981704
0.981704
0.981704
0.981704
0.981704
0.981704
0.981704
0.981704
0.981704
0.981704
0.981704
0.981704
0.981704
0.981704
0.981704
0.981704
0.981704
0.981704
0.981704
0.981704
0.981704
0.981704
0.981704
0.981704
0.981704
0.981704
0.981704
0.981704
0.981703
0.981703
0.981703
0.981702
0.981701
0.981699
0.981694
0.981687
0.981674
0.981652
0.981618
0.981565
0.98149
0.983237
0.983307
0.983356
0.983389
0.98341
0.983423
0.983431
0.983435
0.983437
0.983439
0.983439
0.98344
0.98344
0.98344
0.98344
0.98344
0.98344
0.98344
0.98344
0.98344
0.98344
0.98344
0.98344
0.98344
0.98344
0.98344
0.98344
0.98344
0.98344
0.98344
0.98344
0.98344
0.98344
0.98344
0.98344
0.98344
0.98344
0.98344
0.98344
0.98344
0.98344
0.98344
0.98344
0.98344
0.98344
0.98344
0.98344
0.98344
0.98344
0.983439
0.983439
0.983437
0.983435
0.983431
0.983423
0.98341
0.983389
0.983356
0.983307
0.983237
0.984839
0.984904
0.98495
0.984982
0.985002
0.985014
0.985022
0.985026
0.985028
0.98503
0.985031
0.985031
0.985031
0.985031
0.985031
0.985031
0.985031
0.985031
0.985031
0.985031
0.985031
0.985031
0.985031
0.985031
0.985031
0.985031
0.985031
0.985031
0.985031
0.985031
0.985031
0.985031
0.985031
0.985031
0.985031
0.985031
0.985031
0.985031
0.985031
0.985031
0.985031
0.985031
0.985031
0.985031
0.985031
0.985031
0.985031
0.985031
0.985031
0.985031
0.98503
0.985028
0.985026
0.985022
0.985014
0.985002
0.984982
0.98495
0.984904
0.984839
0.986306
0.986366
0.98641
0.986439
0.986459
0.986471
0.986478
0.986482
0.986485
0.986486
0.986487
0.986487
0.986488
0.986488
0.986488
0.986488
0.986488
0.986488
0.986488
0.986488
0.986488
0.986488
0.986488
0.986488
0.986488
0.986488
0.986488
0.986488
0.986488
0.986488
0.986488
0.986488
0.986488
0.986488
0.986488
0.986488
0.986488
0.986488
0.986488
0.986488
0.986488
0.986488
0.986488
0.986488
0.986488
0.986488
0.986488
0.986488
0.986487
0.986487
0.986486
0.986485
0.986482
0.986478
0.986471
0.986459
0.986439
0.98641
0.986366
0.986306
0.987647
0.987703
0.987744
0.987772
0.987791
0.987802
0.987809
0.987814
0.987816
0.987818
0.987818
0.987819
0.987819
0.987819
0.987819
0.987819
0.987819
0.987819
0.987819
0.987819
0.987819
0.987819
0.987819
0.987819
0.987819
0.987819
0.987819
0.987819
0.987819
0.987819
0.987819
0.987819
0.987819
0.987819
0.987819
0.987819
0.987819
0.987819
0.987819
0.987819
0.987819
0.987819
0.987819
0.987819
0.987819
0.987819
0.987819
0.987819
0.987819
0.987818
0.987818
0.987816
0.987814
0.987809
0.987802
0.987791
0.987772
0.987744
0.987703
0.987647
0.988872
0.988924
0.988962
0.988989
0.989006
0.989018
0.989025
0.989029
0.989032
0.989033
0.989034
0.989034
0.989035
0.989035
0.989035
0.989035
0.989035
0.989035
0.989035
0.989035
0.989035
0.989035
0.989035
0.989035
0.989035
0.989035
0.989035
0.989035
0.989035
0.989035
0.989035
0.989035
0.989035
0.989035
0.989035
0.989035
0.989035
0.989035
0.989035
0.989035
0.989035
0.989035
0.989035
0.989035
0.989035
0.989035
0.989035
0.989035
0.989034
0.989034
0.989033
0.989032
0.989029
0.989025
0.989018
0.989006
0.988989
0.988962
0.988924
0.988872
0.98999
0.990038
0.990073
0.990098
0.990115
0.990126
0.990133
0.990137
0.99014
0.990141
0.990142
0.990142
0.990143
0.990143
0.990143
0.990143
0.990143
0.990143
0.990143
0.990143
0.990143
0.990143
0.990143
0.990143
0.990143
0.990143
0.990143
0.990143
0.990143
0.990143
0.990143
0.990143
0.990143
0.990143
0.990143
0.990143
0.990143
0.990143
0.990143
0.990143
0.990143
0.990143
0.990143
0.990143
0.990143
0.990143
0.990143
0.990143
0.990142
0.990142
0.990141
0.99014
0.990137
0.990133
0.990126
0.990115
0.990098
0.990073
0.990038
0.98999
0.991008
0.991052
0.991085
0.991108
0.991124
0.991135
0.991142
0.991146
0.991148
0.99115
0.991151
0.991151
0.991151
0.991151
0.991152
0.991152
0.991152
0.991152
0.991152
0.991152
0.991152
0.991152
0.991152
0.991152
0.991152
0.991152
0.991152
0.991152
0.991152
0.991152
0.991152
0.991152
0.991152
0.991152
0.991152
0.991152
0.991152
0.991152
0.991152
0.991152
0.991152
0.991152
0.991152
0.991152
0.991152
0.991152
0.991151
0.991151
0.991151
0.991151
0.99115
0.991148
0.991146
0.991142
0.991135
0.991124
0.991108
0.991085
0.991052
0.991008
0.991934
0.991974
0.992005
0.992027
0.992042
0.992052
0.992059
0.992063
0.992065
0.992067
0.992068
0.992068
0.992068
0.992069
0.992069
0.992069
0.992069
0.992069
0.992069
0.992069
0.992069
0.992069
0.992069
0.992069
0.992069
0.992069
0.992069
0.992069
0.992069
0.992069
0.992069
0.992069
0.992069
0.992069
0.992069
0.992069
0.992069
0.992069
0.992069
0.992069
0.992069
0.992069
0.992069
0.992069
0.992069
0.992069
0.992069
0.992068
0.992068
0.992068
0.992067
0.992065
0.992063
0.992059
0.992052
0.992042
0.992027
0.992005
0.991974
0.991934
0.992775
0.992812
0.99284
0.992861
0.992875
0.992885
0.992891
0.992895
0.992898
0.992899
0.9929
0.992901
0.992901
0.992901
0.992901
0.992901
0.992901
0.992901
0.992901
0.992901
0.992901
0.992901
0.992901
0.992901
0.992901
0.992901
0.992901
0.992901
0.992901
0.992901
0.992901
0.992901
0.992901
0.992901
0.992901
0.992901
0.992901
0.992901
0.992901
0.992901
0.992901
0.992901
0.992901
0.992901
0.992901
0.992901
0.992901
0.992901
0.992901
0.9929
0.992899
0.992898
0.992895
0.992891
0.992885
0.992875
0.992861
0.99284
0.992812
0.992775
0.993538
0.993572
0.993598
0.993617
0.993631
0.99364
0.993646
0.99365
0.993653
0.993654
0.993655
0.993656
0.993656
0.993656
0.993656
0.993656
0.993656
0.993656
0.993656
0.993656
0.993656
0.993656
0.993656
0.993656
0.993656
0.993656
0.993656
0.993656
0.993656
0.993656
0.993656
0.993656
0.993656
0.993656
0.993656
0.993656
0.993656
0.993656
0.993656
0.993656
0.993656
0.993656
0.993656
0.993656
0.993656
0.993656
0.993656
0.993656
0.993656
0.993655
0.993654
0.993653
0.99365
0.993646
0.99364
0.993631
0.993617
0.993598
0.993572
0.993538
0.994229
0.99426
0.994284
0.994302
0.994315
0.994324
0.99433
0.994333
0.994336
0.994337
0.994338
0.994339
0.994339
0.994339
0.994339
0.994339
0.994339
0.994339
0.994339
0.994339
0.994339
0.994339
0.994339
0.994339
0.994339
0.994339
0.994339
0.994339
0.994339
0.994339
0.994339
0.994339
0.994339
0.994339
0.994339
0.994339
0.994339
0.994339
0.994339
0.994339
0.994339
0.994339
0.994339
0.994339
0.994339
0.994339
0.994339
0.994339
0.994339
0.994338
0.994337
0.994336
0.994333
0.99433
0.994324
0.994315
0.994302
0.994284
0.99426
0.994229
0.994854
0.994883
0.994905
0.994921
0.994933
0.994942
0.994947
0.994951
0.994953
0.994955
0.994956
0.994956
0.994957
0.994957
0.994957
0.994957
0.994957
0.994957
0.994957
0.994957
0.994957
0.994957
0.994957
0.994957
0.994957
0.994957
0.994957
0.994957
0.994957
0.994957
0.994957
0.994957
0.994957
0.994957
0.994957
0.994957
0.994957
0.994957
0.994957
0.994957
0.994957
0.994957
0.994957
0.994957
0.994957
0.994957
0.994957
0.994957
0.994956
0.994956
0.994955
0.994953
0.994951
0.994947
0.994942
0.994933
0.994921
0.994905
0.994883
0.994854
0.995418
0.995445
0.995465
0.99548
0.995492
0.995499
0.995505
0.995508
0.995511
0.995512
0.995513
0.995514
0.995514
0.995514
0.995514
0.995514
0.995514
0.995514
0.995514
0.995514
0.995514
0.995514
0.995514
0.995514
0.995514
0.995514
0.995514
0.995514
0.995514
0.995514
0.995514
0.995514
0.995514
0.995514
0.995514
0.995514
0.995514
0.995514
0.995514
0.995514
0.995514
0.995514
0.995514
0.995514
0.995514
0.995514
0.995514
0.995514
0.995514
0.995513
0.995512
0.995511
0.995508
0.995505
0.995499
0.995492
0.99548
0.995465
0.995445
0.995418
0.995927
0.995951
0.99597
0.995984
0.995995
0.996002
0.996007
0.996011
0.996013
0.996015
0.996015
0.996016
0.996016
0.996017
0.996017
0.996017
0.996017
0.996017
0.996017
0.996017
0.996017
0.996017
0.996017
0.996017
0.996017
0.996017
0.996017
0.996017
0.996017
0.996017
0.996017
0.996017
0.996017
0.996017
0.996017
0.996017
0.996017
0.996017
0.996017
0.996017
0.996017
0.996017
0.996017
0.996017
0.996017
0.996017
0.996017
0.996016
0.996016
0.996015
0.996015
0.996013
0.996011
0.996007
0.996002
0.995995
0.995984
0.99597
0.995951
0.995927
0.996386
0.996408
0.996425
0.996438
0.996448
0.996455
0.99646
0.996463
0.996465
0.996467
0.996467
0.996468
0.996468
0.996469
0.996469
0.996469
0.996469
0.996469
0.996469
0.996469
0.996469
0.996469
0.996469
0.996469
0.996469
0.996469
0.996469
0.996469
0.996469
0.996469
0.996469
0.996469
0.996469
0.996469
0.996469
0.996469
0.996469
0.996469
0.996469
0.996469
0.996469
0.996469
0.996469
0.996469
0.996469
0.996469
0.996469
0.996468
0.996468
0.996467
0.996467
0.996465
0.996463
0.99646
0.996455
0.996448
0.996438
0.996425
0.996408
0.996386
0.996798
0.996818
0.996834
0.996846
0.996855
0.996861
0.996866
0.996869
0.996871
0.996873
0.996873
0.996874
0.996874
0.996875
0.996875
0.996875
0.996875
0.996875
0.996875
0.996875
0.996875
0.996875
0.996875
0.996875
0.996875
0.996875
0.996875
0.996875
0.996875
0.996875
0.996875
0.996875
0.996875
0.996875
0.996875
0.996875
0.996875
0.996875
0.996875
0.996875
0.996875
0.996875
0.996875
0.996875
0.996875
0.996875
0.996875
0.996874
0.996874
0.996873
0.996873
0.996871
0.996869
0.996866
0.996861
0.996855
0.996846
0.996834
0.996818
0.996798
0.997168
0.997186
0.9972
0.997211
0.99722
0.997226
0.99723
0.997233
0.997235
0.997237
0.997238
0.997238
0.997239
0.997239
0.997239
0.997239
0.997239
0.997239
0.997239
0.997239
0.997239
0.997239
0.997239
0.997239
0.997239
0.997239
0.997239
0.997239
0.997239
0.997239
0.997239
0.997239
0.997239
0.997239
0.997239
0.997239
0.997239
0.997239
0.997239
0.997239
0.997239
0.997239
0.997239
0.997239
0.997239
0.997239
0.997239
0.997239
0.997238
0.997238
0.997237
0.997235
0.997233
0.99723
0.997226
0.99722
0.997211
0.9972
0.997186
0.997168
0.9975
0.997516
0.997529
0.997539
0.997547
0.997553
0.997557
0.997559
0.997561
0.997563
0.997564
0.997564
0.997565
0.997565
0.997565
0.997565
0.997565
0.997565
0.997565
0.997565
0.997565
0.997565
0.997565
0.997565
0.997565
0.997565
0.997565
0.997565
0.997565
0.997565
0.997565
0.997565
0.997565
0.997565
0.997565
0.997565
0.997565
0.997565
0.997565
0.997565
0.997565
0.997565
0.997565
0.997565
0.997565
0.997565
0.997565
0.997565
0.997564
0.997564
0.997563
0.997561
0.997559
0.997557
0.997553
0.997547
0.997539
0.997529
0.997516
0.9975
0.997797
0.997811
0.997823
0.997832
0.997839
0.997845
0.997848
0.997851
0.997853
0.997854
0.997855
0.997856
0.997856
0.997856
0.997856
0.997856
0.997857
0.997857
0.997857
0.997857
0.997856
0.997856
0.997856
0.997856
0.997856
0.997856
0.997856
0.997856
0.997856
0.997856
0.997856
0.997856
0.997856
0.997856
0.997856
0.997856
0.997856
0.997856
0.997856
0.997856
0.997857
0.997857
0.997857
0.997857
0.997856
0.997856
0.997856
0.997856
0.997856
0.997855
0.997854
0.997853
0.997851
0.997848
0.997845
0.997839
0.997832
0.997823
0.997811
0.997797
0.998062
0.998075
0.998085
0.998094
0.9981
0.998105
0.998109
0.998111
0.998113
0.998114
0.998115
0.998116
0.998116
0.998116
0.998116
0.998117
0.998117
0.998117
0.998117
0.998117
0.998117
0.998117
0.998117
0.998117
0.998117
0.998117
0.998117
0.998117
0.998117
0.998117
0.998117
0.998117
0.998117
0.998117
0.998117
0.998117
0.998117
0.998117
0.998117
0.998117
0.998117
0.998117
0.998117
0.998117
0.998117
0.998116
0.998116
0.998116
0.998116
0.998115
0.998114
0.998113
0.998111
0.998109
0.998105
0.9981
0.998094
0.998085
0.998075
0.998062
0.998298
0.99831
0.998319
0.998327
0.998333
0.998337
0.998341
0.998343
0.998345
0.998346
0.998347
0.998347
0.998348
0.998348
0.998348
0.998348
0.998348
0.998348
0.998348
0.998348
0.998348
0.998348
0.998348
0.998348
0.998348
0.998348
0.998348
0.998348
0.998348
0.998348
0.998348
0.998348
0.998348
0.998348
0.998348
0.998348
0.998348
0.998348
0.998348
0.998348
0.998348
0.998348
0.998348
0.998348
0.998348
0.998348
0.998348
0.998348
0.998347
0.998347
0.998346
0.998345
0.998343
0.998341
0.998337
0.998333
0.998327
0.998319
0.99831
0.998298
0.998508
0.998519
0.998528
0.998535
0.99854
0.998544
0.998547
0.998549
0.998551
0.998552
0.998553
0.998553
0.998554
0.998554
0.998554
0.998554
0.998554
0.998554
0.998554
0.998554
0.998554
0.998554
0.998554
0.998554
0.998554
0.998554
0.998554
0.998554
0.998554
0.998554
0.998554
0.998554
0.998554
0.998554
0.998554
0.998554
0.998554
0.998554
0.998554
0.998554
0.998554
0.998554
0.998554
0.998554
0.998554
0.998554
0.998554
0.998554
0.998553
0.998553
0.998552
0.998551
0.998549
0.998547
0.998544
0.99854
0.998535
0.998528
0.998519
0.998508
0.998695
0.998705
0.998712
0.998719
0.998724
0.998728
0.99873
0.998732
0.998734
0.998735
0.998736
0.998736
0.998737
0.998737
0.998737
0.998737
0.998737
0.998737
0.998737
0.998737
0.998737
0.998737
0.998737
0.998737
0.998737
0.998737
0.998737
0.998737
0.998737
0.998737
0.998737
0.998737
0.998737
0.998737
0.998737
0.998737
0.998737
0.998737
0.998737
0.998737
0.998737
0.998737
0.998737
0.998737
0.998737
0.998737
0.998737
0.998737
0.998736
0.998736
0.998735
0.998734
0.998732
0.99873
0.998728
0.998724
0.998719
0.998712
0.998705
0.998695
0.998861
0.998869
0.998876
0.998882
0.998887
0.99889
0.998893
0.998895
0.998896
0.998897
0.998898
0.998898
0.998899
0.998899
0.998899
0.998899
0.998899
0.998899
0.998899
0.998899
0.998899
0.998899
0.998899
0.998899
0.998899
0.998899
0.998899
0.998899
0.998899
0.998899
0.998899
0.998899
0.998899
0.998899
0.998899
0.998899
0.998899
0.998899
0.998899
0.998899
0.998899
0.998899
0.998899
0.998899
0.998899
0.998899
0.998899
0.998899
0.998898
0.998898
0.998897
0.998896
0.998895
0.998893
0.99889
0.998887
0.998882
0.998876
0.998869
0.998861
0.999008
0.999015
0.999022
0.999027
0.999031
0.999034
0.999036
0.999038
0.999039
0.99904
0.999041
0.999042
0.999042
0.999042
0.999042
0.999042
0.999042
0.999042
0.999042
0.999042
0.999042
0.999042
0.999042
0.999042
0.999042
0.999042
0.999042
0.999042
0.999042
0.999042
0.999042
0.999042
0.999042
0.999042
0.999042
0.999042
0.999042
0.999042
0.999042
0.999042
0.999042
0.999042
0.999042
0.999042
0.999042
0.999042
0.999042
0.999042
0.999042
0.999041
0.99904
0.999039
0.999038
0.999036
0.999034
0.999031
0.999027
0.999022
0.999015
0.999008
0.999137
0.999144
0.99915
0.999154
0.999158
0.999161
0.999163
0.999165
0.999166
0.999167
0.999167
0.999168
0.999168
0.999168
0.999169
0.999169
0.999169
0.999169
0.999169
0.999169
0.999169
0.999169
0.999169
0.999169
0.999169
0.999169
0.999169
0.999169
0.999169
0.999169
0.999169
0.999169
0.999169
0.999169
0.999169
0.999169
0.999169
0.999169
0.999169
0.999169
0.999169
0.999169
0.999169
0.999169
0.999169
0.999169
0.999168
0.999168
0.999168
0.999167
0.999167
0.999166
0.999165
0.999163
0.999161
0.999158
0.999154
0.99915
0.999144
0.999137
0.999252
0.999258
0.999263
0.999267
0.99927
0.999273
0.999275
0.999276
0.999277
0.999278
0.999279
0.999279
0.99928
0.99928
0.99928
0.99928
0.99928
0.99928
0.99928
0.99928
0.99928
0.99928
0.99928
0.99928
0.99928
0.99928
0.99928
0.99928
0.99928
0.99928
0.99928
0.99928
0.99928
0.99928
0.99928
0.99928
0.99928
0.99928
0.99928
0.99928
0.99928
0.99928
0.99928
0.99928
0.99928
0.99928
0.99928
0.99928
0.999279
0.999279
0.999278
0.999277
0.999276
0.999275
0.999273
0.99927
0.999267
0.999263
0.999258
0.999252
0.999353
0.999358
0.999362
0.999366
0.999369
0.999371
0.999373
0.999374
0.999375
0.999376
0.999377
0.999377
0.999377
0.999378
0.999378
0.999378
0.999378
0.999378
0.999378
0.999378
0.999378
0.999378
0.999378
0.999378
0.999378
0.999378
0.999378
0.999378
0.999378
0.999378
0.999378
0.999378
0.999378
0.999378
0.999378
0.999378
0.999378
0.999378
0.999378
0.999378
0.999378
0.999378
0.999378
0.999378
0.999378
0.999378
0.999378
0.999377
0.999377
0.999377
0.999376
0.999375
0.999374
0.999373
0.999371
0.999369
0.999366
0.999362
0.999358
0.999353
0.999441
0.999445
0.999449
0.999453
0.999455
0.999457
0.999459
0.99946
0.999461
0.999462
0.999462
0.999463
0.999463
0.999463
0.999463
0.999463
0.999464
0.999464
0.999464
0.999464
0.999464
0.999464
0.999464
0.999463
0.999463
0.999463
0.999463
0.999463
0.999463
0.999463
0.999463
0.999463
0.999463
0.999463
0.999463
0.999463
0.999463
0.999464
0.999464
0.999464
0.999464
0.999464
0.999464
0.999464
0.999463
0.999463
0.999463
0.999463
0.999463
0.999462
0.999462
0.999461
0.99946
0.999459
0.999457
0.999455
0.999453
0.999449
0.999445
0.999441
0.999518
0.999522
0.999526
0.999529
0.999531
0.999533
0.999534
0.999536
0.999536
0.999537
0.999538
0.999538
0.999538
0.999538
0.999538
0.999539
0.999539
0.999539
0.999539
0.999539
0.999539
0.999539
0.999539
0.999539
0.999539
0.999539
0.999539
0.999539
0.999539
0.999539
0.999539
0.999539
0.999539
0.999539
0.999539
0.999539
0.999539
0.999539
0.999539
0.999539
0.999539
0.999539
0.999539
0.999539
0.999539
0.999538
0.999538
0.999538
0.999538
0.999538
0.999537
0.999536
0.999536
0.999534
0.999533
0.999531
0.999529
0.999526
0.999522
0.999518
0.999586
0.99959
0.999593
0.999595
0.999597
0.999599
0.9996
0.999601
0.999602
0.999603
0.999603
0.999604
0.999604
0.999604
0.999604
0.999604
0.999604
0.999604
0.999604
0.999604
0.999604
0.999604
0.999604
0.999604
0.999604
0.999604
0.999604
0.999604
0.999604
0.999604
0.999604
0.999604
0.999604
0.999604
0.999604
0.999604
0.999604
0.999604
0.999604
0.999604
0.999604
0.999604
0.999604
0.999604
0.999604
0.999604
0.999604
0.999604
0.999604
0.999603
0.999603
0.999602
0.999601
0.9996
0.999599
0.999597
0.999595
0.999593
0.99959
0.999586
0.999645
0.999648
0.999651
0.999653
0.999655
0.999657
0.999658
0.999659
0.999659
0.99966
0.99966
0.999661
0.999661
0.999661
0.999661
0.999661
0.999661
0.999661
0.999661
0.999661
0.999661
0.999661
0.999661
0.999661
0.999661
0.999661
0.999661
0.999661
0.999661
0.999661
0.999661
0.999661
0.999661
0.999661
0.999661
0.999661
0.999661
0.999661
0.999661
0.999661
0.999661
0.999661
0.999661
0.999661
0.999661
0.999661
0.999661
0.999661
0.999661
0.99966
0.99966
0.999659
0.999659
0.999658
0.999657
0.999655
0.999653
0.999651
0.999648
0.999645
0.999697
0.9997
0.999702
0.999704
0.999705
0.999707
0.999708
0.999709
0.999709
0.99971
0.99971
0.99971
0.999711
0.999711
0.999711
0.999711
0.999711
0.999711
0.999711
0.999711
0.999711
0.999711
0.999711
0.999711
0.999711
0.999711
0.999711
0.999711
0.999711
0.999711
0.999711
0.999711
0.999711
0.999711
0.999711
0.999711
0.999711
0.999711
0.999711
0.999711
0.999711
0.999711
0.999711
0.999711
0.999711
0.999711
0.999711
0.999711
0.99971
0.99971
0.99971
0.999709
0.999709
0.999708
0.999707
0.999705
0.999704
0.999702
0.9997
0.999697
0.999742
0.999744
0.999746
0.999748
0.999749
0.99975
0.999751
0.999752
0.999753
0.999753
0.999753
0.999754
0.999754
0.999754
0.999754
0.999754
0.999754
0.999754
0.999754
0.999754
0.999754
0.999754
0.999754
0.999754
0.999754
0.999754
0.999754
0.999754
0.999754
0.999754
0.999754
0.999754
0.999754
0.999754
0.999754
0.999754
0.999754
0.999754
0.999754
0.999754
0.999754
0.999754
0.999754
0.999754
0.999754
0.999754
0.999754
0.999754
0.999754
0.999753
0.999753
0.999753
0.999752
0.999751
0.99975
0.999749
0.999748
0.999746
0.999744
0.999742
0.999781
0.999783
0.999784
0.999786
0.999787
0.999788
0.999789
0.99979
0.99979
0.999791
0.999791
0.999791
0.999791
0.999791
0.999791
0.999791
0.999792
0.999792
0.999792
0.999792
0.999792
0.999792
0.999792
0.999792
0.999792
0.999791
0.999791
0.999791
0.999791
0.999791
0.999791
0.999791
0.999791
0.999791
0.999791
0.999792
0.999792
0.999792
0.999792
0.999792
0.999792
0.999792
0.999792
0.999792
0.999791
0.999791
0.999791
0.999791
0.999791
0.999791
0.999791
0.99979
0.99979
0.999789
0.999788
0.999787
0.999786
0.999784
0.999783
0.999781
0.999814
0.999816
0.999818
0.999819
0.99982
0.999821
0.999822
0.999822
0.999823
0.999823
0.999823
0.999823
0.999824
0.999824
0.999824
0.999824
0.999824
0.999824
0.999824
0.999824
0.999824
0.999824
0.999824
0.999824
0.999824
0.999824
0.999824
0.999824
0.999824
0.999824
0.999824
0.999824
0.999824
0.999824
0.999824
0.999824
0.999824
0.999824
0.999824
0.999824
0.999824
0.999824
0.999824
0.999824
0.999824
0.999824
0.999824
0.999824
0.999823
0.999823
0.999823
0.999823
0.999822
0.999822
0.999821
0.99982
0.999819
0.999818
0.999816
0.999814
0.999844
0.999845
0.999846
0.999847
0.999848
0.999849
0.99985
0.99985
0.999851
0.999851
0.999851
0.999851
0.999852
0.999852
0.999852
0.999852
0.999852
0.999852
0.999852
0.999852
0.999852
0.999852
0.999852
0.999852
0.999852
0.999852
0.999852
0.999852
0.999852
0.999852
0.999852
0.999852
0.999852
0.999852
0.999852
0.999852
0.999852
0.999852
0.999852
0.999852
0.999852
0.999852
0.999852
0.999852
0.999852
0.999852
0.999852
0.999852
0.999851
0.999851
0.999851
0.999851
0.99985
0.99985
0.999849
0.999848
0.999847
0.999846
0.999845
0.999844
0.999869
0.99987
0.999871
0.999872
0.999873
0.999874
0.999874
0.999875
0.999875
0.999875
0.999875
0.999876
0.999876
0.999876
0.999876
0.999876
0.999876
0.999876
0.999876
0.999876
0.999876
0.999876
0.999876
0.999876
0.999876
0.999876
0.999876
0.999876
0.999876
0.999876
0.999876
0.999876
0.999876
0.999876
0.999876
0.999876
0.999876
0.999876
0.999876
0.999876
0.999876
0.999876
0.999876
0.999876
0.999876
0.999876
0.999876
0.999876
0.999876
0.999875
0.999875
0.999875
0.999875
0.999874
0.999874
0.999873
0.999872
0.999871
0.99987
0.999869
0.999891
0.999892
0.999893
0.999894
0.999894
0.999895
0.999895
0.999896
0.999896
0.999896
0.999896
0.999897
0.999897
0.999897
0.999897
0.999897
0.999897
0.999897
0.999897
0.999897
0.999897
0.999897
0.999897
0.999897
0.999897
0.999897
0.999897
0.999897
0.999897
0.999897
0.999897
0.999897
0.999897
0.999897
0.999897
0.999897
0.999897
0.999897
0.999897
0.999897
0.999897
0.999897
0.999897
0.999897
0.999897
0.999897
0.999897
0.999897
0.999897
0.999896
0.999896
0.999896
0.999896
0.999895
0.999895
0.999894
0.999894
0.999893
0.999892
0.999891
0.99991
0.999911
0.999911
0.999912
0.999913
0.999913
0.999914
0.999914
0.999914
0.999914
0.999915
0.999915
0.999915
0.999915
0.999915
0.999915
0.999915
0.999915
0.999915
0.999915
0.999915
0.999915
0.999915
0.999915
0.999915
0.999915
0.999915
0.999915
0.999915
0.999915
0.999915
0.999915
0.999915
0.999915
0.999915
0.999915
0.999915
0.999915
0.999915
0.999915
0.999915
0.999915
0.999915
0.999915
0.999915
0.999915
0.999915
0.999915
0.999915
0.999915
0.999914
0.999914
0.999914
0.999914
0.999913
0.999913
0.999912
0.999911
0.999911
0.99991
0.999926
0.999927
0.999928
0.999928
0.999929
0.999929
0.999929
0.99993
0.99993
0.99993
0.99993
0.99993
0.99993
0.999931
0.999931
0.999931
0.999931
0.999931
0.999931
0.999931
0.999931
0.999931
0.999931
0.999931
0.999931
0.999931
0.999931
0.999931
0.999931
0.999931
0.999931
0.999931
0.999931
0.999931
0.999931
0.999931
0.999931
0.999931
0.999931
0.999931
0.999931
0.999931
0.999931
0.999931
0.999931
0.999931
0.999931
0.99993
0.99993
0.99993
0.99993
0.99993
0.99993
0.999929
0.999929
0.999929
0.999928
0.999928
0.999927
0.999926
0.999941
0.999941
0.999942
0.999942
0.999943
0.999943
0.999943
0.999944
0.999944
0.999944
0.999944
0.999944
0.999944
0.999944
0.999944
0.999944
0.999944
0.999944
0.999944
0.999944
0.999944
0.999944
0.999944
0.999944
0.999944
0.999944
0.999944
0.999944
0.999944
0.999944
0.999944
0.999944
0.999944
0.999944
0.999944
0.999944
0.999944
0.999944
0.999944
0.999944
0.999944
0.999944
0.999944
0.999944
0.999944
0.999944
0.999944
0.999944
0.999944
0.999944
0.999944
0.999944
0.999944
0.999943
0.999943
0.999943
0.999942
0.999942
0.999941
0.999941
0.999954
0.999954
0.999955
0.999955
0.999955
0.999955
0.999956
0.999956
0.999956
0.999956
0.999956
0.999956
0.999956
0.999956
0.999956
0.999956
0.999956
0.999956
0.999956
0.999956
0.999956
0.999956
0.999956
0.999956
0.999956
0.999956
0.999956
0.999956
0.999956
0.999956
0.999956
0.999956
0.999956
0.999956
0.999956
0.999956
0.999956
0.999956
0.999956
0.999956
0.999956
0.999956
0.999956
0.999956
0.999956
0.999956
0.999956
0.999956
0.999956
0.999956
0.999956
0.999956
0.999956
0.999956
0.999955
0.999955
0.999955
0.999955
0.999954
0.999954
0.999965
0.999966
0.999966
0.999966
0.999966
0.999967
0.999967
0.999967
0.999967
0.999967
0.999967
0.999967
0.999967
0.999967
0.999967
0.999967
0.999967
0.999967
0.999967
0.999967
0.999967
0.999967
0.999967
0.999967
0.999967
0.999967
0.999967
0.999967
0.999967
0.999967
0.999967
0.999967
0.999967
0.999967
0.999967
0.999967
0.999967
0.999967
0.999967
0.999967
0.999967
0.999967
0.999967
0.999967
0.999967
0.999967
0.999967
0.999967
0.999967
0.999967
0.999967
0.999967
0.999967
0.999967
0.999967
0.999966
0.999966
0.999966
0.999966
0.999965
0.999976
0.999976
0.999976
0.999976
0.999977
0.999977
0.999977
0.999977
0.999977
0.999977
0.999977
0.999977
0.999977
0.999977
0.999977
0.999977
0.999977
0.999977
0.999977
0.999977
0.999977
0.999977
0.999977
0.999977
0.999977
0.999977
0.999977
0.999977
0.999977
0.999977
0.999977
0.999977
0.999977
0.999977
0.999977
0.999977
0.999977
0.999977
0.999977
0.999977
0.999977
0.999977
0.999977
0.999977
0.999977
0.999977
0.999977
0.999977
0.999977
0.999977
0.999977
0.999977
0.999977
0.999977
0.999977
0.999977
0.999976
0.999976
0.999976
0.999976
0.999986
0.999986
0.999986
0.999986
0.999986
0.999986
0.999986
0.999986
0.999986
0.999986
0.999986
0.999986
0.999986
0.999986
0.999986
0.999986
0.999986
0.999986
0.999986
0.999986
0.999986
0.999986
0.999986
0.999986
0.999986
0.999986
0.999986
0.999986
0.999986
0.999986
0.999986
0.999986
0.999986
0.999986
0.999986
0.999986
0.999986
0.999986
0.999986
0.999986
0.999986
0.999986
0.999986
0.999986
0.999986
0.999986
0.999986
0.999986
0.999986
0.999986
0.999986
0.999986
0.999986
0.999986
0.999986
0.999986
0.999986
0.999986
0.999986
0.999986
0.999995
0.999995
0.999995
0.999995
0.999995
0.999995
0.999995
0.999995
0.999995
0.999995
0.999996
0.999996
0.999996
0.999996
0.999996
0.999996
0.999996
0.999996
0.999996
0.999996
0.999996
0.999996
0.999996
0.999996
0.999996
0.999996
0.999996
0.999996
0.999996
0.999996
0.999996
0.999996
0.999996
0.999996
0.999996
0.999996
0.999996
0.999996
0.999996
0.999996
0.999996
0.999996
0.999996
0.999996
0.999996
0.999996
0.999996
0.999996
0.999996
0.999996
0.999995
0.999995
0.999995
0.999995
0.999995
0.999995
0.999995
0.999995
0.999995
0.999995
)
;

boundaryField
{
    top
    {
        type            fixedValue;
        value           uniform 1;
    }
    bottom
    {
        type            fixedValue;
        value           uniform 1;
    }
    wall
    {
        type            zeroGradient;
    }
    frontAndBack
    {
        type            empty;
    }
}


// ************************************************************************* //
