/*--------------------------------*- C++ -*----------------------------------*\
| =========                 |                                                 |
| \\      /  F ield         | foam-extend: Open Source CFD                    |
|  \\    /   O peration     | Version:     4.0                                |
|   \\  /    A nd           | Web:         http://www.foam-extend.org         |
|    \\/     M anipulation  |                                                 |
\*---------------------------------------------------------------------------*/
FoamFile
{
    version     2.0;
    format      ascii;
    class       volScalarField;
    location    "150";
    object      cMinus;
}
// * * * * * * * * * * * * * * * * * * * * * * * * * * * * * * * * * * * * * //

dimensions      [0 0 0 0 0 0 0];

internalField   nonuniform List<scalar> 
6960
(
0.222056
0.222147
0.222164
0.222171
0.222174
0.222177
0.222178
0.22218
0.222181
0.222182
0.222184
0.222185
0.222186
0.222187
0.222188
0.222189
0.222189
0.22219
0.222191
0.222192
0.222192
0.222193
0.222193
0.222194
0.222194
0.222195
0.222195
0.222195
0.222195
0.222195
0.222195
0.222195
0.222195
0.222195
0.222195
0.222194
0.222194
0.222193
0.222193
0.222192
0.222192
0.222191
0.22219
0.222189
0.222189
0.222188
0.222187
0.222186
0.222185
0.222184
0.222182
0.222181
0.22218
0.222178
0.222177
0.222174
0.222171
0.222164
0.222147
0.222056
0.332769
0.332882
0.332902
0.33291
0.332914
0.332916
0.332918
0.33292
0.332921
0.332922
0.332924
0.332925
0.332926
0.332927
0.332928
0.332929
0.33293
0.332931
0.332932
0.332932
0.332933
0.332934
0.332934
0.332935
0.332935
0.332936
0.332936
0.332936
0.332936
0.332936
0.332936
0.332936
0.332936
0.332936
0.332936
0.332935
0.332935
0.332934
0.332934
0.332933
0.332932
0.332932
0.332931
0.33293
0.332929
0.332928
0.332927
0.332926
0.332925
0.332924
0.332922
0.332921
0.33292
0.332918
0.332916
0.332914
0.33291
0.332902
0.332882
0.332769
0.412669
0.412793
0.412813
0.41282
0.412823
0.412826
0.412828
0.412829
0.41283
0.412832
0.412833
0.412834
0.412835
0.412836
0.412837
0.412838
0.412839
0.412839
0.41284
0.412841
0.412842
0.412842
0.412843
0.412843
0.412844
0.412844
0.412844
0.412844
0.412844
0.412845
0.412845
0.412844
0.412844
0.412844
0.412844
0.412844
0.412843
0.412843
0.412842
0.412842
0.412841
0.41284
0.412839
0.412839
0.412838
0.412837
0.412836
0.412835
0.412834
0.412833
0.412832
0.41283
0.412829
0.412828
0.412826
0.412823
0.41282
0.412813
0.412793
0.412669
0.47138
0.47151
0.47153
0.471536
0.471539
0.471541
0.471543
0.471544
0.471545
0.471546
0.471547
0.471548
0.471549
0.47155
0.471551
0.471552
0.471553
0.471553
0.471554
0.471555
0.471555
0.471556
0.471556
0.471556
0.471557
0.471557
0.471557
0.471558
0.471558
0.471558
0.471558
0.471558
0.471558
0.471557
0.471557
0.471557
0.471556
0.471556
0.471556
0.471555
0.471555
0.471554
0.471553
0.471553
0.471552
0.471551
0.47155
0.471549
0.471548
0.471547
0.471546
0.471545
0.471544
0.471543
0.471541
0.471539
0.471536
0.47153
0.47151
0.47138
0.518615
0.518752
0.518771
0.518776
0.518779
0.518781
0.518782
0.518784
0.518785
0.518786
0.518786
0.518787
0.518788
0.518789
0.51879
0.51879
0.518791
0.518792
0.518792
0.518793
0.518793
0.518794
0.518794
0.518795
0.518795
0.518795
0.518795
0.518795
0.518796
0.518796
0.518796
0.518796
0.518795
0.518795
0.518795
0.518795
0.518795
0.518794
0.518794
0.518793
0.518793
0.518792
0.518792
0.518791
0.51879
0.51879
0.518789
0.518788
0.518787
0.518786
0.518786
0.518785
0.518784
0.518782
0.518781
0.518779
0.518776
0.518771
0.518752
0.518615
0.559829
0.559972
0.55999
0.559995
0.559998
0.559999
0.560001
0.560002
0.560002
0.560003
0.560004
0.560005
0.560005
0.560006
0.560007
0.560007
0.560008
0.560009
0.560009
0.56001
0.56001
0.56001
0.560011
0.560011
0.560011
0.560012
0.560012
0.560012
0.560012
0.560012
0.560012
0.560012
0.560012
0.560012
0.560012
0.560011
0.560011
0.560011
0.56001
0.56001
0.56001
0.560009
0.560009
0.560008
0.560007
0.560007
0.560006
0.560005
0.560005
0.560004
0.560003
0.560002
0.560002
0.560001
0.559999
0.559998
0.559995
0.55999
0.559972
0.559829
0.597466
0.597613
0.597631
0.597636
0.597638
0.597639
0.59764
0.597641
0.597642
0.597643
0.597643
0.597644
0.597645
0.597645
0.597646
0.597646
0.597647
0.597647
0.597648
0.597648
0.597649
0.597649
0.597649
0.59765
0.59765
0.59765
0.59765
0.59765
0.59765
0.59765
0.59765
0.59765
0.59765
0.59765
0.59765
0.59765
0.59765
0.597649
0.597649
0.597649
0.597648
0.597648
0.597647
0.597647
0.597646
0.597646
0.597645
0.597645
0.597644
0.597643
0.597643
0.597642
0.597641
0.59764
0.597639
0.597638
0.597636
0.597631
0.597613
0.597466
0.632491
0.632643
0.632661
0.632665
0.632667
0.632668
0.632669
0.63267
0.632671
0.632671
0.632672
0.632672
0.632673
0.632674
0.632674
0.632674
0.632675
0.632675
0.632676
0.632676
0.632676
0.632677
0.632677
0.632677
0.632677
0.632678
0.632678
0.632678
0.632678
0.632678
0.632678
0.632678
0.632678
0.632678
0.632678
0.632677
0.632677
0.632677
0.632677
0.632676
0.632676
0.632676
0.632675
0.632675
0.632674
0.632674
0.632674
0.632673
0.632672
0.632672
0.632671
0.632671
0.63267
0.632669
0.632668
0.632667
0.632665
0.632661
0.632643
0.632491
0.665267
0.665422
0.66544
0.665444
0.665445
0.665447
0.665447
0.665448
0.665449
0.665449
0.66545
0.66545
0.665451
0.665451
0.665451
0.665452
0.665452
0.665453
0.665453
0.665453
0.665454
0.665454
0.665454
0.665454
0.665454
0.665455
0.665455
0.665455
0.665455
0.665455
0.665455
0.665455
0.665455
0.665455
0.665455
0.665454
0.665454
0.665454
0.665454
0.665454
0.665453
0.665453
0.665453
0.665452
0.665452
0.665451
0.665451
0.665451
0.66545
0.66545
0.665449
0.665449
0.665448
0.665447
0.665447
0.665445
0.665444
0.66544
0.665422
0.665267
0.695934
0.696092
0.696109
0.696113
0.696114
0.696115
0.696116
0.696116
0.696117
0.696117
0.696118
0.696118
0.696119
0.696119
0.696119
0.69612
0.69612
0.69612
0.696121
0.696121
0.696121
0.696122
0.696122
0.696122
0.696122
0.696122
0.696122
0.696122
0.696122
0.696122
0.696122
0.696122
0.696122
0.696122
0.696122
0.696122
0.696122
0.696122
0.696122
0.696121
0.696121
0.696121
0.69612
0.69612
0.69612
0.696119
0.696119
0.696119
0.696118
0.696118
0.696117
0.696117
0.696116
0.696116
0.696115
0.696114
0.696113
0.696109
0.696092
0.695934
0.724566
0.724724
0.724741
0.724745
0.724746
0.724747
0.724747
0.724748
0.724748
0.724749
0.724749
0.72475
0.72475
0.72475
0.724751
0.724751
0.724751
0.724751
0.724752
0.724752
0.724752
0.724752
0.724753
0.724753
0.724753
0.724753
0.724753
0.724753
0.724753
0.724753
0.724753
0.724753
0.724753
0.724753
0.724753
0.724753
0.724753
0.724753
0.724752
0.724752
0.724752
0.724752
0.724751
0.724751
0.724751
0.724751
0.72475
0.72475
0.72475
0.724749
0.724749
0.724748
0.724748
0.724747
0.724747
0.724746
0.724745
0.724741
0.724724
0.724566
0.751217
0.751376
0.751393
0.751396
0.751397
0.751398
0.751399
0.751399
0.751399
0.7514
0.7514
0.7514
0.751401
0.751401
0.751401
0.751402
0.751402
0.751402
0.751402
0.751403
0.751403
0.751403
0.751403
0.751403
0.751403
0.751403
0.751403
0.751403
0.751404
0.751404
0.751404
0.751404
0.751403
0.751403
0.751403
0.751403
0.751403
0.751403
0.751403
0.751403
0.751403
0.751402
0.751402
0.751402
0.751402
0.751401
0.751401
0.751401
0.7514
0.7514
0.7514
0.751399
0.751399
0.751399
0.751398
0.751397
0.751396
0.751393
0.751376
0.751217
0.775947
0.776105
0.776122
0.776125
0.776126
0.776126
0.776127
0.776127
0.776127
0.776128
0.776128
0.776128
0.776129
0.776129
0.776129
0.776129
0.776129
0.77613
0.77613
0.77613
0.77613
0.77613
0.77613
0.776131
0.776131
0.776131
0.776131
0.776131
0.776131
0.776131
0.776131
0.776131
0.776131
0.776131
0.776131
0.776131
0.776131
0.77613
0.77613
0.77613
0.77613
0.77613
0.77613
0.776129
0.776129
0.776129
0.776129
0.776129
0.776128
0.776128
0.776128
0.776127
0.776127
0.776127
0.776126
0.776126
0.776125
0.776122
0.776105
0.775947
0.798816
0.798973
0.79899
0.798992
0.798993
0.798994
0.798994
0.798994
0.798995
0.798995
0.798995
0.798995
0.798996
0.798996
0.798996
0.798996
0.798996
0.798997
0.798997
0.798997
0.798997
0.798997
0.798997
0.798997
0.798997
0.798997
0.798998
0.798998
0.798998
0.798998
0.798998
0.798998
0.798998
0.798998
0.798997
0.798997
0.798997
0.798997
0.798997
0.798997
0.798997
0.798997
0.798997
0.798996
0.798996
0.798996
0.798996
0.798996
0.798995
0.798995
0.798995
0.798995
0.798994
0.798994
0.798994
0.798993
0.798992
0.79899
0.798973
0.798816
0.819894
0.820049
0.820065
0.820067
0.820068
0.820068
0.820069
0.820069
0.820069
0.82007
0.82007
0.82007
0.82007
0.82007
0.82007
0.820071
0.820071
0.820071
0.820071
0.820071
0.820071
0.820071
0.820071
0.820072
0.820072
0.820072
0.820072
0.820072
0.820072
0.820072
0.820072
0.820072
0.820072
0.820072
0.820072
0.820072
0.820072
0.820071
0.820071
0.820071
0.820071
0.820071
0.820071
0.820071
0.820071
0.82007
0.82007
0.82007
0.82007
0.82007
0.82007
0.820069
0.820069
0.820069
0.820068
0.820068
0.820067
0.820065
0.820049
0.819894
0.839254
0.839405
0.839421
0.839423
0.839424
0.839424
0.839425
0.839425
0.839425
0.839425
0.839425
0.839426
0.839426
0.839426
0.839426
0.839426
0.839426
0.839426
0.839426
0.839427
0.839427
0.839427
0.839427
0.839427
0.839427
0.839427
0.839427
0.839427
0.839427
0.839427
0.839427
0.839427
0.839427
0.839427
0.839427
0.839427
0.839427
0.839427
0.839427
0.839427
0.839427
0.839426
0.839426
0.839426
0.839426
0.839426
0.839426
0.839426
0.839426
0.839425
0.839425
0.839425
0.839425
0.839425
0.839424
0.839424
0.839423
0.839421
0.839405
0.839254
0.856973
0.857121
0.857136
0.857138
0.857139
0.857139
0.85714
0.85714
0.85714
0.85714
0.85714
0.85714
0.857141
0.857141
0.857141
0.857141
0.857141
0.857141
0.857141
0.857141
0.857141
0.857142
0.857142
0.857142
0.857142
0.857142
0.857142
0.857142
0.857142
0.857142
0.857142
0.857142
0.857142
0.857142
0.857142
0.857142
0.857142
0.857142
0.857142
0.857141
0.857141
0.857141
0.857141
0.857141
0.857141
0.857141
0.857141
0.857141
0.85714
0.85714
0.85714
0.85714
0.85714
0.85714
0.857139
0.857139
0.857138
0.857136
0.857121
0.856973
0.873135
0.873278
0.873293
0.873295
0.873296
0.873296
0.873296
0.873296
0.873296
0.873297
0.873297
0.873297
0.873297
0.873297
0.873297
0.873297
0.873297
0.873297
0.873297
0.873298
0.873298
0.873298
0.873298
0.873298
0.873298
0.873298
0.873298
0.873298
0.873298
0.873298
0.873298
0.873298
0.873298
0.873298
0.873298
0.873298
0.873298
0.873298
0.873298
0.873298
0.873298
0.873297
0.873297
0.873297
0.873297
0.873297
0.873297
0.873297
0.873297
0.873297
0.873297
0.873296
0.873296
0.873296
0.873296
0.873296
0.873295
0.873293
0.873278
0.873135
0.887823
0.887961
0.887976
0.887978
0.887978
0.887979
0.887979
0.887979
0.887979
0.887979
0.887979
0.887979
0.887979
0.887979
0.88798
0.88798
0.88798
0.88798
0.88798
0.88798
0.88798
0.88798
0.88798
0.88798
0.88798
0.88798
0.88798
0.88798
0.88798
0.88798
0.88798
0.88798
0.88798
0.88798
0.88798
0.88798
0.88798
0.88798
0.88798
0.88798
0.88798
0.88798
0.88798
0.88798
0.88798
0.88798
0.887979
0.887979
0.887979
0.887979
0.887979
0.887979
0.887979
0.887979
0.887979
0.887978
0.887978
0.887976
0.887961
0.887823
0.901124
0.901257
0.901272
0.901273
0.901274
0.901274
0.901274
0.901274
0.901274
0.901275
0.901275
0.901275
0.901275
0.901275
0.901275
0.901275
0.901275
0.901275
0.901275
0.901275
0.901275
0.901275
0.901275
0.901275
0.901275
0.901275
0.901275
0.901275
0.901275
0.901275
0.901275
0.901275
0.901275
0.901275
0.901275
0.901275
0.901275
0.901275
0.901275
0.901275
0.901275
0.901275
0.901275
0.901275
0.901275
0.901275
0.901275
0.901275
0.901275
0.901275
0.901275
0.901274
0.901274
0.901274
0.901274
0.901274
0.901273
0.901272
0.901257
0.901124
0.913127
0.913254
0.913268
0.91327
0.91327
0.91327
0.91327
0.91327
0.913271
0.913271
0.913271
0.913271
0.913271
0.913271
0.913271
0.913271
0.913271
0.913271
0.913271
0.913271
0.913271
0.913271
0.913271
0.913271
0.913271
0.913271
0.913271
0.913271
0.913271
0.913271
0.913271
0.913271
0.913271
0.913271
0.913271
0.913271
0.913271
0.913271
0.913271
0.913271
0.913271
0.913271
0.913271
0.913271
0.913271
0.913271
0.913271
0.913271
0.913271
0.913271
0.913271
0.913271
0.91327
0.91327
0.91327
0.91327
0.91327
0.913268
0.913254
0.913127
0.923918
0.924039
0.924053
0.924054
0.924055
0.924055
0.924055
0.924055
0.924055
0.924055
0.924055
0.924055
0.924055
0.924055
0.924055
0.924055
0.924055
0.924055
0.924055
0.924055
0.924056
0.924056
0.924056
0.924056
0.924056
0.924056
0.924056
0.924056
0.924056
0.924056
0.924056
0.924056
0.924056
0.924056
0.924056
0.924056
0.924056
0.924056
0.924056
0.924056
0.924055
0.924055
0.924055
0.924055
0.924055
0.924055
0.924055
0.924055
0.924055
0.924055
0.924055
0.924055
0.924055
0.924055
0.924055
0.924055
0.924054
0.924053
0.924039
0.923918
0.933585
0.933699
0.933713
0.933714
0.933714
0.933715
0.933715
0.933715
0.933715
0.933715
0.933715
0.933715
0.933715
0.933715
0.933715
0.933715
0.933715
0.933715
0.933715
0.933715
0.933715
0.933715
0.933715
0.933715
0.933715
0.933715
0.933715
0.933715
0.933715
0.933715
0.933715
0.933715
0.933715
0.933715
0.933715
0.933715
0.933715
0.933715
0.933715
0.933715
0.933715
0.933715
0.933715
0.933715
0.933715
0.933715
0.933715
0.933715
0.933715
0.933715
0.933715
0.933715
0.933715
0.933715
0.933715
0.933714
0.933714
0.933713
0.933699
0.933585
0.942213
0.942321
0.942334
0.942335
0.942335
0.942335
0.942335
0.942335
0.942336
0.942336
0.942336
0.942336
0.942336
0.942336
0.942336
0.942336
0.942336
0.942336
0.942336
0.942336
0.942336
0.942336
0.942336
0.942336
0.942336
0.942336
0.942336
0.942336
0.942336
0.942336
0.942336
0.942336
0.942336
0.942336
0.942336
0.942336
0.942336
0.942336
0.942336
0.942336
0.942336
0.942336
0.942336
0.942336
0.942336
0.942336
0.942336
0.942336
0.942336
0.942336
0.942336
0.942336
0.942335
0.942335
0.942335
0.942335
0.942335
0.942334
0.942321
0.942213
0.949885
0.949986
0.949999
0.95
0.95
0.95
0.950001
0.950001
0.950001
0.950001
0.950001
0.950001
0.950001
0.950001
0.950001
0.950001
0.950001
0.950001
0.950001
0.950001
0.950001
0.950001
0.950001
0.950001
0.950001
0.950001
0.950001
0.950001
0.950001
0.950001
0.950001
0.950001
0.950001
0.950001
0.950001
0.950001
0.950001
0.950001
0.950001
0.950001
0.950001
0.950001
0.950001
0.950001
0.950001
0.950001
0.950001
0.950001
0.950001
0.950001
0.950001
0.950001
0.950001
0.950001
0.95
0.95
0.95
0.949999
0.949986
0.949885
0.956683
0.956777
0.956789
0.95679
0.956791
0.956791
0.956791
0.956791
0.956791
0.956791
0.956791
0.956791
0.956791
0.956791
0.956791
0.956791
0.956791
0.956791
0.956791
0.956791
0.956791
0.956791
0.956791
0.956791
0.956791
0.956791
0.956791
0.956791
0.956791
0.956791
0.956791
0.956791
0.956791
0.956791
0.956791
0.956791
0.956791
0.956791
0.956791
0.956791
0.956791
0.956791
0.956791
0.956791
0.956791
0.956791
0.956791
0.956791
0.956791
0.956791
0.956791
0.956791
0.956791
0.956791
0.956791
0.956791
0.95679
0.956789
0.956777
0.956683
0.962683
0.962771
0.962782
0.962783
0.962784
0.962784
0.962784
0.962784
0.962784
0.962784
0.962784
0.962784
0.962784
0.962784
0.962784
0.962784
0.962784
0.962784
0.962784
0.962784
0.962784
0.962784
0.962784
0.962784
0.962784
0.962784
0.962784
0.962784
0.962784
0.962784
0.962784
0.962784
0.962784
0.962784
0.962784
0.962784
0.962784
0.962784
0.962784
0.962784
0.962784
0.962784
0.962784
0.962784
0.962784
0.962784
0.962784
0.962784
0.962784
0.962784
0.962784
0.962784
0.962784
0.962784
0.962784
0.962784
0.962783
0.962782
0.962771
0.962683
0.967959
0.968041
0.968052
0.968053
0.968053
0.968053
0.968053
0.968053
0.968053
0.968053
0.968053
0.968053
0.968053
0.968053
0.968053
0.968053
0.968053
0.968053
0.968053
0.968053
0.968053
0.968053
0.968053
0.968053
0.968053
0.968053
0.968053
0.968053
0.968053
0.968053
0.968053
0.968053
0.968053
0.968053
0.968053
0.968053
0.968053
0.968053
0.968053
0.968053
0.968053
0.968053
0.968053
0.968053
0.968053
0.968053
0.968053
0.968053
0.968053
0.968053
0.968053
0.968053
0.968053
0.968053
0.968053
0.968053
0.968053
0.968052
0.968041
0.967959
0.972582
0.972657
0.972668
0.972669
0.972669
0.972669
0.972669
0.972669
0.972669
0.972669
0.972669
0.972669
0.972669
0.972669
0.972669
0.972669
0.972669
0.972669
0.972669
0.972669
0.972669
0.972669
0.972669
0.972669
0.972669
0.972669
0.972669
0.972669
0.972669
0.972669
0.972669
0.972669
0.972669
0.972669
0.972669
0.972669
0.972669
0.972669
0.972669
0.972669
0.972669
0.972669
0.972669
0.972669
0.972669
0.972669
0.972669
0.972669
0.972669
0.972669
0.972669
0.972669
0.972669
0.972669
0.972669
0.972669
0.972669
0.972668
0.972657
0.972582
0.976617
0.976686
0.976696
0.976697
0.976697
0.976697
0.976697
0.976697
0.976697
0.976697
0.976697
0.976697
0.976697
0.976697
0.976697
0.976697
0.976698
0.976698
0.976698
0.976698
0.976698
0.976698
0.976698
0.976698
0.976698
0.976698
0.976698
0.976698
0.976698
0.976698
0.976698
0.976698
0.976698
0.976698
0.976698
0.976698
0.976698
0.976698
0.976698
0.976698
0.976698
0.976698
0.976698
0.976698
0.976697
0.976697
0.976697
0.976697
0.976697
0.976697
0.976697
0.976697
0.976697
0.976697
0.976697
0.976697
0.976697
0.976696
0.976686
0.976617
0.980126
0.980189
0.980199
0.9802
0.9802
0.9802
0.9802
0.9802
0.9802
0.9802
0.9802
0.9802
0.9802
0.9802
0.9802
0.9802
0.9802
0.9802
0.9802
0.9802
0.9802
0.9802
0.9802
0.9802
0.9802
0.9802
0.9802
0.9802
0.9802
0.9802
0.9802
0.9802
0.9802
0.9802
0.9802
0.9802
0.9802
0.9802
0.9802
0.9802
0.9802
0.9802
0.9802
0.9802
0.9802
0.9802
0.9802
0.9802
0.9802
0.9802
0.9802
0.9802
0.9802
0.9802
0.9802
0.9802
0.9802
0.980199
0.980189
0.980126
0.983166
0.983224
0.983232
0.983233
0.983233
0.983233
0.983233
0.983233
0.983233
0.983233
0.983233
0.983234
0.983234
0.983234
0.983234
0.983234
0.983234
0.983234
0.983234
0.983234
0.983234
0.983234
0.983234
0.983234
0.983234
0.983234
0.983234
0.983234
0.983234
0.983234
0.983234
0.983234
0.983234
0.983234
0.983234
0.983234
0.983234
0.983234
0.983234
0.983234
0.983234
0.983234
0.983234
0.983234
0.983234
0.983234
0.983234
0.983234
0.983234
0.983233
0.983233
0.983233
0.983233
0.983233
0.983233
0.983233
0.983233
0.983232
0.983224
0.983166
0.98579
0.985842
0.98585
0.985851
0.985851
0.985851
0.985851
0.985851
0.985851
0.985851
0.985851
0.985851
0.985851
0.985851
0.985851
0.985851
0.985851
0.985851
0.985851
0.985851
0.985851
0.985851
0.985851
0.985851
0.985851
0.985851
0.985851
0.985851
0.985851
0.985851
0.985851
0.985851
0.985851
0.985851
0.985851
0.985851
0.985851
0.985851
0.985851
0.985851
0.985851
0.985851
0.985851
0.985851
0.985851
0.985851
0.985851
0.985851
0.985851
0.985851
0.985851
0.985851
0.985851
0.985851
0.985851
0.985851
0.985851
0.98585
0.985842
0.98579
0.988046
0.988093
0.9881
0.988101
0.988101
0.988101
0.988101
0.988101
0.988101
0.988101
0.988101
0.988101
0.988101
0.988101
0.988101
0.988101
0.988101
0.988101
0.988101
0.988101
0.988101
0.988101
0.988101
0.988101
0.988101
0.988101
0.988101
0.988101
0.988101
0.988101
0.988101
0.988101
0.988101
0.988101
0.988101
0.988101
0.988101
0.988101
0.988101
0.988101
0.988101
0.988101
0.988101
0.988101
0.988101
0.988101
0.988101
0.988101
0.988101
0.988101
0.988101
0.988101
0.988101
0.988101
0.988101
0.988101
0.988101
0.9881
0.988093
0.988046
0.989978
0.990021
0.990027
0.990028
0.990028
0.990028
0.990028
0.990028
0.990028
0.990028
0.990028
0.990028
0.990028
0.990028
0.990028
0.990028
0.990028
0.990028
0.990028
0.990028
0.990028
0.990028
0.990028
0.990028
0.990028
0.990028
0.990028
0.990028
0.990028
0.990028
0.990028
0.990028
0.990028
0.990028
0.990028
0.990028
0.990028
0.990028
0.990028
0.990028
0.990028
0.990028
0.990028
0.990028
0.990028
0.990028
0.990028
0.990028
0.990028
0.990028
0.990028
0.990028
0.990028
0.990028
0.990028
0.990028
0.990028
0.990027
0.990021
0.989978
0.991628
0.991665
0.991671
0.991672
0.991672
0.991672
0.991672
0.991672
0.991672
0.991672
0.991672
0.991672
0.991672
0.991672
0.991672
0.991672
0.991672
0.991672
0.991672
0.991672
0.991672
0.991672
0.991672
0.991672
0.991672
0.991672
0.991672
0.991672
0.991672
0.991672
0.991672
0.991672
0.991672
0.991672
0.991672
0.991672
0.991672
0.991672
0.991672
0.991672
0.991672
0.991672
0.991672
0.991672
0.991672
0.991672
0.991672
0.991672
0.991672
0.991672
0.991672
0.991672
0.991672
0.991672
0.991672
0.991672
0.991672
0.991671
0.991665
0.991628
0.993029
0.993063
0.993069
0.99307
0.99307
0.99307
0.99307
0.99307
0.99307
0.99307
0.99307
0.99307
0.99307
0.99307
0.99307
0.99307
0.99307
0.99307
0.99307
0.99307
0.99307
0.99307
0.99307
0.99307
0.99307
0.99307
0.99307
0.99307
0.99307
0.99307
0.99307
0.99307
0.99307
0.99307
0.99307
0.99307
0.99307
0.99307
0.99307
0.99307
0.99307
0.99307
0.99307
0.99307
0.99307
0.99307
0.99307
0.99307
0.99307
0.99307
0.99307
0.99307
0.99307
0.99307
0.99307
0.99307
0.99307
0.993069
0.993063
0.993029
0.994217
0.994246
0.994252
0.994253
0.994253
0.994253
0.994253
0.994253
0.994253
0.994253
0.994253
0.994253
0.994253
0.994253
0.994253
0.994253
0.994253
0.994253
0.994253
0.994253
0.994253
0.994253
0.994253
0.994253
0.994253
0.994253
0.994253
0.994253
0.994253
0.994253
0.994253
0.994253
0.994253
0.994253
0.994253
0.994253
0.994253
0.994253
0.994253
0.994253
0.994253
0.994253
0.994253
0.994253
0.994253
0.994253
0.994253
0.994253
0.994253
0.994253
0.994253
0.994253
0.994253
0.994253
0.994253
0.994253
0.994253
0.994252
0.994246
0.994217
0.995219
0.995245
0.99525
0.99525
0.99525
0.99525
0.99525
0.99525
0.99525
0.99525
0.99525
0.99525
0.99525
0.99525
0.99525
0.99525
0.99525
0.99525
0.99525
0.99525
0.99525
0.99525
0.99525
0.99525
0.99525
0.99525
0.99525
0.99525
0.99525
0.99525
0.99525
0.99525
0.99525
0.99525
0.99525
0.99525
0.99525
0.99525
0.99525
0.99525
0.99525
0.99525
0.99525
0.99525
0.99525
0.99525
0.99525
0.99525
0.99525
0.99525
0.99525
0.99525
0.99525
0.99525
0.99525
0.99525
0.99525
0.99525
0.995245
0.995219
0.996061
0.996084
0.996088
0.996089
0.996089
0.996089
0.996089
0.996089
0.996089
0.996089
0.996089
0.996089
0.996089
0.996089
0.996089
0.996089
0.996089
0.996089
0.996089
0.996089
0.996089
0.996089
0.996089
0.996089
0.996089
0.996089
0.996089
0.996089
0.996089
0.996089
0.996089
0.996089
0.996089
0.996089
0.996089
0.996089
0.996089
0.996089
0.996089
0.996089
0.996089
0.996089
0.996089
0.996089
0.996089
0.996089
0.996089
0.996089
0.996089
0.996089
0.996089
0.996089
0.996089
0.996089
0.996089
0.996089
0.996089
0.996088
0.996084
0.996061
0.996766
0.996786
0.99679
0.99679
0.99679
0.99679
0.99679
0.99679
0.996791
0.996791
0.996791
0.996791
0.996791
0.996791
0.996791
0.996791
0.996791
0.996791
0.996791
0.996791
0.996791
0.996791
0.996791
0.996791
0.996791
0.996791
0.996791
0.996791
0.996791
0.996791
0.996791
0.996791
0.996791
0.996791
0.996791
0.996791
0.996791
0.996791
0.996791
0.996791
0.996791
0.996791
0.996791
0.996791
0.996791
0.996791
0.996791
0.996791
0.996791
0.996791
0.996791
0.996791
0.99679
0.99679
0.99679
0.99679
0.99679
0.99679
0.996786
0.996766
0.997354
0.997371
0.997375
0.997376
0.997376
0.997376
0.997376
0.997376
0.997376
0.997376
0.997376
0.997376
0.997376
0.997376
0.997376
0.997376
0.997376
0.997376
0.997376
0.997376
0.997376
0.997376
0.997376
0.997376
0.997376
0.997376
0.997376
0.997376
0.997376
0.997376
0.997376
0.997376
0.997376
0.997376
0.997376
0.997376
0.997376
0.997376
0.997376
0.997376
0.997376
0.997376
0.997376
0.997376
0.997376
0.997376
0.997376
0.997376
0.997376
0.997376
0.997376
0.997376
0.997376
0.997376
0.997376
0.997376
0.997376
0.997375
0.997371
0.997354
0.997843
0.997858
0.997861
0.997862
0.997862
0.997862
0.997862
0.997862
0.997862
0.997862
0.997862
0.997862
0.997862
0.997862
0.997862
0.997862
0.997862
0.997862
0.997862
0.997862
0.997862
0.997862
0.997862
0.997862
0.997862
0.997862
0.997862
0.997862
0.997862
0.997862
0.997862
0.997862
0.997862
0.997862
0.997862
0.997862
0.997862
0.997862
0.997862
0.997862
0.997862
0.997862
0.997862
0.997862
0.997862
0.997862
0.997862
0.997862
0.997862
0.997862
0.997862
0.997862
0.997862
0.997862
0.997862
0.997862
0.997862
0.997861
0.997858
0.997843
0.998247
0.998261
0.998263
0.998264
0.998264
0.998264
0.998264
0.998264
0.998264
0.998264
0.998264
0.998264
0.998264
0.998264
0.998264
0.998264
0.998264
0.998264
0.998264
0.998264
0.998264
0.998264
0.998264
0.998264
0.998264
0.998264
0.998264
0.998264
0.998264
0.998264
0.998264
0.998264
0.998264
0.998264
0.998264
0.998264
0.998264
0.998264
0.998264
0.998264
0.998264
0.998264
0.998264
0.998264
0.998264
0.998264
0.998264
0.998264
0.998264
0.998264
0.998264
0.998264
0.998264
0.998264
0.998264
0.998264
0.998264
0.998263
0.998261
0.998247
0.998581
0.998592
0.998595
0.998595
0.998595
0.998596
0.998596
0.998596
0.998596
0.998596
0.998596
0.998596
0.998596
0.998596
0.998596
0.998596
0.998596
0.998596
0.998596
0.998596
0.998596
0.998596
0.998596
0.998596
0.998596
0.998596
0.998596
0.998596
0.998596
0.998596
0.998596
0.998596
0.998596
0.998596
0.998596
0.998596
0.998596
0.998596
0.998596
0.998596
0.998596
0.998596
0.998596
0.998596
0.998596
0.998596
0.998596
0.998596
0.998596
0.998596
0.998596
0.998596
0.998596
0.998596
0.998596
0.998595
0.998595
0.998595
0.998592
0.998581
0.998855
0.998865
0.998867
0.998868
0.998868
0.998868
0.998868
0.998868
0.998868
0.998868
0.998868
0.998868
0.998868
0.998868
0.998868
0.998868
0.998868
0.998868
0.998868
0.998868
0.998868
0.998868
0.998868
0.998868
0.998868
0.998868
0.998868
0.998868
0.998868
0.998868
0.998868
0.998868
0.998868
0.998868
0.998868
0.998868
0.998868
0.998868
0.998868
0.998868
0.998868
0.998868
0.998868
0.998868
0.998868
0.998868
0.998868
0.998868
0.998868
0.998868
0.998868
0.998868
0.998868
0.998868
0.998868
0.998868
0.998868
0.998867
0.998865
0.998855
0.99908
0.999088
0.99909
0.99909
0.999091
0.999091
0.999091
0.999091
0.999091
0.999091
0.999091
0.999091
0.999091
0.999091
0.999091
0.999091
0.999091
0.999091
0.999091
0.999091
0.999091
0.999091
0.999091
0.999091
0.999091
0.999091
0.999091
0.999091
0.999091
0.999091
0.999091
0.999091
0.999091
0.999091
0.999091
0.999091
0.999091
0.999091
0.999091
0.999091
0.999091
0.999091
0.999091
0.999091
0.999091
0.999091
0.999091
0.999091
0.999091
0.999091
0.999091
0.999091
0.999091
0.999091
0.999091
0.999091
0.99909
0.99909
0.999088
0.99908
0.999263
0.99927
0.999272
0.999272
0.999272
0.999272
0.999272
0.999272
0.999272
0.999272
0.999272
0.999272
0.999272
0.999272
0.999272
0.999272
0.999272
0.999272
0.999272
0.999272
0.999272
0.999272
0.999272
0.999272
0.999272
0.999272
0.999272
0.999272
0.999272
0.999272
0.999272
0.999272
0.999272
0.999272
0.999272
0.999272
0.999272
0.999272
0.999272
0.999272
0.999272
0.999272
0.999272
0.999272
0.999272
0.999272
0.999272
0.999272
0.999272
0.999272
0.999272
0.999272
0.999272
0.999272
0.999272
0.999272
0.999272
0.999272
0.99927
0.999263
0.999412
0.999418
0.999419
0.999419
0.99942
0.99942
0.99942
0.99942
0.99942
0.99942
0.99942
0.99942
0.99942
0.99942
0.99942
0.99942
0.99942
0.99942
0.99942
0.99942
0.99942
0.99942
0.99942
0.99942
0.99942
0.99942
0.99942
0.99942
0.99942
0.99942
0.99942
0.99942
0.99942
0.99942
0.99942
0.99942
0.99942
0.99942
0.99942
0.99942
0.99942
0.99942
0.99942
0.99942
0.99942
0.99942
0.99942
0.99942
0.99942
0.99942
0.99942
0.99942
0.99942
0.99942
0.99942
0.99942
0.999419
0.999419
0.999418
0.999412
0.999532
0.999537
0.999538
0.999539
0.999539
0.999539
0.999539
0.999539
0.999539
0.999539
0.999539
0.999539
0.999539
0.999539
0.999539
0.999539
0.999539
0.999539
0.999539
0.999539
0.999539
0.999539
0.999539
0.999539
0.999539
0.999539
0.999539
0.999539
0.999539
0.999539
0.999539
0.999539
0.999539
0.999539
0.999539
0.999539
0.999539
0.999539
0.999539
0.999539
0.999539
0.999539
0.999539
0.999539
0.999539
0.999539
0.999539
0.999539
0.999539
0.999539
0.999539
0.999539
0.999539
0.999539
0.999539
0.999539
0.999539
0.999538
0.999537
0.999532
0.999629
0.999633
0.999634
0.999635
0.999635
0.999635
0.999635
0.999635
0.999635
0.999635
0.999635
0.999635
0.999635
0.999635
0.999635
0.999635
0.999635
0.999635
0.999635
0.999635
0.999635
0.999635
0.999635
0.999635
0.999635
0.999635
0.999635
0.999635
0.999635
0.999635
0.999635
0.999635
0.999635
0.999635
0.999635
0.999635
0.999635
0.999635
0.999635
0.999635
0.999635
0.999635
0.999635
0.999635
0.999635
0.999635
0.999635
0.999635
0.999635
0.999635
0.999635
0.999635
0.999635
0.999635
0.999635
0.999635
0.999635
0.999634
0.999633
0.999629
0.999707
0.999711
0.999712
0.999712
0.999712
0.999712
0.999712
0.999712
0.999712
0.999712
0.999712
0.999712
0.999712
0.999712
0.999712
0.999712
0.999712
0.999712
0.999712
0.999712
0.999712
0.999712
0.999712
0.999712
0.999712
0.999712
0.999712
0.999712
0.999712
0.999712
0.999712
0.999712
0.999712
0.999712
0.999712
0.999712
0.999712
0.999712
0.999712
0.999712
0.999712
0.999712
0.999712
0.999712
0.999712
0.999712
0.999712
0.999712
0.999712
0.999712
0.999712
0.999712
0.999712
0.999712
0.999712
0.999712
0.999712
0.999712
0.999711
0.999707
0.99977
0.999772
0.999773
0.999773
0.999773
0.999773
0.999773
0.999773
0.999773
0.999773
0.999773
0.999773
0.999773
0.999773
0.999773
0.999773
0.999773
0.999773
0.999773
0.999773
0.999773
0.999773
0.999773
0.999773
0.999773
0.999773
0.999773
0.999773
0.999773
0.999773
0.999773
0.999773
0.999773
0.999773
0.999773
0.999773
0.999773
0.999773
0.999773
0.999773
0.999773
0.999773
0.999773
0.999773
0.999773
0.999773
0.999773
0.999773
0.999773
0.999773
0.999773
0.999773
0.999773
0.999773
0.999773
0.999773
0.999773
0.999773
0.999772
0.99977
0.999819
0.999822
0.999822
0.999823
0.999823
0.999823
0.999823
0.999823
0.999823
0.999823
0.999823
0.999823
0.999823
0.999823
0.999823
0.999823
0.999823
0.999823
0.999823
0.999823
0.999823
0.999823
0.999823
0.999823
0.999823
0.999823
0.999823
0.999823
0.999823
0.999823
0.999823
0.999823
0.999823
0.999823
0.999823
0.999823
0.999823
0.999823
0.999823
0.999823
0.999823
0.999823
0.999823
0.999823
0.999823
0.999823
0.999823
0.999823
0.999823
0.999823
0.999823
0.999823
0.999823
0.999823
0.999823
0.999823
0.999823
0.999822
0.999822
0.999819
0.999859
0.999861
0.999861
0.999862
0.999862
0.999862
0.999862
0.999862
0.999862
0.999862
0.999862
0.999862
0.999862
0.999862
0.999862
0.999862
0.999862
0.999862
0.999862
0.999862
0.999862
0.999862
0.999862
0.999862
0.999862
0.999862
0.999862
0.999862
0.999862
0.999862
0.999862
0.999862
0.999862
0.999862
0.999862
0.999862
0.999862
0.999862
0.999862
0.999862
0.999862
0.999862
0.999862
0.999862
0.999862
0.999862
0.999862
0.999862
0.999862
0.999862
0.999862
0.999862
0.999862
0.999862
0.999862
0.999862
0.999862
0.999861
0.999861
0.999859
0.99989
0.999892
0.999892
0.999892
0.999892
0.999892
0.999892
0.999892
0.999892
0.999892
0.999892
0.999892
0.999892
0.999892
0.999892
0.999892
0.999892
0.999892
0.999892
0.999892
0.999892
0.999892
0.999892
0.999892
0.999892
0.999892
0.999892
0.999892
0.999892
0.999892
0.999892
0.999892
0.999892
0.999892
0.999892
0.999892
0.999892
0.999892
0.999892
0.999892
0.999892
0.999892
0.999892
0.999892
0.999892
0.999892
0.999892
0.999892
0.999892
0.999892
0.999892
0.999892
0.999892
0.999892
0.999892
0.999892
0.999892
0.999892
0.999892
0.99989
0.999915
0.999916
0.999916
0.999917
0.999917
0.999917
0.999917
0.999917
0.999917
0.999917
0.999917
0.999917
0.999917
0.999917
0.999917
0.999917
0.999917
0.999917
0.999917
0.999917
0.999917
0.999917
0.999917
0.999917
0.999917
0.999917
0.999917
0.999917
0.999917
0.999917
0.999917
0.999917
0.999917
0.999917
0.999917
0.999917
0.999917
0.999917
0.999917
0.999917
0.999917
0.999917
0.999917
0.999917
0.999917
0.999917
0.999917
0.999917
0.999917
0.999917
0.999917
0.999917
0.999917
0.999917
0.999917
0.999917
0.999917
0.999916
0.999916
0.999915
0.999934
0.999935
0.999935
0.999936
0.999936
0.999936
0.999936
0.999936
0.999936
0.999936
0.999936
0.999936
0.999936
0.999936
0.999936
0.999936
0.999936
0.999936
0.999936
0.999936
0.999936
0.999936
0.999936
0.999936
0.999936
0.999936
0.999936
0.999936
0.999936
0.999936
0.999936
0.999936
0.999936
0.999936
0.999936
0.999936
0.999936
0.999936
0.999936
0.999936
0.999936
0.999936
0.999936
0.999936
0.999936
0.999936
0.999936
0.999936
0.999936
0.999936
0.999936
0.999936
0.999936
0.999936
0.999936
0.999936
0.999936
0.999935
0.999935
0.999934
0.999949
0.99995
0.99995
0.99995
0.99995
0.99995
0.99995
0.99995
0.99995
0.99995
0.99995
0.99995
0.99995
0.99995
0.99995
0.99995
0.99995
0.99995
0.99995
0.99995
0.99995
0.99995
0.99995
0.99995
0.99995
0.99995
0.99995
0.99995
0.99995
0.99995
0.99995
0.99995
0.99995
0.99995
0.99995
0.99995
0.99995
0.99995
0.99995
0.99995
0.99995
0.99995
0.99995
0.99995
0.99995
0.99995
0.99995
0.99995
0.99995
0.99995
0.99995
0.99995
0.99995
0.99995
0.99995
0.99995
0.99995
0.99995
0.99995
0.999949
0.999961
0.999962
0.999962
0.999962
0.999962
0.999962
0.999962
0.999962
0.999962
0.999962
0.999962
0.999962
0.999962
0.999962
0.999962
0.999962
0.999962
0.999962
0.999962
0.999962
0.999962
0.999962
0.999962
0.999962
0.999962
0.999962
0.999962
0.999962
0.999962
0.999962
0.999962
0.999962
0.999962
0.999962
0.999962
0.999962
0.999962
0.999962
0.999962
0.999962
0.999962
0.999962
0.999962
0.999962
0.999962
0.999962
0.999962
0.999962
0.999962
0.999962
0.999962
0.999962
0.999962
0.999962
0.999962
0.999962
0.999962
0.999962
0.999962
0.999961
0.99997
0.999971
0.999971
0.999971
0.999971
0.999971
0.999971
0.999971
0.999971
0.999971
0.999971
0.999971
0.999971
0.999971
0.999971
0.999971
0.999971
0.999971
0.999971
0.999971
0.999971
0.999971
0.999971
0.999971
0.999971
0.999971
0.999971
0.999971
0.999971
0.999971
0.999971
0.999971
0.999971
0.999971
0.999971
0.999971
0.999971
0.999971
0.999971
0.999971
0.999971
0.999971
0.999971
0.999971
0.999971
0.999971
0.999971
0.999971
0.999971
0.999971
0.999971
0.999971
0.999971
0.999971
0.999971
0.999971
0.999971
0.999971
0.999971
0.99997
0.999977
0.999978
0.999978
0.999978
0.999978
0.999978
0.999978
0.999978
0.999978
0.999978
0.999978
0.999978
0.999978
0.999978
0.999978
0.999978
0.999978
0.999978
0.999978
0.999978
0.999978
0.999978
0.999978
0.999978
0.999978
0.999978
0.999978
0.999978
0.999978
0.999978
0.999978
0.999978
0.999978
0.999978
0.999978
0.999978
0.999978
0.999978
0.999978
0.999978
0.999978
0.999978
0.999978
0.999978
0.999978
0.999978
0.999978
0.999978
0.999978
0.999978
0.999978
0.999978
0.999978
0.999978
0.999978
0.999978
0.999978
0.999978
0.999978
0.999977
0.999983
0.999983
0.999983
0.999983
0.999983
0.999983
0.999983
0.999983
0.999983
0.999983
0.999983
0.999983
0.999983
0.999983
0.999983
0.999983
0.999983
0.999983
0.999983
0.999983
0.999983
0.999983
0.999983
0.999983
0.999983
0.999983
0.999983
0.999983
0.999983
0.999983
0.999983
0.999983
0.999983
0.999983
0.999983
0.999983
0.999983
0.999983
0.999983
0.999983
0.999983
0.999983
0.999983
0.999983
0.999983
0.999983
0.999983
0.999983
0.999983
0.999983
0.999983
0.999983
0.999983
0.999983
0.999983
0.999983
0.999983
0.999983
0.999983
0.999983
0.999987
0.999987
0.999987
0.999987
0.999987
0.999987
0.999987
0.999987
0.999987
0.999987
0.999987
0.999987
0.999987
0.999987
0.999987
0.999987
0.999987
0.999987
0.999987
0.999987
0.999987
0.999987
0.999987
0.999987
0.999987
0.999987
0.999987
0.999987
0.999987
0.999987
0.999987
0.999987
0.999987
0.999987
0.999987
0.999987
0.999987
0.999987
0.999987
0.999987
0.999987
0.999987
0.999987
0.999987
0.999987
0.999987
0.999987
0.999987
0.999987
0.999987
0.999987
0.999987
0.999987
0.999987
0.999987
0.999987
0.999987
0.999987
0.999987
0.999987
0.99999
0.99999
0.99999
0.99999
0.99999
0.99999
0.99999
0.99999
0.99999
0.99999
0.99999
0.99999
0.99999
0.99999
0.99999
0.99999
0.99999
0.99999
0.99999
0.99999
0.99999
0.99999
0.99999
0.99999
0.99999
0.99999
0.99999
0.99999
0.99999
0.99999
0.99999
0.99999
0.99999
0.99999
0.99999
0.99999
0.99999
0.99999
0.99999
0.99999
0.99999
0.99999
0.99999
0.99999
0.99999
0.99999
0.99999
0.99999
0.99999
0.99999
0.99999
0.99999
0.99999
0.99999
0.99999
0.99999
0.99999
0.99999
0.99999
0.99999
0.999993
0.999993
0.999993
0.999993
0.999993
0.999993
0.999993
0.999993
0.999993
0.999993
0.999993
0.999993
0.999993
0.999993
0.999993
0.999993
0.999993
0.999993
0.999993
0.999993
0.999993
0.999993
0.999993
0.999993
0.999993
0.999993
0.999993
0.999993
0.999993
0.999993
0.999993
0.999993
0.999993
0.999993
0.999993
0.999993
0.999993
0.999993
0.999993
0.999993
0.999993
0.999993
0.999993
0.999993
0.999993
0.999993
0.999993
0.999993
0.999993
0.999993
0.999993
0.999993
0.999993
0.999993
0.999993
0.999993
0.999993
0.999993
0.999993
0.999993
0.999994
0.999995
0.999995
0.999995
0.999995
0.999995
0.999995
0.999995
0.999995
0.999995
0.999995
0.999995
0.999995
0.999995
0.999995
0.999995
0.999995
0.999995
0.999995
0.999995
0.999995
0.999995
0.999995
0.999995
0.999995
0.999995
0.999995
0.999995
0.999995
0.999995
0.999995
0.999995
0.999995
0.999995
0.999995
0.999995
0.999995
0.999995
0.999995
0.999995
0.999995
0.999995
0.999995
0.999995
0.999995
0.999995
0.999995
0.999995
0.999995
0.999995
0.999995
0.999995
0.999995
0.999995
0.999995
0.999995
0.999995
0.999995
0.999995
0.999994
0.999996
0.999996
0.999996
0.999996
0.999996
0.999996
0.999996
0.999996
0.999996
0.999996
0.999996
0.999996
0.999996
0.999996
0.999996
0.999996
0.999996
0.999996
0.999996
0.999996
0.999996
0.999996
0.999996
0.999996
0.999996
0.999996
0.999996
0.999996
0.999996
0.999996
0.999996
0.999996
0.999996
0.999996
0.999996
0.999996
0.999996
0.999996
0.999996
0.999996
0.999996
0.999996
0.999996
0.999996
0.999996
0.999996
0.999996
0.999996
0.999996
0.999996
0.999996
0.999996
0.999996
0.999996
0.999996
0.999996
0.999996
0.999996
0.999996
0.999996
0.999997
0.999997
0.999997
0.999997
0.999997
0.999997
0.999997
0.999997
0.999997
0.999997
0.999997
0.999997
0.999997
0.999997
0.999997
0.999997
0.999997
0.999997
0.999997
0.999997
0.999997
0.999997
0.999997
0.999997
0.999997
0.999997
0.999997
0.999997
0.999997
0.999997
0.999997
0.999997
0.999997
0.999997
0.999997
0.999997
0.999997
0.999997
0.999997
0.999997
0.999997
0.999997
0.999997
0.999997
0.999997
0.999997
0.999997
0.999997
0.999997
0.999997
0.999997
0.999997
0.999997
0.999997
0.999997
0.999997
0.999997
0.999997
0.999997
0.999997
0.999998
0.999998
0.999998
0.999998
0.999998
0.999998
0.999998
0.999998
0.999998
0.999998
0.999998
0.999998
0.999998
0.999998
0.999998
0.999998
0.999998
0.999998
0.999998
0.999998
0.999998
0.999998
0.999998
0.999998
0.999998
0.999998
0.999998
0.999998
0.999998
0.999998
0.999998
0.999998
0.999998
0.999998
0.999998
0.999998
0.999998
0.999998
0.999998
0.999998
0.999998
0.999998
0.999998
0.999998
0.999998
0.999998
0.999998
0.999998
0.999998
0.999998
0.999998
0.999998
0.999998
0.999998
0.999998
0.999998
0.999998
0.999998
0.999998
0.999998
0.999999
0.999999
0.999999
0.999999
0.999999
0.999999
0.999999
0.999999
0.999999
0.999999
0.999999
0.999999
0.999999
0.999999
0.999999
0.999999
0.999999
0.999999
0.999999
0.999999
0.999999
0.999999
0.999999
0.999999
0.999999
0.999999
0.999999
0.999999
0.999999
0.999999
0.999999
0.999999
0.999999
0.999999
0.999999
0.999999
0.999999
0.999999
0.999999
0.999999
0.999999
0.999999
0.999999
0.999999
0.999999
0.999999
0.999999
0.999999
0.999999
0.999999
0.999999
0.999999
0.999999
0.999999
0.999999
0.999999
0.999999
0.999999
0.999999
0.999999
1
1
1
1
1
1
1
1
1
1
1
1
1
1
1
1
1
1
1
1
1
1
1
1
1
1
1
1
1
1
1
1
1
1
1
1
1
1
1
1
1
1
1
1
1
1
1
1
1
1
1
1
1
1
1
1
1
1
1
1
1
1
1
1
1
1
1
1
1
1
1
1
1
1
1
1
1
1
1
1
1
1
1
1
1
1
1
1
1
1
1
1
1
1
1
1
1
1
1
1
1
1
1
1
1
1
1
1
1
1
1
1
1
1
1
1
1
1
1
1
1
1
1
1
1
1
1
1
1
1
1
1
1
1
1
1
1
1
1
1
1
1
1
1
1
1
1
1
1
1
1
1
1
1
1
1
1
1
1
1
1
1
1
1
1
1
1
1
1
1
1
1
1
1
1
1
1
1
1
1
1
1
1
1
1
1
1
1
1
1
1
1
1
1
1
1
1
1
1
1
1
1
1
1
1
1
1
1
1
1
1
1
1
1
1
1
1
1
1
1
1
1
1
1
1
1
1
1
1
1
1
1
1
1
1
1
1
1
1
1
1.00001
1
1
1
1
1
1
1
1
1
1
1
1
1
1
1
1
1
1
1
1
1
1
1
1
1
1
1
1
1
1
1
1
1
1
1
1
1
1
1
1
1
1
1
1
1
1
1
1
1
1
1
1
1
1
1
1
1
1
1.00001
1.00001
1.00001
1.00001
1.00001
1.00001
1.00001
1.00001
1.00001
1.00001
1.00001
1.00001
1.00001
1.00001
1.00001
1.00001
1.00001
1.00001
1.00001
1.00001
1.00001
1.00001
1.00001
1.00001
1.00001
1.00001
1.00001
1.00001
1.00001
1.00001
1.00001
1.00001
1.00001
1.00001
1.00001
1.00001
1.00001
1.00001
1.00001
1.00001
1.00001
1.00001
1.00001
1.00001
1.00001
1.00001
1.00001
1.00001
1.00001
1.00001
1.00001
1.00001
1.00001
1.00001
1.00001
1.00001
1.00001
1.00001
1.00001
1.00001
1.00001
1.00001
1.00001
1.00001
1.00001
1.00001
1.00001
1.00001
1.00001
1.00001
1.00001
1.00001
1.00001
1.00001
1.00001
1.00001
1.00001
1.00001
1.00001
1.00001
1.00001
1.00001
1.00001
1.00001
1.00001
1.00001
1.00001
1.00001
1.00001
1.00001
1.00001
1.00001
1.00001
1.00001
1.00001
1.00001
1.00001
1.00001
1.00001
1.00001
1.00001
1.00001
1.00001
1.00001
1.00001
1.00001
1.00001
1.00001
1.00001
1.00001
1.00001
1.00001
1.00001
1.00001
1.00001
1.00001
1.00001
1.00001
1.00001
1.00001
1.00001
1.00001
1.00001
1.00001
1.00001
1.00001
1.00001
1.00001
1.00001
1.00001
1.00001
1.00001
1.00001
1.00001
1.00001
1.00001
1.00001
1.00001
1.00001
1.00001
1.00001
1.00001
1.00001
1.00001
1.00001
1.00001
1.00001
1.00001
1.00001
1.00001
1.00001
1.00001
1.00001
1.00001
1.00001
1.00001
1.00001
1.00001
1.00001
1.00001
1.00001
1.00001
1.00001
1.00001
1.00001
1.00001
1.00001
1.00001
1.00001
1.00001
1.00001
1.00001
1.00001
1.00001
1.00001
1.00001
1.00001
1.00001
1.00001
1.00001
1.00001
1.00002
1.00002
1.00002
1.00002
1.00002
1.00002
1.00002
1.00002
1.00002
1.00002
1.00002
1.00002
1.00002
1.00002
1.00002
1.00002
1.00002
1.00002
1.00002
1.00002
1.00002
1.00002
1.00002
1.00002
1.00002
1.00002
1.00002
1.00002
1.00002
1.00002
1.00002
1.00002
1.00002
1.00002
1.00002
1.00002
1.00002
1.00002
1.00002
1.00002
1.00002
1.00002
1.00002
1.00002
1.00002
1.00002
1.00002
1.00002
1.00002
1.00002
1.00002
1.00002
1.00002
1.00002
1.00002
1.00002
1.00002
1.00002
1.00002
1.00002
1.00003
1.00003
1.00003
1.00003
1.00002
1.00002
1.00002
1.00002
1.00002
1.00002
1.00002
1.00002
1.00002
1.00002
1.00002
1.00002
1.00002
1.00002
1.00002
1.00002
1.00002
1.00002
1.00002
1.00002
1.00002
1.00002
1.00002
1.00002
1.00002
1.00002
1.00002
1.00002
1.00002
1.00002
1.00002
1.00002
1.00002
1.00002
1.00002
1.00002
1.00002
1.00002
1.00002
1.00002
1.00002
1.00002
1.00002
1.00002
1.00002
1.00002
1.00002
1.00002
1.00002
1.00002
1.00002
1.00002
1.00003
1.00003
1.00003
1.00003
1.00004
1.00004
1.00004
1.00003
1.00003
1.00003
1.00003
1.00003
1.00003
1.00003
1.00003
1.00003
1.00003
1.00003
1.00003
1.00003
1.00003
1.00003
1.00003
1.00003
1.00003
1.00003
1.00003
1.00003
1.00003
1.00003
1.00003
1.00003
1.00003
1.00003
1.00003
1.00003
1.00003
1.00003
1.00003
1.00003
1.00003
1.00003
1.00003
1.00003
1.00003
1.00003
1.00003
1.00003
1.00003
1.00003
1.00003
1.00003
1.00003
1.00003
1.00003
1.00003
1.00003
1.00003
1.00003
1.00003
1.00003
1.00004
1.00004
1.00004
1.00005
1.00005
1.00005
1.00005
1.00005
1.00004
1.00004
1.00004
1.00004
1.00004
1.00004
1.00004
1.00004
1.00004
1.00004
1.00004
1.00004
1.00004
1.00004
1.00004
1.00004
1.00004
1.00004
1.00004
1.00004
1.00004
1.00004
1.00004
1.00004
1.00004
1.00004
1.00004
1.00004
1.00004
1.00004
1.00004
1.00004
1.00004
1.00004
1.00004
1.00004
1.00004
1.00004
1.00004
1.00004
1.00004
1.00004
1.00004
1.00004
1.00004
1.00004
1.00004
1.00004
1.00004
1.00004
1.00005
1.00005
1.00005
1.00005
1.00005
1.00007
1.00006
1.00006
1.00006
1.00006
1.00006
1.00006
1.00006
1.00006
1.00006
1.00006
1.00006
1.00006
1.00006
1.00006
1.00006
1.00006
1.00006
1.00006
1.00006
1.00006
1.00006
1.00006
1.00006
1.00006
1.00006
1.00006
1.00006
1.00006
1.00006
1.00006
1.00006
1.00006
1.00006
1.00006
1.00006
1.00006
1.00006
1.00006
1.00006
1.00006
1.00006
1.00006
1.00006
1.00006
1.00006
1.00006
1.00006
1.00006
1.00006
1.00006
1.00006
1.00006
1.00006
1.00006
1.00006
1.00006
1.00006
1.00006
1.00007
1.00009
1.00008
1.00008
1.00008
1.00008
1.00008
1.00008
1.00008
1.00008
1.00008
1.00007
1.00007
1.00007
1.00007
1.00007
1.00007
1.00007
1.00007
1.00007
1.00007
1.00007
1.00007
1.00007
1.00007
1.00007
1.00007
1.00007
1.00007
1.00007
1.00007
1.00007
1.00007
1.00007
1.00007
1.00007
1.00007
1.00007
1.00007
1.00007
1.00007
1.00007
1.00007
1.00007
1.00007
1.00007
1.00007
1.00007
1.00007
1.00007
1.00007
1.00008
1.00008
1.00008
1.00008
1.00008
1.00008
1.00008
1.00008
1.00008
1.00009
1.00011
1.00011
1.00011
1.00011
1.0001
1.0001
1.0001
1.0001
1.0001
1.0001
1.0001
1.0001
1.0001
1.0001
1.0001
1.0001
1.0001
1.0001
1.0001
1.0001
1.0001
1.0001
1.0001
1.0001
1.0001
1.0001
1.0001
1.0001
1.0001
1.0001
1.0001
1.0001
1.0001
1.0001
1.0001
1.0001
1.0001
1.0001
1.0001
1.0001
1.0001
1.0001
1.0001
1.0001
1.0001
1.0001
1.0001
1.0001
1.0001
1.0001
1.0001
1.0001
1.0001
1.0001
1.0001
1.0001
1.00011
1.00011
1.00011
1.00011
1.00014
1.00014
1.00014
1.00014
1.00014
1.00013
1.00013
1.00013
1.00013
1.00013
1.00013
1.00013
1.00013
1.00013
1.00013
1.00013
1.00013
1.00013
1.00013
1.00013
1.00013
1.00013
1.00013
1.00013
1.00013
1.00013
1.00013
1.00013
1.00013
1.00013
1.00013
1.00013
1.00013
1.00013
1.00013
1.00013
1.00013
1.00013
1.00013
1.00013
1.00013
1.00013
1.00013
1.00013
1.00013
1.00013
1.00013
1.00013
1.00013
1.00013
1.00013
1.00013
1.00013
1.00013
1.00013
1.00014
1.00014
1.00014
1.00014
1.00014
1.00019
1.00018
1.00018
1.00018
1.00017
1.00017
1.00017
1.00017
1.00017
1.00017
1.00017
1.00017
1.00016
1.00016
1.00016
1.00016
1.00016
1.00016
1.00016
1.00016
1.00016
1.00016
1.00016
1.00016
1.00016
1.00016
1.00016
1.00016
1.00016
1.00016
1.00016
1.00016
1.00016
1.00016
1.00016
1.00016
1.00016
1.00016
1.00016
1.00016
1.00016
1.00016
1.00016
1.00016
1.00016
1.00016
1.00016
1.00016
1.00017
1.00017
1.00017
1.00017
1.00017
1.00017
1.00017
1.00017
1.00018
1.00018
1.00018
1.00019
1.00024
1.00023
1.00023
1.00023
1.00022
1.00022
1.00022
1.00022
1.00022
1.00021
1.00021
1.00021
1.00021
1.00021
1.00021
1.00021
1.00021
1.00021
1.00021
1.00021
1.00021
1.00021
1.00021
1.00021
1.00021
1.00021
1.00021
1.00021
1.00021
1.00021
1.00021
1.00021
1.00021
1.00021
1.00021
1.00021
1.00021
1.00021
1.00021
1.00021
1.00021
1.00021
1.00021
1.00021
1.00021
1.00021
1.00021
1.00021
1.00021
1.00021
1.00021
1.00022
1.00022
1.00022
1.00022
1.00022
1.00023
1.00023
1.00023
1.00024
1.0003
1.0003
1.00029
1.00029
1.00029
1.00028
1.00028
1.00028
1.00028
1.00027
1.00027
1.00027
1.00027
1.00027
1.00027
1.00027
1.00027
1.00027
1.00027
1.00027
1.00027
1.00027
1.00027
1.00027
1.00027
1.00027
1.00027
1.00027
1.00027
1.00027
1.00027
1.00027
1.00027
1.00027
1.00027
1.00027
1.00027
1.00027
1.00027
1.00027
1.00027
1.00027
1.00027
1.00027
1.00027
1.00027
1.00027
1.00027
1.00027
1.00027
1.00027
1.00028
1.00028
1.00028
1.00028
1.00029
1.00029
1.00029
1.0003
1.0003
1.00038
1.00038
1.00037
1.00037
1.00036
1.00036
1.00036
1.00035
1.00035
1.00035
1.00035
1.00035
1.00034
1.00034
1.00034
1.00034
1.00034
1.00034
1.00034
1.00034
1.00034
1.00034
1.00034
1.00034
1.00034
1.00034
1.00034
1.00034
1.00034
1.00034
1.00034
1.00034
1.00034
1.00034
1.00034
1.00034
1.00034
1.00034
1.00034
1.00034
1.00034
1.00034
1.00034
1.00034
1.00034
1.00034
1.00034
1.00034
1.00035
1.00035
1.00035
1.00035
1.00035
1.00036
1.00036
1.00036
1.00037
1.00037
1.00038
1.00038
1.00048
1.00047
1.00047
1.00046
1.00046
1.00045
1.00045
1.00044
1.00044
1.00044
1.00044
1.00044
1.00043
1.00043
1.00043
1.00043
1.00043
1.00043
1.00043
1.00043
1.00043
1.00043
1.00043
1.00043
1.00043
1.00043
1.00043
1.00043
1.00043
1.00043
1.00043
1.00043
1.00043
1.00043
1.00043
1.00043
1.00043
1.00043
1.00043
1.00043
1.00043
1.00043
1.00043
1.00043
1.00043
1.00043
1.00043
1.00043
1.00044
1.00044
1.00044
1.00044
1.00044
1.00045
1.00045
1.00046
1.00046
1.00047
1.00047
1.00048
1.0006
1.00059
1.00059
1.00058
1.00057
1.00057
1.00056
1.00056
1.00055
1.00055
1.00055
1.00055
1.00055
1.00054
1.00054
1.00054
1.00054
1.00054
1.00054
1.00054
1.00054
1.00054
1.00054
1.00054
1.00054
1.00054
1.00054
1.00054
1.00054
1.00054
1.00054
1.00054
1.00054
1.00054
1.00054
1.00054
1.00054
1.00054
1.00054
1.00054
1.00054
1.00054
1.00054
1.00054
1.00054
1.00054
1.00054
1.00055
1.00055
1.00055
1.00055
1.00055
1.00056
1.00056
1.00057
1.00057
1.00058
1.00059
1.00059
1.0006
1.00075
1.00074
1.00073
1.00072
1.00071
1.00071
1.0007
1.0007
1.00069
1.00069
1.00068
1.00068
1.00068
1.00068
1.00068
1.00068
1.00068
1.00068
1.00068
1.00068
1.00067
1.00067
1.00067
1.00067
1.00067
1.00067
1.00067
1.00067
1.00067
1.00067
1.00067
1.00067
1.00067
1.00067
1.00067
1.00067
1.00067
1.00067
1.00067
1.00067
1.00068
1.00068
1.00068
1.00068
1.00068
1.00068
1.00068
1.00068
1.00068
1.00068
1.00069
1.00069
1.0007
1.0007
1.00071
1.00071
1.00072
1.00073
1.00074
1.00075
1.00092
1.00091
1.0009
1.00089
1.00088
1.00087
1.00087
1.00086
1.00086
1.00085
1.00085
1.00085
1.00084
1.00084
1.00084
1.00084
1.00084
1.00084
1.00084
1.00084
1.00084
1.00084
1.00084
1.00084
1.00084
1.00084
1.00084
1.00084
1.00084
1.00084
1.00084
1.00084
1.00084
1.00084
1.00084
1.00084
1.00084
1.00084
1.00084
1.00084
1.00084
1.00084
1.00084
1.00084
1.00084
1.00084
1.00084
1.00084
1.00085
1.00085
1.00085
1.00086
1.00086
1.00087
1.00087
1.00088
1.00089
1.0009
1.00091
1.00092
1.00113
1.00112
1.00111
1.0011
1.00109
1.00108
1.00107
1.00106
1.00106
1.00105
1.00105
1.00104
1.00104
1.00104
1.00104
1.00103
1.00103
1.00103
1.00103
1.00103
1.00103
1.00103
1.00103
1.00103
1.00103
1.00103
1.00103
1.00103
1.00103
1.00103
1.00103
1.00103
1.00103
1.00103
1.00103
1.00103
1.00103
1.00103
1.00103
1.00103
1.00103
1.00103
1.00103
1.00103
1.00103
1.00104
1.00104
1.00104
1.00104
1.00105
1.00105
1.00106
1.00106
1.00107
1.00108
1.00109
1.0011
1.00111
1.00112
1.00113
1.00138
1.00137
1.00135
1.00134
1.00133
1.00132
1.00131
1.0013
1.00129
1.00129
1.00128
1.00128
1.00127
1.00127
1.00127
1.00127
1.00127
1.00127
1.00126
1.00126
1.00126
1.00126
1.00126
1.00126
1.00126
1.00126
1.00126
1.00126
1.00126
1.00126
1.00126
1.00126
1.00126
1.00126
1.00126
1.00126
1.00126
1.00126
1.00126
1.00126
1.00126
1.00126
1.00127
1.00127
1.00127
1.00127
1.00127
1.00127
1.00128
1.00128
1.00129
1.00129
1.0013
1.00131
1.00132
1.00133
1.00134
1.00135
1.00137
1.00138
1.00167
1.00166
1.00164
1.00163
1.00161
1.0016
1.00159
1.00158
1.00157
1.00157
1.00156
1.00156
1.00155
1.00155
1.00155
1.00154
1.00154
1.00154
1.00154
1.00154
1.00154
1.00154
1.00154
1.00154
1.00154
1.00154
1.00154
1.00154
1.00154
1.00154
1.00154
1.00154
1.00154
1.00154
1.00154
1.00154
1.00154
1.00154
1.00154
1.00154
1.00154
1.00154
1.00154
1.00154
1.00154
1.00155
1.00155
1.00155
1.00156
1.00156
1.00157
1.00157
1.00158
1.00159
1.0016
1.00161
1.00163
1.00164
1.00166
1.00167
1.00202
1.002
1.00198
1.00197
1.00195
1.00194
1.00192
1.00191
1.0019
1.0019
1.00189
1.00188
1.00188
1.00187
1.00187
1.00187
1.00187
1.00187
1.00186
1.00186
1.00186
1.00186
1.00186
1.00186
1.00186
1.00186
1.00186
1.00186
1.00186
1.00186
1.00186
1.00186
1.00186
1.00186
1.00186
1.00186
1.00186
1.00186
1.00186
1.00186
1.00186
1.00186
1.00187
1.00187
1.00187
1.00187
1.00187
1.00188
1.00188
1.00189
1.0019
1.0019
1.00191
1.00192
1.00194
1.00195
1.00197
1.00198
1.002
1.00202
1.00241
1.0024
1.00238
1.00236
1.00234
1.00233
1.00231
1.0023
1.00229
1.00228
1.00227
1.00226
1.00226
1.00225
1.00225
1.00225
1.00225
1.00224
1.00224
1.00224
1.00224
1.00224
1.00224
1.00224
1.00224
1.00224
1.00224
1.00224
1.00224
1.00224
1.00224
1.00224
1.00224
1.00224
1.00224
1.00224
1.00224
1.00224
1.00224
1.00224
1.00224
1.00224
1.00224
1.00225
1.00225
1.00225
1.00225
1.00226
1.00226
1.00227
1.00228
1.00229
1.0023
1.00231
1.00233
1.00234
1.00236
1.00238
1.0024
1.00241
1.00287
1.00285
1.00283
1.00282
1.0028
1.00278
1.00276
1.00275
1.00273
1.00272
1.00271
1.00271
1.0027
1.00269
1.00269
1.00269
1.00268
1.00268
1.00268
1.00268
1.00268
1.00268
1.00268
1.00267
1.00267
1.00267
1.00267
1.00267
1.00267
1.00267
1.00267
1.00267
1.00267
1.00267
1.00267
1.00267
1.00267
1.00268
1.00268
1.00268
1.00268
1.00268
1.00268
1.00268
1.00269
1.00269
1.00269
1.0027
1.00271
1.00271
1.00272
1.00273
1.00275
1.00276
1.00278
1.0028
1.00282
1.00283
1.00285
1.00287
1.0034
1.00338
1.00336
1.00334
1.00331
1.00329
1.00328
1.00326
1.00324
1.00323
1.00322
1.00321
1.0032
1.0032
1.00319
1.00319
1.00319
1.00318
1.00318
1.00318
1.00318
1.00318
1.00318
1.00318
1.00318
1.00317
1.00317
1.00317
1.00317
1.00317
1.00317
1.00317
1.00317
1.00317
1.00317
1.00318
1.00318
1.00318
1.00318
1.00318
1.00318
1.00318
1.00318
1.00319
1.00319
1.00319
1.0032
1.0032
1.00321
1.00322
1.00323
1.00324
1.00326
1.00328
1.00329
1.00331
1.00334
1.00336
1.00338
1.0034
1.00399
1.00397
1.00395
1.00393
1.0039
1.00388
1.00386
1.00384
1.00382
1.00381
1.0038
1.00379
1.00378
1.00377
1.00376
1.00376
1.00376
1.00375
1.00375
1.00375
1.00375
1.00375
1.00374
1.00374
1.00374
1.00374
1.00374
1.00374
1.00374
1.00374
1.00374
1.00374
1.00374
1.00374
1.00374
1.00374
1.00374
1.00374
1.00375
1.00375
1.00375
1.00375
1.00375
1.00376
1.00376
1.00376
1.00377
1.00378
1.00379
1.0038
1.00381
1.00382
1.00384
1.00386
1.00388
1.0039
1.00393
1.00395
1.00397
1.00399
1.00466
1.00464
1.00461
1.00459
1.00456
1.00454
1.00451
1.00449
1.00447
1.00446
1.00444
1.00443
1.00442
1.00441
1.00441
1.0044
1.0044
1.00439
1.00439
1.00439
1.00439
1.00439
1.00438
1.00438
1.00438
1.00438
1.00438
1.00438
1.00438
1.00438
1.00438
1.00438
1.00438
1.00438
1.00438
1.00438
1.00438
1.00438
1.00439
1.00439
1.00439
1.00439
1.00439
1.0044
1.0044
1.00441
1.00441
1.00442
1.00443
1.00444
1.00446
1.00447
1.00449
1.00451
1.00454
1.00456
1.00459
1.00461
1.00464
1.00466
1.0054
1.00538
1.00535
1.00532
1.00529
1.00527
1.00524
1.00522
1.00519
1.00518
1.00516
1.00515
1.00514
1.00513
1.00512
1.00511
1.00511
1.0051
1.0051
1.0051
1.0051
1.0051
1.00509
1.00509
1.00509
1.00509
1.00509
1.00509
1.00509
1.00509
1.00509
1.00509
1.00509
1.00509
1.00509
1.00509
1.00509
1.00509
1.0051
1.0051
1.0051
1.0051
1.0051
1.00511
1.00511
1.00512
1.00513
1.00514
1.00515
1.00516
1.00518
1.00519
1.00522
1.00524
1.00527
1.00529
1.00532
1.00535
1.00538
1.0054
1.00621
1.00619
1.00616
1.00613
1.0061
1.00606
1.00604
1.00601
1.00598
1.00596
1.00595
1.00593
1.00592
1.00591
1.0059
1.00589
1.00589
1.00588
1.00588
1.00588
1.00588
1.00587
1.00587
1.00587
1.00587
1.00587
1.00587
1.00587
1.00587
1.00587
1.00587
1.00587
1.00587
1.00587
1.00587
1.00587
1.00587
1.00587
1.00587
1.00588
1.00588
1.00588
1.00588
1.00589
1.00589
1.0059
1.00591
1.00592
1.00593
1.00595
1.00596
1.00598
1.00601
1.00604
1.00606
1.0061
1.00613
1.00616
1.00619
1.00621
1.00708
1.00706
1.00703
1.007
1.00696
1.00693
1.00689
1.00686
1.00684
1.00682
1.0068
1.00678
1.00677
1.00675
1.00675
1.00674
1.00673
1.00673
1.00672
1.00672
1.00672
1.00672
1.00671
1.00671
1.00671
1.00671
1.00671
1.00671
1.00671
1.00671
1.00671
1.00671
1.00671
1.00671
1.00671
1.00671
1.00671
1.00671
1.00672
1.00672
1.00672
1.00672
1.00673
1.00673
1.00674
1.00675
1.00675
1.00677
1.00678
1.0068
1.00682
1.00684
1.00686
1.00689
1.00693
1.00696
1.007
1.00703
1.00706
1.00708
1.00801
1.00799
1.00796
1.00792
1.00788
1.00784
1.00781
1.00777
1.00774
1.00772
1.0077
1.00768
1.00766
1.00765
1.00764
1.00763
1.00763
1.00762
1.00762
1.00761
1.00761
1.00761
1.00761
1.00761
1.00761
1.0076
1.0076
1.0076
1.0076
1.0076
1.0076
1.0076
1.0076
1.0076
1.0076
1.00761
1.00761
1.00761
1.00761
1.00761
1.00761
1.00762
1.00762
1.00763
1.00763
1.00764
1.00765
1.00766
1.00768
1.0077
1.00772
1.00774
1.00777
1.00781
1.00784
1.00788
1.00792
1.00796
1.00799
1.00801
1.00898
1.00896
1.00892
1.00888
1.00883
1.00879
1.00875
1.00872
1.00869
1.00866
1.00863
1.00862
1.0086
1.00859
1.00858
1.00857
1.00856
1.00855
1.00855
1.00855
1.00854
1.00854
1.00854
1.00854
1.00854
1.00853
1.00853
1.00853
1.00853
1.00853
1.00853
1.00853
1.00853
1.00853
1.00853
1.00854
1.00854
1.00854
1.00854
1.00854
1.00855
1.00855
1.00855
1.00856
1.00857
1.00858
1.00859
1.0086
1.00862
1.00863
1.00866
1.00869
1.00872
1.00875
1.00879
1.00883
1.00888
1.00892
1.00896
1.00898
1.00997
1.00995
1.0099
1.00985
1.0098
1.00975
1.00971
1.00967
1.00964
1.00961
1.00959
1.00956
1.00955
1.00953
1.00952
1.00951
1.0095
1.0095
1.00949
1.00949
1.00949
1.00948
1.00948
1.00948
1.00948
1.00948
1.00948
1.00948
1.00948
1.00948
1.00948
1.00948
1.00948
1.00948
1.00948
1.00948
1.00948
1.00948
1.00948
1.00949
1.00949
1.00949
1.0095
1.0095
1.00951
1.00952
1.00953
1.00955
1.00956
1.00959
1.00961
1.00964
1.00967
1.00971
1.00975
1.0098
1.00985
1.0099
1.00995
1.00997
1.01097
1.01093
1.01086
1.0108
1.01075
1.0107
1.01065
1.01061
1.01058
1.01054
1.01052
1.0105
1.01048
1.01046
1.01045
1.01044
1.01043
1.01043
1.01042
1.01042
1.01042
1.01041
1.01041
1.01041
1.01041
1.01041
1.01041
1.01041
1.01041
1.01041
1.01041
1.01041
1.01041
1.01041
1.01041
1.01041
1.01041
1.01041
1.01041
1.01042
1.01042
1.01042
1.01043
1.01043
1.01044
1.01045
1.01046
1.01048
1.0105
1.01052
1.01054
1.01058
1.01061
1.01065
1.0107
1.01075
1.0108
1.01086
1.01093
1.01097
1.01196
1.01187
1.01177
1.0117
1.01164
1.01158
1.01154
1.01149
1.01146
1.01142
1.0114
1.01137
1.01135
1.01134
1.01133
1.01132
1.01131
1.0113
1.0113
1.01129
1.01129
1.01129
1.01129
1.01128
1.01128
1.01128
1.01128
1.01128
1.01128
1.01128
1.01128
1.01128
1.01128
1.01128
1.01128
1.01128
1.01128
1.01129
1.01129
1.01129
1.01129
1.0113
1.0113
1.01131
1.01132
1.01133
1.01134
1.01135
1.01137
1.0114
1.01142
1.01146
1.01149
1.01154
1.01158
1.01164
1.0117
1.01177
1.01187
1.01196
1.01294
1.01272
1.01257
1.01249
1.01243
1.01238
1.01233
1.01228
1.01224
1.01221
1.01218
1.01216
1.01214
1.01213
1.01211
1.01211
1.0121
1.01209
1.01209
1.01208
1.01208
1.01208
1.01207
1.01207
1.01207
1.01207
1.01207
1.01207
1.01207
1.01207
1.01207
1.01207
1.01207
1.01207
1.01207
1.01207
1.01207
1.01207
1.01208
1.01208
1.01208
1.01209
1.01209
1.0121
1.01211
1.01211
1.01213
1.01214
1.01216
1.01218
1.01221
1.01224
1.01228
1.01233
1.01238
1.01243
1.01249
1.01257
1.01272
1.01294
1.01421
1.01356
1.01336
1.01331
1.01326
1.01321
1.01316
1.01311
1.01307
1.01304
1.01301
1.01299
1.01297
1.01296
1.01295
1.01294
1.01293
1.01293
1.01292
1.01292
1.01291
1.01291
1.01291
1.01291
1.01291
1.01291
1.0129
1.0129
1.0129
1.0129
1.0129
1.0129
1.0129
1.0129
1.01291
1.01291
1.01291
1.01291
1.01291
1.01291
1.01292
1.01292
1.01293
1.01293
1.01294
1.01295
1.01296
1.01297
1.01299
1.01301
1.01304
1.01307
1.01311
1.01316
1.01321
1.01326
1.01331
1.01336
1.01356
1.01421
1.0182
1.01558
1.01545
1.01554
1.01554
1.0155
1.01546
1.01541
1.01538
1.01535
1.01533
1.01531
1.01529
1.01528
1.01527
1.01527
1.01526
1.01525
1.01525
1.01525
1.01525
1.01524
1.01524
1.01524
1.01524
1.01524
1.01524
1.01524
1.01524
1.01524
1.01524
1.01524
1.01524
1.01524
1.01524
1.01524
1.01524
1.01524
1.01524
1.01525
1.01525
1.01525
1.01525
1.01526
1.01527
1.01527
1.01528
1.01529
1.01531
1.01533
1.01535
1.01538
1.01541
1.01546
1.0155
1.01554
1.01554
1.01545
1.01558
1.0182
1.01343
1.00298
1.00467
1.00563
1.00593
1.00602
1.00605
1.00606
1.00606
1.00606
1.00606
1.00606
1.00606
1.00606
1.00606
1.00606
1.00606
1.00606
1.00606
1.00606
1.00606
1.00606
1.00606
1.00606
1.00606
1.00606
1.00606
1.00606
1.00606
1.00606
1.00606
1.00606
1.00606
1.00606
1.00606
1.00606
1.00606
1.00606
1.00606
1.00606
1.00606
1.00606
1.00606
1.00606
1.00606
1.00606
1.00606
1.00606
1.00606
1.00606
1.00606
1.00606
1.00606
1.00605
1.00602
1.00593
1.00563
1.00467
1.00298
1.01343
)
;

boundaryField
{
    top
    {
        type            fixedValue;
        value           uniform 1;
    }
    bottom
    {
        type            fixedIonicFlux;
        value           nonuniform List<scalar> 
60
(
0.184408
0.184487
0.184502
0.184508
0.184511
0.184513
0.184515
0.184516
0.184517
0.184518
0.184518
0.184519
0.18452
0.184521
0.184521
0.184522
0.184522
0.184523
0.184524
0.184524
0.184524
0.184525
0.184525
0.184525
0.184526
0.184526
0.184526
0.184526
0.184526
0.184526
0.184526
0.184526
0.184526
0.184526
0.184526
0.184526
0.184525
0.184525
0.184525
0.184524
0.184524
0.184524
0.184523
0.184522
0.184522
0.184521
0.184521
0.18452
0.184519
0.184518
0.184518
0.184517
0.184516
0.184515
0.184513
0.184511
0.184508
0.184502
0.184487
0.184408
)
;
    }
    wall
    {
        type            zeroGradient;
    }
    frontAndBack
    {
        type            empty;
    }
}


// ************************************************************************* //
