/*--------------------------------*- C++ -*----------------------------------*\
| =========                 |                                                 |
| \\      /  F ield         | foam-extend: Open Source CFD                    |
|  \\    /   O peration     | Version:     4.0                                |
|   \\  /    A nd           | Web:         http://www.foam-extend.org         |
|    \\/     M anipulation  |                                                 |
\*---------------------------------------------------------------------------*/
FoamFile
{
    version     2.0;
    format      ascii;
    class       volScalarField;
    location    "1520";
    object      psiE;
}
// * * * * * * * * * * * * * * * * * * * * * * * * * * * * * * * * * * * * * //

dimensions      [0 0 0 0 0 0 0];

internalField   nonuniform List<scalar> 
6960
(
0.401098
0.401138
0.401167
0.401184
0.401194
0.4012
0.401203
0.401204
0.401205
0.401206
0.401206
0.401206
0.401207
0.401207
0.401207
0.401207
0.401207
0.401207
0.401207
0.401207
0.401207
0.401207
0.401207
0.401207
0.401207
0.401207
0.401207
0.401207
0.401207
0.401207
0.401207
0.401207
0.401207
0.401207
0.401207
0.401207
0.401207
0.401207
0.401207
0.401207
0.401207
0.401207
0.401207
0.401207
0.401207
0.401207
0.401207
0.401207
0.401206
0.401206
0.401206
0.401205
0.401204
0.401203
0.4012
0.401194
0.401184
0.401167
0.401138
0.401098
1.10235
1.10251
1.10263
1.1027
1.10274
1.10276
1.10277
1.10278
1.10278
1.10278
1.10278
1.10278
1.10278
1.10279
1.10279
1.10279
1.10279
1.10279
1.10279
1.10279
1.10279
1.10279
1.10279
1.10279
1.10279
1.10279
1.10279
1.10279
1.10279
1.10279
1.10279
1.10279
1.10279
1.10279
1.10279
1.10279
1.10279
1.10279
1.10279
1.10279
1.10279
1.10279
1.10279
1.10279
1.10279
1.10279
1.10279
1.10278
1.10278
1.10278
1.10278
1.10278
1.10278
1.10277
1.10276
1.10274
1.1027
1.10263
1.10251
1.10235
1.79598
1.79628
1.79649
1.79662
1.79669
1.79673
1.79675
1.79677
1.79677
1.79678
1.79678
1.79678
1.79678
1.79678
1.79678
1.79678
1.79678
1.79678
1.79678
1.79678
1.79678
1.79678
1.79678
1.79678
1.79678
1.79678
1.79679
1.79679
1.79679
1.79679
1.79679
1.79679
1.79679
1.79679
1.79678
1.79678
1.79678
1.79678
1.79678
1.79678
1.79678
1.79678
1.79678
1.79678
1.79678
1.79678
1.79678
1.79678
1.79678
1.79678
1.79678
1.79677
1.79677
1.79675
1.79673
1.79669
1.79662
1.79649
1.79628
1.79598
2.49603
2.49647
2.49679
2.49698
2.49708
2.49714
2.49717
2.49719
2.4972
2.49721
2.49721
2.49722
2.49722
2.49722
2.49722
2.49722
2.49722
2.49722
2.49722
2.49722
2.49722
2.49722
2.49722
2.49722
2.49722
2.49722
2.49722
2.49722
2.49722
2.49722
2.49722
2.49722
2.49722
2.49722
2.49722
2.49722
2.49722
2.49722
2.49722
2.49722
2.49722
2.49722
2.49722
2.49722
2.49722
2.49722
2.49722
2.49722
2.49722
2.49721
2.49721
2.4972
2.49719
2.49717
2.49714
2.49708
2.49698
2.49679
2.49647
2.49603
3.20465
3.20523
3.20565
3.20589
3.20604
3.20611
3.20616
3.20618
3.2062
3.2062
3.20621
3.20621
3.20621
3.20622
3.20622
3.20622
3.20622
3.20622
3.20622
3.20622
3.20622
3.20622
3.20622
3.20622
3.20622
3.20622
3.20622
3.20622
3.20622
3.20622
3.20622
3.20622
3.20622
3.20622
3.20622
3.20622
3.20622
3.20622
3.20622
3.20622
3.20622
3.20622
3.20622
3.20622
3.20622
3.20622
3.20622
3.20621
3.20621
3.20621
3.2062
3.2062
3.20618
3.20616
3.20611
3.20604
3.20589
3.20565
3.20523
3.20465
3.92167
3.92239
3.92291
3.92322
3.92339
3.92349
3.92354
3.92357
3.92359
3.9236
3.92361
3.92361
3.92361
3.92362
3.92362
3.92362
3.92362
3.92362
3.92362
3.92362
3.92362
3.92362
3.92362
3.92362
3.92362
3.92362
3.92362
3.92362
3.92362
3.92362
3.92362
3.92362
3.92362
3.92362
3.92362
3.92362
3.92362
3.92362
3.92362
3.92362
3.92362
3.92362
3.92362
3.92362
3.92362
3.92362
3.92362
3.92361
3.92361
3.92361
3.9236
3.92359
3.92357
3.92354
3.92349
3.92339
3.92322
3.92291
3.92239
3.92167
4.64644
4.6473
4.64791
4.64828
4.64849
4.6486
4.64867
4.6487
4.64873
4.64874
4.64874
4.64875
4.64875
4.64875
4.64876
4.64876
4.64876
4.64876
4.64876
4.64876
4.64876
4.64876
4.64876
4.64876
4.64876
4.64876
4.64876
4.64876
4.64876
4.64876
4.64876
4.64876
4.64876
4.64876
4.64876
4.64876
4.64876
4.64876
4.64876
4.64876
4.64876
4.64876
4.64876
4.64876
4.64876
4.64876
4.64875
4.64875
4.64875
4.64874
4.64874
4.64873
4.6487
4.64867
4.6486
4.64849
4.64828
4.64791
4.6473
4.64644
5.37811
5.3791
5.37981
5.38023
5.38048
5.38061
5.38068
5.38073
5.38075
5.38076
5.38077
5.38078
5.38078
5.38078
5.38079
5.38079
5.38079
5.38079
5.38079
5.38079
5.38079
5.38079
5.38079
5.38079
5.38079
5.38079
5.38079
5.38079
5.38079
5.38079
5.38079
5.38079
5.38079
5.38079
5.38079
5.38079
5.38079
5.38079
5.38079
5.38079
5.38079
5.38079
5.38079
5.38079
5.38079
5.38079
5.38078
5.38078
5.38078
5.38077
5.38076
5.38075
5.38073
5.38068
5.38061
5.38048
5.38023
5.37981
5.3791
5.37811
6.11568
6.1168
6.1176
6.11809
6.11836
6.11851
6.1186
6.11865
6.11867
6.11869
6.1187
6.1187
6.11871
6.11871
6.11871
6.11871
6.11872
6.11872
6.11872
6.11872
6.11872
6.11872
6.11872
6.11872
6.11872
6.11872
6.11872
6.11872
6.11872
6.11872
6.11872
6.11872
6.11872
6.11872
6.11872
6.11872
6.11872
6.11872
6.11872
6.11872
6.11872
6.11872
6.11872
6.11872
6.11871
6.11871
6.11871
6.11871
6.1187
6.1187
6.11869
6.11867
6.11865
6.1186
6.11851
6.11836
6.11809
6.1176
6.1168
6.11568
6.85801
6.85926
6.86015
6.86069
6.861
6.86117
6.86126
6.86131
6.86134
6.86136
6.86137
6.86138
6.86138
6.86139
6.86139
6.86139
6.86139
6.86139
6.86139
6.86139
6.86139
6.86139
6.86139
6.86139
6.86139
6.86139
6.86139
6.86139
6.86139
6.86139
6.86139
6.86139
6.86139
6.86139
6.86139
6.86139
6.86139
6.86139
6.86139
6.86139
6.86139
6.86139
6.86139
6.86139
6.86139
6.86139
6.86139
6.86138
6.86138
6.86137
6.86136
6.86134
6.86131
6.86126
6.86117
6.861
6.86069
6.86015
6.85926
6.85801
7.60379
7.60515
7.60613
7.60672
7.60706
7.60725
7.60735
7.60741
7.60744
7.60746
7.60747
7.60748
7.60749
7.60749
7.60749
7.60749
7.60749
7.60749
7.6075
7.6075
7.6075
7.6075
7.6075
7.6075
7.6075
7.6075
7.6075
7.6075
7.6075
7.6075
7.6075
7.6075
7.6075
7.6075
7.6075
7.6075
7.6075
7.6075
7.6075
7.6075
7.6075
7.6075
7.60749
7.60749
7.60749
7.60749
7.60749
7.60749
7.60748
7.60747
7.60746
7.60744
7.60741
7.60735
7.60725
7.60706
7.60672
7.60613
7.60515
7.60379
8.35149
8.35297
8.35403
8.35467
8.35503
8.35524
8.35535
8.35541
8.35545
8.35547
8.35548
8.35549
8.35549
8.3555
8.3555
8.3555
8.3555
8.3555
8.35551
8.35551
8.35551
8.35551
8.35551
8.35551
8.35551
8.35551
8.35551
8.35551
8.35551
8.35551
8.35551
8.35551
8.35551
8.35551
8.35551
8.35551
8.35551
8.35551
8.35551
8.35551
8.35551
8.35551
8.3555
8.3555
8.3555
8.3555
8.3555
8.35549
8.35549
8.35548
8.35547
8.35545
8.35541
8.35535
8.35524
8.35503
8.35467
8.35403
8.35297
8.35149
9.09937
9.10095
9.10209
9.10278
9.10317
9.10339
9.10351
9.10357
9.10361
9.10363
9.10365
9.10366
9.10366
9.10367
9.10367
9.10367
9.10367
9.10367
9.10367
9.10367
9.10367
9.10367
9.10367
9.10367
9.10367
9.10367
9.10367
9.10367
9.10367
9.10367
9.10367
9.10367
9.10367
9.10367
9.10367
9.10367
9.10367
9.10367
9.10367
9.10367
9.10367
9.10367
9.10367
9.10367
9.10367
9.10367
9.10367
9.10366
9.10366
9.10365
9.10363
9.10361
9.10357
9.10351
9.10339
9.10317
9.10278
9.10209
9.10095
9.09937
9.84541
9.84709
9.8483
9.84903
9.84945
9.84968
9.84981
9.84988
9.84992
9.84994
9.84996
9.84997
9.84997
9.84998
9.84998
9.84998
9.84998
9.84998
9.84998
9.84998
9.84998
9.84998
9.84999
9.84999
9.84999
9.84999
9.84999
9.84999
9.84999
9.84999
9.84999
9.84999
9.84999
9.84999
9.84999
9.84999
9.84999
9.84999
9.84998
9.84998
9.84998
9.84998
9.84998
9.84998
9.84998
9.84998
9.84998
9.84997
9.84997
9.84996
9.84994
9.84992
9.84988
9.84981
9.84968
9.84945
9.84903
9.8483
9.84709
9.84541
10.5873
10.5891
10.5903
10.5911
10.5915
10.5918
10.5919
10.592
10.592
10.5921
10.5921
10.5921
10.5921
10.5921
10.5921
10.5921
10.5921
10.5921
10.5921
10.5921
10.5921
10.5921
10.5921
10.5921
10.5921
10.5921
10.5921
10.5921
10.5921
10.5921
10.5921
10.5921
10.5921
10.5921
10.5921
10.5921
10.5921
10.5921
10.5921
10.5921
10.5921
10.5921
10.5921
10.5921
10.5921
10.5921
10.5921
10.5921
10.5921
10.5921
10.5921
10.592
10.592
10.5919
10.5918
10.5915
10.5911
10.5903
10.5891
10.5873
11.3224
11.3242
11.3255
11.3263
11.3268
11.327
11.3272
11.3272
11.3273
11.3273
11.3273
11.3273
11.3273
11.3274
11.3274
11.3274
11.3274
11.3274
11.3274
11.3274
11.3274
11.3274
11.3274
11.3274
11.3274
11.3274
11.3274
11.3274
11.3274
11.3274
11.3274
11.3274
11.3274
11.3274
11.3274
11.3274
11.3274
11.3274
11.3274
11.3274
11.3274
11.3274
11.3274
11.3274
11.3274
11.3274
11.3274
11.3273
11.3273
11.3273
11.3273
11.3273
11.3272
11.3272
11.327
11.3268
11.3263
11.3255
11.3242
11.3224
12.0474
12.0493
12.0507
12.0515
12.052
12.0523
12.0524
12.0525
12.0525
12.0526
12.0526
12.0526
12.0526
12.0526
12.0526
12.0526
12.0526
12.0526
12.0526
12.0526
12.0526
12.0526
12.0526
12.0526
12.0526
12.0526
12.0526
12.0526
12.0526
12.0526
12.0526
12.0526
12.0526
12.0526
12.0526
12.0526
12.0526
12.0526
12.0526
12.0526
12.0526
12.0526
12.0526
12.0526
12.0526
12.0526
12.0526
12.0526
12.0526
12.0526
12.0526
12.0525
12.0525
12.0524
12.0523
12.052
12.0515
12.0507
12.0493
12.0474
12.7589
12.7608
12.7622
12.7631
12.7635
12.7638
12.764
12.764
12.7641
12.7641
12.7641
12.7641
12.7641
12.7641
12.7641
12.7642
12.7642
12.7642
12.7642
12.7642
12.7642
12.7642
12.7642
12.7642
12.7642
12.7642
12.7642
12.7642
12.7642
12.7642
12.7642
12.7642
12.7642
12.7642
12.7642
12.7642
12.7642
12.7642
12.7642
12.7642
12.7642
12.7642
12.7642
12.7642
12.7642
12.7641
12.7641
12.7641
12.7641
12.7641
12.7641
12.7641
12.764
12.764
12.7638
12.7635
12.7631
12.7622
12.7608
12.7589
13.4524
13.4544
13.4558
13.4566
13.4571
13.4574
13.4575
13.4576
13.4576
13.4577
13.4577
13.4577
13.4577
13.4577
13.4577
13.4577
13.4577
13.4577
13.4577
13.4577
13.4577
13.4577
13.4577
13.4577
13.4577
13.4577
13.4577
13.4577
13.4577
13.4577
13.4577
13.4577
13.4577
13.4577
13.4577
13.4577
13.4577
13.4577
13.4577
13.4577
13.4577
13.4577
13.4577
13.4577
13.4577
13.4577
13.4577
13.4577
13.4577
13.4577
13.4577
13.4576
13.4576
13.4575
13.4574
13.4571
13.4566
13.4558
13.4544
13.4524
14.1228
14.1248
14.1262
14.1271
14.1275
14.1278
14.1279
14.128
14.1281
14.1281
14.1281
14.1281
14.1281
14.1281
14.1281
14.1281
14.1281
14.1281
14.1281
14.1281
14.1281
14.1281
14.1281
14.1281
14.1281
14.1281
14.1281
14.1281
14.1281
14.1281
14.1281
14.1281
14.1281
14.1281
14.1281
14.1281
14.1281
14.1281
14.1281
14.1281
14.1281
14.1281
14.1281
14.1281
14.1281
14.1281
14.1281
14.1281
14.1281
14.1281
14.1281
14.1281
14.128
14.1279
14.1278
14.1275
14.1271
14.1262
14.1248
14.1228
14.7641
14.766
14.7674
14.7682
14.7687
14.769
14.7691
14.7692
14.7692
14.7693
14.7693
14.7693
14.7693
14.7693
14.7693
14.7693
14.7693
14.7693
14.7693
14.7693
14.7693
14.7693
14.7693
14.7693
14.7693
14.7693
14.7693
14.7693
14.7693
14.7693
14.7693
14.7693
14.7693
14.7693
14.7693
14.7693
14.7693
14.7693
14.7693
14.7693
14.7693
14.7693
14.7693
14.7693
14.7693
14.7693
14.7693
14.7693
14.7693
14.7693
14.7693
14.7692
14.7692
14.7691
14.769
14.7687
14.7682
14.7674
14.766
14.7641
15.3688
15.3706
15.3719
15.3727
15.3732
15.3734
15.3736
15.3736
15.3737
15.3737
15.3737
15.3737
15.3737
15.3737
15.3737
15.3737
15.3737
15.3737
15.3737
15.3737
15.3737
15.3737
15.3737
15.3737
15.3737
15.3737
15.3737
15.3737
15.3737
15.3737
15.3737
15.3737
15.3737
15.3737
15.3737
15.3737
15.3737
15.3737
15.3737
15.3737
15.3737
15.3737
15.3737
15.3737
15.3737
15.3737
15.3737
15.3737
15.3737
15.3737
15.3737
15.3737
15.3736
15.3736
15.3734
15.3732
15.3727
15.3719
15.3706
15.3688
15.928
15.9297
15.931
15.9317
15.9321
15.9323
15.9325
15.9325
15.9326
15.9326
15.9326
15.9326
15.9326
15.9326
15.9326
15.9326
15.9326
15.9326
15.9326
15.9326
15.9326
15.9326
15.9326
15.9326
15.9326
15.9326
15.9326
15.9326
15.9326
15.9326
15.9326
15.9326
15.9326
15.9326
15.9326
15.9326
15.9326
15.9326
15.9326
15.9326
15.9326
15.9326
15.9326
15.9326
15.9326
15.9326
15.9326
15.9326
15.9326
15.9326
15.9326
15.9326
15.9325
15.9325
15.9323
15.9321
15.9317
15.931
15.9297
15.928
16.4319
16.4334
16.4345
16.4351
16.4355
16.4357
16.4358
16.4359
16.436
16.436
16.436
16.436
16.436
16.436
16.436
16.436
16.436
16.436
16.436
16.436
16.436
16.436
16.436
16.436
16.436
16.436
16.436
16.436
16.436
16.436
16.436
16.436
16.436
16.436
16.436
16.436
16.436
16.436
16.436
16.436
16.436
16.436
16.436
16.436
16.436
16.436
16.436
16.436
16.436
16.436
16.436
16.436
16.4359
16.4358
16.4357
16.4355
16.4351
16.4345
16.4334
16.4319
16.8706
16.8719
16.8728
16.8734
16.8737
16.8739
16.874
16.874
16.874
16.8741
16.8741
16.8741
16.8741
16.8741
16.8741
16.8741
16.8741
16.8741
16.8741
16.8741
16.8741
16.874
16.874
16.874
16.874
16.874
16.874
16.874
16.874
16.874
16.874
16.874
16.874
16.874
16.874
16.874
16.874
16.874
16.874
16.8741
16.8741
16.8741
16.8741
16.8741
16.8741
16.8741
16.8741
16.8741
16.8741
16.8741
16.8741
16.874
16.874
16.874
16.8739
16.8737
16.8734
16.8728
16.8719
16.8706
17.2376
17.2385
17.2393
17.2397
17.24
17.2401
17.2402
17.2402
17.2403
17.2403
17.2403
17.2403
17.2403
17.2403
17.2403
17.2403
17.2403
17.2403
17.2403
17.2403
17.2403
17.2403
17.2403
17.2403
17.2403
17.2402
17.2402
17.2402
17.2402
17.2402
17.2402
17.2402
17.2402
17.2402
17.2402
17.2403
17.2403
17.2403
17.2403
17.2403
17.2403
17.2403
17.2403
17.2403
17.2403
17.2403
17.2403
17.2403
17.2403
17.2403
17.2403
17.2403
17.2402
17.2402
17.2401
17.24
17.2397
17.2393
17.2385
17.2376
17.5326
17.5334
17.5339
17.5342
17.5344
17.5345
17.5346
17.5346
17.5346
17.5347
17.5347
17.5347
17.5347
17.5346
17.5346
17.5346
17.5346
17.5346
17.5346
17.5346
17.5346
17.5346
17.5346
17.5346
17.5346
17.5346
17.5346
17.5346
17.5346
17.5346
17.5346
17.5346
17.5346
17.5346
17.5346
17.5346
17.5346
17.5346
17.5346
17.5346
17.5346
17.5346
17.5346
17.5346
17.5346
17.5346
17.5346
17.5347
17.5347
17.5347
17.5347
17.5346
17.5346
17.5346
17.5345
17.5344
17.5342
17.5339
17.5334
17.5326
17.7636
17.7641
17.7645
17.7647
17.7648
17.7649
17.765
17.765
17.765
17.765
17.765
17.765
17.765
17.765
17.765
17.765
17.765
17.765
17.765
17.765
17.765
17.7649
17.7649
17.7649
17.7649
17.7649
17.7649
17.7649
17.7649
17.7649
17.7649
17.7649
17.7649
17.7649
17.7649
17.7649
17.7649
17.7649
17.7649
17.765
17.765
17.765
17.765
17.765
17.765
17.765
17.765
17.765
17.765
17.765
17.765
17.765
17.765
17.765
17.7649
17.7648
17.7647
17.7645
17.7641
17.7636
17.9435
17.9438
17.944
17.9442
17.9443
17.9444
17.9444
17.9444
17.9444
17.9444
17.9444
17.9444
17.9444
17.9444
17.9444
17.9444
17.9444
17.9444
17.9444
17.9444
17.9444
17.9444
17.9444
17.9443
17.9443
17.9443
17.9443
17.9443
17.9443
17.9443
17.9443
17.9443
17.9443
17.9443
17.9443
17.9443
17.9443
17.9444
17.9444
17.9444
17.9444
17.9444
17.9444
17.9444
17.9444
17.9444
17.9444
17.9444
17.9444
17.9444
17.9444
17.9444
17.9444
17.9444
17.9444
17.9443
17.9442
17.944
17.9438
17.9435
18.0863
18.0864
18.0866
18.0867
18.0868
18.0868
18.0868
18.0868
18.0868
18.0868
18.0868
18.0868
18.0868
18.0868
18.0868
18.0868
18.0868
18.0868
18.0868
18.0868
18.0868
18.0868
18.0868
18.0868
18.0868
18.0868
18.0868
18.0868
18.0868
18.0868
18.0868
18.0868
18.0868
18.0868
18.0868
18.0868
18.0868
18.0868
18.0868
18.0868
18.0868
18.0868
18.0868
18.0868
18.0868
18.0868
18.0868
18.0868
18.0868
18.0868
18.0868
18.0868
18.0868
18.0868
18.0868
18.0868
18.0867
18.0866
18.0864
18.0863
18.2034
18.2035
18.2036
18.2037
18.2037
18.2037
18.2038
18.2038
18.2038
18.2038
18.2038
18.2038
18.2037
18.2037
18.2037
18.2037
18.2037
18.2037
18.2037
18.2037
18.2037
18.2037
18.2037
18.2037
18.2037
18.2037
18.2037
18.2037
18.2037
18.2037
18.2037
18.2037
18.2037
18.2037
18.2037
18.2037
18.2037
18.2037
18.2037
18.2037
18.2037
18.2037
18.2037
18.2037
18.2037
18.2037
18.2037
18.2037
18.2038
18.2038
18.2038
18.2038
18.2038
18.2038
18.2037
18.2037
18.2037
18.2036
18.2035
18.2034
18.3032
18.3032
18.3032
18.3033
18.3033
18.3033
18.3033
18.3033
18.3033
18.3033
18.3033
18.3033
18.3033
18.3033
18.3033
18.3033
18.3033
18.3033
18.3033
18.3033
18.3033
18.3033
18.3032
18.3032
18.3032
18.3032
18.3032
18.3032
18.3032
18.3032
18.3032
18.3032
18.3032
18.3032
18.3032
18.3032
18.3032
18.3032
18.3033
18.3033
18.3033
18.3033
18.3033
18.3033
18.3033
18.3033
18.3033
18.3033
18.3033
18.3033
18.3033
18.3033
18.3033
18.3033
18.3033
18.3033
18.3033
18.3032
18.3032
18.3032
18.3907
18.3907
18.3907
18.3907
18.3908
18.3908
18.3908
18.3908
18.3908
18.3908
18.3908
18.3908
18.3908
18.3908
18.3907
18.3907
18.3907
18.3907
18.3907
18.3907
18.3907
18.3907
18.3907
18.3907
18.3907
18.3907
18.3907
18.3907
18.3907
18.3907
18.3907
18.3907
18.3907
18.3907
18.3907
18.3907
18.3907
18.3907
18.3907
18.3907
18.3907
18.3907
18.3907
18.3907
18.3907
18.3907
18.3908
18.3908
18.3908
18.3908
18.3908
18.3908
18.3908
18.3908
18.3908
18.3908
18.3907
18.3907
18.3907
18.3907
18.4695
18.4695
18.4694
18.4695
18.4695
18.4695
18.4695
18.4695
18.4695
18.4695
18.4695
18.4695
18.4695
18.4694
18.4694
18.4694
18.4694
18.4694
18.4694
18.4694
18.4694
18.4694
18.4694
18.4694
18.4694
18.4694
18.4694
18.4694
18.4694
18.4694
18.4694
18.4694
18.4694
18.4694
18.4694
18.4694
18.4694
18.4694
18.4694
18.4694
18.4694
18.4694
18.4694
18.4694
18.4694
18.4694
18.4694
18.4695
18.4695
18.4695
18.4695
18.4695
18.4695
18.4695
18.4695
18.4695
18.4695
18.4694
18.4695
18.4695
18.5417
18.5416
18.5416
18.5416
18.5416
18.5416
18.5416
18.5416
18.5416
18.5416
18.5416
18.5416
18.5415
18.5415
18.5415
18.5415
18.5415
18.5415
18.5415
18.5415
18.5415
18.5415
18.5415
18.5415
18.5415
18.5415
18.5415
18.5415
18.5415
18.5415
18.5415
18.5415
18.5415
18.5415
18.5415
18.5415
18.5415
18.5415
18.5415
18.5415
18.5415
18.5415
18.5415
18.5415
18.5415
18.5415
18.5415
18.5415
18.5416
18.5416
18.5416
18.5416
18.5416
18.5416
18.5416
18.5416
18.5416
18.5416
18.5416
18.5417
18.6087
18.6086
18.6086
18.6085
18.6085
18.6085
18.6085
18.6085
18.6085
18.6085
18.6085
18.6085
18.6085
18.6085
18.6085
18.6085
18.6085
18.6085
18.6085
18.6085
18.6085
18.6085
18.6085
18.6085
18.6084
18.6084
18.6084
18.6084
18.6084
18.6084
18.6084
18.6084
18.6084
18.6084
18.6084
18.6084
18.6085
18.6085
18.6085
18.6085
18.6085
18.6085
18.6085
18.6085
18.6085
18.6085
18.6085
18.6085
18.6085
18.6085
18.6085
18.6085
18.6085
18.6085
18.6085
18.6085
18.6085
18.6086
18.6086
18.6087
18.6716
18.6715
18.6715
18.6714
18.6714
18.6714
18.6714
18.6714
18.6714
18.6714
18.6714
18.6714
18.6714
18.6714
18.6714
18.6714
18.6714
18.6714
18.6714
18.6714
18.6713
18.6713
18.6713
18.6713
18.6713
18.6713
18.6713
18.6713
18.6713
18.6713
18.6713
18.6713
18.6713
18.6713
18.6713
18.6713
18.6713
18.6713
18.6713
18.6713
18.6714
18.6714
18.6714
18.6714
18.6714
18.6714
18.6714
18.6714
18.6714
18.6714
18.6714
18.6714
18.6714
18.6714
18.6714
18.6714
18.6714
18.6715
18.6715
18.6716
18.7312
18.7311
18.7311
18.731
18.731
18.731
18.731
18.731
18.731
18.731
18.731
18.731
18.731
18.731
18.731
18.731
18.7309
18.7309
18.7309
18.7309
18.7309
18.7309
18.7309
18.7309
18.7309
18.7309
18.7309
18.7309
18.7309
18.7309
18.7309
18.7309
18.7309
18.7309
18.7309
18.7309
18.7309
18.7309
18.7309
18.7309
18.7309
18.7309
18.7309
18.7309
18.731
18.731
18.731
18.731
18.731
18.731
18.731
18.731
18.731
18.731
18.731
18.731
18.731
18.7311
18.7311
18.7312
18.7881
18.788
18.7879
18.7879
18.7879
18.7879
18.7879
18.7879
18.7879
18.7879
18.7879
18.7878
18.7878
18.7878
18.7878
18.7878
18.7878
18.7878
18.7878
18.7878
18.7878
18.7878
18.7878
18.7878
18.7878
18.7878
18.7878
18.7878
18.7878
18.7878
18.7878
18.7878
18.7878
18.7878
18.7878
18.7878
18.7878
18.7878
18.7878
18.7878
18.7878
18.7878
18.7878
18.7878
18.7878
18.7878
18.7878
18.7878
18.7878
18.7879
18.7879
18.7879
18.7879
18.7879
18.7879
18.7879
18.7879
18.7879
18.788
18.7881
18.8427
18.8426
18.8426
18.8425
18.8425
18.8425
18.8425
18.8425
18.8425
18.8425
18.8425
18.8425
18.8425
18.8425
18.8424
18.8424
18.8424
18.8424
18.8424
18.8424
18.8424
18.8424
18.8424
18.8424
18.8424
18.8424
18.8424
18.8424
18.8424
18.8424
18.8424
18.8424
18.8424
18.8424
18.8424
18.8424
18.8424
18.8424
18.8424
18.8424
18.8424
18.8424
18.8424
18.8424
18.8424
18.8424
18.8425
18.8425
18.8425
18.8425
18.8425
18.8425
18.8425
18.8425
18.8425
18.8425
18.8425
18.8426
18.8426
18.8427
18.8955
18.8954
18.8953
18.8953
18.8953
18.8953
18.8952
18.8952
18.8952
18.8952
18.8952
18.8952
18.8952
18.8952
18.8952
18.8952
18.8952
18.8952
18.8952
18.8952
18.8952
18.8952
18.8951
18.8951
18.8951
18.8951
18.8951
18.8951
18.8951
18.8951
18.8951
18.8951
18.8951
18.8951
18.8951
18.8951
18.8951
18.8951
18.8952
18.8952
18.8952
18.8952
18.8952
18.8952
18.8952
18.8952
18.8952
18.8952
18.8952
18.8952
18.8952
18.8952
18.8952
18.8952
18.8953
18.8953
18.8953
18.8953
18.8954
18.8955
18.9467
18.9466
18.9465
18.9465
18.9465
18.9465
18.9464
18.9464
18.9464
18.9464
18.9464
18.9464
18.9464
18.9464
18.9464
18.9464
18.9464
18.9464
18.9464
18.9464
18.9463
18.9463
18.9463
18.9463
18.9463
18.9463
18.9463
18.9463
18.9463
18.9463
18.9463
18.9463
18.9463
18.9463
18.9463
18.9463
18.9463
18.9463
18.9463
18.9463
18.9464
18.9464
18.9464
18.9464
18.9464
18.9464
18.9464
18.9464
18.9464
18.9464
18.9464
18.9464
18.9464
18.9464
18.9465
18.9465
18.9465
18.9465
18.9466
18.9467
18.9966
18.9965
18.9964
18.9964
18.9964
18.9963
18.9963
18.9963
18.9963
18.9963
18.9963
18.9963
18.9963
18.9963
18.9963
18.9963
18.9963
18.9963
18.9963
18.9962
18.9962
18.9962
18.9962
18.9962
18.9962
18.9962
18.9962
18.9962
18.9962
18.9962
18.9962
18.9962
18.9962
18.9962
18.9962
18.9962
18.9962
18.9962
18.9962
18.9962
18.9962
18.9963
18.9963
18.9963
18.9963
18.9963
18.9963
18.9963
18.9963
18.9963
18.9963
18.9963
18.9963
18.9963
18.9963
18.9964
18.9964
18.9964
18.9965
18.9966
19.0454
19.0453
19.0453
19.0452
19.0452
19.0452
19.0451
19.0451
19.0451
19.0451
19.0451
19.0451
19.0451
19.0451
19.0451
19.0451
19.0451
19.0451
19.0451
19.0451
19.045
19.045
19.045
19.045
19.045
19.045
19.045
19.045
19.045
19.045
19.045
19.045
19.045
19.045
19.045
19.045
19.045
19.045
19.045
19.045
19.0451
19.0451
19.0451
19.0451
19.0451
19.0451
19.0451
19.0451
19.0451
19.0451
19.0451
19.0451
19.0451
19.0451
19.0452
19.0452
19.0452
19.0453
19.0453
19.0454
19.0933
19.0932
19.0932
19.0931
19.0931
19.0931
19.0931
19.093
19.093
19.093
19.093
19.093
19.093
19.093
19.093
19.093
19.093
19.093
19.093
19.093
19.093
19.0929
19.0929
19.0929
19.0929
19.0929
19.0929
19.0929
19.0929
19.0929
19.0929
19.0929
19.0929
19.0929
19.0929
19.0929
19.0929
19.0929
19.0929
19.093
19.093
19.093
19.093
19.093
19.093
19.093
19.093
19.093
19.093
19.093
19.093
19.093
19.093
19.0931
19.0931
19.0931
19.0931
19.0932
19.0932
19.0933
19.1405
19.1404
19.1403
19.1403
19.1403
19.1402
19.1402
19.1402
19.1402
19.1402
19.1402
19.1402
19.1402
19.1402
19.1402
19.1402
19.1402
19.1401
19.1401
19.1401
19.1401
19.1401
19.1401
19.1401
19.1401
19.1401
19.1401
19.1401
19.1401
19.1401
19.1401
19.1401
19.1401
19.1401
19.1401
19.1401
19.1401
19.1401
19.1401
19.1401
19.1401
19.1401
19.1401
19.1402
19.1402
19.1402
19.1402
19.1402
19.1402
19.1402
19.1402
19.1402
19.1402
19.1402
19.1402
19.1403
19.1403
19.1403
19.1404
19.1405
19.1871
19.187
19.1869
19.1869
19.1868
19.1868
19.1868
19.1868
19.1868
19.1868
19.1868
19.1868
19.1868
19.1868
19.1867
19.1867
19.1867
19.1867
19.1867
19.1867
19.1867
19.1867
19.1867
19.1867
19.1867
19.1867
19.1867
19.1867
19.1867
19.1867
19.1867
19.1867
19.1867
19.1867
19.1867
19.1867
19.1867
19.1867
19.1867
19.1867
19.1867
19.1867
19.1867
19.1867
19.1867
19.1867
19.1868
19.1868
19.1868
19.1868
19.1868
19.1868
19.1868
19.1868
19.1868
19.1868
19.1869
19.1869
19.187
19.1871
19.2332
19.2331
19.233
19.233
19.233
19.2329
19.2329
19.2329
19.2329
19.2329
19.2329
19.2329
19.2329
19.2329
19.2329
19.2328
19.2328
19.2328
19.2328
19.2328
19.2328
19.2328
19.2328
19.2328
19.2328
19.2328
19.2328
19.2328
19.2328
19.2328
19.2328
19.2328
19.2328
19.2328
19.2328
19.2328
19.2328
19.2328
19.2328
19.2328
19.2328
19.2328
19.2328
19.2328
19.2328
19.2329
19.2329
19.2329
19.2329
19.2329
19.2329
19.2329
19.2329
19.2329
19.2329
19.233
19.233
19.233
19.2331
19.2332
19.2789
19.2789
19.2788
19.2788
19.2787
19.2787
19.2787
19.2787
19.2787
19.2786
19.2786
19.2786
19.2786
19.2786
19.2786
19.2786
19.2786
19.2786
19.2786
19.2786
19.2786
19.2786
19.2786
19.2786
19.2785
19.2785
19.2785
19.2785
19.2785
19.2785
19.2785
19.2785
19.2785
19.2785
19.2785
19.2785
19.2786
19.2786
19.2786
19.2786
19.2786
19.2786
19.2786
19.2786
19.2786
19.2786
19.2786
19.2786
19.2786
19.2786
19.2786
19.2787
19.2787
19.2787
19.2787
19.2787
19.2788
19.2788
19.2789
19.2789
19.3244
19.3244
19.3243
19.3243
19.3242
19.3242
19.3242
19.3242
19.3241
19.3241
19.3241
19.3241
19.3241
19.3241
19.3241
19.3241
19.3241
19.3241
19.3241
19.3241
19.3241
19.3241
19.3241
19.324
19.324
19.324
19.324
19.324
19.324
19.324
19.324
19.324
19.324
19.324
19.324
19.324
19.324
19.3241
19.3241
19.3241
19.3241
19.3241
19.3241
19.3241
19.3241
19.3241
19.3241
19.3241
19.3241
19.3241
19.3241
19.3241
19.3242
19.3242
19.3242
19.3242
19.3243
19.3243
19.3244
19.3244
19.3698
19.3697
19.3696
19.3696
19.3696
19.3695
19.3695
19.3695
19.3695
19.3695
19.3695
19.3695
19.3694
19.3694
19.3694
19.3694
19.3694
19.3694
19.3694
19.3694
19.3694
19.3694
19.3694
19.3694
19.3694
19.3694
19.3694
19.3694
19.3694
19.3694
19.3694
19.3694
19.3694
19.3694
19.3694
19.3694
19.3694
19.3694
19.3694
19.3694
19.3694
19.3694
19.3694
19.3694
19.3694
19.3694
19.3694
19.3694
19.3695
19.3695
19.3695
19.3695
19.3695
19.3695
19.3695
19.3696
19.3696
19.3696
19.3697
19.3698
19.415
19.415
19.4149
19.4148
19.4148
19.4148
19.4148
19.4147
19.4147
19.4147
19.4147
19.4147
19.4147
19.4147
19.4147
19.4147
19.4147
19.4147
19.4147
19.4146
19.4146
19.4146
19.4146
19.4146
19.4146
19.4146
19.4146
19.4146
19.4146
19.4146
19.4146
19.4146
19.4146
19.4146
19.4146
19.4146
19.4146
19.4146
19.4146
19.4146
19.4146
19.4147
19.4147
19.4147
19.4147
19.4147
19.4147
19.4147
19.4147
19.4147
19.4147
19.4147
19.4147
19.4148
19.4148
19.4148
19.4148
19.4149
19.415
19.415
19.4603
19.4602
19.4602
19.4601
19.4601
19.46
19.46
19.46
19.46
19.46
19.46
19.46
19.4599
19.4599
19.4599
19.4599
19.4599
19.4599
19.4599
19.4599
19.4599
19.4599
19.4599
19.4599
19.4599
19.4599
19.4599
19.4599
19.4599
19.4599
19.4599
19.4599
19.4599
19.4599
19.4599
19.4599
19.4599
19.4599
19.4599
19.4599
19.4599
19.4599
19.4599
19.4599
19.4599
19.4599
19.4599
19.4599
19.46
19.46
19.46
19.46
19.46
19.46
19.46
19.4601
19.4601
19.4602
19.4602
19.4603
19.5056
19.5055
19.5055
19.5054
19.5054
19.5054
19.5053
19.5053
19.5053
19.5053
19.5053
19.5053
19.5053
19.5053
19.5053
19.5052
19.5052
19.5052
19.5052
19.5052
19.5052
19.5052
19.5052
19.5052
19.5052
19.5052
19.5052
19.5052
19.5052
19.5052
19.5052
19.5052
19.5052
19.5052
19.5052
19.5052
19.5052
19.5052
19.5052
19.5052
19.5052
19.5052
19.5052
19.5052
19.5052
19.5053
19.5053
19.5053
19.5053
19.5053
19.5053
19.5053
19.5053
19.5053
19.5054
19.5054
19.5054
19.5055
19.5055
19.5056
19.5511
19.551
19.5509
19.5509
19.5508
19.5508
19.5508
19.5508
19.5508
19.5508
19.5507
19.5507
19.5507
19.5507
19.5507
19.5507
19.5507
19.5507
19.5507
19.5507
19.5507
19.5507
19.5507
19.5507
19.5507
19.5507
19.5506
19.5506
19.5506
19.5506
19.5506
19.5506
19.5506
19.5506
19.5507
19.5507
19.5507
19.5507
19.5507
19.5507
19.5507
19.5507
19.5507
19.5507
19.5507
19.5507
19.5507
19.5507
19.5507
19.5507
19.5508
19.5508
19.5508
19.5508
19.5508
19.5508
19.5509
19.5509
19.551
19.5511
19.5967
19.5967
19.5966
19.5966
19.5965
19.5965
19.5965
19.5964
19.5964
19.5964
19.5964
19.5964
19.5964
19.5964
19.5964
19.5964
19.5964
19.5964
19.5963
19.5963
19.5963
19.5963
19.5963
19.5963
19.5963
19.5963
19.5963
19.5963
19.5963
19.5963
19.5963
19.5963
19.5963
19.5963
19.5963
19.5963
19.5963
19.5963
19.5963
19.5963
19.5963
19.5963
19.5964
19.5964
19.5964
19.5964
19.5964
19.5964
19.5964
19.5964
19.5964
19.5964
19.5964
19.5965
19.5965
19.5965
19.5966
19.5966
19.5967
19.5967
19.6426
19.6426
19.6425
19.6425
19.6424
19.6424
19.6424
19.6424
19.6424
19.6423
19.6423
19.6423
19.6423
19.6423
19.6423
19.6423
19.6423
19.6423
19.6423
19.6423
19.6423
19.6423
19.6423
19.6422
19.6422
19.6422
19.6422
19.6422
19.6422
19.6422
19.6422
19.6422
19.6422
19.6422
19.6422
19.6422
19.6422
19.6423
19.6423
19.6423
19.6423
19.6423
19.6423
19.6423
19.6423
19.6423
19.6423
19.6423
19.6423
19.6423
19.6423
19.6424
19.6424
19.6424
19.6424
19.6424
19.6425
19.6425
19.6426
19.6426
19.6889
19.6889
19.6888
19.6887
19.6887
19.6887
19.6886
19.6886
19.6886
19.6886
19.6886
19.6886
19.6886
19.6886
19.6886
19.6885
19.6885
19.6885
19.6885
19.6885
19.6885
19.6885
19.6885
19.6885
19.6885
19.6885
19.6885
19.6885
19.6885
19.6885
19.6885
19.6885
19.6885
19.6885
19.6885
19.6885
19.6885
19.6885
19.6885
19.6885
19.6885
19.6885
19.6885
19.6885
19.6885
19.6886
19.6886
19.6886
19.6886
19.6886
19.6886
19.6886
19.6886
19.6886
19.6887
19.6887
19.6887
19.6888
19.6889
19.6889
19.7355
19.7355
19.7354
19.7354
19.7353
19.7353
19.7353
19.7353
19.7353
19.7352
19.7352
19.7352
19.7352
19.7352
19.7352
19.7352
19.7352
19.7352
19.7352
19.7352
19.7352
19.7351
19.7351
19.7351
19.7351
19.7351
19.7351
19.7351
19.7351
19.7351
19.7351
19.7351
19.7351
19.7351
19.7351
19.7351
19.7351
19.7351
19.7351
19.7352
19.7352
19.7352
19.7352
19.7352
19.7352
19.7352
19.7352
19.7352
19.7352
19.7352
19.7352
19.7353
19.7353
19.7353
19.7353
19.7353
19.7354
19.7354
19.7355
19.7355
19.7826
19.7826
19.7825
19.7825
19.7824
19.7824
19.7824
19.7823
19.7823
19.7823
19.7823
19.7823
19.7823
19.7823
19.7823
19.7823
19.7822
19.7822
19.7822
19.7822
19.7822
19.7822
19.7822
19.7822
19.7822
19.7822
19.7822
19.7822
19.7822
19.7822
19.7822
19.7822
19.7822
19.7822
19.7822
19.7822
19.7822
19.7822
19.7822
19.7822
19.7822
19.7822
19.7822
19.7822
19.7823
19.7823
19.7823
19.7823
19.7823
19.7823
19.7823
19.7823
19.7823
19.7824
19.7824
19.7824
19.7825
19.7825
19.7826
19.7826
19.8302
19.8301
19.8301
19.83
19.83
19.8299
19.8299
19.8299
19.8299
19.8299
19.8299
19.8299
19.8298
19.8298
19.8298
19.8298
19.8298
19.8298
19.8298
19.8298
19.8298
19.8298
19.8298
19.8298
19.8298
19.8298
19.8298
19.8298
19.8298
19.8298
19.8298
19.8298
19.8298
19.8298
19.8298
19.8298
19.8298
19.8298
19.8298
19.8298
19.8298
19.8298
19.8298
19.8298
19.8298
19.8298
19.8298
19.8298
19.8299
19.8299
19.8299
19.8299
19.8299
19.8299
19.8299
19.83
19.83
19.8301
19.8301
19.8302
19.8783
19.8782
19.8782
19.8781
19.8781
19.8781
19.878
19.878
19.878
19.878
19.878
19.878
19.8779
19.8779
19.8779
19.8779
19.8779
19.8779
19.8779
19.8779
19.8779
19.8779
19.8779
19.8779
19.8779
19.8779
19.8779
19.8779
19.8779
19.8779
19.8779
19.8779
19.8779
19.8779
19.8779
19.8779
19.8779
19.8779
19.8779
19.8779
19.8779
19.8779
19.8779
19.8779
19.8779
19.8779
19.8779
19.8779
19.878
19.878
19.878
19.878
19.878
19.878
19.8781
19.8781
19.8781
19.8782
19.8782
19.8783
19.927
19.9269
19.9269
19.9268
19.9268
19.9268
19.9267
19.9267
19.9267
19.9267
19.9267
19.9267
19.9266
19.9266
19.9266
19.9266
19.9266
19.9266
19.9266
19.9266
19.9266
19.9266
19.9266
19.9266
19.9266
19.9266
19.9266
19.9266
19.9266
19.9266
19.9266
19.9266
19.9266
19.9266
19.9266
19.9266
19.9266
19.9266
19.9266
19.9266
19.9266
19.9266
19.9266
19.9266
19.9266
19.9266
19.9266
19.9266
19.9267
19.9267
19.9267
19.9267
19.9267
19.9267
19.9268
19.9268
19.9268
19.9269
19.9269
19.927
19.9763
19.9763
19.9762
19.9762
19.9761
19.9761
19.9761
19.9761
19.976
19.976
19.976
19.976
19.976
19.976
19.976
19.976
19.976
19.9759
19.9759
19.9759
19.9759
19.9759
19.9759
19.9759
19.9759
19.9759
19.9759
19.9759
19.9759
19.9759
19.9759
19.9759
19.9759
19.9759
19.9759
19.9759
19.9759
19.9759
19.9759
19.9759
19.9759
19.9759
19.9759
19.976
19.976
19.976
19.976
19.976
19.976
19.976
19.976
19.976
19.9761
19.9761
19.9761
19.9761
19.9762
19.9762
19.9763
19.9763
20.0263
20.0263
20.0263
20.0262
20.0262
20.0261
20.0261
20.0261
20.0261
20.0261
20.026
20.026
20.026
20.026
20.026
20.026
20.026
20.026
20.026
20.026
20.026
20.026
20.026
20.026
20.026
20.0259
20.0259
20.0259
20.0259
20.0259
20.0259
20.0259
20.0259
20.0259
20.0259
20.026
20.026
20.026
20.026
20.026
20.026
20.026
20.026
20.026
20.026
20.026
20.026
20.026
20.026
20.026
20.0261
20.0261
20.0261
20.0261
20.0261
20.0262
20.0262
20.0263
20.0263
20.0263
20.0771
20.0771
20.0771
20.077
20.077
20.0769
20.0769
20.0769
20.0769
20.0768
20.0768
20.0768
20.0768
20.0768
20.0768
20.0768
20.0768
20.0768
20.0768
20.0768
20.0767
20.0767
20.0767
20.0767
20.0767
20.0767
20.0767
20.0767
20.0767
20.0767
20.0767
20.0767
20.0767
20.0767
20.0767
20.0767
20.0767
20.0767
20.0767
20.0767
20.0768
20.0768
20.0768
20.0768
20.0768
20.0768
20.0768
20.0768
20.0768
20.0768
20.0768
20.0769
20.0769
20.0769
20.0769
20.077
20.077
20.0771
20.0771
20.0771
20.1287
20.1287
20.1286
20.1286
20.1285
20.1285
20.1285
20.1285
20.1284
20.1284
20.1284
20.1284
20.1284
20.1284
20.1284
20.1284
20.1284
20.1283
20.1283
20.1283
20.1283
20.1283
20.1283
20.1283
20.1283
20.1283
20.1283
20.1283
20.1283
20.1283
20.1283
20.1283
20.1283
20.1283
20.1283
20.1283
20.1283
20.1283
20.1283
20.1283
20.1283
20.1283
20.1283
20.1284
20.1284
20.1284
20.1284
20.1284
20.1284
20.1284
20.1284
20.1284
20.1285
20.1285
20.1285
20.1285
20.1286
20.1286
20.1287
20.1287
20.1811
20.1811
20.1811
20.181
20.181
20.1809
20.1809
20.1809
20.1809
20.1808
20.1808
20.1808
20.1808
20.1808
20.1808
20.1808
20.1808
20.1808
20.1808
20.1808
20.1807
20.1807
20.1807
20.1807
20.1807
20.1807
20.1807
20.1807
20.1807
20.1807
20.1807
20.1807
20.1807
20.1807
20.1807
20.1807
20.1807
20.1807
20.1807
20.1807
20.1808
20.1808
20.1808
20.1808
20.1808
20.1808
20.1808
20.1808
20.1808
20.1808
20.1808
20.1809
20.1809
20.1809
20.1809
20.181
20.181
20.1811
20.1811
20.1811
20.2344
20.2344
20.2344
20.2343
20.2343
20.2343
20.2342
20.2342
20.2342
20.2342
20.2341
20.2341
20.2341
20.2341
20.2341
20.2341
20.2341
20.2341
20.2341
20.2341
20.2341
20.2341
20.2341
20.234
20.234
20.234
20.234
20.234
20.234
20.234
20.234
20.234
20.234
20.234
20.234
20.234
20.234
20.2341
20.2341
20.2341
20.2341
20.2341
20.2341
20.2341
20.2341
20.2341
20.2341
20.2341
20.2341
20.2341
20.2342
20.2342
20.2342
20.2342
20.2343
20.2343
20.2343
20.2344
20.2344
20.2344
20.2887
20.2887
20.2886
20.2886
20.2886
20.2885
20.2885
20.2885
20.2884
20.2884
20.2884
20.2884
20.2884
20.2884
20.2884
20.2884
20.2883
20.2883
20.2883
20.2883
20.2883
20.2883
20.2883
20.2883
20.2883
20.2883
20.2883
20.2883
20.2883
20.2883
20.2883
20.2883
20.2883
20.2883
20.2883
20.2883
20.2883
20.2883
20.2883
20.2883
20.2883
20.2883
20.2883
20.2883
20.2884
20.2884
20.2884
20.2884
20.2884
20.2884
20.2884
20.2884
20.2885
20.2885
20.2885
20.2886
20.2886
20.2886
20.2887
20.2887
20.344
20.3439
20.3439
20.3439
20.3438
20.3438
20.3437
20.3437
20.3437
20.3437
20.3437
20.3437
20.3436
20.3436
20.3436
20.3436
20.3436
20.3436
20.3436
20.3436
20.3436
20.3436
20.3436
20.3436
20.3436
20.3436
20.3436
20.3436
20.3436
20.3436
20.3436
20.3436
20.3436
20.3436
20.3436
20.3436
20.3436
20.3436
20.3436
20.3436
20.3436
20.3436
20.3436
20.3436
20.3436
20.3436
20.3436
20.3436
20.3437
20.3437
20.3437
20.3437
20.3437
20.3437
20.3438
20.3438
20.3439
20.3439
20.3439
20.344
20.4003
20.4002
20.4002
20.4002
20.4001
20.4001
20.4001
20.4
20.4
20.4
20.4
20.4
20.3999
20.3999
20.3999
20.3999
20.3999
20.3999
20.3999
20.3999
20.3999
20.3999
20.3999
20.3999
20.3999
20.3999
20.3999
20.3999
20.3999
20.3999
20.3999
20.3999
20.3999
20.3999
20.3999
20.3999
20.3999
20.3999
20.3999
20.3999
20.3999
20.3999
20.3999
20.3999
20.3999
20.3999
20.3999
20.3999
20.4
20.4
20.4
20.4
20.4
20.4001
20.4001
20.4001
20.4002
20.4002
20.4002
20.4003
20.4577
20.4576
20.4576
20.4576
20.4575
20.4575
20.4575
20.4574
20.4574
20.4574
20.4574
20.4574
20.4573
20.4573
20.4573
20.4573
20.4573
20.4573
20.4573
20.4573
20.4573
20.4573
20.4573
20.4573
20.4573
20.4573
20.4573
20.4573
20.4573
20.4573
20.4573
20.4573
20.4573
20.4573
20.4573
20.4573
20.4573
20.4573
20.4573
20.4573
20.4573
20.4573
20.4573
20.4573
20.4573
20.4573
20.4573
20.4573
20.4574
20.4574
20.4574
20.4574
20.4574
20.4575
20.4575
20.4575
20.4576
20.4576
20.4576
20.4577
20.5162
20.5162
20.5161
20.5161
20.5161
20.516
20.516
20.516
20.516
20.5159
20.5159
20.5159
20.5159
20.5159
20.5159
20.5159
20.5159
20.5159
20.5158
20.5158
20.5158
20.5158
20.5158
20.5158
20.5158
20.5158
20.5158
20.5158
20.5158
20.5158
20.5158
20.5158
20.5158
20.5158
20.5158
20.5158
20.5158
20.5158
20.5158
20.5158
20.5158
20.5158
20.5159
20.5159
20.5159
20.5159
20.5159
20.5159
20.5159
20.5159
20.5159
20.516
20.516
20.516
20.516
20.5161
20.5161
20.5161
20.5162
20.5162
20.576
20.5759
20.5759
20.5759
20.5758
20.5758
20.5758
20.5757
20.5757
20.5757
20.5757
20.5757
20.5757
20.5756
20.5756
20.5756
20.5756
20.5756
20.5756
20.5756
20.5756
20.5756
20.5756
20.5756
20.5756
20.5756
20.5756
20.5756
20.5756
20.5756
20.5756
20.5756
20.5756
20.5756
20.5756
20.5756
20.5756
20.5756
20.5756
20.5756
20.5756
20.5756
20.5756
20.5756
20.5756
20.5756
20.5756
20.5757
20.5757
20.5757
20.5757
20.5757
20.5757
20.5758
20.5758
20.5758
20.5759
20.5759
20.5759
20.576
20.637
20.637
20.6369
20.6369
20.6368
20.6368
20.6368
20.6368
20.6367
20.6367
20.6367
20.6367
20.6367
20.6367
20.6366
20.6366
20.6366
20.6366
20.6366
20.6366
20.6366
20.6366
20.6366
20.6366
20.6366
20.6366
20.6366
20.6366
20.6366
20.6366
20.6366
20.6366
20.6366
20.6366
20.6366
20.6366
20.6366
20.6366
20.6366
20.6366
20.6366
20.6366
20.6366
20.6366
20.6366
20.6366
20.6367
20.6367
20.6367
20.6367
20.6367
20.6367
20.6368
20.6368
20.6368
20.6368
20.6369
20.6369
20.637
20.637
20.6993
20.6993
20.6992
20.6992
20.6992
20.6991
20.6991
20.6991
20.6991
20.699
20.699
20.699
20.699
20.699
20.699
20.699
20.6989
20.6989
20.6989
20.6989
20.6989
20.6989
20.6989
20.6989
20.6989
20.6989
20.6989
20.6989
20.6989
20.6989
20.6989
20.6989
20.6989
20.6989
20.6989
20.6989
20.6989
20.6989
20.6989
20.6989
20.6989
20.6989
20.6989
20.6989
20.699
20.699
20.699
20.699
20.699
20.699
20.699
20.6991
20.6991
20.6991
20.6991
20.6992
20.6992
20.6992
20.6993
20.6993
20.763
20.763
20.7629
20.7629
20.7629
20.7628
20.7628
20.7628
20.7628
20.7627
20.7627
20.7627
20.7627
20.7627
20.7627
20.7627
20.7626
20.7626
20.7626
20.7626
20.7626
20.7626
20.7626
20.7626
20.7626
20.7626
20.7626
20.7626
20.7626
20.7626
20.7626
20.7626
20.7626
20.7626
20.7626
20.7626
20.7626
20.7626
20.7626
20.7626
20.7626
20.7626
20.7626
20.7626
20.7627
20.7627
20.7627
20.7627
20.7627
20.7627
20.7627
20.7628
20.7628
20.7628
20.7628
20.7629
20.7629
20.7629
20.763
20.763
20.8281
20.8281
20.8281
20.828
20.828
20.828
20.8279
20.8279
20.8279
20.8279
20.8278
20.8278
20.8278
20.8278
20.8278
20.8278
20.8278
20.8278
20.8277
20.8277
20.8277
20.8277
20.8277
20.8277
20.8277
20.8277
20.8277
20.8277
20.8277
20.8277
20.8277
20.8277
20.8277
20.8277
20.8277
20.8277
20.8277
20.8277
20.8277
20.8277
20.8277
20.8277
20.8278
20.8278
20.8278
20.8278
20.8278
20.8278
20.8278
20.8278
20.8279
20.8279
20.8279
20.8279
20.828
20.828
20.828
20.8281
20.8281
20.8281
20.8947
20.8947
20.8947
20.8946
20.8946
20.8946
20.8945
20.8945
20.8945
20.8945
20.8944
20.8944
20.8944
20.8944
20.8944
20.8944
20.8944
20.8944
20.8943
20.8943
20.8943
20.8943
20.8943
20.8943
20.8943
20.8943
20.8943
20.8943
20.8943
20.8943
20.8943
20.8943
20.8943
20.8943
20.8943
20.8943
20.8943
20.8943
20.8943
20.8943
20.8943
20.8943
20.8944
20.8944
20.8944
20.8944
20.8944
20.8944
20.8944
20.8944
20.8945
20.8945
20.8945
20.8945
20.8946
20.8946
20.8946
20.8947
20.8947
20.8947
20.9628
20.9628
20.9628
20.9628
20.9627
20.9627
20.9627
20.9626
20.9626
20.9626
20.9626
20.9626
20.9626
20.9625
20.9625
20.9625
20.9625
20.9625
20.9625
20.9625
20.9625
20.9625
20.9625
20.9625
20.9625
20.9625
20.9625
20.9625
20.9625
20.9625
20.9625
20.9625
20.9625
20.9625
20.9625
20.9625
20.9625
20.9625
20.9625
20.9625
20.9625
20.9625
20.9625
20.9625
20.9625
20.9625
20.9625
20.9626
20.9626
20.9626
20.9626
20.9626
20.9626
20.9627
20.9627
20.9627
20.9628
20.9628
20.9628
20.9628
21.0326
21.0326
21.0325
21.0325
21.0325
21.0325
21.0324
21.0324
21.0324
21.0324
21.0323
21.0323
21.0323
21.0323
21.0323
21.0323
21.0323
21.0322
21.0322
21.0322
21.0322
21.0322
21.0322
21.0322
21.0322
21.0322
21.0322
21.0322
21.0322
21.0322
21.0322
21.0322
21.0322
21.0322
21.0322
21.0322
21.0322
21.0322
21.0322
21.0322
21.0322
21.0322
21.0322
21.0323
21.0323
21.0323
21.0323
21.0323
21.0323
21.0323
21.0324
21.0324
21.0324
21.0324
21.0325
21.0325
21.0325
21.0325
21.0326
21.0326
21.104
21.104
21.104
21.1039
21.1039
21.1039
21.1038
21.1038
21.1038
21.1038
21.1037
21.1037
21.1037
21.1037
21.1037
21.1037
21.1037
21.1037
21.1037
21.1036
21.1036
21.1036
21.1036
21.1036
21.1036
21.1036
21.1036
21.1036
21.1036
21.1036
21.1036
21.1036
21.1036
21.1036
21.1036
21.1036
21.1036
21.1036
21.1036
21.1036
21.1036
21.1037
21.1037
21.1037
21.1037
21.1037
21.1037
21.1037
21.1037
21.1037
21.1038
21.1038
21.1038
21.1038
21.1039
21.1039
21.1039
21.104
21.104
21.104
21.1771
21.1771
21.1771
21.1771
21.177
21.177
21.177
21.177
21.1769
21.1769
21.1769
21.1769
21.1769
21.1768
21.1768
21.1768
21.1768
21.1768
21.1768
21.1768
21.1768
21.1768
21.1768
21.1768
21.1768
21.1768
21.1768
21.1768
21.1768
21.1768
21.1768
21.1768
21.1768
21.1768
21.1768
21.1768
21.1768
21.1768
21.1768
21.1768
21.1768
21.1768
21.1768
21.1768
21.1768
21.1768
21.1768
21.1769
21.1769
21.1769
21.1769
21.1769
21.177
21.177
21.177
21.177
21.1771
21.1771
21.1771
21.1771
21.2521
21.2521
21.252
21.252
21.252
21.252
21.2519
21.2519
21.2519
21.2519
21.2518
21.2518
21.2518
21.2518
21.2518
21.2518
21.2518
21.2517
21.2517
21.2517
21.2517
21.2517
21.2517
21.2517
21.2517
21.2517
21.2517
21.2517
21.2517
21.2517
21.2517
21.2517
21.2517
21.2517
21.2517
21.2517
21.2517
21.2517
21.2517
21.2517
21.2517
21.2517
21.2517
21.2518
21.2518
21.2518
21.2518
21.2518
21.2518
21.2518
21.2519
21.2519
21.2519
21.2519
21.252
21.252
21.252
21.252
21.2521
21.2521
21.3289
21.3289
21.3288
21.3288
21.3288
21.3288
21.3287
21.3287
21.3287
21.3287
21.3286
21.3286
21.3286
21.3286
21.3286
21.3286
21.3286
21.3285
21.3285
21.3285
21.3285
21.3285
21.3285
21.3285
21.3285
21.3285
21.3285
21.3285
21.3285
21.3285
21.3285
21.3285
21.3285
21.3285
21.3285
21.3285
21.3285
21.3285
21.3285
21.3285
21.3285
21.3285
21.3285
21.3286
21.3286
21.3286
21.3286
21.3286
21.3286
21.3286
21.3287
21.3287
21.3287
21.3287
21.3288
21.3288
21.3288
21.3288
21.3289
21.3289
21.4076
21.4076
21.4076
21.4075
21.4075
21.4075
21.4075
21.4074
21.4074
21.4074
21.4074
21.4073
21.4073
21.4073
21.4073
21.4073
21.4073
21.4073
21.4073
21.4073
21.4073
21.4072
21.4072
21.4072
21.4072
21.4072
21.4072
21.4072
21.4072
21.4072
21.4072
21.4072
21.4072
21.4072
21.4072
21.4072
21.4072
21.4072
21.4072
21.4073
21.4073
21.4073
21.4073
21.4073
21.4073
21.4073
21.4073
21.4073
21.4073
21.4074
21.4074
21.4074
21.4074
21.4075
21.4075
21.4075
21.4075
21.4076
21.4076
21.4076
21.4883
21.4883
21.4883
21.4883
21.4882
21.4882
21.4882
21.4882
21.4881
21.4881
21.4881
21.4881
21.4881
21.488
21.488
21.488
21.488
21.488
21.488
21.488
21.488
21.488
21.488
21.488
21.488
21.488
21.488
21.488
21.488
21.488
21.488
21.488
21.488
21.488
21.488
21.488
21.488
21.488
21.488
21.488
21.488
21.488
21.488
21.488
21.488
21.488
21.488
21.4881
21.4881
21.4881
21.4881
21.4881
21.4882
21.4882
21.4882
21.4882
21.4883
21.4883
21.4883
21.4883
21.5711
21.5711
21.5711
21.5711
21.571
21.571
21.571
21.571
21.5709
21.5709
21.5709
21.5709
21.5709
21.5709
21.5708
21.5708
21.5708
21.5708
21.5708
21.5708
21.5708
21.5708
21.5708
21.5708
21.5708
21.5708
21.5708
21.5708
21.5708
21.5708
21.5708
21.5708
21.5708
21.5708
21.5708
21.5708
21.5708
21.5708
21.5708
21.5708
21.5708
21.5708
21.5708
21.5708
21.5708
21.5708
21.5709
21.5709
21.5709
21.5709
21.5709
21.5709
21.571
21.571
21.571
21.571
21.5711
21.5711
21.5711
21.5711
21.6561
21.6561
21.656
21.656
21.656
21.656
21.6559
21.6559
21.6559
21.6559
21.6558
21.6558
21.6558
21.6558
21.6558
21.6558
21.6558
21.6558
21.6557
21.6557
21.6557
21.6557
21.6557
21.6557
21.6557
21.6557
21.6557
21.6557
21.6557
21.6557
21.6557
21.6557
21.6557
21.6557
21.6557
21.6557
21.6557
21.6557
21.6557
21.6557
21.6557
21.6557
21.6558
21.6558
21.6558
21.6558
21.6558
21.6558
21.6558
21.6558
21.6559
21.6559
21.6559
21.6559
21.656
21.656
21.656
21.656
21.6561
21.6561
21.7432
21.7432
21.7432
21.7432
21.7432
21.7431
21.7431
21.7431
21.7431
21.743
21.743
21.743
21.743
21.743
21.743
21.7429
21.7429
21.7429
21.7429
21.7429
21.7429
21.7429
21.7429
21.7429
21.7429
21.7429
21.7429
21.7429
21.7429
21.7429
21.7429
21.7429
21.7429
21.7429
21.7429
21.7429
21.7429
21.7429
21.7429
21.7429
21.7429
21.7429
21.7429
21.7429
21.7429
21.743
21.743
21.743
21.743
21.743
21.743
21.7431
21.7431
21.7431
21.7431
21.7432
21.7432
21.7432
21.7432
21.7432
21.8327
21.8327
21.8327
21.8327
21.8326
21.8326
21.8326
21.8325
21.8325
21.8325
21.8325
21.8325
21.8324
21.8324
21.8324
21.8324
21.8324
21.8324
21.8324
21.8324
21.8324
21.8324
21.8324
21.8323
21.8323
21.8323
21.8323
21.8323
21.8323
21.8323
21.8323
21.8323
21.8323
21.8323
21.8323
21.8323
21.8323
21.8324
21.8324
21.8324
21.8324
21.8324
21.8324
21.8324
21.8324
21.8324
21.8324
21.8324
21.8325
21.8325
21.8325
21.8325
21.8325
21.8326
21.8326
21.8326
21.8327
21.8327
21.8327
21.8327
21.9245
21.9245
21.9245
21.9245
21.9245
21.9244
21.9244
21.9244
21.9244
21.9243
21.9243
21.9243
21.9243
21.9243
21.9243
21.9243
21.9242
21.9242
21.9242
21.9242
21.9242
21.9242
21.9242
21.9242
21.9242
21.9242
21.9242
21.9242
21.9242
21.9242
21.9242
21.9242
21.9242
21.9242
21.9242
21.9242
21.9242
21.9242
21.9242
21.9242
21.9242
21.9242
21.9242
21.9242
21.9243
21.9243
21.9243
21.9243
21.9243
21.9243
21.9243
21.9244
21.9244
21.9244
21.9244
21.9245
21.9245
21.9245
21.9245
21.9245
22.0188
22.0188
22.0188
22.0188
22.0188
22.0187
22.0187
22.0187
22.0187
22.0187
22.0186
22.0186
22.0186
22.0186
22.0186
22.0186
22.0185
22.0185
22.0185
22.0185
22.0185
22.0185
22.0185
22.0185
22.0185
22.0185
22.0185
22.0185
22.0185
22.0185
22.0185
22.0185
22.0185
22.0185
22.0185
22.0185
22.0185
22.0185
22.0185
22.0185
22.0185
22.0185
22.0185
22.0185
22.0186
22.0186
22.0186
22.0186
22.0186
22.0186
22.0187
22.0187
22.0187
22.0187
22.0187
22.0188
22.0188
22.0188
22.0188
22.0188
22.1157
22.1157
22.1157
22.1156
22.1156
22.1156
22.1156
22.1155
22.1155
22.1155
22.1155
22.1155
22.1154
22.1154
22.1154
22.1154
22.1154
22.1154
22.1154
22.1154
22.1154
22.1154
22.1153
22.1153
22.1153
22.1153
22.1153
22.1153
22.1153
22.1153
22.1153
22.1153
22.1153
22.1153
22.1153
22.1153
22.1153
22.1153
22.1154
22.1154
22.1154
22.1154
22.1154
22.1154
22.1154
22.1154
22.1154
22.1154
22.1155
22.1155
22.1155
22.1155
22.1155
22.1156
22.1156
22.1156
22.1156
22.1157
22.1157
22.1157
22.2152
22.2151
22.2151
22.2151
22.2151
22.2151
22.215
22.215
22.215
22.215
22.215
22.2149
22.2149
22.2149
22.2149
22.2149
22.2149
22.2149
22.2149
22.2148
22.2148
22.2148
22.2148
22.2148
22.2148
22.2148
22.2148
22.2148
22.2148
22.2148
22.2148
22.2148
22.2148
22.2148
22.2148
22.2148
22.2148
22.2148
22.2148
22.2148
22.2148
22.2149
22.2149
22.2149
22.2149
22.2149
22.2149
22.2149
22.2149
22.215
22.215
22.215
22.215
22.215
22.2151
22.2151
22.2151
22.2151
22.2151
22.2152
22.3173
22.3173
22.3173
22.3173
22.3173
22.3173
22.3172
22.3172
22.3172
22.3172
22.3172
22.3171
22.3171
22.3171
22.3171
22.3171
22.3171
22.3171
22.3171
22.317
22.317
22.317
22.317
22.317
22.317
22.317
22.317
22.317
22.317
22.317
22.317
22.317
22.317
22.317
22.317
22.317
22.317
22.317
22.317
22.317
22.317
22.3171
22.3171
22.3171
22.3171
22.3171
22.3171
22.3171
22.3171
22.3172
22.3172
22.3172
22.3172
22.3172
22.3173
22.3173
22.3173
22.3173
22.3173
22.3173
22.4223
22.4223
22.4223
22.4223
22.4223
22.4223
22.4222
22.4222
22.4222
22.4222
22.4222
22.4221
22.4221
22.4221
22.4221
22.4221
22.4221
22.4221
22.4221
22.4221
22.422
22.422
22.422
22.422
22.422
22.422
22.422
22.422
22.422
22.422
22.422
22.422
22.422
22.422
22.422
22.422
22.422
22.422
22.422
22.422
22.4221
22.4221
22.4221
22.4221
22.4221
22.4221
22.4221
22.4221
22.4221
22.4222
22.4222
22.4222
22.4222
22.4222
22.4223
22.4223
22.4223
22.4223
22.4223
22.4223
22.5302
22.5302
22.5302
22.5302
22.5302
22.5302
22.5301
22.5301
22.5301
22.5301
22.5301
22.5301
22.53
22.53
22.53
22.53
22.53
22.53
22.53
22.53
22.53
22.5299
22.5299
22.5299
22.5299
22.5299
22.5299
22.5299
22.5299
22.5299
22.5299
22.5299
22.5299
22.5299
22.5299
22.5299
22.5299
22.5299
22.5299
22.53
22.53
22.53
22.53
22.53
22.53
22.53
22.53
22.53
22.5301
22.5301
22.5301
22.5301
22.5301
22.5301
22.5302
22.5302
22.5302
22.5302
22.5302
22.5302
22.6411
22.6411
22.6411
22.6411
22.6411
22.6411
22.6411
22.641
22.641
22.641
22.641
22.641
22.6409
22.6409
22.6409
22.6409
22.6409
22.6409
22.6409
22.6409
22.6409
22.6409
22.6409
22.6408
22.6408
22.6408
22.6408
22.6408
22.6408
22.6408
22.6408
22.6408
22.6408
22.6408
22.6408
22.6408
22.6408
22.6409
22.6409
22.6409
22.6409
22.6409
22.6409
22.6409
22.6409
22.6409
22.6409
22.6409
22.641
22.641
22.641
22.641
22.641
22.6411
22.6411
22.6411
22.6411
22.6411
22.6411
22.6411
22.7551
22.7551
22.7551
22.7551
22.7551
22.7551
22.7551
22.755
22.755
22.755
22.755
22.755
22.7549
22.7549
22.7549
22.7549
22.7549
22.7549
22.7549
22.7549
22.7549
22.7549
22.7549
22.7549
22.7548
22.7548
22.7548
22.7548
22.7548
22.7548
22.7548
22.7548
22.7548
22.7548
22.7548
22.7548
22.7549
22.7549
22.7549
22.7549
22.7549
22.7549
22.7549
22.7549
22.7549
22.7549
22.7549
22.7549
22.755
22.755
22.755
22.755
22.755
22.7551
22.7551
22.7551
22.7551
22.7551
22.7551
22.7551
22.8723
22.8723
22.8723
22.8723
22.8723
22.8723
22.8723
22.8722
22.8722
22.8722
22.8722
22.8722
22.8722
22.8721
22.8721
22.8721
22.8721
22.8721
22.8721
22.8721
22.8721
22.8721
22.8721
22.8721
22.8721
22.8721
22.872
22.872
22.872
22.872
22.872
22.872
22.872
22.872
22.8721
22.8721
22.8721
22.8721
22.8721
22.8721
22.8721
22.8721
22.8721
22.8721
22.8721
22.8721
22.8721
22.8722
22.8722
22.8722
22.8722
22.8722
22.8722
22.8723
22.8723
22.8723
22.8723
22.8723
22.8723
22.8723
22.9928
22.9928
22.9928
22.9928
22.9928
22.9928
22.9928
22.9927
22.9927
22.9927
22.9927
22.9927
22.9927
22.9926
22.9926
22.9926
22.9926
22.9926
22.9926
22.9926
22.9926
22.9926
22.9926
22.9926
22.9926
22.9926
22.9926
22.9926
22.9926
22.9926
22.9926
22.9926
22.9926
22.9926
22.9926
22.9926
22.9926
22.9926
22.9926
22.9926
22.9926
22.9926
22.9926
22.9926
22.9926
22.9926
22.9926
22.9927
22.9927
22.9927
22.9927
22.9927
22.9927
22.9928
22.9928
22.9928
22.9928
22.9928
22.9928
22.9928
23.1167
23.1167
23.1167
23.1167
23.1167
23.1167
23.1167
23.1166
23.1166
23.1166
23.1166
23.1166
23.1166
23.1166
23.1165
23.1165
23.1165
23.1165
23.1165
23.1165
23.1165
23.1165
23.1165
23.1165
23.1165
23.1165
23.1165
23.1165
23.1165
23.1165
23.1165
23.1165
23.1165
23.1165
23.1165
23.1165
23.1165
23.1165
23.1165
23.1165
23.1165
23.1165
23.1165
23.1165
23.1165
23.1165
23.1166
23.1166
23.1166
23.1166
23.1166
23.1166
23.1166
23.1167
23.1167
23.1167
23.1167
23.1167
23.1167
23.1167
23.2442
23.2442
23.2441
23.2441
23.2441
23.2441
23.2441
23.2441
23.2441
23.244
23.244
23.244
23.244
23.244
23.244
23.244
23.244
23.2439
23.2439
23.2439
23.2439
23.2439
23.2439
23.2439
23.2439
23.2439
23.2439
23.2439
23.2439
23.2439
23.2439
23.2439
23.2439
23.2439
23.2439
23.2439
23.2439
23.2439
23.2439
23.2439
23.2439
23.2439
23.2439
23.244
23.244
23.244
23.244
23.244
23.244
23.244
23.244
23.2441
23.2441
23.2441
23.2441
23.2441
23.2441
23.2441
23.2442
23.2442
23.3752
23.3752
23.3752
23.3752
23.3752
23.3752
23.3751
23.3751
23.3751
23.3751
23.3751
23.3751
23.3751
23.375
23.375
23.375
23.375
23.375
23.375
23.375
23.375
23.375
23.375
23.375
23.375
23.375
23.375
23.375
23.375
23.375
23.375
23.375
23.375
23.375
23.375
23.375
23.375
23.375
23.375
23.375
23.375
23.375
23.375
23.375
23.375
23.375
23.375
23.3751
23.3751
23.3751
23.3751
23.3751
23.3751
23.3751
23.3752
23.3752
23.3752
23.3752
23.3752
23.3752
23.51
23.51
23.51
23.51
23.51
23.5099
23.5099
23.5099
23.5099
23.5099
23.5099
23.5099
23.5099
23.5098
23.5098
23.5098
23.5098
23.5098
23.5098
23.5098
23.5098
23.5098
23.5098
23.5098
23.5098
23.5098
23.5098
23.5098
23.5098
23.5098
23.5098
23.5098
23.5098
23.5098
23.5098
23.5098
23.5098
23.5098
23.5098
23.5098
23.5098
23.5098
23.5098
23.5098
23.5098
23.5098
23.5098
23.5099
23.5099
23.5099
23.5099
23.5099
23.5099
23.5099
23.5099
23.51
23.51
23.51
23.51
23.51
23.6486
23.6486
23.6486
23.6486
23.6486
23.6486
23.6486
23.6486
23.6486
23.6485
23.6485
23.6485
23.6485
23.6485
23.6485
23.6485
23.6485
23.6485
23.6485
23.6485
23.6485
23.6484
23.6484
23.6484
23.6484
23.6484
23.6484
23.6484
23.6484
23.6484
23.6484
23.6484
23.6484
23.6484
23.6484
23.6484
23.6484
23.6484
23.6484
23.6485
23.6485
23.6485
23.6485
23.6485
23.6485
23.6485
23.6485
23.6485
23.6485
23.6485
23.6485
23.6486
23.6486
23.6486
23.6486
23.6486
23.6486
23.6486
23.6486
23.6486
23.7913
23.7913
23.7913
23.7912
23.7912
23.7912
23.7912
23.7912
23.7912
23.7912
23.7912
23.7912
23.7912
23.7911
23.7911
23.7911
23.7911
23.7911
23.7911
23.7911
23.7911
23.7911
23.7911
23.7911
23.7911
23.7911
23.7911
23.7911
23.7911
23.7911
23.7911
23.7911
23.7911
23.7911
23.7911
23.7911
23.7911
23.7911
23.7911
23.7911
23.7911
23.7911
23.7911
23.7911
23.7911
23.7911
23.7911
23.7912
23.7912
23.7912
23.7912
23.7912
23.7912
23.7912
23.7912
23.7912
23.7912
23.7913
23.7913
23.7913
23.938
23.938
23.938
23.938
23.938
23.938
23.938
23.9379
23.9379
23.9379
23.9379
23.9379
23.9379
23.9379
23.9379
23.9379
23.9379
23.9379
23.9379
23.9378
23.9378
23.9378
23.9378
23.9378
23.9378
23.9378
23.9378
23.9378
23.9378
23.9378
23.9378
23.9378
23.9378
23.9378
23.9378
23.9378
23.9378
23.9378
23.9378
23.9378
23.9378
23.9379
23.9379
23.9379
23.9379
23.9379
23.9379
23.9379
23.9379
23.9379
23.9379
23.9379
23.9379
23.938
23.938
23.938
23.938
23.938
23.938
23.938
24.0889
24.0889
24.0889
24.0889
24.0889
24.0889
24.0889
24.0889
24.0889
24.0889
24.0889
24.0889
24.0889
24.0889
24.0889
24.0888
24.0888
24.0888
24.0888
24.0888
24.0888
24.0888
24.0888
24.0888
24.0888
24.0888
24.0888
24.0888
24.0888
24.0888
24.0888
24.0888
24.0888
24.0888
24.0888
24.0888
24.0888
24.0888
24.0888
24.0888
24.0888
24.0888
24.0888
24.0888
24.0888
24.0889
24.0889
24.0889
24.0889
24.0889
24.0889
24.0889
24.0889
24.0889
24.0889
24.0889
24.0889
24.0889
24.0889
24.0889
24.2442
24.2442
24.2442
24.2442
24.2442
24.2442
24.2442
24.2442
24.2442
24.2442
24.2442
24.2442
24.2442
24.2442
24.2442
24.2442
24.2442
24.2442
24.2442
24.2442
24.2442
24.2442
24.2442
24.2441
24.2441
24.2441
24.2441
24.2441
24.2441
24.2441
24.2441
24.2441
24.2441
24.2441
24.2441
24.2441
24.2441
24.2442
24.2442
24.2442
24.2442
24.2442
24.2442
24.2442
24.2442
24.2442
24.2442
24.2442
24.2442
24.2442
24.2442
24.2442
24.2442
24.2442
24.2442
24.2442
24.2442
24.2442
24.2442
24.2442
24.404
24.404
24.404
24.4041
24.4041
24.4041
24.404
24.404
24.404
24.404
24.404
24.404
24.404
24.404
24.404
24.404
24.404
24.404
24.404
24.404
24.404
24.404
24.404
24.404
24.404
24.404
24.404
24.404
24.404
24.404
24.404
24.404
24.404
24.404
24.404
24.404
24.404
24.404
24.404
24.404
24.404
24.404
24.404
24.404
24.404
24.404
24.404
24.404
24.404
24.404
24.404
24.404
24.404
24.404
24.4041
24.4041
24.4041
24.404
24.404
24.404
24.5684
24.5685
24.5685
24.5685
24.5685
24.5685
24.5685
24.5685
24.5685
24.5685
24.5685
24.5685
24.5685
24.5684
24.5684
24.5684
24.5684
24.5684
24.5684
24.5684
24.5684
24.5684
24.5684
24.5684
24.5684
24.5684
24.5684
24.5684
24.5684
24.5684
24.5684
24.5684
24.5684
24.5684
24.5684
24.5684
24.5684
24.5684
24.5684
24.5684
24.5684
24.5684
24.5684
24.5684
24.5684
24.5684
24.5684
24.5685
24.5685
24.5685
24.5685
24.5685
24.5685
24.5685
24.5685
24.5685
24.5685
24.5685
24.5685
24.5684
24.7376
24.7376
24.7377
24.7377
24.7377
24.7377
24.7377
24.7377
24.7377
24.7377
24.7377
24.7377
24.7377
24.7377
24.7376
24.7376
24.7376
24.7376
24.7376
24.7376
24.7376
24.7376
24.7376
24.7376
24.7376
24.7376
24.7376
24.7376
24.7376
24.7376
24.7376
24.7376
24.7376
24.7376
24.7376
24.7376
24.7376
24.7376
24.7376
24.7376
24.7376
24.7376
24.7376
24.7376
24.7376
24.7376
24.7377
24.7377
24.7377
24.7377
24.7377
24.7377
24.7377
24.7377
24.7377
24.7377
24.7377
24.7377
24.7376
24.7376
24.9117
24.9118
24.9118
24.9118
24.9118
24.9118
24.9118
24.9118
24.9118
24.9118
24.9118
24.9118
24.9118
24.9118
24.9118
24.9118
24.9118
24.9118
24.9118
24.9118
24.9118
24.9118
24.9118
24.9117
24.9117
24.9117
24.9117
24.9117
24.9117
24.9117
24.9117
24.9117
24.9117
24.9117
24.9117
24.9117
24.9117
24.9118
24.9118
24.9118
24.9118
24.9118
24.9118
24.9118
24.9118
24.9118
24.9118
24.9118
24.9118
24.9118
24.9118
24.9118
24.9118
24.9118
24.9118
24.9118
24.9118
24.9118
24.9118
24.9117
)
;

boundaryField
{
    top
    {
        type            fixedValue;
        value           uniform 25;
    }
    bottom
    {
        type            fixedValue;
        value           uniform 0;
    }
    wall
    {
        type            zeroGradient;
    }
    frontAndBack
    {
        type            empty;
    }
}


// ************************************************************************* //
