/*--------------------------------*- C++ -*----------------------------------*\
| =========                 |                                                 |
| \\      /  F ield         | foam-extend: Open Source CFD                    |
|  \\    /   O peration     | Version:     4.0                                |
|   \\  /    A nd           | Web:         http://www.foam-extend.org         |
|    \\/     M anipulation  |                                                 |
\*---------------------------------------------------------------------------*/
FoamFile
{
    version     2.0;
    format      ascii;
    class       volScalarField;
    location    "250";
    object      psiE;
}
// * * * * * * * * * * * * * * * * * * * * * * * * * * * * * * * * * * * * * //

dimensions      [0 0 0 0 0 0 0];

internalField   nonuniform List<scalar> 
6960
(
0.368809
0.368831
0.368852
0.368869
0.368882
0.368892
0.368899
0.368904
0.368908
0.368911
0.368913
0.368915
0.368916
0.368918
0.368918
0.368919
0.36892
0.368921
0.368921
0.368922
0.368922
0.368922
0.368923
0.368923
0.368923
0.368923
0.368924
0.368924
0.368924
0.368924
0.368924
0.368924
0.368924
0.368924
0.368923
0.368923
0.368923
0.368923
0.368922
0.368922
0.368922
0.368921
0.368921
0.36892
0.368919
0.368918
0.368918
0.368916
0.368915
0.368913
0.368911
0.368908
0.368904
0.368899
0.368892
0.368882
0.368869
0.368852
0.368831
0.368809
0.977607
0.977696
0.977781
0.97785
0.977903
0.977941
0.97797
0.97799
0.978006
0.978017
0.978025
0.978032
0.978037
0.978041
0.978044
0.978047
0.978049
0.978051
0.978053
0.978054
0.978056
0.978057
0.978058
0.978059
0.97806
0.97806
0.978061
0.978061
0.978061
0.978061
0.978061
0.978061
0.978061
0.978061
0.97806
0.97806
0.978059
0.978058
0.978057
0.978056
0.978054
0.978053
0.978051
0.978049
0.978047
0.978044
0.978041
0.978037
0.978032
0.978025
0.978017
0.978006
0.97799
0.97797
0.977941
0.977903
0.97785
0.977781
0.977696
0.977607
1.56571
1.56588
1.56605
1.56618
1.56628
1.56635
1.5664
1.56644
1.56647
1.56649
1.56651
1.56652
1.56653
1.56654
1.56654
1.56655
1.56655
1.56656
1.56656
1.56656
1.56656
1.56657
1.56657
1.56657
1.56657
1.56657
1.56657
1.56657
1.56657
1.56657
1.56657
1.56657
1.56657
1.56657
1.56657
1.56657
1.56657
1.56657
1.56657
1.56656
1.56656
1.56656
1.56656
1.56655
1.56655
1.56654
1.56654
1.56653
1.56652
1.56651
1.56649
1.56647
1.56644
1.5664
1.56635
1.56628
1.56618
1.56605
1.56588
1.56571
2.15621
2.15647
2.15671
2.15691
2.15706
2.15717
2.15725
2.15731
2.15735
2.15739
2.15741
2.15743
2.15744
2.15745
2.15746
2.15747
2.15747
2.15748
2.15748
2.15749
2.15749
2.15749
2.1575
2.1575
2.1575
2.1575
2.1575
2.1575
2.1575
2.1575
2.1575
2.1575
2.1575
2.1575
2.1575
2.1575
2.1575
2.1575
2.15749
2.15749
2.15749
2.15748
2.15748
2.15747
2.15747
2.15746
2.15745
2.15744
2.15743
2.15741
2.15739
2.15735
2.15731
2.15725
2.15717
2.15706
2.15691
2.15671
2.15647
2.15621
2.75501
2.75535
2.75568
2.75595
2.75615
2.7563
2.75641
2.75649
2.75654
2.75659
2.75662
2.75664
2.75666
2.75667
2.75669
2.7567
2.7567
2.75671
2.75672
2.75672
2.75673
2.75673
2.75673
2.75674
2.75674
2.75674
2.75674
2.75674
2.75674
2.75674
2.75674
2.75674
2.75674
2.75674
2.75674
2.75674
2.75674
2.75673
2.75673
2.75673
2.75672
2.75672
2.75671
2.7567
2.7567
2.75669
2.75667
2.75666
2.75664
2.75662
2.75659
2.75654
2.75649
2.75641
2.7563
2.75615
2.75595
2.75568
2.75535
2.75501
3.36347
3.3639
3.36432
3.36465
3.36491
3.3651
3.36523
3.36533
3.36541
3.36546
3.3655
3.36553
3.36555
3.36557
3.36559
3.3656
3.36561
3.36562
3.36562
3.36563
3.36564
3.36564
3.36564
3.36565
3.36565
3.36565
3.36566
3.36566
3.36566
3.36566
3.36566
3.36566
3.36566
3.36566
3.36565
3.36565
3.36565
3.36564
3.36564
3.36564
3.36563
3.36562
3.36562
3.36561
3.3656
3.36559
3.36557
3.36555
3.36553
3.3655
3.36546
3.36541
3.36533
3.36523
3.3651
3.36491
3.36465
3.36432
3.3639
3.36347
3.98176
3.98227
3.98278
3.98318
3.98349
3.98371
3.98388
3.984
3.98409
3.98415
3.9842
3.98424
3.98426
3.98429
3.9843
3.98432
3.98433
3.98434
3.98435
3.98436
3.98436
3.98437
3.98437
3.98438
3.98438
3.98439
3.98439
3.98439
3.98439
3.98439
3.98439
3.98439
3.98439
3.98439
3.98439
3.98438
3.98438
3.98437
3.98437
3.98436
3.98436
3.98435
3.98434
3.98433
3.98432
3.9843
3.98429
3.98426
3.98424
3.9842
3.98415
3.98409
3.984
3.98388
3.98371
3.98349
3.98318
3.98278
3.98227
3.98176
4.60964
4.61024
4.61083
4.6113
4.61166
4.61193
4.61212
4.61227
4.61237
4.61244
4.6125
4.61254
4.61257
4.6126
4.61262
4.61264
4.61265
4.61266
4.61268
4.61268
4.61269
4.6127
4.6127
4.61271
4.61271
4.61272
4.61272
4.61272
4.61272
4.61272
4.61272
4.61272
4.61272
4.61272
4.61272
4.61271
4.61271
4.6127
4.6127
4.61269
4.61268
4.61268
4.61266
4.61265
4.61264
4.61262
4.6126
4.61257
4.61254
4.6125
4.61244
4.61237
4.61227
4.61212
4.61193
4.61166
4.6113
4.61083
4.61024
4.60964
5.24677
5.24746
5.24813
5.24867
5.24909
5.24939
5.24961
5.24978
5.24989
5.24998
5.25004
5.25009
5.25013
5.25016
5.25018
5.2502
5.25022
5.25023
5.25025
5.25026
5.25026
5.25027
5.25028
5.25028
5.25029
5.25029
5.2503
5.2503
5.2503
5.2503
5.2503
5.2503
5.2503
5.2503
5.25029
5.25029
5.25028
5.25028
5.25027
5.25026
5.25026
5.25025
5.25023
5.25022
5.2502
5.25018
5.25016
5.25013
5.25009
5.25004
5.24998
5.24989
5.24978
5.24961
5.24939
5.24909
5.24867
5.24813
5.24746
5.24677
5.89271
5.89348
5.89424
5.89485
5.89531
5.89565
5.8959
5.89609
5.89622
5.89632
5.89639
5.89644
5.89649
5.89652
5.89655
5.89657
5.89659
5.8966
5.89662
5.89663
5.89664
5.89665
5.89666
5.89666
5.89667
5.89667
5.89667
5.89668
5.89668
5.89668
5.89668
5.89668
5.89668
5.89667
5.89667
5.89667
5.89666
5.89666
5.89665
5.89664
5.89663
5.89662
5.8966
5.89659
5.89657
5.89655
5.89652
5.89649
5.89644
5.89639
5.89632
5.89622
5.89609
5.8959
5.89565
5.89531
5.89485
5.89424
5.89348
5.89271
6.54692
6.54778
6.54862
6.54929
6.54981
6.55019
6.55047
6.55067
6.55082
6.55093
6.55101
6.55107
6.55112
6.55116
6.55119
6.55121
6.55123
6.55125
6.55126
6.55128
6.55129
6.5513
6.55131
6.55131
6.55132
6.55132
6.55133
6.55133
6.55133
6.55133
6.55133
6.55133
6.55133
6.55133
6.55132
6.55132
6.55131
6.55131
6.5513
6.55129
6.55128
6.55126
6.55125
6.55123
6.55121
6.55119
6.55116
6.55112
6.55107
6.55101
6.55093
6.55082
6.55067
6.55047
6.55019
6.54981
6.54929
6.54862
6.54778
6.54692
7.2088
7.20974
7.21066
7.21141
7.21197
7.21239
7.2127
7.21292
7.21308
7.2132
7.21329
7.21336
7.21341
7.21345
7.21348
7.21351
7.21353
7.21355
7.21357
7.21359
7.2136
7.21361
7.21362
7.21363
7.21363
7.21364
7.21364
7.21365
7.21365
7.21365
7.21365
7.21365
7.21365
7.21364
7.21364
7.21363
7.21363
7.21362
7.21361
7.2136
7.21359
7.21357
7.21355
7.21353
7.21351
7.21348
7.21345
7.21341
7.21336
7.21329
7.2132
7.21308
7.21292
7.2127
7.21239
7.21197
7.21141
7.21066
7.20974
7.2088
7.87764
7.87866
7.87966
7.88047
7.88108
7.88154
7.88187
7.88211
7.88229
7.88242
7.88252
7.88259
7.88265
7.88269
7.88273
7.88276
7.88279
7.88281
7.88283
7.88284
7.88286
7.88287
7.88288
7.88289
7.88289
7.8829
7.88291
7.88291
7.88291
7.88291
7.88291
7.88291
7.88291
7.88291
7.8829
7.88289
7.88289
7.88288
7.88287
7.88286
7.88284
7.88283
7.88281
7.88279
7.88276
7.88273
7.88269
7.88265
7.88259
7.88252
7.88242
7.88229
7.88211
7.88187
7.88154
7.88108
7.88047
7.87966
7.87866
7.87764
8.55261
8.55371
8.55478
8.55565
8.55632
8.55681
8.55717
8.55743
8.55762
8.55776
8.55787
8.55795
8.55801
8.55806
8.5581
8.55813
8.55816
8.55818
8.5582
8.55822
8.55823
8.55825
8.55826
8.55827
8.55828
8.55828
8.55829
8.55829
8.5583
8.5583
8.5583
8.5583
8.55829
8.55829
8.55828
8.55828
8.55827
8.55826
8.55825
8.55823
8.55822
8.5582
8.55818
8.55816
8.55813
8.5581
8.55806
8.55801
8.55795
8.55787
8.55776
8.55762
8.55743
8.55717
8.55681
8.55632
8.55565
8.55478
8.55371
8.55261
9.23275
9.23393
9.23508
9.23602
9.23672
9.23725
9.23764
9.23792
9.23812
9.23827
9.23838
9.23847
9.23854
9.23859
9.23863
9.23867
9.2387
9.23872
9.23875
9.23876
9.23878
9.2388
9.23881
9.23882
9.23883
9.23883
9.23884
9.23884
9.23885
9.23885
9.23885
9.23885
9.23884
9.23884
9.23883
9.23883
9.23882
9.23881
9.2388
9.23878
9.23876
9.23875
9.23872
9.2387
9.23867
9.23863
9.23859
9.23854
9.23847
9.23838
9.23827
9.23812
9.23792
9.23764
9.23725
9.23672
9.23602
9.23508
9.23393
9.23275
9.91699
9.91824
9.91947
9.92046
9.92121
9.92177
9.92218
9.92248
9.92269
9.92285
9.92298
9.92307
9.92314
9.92319
9.92324
9.92328
9.92331
9.92334
9.92336
9.92338
9.9234
9.92342
9.92343
9.92344
9.92345
9.92346
9.92346
9.92347
9.92347
9.92347
9.92347
9.92347
9.92347
9.92346
9.92346
9.92345
9.92344
9.92343
9.92342
9.9234
9.92338
9.92336
9.92334
9.92331
9.92328
9.92324
9.92319
9.92314
9.92307
9.92298
9.92285
9.92269
9.92248
9.92218
9.92177
9.92121
9.92046
9.91947
9.91824
9.91699
10.6041
10.6054
10.6067
10.6077
10.6085
10.6091
10.6095
10.6098
10.6101
10.6102
10.6104
10.6105
10.6106
10.6106
10.6107
10.6107
10.6107
10.6108
10.6108
10.6108
10.6108
10.6108
10.6109
10.6109
10.6109
10.6109
10.6109
10.6109
10.6109
10.6109
10.6109
10.6109
10.6109
10.6109
10.6109
10.6109
10.6109
10.6109
10.6108
10.6108
10.6108
10.6108
10.6108
10.6107
10.6107
10.6107
10.6106
10.6106
10.6105
10.6104
10.6102
10.6101
10.6098
10.6095
10.6091
10.6085
10.6077
10.6067
10.6054
10.6041
11.2925
11.2939
11.2952
11.2963
11.2972
11.2978
11.2983
11.2986
11.2988
11.299
11.2991
11.2992
11.2993
11.2994
11.2994
11.2995
11.2995
11.2996
11.2996
11.2996
11.2996
11.2996
11.2997
11.2997
11.2997
11.2997
11.2997
11.2997
11.2997
11.2997
11.2997
11.2997
11.2997
11.2997
11.2997
11.2997
11.2997
11.2997
11.2996
11.2996
11.2996
11.2996
11.2996
11.2995
11.2995
11.2994
11.2994
11.2993
11.2992
11.2991
11.299
11.2988
11.2986
11.2983
11.2978
11.2972
11.2963
11.2952
11.2939
11.2925
11.9807
11.9821
11.9835
11.9847
11.9856
11.9862
11.9867
11.987
11.9873
11.9875
11.9876
11.9877
11.9878
11.9879
11.9879
11.988
11.988
11.988
11.9881
11.9881
11.9881
11.9881
11.9881
11.9882
11.9882
11.9882
11.9882
11.9882
11.9882
11.9882
11.9882
11.9882
11.9882
11.9882
11.9882
11.9882
11.9882
11.9881
11.9881
11.9881
11.9881
11.9881
11.988
11.988
11.988
11.9879
11.9879
11.9878
11.9877
11.9876
11.9875
11.9873
11.987
11.9867
11.9862
11.9856
11.9847
11.9835
11.9821
11.9807
12.6667
12.6682
12.6696
12.6708
12.6717
12.6724
12.6729
12.6732
12.6735
12.6737
12.6738
12.6739
12.674
12.6741
12.6742
12.6742
12.6743
12.6743
12.6743
12.6743
12.6744
12.6744
12.6744
12.6744
12.6744
12.6744
12.6745
12.6745
12.6745
12.6745
12.6745
12.6745
12.6745
12.6745
12.6744
12.6744
12.6744
12.6744
12.6744
12.6744
12.6743
12.6743
12.6743
12.6743
12.6742
12.6742
12.6741
12.674
12.6739
12.6738
12.6737
12.6735
12.6732
12.6729
12.6724
12.6717
12.6708
12.6696
12.6682
12.6667
13.3482
13.3498
13.3513
13.3525
13.3534
13.3541
13.3546
13.355
13.3553
13.3555
13.3556
13.3557
13.3558
13.3559
13.356
13.356
13.3561
13.3561
13.3561
13.3562
13.3562
13.3562
13.3562
13.3562
13.3563
13.3563
13.3563
13.3563
13.3563
13.3563
13.3563
13.3563
13.3563
13.3563
13.3563
13.3563
13.3562
13.3562
13.3562
13.3562
13.3562
13.3561
13.3561
13.3561
13.356
13.356
13.3559
13.3558
13.3557
13.3556
13.3555
13.3553
13.355
13.3546
13.3541
13.3534
13.3525
13.3513
13.3498
13.3482
14.0228
14.0244
14.026
14.0272
14.0282
14.0289
14.0294
14.0298
14.03
14.0303
14.0304
14.0305
14.0306
14.0307
14.0308
14.0308
14.0309
14.0309
14.0309
14.031
14.031
14.031
14.031
14.0311
14.0311
14.0311
14.0311
14.0311
14.0311
14.0311
14.0311
14.0311
14.0311
14.0311
14.0311
14.0311
14.0311
14.031
14.031
14.031
14.031
14.0309
14.0309
14.0309
14.0308
14.0308
14.0307
14.0306
14.0305
14.0304
14.0303
14.03
14.0298
14.0294
14.0289
14.0282
14.0272
14.026
14.0244
14.0228
14.6875
14.6891
14.6907
14.692
14.6929
14.6936
14.6942
14.6945
14.6948
14.695
14.6952
14.6953
14.6954
14.6955
14.6956
14.6956
14.6957
14.6957
14.6958
14.6958
14.6958
14.6958
14.6959
14.6959
14.6959
14.6959
14.6959
14.6959
14.6959
14.6959
14.6959
14.6959
14.6959
14.6959
14.6959
14.6959
14.6959
14.6959
14.6958
14.6958
14.6958
14.6958
14.6957
14.6957
14.6956
14.6956
14.6955
14.6954
14.6953
14.6952
14.695
14.6948
14.6945
14.6942
14.6936
14.6929
14.692
14.6907
14.6891
14.6875
15.3388
15.3404
15.342
15.3432
15.3442
15.3449
15.3455
15.3459
15.3461
15.3464
15.3465
15.3467
15.3468
15.3468
15.3469
15.347
15.347
15.3471
15.3471
15.3471
15.3472
15.3472
15.3472
15.3472
15.3472
15.3473
15.3473
15.3473
15.3473
15.3473
15.3473
15.3473
15.3473
15.3473
15.3473
15.3472
15.3472
15.3472
15.3472
15.3472
15.3471
15.3471
15.3471
15.347
15.347
15.3469
15.3468
15.3468
15.3467
15.3465
15.3464
15.3461
15.3459
15.3455
15.3449
15.3442
15.3432
15.342
15.3404
15.3388
15.9725
15.9741
15.9757
15.977
15.9779
15.9786
15.9792
15.9796
15.9799
15.9801
15.9802
15.9804
15.9805
15.9806
15.9806
15.9807
15.9807
15.9808
15.9808
15.9809
15.9809
15.9809
15.981
15.981
15.981
15.981
15.981
15.981
15.981
15.981
15.981
15.981
15.981
15.981
15.981
15.981
15.981
15.981
15.9809
15.9809
15.9809
15.9808
15.9808
15.9807
15.9807
15.9806
15.9806
15.9805
15.9804
15.9802
15.9801
15.9799
15.9796
15.9792
15.9786
15.9779
15.977
15.9757
15.9741
15.9725
16.5839
16.5855
16.587
16.5882
16.5892
16.5899
16.5904
16.5908
16.5911
16.5913
16.5915
16.5916
16.5917
16.5918
16.5919
16.592
16.592
16.5921
16.5921
16.5921
16.5922
16.5922
16.5922
16.5922
16.5923
16.5923
16.5923
16.5923
16.5923
16.5923
16.5923
16.5923
16.5923
16.5923
16.5923
16.5923
16.5922
16.5922
16.5922
16.5922
16.5921
16.5921
16.5921
16.592
16.592
16.5919
16.5918
16.5917
16.5916
16.5915
16.5913
16.5911
16.5908
16.5904
16.5899
16.5892
16.5882
16.587
16.5855
16.5839
17.167
17.1685
17.17
17.1712
17.1722
17.1728
17.1734
17.1737
17.174
17.1742
17.1744
17.1745
17.1746
17.1747
17.1748
17.1749
17.1749
17.175
17.175
17.1751
17.1751
17.1751
17.1751
17.1752
17.1752
17.1752
17.1752
17.1752
17.1752
17.1752
17.1752
17.1752
17.1752
17.1752
17.1752
17.1752
17.1752
17.1751
17.1751
17.1751
17.1751
17.175
17.175
17.1749
17.1749
17.1748
17.1747
17.1746
17.1745
17.1744
17.1742
17.174
17.1737
17.1734
17.1728
17.1722
17.1712
17.17
17.1685
17.167
17.7149
17.7164
17.7178
17.7189
17.7198
17.7205
17.7209
17.7213
17.7216
17.7218
17.722
17.7221
17.7222
17.7223
17.7224
17.7224
17.7225
17.7225
17.7226
17.7226
17.7227
17.7227
17.7227
17.7227
17.7228
17.7228
17.7228
17.7228
17.7228
17.7228
17.7228
17.7228
17.7228
17.7228
17.7228
17.7228
17.7227
17.7227
17.7227
17.7227
17.7226
17.7226
17.7225
17.7225
17.7224
17.7224
17.7223
17.7222
17.7221
17.722
17.7218
17.7216
17.7213
17.7209
17.7205
17.7198
17.7189
17.7178
17.7164
17.7149
18.2193
18.2207
18.222
18.223
18.2238
18.2244
18.2249
18.2252
18.2255
18.2257
18.2258
18.226
18.2261
18.2262
18.2262
18.2263
18.2264
18.2264
18.2265
18.2265
18.2265
18.2266
18.2266
18.2266
18.2266
18.2267
18.2267
18.2267
18.2267
18.2267
18.2267
18.2267
18.2267
18.2267
18.2267
18.2266
18.2266
18.2266
18.2266
18.2265
18.2265
18.2265
18.2264
18.2264
18.2263
18.2262
18.2262
18.2261
18.226
18.2258
18.2257
18.2255
18.2252
18.2249
18.2244
18.2238
18.223
18.222
18.2207
18.2193
18.671
18.6722
18.6733
18.6743
18.675
18.6755
18.6759
18.6763
18.6765
18.6767
18.6768
18.677
18.6771
18.6771
18.6772
18.6773
18.6774
18.6774
18.6775
18.6775
18.6775
18.6776
18.6776
18.6776
18.6776
18.6777
18.6777
18.6777
18.6777
18.6777
18.6777
18.6777
18.6777
18.6777
18.6777
18.6776
18.6776
18.6776
18.6776
18.6775
18.6775
18.6775
18.6774
18.6774
18.6773
18.6772
18.6771
18.6771
18.677
18.6768
18.6767
18.6765
18.6763
18.6759
18.6755
18.675
18.6743
18.6733
18.6722
18.671
19.0612
19.0622
19.0632
19.064
19.0646
19.065
19.0654
19.0657
19.0659
19.0661
19.0662
19.0663
19.0664
19.0665
19.0666
19.0666
19.0667
19.0668
19.0668
19.0668
19.0669
19.0669
19.0669
19.067
19.067
19.067
19.067
19.067
19.0671
19.0671
19.0671
19.0671
19.067
19.067
19.067
19.067
19.067
19.0669
19.0669
19.0669
19.0668
19.0668
19.0668
19.0667
19.0666
19.0666
19.0665
19.0664
19.0663
19.0662
19.0661
19.0659
19.0657
19.0654
19.065
19.0646
19.064
19.0632
19.0622
19.0612
19.3843
19.3851
19.3858
19.3865
19.387
19.3873
19.3876
19.3879
19.3881
19.3882
19.3883
19.3884
19.3885
19.3886
19.3887
19.3888
19.3888
19.3889
19.3889
19.389
19.389
19.3891
19.3891
19.3891
19.3891
19.3892
19.3892
19.3892
19.3892
19.3892
19.3892
19.3892
19.3892
19.3892
19.3892
19.3891
19.3891
19.3891
19.3891
19.389
19.389
19.3889
19.3889
19.3888
19.3888
19.3887
19.3886
19.3885
19.3884
19.3883
19.3882
19.3881
19.3879
19.3876
19.3873
19.387
19.3865
19.3858
19.3851
19.3843
19.6406
19.6411
19.6417
19.6422
19.6426
19.6429
19.6431
19.6433
19.6434
19.6436
19.6437
19.6438
19.6439
19.644
19.644
19.6441
19.6442
19.6442
19.6443
19.6443
19.6444
19.6444
19.6444
19.6445
19.6445
19.6445
19.6445
19.6445
19.6445
19.6445
19.6445
19.6445
19.6445
19.6445
19.6445
19.6445
19.6445
19.6444
19.6444
19.6444
19.6443
19.6443
19.6442
19.6442
19.6441
19.644
19.644
19.6439
19.6438
19.6437
19.6436
19.6434
19.6433
19.6431
19.6429
19.6426
19.6422
19.6417
19.6411
19.6406
19.8372
19.8376
19.838
19.8383
19.8386
19.8388
19.839
19.8392
19.8393
19.8394
19.8395
19.8396
19.8397
19.8398
19.8399
19.8399
19.84
19.84
19.8401
19.8401
19.8402
19.8402
19.8403
19.8403
19.8403
19.8403
19.8404
19.8404
19.8404
19.8404
19.8404
19.8404
19.8404
19.8404
19.8403
19.8403
19.8403
19.8403
19.8402
19.8402
19.8401
19.8401
19.84
19.84
19.8399
19.8399
19.8398
19.8397
19.8396
19.8395
19.8394
19.8393
19.8392
19.839
19.8388
19.8386
19.8383
19.838
19.8376
19.8372
19.9859
19.9861
19.9864
19.9866
19.9868
19.987
19.9871
19.9873
19.9874
19.9875
19.9876
19.9877
19.9877
19.9878
19.9879
19.988
19.988
19.9881
19.9882
19.9882
19.9882
19.9883
19.9883
19.9884
19.9884
19.9884
19.9884
19.9884
19.9884
19.9884
19.9884
19.9884
19.9884
19.9884
19.9884
19.9884
19.9884
19.9883
19.9883
19.9882
19.9882
19.9882
19.9881
19.988
19.988
19.9879
19.9878
19.9877
19.9877
19.9876
19.9875
19.9874
19.9873
19.9871
19.987
19.9868
19.9866
19.9864
19.9861
19.9859
20.099
20.0992
20.0993
20.0995
20.0997
20.0998
20.0999
20.1
20.1001
20.1002
20.1003
20.1004
20.1005
20.1006
20.1006
20.1007
20.1008
20.1008
20.1009
20.1009
20.101
20.101
20.1011
20.1011
20.1011
20.1012
20.1012
20.1012
20.1012
20.1012
20.1012
20.1012
20.1012
20.1012
20.1012
20.1011
20.1011
20.1011
20.101
20.101
20.1009
20.1009
20.1008
20.1008
20.1007
20.1006
20.1006
20.1005
20.1004
20.1003
20.1002
20.1001
20.1
20.0999
20.0998
20.0997
20.0995
20.0993
20.0992
20.099
20.1871
20.1872
20.1873
20.1874
20.1876
20.1877
20.1878
20.1878
20.1879
20.188
20.1881
20.1882
20.1883
20.1884
20.1885
20.1885
20.1886
20.1887
20.1887
20.1888
20.1888
20.1889
20.1889
20.1889
20.189
20.189
20.189
20.189
20.189
20.189
20.189
20.189
20.189
20.189
20.189
20.189
20.1889
20.1889
20.1889
20.1888
20.1888
20.1887
20.1887
20.1886
20.1885
20.1885
20.1884
20.1883
20.1882
20.1881
20.188
20.1879
20.1878
20.1878
20.1877
20.1876
20.1874
20.1873
20.1872
20.1871
20.2577
20.2577
20.2578
20.2579
20.258
20.258
20.2581
20.2582
20.2583
20.2584
20.2585
20.2586
20.2587
20.2587
20.2588
20.2589
20.259
20.259
20.2591
20.2591
20.2592
20.2592
20.2593
20.2593
20.2593
20.2594
20.2594
20.2594
20.2594
20.2594
20.2594
20.2594
20.2594
20.2594
20.2594
20.2593
20.2593
20.2593
20.2592
20.2592
20.2591
20.2591
20.259
20.259
20.2589
20.2588
20.2587
20.2587
20.2586
20.2585
20.2584
20.2583
20.2582
20.2581
20.258
20.258
20.2579
20.2578
20.2577
20.2577
20.3157
20.3157
20.3157
20.3158
20.3158
20.3159
20.316
20.316
20.3161
20.3162
20.3163
20.3164
20.3165
20.3166
20.3166
20.3167
20.3168
20.3169
20.3169
20.317
20.317
20.3171
20.3171
20.3172
20.3172
20.3172
20.3172
20.3173
20.3173
20.3173
20.3173
20.3173
20.3173
20.3172
20.3172
20.3172
20.3172
20.3171
20.3171
20.317
20.317
20.3169
20.3169
20.3168
20.3167
20.3166
20.3166
20.3165
20.3164
20.3163
20.3162
20.3161
20.316
20.316
20.3159
20.3158
20.3158
20.3157
20.3157
20.3157
20.3642
20.3642
20.3642
20.3642
20.3643
20.3643
20.3644
20.3645
20.3645
20.3646
20.3647
20.3648
20.3649
20.365
20.3651
20.3652
20.3652
20.3653
20.3654
20.3654
20.3655
20.3655
20.3656
20.3656
20.3656
20.3657
20.3657
20.3657
20.3657
20.3657
20.3657
20.3657
20.3657
20.3657
20.3657
20.3656
20.3656
20.3656
20.3655
20.3655
20.3654
20.3654
20.3653
20.3652
20.3652
20.3651
20.365
20.3649
20.3648
20.3647
20.3646
20.3645
20.3645
20.3644
20.3643
20.3643
20.3642
20.3642
20.3642
20.3642
20.4054
20.4053
20.4053
20.4053
20.4054
20.4054
20.4055
20.4055
20.4056
20.4057
20.4058
20.4059
20.406
20.4061
20.4062
20.4063
20.4063
20.4064
20.4065
20.4065
20.4066
20.4066
20.4067
20.4067
20.4068
20.4068
20.4068
20.4068
20.4068
20.4068
20.4068
20.4068
20.4068
20.4068
20.4068
20.4068
20.4067
20.4067
20.4066
20.4066
20.4065
20.4065
20.4064
20.4063
20.4063
20.4062
20.4061
20.406
20.4059
20.4058
20.4057
20.4056
20.4055
20.4055
20.4054
20.4054
20.4053
20.4053
20.4053
20.4054
20.4405
20.4405
20.4405
20.4405
20.4405
20.4405
20.4406
20.4407
20.4408
20.4408
20.4409
20.441
20.4411
20.4412
20.4413
20.4414
20.4415
20.4416
20.4416
20.4417
20.4417
20.4418
20.4418
20.4419
20.4419
20.442
20.442
20.442
20.442
20.442
20.442
20.442
20.442
20.442
20.442
20.4419
20.4419
20.4418
20.4418
20.4417
20.4417
20.4416
20.4416
20.4415
20.4414
20.4413
20.4412
20.4411
20.441
20.4409
20.4408
20.4408
20.4407
20.4406
20.4405
20.4405
20.4405
20.4405
20.4405
20.4405
20.4707
20.4707
20.4706
20.4706
20.4707
20.4707
20.4708
20.4708
20.4709
20.471
20.4711
20.4712
20.4713
20.4714
20.4715
20.4716
20.4716
20.4717
20.4718
20.4719
20.4719
20.472
20.472
20.4721
20.4721
20.4721
20.4722
20.4722
20.4722
20.4722
20.4722
20.4722
20.4722
20.4722
20.4721
20.4721
20.4721
20.472
20.472
20.4719
20.4719
20.4718
20.4717
20.4716
20.4716
20.4715
20.4714
20.4713
20.4712
20.4711
20.471
20.4709
20.4708
20.4708
20.4707
20.4707
20.4706
20.4706
20.4707
20.4707
20.4967
20.4966
20.4966
20.4965
20.4966
20.4966
20.4966
20.4967
20.4968
20.4969
20.497
20.4971
20.4972
20.4973
20.4974
20.4975
20.4976
20.4976
20.4977
20.4978
20.4978
20.4979
20.498
20.498
20.498
20.4981
20.4981
20.4981
20.4981
20.4981
20.4981
20.4981
20.4981
20.4981
20.4981
20.498
20.498
20.498
20.4979
20.4978
20.4978
20.4977
20.4976
20.4976
20.4975
20.4974
20.4973
20.4972
20.4971
20.497
20.4969
20.4968
20.4967
20.4966
20.4966
20.4966
20.4965
20.4966
20.4966
20.4967
20.5189
20.5188
20.5187
20.5187
20.5187
20.5188
20.5188
20.5189
20.519
20.5191
20.5192
20.5193
20.5194
20.5195
20.5196
20.5197
20.5197
20.5198
20.5199
20.52
20.5201
20.5201
20.5202
20.5202
20.5203
20.5203
20.5203
20.5203
20.5203
20.5204
20.5204
20.5203
20.5203
20.5203
20.5203
20.5203
20.5202
20.5202
20.5201
20.5201
20.52
20.5199
20.5198
20.5197
20.5197
20.5196
20.5195
20.5194
20.5193
20.5192
20.5191
20.519
20.5189
20.5188
20.5188
20.5187
20.5187
20.5187
20.5188
20.5189
20.5378
20.5377
20.5376
20.5376
20.5376
20.5376
20.5377
20.5378
20.5378
20.5379
20.538
20.5381
20.5382
20.5384
20.5385
20.5386
20.5386
20.5387
20.5388
20.5389
20.539
20.539
20.5391
20.5391
20.5392
20.5392
20.5392
20.5393
20.5393
20.5393
20.5393
20.5393
20.5393
20.5392
20.5392
20.5392
20.5391
20.5391
20.539
20.539
20.5389
20.5388
20.5387
20.5386
20.5386
20.5385
20.5384
20.5382
20.5381
20.538
20.5379
20.5378
20.5378
20.5377
20.5376
20.5376
20.5376
20.5376
20.5377
20.5378
20.5537
20.5536
20.5536
20.5535
20.5535
20.5535
20.5536
20.5537
20.5538
20.5538
20.5539
20.5541
20.5542
20.5543
20.5544
20.5545
20.5546
20.5547
20.5548
20.5548
20.5549
20.555
20.555
20.5551
20.5551
20.5552
20.5552
20.5552
20.5552
20.5552
20.5552
20.5552
20.5552
20.5552
20.5552
20.5551
20.5551
20.555
20.555
20.5549
20.5548
20.5548
20.5547
20.5546
20.5545
20.5544
20.5543
20.5542
20.5541
20.5539
20.5538
20.5538
20.5537
20.5536
20.5535
20.5535
20.5535
20.5536
20.5536
20.5537
20.5669
20.5668
20.5668
20.5667
20.5667
20.5667
20.5668
20.5669
20.5669
20.567
20.5672
20.5673
20.5674
20.5675
20.5676
20.5677
20.5678
20.5679
20.568
20.5681
20.5681
20.5682
20.5683
20.5683
20.5684
20.5684
20.5684
20.5685
20.5685
20.5685
20.5685
20.5685
20.5685
20.5684
20.5684
20.5684
20.5683
20.5683
20.5682
20.5681
20.5681
20.568
20.5679
20.5678
20.5677
20.5676
20.5675
20.5674
20.5673
20.5672
20.567
20.5669
20.5669
20.5668
20.5667
20.5667
20.5667
20.5668
20.5668
20.5669
20.5776
20.5775
20.5775
20.5774
20.5774
20.5774
20.5775
20.5776
20.5776
20.5777
20.5779
20.578
20.5781
20.5782
20.5783
20.5784
20.5785
20.5786
20.5787
20.5788
20.5789
20.579
20.579
20.5791
20.5791
20.5792
20.5792
20.5792
20.5792
20.5792
20.5792
20.5792
20.5792
20.5792
20.5792
20.5791
20.5791
20.579
20.579
20.5789
20.5788
20.5787
20.5786
20.5785
20.5784
20.5783
20.5782
20.5781
20.578
20.5779
20.5777
20.5776
20.5776
20.5775
20.5774
20.5774
20.5774
20.5775
20.5775
20.5776
20.586
20.5859
20.5858
20.5858
20.5858
20.5858
20.5858
20.5859
20.586
20.5861
20.5862
20.5863
20.5865
20.5866
20.5867
20.5868
20.5869
20.587
20.5871
20.5872
20.5873
20.5874
20.5874
20.5875
20.5875
20.5876
20.5876
20.5876
20.5876
20.5877
20.5877
20.5876
20.5876
20.5876
20.5876
20.5875
20.5875
20.5874
20.5874
20.5873
20.5872
20.5871
20.587
20.5869
20.5868
20.5867
20.5866
20.5865
20.5863
20.5862
20.5861
20.586
20.5859
20.5858
20.5858
20.5858
20.5858
20.5858
20.5859
20.586
20.5922
20.5921
20.592
20.5919
20.5919
20.592
20.592
20.5921
20.5922
20.5923
20.5924
20.5925
20.5926
20.5928
20.5929
20.593
20.5931
20.5932
20.5933
20.5934
20.5935
20.5936
20.5936
20.5937
20.5937
20.5938
20.5938
20.5938
20.5939
20.5939
20.5939
20.5939
20.5938
20.5938
20.5938
20.5937
20.5937
20.5936
20.5936
20.5935
20.5934
20.5933
20.5932
20.5931
20.593
20.5929
20.5928
20.5926
20.5925
20.5924
20.5923
20.5922
20.5921
20.592
20.592
20.5919
20.5919
20.592
20.5921
20.5922
20.5962
20.5961
20.596
20.596
20.596
20.596
20.596
20.5961
20.5962
20.5963
20.5964
20.5966
20.5967
20.5968
20.597
20.5971
20.5972
20.5973
20.5974
20.5975
20.5976
20.5977
20.5977
20.5978
20.5978
20.5979
20.5979
20.5979
20.598
20.598
20.598
20.598
20.5979
20.5979
20.5979
20.5978
20.5978
20.5977
20.5977
20.5976
20.5975
20.5974
20.5973
20.5972
20.5971
20.597
20.5968
20.5967
20.5966
20.5964
20.5963
20.5962
20.5961
20.596
20.596
20.596
20.596
20.596
20.5961
20.5962
20.5983
20.5982
20.5981
20.598
20.598
20.598
20.5981
20.5981
20.5982
20.5984
20.5985
20.5986
20.5987
20.5989
20.599
20.5991
20.5992
20.5994
20.5995
20.5996
20.5997
20.5997
20.5998
20.5999
20.5999
20.6
20.6
20.6
20.6
20.6001
20.6001
20.6
20.6
20.6
20.6
20.5999
20.5999
20.5998
20.5997
20.5997
20.5996
20.5995
20.5994
20.5992
20.5991
20.599
20.5989
20.5987
20.5986
20.5985
20.5984
20.5982
20.5981
20.5981
20.598
20.598
20.598
20.5981
20.5982
20.5983
20.5983
20.5982
20.5981
20.5981
20.598
20.5981
20.5981
20.5982
20.5983
20.5984
20.5985
20.5987
20.5988
20.5989
20.5991
20.5992
20.5993
20.5994
20.5996
20.5997
20.5998
20.5998
20.5999
20.6
20.6
20.6001
20.6001
20.6001
20.6002
20.6002
20.6002
20.6002
20.6001
20.6001
20.6001
20.6
20.6
20.5999
20.5998
20.5998
20.5997
20.5996
20.5994
20.5993
20.5992
20.5991
20.5989
20.5988
20.5987
20.5985
20.5984
20.5983
20.5982
20.5981
20.5981
20.598
20.5981
20.5981
20.5982
20.5983
20.5965
20.5963
20.5962
20.5962
20.5961
20.5962
20.5962
20.5963
20.5964
20.5965
20.5966
20.5968
20.5969
20.5971
20.5972
20.5973
20.5975
20.5976
20.5977
20.5978
20.5979
20.598
20.5981
20.5981
20.5982
20.5982
20.5983
20.5983
20.5983
20.5983
20.5983
20.5983
20.5983
20.5983
20.5982
20.5982
20.5981
20.5981
20.598
20.5979
20.5978
20.5977
20.5976
20.5975
20.5973
20.5972
20.5971
20.5969
20.5968
20.5966
20.5965
20.5964
20.5963
20.5962
20.5962
20.5961
20.5962
20.5962
20.5963
20.5965
20.5926
20.5925
20.5924
20.5923
20.5923
20.5923
20.5924
20.5925
20.5926
20.5927
20.5928
20.593
20.5931
20.5933
20.5934
20.5936
20.5937
20.5938
20.5939
20.594
20.5941
20.5942
20.5943
20.5944
20.5944
20.5945
20.5945
20.5946
20.5946
20.5946
20.5946
20.5946
20.5946
20.5945
20.5945
20.5944
20.5944
20.5943
20.5942
20.5941
20.594
20.5939
20.5938
20.5937
20.5936
20.5934
20.5933
20.5931
20.593
20.5928
20.5927
20.5926
20.5925
20.5924
20.5923
20.5923
20.5923
20.5924
20.5925
20.5926
20.5869
20.5868
20.5866
20.5866
20.5866
20.5866
20.5866
20.5867
20.5868
20.587
20.5871
20.5872
20.5874
20.5875
20.5877
20.5878
20.588
20.5881
20.5882
20.5883
20.5884
20.5885
20.5886
20.5887
20.5887
20.5888
20.5888
20.5889
20.5889
20.5889
20.5889
20.5889
20.5889
20.5888
20.5888
20.5887
20.5887
20.5886
20.5885
20.5884
20.5883
20.5882
20.5881
20.588
20.5878
20.5877
20.5875
20.5874
20.5872
20.5871
20.587
20.5868
20.5867
20.5866
20.5866
20.5866
20.5866
20.5866
20.5868
20.5869
20.5792
20.5791
20.5789
20.5789
20.5789
20.5789
20.5789
20.579
20.5791
20.5793
20.5794
20.5796
20.5797
20.5799
20.58
20.5802
20.5803
20.5805
20.5806
20.5807
20.5808
20.5809
20.581
20.5811
20.5811
20.5812
20.5812
20.5812
20.5813
20.5813
20.5813
20.5813
20.5812
20.5812
20.5812
20.5811
20.5811
20.581
20.5809
20.5808
20.5807
20.5806
20.5805
20.5803
20.5802
20.58
20.5799
20.5797
20.5796
20.5794
20.5793
20.5791
20.579
20.5789
20.5789
20.5789
20.5789
20.5789
20.5791
20.5792
20.5696
20.5694
20.5693
20.5692
20.5692
20.5692
20.5693
20.5693
20.5695
20.5696
20.5697
20.5699
20.5701
20.5702
20.5704
20.5705
20.5707
20.5708
20.571
20.5711
20.5712
20.5713
20.5714
20.5715
20.5715
20.5716
20.5716
20.5717
20.5717
20.5717
20.5717
20.5717
20.5717
20.5716
20.5716
20.5715
20.5715
20.5714
20.5713
20.5712
20.5711
20.571
20.5708
20.5707
20.5705
20.5704
20.5702
20.5701
20.5699
20.5697
20.5696
20.5695
20.5693
20.5693
20.5692
20.5692
20.5692
20.5693
20.5694
20.5696
20.5579
20.5577
20.5576
20.5575
20.5575
20.5575
20.5576
20.5577
20.5578
20.5579
20.5581
20.5582
20.5584
20.5586
20.5587
20.5589
20.559
20.5592
20.5593
20.5594
20.5596
20.5597
20.5598
20.5598
20.5599
20.56
20.56
20.56
20.5601
20.5601
20.5601
20.5601
20.56
20.56
20.56
20.5599
20.5598
20.5598
20.5597
20.5596
20.5594
20.5593
20.5592
20.559
20.5589
20.5587
20.5586
20.5584
20.5582
20.5581
20.5579
20.5578
20.5577
20.5576
20.5575
20.5575
20.5575
20.5576
20.5577
20.5579
20.5441
20.5439
20.5438
20.5437
20.5437
20.5437
20.5438
20.5439
20.544
20.5441
20.5443
20.5445
20.5446
20.5448
20.545
20.5452
20.5453
20.5455
20.5456
20.5457
20.5459
20.546
20.5461
20.5461
20.5462
20.5463
20.5463
20.5463
20.5464
20.5464
20.5464
20.5464
20.5463
20.5463
20.5463
20.5462
20.5461
20.5461
20.546
20.5459
20.5457
20.5456
20.5455
20.5453
20.5452
20.545
20.5448
20.5446
20.5445
20.5443
20.5441
20.544
20.5439
20.5438
20.5437
20.5437
20.5437
20.5438
20.5439
20.5441
20.5282
20.528
20.5279
20.5278
20.5278
20.5278
20.5279
20.528
20.5281
20.5282
20.5284
20.5286
20.5288
20.5289
20.5291
20.5293
20.5294
20.5296
20.5297
20.5299
20.53
20.5301
20.5302
20.5303
20.5304
20.5304
20.5305
20.5305
20.5305
20.5305
20.5305
20.5305
20.5305
20.5305
20.5304
20.5304
20.5303
20.5302
20.5301
20.53
20.5299
20.5297
20.5296
20.5294
20.5293
20.5291
20.5289
20.5288
20.5286
20.5284
20.5282
20.5281
20.528
20.5279
20.5278
20.5278
20.5278
20.5279
20.528
20.5282
20.5101
20.5099
20.5097
20.5096
20.5096
20.5096
20.5097
20.5098
20.5099
20.5101
20.5103
20.5104
20.5106
20.5108
20.511
20.5112
20.5113
20.5115
20.5116
20.5118
20.5119
20.512
20.5121
20.5122
20.5123
20.5123
20.5124
20.5124
20.5125
20.5125
20.5125
20.5125
20.5124
20.5124
20.5123
20.5123
20.5122
20.5121
20.512
20.5119
20.5118
20.5116
20.5115
20.5113
20.5112
20.511
20.5108
20.5106
20.5104
20.5103
20.5101
20.5099
20.5098
20.5097
20.5096
20.5096
20.5096
20.5097
20.5099
20.5101
20.4896
20.4894
20.4892
20.4891
20.4891
20.4891
20.4892
20.4893
20.4895
20.4896
20.4898
20.49
20.4902
20.4904
20.4906
20.4907
20.4909
20.4911
20.4912
20.4914
20.4915
20.4916
20.4917
20.4918
20.4919
20.492
20.492
20.492
20.4921
20.4921
20.4921
20.4921
20.492
20.492
20.492
20.4919
20.4918
20.4917
20.4916
20.4915
20.4914
20.4912
20.4911
20.4909
20.4907
20.4906
20.4904
20.4902
20.49
20.4898
20.4896
20.4895
20.4893
20.4892
20.4891
20.4891
20.4891
20.4892
20.4894
20.4896
20.4667
20.4665
20.4663
20.4662
20.4662
20.4662
20.4663
20.4664
20.4666
20.4667
20.4669
20.4671
20.4673
20.4675
20.4677
20.4679
20.4681
20.4682
20.4684
20.4685
20.4687
20.4688
20.4689
20.469
20.4691
20.4691
20.4692
20.4692
20.4693
20.4693
20.4693
20.4693
20.4692
20.4692
20.4691
20.4691
20.469
20.4689
20.4688
20.4687
20.4685
20.4684
20.4682
20.4681
20.4679
20.4677
20.4675
20.4673
20.4671
20.4669
20.4667
20.4666
20.4664
20.4663
20.4662
20.4662
20.4662
20.4663
20.4665
20.4667
20.4413
20.441
20.4409
20.4408
20.4407
20.4408
20.4409
20.441
20.4411
20.4413
20.4415
20.4417
20.4419
20.4421
20.4423
20.4425
20.4427
20.4429
20.443
20.4432
20.4433
20.4434
20.4435
20.4436
20.4437
20.4438
20.4438
20.4439
20.4439
20.4439
20.4439
20.4439
20.4439
20.4438
20.4438
20.4437
20.4436
20.4435
20.4434
20.4433
20.4432
20.443
20.4429
20.4427
20.4425
20.4423
20.4421
20.4419
20.4417
20.4415
20.4413
20.4411
20.441
20.4409
20.4408
20.4407
20.4408
20.4409
20.441
20.4413
20.4132
20.4129
20.4128
20.4127
20.4126
20.4127
20.4128
20.4129
20.413
20.4132
20.4134
20.4136
20.4138
20.414
20.4143
20.4145
20.4146
20.4148
20.415
20.4152
20.4153
20.4154
20.4155
20.4156
20.4157
20.4158
20.4159
20.4159
20.4159
20.4159
20.4159
20.4159
20.4159
20.4159
20.4158
20.4157
20.4156
20.4155
20.4154
20.4153
20.4152
20.415
20.4148
20.4146
20.4145
20.4143
20.414
20.4138
20.4136
20.4134
20.4132
20.413
20.4129
20.4128
20.4127
20.4126
20.4127
20.4128
20.4129
20.4132
20.3823
20.382
20.3819
20.3818
20.3817
20.3818
20.3819
20.382
20.3822
20.3824
20.3826
20.3828
20.383
20.3832
20.3834
20.3836
20.3838
20.384
20.3842
20.3844
20.3845
20.3846
20.3848
20.3849
20.385
20.385
20.3851
20.3851
20.3852
20.3852
20.3852
20.3852
20.3851
20.3851
20.385
20.385
20.3849
20.3848
20.3846
20.3845
20.3844
20.3842
20.384
20.3838
20.3836
20.3834
20.3832
20.383
20.3828
20.3826
20.3824
20.3822
20.382
20.3819
20.3818
20.3817
20.3818
20.3819
20.382
20.3823
20.3485
20.3482
20.3481
20.348
20.348
20.348
20.3481
20.3482
20.3484
20.3486
20.3488
20.349
20.3492
20.3495
20.3497
20.3499
20.3501
20.3503
20.3505
20.3507
20.3508
20.351
20.3511
20.3512
20.3513
20.3513
20.3514
20.3515
20.3515
20.3515
20.3515
20.3515
20.3515
20.3514
20.3513
20.3513
20.3512
20.3511
20.351
20.3508
20.3507
20.3505
20.3503
20.3501
20.3499
20.3497
20.3495
20.3492
20.349
20.3488
20.3486
20.3484
20.3482
20.3481
20.348
20.348
20.348
20.3481
20.3482
20.3485
20.3116
20.3114
20.3112
20.3111
20.3111
20.3111
20.3112
20.3114
20.3116
20.3118
20.312
20.3122
20.3125
20.3127
20.3129
20.3131
20.3134
20.3136
20.3137
20.3139
20.3141
20.3142
20.3143
20.3145
20.3145
20.3146
20.3147
20.3147
20.3148
20.3148
20.3148
20.3148
20.3147
20.3147
20.3146
20.3145
20.3145
20.3143
20.3142
20.3141
20.3139
20.3137
20.3136
20.3134
20.3131
20.3129
20.3127
20.3125
20.3122
20.312
20.3118
20.3116
20.3114
20.3112
20.3111
20.3111
20.3111
20.3112
20.3114
20.3116
20.2716
20.2713
20.2712
20.2711
20.2711
20.2711
20.2712
20.2714
20.2715
20.2717
20.272
20.2722
20.2725
20.2727
20.273
20.2732
20.2734
20.2736
20.2738
20.274
20.2742
20.2743
20.2744
20.2745
20.2746
20.2747
20.2748
20.2748
20.2749
20.2749
20.2749
20.2749
20.2748
20.2748
20.2747
20.2746
20.2745
20.2744
20.2743
20.2742
20.274
20.2738
20.2736
20.2734
20.2732
20.273
20.2727
20.2725
20.2722
20.272
20.2717
20.2715
20.2714
20.2712
20.2711
20.2711
20.2711
20.2712
20.2713
20.2716
20.2282
20.2279
20.2278
20.2277
20.2277
20.2277
20.2278
20.228
20.2282
20.2284
20.2286
20.2289
20.2291
20.2294
20.2296
20.2299
20.2301
20.2303
20.2305
20.2307
20.2309
20.231
20.2312
20.2313
20.2314
20.2315
20.2315
20.2316
20.2316
20.2316
20.2316
20.2316
20.2316
20.2315
20.2315
20.2314
20.2313
20.2312
20.231
20.2309
20.2307
20.2305
20.2303
20.2301
20.2299
20.2296
20.2294
20.2291
20.2289
20.2286
20.2284
20.2282
20.228
20.2278
20.2277
20.2277
20.2277
20.2278
20.2279
20.2282
20.1813
20.181
20.1809
20.1808
20.1808
20.1808
20.1809
20.1811
20.1813
20.1815
20.1818
20.182
20.1823
20.1826
20.1828
20.1831
20.1833
20.1835
20.1838
20.1839
20.1841
20.1843
20.1844
20.1845
20.1846
20.1847
20.1848
20.1848
20.1849
20.1849
20.1849
20.1849
20.1848
20.1848
20.1847
20.1846
20.1845
20.1844
20.1843
20.1841
20.1839
20.1838
20.1835
20.1833
20.1831
20.1828
20.1826
20.1823
20.182
20.1818
20.1815
20.1813
20.1811
20.1809
20.1808
20.1808
20.1808
20.1809
20.181
20.1813
20.1307
20.1305
20.1303
20.1302
20.1302
20.1303
20.1304
20.1306
20.1308
20.131
20.1313
20.1316
20.1318
20.1321
20.1324
20.1326
20.1329
20.1331
20.1333
20.1335
20.1337
20.1339
20.134
20.1341
20.1342
20.1343
20.1344
20.1344
20.1345
20.1345
20.1345
20.1345
20.1344
20.1344
20.1343
20.1342
20.1341
20.134
20.1339
20.1337
20.1335
20.1333
20.1331
20.1329
20.1326
20.1324
20.1321
20.1318
20.1316
20.1313
20.131
20.1308
20.1306
20.1304
20.1303
20.1302
20.1302
20.1303
20.1305
20.1307
20.0763
20.0761
20.0759
20.0758
20.0758
20.0759
20.076
20.0762
20.0765
20.0767
20.077
20.0773
20.0775
20.0778
20.0781
20.0784
20.0786
20.0789
20.0791
20.0793
20.0795
20.0796
20.0798
20.0799
20.08
20.0801
20.0802
20.0802
20.0803
20.0803
20.0803
20.0803
20.0802
20.0802
20.0801
20.08
20.0799
20.0798
20.0796
20.0795
20.0793
20.0791
20.0789
20.0786
20.0784
20.0781
20.0778
20.0775
20.0773
20.077
20.0767
20.0765
20.0762
20.076
20.0759
20.0758
20.0758
20.0759
20.0761
20.0763
20.0179
20.0177
20.0175
20.0175
20.0175
20.0176
20.0177
20.0179
20.0181
20.0184
20.0187
20.019
20.0193
20.0196
20.0199
20.0201
20.0204
20.0206
20.0209
20.0211
20.0213
20.0214
20.0216
20.0217
20.0218
20.0219
20.022
20.0221
20.0221
20.0221
20.0221
20.0221
20.0221
20.022
20.0219
20.0218
20.0217
20.0216
20.0214
20.0213
20.0211
20.0209
20.0206
20.0204
20.0201
20.0199
20.0196
20.0193
20.019
20.0187
20.0184
20.0181
20.0179
20.0177
20.0176
20.0175
20.0175
20.0175
20.0177
20.0179
19.9554
19.9551
19.955
19.9549
19.9549
19.955
19.9552
19.9554
19.9556
19.9559
19.9562
19.9565
19.9568
19.9571
19.9574
19.9577
19.958
19.9583
19.9585
19.9587
19.9589
19.9591
19.9593
19.9594
19.9595
19.9596
19.9597
19.9597
19.9598
19.9598
19.9598
19.9598
19.9597
19.9597
19.9596
19.9595
19.9594
19.9593
19.9591
19.9589
19.9587
19.9585
19.9583
19.958
19.9577
19.9574
19.9571
19.9568
19.9565
19.9562
19.9559
19.9556
19.9554
19.9552
19.955
19.9549
19.9549
19.955
19.9551
19.9554
19.8885
19.8882
19.8881
19.888
19.8881
19.8882
19.8883
19.8886
19.8888
19.8891
19.8894
19.8898
19.8901
19.8904
19.8907
19.891
19.8913
19.8916
19.8918
19.892
19.8922
19.8924
19.8926
19.8927
19.8928
19.8929
19.893
19.8931
19.8931
19.8931
19.8931
19.8931
19.8931
19.893
19.8929
19.8928
19.8927
19.8926
19.8924
19.8922
19.892
19.8918
19.8916
19.8913
19.891
19.8907
19.8904
19.8901
19.8898
19.8894
19.8891
19.8888
19.8886
19.8883
19.8882
19.8881
19.888
19.8881
19.8882
19.8885
19.817
19.8168
19.8167
19.8166
19.8167
19.8168
19.817
19.8172
19.8175
19.8178
19.8181
19.8185
19.8188
19.8191
19.8195
19.8198
19.8201
19.8204
19.8206
19.8208
19.821
19.8212
19.8214
19.8215
19.8217
19.8218
19.8218
19.8219
19.8219
19.822
19.822
19.8219
19.8219
19.8218
19.8218
19.8217
19.8215
19.8214
19.8212
19.821
19.8208
19.8206
19.8204
19.8201
19.8198
19.8195
19.8191
19.8188
19.8185
19.8181
19.8178
19.8175
19.8172
19.817
19.8168
19.8167
19.8166
19.8167
19.8168
19.817
19.7409
19.7407
19.7406
19.7405
19.7406
19.7407
19.7409
19.7412
19.7415
19.7418
19.7421
19.7425
19.7429
19.7432
19.7435
19.7439
19.7442
19.7445
19.7447
19.745
19.7452
19.7454
19.7455
19.7457
19.7458
19.7459
19.746
19.7461
19.7461
19.7461
19.7461
19.7461
19.7461
19.746
19.7459
19.7458
19.7457
19.7455
19.7454
19.7452
19.745
19.7447
19.7445
19.7442
19.7439
19.7435
19.7432
19.7429
19.7425
19.7421
19.7418
19.7415
19.7412
19.7409
19.7407
19.7406
19.7405
19.7406
19.7407
19.7409
19.6599
19.6597
19.6596
19.6595
19.6596
19.6598
19.66
19.6603
19.6606
19.6609
19.6613
19.6616
19.662
19.6624
19.6627
19.6631
19.6634
19.6637
19.6639
19.6642
19.6644
19.6646
19.6648
19.6649
19.6651
19.6652
19.6653
19.6653
19.6654
19.6654
19.6654
19.6654
19.6653
19.6653
19.6652
19.6651
19.6649
19.6648
19.6646
19.6644
19.6642
19.6639
19.6637
19.6634
19.6631
19.6627
19.6624
19.662
19.6616
19.6613
19.6609
19.6606
19.6603
19.66
19.6598
19.6596
19.6595
19.6596
19.6597
19.6599
19.5738
19.5736
19.5735
19.5735
19.5735
19.5737
19.574
19.5742
19.5746
19.5749
19.5753
19.5757
19.5761
19.5765
19.5768
19.5772
19.5775
19.5778
19.5781
19.5784
19.5786
19.5788
19.579
19.5791
19.5793
19.5794
19.5795
19.5795
19.5796
19.5796
19.5796
19.5796
19.5795
19.5795
19.5794
19.5793
19.5791
19.579
19.5788
19.5786
19.5784
19.5781
19.5778
19.5775
19.5772
19.5768
19.5765
19.5761
19.5757
19.5753
19.5749
19.5746
19.5742
19.574
19.5737
19.5735
19.5735
19.5735
19.5736
19.5738
19.4823
19.4822
19.4821
19.4821
19.4822
19.4824
19.4826
19.483
19.4833
19.4837
19.4841
19.4845
19.4849
19.4853
19.4857
19.4861
19.4864
19.4867
19.487
19.4873
19.4875
19.4877
19.4879
19.4881
19.4882
19.4883
19.4884
19.4885
19.4885
19.4886
19.4886
19.4885
19.4885
19.4884
19.4883
19.4882
19.4881
19.4879
19.4877
19.4875
19.4873
19.487
19.4867
19.4864
19.4861
19.4857
19.4853
19.4849
19.4845
19.4841
19.4837
19.4833
19.483
19.4826
19.4824
19.4822
19.4821
19.4821
19.4822
19.4823
19.3854
19.3853
19.3852
19.3852
19.3854
19.3856
19.3859
19.3862
19.3866
19.387
19.3874
19.3879
19.3883
19.3887
19.3891
19.3895
19.3898
19.3902
19.3905
19.3907
19.391
19.3912
19.3914
19.3916
19.3917
19.3918
19.3919
19.392
19.392
19.392
19.392
19.392
19.392
19.3919
19.3918
19.3917
19.3916
19.3914
19.3912
19.391
19.3907
19.3905
19.3902
19.3898
19.3895
19.3891
19.3887
19.3883
19.3879
19.3874
19.387
19.3866
19.3862
19.3859
19.3856
19.3854
19.3852
19.3852
19.3853
19.3854
19.2828
19.2827
19.2826
19.2827
19.2828
19.2831
19.2834
19.2838
19.2842
19.2846
19.2851
19.2855
19.286
19.2864
19.2868
19.2872
19.2876
19.2879
19.2882
19.2885
19.2888
19.289
19.2892
19.2894
19.2895
19.2896
19.2897
19.2898
19.2898
19.2899
19.2899
19.2898
19.2898
19.2897
19.2896
19.2895
19.2894
19.2892
19.289
19.2888
19.2885
19.2882
19.2879
19.2876
19.2872
19.2868
19.2864
19.286
19.2855
19.2851
19.2846
19.2842
19.2838
19.2834
19.2831
19.2828
19.2827
19.2826
19.2827
19.2828
19.1743
19.1742
19.1742
19.1742
19.1744
19.1747
19.175
19.1754
19.1759
19.1763
19.1768
19.1773
19.1778
19.1782
19.1787
19.1791
19.1794
19.1798
19.1801
19.1804
19.1807
19.1809
19.1811
19.1813
19.1814
19.1816
19.1817
19.1817
19.1818
19.1818
19.1818
19.1818
19.1817
19.1817
19.1816
19.1814
19.1813
19.1811
19.1809
19.1807
19.1804
19.1801
19.1798
19.1794
19.1791
19.1787
19.1782
19.1778
19.1773
19.1768
19.1763
19.1759
19.1754
19.175
19.1747
19.1744
19.1742
19.1742
19.1742
19.1743
19.0597
19.0596
19.0596
19.0597
19.0599
19.0602
19.0605
19.061
19.0615
19.062
19.0625
19.063
19.0635
19.0639
19.0644
19.0648
19.0652
19.0656
19.0659
19.0662
19.0665
19.0667
19.0669
19.0671
19.0673
19.0674
19.0675
19.0676
19.0676
19.0677
19.0677
19.0676
19.0676
19.0675
19.0674
19.0673
19.0671
19.0669
19.0667
19.0665
19.0662
19.0659
19.0656
19.0652
19.0648
19.0644
19.0639
19.0635
19.063
19.0625
19.062
19.0615
19.061
19.0605
19.0602
19.0599
19.0597
19.0596
19.0596
19.0597
18.9387
18.9386
18.9386
18.9387
18.939
18.9393
18.9397
18.9402
18.9407
18.9412
18.9418
18.9423
18.9428
18.9434
18.9438
18.9443
18.9447
18.9451
18.9454
18.9457
18.946
18.9462
18.9465
18.9467
18.9468
18.9469
18.947
18.9471
18.9472
18.9472
18.9472
18.9472
18.9471
18.947
18.9469
18.9468
18.9467
18.9465
18.9462
18.946
18.9457
18.9454
18.9451
18.9447
18.9443
18.9438
18.9434
18.9428
18.9423
18.9418
18.9412
18.9407
18.9402
18.9397
18.9393
18.939
18.9387
18.9386
18.9386
18.9387
18.8111
18.811
18.811
18.8112
18.8115
18.8119
18.8123
18.8129
18.8134
18.814
18.8146
18.8151
18.8157
18.8162
18.8167
18.8172
18.8176
18.818
18.8184
18.8187
18.819
18.8192
18.8194
18.8196
18.8198
18.8199
18.82
18.8201
18.8202
18.8202
18.8202
18.8202
18.8201
18.82
18.8199
18.8198
18.8196
18.8194
18.8192
18.819
18.8187
18.8184
18.818
18.8176
18.8172
18.8167
18.8162
18.8157
18.8151
18.8146
18.814
18.8134
18.8129
18.8123
18.8119
18.8115
18.8112
18.811
18.811
18.8111
18.6767
18.6766
18.6767
18.6769
18.6772
18.6776
18.6781
18.6787
18.6793
18.6799
18.6805
18.6812
18.6817
18.6823
18.6828
18.6833
18.6837
18.6842
18.6845
18.6849
18.6852
18.6854
18.6856
18.6858
18.686
18.6861
18.6862
18.6863
18.6864
18.6864
18.6864
18.6864
18.6863
18.6862
18.6861
18.686
18.6858
18.6856
18.6854
18.6852
18.6849
18.6845
18.6842
18.6837
18.6833
18.6828
18.6823
18.6817
18.6812
18.6805
18.6799
18.6793
18.6787
18.6781
18.6776
18.6772
18.6769
18.6767
18.6766
18.6767
18.5352
18.5351
18.5352
18.5355
18.5358
18.5363
18.5369
18.5375
18.5382
18.5388
18.5395
18.5401
18.5408
18.5414
18.5419
18.5424
18.5429
18.5433
18.5437
18.544
18.5443
18.5446
18.5448
18.545
18.5452
18.5453
18.5454
18.5455
18.5456
18.5456
18.5456
18.5456
18.5455
18.5454
18.5453
18.5452
18.545
18.5448
18.5446
18.5443
18.544
18.5437
18.5433
18.5429
18.5424
18.5419
18.5414
18.5408
18.5401
18.5395
18.5388
18.5382
18.5375
18.5369
18.5363
18.5358
18.5355
18.5352
18.5351
18.5352
18.3863
18.3863
18.3865
18.3868
18.3872
18.3877
18.3884
18.389
18.3898
18.3905
18.3912
18.3919
18.3925
18.3931
18.3937
18.3942
18.3947
18.3952
18.3956
18.3959
18.3962
18.3965
18.3967
18.3969
18.3971
18.3972
18.3974
18.3974
18.3975
18.3975
18.3975
18.3975
18.3974
18.3974
18.3972
18.3971
18.3969
18.3967
18.3965
18.3962
18.3959
18.3956
18.3952
18.3947
18.3942
18.3937
18.3931
18.3925
18.3919
18.3912
18.3905
18.3898
18.389
18.3884
18.3877
18.3872
18.3868
18.3865
18.3863
18.3863
18.2299
18.2299
18.2301
18.2304
18.2309
18.2316
18.2323
18.233
18.2338
18.2346
18.2353
18.2361
18.2368
18.2374
18.238
18.2386
18.2391
18.2395
18.2399
18.2403
18.2406
18.2409
18.2411
18.2413
18.2415
18.2417
18.2418
18.2418
18.2419
18.2419
18.2419
18.2419
18.2418
18.2418
18.2417
18.2415
18.2413
18.2411
18.2409
18.2406
18.2403
18.2399
18.2395
18.2391
18.2386
18.238
18.2374
18.2368
18.2361
18.2353
18.2346
18.2338
18.233
18.2323
18.2316
18.2309
18.2304
18.2301
18.2299
18.2299
18.0656
18.0656
18.0659
18.0663
18.0669
18.0676
18.0683
18.0692
18.07
18.0709
18.0717
18.0725
18.0732
18.0739
18.0745
18.0751
18.0756
18.0761
18.0765
18.0769
18.0772
18.0775
18.0777
18.0779
18.0781
18.0783
18.0784
18.0785
18.0785
18.0785
18.0785
18.0785
18.0785
18.0784
18.0783
18.0781
18.0779
18.0777
18.0775
18.0772
18.0769
18.0765
18.0761
18.0756
18.0751
18.0745
18.0739
18.0732
18.0725
18.0717
18.0709
18.07
18.0692
18.0683
18.0676
18.0669
18.0663
18.0659
18.0656
18.0656
17.8931
17.8932
17.8935
17.894
17.8946
17.8954
17.8963
17.8972
17.8982
17.8991
17.9
17.9008
17.9016
17.9023
17.903
17.9036
17.9041
17.9046
17.905
17.9054
17.9057
17.906
17.9063
17.9065
17.9067
17.9068
17.9069
17.907
17.9071
17.9071
17.9071
17.9071
17.907
17.9069
17.9068
17.9067
17.9065
17.9063
17.906
17.9057
17.9054
17.905
17.9046
17.9041
17.9036
17.903
17.9023
17.9016
17.9008
17.9
17.8991
17.8982
17.8972
17.8963
17.8954
17.8946
17.894
17.8935
17.8932
17.8931
17.7122
17.7123
17.7127
17.7132
17.714
17.7149
17.7159
17.7169
17.7179
17.7189
17.7199
17.7208
17.7216
17.7224
17.7231
17.7237
17.7242
17.7247
17.7252
17.7256
17.7259
17.7262
17.7265
17.7267
17.7269
17.727
17.7271
17.7272
17.7273
17.7273
17.7273
17.7273
17.7272
17.7271
17.727
17.7269
17.7267
17.7265
17.7262
17.7259
17.7256
17.7252
17.7247
17.7242
17.7237
17.7231
17.7224
17.7216
17.7208
17.7199
17.7189
17.7179
17.7169
17.7159
17.7149
17.714
17.7132
17.7127
17.7123
17.7122
17.5225
17.5227
17.5231
17.5238
17.5247
17.5257
17.5268
17.5279
17.529
17.5301
17.5312
17.5321
17.533
17.5338
17.5345
17.5352
17.5357
17.5363
17.5367
17.5371
17.5375
17.5378
17.538
17.5382
17.5384
17.5386
17.5387
17.5388
17.5388
17.5389
17.5389
17.5388
17.5388
17.5387
17.5386
17.5384
17.5382
17.538
17.5378
17.5375
17.5371
17.5367
17.5363
17.5357
17.5352
17.5345
17.5338
17.533
17.5321
17.5312
17.5301
17.529
17.5279
17.5268
17.5257
17.5247
17.5238
17.5231
17.5227
17.5225
17.3237
17.3239
17.3245
17.3253
17.3263
17.3275
17.3287
17.33
17.3312
17.3324
17.3335
17.3345
17.3354
17.3363
17.337
17.3377
17.3383
17.3388
17.3393
17.3397
17.3401
17.3404
17.3406
17.3409
17.341
17.3412
17.3413
17.3414
17.3415
17.3415
17.3415
17.3415
17.3414
17.3413
17.3412
17.341
17.3409
17.3406
17.3404
17.3401
17.3397
17.3393
17.3388
17.3383
17.3377
17.337
17.3363
17.3354
17.3345
17.3335
17.3324
17.3312
17.33
17.3287
17.3275
17.3263
17.3253
17.3245
17.3239
17.3237
17.1155
17.1158
17.1164
17.1174
17.1186
17.1199
17.1213
17.1227
17.1241
17.1254
17.1266
17.1277
17.1286
17.1295
17.1303
17.131
17.1316
17.1322
17.1326
17.1331
17.1334
17.1337
17.134
17.1342
17.1344
17.1345
17.1347
17.1348
17.1348
17.1348
17.1348
17.1348
17.1348
17.1347
17.1345
17.1344
17.1342
17.134
17.1337
17.1334
17.1331
17.1326
17.1322
17.1316
17.131
17.1303
17.1295
17.1286
17.1277
17.1266
17.1254
17.1241
17.1227
17.1213
17.1199
17.1186
17.1174
17.1164
17.1158
17.1155
16.8975
16.8978
16.8986
16.8997
16.9011
16.9027
16.9043
16.9058
16.9074
16.9088
16.91
16.9112
16.9123
16.9132
16.914
16.9147
16.9153
16.9159
16.9164
16.9168
16.9172
16.9175
16.9177
16.918
16.9182
16.9183
16.9184
16.9185
16.9186
16.9186
16.9186
16.9186
16.9185
16.9184
16.9183
16.9182
16.918
16.9177
16.9175
16.9172
16.9168
16.9164
16.9159
16.9153
16.9147
16.914
16.9132
16.9123
16.9112
16.91
16.9088
16.9074
16.9058
16.9043
16.9027
16.9011
16.8997
16.8986
16.8978
16.8975
16.6692
16.6697
16.6706
16.672
16.6737
16.6754
16.6773
16.679
16.6807
16.6822
16.6836
16.6848
16.6859
16.6869
16.6878
16.6885
16.6892
16.6897
16.6902
16.6906
16.691
16.6913
16.6916
16.6918
16.692
16.6921
16.6922
16.6923
16.6924
16.6924
16.6924
16.6924
16.6923
16.6922
16.6921
16.692
16.6918
16.6916
16.6913
16.691
16.6906
16.6902
16.6897
16.6892
16.6885
16.6878
16.6869
16.6859
16.6848
16.6836
16.6822
16.6807
16.679
16.6773
16.6754
16.6737
16.672
16.6706
16.6697
16.6692
16.4304
16.431
16.4322
16.4338
16.4358
16.4378
16.4399
16.4419
16.4437
16.4454
16.4469
16.4482
16.4494
16.4504
16.4513
16.452
16.4527
16.4532
16.4537
16.4542
16.4545
16.4548
16.4551
16.4553
16.4555
16.4556
16.4558
16.4558
16.4559
16.4559
16.4559
16.4559
16.4558
16.4558
16.4556
16.4555
16.4553
16.4551
16.4548
16.4545
16.4542
16.4537
16.4532
16.4527
16.452
16.4513
16.4504
16.4494
16.4482
16.4469
16.4454
16.4437
16.4419
16.4399
16.4378
16.4358
16.4338
16.4322
16.431
16.4304
16.1805
16.1813
16.1828
16.1848
16.1871
16.1895
16.1919
16.1941
16.1962
16.198
16.1996
16.201
16.2022
16.2032
16.2041
16.2049
16.2055
16.2061
16.2066
16.207
16.2074
16.2077
16.208
16.2082
16.2084
16.2085
16.2086
16.2087
16.2087
16.2088
16.2088
16.2087
16.2087
16.2086
16.2085
16.2084
16.2082
16.208
16.2077
16.2074
16.207
16.2066
16.2061
16.2055
16.2049
16.2041
16.2032
16.2022
16.201
16.1996
16.198
16.1962
16.1941
16.1919
16.1895
16.1871
16.1848
16.1828
16.1813
16.1805
15.9192
15.9201
15.922
15.9245
15.9272
15.9301
15.9328
15.9353
15.9376
15.9395
15.9412
15.9427
15.9439
15.945
15.9459
15.9467
15.9474
15.9479
15.9484
15.9488
15.9492
15.9495
15.9498
15.95
15.9501
15.9503
15.9504
15.9505
15.9505
15.9506
15.9506
15.9505
15.9505
15.9504
15.9503
15.9501
15.95
15.9498
15.9495
15.9492
15.9488
15.9484
15.9479
15.9474
15.9467
15.9459
15.945
15.9439
15.9427
15.9412
15.9395
15.9376
15.9353
15.9328
15.9301
15.9272
15.9245
15.922
15.9201
15.9192
15.6457
15.647
15.6493
15.6524
15.6558
15.6592
15.6623
15.6651
15.6676
15.6697
15.6715
15.673
15.6743
15.6754
15.6763
15.6771
15.6778
15.6783
15.6788
15.6792
15.6796
15.6798
15.6801
15.6803
15.6805
15.6806
15.6807
15.6808
15.6808
15.6809
15.6809
15.6808
15.6808
15.6807
15.6806
15.6805
15.6803
15.6801
15.6798
15.6796
15.6792
15.6788
15.6783
15.6778
15.6771
15.6763
15.6754
15.6743
15.673
15.6715
15.6697
15.6676
15.6651
15.6623
15.6592
15.6558
15.6524
15.6493
15.647
15.6457
15.3596
15.3613
15.3644
15.3683
15.3724
15.3764
15.38
15.3831
15.3858
15.388
15.3899
15.3915
15.3928
15.3939
15.3948
15.3956
15.3963
15.3968
15.3973
15.3977
15.398
15.3983
15.3985
15.3987
15.3989
15.399
15.3991
15.3992
15.3992
15.3993
15.3993
15.3992
15.3992
15.3991
15.399
15.3989
15.3987
15.3985
15.3983
15.398
15.3977
15.3973
15.3968
15.3963
15.3956
15.3948
15.3939
15.3928
15.3915
15.3899
15.388
15.3858
15.3831
15.38
15.3764
15.3724
15.3683
15.3644
15.3613
15.3596
15.06
15.0624
15.0666
15.0716
15.0766
15.0813
15.0854
15.0889
15.0918
15.0942
15.0961
15.0978
15.0991
15.1002
15.1011
15.1018
15.1025
15.103
15.1034
15.1038
15.1041
15.1044
15.1046
15.1048
15.105
15.1051
15.1052
15.1052
15.1053
15.1053
15.1053
15.1053
15.1052
15.1052
15.1051
15.105
15.1048
15.1046
15.1044
15.1041
15.1038
15.1034
15.103
15.1025
15.1018
15.1011
15.1002
15.0991
15.0978
15.0961
15.0942
15.0918
15.0889
15.0854
15.0813
15.0766
15.0716
15.0666
15.0624
15.06
14.7462
14.7496
14.7553
14.7619
14.7681
14.7737
14.7784
14.7822
14.7852
14.7877
14.7897
14.7913
14.7926
14.7937
14.7946
14.7953
14.7959
14.7964
14.7968
14.7972
14.7974
14.7977
14.7979
14.7981
14.7982
14.7983
14.7984
14.7985
14.7985
14.7985
14.7985
14.7985
14.7985
14.7984
14.7983
14.7982
14.7981
14.7979
14.7977
14.7974
14.7972
14.7968
14.7964
14.7959
14.7953
14.7946
14.7937
14.7926
14.7913
14.7897
14.7877
14.7852
14.7822
14.7784
14.7737
14.7681
14.7619
14.7553
14.7496
14.7462
14.417
14.4221
14.4302
14.4388
14.4466
14.4531
14.4583
14.4624
14.4656
14.4681
14.4701
14.4717
14.4729
14.474
14.4748
14.4755
14.476
14.4765
14.4769
14.4772
14.4775
14.4777
14.4779
14.478
14.4781
14.4782
14.4783
14.4784
14.4784
14.4784
14.4784
14.4784
14.4784
14.4783
14.4782
14.4781
14.478
14.4779
14.4777
14.4775
14.4772
14.4769
14.4765
14.476
14.4755
14.4748
14.474
14.4729
14.4717
14.4701
14.4681
14.4656
14.4624
14.4583
14.4531
14.4466
14.4388
14.4302
14.4221
14.417
14.0707
14.0789
14.0907
14.1022
14.1119
14.1194
14.125
14.1293
14.1325
14.135
14.1369
14.1384
14.1396
14.1405
14.1412
14.1419
14.1424
14.1428
14.1431
14.1434
14.1436
14.1438
14.144
14.1441
14.1442
14.1443
14.1444
14.1444
14.1445
14.1445
14.1445
14.1445
14.1444
14.1444
14.1443
14.1442
14.1441
14.144
14.1438
14.1436
14.1434
14.1431
14.1428
14.1424
14.1419
14.1412
14.1405
14.1396
14.1384
14.1369
14.135
14.1325
14.1293
14.125
14.1194
14.1119
14.1022
14.0907
14.0789
14.0707
13.7047
13.7188
13.7367
13.7523
13.7639
13.7722
13.7782
13.7824
13.7855
13.7878
13.7896
13.7909
13.7919
13.7927
13.7934
13.7939
13.7944
13.7947
13.795
13.7952
13.7954
13.7956
13.7957
13.7958
13.7959
13.796
13.7961
13.7961
13.7961
13.7961
13.7961
13.7961
13.7961
13.7961
13.796
13.7959
13.7958
13.7957
13.7956
13.7954
13.7952
13.795
13.7947
13.7944
13.7939
13.7934
13.7927
13.7919
13.7909
13.7896
13.7878
13.7855
13.7824
13.7782
13.7722
13.7639
13.7523
13.7367
13.7188
13.7047
13.3146
13.3413
13.3694
13.3898
13.4032
13.4119
13.4176
13.4216
13.4243
13.4263
13.4278
13.4289
13.4297
13.4304
13.4309
13.4313
13.4317
13.432
13.4322
13.4324
13.4325
13.4327
13.4328
13.4329
13.4329
13.433
13.433
13.4331
13.4331
13.4331
13.4331
13.4331
13.4331
13.433
13.433
13.4329
13.4329
13.4328
13.4327
13.4325
13.4324
13.4322
13.432
13.4317
13.4313
13.4309
13.4304
13.4297
13.4289
13.4278
13.4263
13.4243
13.4216
13.4176
13.4119
13.4032
13.3898
13.3694
13.3413
13.3146
12.8948
12.9509
12.9954
13.0206
13.0342
13.0421
13.0469
13.05
13.0522
13.0537
13.0548
13.0556
13.0562
13.0567
13.0571
13.0574
13.0576
13.0578
13.058
13.0581
13.0582
13.0583
13.0584
13.0584
13.0585
13.0585
13.0586
13.0586
13.0586
13.0586
13.0586
13.0586
13.0586
13.0586
13.0585
13.0585
13.0584
13.0584
13.0583
13.0582
13.0581
13.058
13.0578
13.0576
13.0574
13.0571
13.0567
13.0562
13.0556
13.0548
13.0537
13.0522
13.05
13.0469
13.0421
13.0342
13.0206
12.9954
12.9509
12.8948
12.4729
12.6044
12.6709
12.6956
12.7057
12.7107
12.7136
12.7155
12.7168
12.7177
12.7183
12.7187
12.7191
12.7194
12.7196
12.7197
12.7199
12.72
12.7201
12.7201
12.7202
12.7202
12.7203
12.7203
12.7203
12.7204
12.7204
12.7204
12.7204
12.7204
12.7204
12.7204
12.7204
12.7204
12.7204
12.7203
12.7203
12.7203
12.7202
12.7202
12.7201
12.7201
12.72
12.7199
12.7197
12.7196
12.7194
12.7191
12.7187
12.7183
12.7177
12.7168
12.7155
12.7136
12.7107
12.7057
12.6956
12.6709
12.6044
12.4729
12.4599
12.7907
12.8634
12.868
12.8673
12.8674
12.8677
12.868
12.8682
12.8684
12.8685
12.8685
12.8686
12.8686
12.8687
12.8687
12.8687
12.8687
12.8687
12.8687
12.8687
12.8687
12.8688
12.8688
12.8688
12.8688
12.8688
12.8688
12.8688
12.8688
12.8688
12.8688
12.8688
12.8688
12.8688
12.8688
12.8688
12.8688
12.8687
12.8687
12.8687
12.8687
12.8687
12.8687
12.8687
12.8687
12.8686
12.8686
12.8685
12.8685
12.8684
12.8682
12.868
12.8677
12.8674
12.8673
12.868
12.8634
12.7907
12.4599
15.4772
16.2564
16.2172
16.1626
16.1478
16.1438
16.1419
16.1408
16.1401
16.1395
16.1392
16.1389
16.1387
16.1385
16.1384
16.1383
16.1382
16.1381
16.1381
16.138
16.138
16.1379
16.1379
16.1379
16.1379
16.1379
16.1379
16.1378
16.1378
16.1378
16.1378
16.1378
16.1378
16.1379
16.1379
16.1379
16.1379
16.1379
16.1379
16.138
16.138
16.1381
16.1381
16.1382
16.1383
16.1384
16.1385
16.1387
16.1389
16.1392
16.1395
16.1401
16.1408
16.1419
16.1438
16.1478
16.1626
16.2172
16.2564
15.4772
)
;

boundaryField
{
    top
    {
        type            fixedValue;
        value           uniform 25;
    }
    bottom
    {
        type            fixedValue;
        value           uniform 0;
    }
    wall
    {
        type            zeroGradient;
    }
    frontAndBack
    {
        type            empty;
    }
}


// ************************************************************************* //
