/*--------------------------------*- C++ -*----------------------------------*\
| =========                 |                                                 |
| \\      /  F ield         | foam-extend: Open Source CFD                    |
|  \\    /   O peration     | Version:     4.0                                |
|   \\  /    A nd           | Web:         http://www.foam-extend.org         |
|    \\/     M anipulation  |                                                 |
\*---------------------------------------------------------------------------*/
FoamFile
{
    version     2.0;
    format      ascii;
    class       volScalarField;
    location    "16";
    object      netCharge;
}
// * * * * * * * * * * * * * * * * * * * * * * * * * * * * * * * * * * * * * //

dimensions      [0 0 0 0 0 0 0];

internalField   nonuniform List<scalar> 
6960
(
0.527211
0.527211
0.527211
0.527211
0.527211
0.527211
0.527211
0.527211
0.527211
0.527211
0.527211
0.527211
0.527211
0.527211
0.527211
0.527211
0.527211
0.527211
0.527211
0.527211
0.527211
0.527211
0.527211
0.527211
0.527211
0.527211
0.527211
0.527211
0.527211
0.527211
0.527211
0.527211
0.527211
0.527211
0.527211
0.527211
0.527211
0.527211
0.527211
0.527211
0.527211
0.527211
0.527211
0.527211
0.527211
0.527211
0.527211
0.527211
0.527211
0.527211
0.527211
0.527211
0.527211
0.527211
0.527211
0.527211
0.527211
0.527211
0.527211
0.527211
0.260923
0.260923
0.260923
0.260923
0.260923
0.260923
0.260923
0.260923
0.260923
0.260923
0.260923
0.260923
0.260923
0.260923
0.260923
0.260923
0.260923
0.260923
0.260923
0.260923
0.260923
0.260923
0.260923
0.260923
0.260923
0.260923
0.260923
0.260923
0.260923
0.260923
0.260923
0.260923
0.260923
0.260923
0.260923
0.260923
0.260923
0.260923
0.260923
0.260923
0.260923
0.260923
0.260923
0.260923
0.260923
0.260923
0.260923
0.260923
0.260923
0.260923
0.260923
0.260923
0.260923
0.260923
0.260923
0.260923
0.260923
0.260923
0.260923
0.260923
0.149906
0.149906
0.149906
0.149906
0.149906
0.149906
0.149906
0.149906
0.149906
0.149906
0.149906
0.149906
0.149906
0.149906
0.149906
0.149906
0.149906
0.149906
0.149906
0.149906
0.149906
0.149906
0.149906
0.149906
0.149906
0.149906
0.149906
0.149906
0.149906
0.149906
0.149906
0.149906
0.149906
0.149906
0.149906
0.149906
0.149906
0.149906
0.149906
0.149906
0.149906
0.149906
0.149906
0.149906
0.149906
0.149906
0.149906
0.149906
0.149906
0.149906
0.149906
0.149906
0.149906
0.149906
0.149906
0.149906
0.149906
0.149906
0.149906
0.149906
0.0940791
0.0940791
0.0940791
0.0940791
0.0940791
0.0940791
0.0940791
0.0940791
0.0940791
0.0940791
0.0940791
0.0940791
0.0940791
0.0940791
0.0940791
0.0940791
0.0940791
0.0940791
0.0940791
0.0940791
0.0940791
0.0940791
0.0940791
0.0940791
0.0940791
0.0940791
0.0940791
0.0940791
0.0940791
0.0940791
0.0940791
0.0940791
0.0940791
0.0940791
0.0940791
0.0940791
0.0940791
0.0940791
0.0940791
0.0940791
0.0940791
0.0940791
0.0940791
0.0940791
0.0940791
0.0940791
0.0940791
0.0940791
0.0940791
0.0940791
0.0940791
0.0940791
0.0940791
0.0940791
0.0940791
0.0940791
0.0940791
0.0940791
0.0940791
0.0940791
0.0627251
0.0627251
0.0627251
0.0627251
0.0627251
0.0627251
0.0627251
0.0627251
0.0627251
0.0627251
0.0627251
0.0627251
0.0627251
0.0627251
0.0627251
0.0627251
0.0627251
0.0627251
0.0627251
0.0627251
0.0627251
0.0627251
0.0627251
0.0627251
0.0627251
0.0627251
0.0627251
0.0627251
0.0627251
0.0627251
0.0627251
0.0627251
0.0627251
0.0627251
0.0627251
0.0627251
0.0627251
0.0627251
0.0627251
0.0627251
0.0627251
0.0627251
0.0627251
0.0627251
0.0627251
0.0627251
0.0627251
0.0627251
0.0627251
0.0627251
0.0627251
0.0627251
0.0627251
0.0627251
0.0627251
0.0627251
0.0627251
0.0627251
0.0627251
0.0627251
0.0438346
0.0438346
0.0438346
0.0438346
0.0438346
0.0438346
0.0438346
0.0438346
0.0438346
0.0438346
0.0438346
0.0438346
0.0438346
0.0438346
0.0438346
0.0438346
0.0438346
0.0438346
0.0438346
0.0438346
0.0438346
0.0438346
0.0438346
0.0438346
0.0438346
0.0438346
0.0438346
0.0438346
0.0438346
0.0438346
0.0438346
0.0438346
0.0438346
0.0438346
0.0438346
0.0438346
0.0438346
0.0438346
0.0438346
0.0438346
0.0438346
0.0438346
0.0438346
0.0438346
0.0438346
0.0438346
0.0438346
0.0438346
0.0438346
0.0438346
0.0438346
0.0438346
0.0438346
0.0438346
0.0438346
0.0438346
0.0438346
0.0438346
0.0438346
0.0438346
0.0319183
0.0319183
0.0319183
0.0319183
0.0319183
0.0319183
0.0319183
0.0319183
0.0319183
0.0319183
0.0319183
0.0319183
0.0319183
0.0319183
0.0319183
0.0319183
0.0319183
0.0319183
0.0319183
0.0319183
0.0319183
0.0319183
0.0319183
0.0319183
0.0319183
0.0319183
0.0319183
0.0319183
0.0319183
0.0319183
0.0319183
0.0319183
0.0319183
0.0319183
0.0319183
0.0319183
0.0319183
0.0319183
0.0319183
0.0319183
0.0319183
0.0319183
0.0319183
0.0319183
0.0319183
0.0319183
0.0319183
0.0319183
0.0319183
0.0319183
0.0319183
0.0319183
0.0319183
0.0319183
0.0319183
0.0319183
0.0319183
0.0319183
0.0319183
0.0319183
0.024174
0.024174
0.024174
0.024174
0.024174
0.024174
0.024174
0.024174
0.024174
0.024174
0.024174
0.024174
0.024174
0.024174
0.024174
0.024174
0.024174
0.024174
0.024174
0.024174
0.024174
0.024174
0.024174
0.024174
0.024174
0.024174
0.024174
0.024174
0.024174
0.024174
0.024174
0.024174
0.024174
0.024174
0.024174
0.024174
0.024174
0.024174
0.024174
0.024174
0.024174
0.024174
0.024174
0.024174
0.024174
0.024174
0.024174
0.024174
0.024174
0.024174
0.024174
0.024174
0.024174
0.024174
0.024174
0.024174
0.024174
0.024174
0.024174
0.024174
0.0190483
0.0190483
0.0190483
0.0190483
0.0190483
0.0190483
0.0190483
0.0190483
0.0190483
0.0190483
0.0190483
0.0190483
0.0190483
0.0190483
0.0190483
0.0190483
0.0190483
0.0190483
0.0190483
0.0190483
0.0190483
0.0190483
0.0190483
0.0190483
0.0190483
0.0190483
0.0190483
0.0190483
0.0190483
0.0190483
0.0190483
0.0190483
0.0190483
0.0190483
0.0190483
0.0190483
0.0190483
0.0190483
0.0190483
0.0190483
0.0190483
0.0190483
0.0190483
0.0190483
0.0190483
0.0190483
0.0190483
0.0190483
0.0190483
0.0190483
0.0190483
0.0190483
0.0190483
0.0190483
0.0190483
0.0190483
0.0190483
0.0190483
0.0190483
0.0190483
0.0156245
0.0156245
0.0156245
0.0156245
0.0156245
0.0156245
0.0156245
0.0156245
0.0156245
0.0156245
0.0156245
0.0156245
0.0156245
0.0156245
0.0156245
0.0156245
0.0156245
0.0156245
0.0156245
0.0156245
0.0156245
0.0156245
0.0156245
0.0156245
0.0156245
0.0156245
0.0156245
0.0156245
0.0156245
0.0156245
0.0156245
0.0156245
0.0156245
0.0156245
0.0156245
0.0156245
0.0156245
0.0156245
0.0156245
0.0156245
0.0156245
0.0156245
0.0156245
0.0156245
0.0156245
0.0156245
0.0156245
0.0156245
0.0156245
0.0156245
0.0156245
0.0156245
0.0156245
0.0156245
0.0156245
0.0156245
0.0156245
0.0156245
0.0156245
0.0156245
0.0133347
0.0133347
0.0133347
0.0133347
0.0133347
0.0133347
0.0133347
0.0133347
0.0133347
0.0133347
0.0133347
0.0133347
0.0133347
0.0133347
0.0133347
0.0133347
0.0133347
0.0133347
0.0133347
0.0133347
0.0133347
0.0133347
0.0133347
0.0133347
0.0133347
0.0133347
0.0133347
0.0133347
0.0133347
0.0133347
0.0133347
0.0133347
0.0133347
0.0133347
0.0133347
0.0133347
0.0133347
0.0133347
0.0133347
0.0133347
0.0133347
0.0133347
0.0133347
0.0133347
0.0133347
0.0133347
0.0133347
0.0133347
0.0133347
0.0133347
0.0133347
0.0133347
0.0133347
0.0133347
0.0133347
0.0133347
0.0133347
0.0133347
0.0133347
0.0133347
0.0118142
0.0118142
0.0118142
0.0118142
0.0118142
0.0118142
0.0118142
0.0118142
0.0118142
0.0118142
0.0118142
0.0118142
0.0118142
0.0118142
0.0118142
0.0118142
0.0118142
0.0118142
0.0118142
0.0118142
0.0118142
0.0118142
0.0118142
0.0118142
0.0118142
0.0118142
0.0118142
0.0118142
0.0118142
0.0118142
0.0118142
0.0118142
0.0118142
0.0118142
0.0118142
0.0118142
0.0118142
0.0118142
0.0118142
0.0118142
0.0118142
0.0118142
0.0118142
0.0118142
0.0118142
0.0118142
0.0118142
0.0118142
0.0118142
0.0118142
0.0118142
0.0118142
0.0118142
0.0118142
0.0118142
0.0118142
0.0118142
0.0118142
0.0118142
0.0118142
0.0108219
0.0108219
0.0108219
0.0108219
0.0108219
0.0108219
0.0108219
0.0108219
0.0108219
0.0108219
0.0108219
0.0108219
0.0108219
0.0108219
0.0108219
0.0108219
0.0108219
0.0108219
0.0108219
0.0108219
0.0108219
0.0108219
0.0108219
0.0108219
0.0108219
0.0108219
0.0108219
0.0108219
0.0108219
0.0108219
0.0108219
0.0108219
0.0108219
0.0108219
0.0108219
0.0108219
0.0108219
0.0108219
0.0108219
0.0108219
0.0108219
0.0108219
0.0108219
0.0108219
0.0108219
0.0108219
0.0108219
0.0108219
0.0108219
0.0108219
0.0108219
0.0108219
0.0108219
0.0108219
0.0108219
0.0108219
0.0108219
0.0108219
0.0108219
0.0108219
0.0101952
0.0101952
0.0101952
0.0101952
0.0101952
0.0101952
0.0101952
0.0101952
0.0101952
0.0101952
0.0101952
0.0101952
0.0101952
0.0101952
0.0101952
0.0101952
0.0101952
0.0101952
0.0101952
0.0101952
0.0101952
0.0101952
0.0101952
0.0101952
0.0101952
0.0101952
0.0101952
0.0101952
0.0101952
0.0101952
0.0101952
0.0101952
0.0101952
0.0101952
0.0101952
0.0101952
0.0101952
0.0101952
0.0101952
0.0101952
0.0101952
0.0101952
0.0101952
0.0101952
0.0101952
0.0101952
0.0101952
0.0101952
0.0101952
0.0101952
0.0101952
0.0101952
0.0101952
0.0101952
0.0101952
0.0101952
0.0101952
0.0101952
0.0101952
0.0101952
0.00982258
0.00982258
0.00982258
0.00982258
0.00982258
0.00982258
0.00982258
0.00982258
0.00982258
0.00982258
0.00982258
0.00982258
0.00982258
0.00982258
0.00982258
0.00982258
0.00982258
0.00982258
0.00982258
0.00982258
0.00982258
0.00982258
0.00982258
0.00982258
0.00982258
0.00982258
0.00982258
0.00982258
0.00982258
0.00982258
0.00982258
0.00982258
0.00982258
0.00982258
0.00982258
0.00982258
0.00982258
0.00982258
0.00982258
0.00982258
0.00982258
0.00982258
0.00982258
0.00982258
0.00982258
0.00982258
0.00982258
0.00982258
0.00982258
0.00982258
0.00982258
0.00982258
0.00982258
0.00982258
0.00982258
0.00982258
0.00982258
0.00982258
0.00982258
0.00982258
0.00962626
0.00962626
0.00962626
0.00962626
0.00962626
0.00962626
0.00962626
0.00962626
0.00962626
0.00962626
0.00962626
0.00962626
0.00962626
0.00962626
0.00962626
0.00962626
0.00962626
0.00962626
0.00962626
0.00962626
0.00962626
0.00962626
0.00962626
0.00962626
0.00962626
0.00962626
0.00962626
0.00962626
0.00962626
0.00962626
0.00962626
0.00962626
0.00962626
0.00962626
0.00962626
0.00962626
0.00962626
0.00962626
0.00962626
0.00962626
0.00962626
0.00962626
0.00962626
0.00962626
0.00962626
0.00962626
0.00962626
0.00962626
0.00962626
0.00962626
0.00962626
0.00962626
0.00962626
0.00962626
0.00962626
0.00962626
0.00962626
0.00962626
0.00962626
0.00962626
0.00955078
0.00955078
0.00955078
0.00955078
0.00955078
0.00955078
0.00955078
0.00955078
0.00955078
0.00955078
0.00955078
0.00955078
0.00955078
0.00955078
0.00955078
0.00955078
0.00955078
0.00955078
0.00955078
0.00955078
0.00955078
0.00955078
0.00955078
0.00955078
0.00955078
0.00955078
0.00955078
0.00955078
0.00955078
0.00955078
0.00955078
0.00955078
0.00955078
0.00955078
0.00955078
0.00955078
0.00955078
0.00955078
0.00955078
0.00955078
0.00955078
0.00955078
0.00955078
0.00955078
0.00955078
0.00955078
0.00955078
0.00955078
0.00955078
0.00955078
0.00955078
0.00955078
0.00955078
0.00955078
0.00955078
0.00955078
0.00955078
0.00955078
0.00955078
0.00955078
0.00955543
0.00955543
0.00955543
0.00955543
0.00955543
0.00955543
0.00955543
0.00955543
0.00955543
0.00955543
0.00955543
0.00955543
0.00955543
0.00955543
0.00955543
0.00955543
0.00955543
0.00955543
0.00955543
0.00955543
0.00955543
0.00955543
0.00955543
0.00955543
0.00955543
0.00955543
0.00955543
0.00955543
0.00955543
0.00955543
0.00955543
0.00955543
0.00955543
0.00955543
0.00955543
0.00955543
0.00955543
0.00955543
0.00955543
0.00955543
0.00955543
0.00955543
0.00955543
0.00955543
0.00955543
0.00955543
0.00955543
0.00955543
0.00955543
0.00955543
0.00955543
0.00955543
0.00955543
0.00955543
0.00955543
0.00955543
0.00955543
0.00955543
0.00955543
0.00955543
0.00960884
0.00960884
0.00960884
0.00960884
0.00960884
0.00960884
0.00960884
0.00960884
0.00960884
0.00960884
0.00960884
0.00960884
0.00960884
0.00960884
0.00960884
0.00960884
0.00960884
0.00960884
0.00960884
0.00960884
0.00960884
0.00960884
0.00960884
0.00960884
0.00960884
0.00960884
0.00960884
0.00960884
0.00960884
0.00960884
0.00960884
0.00960884
0.00960884
0.00960884
0.00960884
0.00960884
0.00960884
0.00960884
0.00960884
0.00960884
0.00960884
0.00960884
0.00960884
0.00960884
0.00960884
0.00960884
0.00960884
0.00960884
0.00960884
0.00960884
0.00960884
0.00960884
0.00960884
0.00960884
0.00960884
0.00960884
0.00960884
0.00960884
0.00960884
0.00960884
0.00968519
0.00968519
0.00968519
0.00968519
0.00968519
0.00968519
0.00968519
0.00968519
0.00968519
0.00968519
0.00968519
0.00968519
0.00968519
0.00968519
0.00968519
0.00968519
0.00968519
0.00968519
0.00968519
0.00968519
0.00968519
0.00968519
0.00968519
0.00968519
0.00968519
0.00968519
0.00968519
0.00968519
0.00968519
0.00968519
0.00968519
0.00968519
0.00968519
0.00968519
0.00968519
0.00968519
0.00968519
0.00968519
0.00968519
0.00968519
0.00968519
0.00968519
0.00968519
0.00968519
0.00968519
0.00968519
0.00968519
0.00968519
0.00968519
0.00968519
0.00968519
0.00968519
0.00968519
0.00968519
0.00968519
0.00968519
0.00968519
0.00968519
0.00968519
0.00968519
0.00976155
0.00976155
0.00976155
0.00976155
0.00976155
0.00976155
0.00976155
0.00976155
0.00976155
0.00976155
0.00976155
0.00976155
0.00976155
0.00976155
0.00976155
0.00976155
0.00976155
0.00976155
0.00976155
0.00976155
0.00976155
0.00976155
0.00976155
0.00976155
0.00976155
0.00976155
0.00976155
0.00976155
0.00976155
0.00976155
0.00976155
0.00976155
0.00976155
0.00976155
0.00976155
0.00976155
0.00976155
0.00976155
0.00976155
0.00976155
0.00976155
0.00976155
0.00976155
0.00976155
0.00976155
0.00976155
0.00976155
0.00976155
0.00976155
0.00976155
0.00976155
0.00976155
0.00976155
0.00976155
0.00976155
0.00976155
0.00976155
0.00976155
0.00976155
0.00976155
0.00981619
0.00981619
0.00981619
0.00981619
0.00981619
0.00981619
0.00981619
0.00981619
0.00981619
0.00981619
0.00981619
0.00981619
0.00981619
0.00981619
0.00981619
0.00981619
0.00981619
0.00981619
0.00981619
0.00981619
0.00981619
0.00981619
0.00981619
0.00981619
0.00981619
0.00981619
0.00981619
0.00981619
0.00981619
0.00981619
0.00981619
0.00981619
0.00981619
0.00981619
0.00981619
0.00981619
0.00981619
0.00981619
0.00981619
0.00981619
0.00981619
0.00981619
0.00981619
0.00981619
0.00981619
0.00981619
0.00981619
0.00981619
0.00981619
0.00981619
0.00981619
0.00981619
0.00981619
0.00981619
0.00981619
0.00981619
0.00981619
0.00981619
0.00981619
0.00981619
0.00982772
0.00982772
0.00982772
0.00982772
0.00982772
0.00982772
0.00982772
0.00982772
0.00982772
0.00982772
0.00982772
0.00982772
0.00982772
0.00982772
0.00982772
0.00982772
0.00982772
0.00982772
0.00982772
0.00982772
0.00982772
0.00982772
0.00982772
0.00982772
0.00982772
0.00982772
0.00982772
0.00982772
0.00982772
0.00982772
0.00982772
0.00982772
0.00982772
0.00982772
0.00982772
0.00982772
0.00982772
0.00982772
0.00982772
0.00982772
0.00982772
0.00982772
0.00982772
0.00982772
0.00982772
0.00982772
0.00982772
0.00982772
0.00982772
0.00982772
0.00982772
0.00982772
0.00982772
0.00982772
0.00982772
0.00982772
0.00982772
0.00982772
0.00982772
0.00982772
0.00977513
0.00977513
0.00977513
0.00977513
0.00977513
0.00977513
0.00977513
0.00977513
0.00977513
0.00977513
0.00977513
0.00977513
0.00977513
0.00977513
0.00977513
0.00977513
0.00977513
0.00977513
0.00977513
0.00977513
0.00977513
0.00977513
0.00977513
0.00977513
0.00977513
0.00977513
0.00977513
0.00977513
0.00977513
0.00977513
0.00977513
0.00977513
0.00977513
0.00977513
0.00977513
0.00977513
0.00977513
0.00977513
0.00977513
0.00977513
0.00977513
0.00977513
0.00977513
0.00977513
0.00977513
0.00977513
0.00977513
0.00977513
0.00977513
0.00977513
0.00977513
0.00977513
0.00977513
0.00977513
0.00977513
0.00977513
0.00977513
0.00977513
0.00977513
0.00977513
0.00963873
0.00963873
0.00963873
0.00963873
0.00963873
0.00963873
0.00963873
0.00963873
0.00963873
0.00963873
0.00963873
0.00963873
0.00963873
0.00963873
0.00963873
0.00963873
0.00963873
0.00963873
0.00963873
0.00963873
0.00963873
0.00963873
0.00963873
0.00963873
0.00963873
0.00963873
0.00963873
0.00963873
0.00963873
0.00963873
0.00963873
0.00963873
0.00963873
0.00963873
0.00963873
0.00963873
0.00963873
0.00963873
0.00963873
0.00963873
0.00963873
0.00963873
0.00963873
0.00963873
0.00963873
0.00963873
0.00963873
0.00963873
0.00963873
0.00963873
0.00963873
0.00963873
0.00963873
0.00963873
0.00963873
0.00963873
0.00963873
0.00963873
0.00963873
0.00963873
0.00940192
0.00940192
0.00940192
0.00940192
0.00940192
0.00940192
0.00940192
0.00940192
0.00940192
0.00940192
0.00940192
0.00940192
0.00940192
0.00940192
0.00940192
0.00940192
0.00940192
0.00940192
0.00940192
0.00940192
0.00940192
0.00940192
0.00940192
0.00940192
0.00940192
0.00940192
0.00940192
0.00940192
0.00940192
0.00940192
0.00940192
0.00940192
0.00940192
0.00940192
0.00940192
0.00940192
0.00940192
0.00940192
0.00940192
0.00940192
0.00940192
0.00940192
0.00940192
0.00940192
0.00940192
0.00940192
0.00940192
0.00940192
0.00940192
0.00940192
0.00940192
0.00940192
0.00940192
0.00940192
0.00940192
0.00940192
0.00940192
0.00940192
0.00940192
0.00940192
0.00905354
0.00905354
0.00905354
0.00905354
0.00905354
0.00905354
0.00905354
0.00905354
0.00905354
0.00905354
0.00905354
0.00905354
0.00905354
0.00905354
0.00905354
0.00905354
0.00905354
0.00905354
0.00905354
0.00905354
0.00905354
0.00905354
0.00905354
0.00905354
0.00905354
0.00905354
0.00905354
0.00905354
0.00905354
0.00905354
0.00905354
0.00905354
0.00905354
0.00905354
0.00905354
0.00905354
0.00905354
0.00905354
0.00905354
0.00905354
0.00905354
0.00905354
0.00905354
0.00905354
0.00905354
0.00905354
0.00905354
0.00905354
0.00905354
0.00905354
0.00905354
0.00905354
0.00905354
0.00905354
0.00905354
0.00905354
0.00905354
0.00905354
0.00905354
0.00905354
0.00859022
0.00859022
0.00859022
0.00859022
0.00859022
0.00859022
0.00859022
0.00859022
0.00859022
0.00859022
0.00859022
0.00859022
0.00859022
0.00859022
0.00859022
0.00859022
0.00859022
0.00859022
0.00859022
0.00859022
0.00859022
0.00859022
0.00859022
0.00859022
0.00859022
0.00859022
0.00859022
0.00859022
0.00859022
0.00859022
0.00859022
0.00859022
0.00859022
0.00859022
0.00859022
0.00859022
0.00859022
0.00859022
0.00859022
0.00859022
0.00859022
0.00859022
0.00859022
0.00859022
0.00859022
0.00859022
0.00859022
0.00859022
0.00859022
0.00859022
0.00859022
0.00859022
0.00859022
0.00859022
0.00859022
0.00859022
0.00859022
0.00859022
0.00859022
0.00859022
0.00801829
0.00801829
0.00801829
0.00801829
0.00801829
0.00801829
0.00801829
0.00801829
0.00801829
0.00801829
0.00801829
0.00801829
0.00801829
0.00801829
0.00801829
0.00801829
0.00801829
0.00801829
0.00801829
0.00801829
0.00801829
0.00801829
0.00801829
0.00801829
0.00801829
0.00801829
0.00801829
0.00801829
0.00801829
0.00801829
0.00801829
0.00801829
0.00801829
0.00801829
0.00801829
0.00801829
0.00801829
0.00801829
0.00801829
0.00801829
0.00801829
0.00801829
0.00801829
0.00801829
0.00801829
0.00801829
0.00801829
0.00801829
0.00801829
0.00801829
0.00801829
0.00801829
0.00801829
0.00801829
0.00801829
0.00801829
0.00801829
0.00801829
0.00801829
0.00801829
0.00735425
0.00735425
0.00735425
0.00735425
0.00735425
0.00735425
0.00735425
0.00735425
0.00735425
0.00735425
0.00735425
0.00735425
0.00735425
0.00735425
0.00735425
0.00735425
0.00735425
0.00735425
0.00735425
0.00735425
0.00735425
0.00735425
0.00735425
0.00735425
0.00735425
0.00735425
0.00735425
0.00735425
0.00735425
0.00735425
0.00735425
0.00735425
0.00735425
0.00735425
0.00735425
0.00735425
0.00735425
0.00735425
0.00735425
0.00735425
0.00735425
0.00735425
0.00735425
0.00735425
0.00735425
0.00735425
0.00735425
0.00735425
0.00735425
0.00735425
0.00735425
0.00735425
0.00735425
0.00735425
0.00735425
0.00735425
0.00735425
0.00735425
0.00735425
0.00735425
0.0066237
0.0066237
0.0066237
0.0066237
0.0066237
0.0066237
0.0066237
0.0066237
0.0066237
0.0066237
0.0066237
0.0066237
0.0066237
0.0066237
0.0066237
0.0066237
0.0066237
0.0066237
0.0066237
0.0066237
0.0066237
0.0066237
0.0066237
0.0066237
0.0066237
0.0066237
0.0066237
0.0066237
0.0066237
0.0066237
0.0066237
0.0066237
0.0066237
0.0066237
0.0066237
0.0066237
0.0066237
0.0066237
0.0066237
0.0066237
0.0066237
0.0066237
0.0066237
0.0066237
0.0066237
0.0066237
0.0066237
0.0066237
0.0066237
0.0066237
0.0066237
0.0066237
0.0066237
0.0066237
0.0066237
0.0066237
0.0066237
0.0066237
0.0066237
0.0066237
0.00585837
0.00585837
0.00585837
0.00585837
0.00585837
0.00585837
0.00585837
0.00585837
0.00585837
0.00585837
0.00585837
0.00585837
0.00585837
0.00585837
0.00585837
0.00585837
0.00585837
0.00585837
0.00585837
0.00585837
0.00585837
0.00585837
0.00585837
0.00585837
0.00585837
0.00585837
0.00585837
0.00585837
0.00585837
0.00585837
0.00585837
0.00585837
0.00585837
0.00585837
0.00585837
0.00585837
0.00585837
0.00585837
0.00585837
0.00585837
0.00585837
0.00585837
0.00585837
0.00585837
0.00585837
0.00585837
0.00585837
0.00585837
0.00585837
0.00585837
0.00585837
0.00585837
0.00585837
0.00585837
0.00585837
0.00585837
0.00585837
0.00585837
0.00585837
0.00585837
0.00509207
0.00509207
0.00509207
0.00509207
0.00509207
0.00509207
0.00509207
0.00509207
0.00509207
0.00509207
0.00509207
0.00509207
0.00509207
0.00509207
0.00509207
0.00509207
0.00509207
0.00509207
0.00509207
0.00509207
0.00509207
0.00509207
0.00509207
0.00509207
0.00509207
0.00509207
0.00509207
0.00509207
0.00509207
0.00509207
0.00509207
0.00509207
0.00509207
0.00509207
0.00509207
0.00509207
0.00509207
0.00509207
0.00509207
0.00509207
0.00509207
0.00509207
0.00509207
0.00509207
0.00509207
0.00509207
0.00509207
0.00509207
0.00509207
0.00509207
0.00509207
0.00509207
0.00509207
0.00509207
0.00509207
0.00509207
0.00509207
0.00509207
0.00509207
0.00509207
0.00435633
0.00435633
0.00435633
0.00435633
0.00435633
0.00435633
0.00435633
0.00435633
0.00435633
0.00435633
0.00435633
0.00435633
0.00435633
0.00435633
0.00435633
0.00435633
0.00435633
0.00435633
0.00435633
0.00435633
0.00435633
0.00435633
0.00435633
0.00435633
0.00435633
0.00435633
0.00435633
0.00435633
0.00435633
0.00435633
0.00435633
0.00435633
0.00435633
0.00435633
0.00435633
0.00435633
0.00435633
0.00435633
0.00435633
0.00435633
0.00435633
0.00435633
0.00435633
0.00435633
0.00435633
0.00435633
0.00435633
0.00435633
0.00435633
0.00435633
0.00435633
0.00435633
0.00435633
0.00435633
0.00435633
0.00435633
0.00435633
0.00435633
0.00435633
0.00435633
0.00367671
0.00367671
0.00367671
0.00367671
0.00367671
0.00367671
0.00367671
0.00367671
0.00367671
0.00367671
0.00367671
0.00367671
0.00367671
0.00367671
0.00367671
0.00367671
0.00367671
0.00367671
0.00367671
0.00367671
0.00367671
0.00367671
0.00367671
0.00367671
0.00367671
0.00367671
0.00367671
0.00367671
0.00367671
0.00367671
0.00367671
0.00367671
0.00367671
0.00367671
0.00367671
0.00367671
0.00367671
0.00367671
0.00367671
0.00367671
0.00367671
0.00367671
0.00367671
0.00367671
0.00367671
0.00367671
0.00367671
0.00367671
0.00367671
0.00367671
0.00367671
0.00367671
0.00367671
0.00367671
0.00367671
0.00367671
0.00367671
0.00367671
0.00367671
0.00367671
0.00307055
0.00307055
0.00307055
0.00307055
0.00307055
0.00307055
0.00307055
0.00307055
0.00307055
0.00307055
0.00307055
0.00307055
0.00307055
0.00307055
0.00307055
0.00307055
0.00307055
0.00307055
0.00307055
0.00307055
0.00307055
0.00307055
0.00307055
0.00307055
0.00307055
0.00307055
0.00307055
0.00307055
0.00307055
0.00307055
0.00307055
0.00307055
0.00307055
0.00307055
0.00307055
0.00307055
0.00307055
0.00307055
0.00307055
0.00307055
0.00307055
0.00307055
0.00307055
0.00307055
0.00307055
0.00307055
0.00307055
0.00307055
0.00307055
0.00307055
0.00307055
0.00307055
0.00307055
0.00307055
0.00307055
0.00307055
0.00307055
0.00307055
0.00307055
0.00307055
0.00254642
0.00254642
0.00254642
0.00254642
0.00254642
0.00254642
0.00254642
0.00254642
0.00254642
0.00254642
0.00254642
0.00254642
0.00254642
0.00254642
0.00254642
0.00254642
0.00254642
0.00254642
0.00254642
0.00254642
0.00254642
0.00254642
0.00254642
0.00254642
0.00254642
0.00254642
0.00254642
0.00254642
0.00254642
0.00254642
0.00254642
0.00254642
0.00254642
0.00254642
0.00254642
0.00254642
0.00254642
0.00254642
0.00254642
0.00254642
0.00254642
0.00254642
0.00254642
0.00254642
0.00254642
0.00254642
0.00254642
0.00254642
0.00254642
0.00254642
0.00254642
0.00254642
0.00254642
0.00254642
0.00254642
0.00254642
0.00254642
0.00254642
0.00254642
0.00254642
0.00210502
0.00210502
0.00210502
0.00210502
0.00210502
0.00210502
0.00210502
0.00210502
0.00210502
0.00210502
0.00210502
0.00210502
0.00210502
0.00210502
0.00210502
0.00210502
0.00210502
0.00210502
0.00210502
0.00210502
0.00210502
0.00210502
0.00210502
0.00210502
0.00210502
0.00210502
0.00210502
0.00210502
0.00210502
0.00210502
0.00210502
0.00210502
0.00210502
0.00210502
0.00210502
0.00210502
0.00210502
0.00210502
0.00210502
0.00210502
0.00210502
0.00210502
0.00210502
0.00210502
0.00210502
0.00210502
0.00210502
0.00210502
0.00210502
0.00210502
0.00210502
0.00210502
0.00210502
0.00210502
0.00210502
0.00210502
0.00210502
0.00210502
0.00210502
0.00210502
0.00174109
0.00174109
0.00174109
0.00174109
0.00174109
0.00174109
0.00174109
0.00174109
0.00174109
0.00174109
0.00174109
0.00174109
0.00174109
0.00174109
0.00174109
0.00174109
0.00174109
0.00174109
0.00174109
0.00174109
0.00174109
0.00174109
0.00174109
0.00174109
0.00174109
0.00174109
0.00174109
0.00174109
0.00174109
0.00174109
0.00174109
0.00174109
0.00174109
0.00174109
0.00174109
0.00174109
0.00174109
0.00174109
0.00174109
0.00174109
0.00174109
0.00174109
0.00174109
0.00174109
0.00174109
0.00174109
0.00174109
0.00174109
0.00174109
0.00174109
0.00174109
0.00174109
0.00174109
0.00174109
0.00174109
0.00174109
0.00174109
0.00174109
0.00174109
0.00174109
0.00144565
0.00144565
0.00144565
0.00144565
0.00144565
0.00144565
0.00144565
0.00144565
0.00144565
0.00144565
0.00144565
0.00144565
0.00144565
0.00144565
0.00144565
0.00144565
0.00144565
0.00144565
0.00144565
0.00144565
0.00144565
0.00144565
0.00144565
0.00144565
0.00144565
0.00144565
0.00144565
0.00144565
0.00144565
0.00144565
0.00144565
0.00144565
0.00144565
0.00144565
0.00144565
0.00144565
0.00144565
0.00144565
0.00144565
0.00144565
0.00144565
0.00144565
0.00144565
0.00144565
0.00144565
0.00144565
0.00144565
0.00144565
0.00144565
0.00144565
0.00144565
0.00144565
0.00144565
0.00144565
0.00144565
0.00144565
0.00144565
0.00144565
0.00144565
0.00144565
0.00120807
0.00120807
0.00120807
0.00120807
0.00120807
0.00120807
0.00120807
0.00120807
0.00120807
0.00120807
0.00120807
0.00120807
0.00120807
0.00120807
0.00120807
0.00120807
0.00120807
0.00120807
0.00120807
0.00120807
0.00120807
0.00120807
0.00120807
0.00120807
0.00120807
0.00120807
0.00120807
0.00120807
0.00120807
0.00120807
0.00120807
0.00120807
0.00120807
0.00120807
0.00120807
0.00120807
0.00120807
0.00120807
0.00120807
0.00120807
0.00120807
0.00120807
0.00120807
0.00120807
0.00120807
0.00120807
0.00120807
0.00120807
0.00120807
0.00120807
0.00120807
0.00120807
0.00120807
0.00120807
0.00120807
0.00120807
0.00120807
0.00120807
0.00120807
0.00120807
0.00101768
0.00101768
0.00101768
0.00101768
0.00101768
0.00101768
0.00101768
0.00101768
0.00101768
0.00101768
0.00101768
0.00101768
0.00101768
0.00101768
0.00101768
0.00101768
0.00101768
0.00101768
0.00101768
0.00101768
0.00101768
0.00101768
0.00101768
0.00101768
0.00101768
0.00101768
0.00101768
0.00101768
0.00101768
0.00101768
0.00101768
0.00101768
0.00101768
0.00101768
0.00101768
0.00101768
0.00101768
0.00101768
0.00101768
0.00101768
0.00101768
0.00101768
0.00101768
0.00101768
0.00101768
0.00101768
0.00101768
0.00101768
0.00101768
0.00101768
0.00101768
0.00101768
0.00101768
0.00101768
0.00101768
0.00101768
0.00101768
0.00101768
0.00101768
0.00101768
0.000864823
0.000864823
0.000864823
0.000864823
0.000864823
0.000864823
0.000864823
0.000864823
0.000864823
0.000864823
0.000864823
0.000864823
0.000864823
0.000864823
0.000864823
0.000864823
0.000864823
0.000864823
0.000864823
0.000864823
0.000864823
0.000864823
0.000864823
0.000864823
0.000864823
0.000864823
0.000864823
0.000864823
0.000864823
0.000864823
0.000864823
0.000864823
0.000864823
0.000864823
0.000864823
0.000864823
0.000864823
0.000864823
0.000864823
0.000864823
0.000864823
0.000864823
0.000864823
0.000864823
0.000864823
0.000864823
0.000864823
0.000864823
0.000864823
0.000864823
0.000864823
0.000864823
0.000864823
0.000864823
0.000864823
0.000864823
0.000864823
0.000864823
0.000864823
0.000864823
0.000741322
0.000741322
0.000741322
0.000741322
0.000741322
0.000741322
0.000741322
0.000741322
0.000741322
0.000741322
0.000741322
0.000741322
0.000741322
0.000741322
0.000741322
0.000741322
0.000741322
0.000741322
0.000741322
0.000741322
0.000741322
0.000741322
0.000741322
0.000741322
0.000741322
0.000741322
0.000741322
0.000741322
0.000741322
0.000741322
0.000741322
0.000741322
0.000741322
0.000741322
0.000741322
0.000741322
0.000741322
0.000741322
0.000741322
0.000741322
0.000741322
0.000741322
0.000741322
0.000741322
0.000741322
0.000741322
0.000741322
0.000741322
0.000741322
0.000741322
0.000741322
0.000741322
0.000741322
0.000741322
0.000741322
0.000741322
0.000741322
0.000741322
0.000741322
0.000741322
0.000640617
0.000640617
0.000640617
0.000640617
0.000640617
0.000640617
0.000640617
0.000640617
0.000640617
0.000640617
0.000640617
0.000640617
0.000640617
0.000640617
0.000640617
0.000640617
0.000640617
0.000640617
0.000640617
0.000640617
0.000640617
0.000640617
0.000640617
0.000640617
0.000640617
0.000640617
0.000640617
0.000640617
0.000640617
0.000640617
0.000640617
0.000640617
0.000640617
0.000640617
0.000640617
0.000640617
0.000640617
0.000640617
0.000640617
0.000640617
0.000640617
0.000640617
0.000640617
0.000640617
0.000640617
0.000640617
0.000640617
0.000640617
0.000640617
0.000640617
0.000640617
0.000640617
0.000640617
0.000640617
0.000640617
0.000640617
0.000640617
0.000640617
0.000640617
0.000640617
0.000557619
0.000557619
0.000557619
0.000557619
0.000557619
0.000557619
0.000557619
0.000557619
0.000557619
0.000557619
0.000557619
0.000557619
0.000557619
0.000557619
0.000557619
0.000557619
0.000557619
0.000557619
0.000557619
0.000557619
0.000557619
0.000557619
0.000557619
0.000557619
0.000557619
0.000557619
0.000557619
0.000557619
0.000557619
0.000557619
0.000557619
0.000557619
0.000557619
0.000557619
0.000557619
0.000557619
0.000557619
0.000557619
0.000557619
0.000557619
0.000557619
0.000557619
0.000557619
0.000557619
0.000557619
0.000557619
0.000557619
0.000557619
0.000557619
0.000557619
0.000557619
0.000557619
0.000557619
0.000557619
0.000557619
0.000557619
0.000557619
0.000557619
0.000557619
0.000557619
0.000488464
0.000488464
0.000488464
0.000488464
0.000488464
0.000488464
0.000488464
0.000488464
0.000488464
0.000488464
0.000488464
0.000488464
0.000488464
0.000488464
0.000488464
0.000488464
0.000488464
0.000488464
0.000488464
0.000488464
0.000488464
0.000488464
0.000488464
0.000488464
0.000488464
0.000488464
0.000488464
0.000488464
0.000488464
0.000488464
0.000488464
0.000488464
0.000488464
0.000488464
0.000488464
0.000488464
0.000488464
0.000488464
0.000488464
0.000488464
0.000488464
0.000488464
0.000488464
0.000488464
0.000488464
0.000488464
0.000488464
0.000488464
0.000488464
0.000488464
0.000488464
0.000488464
0.000488464
0.000488464
0.000488464
0.000488464
0.000488464
0.000488464
0.000488464
0.000488464
0.000430248
0.000430248
0.000430248
0.000430248
0.000430248
0.000430248
0.000430248
0.000430248
0.000430248
0.000430248
0.000430248
0.000430248
0.000430248
0.000430248
0.000430248
0.000430248
0.000430248
0.000430248
0.000430248
0.000430248
0.000430248
0.000430248
0.000430248
0.000430248
0.000430248
0.000430248
0.000430248
0.000430248
0.000430248
0.000430248
0.000430248
0.000430248
0.000430248
0.000430248
0.000430248
0.000430248
0.000430248
0.000430248
0.000430248
0.000430248
0.000430248
0.000430248
0.000430248
0.000430248
0.000430248
0.000430248
0.000430248
0.000430248
0.000430248
0.000430248
0.000430248
0.000430248
0.000430248
0.000430248
0.000430248
0.000430248
0.000430248
0.000430248
0.000430248
0.000430248
0.000380787
0.000380787
0.000380787
0.000380787
0.000380787
0.000380787
0.000380787
0.000380787
0.000380787
0.000380787
0.000380787
0.000380787
0.000380787
0.000380787
0.000380787
0.000380787
0.000380787
0.000380787
0.000380787
0.000380787
0.000380787
0.000380787
0.000380787
0.000380787
0.000380787
0.000380787
0.000380787
0.000380787
0.000380787
0.000380787
0.000380787
0.000380787
0.000380787
0.000380787
0.000380787
0.000380787
0.000380787
0.000380787
0.000380787
0.000380787
0.000380787
0.000380787
0.000380787
0.000380787
0.000380787
0.000380787
0.000380787
0.000380787
0.000380787
0.000380787
0.000380787
0.000380787
0.000380787
0.000380787
0.000380787
0.000380787
0.000380787
0.000380787
0.000380787
0.000380787
0.000338424
0.000338424
0.000338424
0.000338424
0.000338424
0.000338424
0.000338424
0.000338424
0.000338424
0.000338424
0.000338424
0.000338424
0.000338424
0.000338424
0.000338424
0.000338424
0.000338424
0.000338424
0.000338424
0.000338424
0.000338424
0.000338424
0.000338424
0.000338424
0.000338424
0.000338424
0.000338424
0.000338424
0.000338424
0.000338424
0.000338424
0.000338424
0.000338424
0.000338424
0.000338424
0.000338424
0.000338424
0.000338424
0.000338424
0.000338424
0.000338424
0.000338424
0.000338424
0.000338424
0.000338424
0.000338424
0.000338424
0.000338424
0.000338424
0.000338424
0.000338424
0.000338424
0.000338424
0.000338424
0.000338424
0.000338424
0.000338424
0.000338424
0.000338424
0.000338424
0.000301887
0.000301887
0.000301887
0.000301887
0.000301887
0.000301887
0.000301887
0.000301887
0.000301887
0.000301887
0.000301887
0.000301887
0.000301887
0.000301887
0.000301887
0.000301887
0.000301887
0.000301887
0.000301887
0.000301887
0.000301887
0.000301887
0.000301887
0.000301887
0.000301887
0.000301887
0.000301887
0.000301887
0.000301887
0.000301887
0.000301887
0.000301887
0.000301887
0.000301887
0.000301887
0.000301887
0.000301887
0.000301887
0.000301887
0.000301887
0.000301887
0.000301887
0.000301887
0.000301887
0.000301887
0.000301887
0.000301887
0.000301887
0.000301887
0.000301887
0.000301887
0.000301887
0.000301887
0.000301887
0.000301887
0.000301887
0.000301887
0.000301887
0.000301887
0.000301887
0.000270184
0.000270184
0.000270184
0.000270184
0.000270184
0.000270184
0.000270184
0.000270184
0.000270184
0.000270184
0.000270184
0.000270184
0.000270184
0.000270184
0.000270184
0.000270184
0.000270184
0.000270184
0.000270184
0.000270184
0.000270184
0.000270184
0.000270184
0.000270184
0.000270184
0.000270184
0.000270184
0.000270184
0.000270184
0.000270184
0.000270184
0.000270184
0.000270184
0.000270184
0.000270184
0.000270184
0.000270184
0.000270184
0.000270184
0.000270184
0.000270184
0.000270184
0.000270184
0.000270184
0.000270184
0.000270184
0.000270184
0.000270184
0.000270184
0.000270184
0.000270184
0.000270184
0.000270184
0.000270184
0.000270184
0.000270184
0.000270184
0.000270184
0.000270184
0.000270184
0.000242531
0.000242531
0.000242531
0.000242531
0.000242531
0.000242531
0.000242531
0.000242531
0.000242531
0.000242531
0.000242531
0.000242531
0.000242531
0.000242531
0.000242531
0.000242531
0.000242531
0.000242531
0.000242531
0.000242531
0.000242531
0.000242531
0.000242531
0.000242531
0.000242531
0.000242531
0.000242531
0.000242531
0.000242531
0.000242531
0.000242531
0.000242531
0.000242531
0.000242531
0.000242531
0.000242531
0.000242531
0.000242531
0.000242531
0.000242531
0.000242531
0.000242531
0.000242531
0.000242531
0.000242531
0.000242531
0.000242531
0.000242531
0.000242531
0.000242531
0.000242531
0.000242531
0.000242531
0.000242531
0.000242531
0.000242531
0.000242531
0.000242531
0.000242531
0.000242531
0.000218296
0.000218296
0.000218296
0.000218296
0.000218296
0.000218296
0.000218296
0.000218296
0.000218296
0.000218296
0.000218296
0.000218296
0.000218296
0.000218296
0.000218296
0.000218296
0.000218296
0.000218296
0.000218296
0.000218296
0.000218296
0.000218296
0.000218296
0.000218296
0.000218296
0.000218296
0.000218296
0.000218296
0.000218296
0.000218296
0.000218296
0.000218296
0.000218296
0.000218296
0.000218296
0.000218296
0.000218296
0.000218296
0.000218296
0.000218296
0.000218296
0.000218296
0.000218296
0.000218296
0.000218296
0.000218296
0.000218296
0.000218296
0.000218296
0.000218296
0.000218296
0.000218296
0.000218296
0.000218296
0.000218296
0.000218296
0.000218296
0.000218296
0.000218296
0.000218296
0.000196968
0.000196968
0.000196968
0.000196968
0.000196968
0.000196968
0.000196968
0.000196968
0.000196968
0.000196968
0.000196968
0.000196968
0.000196968
0.000196968
0.000196968
0.000196968
0.000196968
0.000196968
0.000196968
0.000196968
0.000196968
0.000196968
0.000196968
0.000196968
0.000196968
0.000196968
0.000196968
0.000196968
0.000196968
0.000196968
0.000196968
0.000196968
0.000196968
0.000196968
0.000196968
0.000196968
0.000196968
0.000196968
0.000196968
0.000196968
0.000196968
0.000196968
0.000196968
0.000196968
0.000196968
0.000196968
0.000196968
0.000196968
0.000196968
0.000196968
0.000196968
0.000196968
0.000196968
0.000196968
0.000196968
0.000196968
0.000196968
0.000196968
0.000196968
0.000196968
0.000178127
0.000178127
0.000178127
0.000178127
0.000178127
0.000178127
0.000178127
0.000178127
0.000178127
0.000178127
0.000178127
0.000178127
0.000178127
0.000178127
0.000178127
0.000178127
0.000178127
0.000178127
0.000178127
0.000178127
0.000178127
0.000178127
0.000178127
0.000178127
0.000178127
0.000178127
0.000178127
0.000178127
0.000178127
0.000178127
0.000178127
0.000178127
0.000178127
0.000178127
0.000178127
0.000178127
0.000178127
0.000178127
0.000178127
0.000178127
0.000178127
0.000178127
0.000178127
0.000178127
0.000178127
0.000178127
0.000178127
0.000178127
0.000178127
0.000178127
0.000178127
0.000178127
0.000178127
0.000178127
0.000178127
0.000178127
0.000178127
0.000178127
0.000178127
0.000178127
0.000161425
0.000161425
0.000161425
0.000161425
0.000161425
0.000161425
0.000161425
0.000161425
0.000161425
0.000161425
0.000161425
0.000161425
0.000161425
0.000161425
0.000161425
0.000161425
0.000161425
0.000161425
0.000161425
0.000161425
0.000161425
0.000161425
0.000161425
0.000161425
0.000161425
0.000161425
0.000161425
0.000161425
0.000161425
0.000161425
0.000161425
0.000161425
0.000161425
0.000161425
0.000161425
0.000161425
0.000161425
0.000161425
0.000161425
0.000161425
0.000161425
0.000161425
0.000161425
0.000161425
0.000161425
0.000161425
0.000161425
0.000161425
0.000161425
0.000161425
0.000161425
0.000161425
0.000161425
0.000161425
0.000161425
0.000161425
0.000161425
0.000161425
0.000161425
0.000161425
0.000146573
0.000146573
0.000146573
0.000146573
0.000146573
0.000146573
0.000146573
0.000146573
0.000146573
0.000146573
0.000146573
0.000146573
0.000146573
0.000146573
0.000146573
0.000146573
0.000146573
0.000146573
0.000146573
0.000146573
0.000146573
0.000146573
0.000146573
0.000146573
0.000146573
0.000146573
0.000146573
0.000146573
0.000146573
0.000146573
0.000146573
0.000146573
0.000146573
0.000146573
0.000146573
0.000146573
0.000146573
0.000146573
0.000146573
0.000146573
0.000146573
0.000146573
0.000146573
0.000146573
0.000146573
0.000146573
0.000146573
0.000146573
0.000146573
0.000146573
0.000146573
0.000146573
0.000146573
0.000146573
0.000146573
0.000146573
0.000146573
0.000146573
0.000146573
0.000146573
0.000133327
0.000133327
0.000133327
0.000133327
0.000133327
0.000133327
0.000133327
0.000133327
0.000133327
0.000133327
0.000133327
0.000133327
0.000133327
0.000133327
0.000133327
0.000133327
0.000133327
0.000133327
0.000133327
0.000133327
0.000133327
0.000133327
0.000133327
0.000133327
0.000133327
0.000133327
0.000133327
0.000133327
0.000133327
0.000133327
0.000133327
0.000133327
0.000133327
0.000133327
0.000133327
0.000133327
0.000133327
0.000133327
0.000133327
0.000133327
0.000133327
0.000133327
0.000133327
0.000133327
0.000133327
0.000133327
0.000133327
0.000133327
0.000133327
0.000133327
0.000133327
0.000133327
0.000133327
0.000133327
0.000133327
0.000133327
0.000133327
0.000133327
0.000133327
0.000133327
0.000121482
0.000121482
0.000121482
0.000121482
0.000121482
0.000121482
0.000121482
0.000121482
0.000121482
0.000121482
0.000121482
0.000121482
0.000121482
0.000121482
0.000121482
0.000121482
0.000121482
0.000121482
0.000121482
0.000121482
0.000121482
0.000121482
0.000121482
0.000121482
0.000121482
0.000121482
0.000121482
0.000121482
0.000121482
0.000121482
0.000121482
0.000121482
0.000121482
0.000121482
0.000121482
0.000121482
0.000121482
0.000121482
0.000121482
0.000121482
0.000121482
0.000121482
0.000121482
0.000121482
0.000121482
0.000121482
0.000121482
0.000121482
0.000121482
0.000121482
0.000121482
0.000121482
0.000121482
0.000121482
0.000121482
0.000121482
0.000121482
0.000121482
0.000121482
0.000121482
0.000110862
0.000110862
0.000110862
0.000110862
0.000110862
0.000110862
0.000110862
0.000110862
0.000110862
0.000110862
0.000110862
0.000110862
0.000110862
0.000110862
0.000110862
0.000110862
0.000110862
0.000110862
0.000110862
0.000110862
0.000110862
0.000110862
0.000110862
0.000110862
0.000110862
0.000110862
0.000110862
0.000110862
0.000110862
0.000110862
0.000110862
0.000110862
0.000110862
0.000110862
0.000110862
0.000110862
0.000110862
0.000110862
0.000110862
0.000110862
0.000110862
0.000110862
0.000110862
0.000110862
0.000110862
0.000110862
0.000110862
0.000110862
0.000110862
0.000110862
0.000110862
0.000110862
0.000110862
0.000110862
0.000110862
0.000110862
0.000110862
0.000110862
0.000110862
0.000110862
0.000101319
0.000101319
0.000101319
0.000101319
0.000101319
0.000101319
0.000101319
0.000101319
0.000101319
0.000101319
0.000101319
0.000101319
0.000101319
0.000101319
0.000101319
0.000101319
0.000101319
0.000101319
0.000101319
0.000101319
0.000101319
0.000101319
0.000101319
0.000101319
0.000101319
0.000101319
0.000101319
0.000101319
0.000101319
0.000101319
0.000101319
0.000101319
0.000101319
0.000101319
0.000101319
0.000101319
0.000101319
0.000101319
0.000101319
0.000101319
0.000101319
0.000101319
0.000101319
0.000101319
0.000101319
0.000101319
0.000101319
0.000101319
0.000101319
0.000101319
0.000101319
0.000101319
0.000101319
0.000101319
0.000101319
0.000101319
0.000101319
0.000101319
0.000101319
0.000101319
9.27249e-05
9.27249e-05
9.27249e-05
9.27249e-05
9.27249e-05
9.27249e-05
9.27249e-05
9.27249e-05
9.27249e-05
9.27249e-05
9.27249e-05
9.27249e-05
9.27249e-05
9.27249e-05
9.27249e-05
9.27249e-05
9.27249e-05
9.27249e-05
9.27249e-05
9.27249e-05
9.27249e-05
9.27249e-05
9.27249e-05
9.27249e-05
9.27249e-05
9.27249e-05
9.27249e-05
9.27249e-05
9.27249e-05
9.27249e-05
9.27249e-05
9.27249e-05
9.27249e-05
9.27249e-05
9.27249e-05
9.27249e-05
9.27249e-05
9.27249e-05
9.27249e-05
9.27249e-05
9.27249e-05
9.27249e-05
9.27249e-05
9.27249e-05
9.27249e-05
9.27249e-05
9.27249e-05
9.27249e-05
9.27249e-05
9.27249e-05
9.27249e-05
9.27249e-05
9.27249e-05
9.27249e-05
9.27249e-05
9.27249e-05
9.27249e-05
9.27249e-05
9.27249e-05
9.27249e-05
8.49695e-05
8.49695e-05
8.49695e-05
8.49695e-05
8.49695e-05
8.49695e-05
8.49695e-05
8.49695e-05
8.49695e-05
8.49695e-05
8.49695e-05
8.49695e-05
8.49695e-05
8.49695e-05
8.49695e-05
8.49695e-05
8.49695e-05
8.49695e-05
8.49695e-05
8.49695e-05
8.49695e-05
8.49695e-05
8.49695e-05
8.49695e-05
8.49695e-05
8.49695e-05
8.49695e-05
8.49695e-05
8.49695e-05
8.49695e-05
8.49695e-05
8.49695e-05
8.49695e-05
8.49695e-05
8.49695e-05
8.49695e-05
8.49695e-05
8.49695e-05
8.49695e-05
8.49695e-05
8.49695e-05
8.49695e-05
8.49695e-05
8.49695e-05
8.49695e-05
8.49695e-05
8.49695e-05
8.49695e-05
8.49695e-05
8.49695e-05
8.49695e-05
8.49695e-05
8.49695e-05
8.49695e-05
8.49695e-05
8.49695e-05
8.49695e-05
8.49695e-05
8.49695e-05
8.49695e-05
7.79574e-05
7.79574e-05
7.79574e-05
7.79574e-05
7.79574e-05
7.79574e-05
7.79574e-05
7.79574e-05
7.79574e-05
7.79574e-05
7.79574e-05
7.79574e-05
7.79574e-05
7.79574e-05
7.79574e-05
7.79574e-05
7.79574e-05
7.79574e-05
7.79574e-05
7.79574e-05
7.79574e-05
7.79574e-05
7.79574e-05
7.79574e-05
7.79574e-05
7.79574e-05
7.79574e-05
7.79574e-05
7.79574e-05
7.79574e-05
7.79574e-05
7.79574e-05
7.79574e-05
7.79574e-05
7.79574e-05
7.79574e-05
7.79574e-05
7.79574e-05
7.79574e-05
7.79574e-05
7.79574e-05
7.79574e-05
7.79574e-05
7.79574e-05
7.79574e-05
7.79574e-05
7.79574e-05
7.79574e-05
7.79574e-05
7.79574e-05
7.79574e-05
7.79574e-05
7.79574e-05
7.79574e-05
7.79574e-05
7.79574e-05
7.79574e-05
7.79574e-05
7.79574e-05
7.79574e-05
7.1606e-05
7.1606e-05
7.1606e-05
7.1606e-05
7.1606e-05
7.1606e-05
7.1606e-05
7.1606e-05
7.1606e-05
7.1606e-05
7.1606e-05
7.1606e-05
7.1606e-05
7.1606e-05
7.1606e-05
7.1606e-05
7.1606e-05
7.1606e-05
7.1606e-05
7.1606e-05
7.1606e-05
7.1606e-05
7.1606e-05
7.1606e-05
7.1606e-05
7.1606e-05
7.1606e-05
7.1606e-05
7.1606e-05
7.1606e-05
7.1606e-05
7.1606e-05
7.1606e-05
7.1606e-05
7.1606e-05
7.1606e-05
7.1606e-05
7.1606e-05
7.1606e-05
7.1606e-05
7.1606e-05
7.1606e-05
7.1606e-05
7.1606e-05
7.1606e-05
7.1606e-05
7.1606e-05
7.1606e-05
7.1606e-05
7.1606e-05
7.1606e-05
7.1606e-05
7.1606e-05
7.1606e-05
7.1606e-05
7.1606e-05
7.1606e-05
7.1606e-05
7.1606e-05
7.1606e-05
6.58432e-05
6.58432e-05
6.58432e-05
6.58432e-05
6.58432e-05
6.58432e-05
6.58432e-05
6.58432e-05
6.58432e-05
6.58432e-05
6.58432e-05
6.58432e-05
6.58432e-05
6.58432e-05
6.58432e-05
6.58432e-05
6.58432e-05
6.58432e-05
6.58432e-05
6.58432e-05
6.58432e-05
6.58432e-05
6.58432e-05
6.58432e-05
6.58432e-05
6.58432e-05
6.58432e-05
6.58432e-05
6.58432e-05
6.58432e-05
6.58432e-05
6.58432e-05
6.58432e-05
6.58432e-05
6.58432e-05
6.58432e-05
6.58432e-05
6.58432e-05
6.58432e-05
6.58432e-05
6.58432e-05
6.58432e-05
6.58432e-05
6.58432e-05
6.58432e-05
6.58432e-05
6.58432e-05
6.58432e-05
6.58432e-05
6.58432e-05
6.58432e-05
6.58432e-05
6.58432e-05
6.58432e-05
6.58432e-05
6.58432e-05
6.58432e-05
6.58432e-05
6.58432e-05
6.58432e-05
6.06062e-05
6.06062e-05
6.06062e-05
6.06062e-05
6.06062e-05
6.06062e-05
6.06062e-05
6.06062e-05
6.06062e-05
6.06062e-05
6.06062e-05
6.06062e-05
6.06062e-05
6.06062e-05
6.06062e-05
6.06062e-05
6.06062e-05
6.06062e-05
6.06062e-05
6.06062e-05
6.06062e-05
6.06062e-05
6.06062e-05
6.06062e-05
6.06062e-05
6.06062e-05
6.06062e-05
6.06062e-05
6.06062e-05
6.06062e-05
6.06062e-05
6.06062e-05
6.06062e-05
6.06062e-05
6.06062e-05
6.06062e-05
6.06062e-05
6.06062e-05
6.06062e-05
6.06062e-05
6.06062e-05
6.06062e-05
6.06062e-05
6.06062e-05
6.06062e-05
6.06062e-05
6.06062e-05
6.06062e-05
6.06062e-05
6.06062e-05
6.06062e-05
6.06062e-05
6.06062e-05
6.06062e-05
6.06062e-05
6.06062e-05
6.06062e-05
6.06062e-05
6.06062e-05
6.06062e-05
5.58397e-05
5.58397e-05
5.58397e-05
5.58397e-05
5.58397e-05
5.58397e-05
5.58397e-05
5.58397e-05
5.58397e-05
5.58397e-05
5.58397e-05
5.58397e-05
5.58397e-05
5.58397e-05
5.58397e-05
5.58397e-05
5.58397e-05
5.58397e-05
5.58397e-05
5.58397e-05
5.58397e-05
5.58397e-05
5.58397e-05
5.58397e-05
5.58397e-05
5.58397e-05
5.58397e-05
5.58397e-05
5.58397e-05
5.58397e-05
5.58397e-05
5.58397e-05
5.58397e-05
5.58397e-05
5.58397e-05
5.58397e-05
5.58397e-05
5.58397e-05
5.58397e-05
5.58397e-05
5.58397e-05
5.58397e-05
5.58397e-05
5.58397e-05
5.58397e-05
5.58397e-05
5.58397e-05
5.58397e-05
5.58397e-05
5.58397e-05
5.58397e-05
5.58397e-05
5.58397e-05
5.58397e-05
5.58397e-05
5.58397e-05
5.58397e-05
5.58397e-05
5.58397e-05
5.58397e-05
5.14954e-05
5.14954e-05
5.14954e-05
5.14954e-05
5.14954e-05
5.14954e-05
5.14954e-05
5.14954e-05
5.14954e-05
5.14954e-05
5.14954e-05
5.14954e-05
5.14954e-05
5.14954e-05
5.14954e-05
5.14954e-05
5.14954e-05
5.14954e-05
5.14954e-05
5.14954e-05
5.14954e-05
5.14954e-05
5.14954e-05
5.14954e-05
5.14954e-05
5.14954e-05
5.14954e-05
5.14954e-05
5.14954e-05
5.14954e-05
5.14954e-05
5.14954e-05
5.14954e-05
5.14954e-05
5.14954e-05
5.14954e-05
5.14954e-05
5.14954e-05
5.14954e-05
5.14954e-05
5.14954e-05
5.14954e-05
5.14954e-05
5.14954e-05
5.14954e-05
5.14954e-05
5.14954e-05
5.14954e-05
5.14954e-05
5.14954e-05
5.14954e-05
5.14954e-05
5.14954e-05
5.14954e-05
5.14954e-05
5.14954e-05
5.14954e-05
5.14954e-05
5.14954e-05
5.14954e-05
4.75303e-05
4.75303e-05
4.75303e-05
4.75303e-05
4.75303e-05
4.75303e-05
4.75303e-05
4.75303e-05
4.75303e-05
4.75303e-05
4.75303e-05
4.75303e-05
4.75303e-05
4.75303e-05
4.75303e-05
4.75303e-05
4.75303e-05
4.75303e-05
4.75303e-05
4.75303e-05
4.75303e-05
4.75303e-05
4.75303e-05
4.75303e-05
4.75303e-05
4.75303e-05
4.75303e-05
4.75303e-05
4.75303e-05
4.75303e-05
4.75303e-05
4.75303e-05
4.75303e-05
4.75303e-05
4.75303e-05
4.75303e-05
4.75303e-05
4.75303e-05
4.75303e-05
4.75303e-05
4.75303e-05
4.75303e-05
4.75303e-05
4.75303e-05
4.75303e-05
4.75303e-05
4.75303e-05
4.75303e-05
4.75303e-05
4.75303e-05
4.75303e-05
4.75303e-05
4.75303e-05
4.75303e-05
4.75303e-05
4.75303e-05
4.75303e-05
4.75303e-05
4.75303e-05
4.75303e-05
4.39068e-05
4.39068e-05
4.39068e-05
4.39068e-05
4.39068e-05
4.39068e-05
4.39068e-05
4.39068e-05
4.39068e-05
4.39068e-05
4.39068e-05
4.39068e-05
4.39068e-05
4.39068e-05
4.39068e-05
4.39068e-05
4.39068e-05
4.39068e-05
4.39068e-05
4.39068e-05
4.39068e-05
4.39068e-05
4.39068e-05
4.39068e-05
4.39068e-05
4.39068e-05
4.39068e-05
4.39068e-05
4.39068e-05
4.39068e-05
4.39068e-05
4.39068e-05
4.39068e-05
4.39068e-05
4.39068e-05
4.39068e-05
4.39068e-05
4.39068e-05
4.39068e-05
4.39068e-05
4.39068e-05
4.39068e-05
4.39068e-05
4.39068e-05
4.39068e-05
4.39068e-05
4.39068e-05
4.39068e-05
4.39068e-05
4.39068e-05
4.39068e-05
4.39068e-05
4.39068e-05
4.39068e-05
4.39068e-05
4.39068e-05
4.39068e-05
4.39068e-05
4.39068e-05
4.39068e-05
4.05914e-05
4.05914e-05
4.05914e-05
4.05914e-05
4.05914e-05
4.05914e-05
4.05914e-05
4.05914e-05
4.05914e-05
4.05914e-05
4.05914e-05
4.05914e-05
4.05914e-05
4.05914e-05
4.05914e-05
4.05914e-05
4.05914e-05
4.05914e-05
4.05914e-05
4.05914e-05
4.05914e-05
4.05914e-05
4.05914e-05
4.05914e-05
4.05914e-05
4.05914e-05
4.05914e-05
4.05914e-05
4.05914e-05
4.05914e-05
4.05914e-05
4.05914e-05
4.05914e-05
4.05914e-05
4.05914e-05
4.05914e-05
4.05914e-05
4.05914e-05
4.05914e-05
4.05914e-05
4.05914e-05
4.05914e-05
4.05914e-05
4.05914e-05
4.05914e-05
4.05914e-05
4.05914e-05
4.05914e-05
4.05914e-05
4.05914e-05
4.05914e-05
4.05914e-05
4.05914e-05
4.05914e-05
4.05914e-05
4.05914e-05
4.05914e-05
4.05914e-05
4.05914e-05
4.05914e-05
3.75544e-05
3.75544e-05
3.75544e-05
3.75544e-05
3.75544e-05
3.75544e-05
3.75544e-05
3.75544e-05
3.75544e-05
3.75544e-05
3.75544e-05
3.75544e-05
3.75544e-05
3.75544e-05
3.75544e-05
3.75544e-05
3.75544e-05
3.75544e-05
3.75544e-05
3.75544e-05
3.75544e-05
3.75544e-05
3.75544e-05
3.75544e-05
3.75544e-05
3.75544e-05
3.75544e-05
3.75544e-05
3.75544e-05
3.75544e-05
3.75544e-05
3.75544e-05
3.75544e-05
3.75544e-05
3.75544e-05
3.75544e-05
3.75544e-05
3.75544e-05
3.75544e-05
3.75544e-05
3.75544e-05
3.75544e-05
3.75544e-05
3.75544e-05
3.75544e-05
3.75544e-05
3.75544e-05
3.75544e-05
3.75544e-05
3.75544e-05
3.75544e-05
3.75544e-05
3.75544e-05
3.75544e-05
3.75544e-05
3.75544e-05
3.75544e-05
3.75544e-05
3.75544e-05
3.75544e-05
3.47693e-05
3.47693e-05
3.47693e-05
3.47693e-05
3.47693e-05
3.47693e-05
3.47693e-05
3.47693e-05
3.47693e-05
3.47693e-05
3.47693e-05
3.47693e-05
3.47693e-05
3.47693e-05
3.47693e-05
3.47693e-05
3.47693e-05
3.47693e-05
3.47693e-05
3.47693e-05
3.47693e-05
3.47693e-05
3.47693e-05
3.47693e-05
3.47693e-05
3.47693e-05
3.47693e-05
3.47693e-05
3.47693e-05
3.47693e-05
3.47693e-05
3.47693e-05
3.47693e-05
3.47693e-05
3.47693e-05
3.47693e-05
3.47693e-05
3.47693e-05
3.47693e-05
3.47693e-05
3.47693e-05
3.47693e-05
3.47693e-05
3.47693e-05
3.47693e-05
3.47693e-05
3.47693e-05
3.47693e-05
3.47693e-05
3.47693e-05
3.47693e-05
3.47693e-05
3.47693e-05
3.47693e-05
3.47693e-05
3.47693e-05
3.47693e-05
3.47693e-05
3.47693e-05
3.47693e-05
3.22126e-05
3.22126e-05
3.22126e-05
3.22126e-05
3.22126e-05
3.22126e-05
3.22126e-05
3.22126e-05
3.22126e-05
3.22126e-05
3.22126e-05
3.22126e-05
3.22126e-05
3.22126e-05
3.22126e-05
3.22126e-05
3.22126e-05
3.22126e-05
3.22126e-05
3.22126e-05
3.22126e-05
3.22126e-05
3.22126e-05
3.22126e-05
3.22126e-05
3.22126e-05
3.22126e-05
3.22126e-05
3.22126e-05
3.22126e-05
3.22126e-05
3.22126e-05
3.22126e-05
3.22126e-05
3.22126e-05
3.22126e-05
3.22126e-05
3.22126e-05
3.22126e-05
3.22126e-05
3.22126e-05
3.22126e-05
3.22126e-05
3.22126e-05
3.22126e-05
3.22126e-05
3.22126e-05
3.22126e-05
3.22126e-05
3.22126e-05
3.22126e-05
3.22126e-05
3.22126e-05
3.22126e-05
3.22126e-05
3.22126e-05
3.22126e-05
3.22126e-05
3.22126e-05
3.22126e-05
2.98632e-05
2.98632e-05
2.98632e-05
2.98632e-05
2.98632e-05
2.98632e-05
2.98632e-05
2.98632e-05
2.98632e-05
2.98632e-05
2.98632e-05
2.98632e-05
2.98632e-05
2.98632e-05
2.98632e-05
2.98632e-05
2.98632e-05
2.98632e-05
2.98632e-05
2.98632e-05
2.98632e-05
2.98632e-05
2.98632e-05
2.98632e-05
2.98632e-05
2.98632e-05
2.98632e-05
2.98632e-05
2.98632e-05
2.98632e-05
2.98632e-05
2.98632e-05
2.98632e-05
2.98632e-05
2.98632e-05
2.98632e-05
2.98632e-05
2.98632e-05
2.98632e-05
2.98632e-05
2.98632e-05
2.98632e-05
2.98632e-05
2.98632e-05
2.98632e-05
2.98632e-05
2.98632e-05
2.98632e-05
2.98632e-05
2.98632e-05
2.98632e-05
2.98632e-05
2.98632e-05
2.98632e-05
2.98632e-05
2.98632e-05
2.98632e-05
2.98632e-05
2.98632e-05
2.98632e-05
2.77022e-05
2.77022e-05
2.77022e-05
2.77022e-05
2.77022e-05
2.77022e-05
2.77022e-05
2.77022e-05
2.77022e-05
2.77022e-05
2.77022e-05
2.77022e-05
2.77022e-05
2.77022e-05
2.77022e-05
2.77022e-05
2.77022e-05
2.77022e-05
2.77022e-05
2.77022e-05
2.77022e-05
2.77022e-05
2.77022e-05
2.77022e-05
2.77022e-05
2.77022e-05
2.77022e-05
2.77022e-05
2.77022e-05
2.77022e-05
2.77022e-05
2.77022e-05
2.77022e-05
2.77022e-05
2.77022e-05
2.77022e-05
2.77022e-05
2.77022e-05
2.77022e-05
2.77022e-05
2.77022e-05
2.77022e-05
2.77022e-05
2.77022e-05
2.77022e-05
2.77022e-05
2.77022e-05
2.77022e-05
2.77022e-05
2.77022e-05
2.77022e-05
2.77022e-05
2.77022e-05
2.77022e-05
2.77022e-05
2.77022e-05
2.77022e-05
2.77022e-05
2.77022e-05
2.77022e-05
2.57127e-05
2.57127e-05
2.57127e-05
2.57127e-05
2.57127e-05
2.57127e-05
2.57127e-05
2.57127e-05
2.57127e-05
2.57127e-05
2.57127e-05
2.57127e-05
2.57127e-05
2.57127e-05
2.57127e-05
2.57127e-05
2.57127e-05
2.57127e-05
2.57127e-05
2.57127e-05
2.57127e-05
2.57127e-05
2.57127e-05
2.57127e-05
2.57127e-05
2.57127e-05
2.57127e-05
2.57127e-05
2.57127e-05
2.57127e-05
2.57127e-05
2.57127e-05
2.57127e-05
2.57127e-05
2.57127e-05
2.57127e-05
2.57127e-05
2.57127e-05
2.57127e-05
2.57127e-05
2.57127e-05
2.57127e-05
2.57127e-05
2.57127e-05
2.57127e-05
2.57127e-05
2.57127e-05
2.57127e-05
2.57127e-05
2.57127e-05
2.57127e-05
2.57127e-05
2.57127e-05
2.57127e-05
2.57127e-05
2.57127e-05
2.57127e-05
2.57127e-05
2.57127e-05
2.57127e-05
2.38795e-05
2.38795e-05
2.38795e-05
2.38795e-05
2.38795e-05
2.38795e-05
2.38795e-05
2.38795e-05
2.38795e-05
2.38795e-05
2.38795e-05
2.38795e-05
2.38795e-05
2.38795e-05
2.38795e-05
2.38795e-05
2.38795e-05
2.38795e-05
2.38795e-05
2.38795e-05
2.38795e-05
2.38795e-05
2.38795e-05
2.38795e-05
2.38795e-05
2.38795e-05
2.38795e-05
2.38795e-05
2.38795e-05
2.38795e-05
2.38795e-05
2.38795e-05
2.38795e-05
2.38795e-05
2.38795e-05
2.38795e-05
2.38795e-05
2.38795e-05
2.38795e-05
2.38795e-05
2.38795e-05
2.38795e-05
2.38795e-05
2.38795e-05
2.38795e-05
2.38795e-05
2.38795e-05
2.38795e-05
2.38795e-05
2.38795e-05
2.38795e-05
2.38795e-05
2.38795e-05
2.38795e-05
2.38795e-05
2.38795e-05
2.38795e-05
2.38795e-05
2.38795e-05
2.38795e-05
2.2189e-05
2.2189e-05
2.2189e-05
2.2189e-05
2.2189e-05
2.2189e-05
2.2189e-05
2.2189e-05
2.2189e-05
2.2189e-05
2.2189e-05
2.2189e-05
2.2189e-05
2.2189e-05
2.2189e-05
2.2189e-05
2.2189e-05
2.2189e-05
2.2189e-05
2.2189e-05
2.2189e-05
2.2189e-05
2.2189e-05
2.2189e-05
2.2189e-05
2.2189e-05
2.2189e-05
2.2189e-05
2.2189e-05
2.2189e-05
2.2189e-05
2.2189e-05
2.2189e-05
2.2189e-05
2.2189e-05
2.2189e-05
2.2189e-05
2.2189e-05
2.2189e-05
2.2189e-05
2.2189e-05
2.2189e-05
2.2189e-05
2.2189e-05
2.2189e-05
2.2189e-05
2.2189e-05
2.2189e-05
2.2189e-05
2.2189e-05
2.2189e-05
2.2189e-05
2.2189e-05
2.2189e-05
2.2189e-05
2.2189e-05
2.2189e-05
2.2189e-05
2.2189e-05
2.2189e-05
2.06287e-05
2.06287e-05
2.06287e-05
2.06287e-05
2.06287e-05
2.06287e-05
2.06287e-05
2.06287e-05
2.06287e-05
2.06287e-05
2.06287e-05
2.06287e-05
2.06287e-05
2.06287e-05
2.06287e-05
2.06287e-05
2.06287e-05
2.06287e-05
2.06287e-05
2.06287e-05
2.06287e-05
2.06287e-05
2.06287e-05
2.06287e-05
2.06287e-05
2.06287e-05
2.06287e-05
2.06287e-05
2.06287e-05
2.06287e-05
2.06287e-05
2.06287e-05
2.06287e-05
2.06287e-05
2.06287e-05
2.06287e-05
2.06287e-05
2.06287e-05
2.06287e-05
2.06287e-05
2.06287e-05
2.06287e-05
2.06287e-05
2.06287e-05
2.06287e-05
2.06287e-05
2.06287e-05
2.06287e-05
2.06287e-05
2.06287e-05
2.06287e-05
2.06287e-05
2.06287e-05
2.06287e-05
2.06287e-05
2.06287e-05
2.06287e-05
2.06287e-05
2.06287e-05
2.06287e-05
1.91876e-05
1.91876e-05
1.91876e-05
1.91876e-05
1.91876e-05
1.91876e-05
1.91876e-05
1.91876e-05
1.91876e-05
1.91876e-05
1.91876e-05
1.91876e-05
1.91876e-05
1.91876e-05
1.91876e-05
1.91876e-05
1.91876e-05
1.91876e-05
1.91876e-05
1.91876e-05
1.91876e-05
1.91876e-05
1.91876e-05
1.91876e-05
1.91876e-05
1.91876e-05
1.91876e-05
1.91876e-05
1.91876e-05
1.91876e-05
1.91876e-05
1.91876e-05
1.91876e-05
1.91876e-05
1.91876e-05
1.91876e-05
1.91876e-05
1.91876e-05
1.91876e-05
1.91876e-05
1.91876e-05
1.91876e-05
1.91876e-05
1.91876e-05
1.91876e-05
1.91876e-05
1.91876e-05
1.91876e-05
1.91876e-05
1.91876e-05
1.91876e-05
1.91876e-05
1.91876e-05
1.91876e-05
1.91876e-05
1.91876e-05
1.91876e-05
1.91876e-05
1.91876e-05
1.91876e-05
1.78556e-05
1.78556e-05
1.78556e-05
1.78556e-05
1.78556e-05
1.78556e-05
1.78556e-05
1.78556e-05
1.78556e-05
1.78556e-05
1.78556e-05
1.78556e-05
1.78556e-05
1.78556e-05
1.78556e-05
1.78556e-05
1.78556e-05
1.78556e-05
1.78556e-05
1.78556e-05
1.78556e-05
1.78556e-05
1.78556e-05
1.78556e-05
1.78556e-05
1.78556e-05
1.78556e-05
1.78556e-05
1.78556e-05
1.78556e-05
1.78556e-05
1.78556e-05
1.78556e-05
1.78556e-05
1.78556e-05
1.78556e-05
1.78556e-05
1.78556e-05
1.78556e-05
1.78556e-05
1.78556e-05
1.78556e-05
1.78556e-05
1.78556e-05
1.78556e-05
1.78556e-05
1.78556e-05
1.78556e-05
1.78556e-05
1.78556e-05
1.78556e-05
1.78556e-05
1.78556e-05
1.78556e-05
1.78556e-05
1.78556e-05
1.78556e-05
1.78556e-05
1.78556e-05
1.78556e-05
1.66236e-05
1.66236e-05
1.66236e-05
1.66236e-05
1.66236e-05
1.66236e-05
1.66236e-05
1.66236e-05
1.66236e-05
1.66236e-05
1.66236e-05
1.66236e-05
1.66236e-05
1.66236e-05
1.66236e-05
1.66236e-05
1.66236e-05
1.66236e-05
1.66236e-05
1.66236e-05
1.66236e-05
1.66236e-05
1.66236e-05
1.66236e-05
1.66236e-05
1.66236e-05
1.66236e-05
1.66236e-05
1.66236e-05
1.66236e-05
1.66236e-05
1.66236e-05
1.66236e-05
1.66236e-05
1.66236e-05
1.66236e-05
1.66236e-05
1.66236e-05
1.66236e-05
1.66236e-05
1.66236e-05
1.66236e-05
1.66236e-05
1.66236e-05
1.66236e-05
1.66236e-05
1.66236e-05
1.66236e-05
1.66236e-05
1.66236e-05
1.66236e-05
1.66236e-05
1.66236e-05
1.66236e-05
1.66236e-05
1.66236e-05
1.66236e-05
1.66236e-05
1.66236e-05
1.66236e-05
1.54833e-05
1.54833e-05
1.54833e-05
1.54833e-05
1.54833e-05
1.54833e-05
1.54833e-05
1.54833e-05
1.54833e-05
1.54833e-05
1.54833e-05
1.54833e-05
1.54833e-05
1.54833e-05
1.54833e-05
1.54833e-05
1.54833e-05
1.54833e-05
1.54833e-05
1.54833e-05
1.54833e-05
1.54833e-05
1.54833e-05
1.54833e-05
1.54833e-05
1.54833e-05
1.54833e-05
1.54833e-05
1.54833e-05
1.54833e-05
1.54833e-05
1.54833e-05
1.54833e-05
1.54833e-05
1.54833e-05
1.54833e-05
1.54833e-05
1.54833e-05
1.54833e-05
1.54833e-05
1.54833e-05
1.54833e-05
1.54833e-05
1.54833e-05
1.54833e-05
1.54833e-05
1.54833e-05
1.54833e-05
1.54833e-05
1.54833e-05
1.54833e-05
1.54833e-05
1.54833e-05
1.54833e-05
1.54833e-05
1.54833e-05
1.54833e-05
1.54833e-05
1.54833e-05
1.54833e-05
1.44272e-05
1.44272e-05
1.44272e-05
1.44272e-05
1.44272e-05
1.44272e-05
1.44272e-05
1.44272e-05
1.44272e-05
1.44272e-05
1.44272e-05
1.44272e-05
1.44272e-05
1.44272e-05
1.44272e-05
1.44272e-05
1.44272e-05
1.44272e-05
1.44272e-05
1.44272e-05
1.44272e-05
1.44272e-05
1.44272e-05
1.44272e-05
1.44272e-05
1.44272e-05
1.44272e-05
1.44272e-05
1.44272e-05
1.44272e-05
1.44272e-05
1.44272e-05
1.44272e-05
1.44272e-05
1.44272e-05
1.44272e-05
1.44272e-05
1.44272e-05
1.44272e-05
1.44272e-05
1.44272e-05
1.44272e-05
1.44272e-05
1.44272e-05
1.44272e-05
1.44272e-05
1.44272e-05
1.44272e-05
1.44272e-05
1.44272e-05
1.44272e-05
1.44272e-05
1.44272e-05
1.44272e-05
1.44272e-05
1.44272e-05
1.44272e-05
1.44272e-05
1.44272e-05
1.44272e-05
1.34485e-05
1.34485e-05
1.34485e-05
1.34485e-05
1.34485e-05
1.34485e-05
1.34485e-05
1.34485e-05
1.34485e-05
1.34485e-05
1.34485e-05
1.34485e-05
1.34485e-05
1.34485e-05
1.34485e-05
1.34485e-05
1.34485e-05
1.34485e-05
1.34485e-05
1.34485e-05
1.34485e-05
1.34485e-05
1.34485e-05
1.34485e-05
1.34485e-05
1.34485e-05
1.34485e-05
1.34485e-05
1.34485e-05
1.34485e-05
1.34485e-05
1.34485e-05
1.34485e-05
1.34485e-05
1.34485e-05
1.34485e-05
1.34485e-05
1.34485e-05
1.34485e-05
1.34485e-05
1.34485e-05
1.34485e-05
1.34485e-05
1.34485e-05
1.34485e-05
1.34485e-05
1.34485e-05
1.34485e-05
1.34485e-05
1.34485e-05
1.34485e-05
1.34485e-05
1.34485e-05
1.34485e-05
1.34485e-05
1.34485e-05
1.34485e-05
1.34485e-05
1.34485e-05
1.34485e-05
1.2541e-05
1.2541e-05
1.2541e-05
1.2541e-05
1.2541e-05
1.2541e-05
1.2541e-05
1.2541e-05
1.2541e-05
1.2541e-05
1.2541e-05
1.2541e-05
1.2541e-05
1.2541e-05
1.2541e-05
1.2541e-05
1.2541e-05
1.2541e-05
1.2541e-05
1.2541e-05
1.2541e-05
1.2541e-05
1.2541e-05
1.2541e-05
1.2541e-05
1.2541e-05
1.2541e-05
1.2541e-05
1.2541e-05
1.2541e-05
1.2541e-05
1.2541e-05
1.2541e-05
1.2541e-05
1.2541e-05
1.2541e-05
1.2541e-05
1.2541e-05
1.2541e-05
1.2541e-05
1.2541e-05
1.2541e-05
1.2541e-05
1.2541e-05
1.2541e-05
1.2541e-05
1.2541e-05
1.2541e-05
1.2541e-05
1.2541e-05
1.2541e-05
1.2541e-05
1.2541e-05
1.2541e-05
1.2541e-05
1.2541e-05
1.2541e-05
1.2541e-05
1.2541e-05
1.2541e-05
1.1699e-05
1.1699e-05
1.1699e-05
1.1699e-05
1.1699e-05
1.1699e-05
1.1699e-05
1.1699e-05
1.1699e-05
1.1699e-05
1.1699e-05
1.1699e-05
1.1699e-05
1.1699e-05
1.1699e-05
1.1699e-05
1.1699e-05
1.1699e-05
1.1699e-05
1.1699e-05
1.1699e-05
1.1699e-05
1.1699e-05
1.1699e-05
1.1699e-05
1.1699e-05
1.1699e-05
1.1699e-05
1.1699e-05
1.1699e-05
1.1699e-05
1.1699e-05
1.1699e-05
1.1699e-05
1.1699e-05
1.1699e-05
1.1699e-05
1.1699e-05
1.1699e-05
1.1699e-05
1.1699e-05
1.1699e-05
1.1699e-05
1.1699e-05
1.1699e-05
1.1699e-05
1.1699e-05
1.1699e-05
1.1699e-05
1.1699e-05
1.1699e-05
1.1699e-05
1.1699e-05
1.1699e-05
1.1699e-05
1.1699e-05
1.1699e-05
1.1699e-05
1.1699e-05
1.1699e-05
1.09174e-05
1.09174e-05
1.09174e-05
1.09174e-05
1.09174e-05
1.09174e-05
1.09174e-05
1.09174e-05
1.09174e-05
1.09174e-05
1.09174e-05
1.09174e-05
1.09174e-05
1.09174e-05
1.09174e-05
1.09174e-05
1.09174e-05
1.09174e-05
1.09174e-05
1.09174e-05
1.09174e-05
1.09174e-05
1.09174e-05
1.09174e-05
1.09174e-05
1.09174e-05
1.09174e-05
1.09174e-05
1.09174e-05
1.09174e-05
1.09174e-05
1.09174e-05
1.09174e-05
1.09174e-05
1.09174e-05
1.09174e-05
1.09174e-05
1.09174e-05
1.09174e-05
1.09174e-05
1.09174e-05
1.09174e-05
1.09174e-05
1.09174e-05
1.09174e-05
1.09174e-05
1.09174e-05
1.09174e-05
1.09174e-05
1.09174e-05
1.09174e-05
1.09174e-05
1.09174e-05
1.09174e-05
1.09174e-05
1.09174e-05
1.09174e-05
1.09174e-05
1.09174e-05
1.09174e-05
1.01915e-05
1.01915e-05
1.01915e-05
1.01915e-05
1.01915e-05
1.01915e-05
1.01915e-05
1.01915e-05
1.01915e-05
1.01915e-05
1.01915e-05
1.01915e-05
1.01915e-05
1.01915e-05
1.01915e-05
1.01915e-05
1.01915e-05
1.01915e-05
1.01915e-05
1.01915e-05
1.01915e-05
1.01915e-05
1.01915e-05
1.01915e-05
1.01915e-05
1.01915e-05
1.01915e-05
1.01915e-05
1.01915e-05
1.01915e-05
1.01915e-05
1.01915e-05
1.01915e-05
1.01915e-05
1.01915e-05
1.01915e-05
1.01915e-05
1.01915e-05
1.01915e-05
1.01915e-05
1.01915e-05
1.01915e-05
1.01915e-05
1.01915e-05
1.01915e-05
1.01915e-05
1.01915e-05
1.01915e-05
1.01915e-05
1.01915e-05
1.01915e-05
1.01915e-05
1.01915e-05
1.01915e-05
1.01915e-05
1.01915e-05
1.01915e-05
1.01915e-05
1.01915e-05
1.01915e-05
9.51699e-06
9.51699e-06
9.51699e-06
9.51699e-06
9.51699e-06
9.51699e-06
9.51699e-06
9.51699e-06
9.51699e-06
9.51699e-06
9.51699e-06
9.51699e-06
9.51699e-06
9.51699e-06
9.51699e-06
9.51699e-06
9.51699e-06
9.51699e-06
9.51699e-06
9.51699e-06
9.51699e-06
9.51699e-06
9.51699e-06
9.51699e-06
9.51699e-06
9.51699e-06
9.51699e-06
9.51699e-06
9.51699e-06
9.51699e-06
9.51699e-06
9.51699e-06
9.51699e-06
9.51699e-06
9.51699e-06
9.51699e-06
9.51699e-06
9.51699e-06
9.51699e-06
9.51699e-06
9.51699e-06
9.51699e-06
9.51699e-06
9.51699e-06
9.51699e-06
9.51699e-06
9.51699e-06
9.51699e-06
9.51699e-06
9.51699e-06
9.51699e-06
9.51699e-06
9.51699e-06
9.51699e-06
9.51699e-06
9.51699e-06
9.51699e-06
9.51699e-06
9.51699e-06
9.51699e-06
8.88988e-06
8.88988e-06
8.88988e-06
8.88988e-06
8.88988e-06
8.88988e-06
8.88988e-06
8.88988e-06
8.88988e-06
8.88988e-06
8.88988e-06
8.88988e-06
8.88988e-06
8.88988e-06
8.88988e-06
8.88988e-06
8.88988e-06
8.88988e-06
8.88988e-06
8.88988e-06
8.88988e-06
8.88988e-06
8.88988e-06
8.88988e-06
8.88988e-06
8.88988e-06
8.88988e-06
8.88988e-06
8.88988e-06
8.88988e-06
8.88988e-06
8.88988e-06
8.88988e-06
8.88988e-06
8.88988e-06
8.88988e-06
8.88988e-06
8.88988e-06
8.88988e-06
8.88988e-06
8.88988e-06
8.88988e-06
8.88988e-06
8.88988e-06
8.88988e-06
8.88988e-06
8.88988e-06
8.88988e-06
8.88988e-06
8.88988e-06
8.88988e-06
8.88988e-06
8.88988e-06
8.88988e-06
8.88988e-06
8.88988e-06
8.88988e-06
8.88988e-06
8.88988e-06
8.88988e-06
8.3066e-06
8.3066e-06
8.3066e-06
8.3066e-06
8.3066e-06
8.3066e-06
8.3066e-06
8.3066e-06
8.3066e-06
8.3066e-06
8.3066e-06
8.3066e-06
8.3066e-06
8.3066e-06
8.3066e-06
8.3066e-06
8.3066e-06
8.3066e-06
8.3066e-06
8.3066e-06
8.3066e-06
8.3066e-06
8.3066e-06
8.3066e-06
8.3066e-06
8.3066e-06
8.3066e-06
8.3066e-06
8.3066e-06
8.3066e-06
8.3066e-06
8.3066e-06
8.3066e-06
8.3066e-06
8.3066e-06
8.3066e-06
8.3066e-06
8.3066e-06
8.3066e-06
8.3066e-06
8.3066e-06
8.3066e-06
8.3066e-06
8.3066e-06
8.3066e-06
8.3066e-06
8.3066e-06
8.3066e-06
8.3066e-06
8.3066e-06
8.3066e-06
8.3066e-06
8.3066e-06
8.3066e-06
8.3066e-06
8.3066e-06
8.3066e-06
8.3066e-06
8.3066e-06
8.3066e-06
7.76384e-06
7.76384e-06
7.76384e-06
7.76384e-06
7.76384e-06
7.76384e-06
7.76384e-06
7.76384e-06
7.76384e-06
7.76384e-06
7.76384e-06
7.76384e-06
7.76384e-06
7.76384e-06
7.76384e-06
7.76384e-06
7.76384e-06
7.76384e-06
7.76384e-06
7.76384e-06
7.76384e-06
7.76384e-06
7.76384e-06
7.76384e-06
7.76384e-06
7.76384e-06
7.76384e-06
7.76384e-06
7.76384e-06
7.76384e-06
7.76384e-06
7.76384e-06
7.76384e-06
7.76384e-06
7.76384e-06
7.76384e-06
7.76384e-06
7.76384e-06
7.76384e-06
7.76384e-06
7.76384e-06
7.76384e-06
7.76384e-06
7.76384e-06
7.76384e-06
7.76384e-06
7.76384e-06
7.76384e-06
7.76384e-06
7.76384e-06
7.76384e-06
7.76384e-06
7.76384e-06
7.76384e-06
7.76384e-06
7.76384e-06
7.76384e-06
7.76384e-06
7.76384e-06
7.76384e-06
7.25858e-06
7.25858e-06
7.25858e-06
7.25858e-06
7.25858e-06
7.25858e-06
7.25858e-06
7.25858e-06
7.25858e-06
7.25858e-06
7.25858e-06
7.25858e-06
7.25858e-06
7.25858e-06
7.25858e-06
7.25858e-06
7.25858e-06
7.25858e-06
7.25858e-06
7.25858e-06
7.25858e-06
7.25858e-06
7.25858e-06
7.25858e-06
7.25858e-06
7.25858e-06
7.25858e-06
7.25858e-06
7.25858e-06
7.25858e-06
7.25858e-06
7.25858e-06
7.25858e-06
7.25858e-06
7.25858e-06
7.25858e-06
7.25858e-06
7.25858e-06
7.25858e-06
7.25858e-06
7.25858e-06
7.25858e-06
7.25858e-06
7.25858e-06
7.25858e-06
7.25858e-06
7.25858e-06
7.25858e-06
7.25858e-06
7.25858e-06
7.25858e-06
7.25858e-06
7.25858e-06
7.25858e-06
7.25858e-06
7.25858e-06
7.25858e-06
7.25858e-06
7.25858e-06
7.25858e-06
6.78803e-06
6.78803e-06
6.78803e-06
6.78803e-06
6.78803e-06
6.78803e-06
6.78803e-06
6.78803e-06
6.78803e-06
6.78803e-06
6.78803e-06
6.78803e-06
6.78803e-06
6.78803e-06
6.78803e-06
6.78803e-06
6.78803e-06
6.78803e-06
6.78803e-06
6.78803e-06
6.78803e-06
6.78803e-06
6.78803e-06
6.78803e-06
6.78803e-06
6.78803e-06
6.78803e-06
6.78803e-06
6.78803e-06
6.78803e-06
6.78803e-06
6.78803e-06
6.78803e-06
6.78803e-06
6.78803e-06
6.78803e-06
6.78803e-06
6.78803e-06
6.78803e-06
6.78803e-06
6.78803e-06
6.78803e-06
6.78803e-06
6.78803e-06
6.78803e-06
6.78803e-06
6.78803e-06
6.78803e-06
6.78803e-06
6.78803e-06
6.78803e-06
6.78803e-06
6.78803e-06
6.78803e-06
6.78803e-06
6.78803e-06
6.78803e-06
6.78803e-06
6.78803e-06
6.78803e-06
6.34962e-06
6.34962e-06
6.34962e-06
6.34962e-06
6.34962e-06
6.34962e-06
6.34962e-06
6.34962e-06
6.34962e-06
6.34962e-06
6.34962e-06
6.34962e-06
6.34962e-06
6.34962e-06
6.34962e-06
6.34962e-06
6.34962e-06
6.34962e-06
6.34962e-06
6.34962e-06
6.34962e-06
6.34962e-06
6.34962e-06
6.34962e-06
6.34962e-06
6.34962e-06
6.34962e-06
6.34962e-06
6.34962e-06
6.34962e-06
6.34962e-06
6.34962e-06
6.34962e-06
6.34962e-06
6.34962e-06
6.34962e-06
6.34962e-06
6.34962e-06
6.34962e-06
6.34962e-06
6.34962e-06
6.34962e-06
6.34962e-06
6.34962e-06
6.34962e-06
6.34962e-06
6.34962e-06
6.34962e-06
6.34962e-06
6.34962e-06
6.34962e-06
6.34962e-06
6.34962e-06
6.34962e-06
6.34962e-06
6.34962e-06
6.34962e-06
6.34962e-06
6.34962e-06
6.34962e-06
5.94102e-06
5.94102e-06
5.94102e-06
5.94102e-06
5.94102e-06
5.94102e-06
5.94102e-06
5.94102e-06
5.94102e-06
5.94102e-06
5.94102e-06
5.94102e-06
5.94102e-06
5.94102e-06
5.94102e-06
5.94102e-06
5.94102e-06
5.94102e-06
5.94102e-06
5.94102e-06
5.94102e-06
5.94102e-06
5.94102e-06
5.94102e-06
5.94102e-06
5.94102e-06
5.94102e-06
5.94102e-06
5.94102e-06
5.94102e-06
5.94102e-06
5.94102e-06
5.94102e-06
5.94102e-06
5.94102e-06
5.94102e-06
5.94102e-06
5.94102e-06
5.94102e-06
5.94102e-06
5.94102e-06
5.94102e-06
5.94102e-06
5.94102e-06
5.94102e-06
5.94102e-06
5.94102e-06
5.94102e-06
5.94102e-06
5.94102e-06
5.94102e-06
5.94102e-06
5.94102e-06
5.94102e-06
5.94102e-06
5.94102e-06
5.94102e-06
5.94102e-06
5.94102e-06
5.94102e-06
5.56004e-06
5.56004e-06
5.56004e-06
5.56004e-06
5.56004e-06
5.56004e-06
5.56004e-06
5.56004e-06
5.56004e-06
5.56004e-06
5.56004e-06
5.56004e-06
5.56004e-06
5.56004e-06
5.56004e-06
5.56004e-06
5.56004e-06
5.56004e-06
5.56004e-06
5.56004e-06
5.56004e-06
5.56004e-06
5.56004e-06
5.56004e-06
5.56004e-06
5.56004e-06
5.56004e-06
5.56004e-06
5.56004e-06
5.56004e-06
5.56004e-06
5.56004e-06
5.56004e-06
5.56004e-06
5.56004e-06
5.56004e-06
5.56004e-06
5.56004e-06
5.56004e-06
5.56004e-06
5.56004e-06
5.56004e-06
5.56004e-06
5.56004e-06
5.56004e-06
5.56004e-06
5.56004e-06
5.56004e-06
5.56004e-06
5.56004e-06
5.56004e-06
5.56004e-06
5.56004e-06
5.56004e-06
5.56004e-06
5.56004e-06
5.56004e-06
5.56004e-06
5.56004e-06
5.56004e-06
5.2047e-06
5.2047e-06
5.2047e-06
5.2047e-06
5.2047e-06
5.2047e-06
5.2047e-06
5.2047e-06
5.2047e-06
5.2047e-06
5.2047e-06
5.2047e-06
5.2047e-06
5.2047e-06
5.2047e-06
5.2047e-06
5.2047e-06
5.2047e-06
5.2047e-06
5.2047e-06
5.2047e-06
5.2047e-06
5.2047e-06
5.2047e-06
5.2047e-06
5.2047e-06
5.2047e-06
5.2047e-06
5.2047e-06
5.2047e-06
5.2047e-06
5.2047e-06
5.2047e-06
5.2047e-06
5.2047e-06
5.2047e-06
5.2047e-06
5.2047e-06
5.2047e-06
5.2047e-06
5.2047e-06
5.2047e-06
5.2047e-06
5.2047e-06
5.2047e-06
5.2047e-06
5.2047e-06
5.2047e-06
5.2047e-06
5.2047e-06
5.2047e-06
5.2047e-06
5.2047e-06
5.2047e-06
5.2047e-06
5.2047e-06
5.2047e-06
5.2047e-06
5.2047e-06
5.2047e-06
4.87317e-06
4.87317e-06
4.87317e-06
4.87317e-06
4.87317e-06
4.87317e-06
4.87317e-06
4.87317e-06
4.87317e-06
4.87317e-06
4.87317e-06
4.87317e-06
4.87317e-06
4.87317e-06
4.87317e-06
4.87317e-06
4.87317e-06
4.87317e-06
4.87317e-06
4.87317e-06
4.87317e-06
4.87317e-06
4.87317e-06
4.87317e-06
4.87317e-06
4.87317e-06
4.87317e-06
4.87317e-06
4.87317e-06
4.87317e-06
4.87317e-06
4.87317e-06
4.87317e-06
4.87317e-06
4.87317e-06
4.87317e-06
4.87317e-06
4.87317e-06
4.87317e-06
4.87317e-06
4.87317e-06
4.87317e-06
4.87317e-06
4.87317e-06
4.87317e-06
4.87317e-06
4.87317e-06
4.87317e-06
4.87317e-06
4.87317e-06
4.87317e-06
4.87317e-06
4.87317e-06
4.87317e-06
4.87317e-06
4.87317e-06
4.87317e-06
4.87317e-06
4.87317e-06
4.87317e-06
4.56373e-06
4.56373e-06
4.56373e-06
4.56373e-06
4.56373e-06
4.56373e-06
4.56373e-06
4.56373e-06
4.56373e-06
4.56373e-06
4.56373e-06
4.56373e-06
4.56373e-06
4.56373e-06
4.56373e-06
4.56373e-06
4.56373e-06
4.56373e-06
4.56373e-06
4.56373e-06
4.56373e-06
4.56373e-06
4.56373e-06
4.56373e-06
4.56373e-06
4.56373e-06
4.56373e-06
4.56373e-06
4.56373e-06
4.56373e-06
4.56373e-06
4.56373e-06
4.56373e-06
4.56373e-06
4.56373e-06
4.56373e-06
4.56373e-06
4.56373e-06
4.56373e-06
4.56373e-06
4.56373e-06
4.56373e-06
4.56373e-06
4.56373e-06
4.56373e-06
4.56373e-06
4.56373e-06
4.56373e-06
4.56373e-06
4.56373e-06
4.56373e-06
4.56373e-06
4.56373e-06
4.56373e-06
4.56373e-06
4.56373e-06
4.56373e-06
4.56373e-06
4.56373e-06
4.56373e-06
4.27483e-06
4.27483e-06
4.27483e-06
4.27483e-06
4.27483e-06
4.27483e-06
4.27483e-06
4.27483e-06
4.27483e-06
4.27483e-06
4.27483e-06
4.27483e-06
4.27483e-06
4.27483e-06
4.27483e-06
4.27483e-06
4.27483e-06
4.27483e-06
4.27483e-06
4.27483e-06
4.27483e-06
4.27483e-06
4.27483e-06
4.27483e-06
4.27483e-06
4.27483e-06
4.27483e-06
4.27483e-06
4.27483e-06
4.27483e-06
4.27483e-06
4.27483e-06
4.27483e-06
4.27483e-06
4.27483e-06
4.27483e-06
4.27483e-06
4.27483e-06
4.27483e-06
4.27483e-06
4.27483e-06
4.27483e-06
4.27483e-06
4.27483e-06
4.27483e-06
4.27483e-06
4.27483e-06
4.27483e-06
4.27483e-06
4.27483e-06
4.27483e-06
4.27483e-06
4.27483e-06
4.27483e-06
4.27483e-06
4.27483e-06
4.27483e-06
4.27483e-06
4.27483e-06
4.27483e-06
4.00503e-06
4.00503e-06
4.00503e-06
4.00503e-06
4.00503e-06
4.00503e-06
4.00503e-06
4.00503e-06
4.00503e-06
4.00503e-06
4.00503e-06
4.00503e-06
4.00503e-06
4.00503e-06
4.00503e-06
4.00503e-06
4.00503e-06
4.00503e-06
4.00503e-06
4.00503e-06
4.00503e-06
4.00503e-06
4.00503e-06
4.00503e-06
4.00503e-06
4.00503e-06
4.00503e-06
4.00503e-06
4.00503e-06
4.00503e-06
4.00503e-06
4.00503e-06
4.00503e-06
4.00503e-06
4.00503e-06
4.00503e-06
4.00503e-06
4.00503e-06
4.00503e-06
4.00503e-06
4.00503e-06
4.00503e-06
4.00503e-06
4.00503e-06
4.00503e-06
4.00503e-06
4.00503e-06
4.00503e-06
4.00503e-06
4.00503e-06
4.00503e-06
4.00503e-06
4.00503e-06
4.00503e-06
4.00503e-06
4.00503e-06
4.00503e-06
4.00503e-06
4.00503e-06
4.00503e-06
3.75298e-06
3.75298e-06
3.75298e-06
3.75298e-06
3.75298e-06
3.75298e-06
3.75298e-06
3.75298e-06
3.75298e-06
3.75298e-06
3.75298e-06
3.75298e-06
3.75298e-06
3.75298e-06
3.75298e-06
3.75298e-06
3.75298e-06
3.75298e-06
3.75298e-06
3.75298e-06
3.75298e-06
3.75298e-06
3.75298e-06
3.75298e-06
3.75298e-06
3.75298e-06
3.75298e-06
3.75298e-06
3.75298e-06
3.75298e-06
3.75298e-06
3.75298e-06
3.75298e-06
3.75298e-06
3.75298e-06
3.75298e-06
3.75298e-06
3.75298e-06
3.75298e-06
3.75298e-06
3.75298e-06
3.75298e-06
3.75298e-06
3.75298e-06
3.75298e-06
3.75298e-06
3.75298e-06
3.75298e-06
3.75298e-06
3.75298e-06
3.75298e-06
3.75298e-06
3.75298e-06
3.75298e-06
3.75298e-06
3.75298e-06
3.75298e-06
3.75298e-06
3.75298e-06
3.75298e-06
3.51745e-06
3.51745e-06
3.51745e-06
3.51745e-06
3.51745e-06
3.51745e-06
3.51745e-06
3.51745e-06
3.51745e-06
3.51745e-06
3.51745e-06
3.51745e-06
3.51745e-06
3.51745e-06
3.51745e-06
3.51745e-06
3.51745e-06
3.51745e-06
3.51745e-06
3.51745e-06
3.51745e-06
3.51745e-06
3.51745e-06
3.51745e-06
3.51745e-06
3.51745e-06
3.51745e-06
3.51745e-06
3.51745e-06
3.51745e-06
3.51745e-06
3.51745e-06
3.51745e-06
3.51745e-06
3.51745e-06
3.51745e-06
3.51745e-06
3.51745e-06
3.51745e-06
3.51745e-06
3.51745e-06
3.51745e-06
3.51745e-06
3.51745e-06
3.51745e-06
3.51745e-06
3.51745e-06
3.51745e-06
3.51745e-06
3.51745e-06
3.51745e-06
3.51745e-06
3.51745e-06
3.51745e-06
3.51745e-06
3.51745e-06
3.51745e-06
3.51745e-06
3.51745e-06
3.51745e-06
3.29729e-06
3.29729e-06
3.29729e-06
3.29729e-06
3.29729e-06
3.29729e-06
3.29729e-06
3.29729e-06
3.29729e-06
3.29729e-06
3.29729e-06
3.29729e-06
3.29729e-06
3.29729e-06
3.29729e-06
3.29729e-06
3.29729e-06
3.29729e-06
3.29729e-06
3.29729e-06
3.29729e-06
3.29729e-06
3.29729e-06
3.29729e-06
3.29729e-06
3.29729e-06
3.29729e-06
3.29729e-06
3.29729e-06
3.29729e-06
3.29729e-06
3.29729e-06
3.29729e-06
3.29729e-06
3.29729e-06
3.29729e-06
3.29729e-06
3.29729e-06
3.29729e-06
3.29729e-06
3.29729e-06
3.29729e-06
3.29729e-06
3.29729e-06
3.29729e-06
3.29729e-06
3.29729e-06
3.29729e-06
3.29729e-06
3.29729e-06
3.29729e-06
3.29729e-06
3.29729e-06
3.29729e-06
3.29729e-06
3.29729e-06
3.29729e-06
3.29729e-06
3.29729e-06
3.29729e-06
3.09146e-06
3.09146e-06
3.09146e-06
3.09146e-06
3.09146e-06
3.09146e-06
3.09146e-06
3.09146e-06
3.09146e-06
3.09146e-06
3.09146e-06
3.09146e-06
3.09146e-06
3.09146e-06
3.09146e-06
3.09146e-06
3.09146e-06
3.09146e-06
3.09146e-06
3.09146e-06
3.09146e-06
3.09146e-06
3.09146e-06
3.09146e-06
3.09146e-06
3.09146e-06
3.09146e-06
3.09146e-06
3.09146e-06
3.09146e-06
3.09146e-06
3.09146e-06
3.09146e-06
3.09146e-06
3.09146e-06
3.09146e-06
3.09146e-06
3.09146e-06
3.09146e-06
3.09146e-06
3.09146e-06
3.09146e-06
3.09146e-06
3.09146e-06
3.09146e-06
3.09146e-06
3.09146e-06
3.09146e-06
3.09146e-06
3.09146e-06
3.09146e-06
3.09146e-06
3.09146e-06
3.09146e-06
3.09146e-06
3.09146e-06
3.09146e-06
3.09146e-06
3.09146e-06
3.09146e-06
2.89896e-06
2.89896e-06
2.89896e-06
2.89896e-06
2.89896e-06
2.89896e-06
2.89896e-06
2.89896e-06
2.89896e-06
2.89896e-06
2.89896e-06
2.89896e-06
2.89896e-06
2.89896e-06
2.89896e-06
2.89896e-06
2.89896e-06
2.89896e-06
2.89896e-06
2.89896e-06
2.89896e-06
2.89896e-06
2.89896e-06
2.89896e-06
2.89896e-06
2.89896e-06
2.89896e-06
2.89896e-06
2.89896e-06
2.89896e-06
2.89896e-06
2.89896e-06
2.89896e-06
2.89896e-06
2.89896e-06
2.89896e-06
2.89896e-06
2.89896e-06
2.89896e-06
2.89896e-06
2.89896e-06
2.89896e-06
2.89896e-06
2.89896e-06
2.89896e-06
2.89896e-06
2.89896e-06
2.89896e-06
2.89896e-06
2.89896e-06
2.89896e-06
2.89896e-06
2.89896e-06
2.89896e-06
2.89896e-06
2.89896e-06
2.89896e-06
2.89896e-06
2.89896e-06
2.89896e-06
2.71889e-06
2.71889e-06
2.71889e-06
2.71889e-06
2.71889e-06
2.71889e-06
2.71889e-06
2.71889e-06
2.71889e-06
2.71889e-06
2.71889e-06
2.71889e-06
2.71889e-06
2.71889e-06
2.71889e-06
2.71889e-06
2.71889e-06
2.71889e-06
2.71889e-06
2.71889e-06
2.71889e-06
2.71889e-06
2.71889e-06
2.71889e-06
2.71889e-06
2.71889e-06
2.71889e-06
2.71889e-06
2.71889e-06
2.71889e-06
2.71889e-06
2.71889e-06
2.71889e-06
2.71889e-06
2.71889e-06
2.71889e-06
2.71889e-06
2.71889e-06
2.71889e-06
2.71889e-06
2.71889e-06
2.71889e-06
2.71889e-06
2.71889e-06
2.71889e-06
2.71889e-06
2.71889e-06
2.71889e-06
2.71889e-06
2.71889e-06
2.71889e-06
2.71889e-06
2.71889e-06
2.71889e-06
2.71889e-06
2.71889e-06
2.71889e-06
2.71889e-06
2.71889e-06
2.71889e-06
2.5504e-06
2.5504e-06
2.5504e-06
2.5504e-06
2.5504e-06
2.5504e-06
2.5504e-06
2.5504e-06
2.5504e-06
2.5504e-06
2.5504e-06
2.5504e-06
2.5504e-06
2.5504e-06
2.5504e-06
2.5504e-06
2.5504e-06
2.5504e-06
2.5504e-06
2.5504e-06
2.5504e-06
2.5504e-06
2.5504e-06
2.5504e-06
2.5504e-06
2.5504e-06
2.5504e-06
2.5504e-06
2.5504e-06
2.5504e-06
2.5504e-06
2.5504e-06
2.5504e-06
2.5504e-06
2.5504e-06
2.5504e-06
2.5504e-06
2.5504e-06
2.5504e-06
2.5504e-06
2.5504e-06
2.5504e-06
2.5504e-06
2.5504e-06
2.5504e-06
2.5504e-06
2.5504e-06
2.5504e-06
2.5504e-06
2.5504e-06
2.5504e-06
2.5504e-06
2.5504e-06
2.5504e-06
2.5504e-06
2.5504e-06
2.5504e-06
2.5504e-06
2.5504e-06
2.5504e-06
2.39272e-06
2.39272e-06
2.39272e-06
2.39272e-06
2.39272e-06
2.39272e-06
2.39272e-06
2.39272e-06
2.39272e-06
2.39272e-06
2.39272e-06
2.39272e-06
2.39272e-06
2.39272e-06
2.39272e-06
2.39272e-06
2.39272e-06
2.39272e-06
2.39272e-06
2.39272e-06
2.39272e-06
2.39272e-06
2.39272e-06
2.39272e-06
2.39272e-06
2.39272e-06
2.39272e-06
2.39272e-06
2.39272e-06
2.39272e-06
2.39272e-06
2.39272e-06
2.39272e-06
2.39272e-06
2.39272e-06
2.39272e-06
2.39272e-06
2.39272e-06
2.39272e-06
2.39272e-06
2.39272e-06
2.39272e-06
2.39272e-06
2.39272e-06
2.39272e-06
2.39272e-06
2.39272e-06
2.39272e-06
2.39272e-06
2.39272e-06
2.39272e-06
2.39272e-06
2.39272e-06
2.39272e-06
2.39272e-06
2.39272e-06
2.39272e-06
2.39272e-06
2.39272e-06
2.39272e-06
2.24511e-06
2.24511e-06
2.24511e-06
2.24511e-06
2.24511e-06
2.24511e-06
2.24511e-06
2.24511e-06
2.24511e-06
2.24511e-06
2.24511e-06
2.24511e-06
2.24511e-06
2.24511e-06
2.24511e-06
2.24511e-06
2.24511e-06
2.24511e-06
2.24511e-06
2.24511e-06
2.24511e-06
2.24511e-06
2.24511e-06
2.24511e-06
2.24511e-06
2.24511e-06
2.24511e-06
2.24511e-06
2.24511e-06
2.24511e-06
2.24511e-06
2.24511e-06
2.24511e-06
2.24511e-06
2.24511e-06
2.24511e-06
2.24511e-06
2.24511e-06
2.24511e-06
2.24511e-06
2.24511e-06
2.24511e-06
2.24511e-06
2.24511e-06
2.24511e-06
2.24511e-06
2.24511e-06
2.24511e-06
2.24511e-06
2.24511e-06
2.24511e-06
2.24511e-06
2.24511e-06
2.24511e-06
2.24511e-06
2.24511e-06
2.24511e-06
2.24511e-06
2.24511e-06
2.24511e-06
2.10266e-06
2.10266e-06
2.10266e-06
2.10266e-06
2.10266e-06
2.10266e-06
2.10266e-06
2.10266e-06
2.10266e-06
2.10266e-06
2.10266e-06
2.10266e-06
2.10266e-06
2.10266e-06
2.10266e-06
2.10266e-06
2.10266e-06
2.10266e-06
2.10266e-06
2.10266e-06
2.10266e-06
2.10266e-06
2.10266e-06
2.10266e-06
2.10266e-06
2.10266e-06
2.10266e-06
2.10266e-06
2.10266e-06
2.10266e-06
2.10266e-06
2.10266e-06
2.10266e-06
2.10266e-06
2.10266e-06
2.10266e-06
2.10266e-06
2.10266e-06
2.10266e-06
2.10266e-06
2.10266e-06
2.10266e-06
2.10266e-06
2.10266e-06
2.10266e-06
2.10266e-06
2.10266e-06
2.10266e-06
2.10266e-06
2.10266e-06
2.10266e-06
2.10266e-06
2.10266e-06
2.10266e-06
2.10266e-06
2.10266e-06
2.10266e-06
2.10266e-06
2.10266e-06
2.10266e-06
)
;

boundaryField
{
    top
    {
        type            calculated;
        value           uniform 0;
    }
    bottom
    {
        type            calculated;
        value           uniform 1;
    }
    wall
    {
        type            calculated;
        value           nonuniform List<scalar> 
232
(
0.527211
0.260923
0.149906
0.0940791
0.0627251
0.0438346
0.0319183
0.024174
0.0190483
0.0156245
0.0133347
0.0118142
0.0108219
0.0101952
0.00982258
0.00962626
0.00955078
0.00955543
0.00960884
0.00968519
0.00976155
0.00981619
0.00982772
0.00977513
0.00963873
0.00940192
0.00905354
0.00859022
0.00801829
0.00735425
0.0066237
0.00585837
0.00509207
0.00435633
0.00367671
0.00307055
0.00254642
0.00210502
0.00174109
0.00144565
0.00120807
0.00101768
0.000864823
0.000741322
0.000640617
0.000557619
0.000488464
0.000430248
0.000380787
0.000338424
0.000301887
0.000270184
0.000242531
0.000218296
0.000196968
0.000178127
0.000161425
0.000146573
0.000133327
0.000121482
0.000110862
0.000101319
9.27249e-05
8.49695e-05
7.79574e-05
7.1606e-05
6.58432e-05
6.06062e-05
5.58397e-05
5.14954e-05
4.75303e-05
4.39068e-05
4.05914e-05
3.75544e-05
3.47693e-05
3.22126e-05
2.98632e-05
2.77022e-05
2.57127e-05
2.38795e-05
2.2189e-05
2.06287e-05
1.91876e-05
1.78556e-05
1.66236e-05
1.54833e-05
1.44272e-05
1.34485e-05
1.2541e-05
1.1699e-05
1.09174e-05
1.01915e-05
9.51699e-06
8.88988e-06
8.3066e-06
7.76384e-06
7.25858e-06
6.78803e-06
6.34962e-06
5.94102e-06
5.56004e-06
5.2047e-06
4.87317e-06
4.56373e-06
4.27483e-06
4.00503e-06
3.75298e-06
3.51745e-06
3.29729e-06
3.09146e-06
2.89896e-06
2.71889e-06
2.5504e-06
2.39272e-06
2.24511e-06
2.10266e-06
0.527211
0.260923
0.149906
0.0940791
0.0627251
0.0438346
0.0319183
0.024174
0.0190483
0.0156245
0.0133347
0.0118142
0.0108219
0.0101952
0.00982258
0.00962626
0.00955078
0.00955543
0.00960884
0.00968519
0.00976155
0.00981619
0.00982772
0.00977513
0.00963873
0.00940192
0.00905354
0.00859022
0.00801829
0.00735425
0.0066237
0.00585837
0.00509207
0.00435633
0.00367671
0.00307055
0.00254642
0.00210502
0.00174109
0.00144565
0.00120807
0.00101768
0.000864823
0.000741322
0.000640617
0.000557619
0.000488464
0.000430248
0.000380787
0.000338424
0.000301887
0.000270184
0.000242531
0.000218296
0.000196968
0.000178127
0.000161425
0.000146573
0.000133327
0.000121482
0.000110862
0.000101319
9.27249e-05
8.49695e-05
7.79574e-05
7.1606e-05
6.58432e-05
6.06062e-05
5.58397e-05
5.14954e-05
4.75303e-05
4.39068e-05
4.05914e-05
3.75544e-05
3.47693e-05
3.22126e-05
2.98632e-05
2.77022e-05
2.57127e-05
2.38795e-05
2.2189e-05
2.06287e-05
1.91876e-05
1.78556e-05
1.66236e-05
1.54833e-05
1.44272e-05
1.34485e-05
1.2541e-05
1.1699e-05
1.09174e-05
1.01915e-05
9.51699e-06
8.88988e-06
8.3066e-06
7.76384e-06
7.25858e-06
6.78803e-06
6.34962e-06
5.94102e-06
5.56004e-06
5.2047e-06
4.87317e-06
4.56373e-06
4.27483e-06
4.00503e-06
3.75298e-06
3.51745e-06
3.29729e-06
3.09146e-06
2.89896e-06
2.71889e-06
2.5504e-06
2.39272e-06
2.24511e-06
2.10266e-06
)
;
    }
    frontAndBack
    {
        type            empty;
    }
}


// ************************************************************************* //
