/*--------------------------------*- C++ -*----------------------------------*\
| =========                 |                                                 |
| \\      /  F ield         | foam-extend: Open Source CFD                    |
|  \\    /   O peration     | Version:     4.0                                |
|   \\  /    A nd           | Web:         http://www.foam-extend.org         |
|    \\/     M anipulation  |                                                 |
\*---------------------------------------------------------------------------*/
FoamFile
{
    version     2.0;
    format      ascii;
    class       volScalarField;
    location    "1440";
    object      psiE;
}
// * * * * * * * * * * * * * * * * * * * * * * * * * * * * * * * * * * * * * //

dimensions      [0 0 0 0 0 0 0];

internalField   nonuniform List<scalar> 
6960
(
0.327391
0.327393
0.327395
0.327398
0.3274
0.327403
0.327405
0.327408
0.32741
0.327412
0.327414
0.327416
0.327418
0.327419
0.327421
0.327422
0.327423
0.327424
0.327425
0.327426
0.327427
0.327428
0.327429
0.327429
0.32743
0.32743
0.32743
0.327431
0.327431
0.327431
0.327431
0.327431
0.327431
0.32743
0.32743
0.32743
0.327429
0.327429
0.327428
0.327427
0.327426
0.327425
0.327424
0.327423
0.327422
0.327421
0.327419
0.327418
0.327416
0.327414
0.327412
0.32741
0.327408
0.327405
0.327403
0.3274
0.327398
0.327395
0.327393
0.327391
0.805386
0.805393
0.805404
0.805414
0.805425
0.805435
0.805445
0.805455
0.805464
0.805472
0.80548
0.805487
0.805494
0.8055
0.805506
0.805511
0.805516
0.805521
0.805525
0.805528
0.805532
0.805534
0.805537
0.805539
0.805541
0.805542
0.805544
0.805545
0.805545
0.805545
0.805545
0.805545
0.805545
0.805544
0.805542
0.805541
0.805539
0.805537
0.805534
0.805532
0.805528
0.805525
0.805521
0.805516
0.805511
0.805506
0.8055
0.805494
0.805487
0.80548
0.805472
0.805464
0.805455
0.805445
0.805435
0.805425
0.805414
0.805404
0.805393
0.805386
1.22739
1.22741
1.22743
1.22745
1.22747
1.22749
1.22751
1.22753
1.22754
1.22756
1.22758
1.22759
1.2276
1.22762
1.22763
1.22764
1.22765
1.22766
1.22767
1.22767
1.22768
1.22768
1.22769
1.22769
1.2277
1.2277
1.2277
1.2277
1.22771
1.22771
1.22771
1.22771
1.2277
1.2277
1.2277
1.2277
1.22769
1.22769
1.22768
1.22768
1.22767
1.22767
1.22766
1.22765
1.22764
1.22763
1.22762
1.2276
1.22759
1.22758
1.22756
1.22754
1.22753
1.22751
1.22749
1.22747
1.22745
1.22743
1.22741
1.22739
1.6307
1.63073
1.63076
1.63079
1.63083
1.63086
1.63089
1.63092
1.63095
1.63097
1.631
1.63102
1.63104
1.63106
1.63108
1.6311
1.63111
1.63113
1.63114
1.63115
1.63116
1.63117
1.63118
1.63118
1.63119
1.63119
1.6312
1.6312
1.6312
1.6312
1.6312
1.6312
1.6312
1.6312
1.63119
1.63119
1.63118
1.63118
1.63117
1.63116
1.63115
1.63114
1.63113
1.63111
1.6311
1.63108
1.63106
1.63104
1.63102
1.631
1.63097
1.63095
1.63092
1.63089
1.63086
1.63083
1.63079
1.63076
1.63073
1.6307
2.03069
2.03072
2.03077
2.03081
2.03086
2.03091
2.03095
2.03099
2.03103
2.03107
2.0311
2.03113
2.03116
2.03119
2.03122
2.03124
2.03126
2.03128
2.0313
2.03131
2.03133
2.03134
2.03135
2.03136
2.03137
2.03137
2.03138
2.03138
2.03139
2.03139
2.03139
2.03139
2.03138
2.03138
2.03137
2.03137
2.03136
2.03135
2.03134
2.03133
2.03131
2.0313
2.03128
2.03126
2.03124
2.03122
2.03119
2.03116
2.03113
2.0311
2.03107
2.03103
2.03099
2.03095
2.03091
2.03086
2.03081
2.03077
2.03072
2.03069
2.43418
2.43423
2.43429
2.43435
2.43441
2.43447
2.43453
2.43458
2.43463
2.43468
2.43473
2.43477
2.43481
2.43484
2.43488
2.43491
2.43494
2.43496
2.43498
2.435
2.43502
2.43504
2.43505
2.43506
2.43507
2.43508
2.43509
2.43509
2.4351
2.4351
2.4351
2.4351
2.43509
2.43509
2.43508
2.43507
2.43506
2.43505
2.43504
2.43502
2.435
2.43498
2.43496
2.43494
2.43491
2.43488
2.43484
2.43481
2.43477
2.43473
2.43468
2.43463
2.43458
2.43453
2.43447
2.43441
2.43435
2.43429
2.43423
2.43418
2.84433
2.84438
2.84446
2.84454
2.84461
2.84469
2.84476
2.84483
2.84489
2.84495
2.84501
2.84506
2.84511
2.84515
2.84519
2.84523
2.84527
2.8453
2.84533
2.84535
2.84537
2.84539
2.84541
2.84543
2.84544
2.84545
2.84546
2.84547
2.84547
2.84547
2.84547
2.84547
2.84547
2.84546
2.84545
2.84544
2.84543
2.84541
2.84539
2.84537
2.84535
2.84533
2.8453
2.84527
2.84523
2.84519
2.84515
2.84511
2.84506
2.84501
2.84495
2.84489
2.84483
2.84476
2.84469
2.84461
2.84454
2.84446
2.84438
2.84433
3.26258
3.26265
3.26273
3.26283
3.26292
3.26301
3.2631
3.26318
3.26326
3.26333
3.2634
3.26346
3.26352
3.26357
3.26362
3.26367
3.26371
3.26374
3.26378
3.26381
3.26384
3.26386
3.26388
3.2639
3.26392
3.26393
3.26394
3.26395
3.26395
3.26395
3.26395
3.26395
3.26395
3.26394
3.26393
3.26392
3.2639
3.26388
3.26386
3.26384
3.26381
3.26378
3.26374
3.26371
3.26367
3.26362
3.26357
3.26352
3.26346
3.2634
3.26333
3.26326
3.26318
3.2631
3.26301
3.26292
3.26283
3.26273
3.26265
3.26258
3.68961
3.68969
3.68979
3.6899
3.69001
3.69012
3.69022
3.69031
3.6904
3.69049
3.69057
3.69064
3.69071
3.69077
3.69083
3.69088
3.69093
3.69097
3.69101
3.69105
3.69108
3.69111
3.69113
3.69115
3.69117
3.69119
3.6912
3.69121
3.69121
3.69122
3.69122
3.69121
3.69121
3.6912
3.69119
3.69117
3.69115
3.69113
3.69111
3.69108
3.69105
3.69101
3.69097
3.69093
3.69088
3.69083
3.69077
3.69071
3.69064
3.69057
3.69049
3.6904
3.69031
3.69022
3.69012
3.69001
3.6899
3.68979
3.68969
3.68961
4.12573
4.12582
4.12594
4.12607
4.12619
4.12631
4.12643
4.12654
4.12664
4.12674
4.12683
4.12692
4.12699
4.12707
4.12713
4.12719
4.12725
4.1273
4.12735
4.12739
4.12742
4.12746
4.12748
4.12751
4.12753
4.12755
4.12756
4.12757
4.12758
4.12758
4.12758
4.12758
4.12757
4.12756
4.12755
4.12753
4.12751
4.12748
4.12746
4.12742
4.12739
4.12735
4.1273
4.12725
4.12719
4.12713
4.12707
4.12699
4.12692
4.12683
4.12674
4.12664
4.12654
4.12643
4.12631
4.12619
4.12607
4.12594
4.12582
4.12573
4.5711
4.5712
4.57134
4.57148
4.57162
4.57176
4.57189
4.57202
4.57213
4.57224
4.57234
4.57244
4.57253
4.57261
4.57268
4.57275
4.57282
4.57287
4.57293
4.57297
4.57301
4.57305
4.57308
4.57311
4.57313
4.57315
4.57317
4.57318
4.57319
4.57319
4.57319
4.57319
4.57318
4.57317
4.57315
4.57313
4.57311
4.57308
4.57305
4.57301
4.57297
4.57293
4.57287
4.57282
4.57275
4.57268
4.57261
4.57253
4.57244
4.57234
4.57224
4.57213
4.57202
4.57189
4.57176
4.57162
4.57148
4.57134
4.5712
4.5711
5.02578
5.02589
5.02604
5.0262
5.02636
5.02652
5.02666
5.0268
5.02693
5.02705
5.02717
5.02727
5.02737
5.02746
5.02755
5.02763
5.0277
5.02776
5.02782
5.02787
5.02792
5.02796
5.02799
5.02802
5.02805
5.02807
5.02809
5.0281
5.02811
5.02811
5.02811
5.02811
5.0281
5.02809
5.02807
5.02805
5.02802
5.02799
5.02796
5.02792
5.02787
5.02782
5.02776
5.0277
5.02763
5.02755
5.02746
5.02737
5.02727
5.02717
5.02705
5.02693
5.0268
5.02666
5.02652
5.02636
5.0262
5.02604
5.02589
5.02578
5.48979
5.48991
5.49008
5.49025
5.49043
5.4906
5.49076
5.49092
5.49106
5.4912
5.49132
5.49144
5.49155
5.49165
5.49174
5.49183
5.4919
5.49198
5.49204
5.4921
5.49215
5.49219
5.49223
5.49227
5.4923
5.49232
5.49234
5.49235
5.49236
5.49237
5.49237
5.49236
5.49235
5.49234
5.49232
5.4923
5.49227
5.49223
5.49219
5.49215
5.4921
5.49204
5.49198
5.4919
5.49183
5.49174
5.49165
5.49155
5.49144
5.49132
5.4912
5.49106
5.49092
5.49076
5.4906
5.49043
5.49025
5.49008
5.48991
5.48979
5.96311
5.96324
5.96342
5.96362
5.96381
5.964
5.96417
5.96434
5.9645
5.96465
5.96479
5.96492
5.96504
5.96515
5.96525
5.96534
5.96543
5.9655
5.96557
5.96564
5.96569
5.96574
5.96579
5.96582
5.96586
5.96588
5.9659
5.96592
5.96593
5.96593
5.96593
5.96593
5.96592
5.9659
5.96588
5.96586
5.96582
5.96579
5.96574
5.96569
5.96564
5.96557
5.9655
5.96543
5.96534
5.96525
5.96515
5.96504
5.96492
5.96479
5.96465
5.9645
5.96434
5.96417
5.964
5.96381
5.96362
5.96342
5.96324
5.96311
6.44569
6.44584
6.44604
6.44625
6.44646
6.44666
6.44686
6.44704
6.44721
6.44737
6.44752
6.44766
6.44779
6.44791
6.44802
6.44813
6.44822
6.4483
6.44838
6.44845
6.44851
6.44856
6.44861
6.44865
6.44868
6.44871
6.44874
6.44875
6.44876
6.44877
6.44877
6.44876
6.44875
6.44874
6.44871
6.44868
6.44865
6.44861
6.44856
6.44851
6.44845
6.44838
6.4483
6.44822
6.44813
6.44802
6.44791
6.44779
6.44766
6.44752
6.44737
6.44721
6.44704
6.44686
6.44666
6.44646
6.44625
6.44604
6.44584
6.44569
6.93747
6.93763
6.93785
6.93808
6.9383
6.93852
6.93873
6.93893
6.93912
6.93929
6.93945
6.93961
6.93975
6.93988
6.94
6.94011
6.94021
6.9403
6.94038
6.94045
6.94052
6.94058
6.94063
6.94067
6.94071
6.94074
6.94076
6.94078
6.94079
6.9408
6.9408
6.94079
6.94078
6.94076
6.94074
6.94071
6.94067
6.94063
6.94058
6.94052
6.94045
6.94038
6.9403
6.94021
6.94011
6.94
6.93988
6.93975
6.93961
6.93945
6.93929
6.93912
6.93893
6.93873
6.93852
6.9383
6.93808
6.93785
6.93763
6.93747
7.43835
7.43852
7.43875
7.43899
7.43924
7.43947
7.4397
7.43991
7.44011
7.4403
7.44047
7.44064
7.44079
7.44093
7.44106
7.44117
7.44128
7.44138
7.44147
7.44155
7.44162
7.44168
7.44174
7.44178
7.44182
7.44186
7.44188
7.4419
7.44192
7.44192
7.44192
7.44192
7.4419
7.44188
7.44186
7.44182
7.44178
7.44174
7.44168
7.44162
7.44155
7.44147
7.44138
7.44128
7.44117
7.44106
7.44093
7.44079
7.44064
7.44047
7.4403
7.44011
7.43991
7.4397
7.43947
7.43924
7.43899
7.43875
7.43852
7.43835
7.94817
7.94835
7.9486
7.94886
7.94912
7.94937
7.94961
7.94984
7.95006
7.95026
7.95044
7.95062
7.95078
7.95093
7.95107
7.95119
7.95131
7.95141
7.95151
7.9516
7.95167
7.95174
7.9518
7.95185
7.95189
7.95193
7.95195
7.95197
7.95199
7.95199
7.95199
7.95199
7.95197
7.95195
7.95193
7.95189
7.95185
7.9518
7.95174
7.95167
7.9516
7.95151
7.95141
7.95131
7.95119
7.95107
7.95093
7.95078
7.95062
7.95044
7.95026
7.95006
7.94984
7.94961
7.94937
7.94912
7.94886
7.9486
7.94835
7.94817
8.46677
8.46696
8.46722
8.4675
8.46778
8.46805
8.4683
8.46855
8.46878
8.46899
8.46919
8.46938
8.46955
8.46971
8.46985
8.46999
8.47011
8.47022
8.47032
8.47042
8.4705
8.47057
8.47063
8.47068
8.47073
8.47077
8.4708
8.47082
8.47083
8.47084
8.47084
8.47083
8.47082
8.4708
8.47077
8.47073
8.47068
8.47063
8.47057
8.4705
8.47042
8.47032
8.47022
8.47011
8.46999
8.46985
8.46971
8.46955
8.46938
8.46919
8.46899
8.46878
8.46855
8.4683
8.46805
8.46778
8.4675
8.46722
8.46696
8.46677
8.99392
8.99412
8.9944
8.9947
8.99499
8.99528
8.99555
8.99581
8.99605
8.99628
8.99649
8.99669
8.99687
8.99704
8.99719
8.99734
8.99747
8.99759
8.99769
8.99779
8.99787
8.99795
8.99802
8.99807
8.99812
8.99816
8.99819
8.99822
8.99823
8.99824
8.99824
8.99823
8.99822
8.99819
8.99816
8.99812
8.99807
8.99802
8.99795
8.99787
8.99779
8.99769
8.99759
8.99747
8.99734
8.99719
8.99704
8.99687
8.99669
8.99649
8.99628
8.99605
8.99581
8.99555
8.99528
8.99499
8.9947
8.9944
8.99412
8.99392
9.52936
9.52958
9.52987
9.53018
9.53049
9.53079
9.53108
9.53135
9.53161
9.53185
9.53207
9.53228
9.53248
9.53265
9.53282
9.53297
9.53311
9.53323
9.53335
9.53345
9.53354
9.53362
9.53369
9.53375
9.5338
9.53384
9.53388
9.5339
9.53392
9.53393
9.53393
9.53392
9.5339
9.53388
9.53384
9.5338
9.53375
9.53369
9.53362
9.53354
9.53345
9.53335
9.53323
9.53311
9.53297
9.53282
9.53265
9.53248
9.53228
9.53207
9.53185
9.53161
9.53135
9.53108
9.53079
9.53049
9.53018
9.52987
9.52958
9.52936
10.0728
10.073
10.0733
10.0736
10.074
10.0743
10.0746
10.0749
10.0751
10.0754
10.0756
10.0758
10.076
10.0762
10.0764
10.0766
10.0767
10.0768
10.077
10.0771
10.0772
10.0773
10.0773
10.0774
10.0774
10.0775
10.0775
10.0776
10.0776
10.0776
10.0776
10.0776
10.0776
10.0775
10.0775
10.0774
10.0774
10.0773
10.0773
10.0772
10.0771
10.077
10.0768
10.0767
10.0766
10.0764
10.0762
10.076
10.0758
10.0756
10.0754
10.0751
10.0749
10.0746
10.0743
10.074
10.0736
10.0733
10.073
10.0728
10.6238
10.624
10.6243
10.6247
10.625
10.6253
10.6257
10.626
10.6263
10.6265
10.6268
10.627
10.6272
10.6274
10.6276
10.6278
10.6279
10.628
10.6282
10.6283
10.6284
10.6285
10.6286
10.6286
10.6287
10.6287
10.6288
10.6288
10.6288
10.6288
10.6288
10.6288
10.6288
10.6288
10.6287
10.6287
10.6286
10.6286
10.6285
10.6284
10.6283
10.6282
10.628
10.6279
10.6278
10.6276
10.6274
10.6272
10.627
10.6268
10.6265
10.6263
10.626
10.6257
10.6253
10.625
10.6247
10.6243
10.624
10.6238
11.1819
11.1822
11.1825
11.1829
11.1832
11.1836
11.1839
11.1842
11.1845
11.1848
11.185
11.1853
11.1855
11.1857
11.1859
11.1861
11.1862
11.1864
11.1865
11.1866
11.1867
11.1868
11.1869
11.187
11.187
11.1871
11.1871
11.1872
11.1872
11.1872
11.1872
11.1872
11.1872
11.1871
11.1871
11.187
11.187
11.1869
11.1868
11.1867
11.1866
11.1865
11.1864
11.1862
11.1861
11.1859
11.1857
11.1855
11.1853
11.185
11.1848
11.1845
11.1842
11.1839
11.1836
11.1832
11.1829
11.1825
11.1822
11.1819
11.7467
11.7469
11.7473
11.7477
11.748
11.7484
11.7487
11.7491
11.7494
11.7497
11.7499
11.7502
11.7504
11.7506
11.7508
11.751
11.7512
11.7513
11.7515
11.7516
11.7517
11.7518
11.7519
11.752
11.752
11.7521
11.7521
11.7521
11.7522
11.7522
11.7522
11.7522
11.7521
11.7521
11.7521
11.752
11.752
11.7519
11.7518
11.7517
11.7516
11.7515
11.7513
11.7512
11.751
11.7508
11.7506
11.7504
11.7502
11.7499
11.7497
11.7494
11.7491
11.7487
11.7484
11.748
11.7477
11.7473
11.7469
11.7467
12.3174
12.3177
12.3181
12.3185
12.3189
12.3192
12.3196
12.3199
12.3203
12.3206
12.3208
12.3211
12.3213
12.3216
12.3218
12.322
12.3221
12.3223
12.3224
12.3226
12.3227
12.3228
12.3229
12.3229
12.323
12.3231
12.3231
12.3231
12.3232
12.3232
12.3232
12.3232
12.3231
12.3231
12.3231
12.323
12.3229
12.3229
12.3228
12.3227
12.3226
12.3224
12.3223
12.3221
12.322
12.3218
12.3216
12.3213
12.3211
12.3208
12.3206
12.3203
12.3199
12.3196
12.3192
12.3189
12.3185
12.3181
12.3177
12.3174
12.8935
12.8938
12.8942
12.8946
12.895
12.8954
12.8958
12.8961
12.8964
12.8968
12.897
12.8973
12.8976
12.8978
12.898
12.8982
12.8984
12.8986
12.8987
12.8988
12.899
12.8991
12.8992
12.8992
12.8993
12.8994
12.8994
12.8994
12.8994
12.8995
12.8995
12.8994
12.8994
12.8994
12.8994
12.8993
12.8992
12.8992
12.8991
12.899
12.8988
12.8987
12.8986
12.8984
12.8982
12.898
12.8978
12.8976
12.8973
12.897
12.8968
12.8964
12.8961
12.8958
12.8954
12.895
12.8946
12.8942
12.8938
12.8935
13.4741
13.4744
13.4748
13.4752
13.4756
13.476
13.4764
13.4768
13.4771
13.4774
13.4777
13.478
13.4783
13.4785
13.4788
13.479
13.4791
13.4793
13.4795
13.4796
13.4797
13.4798
13.4799
13.48
13.4801
13.4801
13.4802
13.4802
13.4802
13.4802
13.4802
13.4802
13.4802
13.4802
13.4801
13.4801
13.48
13.4799
13.4798
13.4797
13.4796
13.4795
13.4793
13.4791
13.479
13.4788
13.4785
13.4783
13.478
13.4777
13.4774
13.4771
13.4768
13.4764
13.476
13.4756
13.4752
13.4748
13.4744
13.4741
14.0583
14.0586
14.059
14.0594
14.0598
14.0602
14.0606
14.061
14.0614
14.0617
14.062
14.0623
14.0626
14.0628
14.063
14.0632
14.0634
14.0636
14.0638
14.0639
14.064
14.0642
14.0642
14.0643
14.0644
14.0645
14.0645
14.0645
14.0646
14.0646
14.0646
14.0646
14.0645
14.0645
14.0645
14.0644
14.0643
14.0642
14.0642
14.064
14.0639
14.0638
14.0636
14.0634
14.0632
14.063
14.0628
14.0626
14.0623
14.062
14.0617
14.0614
14.061
14.0606
14.0602
14.0598
14.0594
14.059
14.0586
14.0583
14.6449
14.6452
14.6456
14.6461
14.6465
14.6469
14.6473
14.6477
14.6481
14.6484
14.6487
14.649
14.6493
14.6496
14.6498
14.65
14.6502
14.6504
14.6506
14.6507
14.6508
14.6509
14.651
14.6511
14.6512
14.6513
14.6513
14.6514
14.6514
14.6514
14.6514
14.6514
14.6514
14.6513
14.6513
14.6512
14.6511
14.651
14.6509
14.6508
14.6507
14.6506
14.6504
14.6502
14.65
14.6498
14.6496
14.6493
14.649
14.6487
14.6484
14.6481
14.6477
14.6473
14.6469
14.6465
14.6461
14.6456
14.6452
14.6449
15.2328
15.2331
15.2335
15.234
15.2344
15.2349
15.2353
15.2357
15.236
15.2364
15.2367
15.237
15.2373
15.2376
15.2378
15.238
15.2382
15.2384
15.2386
15.2387
15.2389
15.239
15.2391
15.2392
15.2392
15.2393
15.2394
15.2394
15.2394
15.2394
15.2394
15.2394
15.2394
15.2394
15.2393
15.2392
15.2392
15.2391
15.239
15.2389
15.2387
15.2386
15.2384
15.2382
15.238
15.2378
15.2376
15.2373
15.237
15.2367
15.2364
15.236
15.2357
15.2353
15.2349
15.2344
15.234
15.2335
15.2331
15.2328
15.8205
15.8208
15.8213
15.8217
15.8222
15.8226
15.823
15.8234
15.8238
15.8242
15.8245
15.8248
15.8251
15.8254
15.8256
15.8258
15.826
15.8262
15.8264
15.8266
15.8267
15.8268
15.8269
15.827
15.8271
15.8271
15.8272
15.8272
15.8273
15.8273
15.8273
15.8273
15.8272
15.8272
15.8271
15.8271
15.827
15.8269
15.8268
15.8267
15.8266
15.8264
15.8262
15.826
15.8258
15.8256
15.8254
15.8251
15.8248
15.8245
15.8242
15.8238
15.8234
15.823
15.8226
15.8222
15.8217
15.8213
15.8208
15.8205
16.4064
16.4067
16.4072
16.4076
16.4081
16.4085
16.409
16.4094
16.4098
16.4101
16.4105
16.4108
16.4111
16.4113
16.4116
16.4118
16.412
16.4122
16.4124
16.4125
16.4127
16.4128
16.4129
16.413
16.4131
16.4131
16.4132
16.4132
16.4132
16.4133
16.4133
16.4132
16.4132
16.4132
16.4131
16.4131
16.413
16.4129
16.4128
16.4127
16.4125
16.4124
16.4122
16.412
16.4118
16.4116
16.4113
16.4111
16.4108
16.4105
16.4101
16.4098
16.4094
16.409
16.4085
16.4081
16.4076
16.4072
16.4067
16.4064
16.9886
16.9889
16.9893
16.9898
16.9903
16.9907
16.9912
16.9916
16.992
16.9923
16.9927
16.993
16.9933
16.9936
16.9938
16.994
16.9942
16.9944
16.9946
16.9948
16.9949
16.995
16.9951
16.9952
16.9953
16.9954
16.9954
16.9955
16.9955
16.9955
16.9955
16.9955
16.9955
16.9954
16.9954
16.9953
16.9952
16.9951
16.995
16.9949
16.9948
16.9946
16.9944
16.9942
16.994
16.9938
16.9936
16.9933
16.993
16.9927
16.9923
16.992
16.9916
16.9912
16.9907
16.9903
16.9898
16.9893
16.9889
16.9886
17.5648
17.5651
17.5656
17.5661
17.5665
17.567
17.5674
17.5678
17.5682
17.5686
17.5689
17.5692
17.5695
17.5698
17.5701
17.5703
17.5705
17.5707
17.5709
17.571
17.5712
17.5713
17.5714
17.5715
17.5716
17.5716
17.5717
17.5717
17.5718
17.5718
17.5718
17.5718
17.5717
17.5717
17.5716
17.5716
17.5715
17.5714
17.5713
17.5712
17.571
17.5709
17.5707
17.5705
17.5703
17.5701
17.5698
17.5695
17.5692
17.5689
17.5686
17.5682
17.5678
17.5674
17.567
17.5665
17.5661
17.5656
17.5651
17.5648
18.1325
18.1329
18.1333
18.1338
18.1343
18.1347
18.1352
18.1356
18.136
18.1363
18.1367
18.137
18.1373
18.1376
18.1378
18.1381
18.1383
18.1385
18.1386
18.1388
18.1389
18.1391
18.1392
18.1393
18.1393
18.1394
18.1395
18.1395
18.1395
18.1395
18.1395
18.1395
18.1395
18.1395
18.1394
18.1393
18.1393
18.1392
18.1391
18.1389
18.1388
18.1386
18.1385
18.1383
18.1381
18.1378
18.1376
18.1373
18.137
18.1367
18.1363
18.136
18.1356
18.1352
18.1347
18.1343
18.1338
18.1333
18.1329
18.1325
18.6888
18.6892
18.6896
18.6901
18.6905
18.691
18.6914
18.6918
18.6922
18.6926
18.6929
18.6932
18.6935
18.6938
18.694
18.6943
18.6945
18.6947
18.6948
18.695
18.6951
18.6953
18.6954
18.6955
18.6955
18.6956
18.6957
18.6957
18.6957
18.6957
18.6957
18.6957
18.6957
18.6957
18.6956
18.6955
18.6955
18.6954
18.6953
18.6951
18.695
18.6948
18.6947
18.6945
18.6943
18.694
18.6938
18.6935
18.6932
18.6929
18.6926
18.6922
18.6918
18.6914
18.691
18.6905
18.6901
18.6896
18.6892
18.6888
19.2301
19.2304
19.2308
19.2313
19.2318
19.2322
19.2326
19.233
19.2334
19.2338
19.2341
19.2344
19.2347
19.2349
19.2352
19.2354
19.2356
19.2358
19.236
19.2361
19.2363
19.2364
19.2365
19.2366
19.2367
19.2367
19.2368
19.2368
19.2369
19.2369
19.2369
19.2369
19.2368
19.2368
19.2367
19.2367
19.2366
19.2365
19.2364
19.2363
19.2361
19.236
19.2358
19.2356
19.2354
19.2352
19.2349
19.2347
19.2344
19.2341
19.2338
19.2334
19.233
19.2326
19.2322
19.2318
19.2313
19.2308
19.2304
19.2301
19.7521
19.7524
19.7529
19.7533
19.7538
19.7542
19.7546
19.755
19.7553
19.7557
19.756
19.7563
19.7566
19.7569
19.7571
19.7573
19.7575
19.7577
19.7579
19.758
19.7582
19.7583
19.7584
19.7585
19.7585
19.7586
19.7587
19.7587
19.7587
19.7587
19.7587
19.7587
19.7587
19.7587
19.7586
19.7585
19.7585
19.7584
19.7583
19.7582
19.758
19.7579
19.7577
19.7575
19.7573
19.7571
19.7569
19.7566
19.7563
19.756
19.7557
19.7553
19.755
19.7546
19.7542
19.7538
19.7533
19.7529
19.7524
19.7521
20.25
20.2503
20.2507
20.2512
20.2516
20.252
20.2524
20.2528
20.2531
20.2534
20.2538
20.254
20.2543
20.2546
20.2548
20.255
20.2552
20.2554
20.2555
20.2557
20.2558
20.2559
20.256
20.2561
20.2562
20.2562
20.2563
20.2563
20.2564
20.2564
20.2564
20.2564
20.2563
20.2563
20.2562
20.2562
20.2561
20.256
20.2559
20.2558
20.2557
20.2555
20.2554
20.2552
20.255
20.2548
20.2546
20.2543
20.254
20.2538
20.2534
20.2531
20.2528
20.2524
20.252
20.2516
20.2512
20.2507
20.2503
20.25
20.718
20.7183
20.7187
20.7191
20.7195
20.7198
20.7202
20.7206
20.7209
20.7212
20.7215
20.7218
20.722
20.7223
20.7225
20.7227
20.7229
20.723
20.7232
20.7233
20.7234
20.7235
20.7236
20.7237
20.7238
20.7238
20.7239
20.7239
20.7239
20.724
20.724
20.7239
20.7239
20.7239
20.7238
20.7238
20.7237
20.7236
20.7235
20.7234
20.7233
20.7232
20.723
20.7229
20.7227
20.7225
20.7223
20.722
20.7218
20.7215
20.7212
20.7209
20.7206
20.7202
20.7198
20.7195
20.7191
20.7187
20.7183
20.718
21.1495
21.1497
21.1501
21.1504
21.1508
21.1512
21.1515
21.1518
21.1521
21.1524
21.1527
21.1529
21.1532
21.1534
21.1536
21.1538
21.1539
21.1541
21.1542
21.1544
21.1545
21.1546
21.1547
21.1547
21.1548
21.1549
21.1549
21.1549
21.155
21.155
21.155
21.155
21.1549
21.1549
21.1549
21.1548
21.1547
21.1547
21.1546
21.1545
21.1544
21.1542
21.1541
21.1539
21.1538
21.1536
21.1534
21.1532
21.1529
21.1527
21.1524
21.1521
21.1518
21.1515
21.1512
21.1508
21.1504
21.1501
21.1497
21.1495
21.5377
21.5379
21.5382
21.5385
21.5389
21.5392
21.5395
21.5398
21.54
21.5403
21.5405
21.5408
21.541
21.5412
21.5413
21.5415
21.5417
21.5418
21.5419
21.542
21.5421
21.5422
21.5423
21.5424
21.5424
21.5425
21.5425
21.5426
21.5426
21.5426
21.5426
21.5426
21.5426
21.5425
21.5425
21.5424
21.5424
21.5423
21.5422
21.5421
21.542
21.5419
21.5418
21.5417
21.5415
21.5413
21.5412
21.541
21.5408
21.5405
21.5403
21.54
21.5398
21.5395
21.5392
21.5389
21.5385
21.5382
21.5379
21.5377
21.8767
21.8769
21.8772
21.8775
21.8777
21.878
21.8782
21.8785
21.8787
21.8789
21.8792
21.8793
21.8795
21.8797
21.8799
21.88
21.8801
21.8803
21.8804
21.8805
21.8806
21.8806
21.8807
21.8808
21.8808
21.8809
21.8809
21.8809
21.8809
21.8809
21.8809
21.8809
21.8809
21.8809
21.8809
21.8808
21.8808
21.8807
21.8806
21.8806
21.8805
21.8804
21.8803
21.8801
21.88
21.8799
21.8797
21.8795
21.8793
21.8792
21.8789
21.8787
21.8785
21.8782
21.878
21.8777
21.8775
21.8772
21.8769
21.8767
22.1633
22.1635
22.1637
22.1639
22.1641
22.1643
22.1645
22.1647
22.1649
22.1651
22.1653
22.1655
22.1656
22.1658
22.1659
22.166
22.1661
22.1662
22.1663
22.1664
22.1665
22.1666
22.1666
22.1667
22.1667
22.1667
22.1668
22.1668
22.1668
22.1668
22.1668
22.1668
22.1668
22.1668
22.1667
22.1667
22.1667
22.1666
22.1666
22.1665
22.1664
22.1663
22.1662
22.1661
22.166
22.1659
22.1658
22.1656
22.1655
22.1653
22.1651
22.1649
22.1647
22.1645
22.1643
22.1641
22.1639
22.1637
22.1635
22.1633
22.3983
22.3984
22.3986
22.3987
22.3989
22.3991
22.3992
22.3994
22.3995
22.3997
22.3998
22.4
22.4001
22.4002
22.4003
22.4004
22.4005
22.4006
22.4007
22.4007
22.4008
22.4009
22.4009
22.401
22.401
22.401
22.4011
22.4011
22.4011
22.4011
22.4011
22.4011
22.4011
22.4011
22.401
22.401
22.401
22.4009
22.4009
22.4008
22.4007
22.4007
22.4006
22.4005
22.4004
22.4003
22.4002
22.4001
22.4
22.3998
22.3997
22.3995
22.3994
22.3992
22.3991
22.3989
22.3987
22.3986
22.3984
22.3983
22.5868
22.5869
22.587
22.5872
22.5873
22.5874
22.5876
22.5877
22.5878
22.5879
22.588
22.5881
22.5882
22.5883
22.5884
22.5885
22.5886
22.5887
22.5887
22.5888
22.5888
22.5889
22.5889
22.589
22.589
22.589
22.589
22.5891
22.5891
22.5891
22.5891
22.5891
22.5891
22.589
22.589
22.589
22.589
22.5889
22.5889
22.5888
22.5888
22.5887
22.5887
22.5886
22.5885
22.5884
22.5883
22.5882
22.5881
22.588
22.5879
22.5878
22.5877
22.5876
22.5874
22.5873
22.5872
22.587
22.5869
22.5868
22.7373
22.7373
22.7374
22.7375
22.7376
22.7377
22.7378
22.7379
22.738
22.7381
22.7382
22.7383
22.7383
22.7384
22.7385
22.7386
22.7386
22.7387
22.7387
22.7388
22.7388
22.7389
22.7389
22.7389
22.739
22.739
22.739
22.739
22.739
22.739
22.739
22.739
22.739
22.739
22.739
22.739
22.7389
22.7389
22.7389
22.7388
22.7388
22.7387
22.7387
22.7386
22.7386
22.7385
22.7384
22.7383
22.7383
22.7382
22.7381
22.738
22.7379
22.7378
22.7377
22.7376
22.7375
22.7374
22.7373
22.7373
22.8585
22.8586
22.8586
22.8587
22.8588
22.8589
22.8589
22.859
22.8591
22.8592
22.8592
22.8593
22.8594
22.8595
22.8595
22.8596
22.8596
22.8597
22.8597
22.8598
22.8598
22.8598
22.8599
22.8599
22.8599
22.86
22.86
22.86
22.86
22.86
22.86
22.86
22.86
22.86
22.86
22.8599
22.8599
22.8599
22.8598
22.8598
22.8598
22.8597
22.8597
22.8596
22.8596
22.8595
22.8595
22.8594
22.8593
22.8592
22.8592
22.8591
22.859
22.8589
22.8589
22.8588
22.8587
22.8586
22.8586
22.8585
22.9586
22.9586
22.9587
22.9587
22.9588
22.9588
22.9589
22.959
22.959
22.9591
22.9592
22.9592
22.9593
22.9593
22.9594
22.9594
22.9595
22.9595
22.9596
22.9596
22.9597
22.9597
22.9597
22.9597
22.9598
22.9598
22.9598
22.9598
22.9598
22.9598
22.9598
22.9598
22.9598
22.9598
22.9598
22.9598
22.9597
22.9597
22.9597
22.9597
22.9596
22.9596
22.9595
22.9595
22.9594
22.9594
22.9593
22.9593
22.9592
22.9592
22.9591
22.959
22.959
22.9589
22.9588
22.9588
22.9587
22.9587
22.9586
22.9586
23.0435
23.0435
23.0435
23.0436
23.0436
23.0436
23.0437
23.0438
23.0438
23.0439
23.0439
23.044
23.044
23.0441
23.0441
23.0442
23.0442
23.0443
23.0443
23.0444
23.0444
23.0444
23.0444
23.0445
23.0445
23.0445
23.0445
23.0445
23.0445
23.0445
23.0445
23.0445
23.0445
23.0445
23.0445
23.0445
23.0445
23.0444
23.0444
23.0444
23.0444
23.0443
23.0443
23.0442
23.0442
23.0441
23.0441
23.044
23.044
23.0439
23.0439
23.0438
23.0438
23.0437
23.0436
23.0436
23.0436
23.0435
23.0435
23.0435
23.1173
23.1174
23.1174
23.1174
23.1175
23.1175
23.1175
23.1176
23.1176
23.1177
23.1177
23.1178
23.1178
23.1179
23.1179
23.118
23.118
23.1181
23.1181
23.1181
23.1182
23.1182
23.1182
23.1183
23.1183
23.1183
23.1183
23.1183
23.1183
23.1183
23.1183
23.1183
23.1183
23.1183
23.1183
23.1183
23.1183
23.1182
23.1182
23.1182
23.1181
23.1181
23.1181
23.118
23.118
23.1179
23.1179
23.1178
23.1178
23.1177
23.1177
23.1176
23.1176
23.1175
23.1175
23.1175
23.1174
23.1174
23.1174
23.1173
23.1831
23.1831
23.1831
23.1831
23.1831
23.1832
23.1832
23.1833
23.1833
23.1834
23.1834
23.1835
23.1835
23.1836
23.1836
23.1836
23.1837
23.1837
23.1838
23.1838
23.1838
23.1839
23.1839
23.1839
23.1839
23.1839
23.184
23.184
23.184
23.184
23.184
23.184
23.184
23.184
23.1839
23.1839
23.1839
23.1839
23.1839
23.1838
23.1838
23.1838
23.1837
23.1837
23.1836
23.1836
23.1836
23.1835
23.1835
23.1834
23.1834
23.1833
23.1833
23.1832
23.1832
23.1831
23.1831
23.1831
23.1831
23.1831
23.2425
23.2425
23.2425
23.2425
23.2425
23.2426
23.2426
23.2426
23.2427
23.2427
23.2428
23.2428
23.2429
23.2429
23.243
23.243
23.2431
23.2431
23.2431
23.2432
23.2432
23.2432
23.2433
23.2433
23.2433
23.2433
23.2433
23.2433
23.2433
23.2433
23.2433
23.2433
23.2433
23.2433
23.2433
23.2433
23.2433
23.2433
23.2432
23.2432
23.2432
23.2431
23.2431
23.2431
23.243
23.243
23.2429
23.2429
23.2428
23.2428
23.2427
23.2427
23.2426
23.2426
23.2426
23.2425
23.2425
23.2425
23.2425
23.2425
23.2968
23.2969
23.2969
23.2969
23.2969
23.2969
23.297
23.297
23.2971
23.2971
23.2972
23.2972
23.2972
23.2973
23.2973
23.2974
23.2974
23.2975
23.2975
23.2975
23.2976
23.2976
23.2976
23.2976
23.2977
23.2977
23.2977
23.2977
23.2977
23.2977
23.2977
23.2977
23.2977
23.2977
23.2977
23.2977
23.2976
23.2976
23.2976
23.2976
23.2975
23.2975
23.2975
23.2974
23.2974
23.2973
23.2973
23.2972
23.2972
23.2972
23.2971
23.2971
23.297
23.297
23.2969
23.2969
23.2969
23.2969
23.2969
23.2968
23.3471
23.3471
23.3471
23.3472
23.3472
23.3472
23.3473
23.3473
23.3473
23.3474
23.3474
23.3475
23.3475
23.3476
23.3476
23.3477
23.3477
23.3477
23.3478
23.3478
23.3478
23.3479
23.3479
23.3479
23.3479
23.348
23.348
23.348
23.348
23.348
23.348
23.348
23.348
23.348
23.348
23.3479
23.3479
23.3479
23.3479
23.3478
23.3478
23.3478
23.3477
23.3477
23.3477
23.3476
23.3476
23.3475
23.3475
23.3474
23.3474
23.3473
23.3473
23.3473
23.3472
23.3472
23.3472
23.3471
23.3471
23.3471
23.394
23.394
23.394
23.394
23.394
23.3941
23.3941
23.3941
23.3942
23.3942
23.3943
23.3943
23.3944
23.3944
23.3945
23.3945
23.3946
23.3946
23.3946
23.3947
23.3947
23.3947
23.3948
23.3948
23.3948
23.3948
23.3948
23.3949
23.3949
23.3949
23.3949
23.3949
23.3949
23.3948
23.3948
23.3948
23.3948
23.3948
23.3947
23.3947
23.3947
23.3946
23.3946
23.3946
23.3945
23.3945
23.3944
23.3944
23.3943
23.3943
23.3942
23.3942
23.3941
23.3941
23.3941
23.394
23.394
23.394
23.394
23.394
23.4379
23.438
23.438
23.438
23.438
23.438
23.4381
23.4381
23.4381
23.4382
23.4382
23.4383
23.4383
23.4384
23.4384
23.4385
23.4385
23.4386
23.4386
23.4386
23.4387
23.4387
23.4387
23.4388
23.4388
23.4388
23.4388
23.4388
23.4388
23.4388
23.4388
23.4388
23.4388
23.4388
23.4388
23.4388
23.4388
23.4387
23.4387
23.4387
23.4386
23.4386
23.4386
23.4385
23.4385
23.4384
23.4384
23.4383
23.4383
23.4382
23.4382
23.4381
23.4381
23.4381
23.438
23.438
23.438
23.438
23.438
23.4379
23.4794
23.4794
23.4794
23.4794
23.4795
23.4795
23.4795
23.4796
23.4796
23.4796
23.4797
23.4797
23.4798
23.4798
23.4799
23.4799
23.48
23.48
23.4801
23.4801
23.4802
23.4802
23.4802
23.4802
23.4803
23.4803
23.4803
23.4803
23.4803
23.4803
23.4803
23.4803
23.4803
23.4803
23.4803
23.4803
23.4802
23.4802
23.4802
23.4802
23.4801
23.4801
23.48
23.48
23.4799
23.4799
23.4798
23.4798
23.4797
23.4797
23.4796
23.4796
23.4796
23.4795
23.4795
23.4795
23.4794
23.4794
23.4794
23.4794
23.5187
23.5187
23.5187
23.5187
23.5187
23.5188
23.5188
23.5188
23.5189
23.5189
23.519
23.519
23.5191
23.5191
23.5192
23.5192
23.5193
23.5193
23.5194
23.5194
23.5195
23.5195
23.5195
23.5195
23.5196
23.5196
23.5196
23.5196
23.5196
23.5196
23.5196
23.5196
23.5196
23.5196
23.5196
23.5196
23.5195
23.5195
23.5195
23.5195
23.5194
23.5194
23.5193
23.5193
23.5192
23.5192
23.5191
23.5191
23.519
23.519
23.5189
23.5189
23.5188
23.5188
23.5188
23.5187
23.5187
23.5187
23.5187
23.5187
23.5561
23.5561
23.5561
23.5561
23.5561
23.5561
23.5562
23.5562
23.5563
23.5563
23.5564
23.5564
23.5565
23.5565
23.5566
23.5566
23.5567
23.5567
23.5568
23.5568
23.5569
23.5569
23.5569
23.557
23.557
23.557
23.557
23.557
23.557
23.557
23.557
23.557
23.557
23.557
23.557
23.557
23.557
23.5569
23.5569
23.5569
23.5568
23.5568
23.5567
23.5567
23.5566
23.5566
23.5565
23.5565
23.5564
23.5564
23.5563
23.5563
23.5562
23.5562
23.5561
23.5561
23.5561
23.5561
23.5561
23.5561
23.5917
23.5917
23.5918
23.5918
23.5918
23.5918
23.5919
23.5919
23.592
23.592
23.5921
23.5921
23.5922
23.5922
23.5923
23.5923
23.5924
23.5924
23.5925
23.5925
23.5926
23.5926
23.5926
23.5927
23.5927
23.5927
23.5927
23.5927
23.5928
23.5928
23.5928
23.5928
23.5927
23.5927
23.5927
23.5927
23.5927
23.5926
23.5926
23.5926
23.5925
23.5925
23.5924
23.5924
23.5923
23.5923
23.5922
23.5922
23.5921
23.5921
23.592
23.592
23.5919
23.5919
23.5918
23.5918
23.5918
23.5918
23.5917
23.5917
23.6259
23.6259
23.6259
23.626
23.626
23.626
23.6261
23.6261
23.6261
23.6262
23.6263
23.6263
23.6264
23.6264
23.6265
23.6266
23.6266
23.6267
23.6267
23.6268
23.6268
23.6268
23.6269
23.6269
23.6269
23.6269
23.627
23.627
23.627
23.627
23.627
23.627
23.627
23.627
23.6269
23.6269
23.6269
23.6269
23.6268
23.6268
23.6268
23.6267
23.6267
23.6266
23.6266
23.6265
23.6264
23.6264
23.6263
23.6263
23.6262
23.6261
23.6261
23.6261
23.626
23.626
23.626
23.6259
23.6259
23.6259
23.6588
23.6588
23.6588
23.6588
23.6588
23.6588
23.6589
23.6589
23.659
23.659
23.6591
23.6592
23.6592
23.6593
23.6594
23.6594
23.6595
23.6595
23.6596
23.6596
23.6597
23.6597
23.6597
23.6598
23.6598
23.6598
23.6598
23.6598
23.6599
23.6599
23.6599
23.6599
23.6598
23.6598
23.6598
23.6598
23.6598
23.6597
23.6597
23.6597
23.6596
23.6596
23.6595
23.6595
23.6594
23.6594
23.6593
23.6592
23.6592
23.6591
23.659
23.659
23.6589
23.6589
23.6588
23.6588
23.6588
23.6588
23.6588
23.6588
23.6904
23.6904
23.6904
23.6904
23.6904
23.6905
23.6905
23.6906
23.6906
23.6907
23.6907
23.6908
23.6909
23.6909
23.691
23.6911
23.6911
23.6912
23.6912
23.6913
23.6913
23.6914
23.6914
23.6914
23.6914
23.6915
23.6915
23.6915
23.6915
23.6915
23.6915
23.6915
23.6915
23.6915
23.6915
23.6914
23.6914
23.6914
23.6914
23.6913
23.6913
23.6912
23.6912
23.6911
23.6911
23.691
23.6909
23.6909
23.6908
23.6907
23.6907
23.6906
23.6906
23.6905
23.6905
23.6904
23.6904
23.6904
23.6904
23.6904
23.7209
23.7209
23.7209
23.7209
23.7209
23.721
23.721
23.7211
23.7211
23.7212
23.7213
23.7213
23.7214
23.7215
23.7215
23.7216
23.7217
23.7217
23.7218
23.7218
23.7219
23.7219
23.7219
23.722
23.722
23.722
23.722
23.7221
23.7221
23.7221
23.7221
23.7221
23.7221
23.722
23.722
23.722
23.722
23.7219
23.7219
23.7219
23.7218
23.7218
23.7217
23.7217
23.7216
23.7215
23.7215
23.7214
23.7213
23.7213
23.7212
23.7211
23.7211
23.721
23.721
23.7209
23.7209
23.7209
23.7209
23.7209
23.7504
23.7504
23.7504
23.7504
23.7504
23.7505
23.7505
23.7506
23.7506
23.7507
23.7508
23.7508
23.7509
23.751
23.751
23.7511
23.7512
23.7512
23.7513
23.7514
23.7514
23.7514
23.7515
23.7515
23.7515
23.7516
23.7516
23.7516
23.7516
23.7516
23.7516
23.7516
23.7516
23.7516
23.7516
23.7515
23.7515
23.7515
23.7514
23.7514
23.7514
23.7513
23.7512
23.7512
23.7511
23.751
23.751
23.7509
23.7508
23.7508
23.7507
23.7506
23.7506
23.7505
23.7505
23.7504
23.7504
23.7504
23.7504
23.7504
23.7789
23.7789
23.7789
23.779
23.779
23.779
23.7791
23.7791
23.7792
23.7793
23.7794
23.7794
23.7795
23.7796
23.7797
23.7797
23.7798
23.7799
23.7799
23.78
23.78
23.7801
23.7801
23.7801
23.7802
23.7802
23.7802
23.7802
23.7802
23.7802
23.7802
23.7802
23.7802
23.7802
23.7802
23.7802
23.7801
23.7801
23.7801
23.78
23.78
23.7799
23.7799
23.7798
23.7797
23.7797
23.7796
23.7795
23.7794
23.7794
23.7793
23.7792
23.7791
23.7791
23.779
23.779
23.779
23.7789
23.7789
23.7789
23.8066
23.8066
23.8066
23.8067
23.8067
23.8068
23.8068
23.8069
23.8069
23.807
23.8071
23.8072
23.8072
23.8073
23.8074
23.8075
23.8075
23.8076
23.8077
23.8077
23.8078
23.8078
23.8079
23.8079
23.8079
23.808
23.808
23.808
23.808
23.808
23.808
23.808
23.808
23.808
23.808
23.8079
23.8079
23.8079
23.8078
23.8078
23.8077
23.8077
23.8076
23.8075
23.8075
23.8074
23.8073
23.8072
23.8072
23.8071
23.807
23.8069
23.8069
23.8068
23.8068
23.8067
23.8067
23.8066
23.8066
23.8066
23.8335
23.8336
23.8336
23.8336
23.8336
23.8337
23.8337
23.8338
23.8339
23.834
23.834
23.8341
23.8342
23.8343
23.8344
23.8344
23.8345
23.8346
23.8347
23.8347
23.8348
23.8348
23.8349
23.8349
23.8349
23.835
23.835
23.835
23.835
23.835
23.835
23.835
23.835
23.835
23.835
23.8349
23.8349
23.8349
23.8348
23.8348
23.8347
23.8347
23.8346
23.8345
23.8344
23.8344
23.8343
23.8342
23.8341
23.834
23.834
23.8339
23.8338
23.8337
23.8337
23.8336
23.8336
23.8336
23.8336
23.8335
23.8597
23.8597
23.8598
23.8598
23.8598
23.8599
23.8599
23.86
23.8601
23.8602
23.8603
23.8604
23.8604
23.8605
23.8606
23.8607
23.8608
23.8608
23.8609
23.861
23.861
23.8611
23.8611
23.8612
23.8612
23.8612
23.8613
23.8613
23.8613
23.8613
23.8613
23.8613
23.8613
23.8613
23.8612
23.8612
23.8612
23.8611
23.8611
23.861
23.861
23.8609
23.8608
23.8608
23.8607
23.8606
23.8605
23.8604
23.8604
23.8603
23.8602
23.8601
23.86
23.8599
23.8599
23.8598
23.8598
23.8598
23.8597
23.8597
23.8852
23.8853
23.8853
23.8853
23.8854
23.8854
23.8855
23.8855
23.8856
23.8857
23.8858
23.8859
23.886
23.8861
23.8862
23.8863
23.8863
23.8864
23.8865
23.8866
23.8866
23.8867
23.8867
23.8868
23.8868
23.8868
23.8868
23.8869
23.8869
23.8869
23.8869
23.8869
23.8869
23.8868
23.8868
23.8868
23.8868
23.8867
23.8867
23.8866
23.8866
23.8865
23.8864
23.8863
23.8863
23.8862
23.8861
23.886
23.8859
23.8858
23.8857
23.8856
23.8855
23.8855
23.8854
23.8854
23.8853
23.8853
23.8853
23.8852
23.9101
23.9101
23.9102
23.9102
23.9102
23.9103
23.9104
23.9104
23.9105
23.9106
23.9107
23.9108
23.9109
23.911
23.9111
23.9112
23.9113
23.9114
23.9114
23.9115
23.9116
23.9116
23.9117
23.9117
23.9118
23.9118
23.9118
23.9118
23.9118
23.9118
23.9118
23.9118
23.9118
23.9118
23.9118
23.9118
23.9117
23.9117
23.9116
23.9116
23.9115
23.9114
23.9114
23.9113
23.9112
23.9111
23.911
23.9109
23.9108
23.9107
23.9106
23.9105
23.9104
23.9104
23.9103
23.9102
23.9102
23.9102
23.9101
23.9101
23.9344
23.9344
23.9344
23.9345
23.9345
23.9346
23.9347
23.9347
23.9348
23.9349
23.935
23.9351
23.9352
23.9353
23.9354
23.9355
23.9356
23.9357
23.9358
23.9359
23.9359
23.936
23.936
23.9361
23.9361
23.9361
23.9362
23.9362
23.9362
23.9362
23.9362
23.9362
23.9362
23.9362
23.9361
23.9361
23.9361
23.936
23.936
23.9359
23.9359
23.9358
23.9357
23.9356
23.9355
23.9354
23.9353
23.9352
23.9351
23.935
23.9349
23.9348
23.9347
23.9347
23.9346
23.9345
23.9345
23.9344
23.9344
23.9344
23.9581
23.9581
23.9582
23.9582
23.9582
23.9583
23.9584
23.9585
23.9586
23.9587
23.9588
23.9589
23.959
23.9591
23.9592
23.9593
23.9594
23.9595
23.9596
23.9597
23.9597
23.9598
23.9598
23.9599
23.9599
23.96
23.96
23.96
23.96
23.96
23.96
23.96
23.96
23.96
23.96
23.9599
23.9599
23.9598
23.9598
23.9597
23.9597
23.9596
23.9595
23.9594
23.9593
23.9592
23.9591
23.959
23.9589
23.9588
23.9587
23.9586
23.9585
23.9584
23.9583
23.9582
23.9582
23.9582
23.9581
23.9581
23.9813
23.9813
23.9813
23.9814
23.9814
23.9815
23.9816
23.9817
23.9818
23.9819
23.982
23.9821
23.9823
23.9824
23.9825
23.9826
23.9827
23.9828
23.9828
23.9829
23.983
23.9831
23.9831
23.9832
23.9832
23.9832
23.9833
23.9833
23.9833
23.9833
23.9833
23.9833
23.9833
23.9833
23.9832
23.9832
23.9832
23.9831
23.9831
23.983
23.9829
23.9828
23.9828
23.9827
23.9826
23.9825
23.9824
23.9823
23.9821
23.982
23.9819
23.9818
23.9817
23.9816
23.9815
23.9814
23.9814
23.9813
23.9813
23.9813
24.004
24.004
24.004
24.0041
24.0041
24.0042
24.0043
24.0044
24.0045
24.0046
24.0048
24.0049
24.005
24.0051
24.0052
24.0053
24.0054
24.0055
24.0056
24.0057
24.0058
24.0058
24.0059
24.006
24.006
24.006
24.0061
24.0061
24.0061
24.0061
24.0061
24.0061
24.0061
24.0061
24.006
24.006
24.006
24.0059
24.0058
24.0058
24.0057
24.0056
24.0055
24.0054
24.0053
24.0052
24.0051
24.005
24.0049
24.0048
24.0046
24.0045
24.0044
24.0043
24.0042
24.0041
24.0041
24.004
24.004
24.004
24.0262
24.0262
24.0262
24.0263
24.0264
24.0264
24.0265
24.0266
24.0268
24.0269
24.027
24.0271
24.0273
24.0274
24.0275
24.0276
24.0277
24.0278
24.0279
24.028
24.0281
24.0282
24.0282
24.0283
24.0283
24.0284
24.0284
24.0284
24.0284
24.0284
24.0284
24.0284
24.0284
24.0284
24.0284
24.0283
24.0283
24.0282
24.0282
24.0281
24.028
24.0279
24.0278
24.0277
24.0276
24.0275
24.0274
24.0273
24.0271
24.027
24.0269
24.0268
24.0266
24.0265
24.0264
24.0264
24.0263
24.0262
24.0262
24.0262
24.048
24.048
24.048
24.0481
24.0481
24.0482
24.0483
24.0484
24.0486
24.0487
24.0488
24.049
24.0491
24.0492
24.0493
24.0495
24.0496
24.0497
24.0498
24.0499
24.0499
24.05
24.0501
24.0501
24.0502
24.0502
24.0503
24.0503
24.0503
24.0503
24.0503
24.0503
24.0503
24.0503
24.0502
24.0502
24.0501
24.0501
24.05
24.0499
24.0499
24.0498
24.0497
24.0496
24.0495
24.0493
24.0492
24.0491
24.049
24.0488
24.0487
24.0486
24.0484
24.0483
24.0482
24.0481
24.0481
24.048
24.048
24.048
24.0693
24.0693
24.0693
24.0694
24.0695
24.0696
24.0697
24.0698
24.0699
24.0701
24.0702
24.0703
24.0705
24.0706
24.0707
24.0709
24.071
24.0711
24.0712
24.0713
24.0714
24.0715
24.0715
24.0716
24.0716
24.0717
24.0717
24.0717
24.0717
24.0717
24.0717
24.0717
24.0717
24.0717
24.0717
24.0716
24.0716
24.0715
24.0715
24.0714
24.0713
24.0712
24.0711
24.071
24.0709
24.0707
24.0706
24.0705
24.0703
24.0702
24.0701
24.0699
24.0698
24.0697
24.0696
24.0695
24.0694
24.0693
24.0693
24.0693
24.0902
24.0902
24.0902
24.0903
24.0904
24.0905
24.0906
24.0907
24.0909
24.091
24.0912
24.0913
24.0915
24.0916
24.0917
24.0919
24.092
24.0921
24.0922
24.0923
24.0924
24.0925
24.0925
24.0926
24.0927
24.0927
24.0927
24.0928
24.0928
24.0928
24.0928
24.0928
24.0928
24.0927
24.0927
24.0927
24.0926
24.0925
24.0925
24.0924
24.0923
24.0922
24.0921
24.092
24.0919
24.0917
24.0916
24.0915
24.0913
24.0912
24.091
24.0909
24.0907
24.0906
24.0905
24.0904
24.0903
24.0902
24.0902
24.0902
24.1107
24.1107
24.1107
24.1108
24.1109
24.111
24.1111
24.1113
24.1114
24.1116
24.1117
24.1119
24.112
24.1122
24.1123
24.1125
24.1126
24.1127
24.1128
24.1129
24.113
24.1131
24.1132
24.1132
24.1133
24.1133
24.1134
24.1134
24.1134
24.1134
24.1134
24.1134
24.1134
24.1134
24.1133
24.1133
24.1132
24.1132
24.1131
24.113
24.1129
24.1128
24.1127
24.1126
24.1125
24.1123
24.1122
24.112
24.1119
24.1117
24.1116
24.1114
24.1113
24.1111
24.111
24.1109
24.1108
24.1107
24.1107
24.1107
24.1308
24.1308
24.1308
24.1309
24.131
24.1311
24.1313
24.1314
24.1316
24.1317
24.1319
24.1321
24.1322
24.1324
24.1325
24.1327
24.1328
24.1329
24.1331
24.1332
24.1333
24.1333
24.1334
24.1335
24.1335
24.1336
24.1336
24.1336
24.1337
24.1337
24.1337
24.1337
24.1336
24.1336
24.1336
24.1335
24.1335
24.1334
24.1333
24.1333
24.1332
24.1331
24.1329
24.1328
24.1327
24.1325
24.1324
24.1322
24.1321
24.1319
24.1317
24.1316
24.1314
24.1313
24.1311
24.131
24.1309
24.1308
24.1308
24.1308
24.1505
24.1505
24.1506
24.1506
24.1507
24.1509
24.151
24.1512
24.1513
24.1515
24.1517
24.1519
24.152
24.1522
24.1524
24.1525
24.1527
24.1528
24.1529
24.153
24.1531
24.1532
24.1533
24.1534
24.1534
24.1535
24.1535
24.1535
24.1536
24.1536
24.1536
24.1536
24.1535
24.1535
24.1535
24.1534
24.1534
24.1533
24.1532
24.1531
24.153
24.1529
24.1528
24.1527
24.1525
24.1524
24.1522
24.152
24.1519
24.1517
24.1515
24.1513
24.1512
24.151
24.1509
24.1507
24.1506
24.1506
24.1505
24.1505
24.1699
24.1699
24.1699
24.17
24.1701
24.1703
24.1704
24.1706
24.1708
24.1709
24.1711
24.1713
24.1715
24.1717
24.1718
24.172
24.1722
24.1723
24.1724
24.1725
24.1726
24.1727
24.1728
24.1729
24.1729
24.173
24.173
24.1731
24.1731
24.1731
24.1731
24.1731
24.1731
24.173
24.173
24.1729
24.1729
24.1728
24.1727
24.1726
24.1725
24.1724
24.1723
24.1722
24.172
24.1718
24.1717
24.1715
24.1713
24.1711
24.1709
24.1708
24.1706
24.1704
24.1703
24.1701
24.17
24.1699
24.1699
24.1699
24.1888
24.1889
24.1889
24.189
24.1891
24.1893
24.1894
24.1896
24.1898
24.19
24.1902
24.1904
24.1906
24.1908
24.191
24.1911
24.1913
24.1914
24.1916
24.1917
24.1918
24.1919
24.192
24.192
24.1921
24.1922
24.1922
24.1922
24.1923
24.1923
24.1923
24.1923
24.1922
24.1922
24.1922
24.1921
24.192
24.192
24.1919
24.1918
24.1917
24.1916
24.1914
24.1913
24.1911
24.191
24.1908
24.1906
24.1904
24.1902
24.19
24.1898
24.1896
24.1894
24.1893
24.1891
24.189
24.1889
24.1889
24.1888
24.2075
24.2075
24.2076
24.2077
24.2078
24.2079
24.2081
24.2083
24.2085
24.2087
24.2089
24.2092
24.2094
24.2096
24.2097
24.2099
24.2101
24.2102
24.2104
24.2105
24.2106
24.2107
24.2108
24.2109
24.2109
24.211
24.211
24.2111
24.2111
24.2111
24.2111
24.2111
24.2111
24.211
24.211
24.2109
24.2109
24.2108
24.2107
24.2106
24.2105
24.2104
24.2102
24.2101
24.2099
24.2097
24.2096
24.2094
24.2092
24.2089
24.2087
24.2085
24.2083
24.2081
24.2079
24.2078
24.2077
24.2076
24.2075
24.2075
24.2258
24.2258
24.2258
24.226
24.2261
24.2263
24.2264
24.2267
24.2269
24.2271
24.2273
24.2276
24.2278
24.228
24.2282
24.2284
24.2285
24.2287
24.2288
24.229
24.2291
24.2292
24.2293
24.2294
24.2294
24.2295
24.2295
24.2295
24.2296
24.2296
24.2296
24.2296
24.2295
24.2295
24.2295
24.2294
24.2294
24.2293
24.2292
24.2291
24.229
24.2288
24.2287
24.2285
24.2284
24.2282
24.228
24.2278
24.2276
24.2273
24.2271
24.2269
24.2267
24.2264
24.2263
24.2261
24.226
24.2258
24.2258
24.2258
24.2437
24.2437
24.2438
24.2439
24.244
24.2442
24.2444
24.2447
24.2449
24.2451
24.2454
24.2456
24.2458
24.2461
24.2463
24.2465
24.2466
24.2468
24.247
24.2471
24.2472
24.2473
24.2474
24.2475
24.2476
24.2476
24.2477
24.2477
24.2477
24.2477
24.2477
24.2477
24.2477
24.2477
24.2476
24.2476
24.2475
24.2474
24.2473
24.2472
24.2471
24.247
24.2468
24.2466
24.2465
24.2463
24.2461
24.2458
24.2456
24.2454
24.2451
24.2449
24.2447
24.2444
24.2442
24.244
24.2439
24.2438
24.2437
24.2437
24.2613
24.2613
24.2614
24.2615
24.2616
24.2618
24.2621
24.2623
24.2626
24.2628
24.2631
24.2633
24.2636
24.2638
24.264
24.2642
24.2644
24.2646
24.2647
24.2649
24.265
24.2651
24.2652
24.2653
24.2654
24.2654
24.2655
24.2655
24.2655
24.2655
24.2655
24.2655
24.2655
24.2655
24.2654
24.2654
24.2653
24.2652
24.2651
24.265
24.2649
24.2647
24.2646
24.2644
24.2642
24.264
24.2638
24.2636
24.2633
24.2631
24.2628
24.2626
24.2623
24.2621
24.2618
24.2616
24.2615
24.2614
24.2613
24.2613
24.2785
24.2785
24.2786
24.2787
24.2789
24.2791
24.2794
24.2796
24.2799
24.2802
24.2804
24.2807
24.281
24.2812
24.2814
24.2817
24.2819
24.282
24.2822
24.2823
24.2825
24.2826
24.2827
24.2828
24.2829
24.2829
24.283
24.283
24.283
24.283
24.283
24.283
24.283
24.283
24.2829
24.2829
24.2828
24.2827
24.2826
24.2825
24.2823
24.2822
24.282
24.2819
24.2817
24.2814
24.2812
24.281
24.2807
24.2804
24.2802
24.2799
24.2796
24.2794
24.2791
24.2789
24.2787
24.2786
24.2785
24.2785
24.2953
24.2954
24.2955
24.2956
24.2958
24.296
24.2963
24.2966
24.2969
24.2972
24.2975
24.2978
24.298
24.2983
24.2985
24.2988
24.299
24.2991
24.2993
24.2995
24.2996
24.2997
24.2998
24.2999
24.3
24.3001
24.3001
24.3001
24.3002
24.3002
24.3002
24.3002
24.3001
24.3001
24.3001
24.3
24.2999
24.2998
24.2997
24.2996
24.2995
24.2993
24.2991
24.299
24.2988
24.2985
24.2983
24.298
24.2978
24.2975
24.2972
24.2969
24.2966
24.2963
24.296
24.2958
24.2956
24.2955
24.2954
24.2953
24.3118
24.3119
24.312
24.3121
24.3123
24.3126
24.3129
24.3132
24.3135
24.3138
24.3142
24.3145
24.3147
24.315
24.3153
24.3155
24.3157
24.3159
24.3161
24.3163
24.3164
24.3165
24.3166
24.3167
24.3168
24.3169
24.3169
24.3169
24.317
24.317
24.317
24.317
24.3169
24.3169
24.3169
24.3168
24.3167
24.3166
24.3165
24.3164
24.3163
24.3161
24.3159
24.3157
24.3155
24.3153
24.315
24.3147
24.3145
24.3142
24.3138
24.3135
24.3132
24.3129
24.3126
24.3123
24.3121
24.312
24.3119
24.3118
24.328
24.328
24.3281
24.3283
24.3285
24.3288
24.3291
24.3294
24.3298
24.3301
24.3305
24.3308
24.3311
24.3314
24.3317
24.3319
24.3321
24.3323
24.3325
24.3327
24.3328
24.333
24.3331
24.3332
24.3332
24.3333
24.3334
24.3334
24.3334
24.3334
24.3334
24.3334
24.3334
24.3334
24.3333
24.3332
24.3332
24.3331
24.333
24.3328
24.3327
24.3325
24.3323
24.3321
24.3319
24.3317
24.3314
24.3311
24.3308
24.3305
24.3301
24.3298
24.3294
24.3291
24.3288
24.3285
24.3283
24.3281
24.328
24.328
24.3437
24.3437
24.3438
24.344
24.3443
24.3446
24.345
24.3453
24.3457
24.3461
24.3464
24.3468
24.3471
24.3474
24.3477
24.348
24.3482
24.3484
24.3486
24.3488
24.3489
24.349
24.3492
24.3493
24.3493
24.3494
24.3495
24.3495
24.3495
24.3495
24.3495
24.3495
24.3495
24.3495
24.3494
24.3493
24.3493
24.3492
24.349
24.3489
24.3488
24.3486
24.3484
24.3482
24.348
24.3477
24.3474
24.3471
24.3468
24.3464
24.3461
24.3457
24.3453
24.345
24.3446
24.3443
24.344
24.3438
24.3437
24.3437
24.359
24.3591
24.3592
24.3594
24.3597
24.36
24.3604
24.3608
24.3612
24.3616
24.362
24.3624
24.3628
24.3631
24.3634
24.3636
24.3639
24.3641
24.3643
24.3645
24.3646
24.3648
24.3649
24.365
24.3651
24.3651
24.3652
24.3652
24.3653
24.3653
24.3653
24.3653
24.3652
24.3652
24.3651
24.3651
24.365
24.3649
24.3648
24.3646
24.3645
24.3643
24.3641
24.3639
24.3636
24.3634
24.3631
24.3628
24.3624
24.362
24.3616
24.3612
24.3608
24.3604
24.36
24.3597
24.3594
24.3592
24.3591
24.359
24.3739
24.374
24.3741
24.3744
24.3747
24.3751
24.3755
24.3759
24.3764
24.3768
24.3772
24.3776
24.378
24.3783
24.3787
24.3789
24.3792
24.3794
24.3796
24.3798
24.38
24.3801
24.3802
24.3803
24.3804
24.3805
24.3805
24.3806
24.3806
24.3806
24.3806
24.3806
24.3806
24.3805
24.3805
24.3804
24.3803
24.3802
24.3801
24.38
24.3798
24.3796
24.3794
24.3792
24.3789
24.3787
24.3783
24.378
24.3776
24.3772
24.3768
24.3764
24.3759
24.3755
24.3751
24.3747
24.3744
24.3741
24.374
24.3739
24.3883
24.3884
24.3886
24.3889
24.3892
24.3897
24.3901
24.3906
24.3911
24.3916
24.392
24.3925
24.3929
24.3932
24.3935
24.3938
24.3941
24.3943
24.3946
24.3947
24.3949
24.395
24.3952
24.3953
24.3954
24.3954
24.3955
24.3955
24.3956
24.3956
24.3956
24.3956
24.3955
24.3955
24.3954
24.3954
24.3953
24.3952
24.395
24.3949
24.3947
24.3946
24.3943
24.3941
24.3938
24.3935
24.3932
24.3929
24.3925
24.392
24.3916
24.3911
24.3906
24.3901
24.3897
24.3892
24.3889
24.3886
24.3884
24.3883
24.4023
24.4024
24.4026
24.4029
24.4033
24.4038
24.4043
24.4049
24.4054
24.4059
24.4064
24.4069
24.4073
24.4077
24.408
24.4083
24.4086
24.4088
24.4091
24.4092
24.4094
24.4096
24.4097
24.4098
24.4099
24.4099
24.41
24.41
24.4101
24.4101
24.4101
24.4101
24.41
24.41
24.4099
24.4099
24.4098
24.4097
24.4096
24.4094
24.4092
24.4091
24.4088
24.4086
24.4083
24.408
24.4077
24.4073
24.4069
24.4064
24.4059
24.4054
24.4049
24.4043
24.4038
24.4033
24.4029
24.4026
24.4024
24.4023
24.4157
24.4158
24.416
24.4164
24.4169
24.4175
24.4181
24.4187
24.4192
24.4198
24.4203
24.4208
24.4213
24.4217
24.422
24.4223
24.4226
24.4229
24.4231
24.4233
24.4235
24.4236
24.4237
24.4239
24.4239
24.424
24.4241
24.4241
24.4241
24.4242
24.4242
24.4241
24.4241
24.4241
24.424
24.4239
24.4239
24.4237
24.4236
24.4235
24.4233
24.4231
24.4229
24.4226
24.4223
24.422
24.4217
24.4213
24.4208
24.4203
24.4198
24.4192
24.4187
24.4181
24.4175
24.4169
24.4164
24.416
24.4158
24.4157
24.4285
24.4287
24.4289
24.4294
24.43
24.4306
24.4313
24.4319
24.4326
24.4332
24.4338
24.4343
24.4347
24.4352
24.4355
24.4359
24.4362
24.4364
24.4367
24.4369
24.437
24.4372
24.4373
24.4374
24.4375
24.4376
24.4376
24.4377
24.4377
24.4377
24.4377
24.4377
24.4377
24.4376
24.4376
24.4375
24.4374
24.4373
24.4372
24.437
24.4369
24.4367
24.4364
24.4362
24.4359
24.4355
24.4352
24.4347
24.4343
24.4338
24.4332
24.4326
24.4319
24.4313
24.4306
24.43
24.4294
24.4289
24.4287
24.4285
24.4407
24.4409
24.4412
24.4418
24.4424
24.4432
24.4439
24.4447
24.4454
24.4461
24.4467
24.4472
24.4477
24.4482
24.4486
24.4489
24.4492
24.4495
24.4497
24.4499
24.4501
24.4502
24.4504
24.4505
24.4506
24.4506
24.4507
24.4507
24.4508
24.4508
24.4508
24.4508
24.4507
24.4507
24.4506
24.4506
24.4505
24.4504
24.4502
24.4501
24.4499
24.4497
24.4495
24.4492
24.4489
24.4486
24.4482
24.4477
24.4472
24.4467
24.4461
24.4454
24.4447
24.4439
24.4432
24.4424
24.4418
24.4412
24.4409
24.4407
24.4522
24.4524
24.4528
24.4535
24.4543
24.4551
24.456
24.4568
24.4576
24.4584
24.459
24.4596
24.4601
24.4606
24.461
24.4613
24.4617
24.4619
24.4622
24.4624
24.4626
24.4627
24.4628
24.4629
24.463
24.4631
24.4632
24.4632
24.4632
24.4632
24.4632
24.4632
24.4632
24.4632
24.4631
24.463
24.4629
24.4628
24.4627
24.4626
24.4624
24.4622
24.4619
24.4617
24.4613
24.461
24.4606
24.4601
24.4596
24.459
24.4584
24.4576
24.4568
24.456
24.4551
24.4543
24.4535
24.4528
24.4524
24.4522
24.4629
24.4631
24.4637
24.4645
24.4654
24.4664
24.4674
24.4684
24.4692
24.47
24.4707
24.4714
24.4719
24.4724
24.4728
24.4732
24.4735
24.4738
24.474
24.4742
24.4744
24.4745
24.4747
24.4748
24.4749
24.4749
24.475
24.475
24.4751
24.4751
24.4751
24.4751
24.475
24.475
24.4749
24.4749
24.4748
24.4747
24.4745
24.4744
24.4742
24.474
24.4738
24.4735
24.4732
24.4728
24.4724
24.4719
24.4714
24.4707
24.47
24.4692
24.4684
24.4674
24.4664
24.4654
24.4645
24.4637
24.4631
24.4629
24.4726
24.4729
24.4737
24.4747
24.4758
24.477
24.4781
24.4792
24.4802
24.481
24.4818
24.4824
24.483
24.4835
24.4839
24.4843
24.4846
24.4849
24.4852
24.4854
24.4855
24.4857
24.4858
24.4859
24.486
24.4861
24.4861
24.4862
24.4862
24.4862
24.4862
24.4862
24.4862
24.4861
24.4861
24.486
24.4859
24.4858
24.4857
24.4855
24.4854
24.4852
24.4849
24.4846
24.4843
24.4839
24.4835
24.483
24.4824
24.4818
24.481
24.4802
24.4792
24.4781
24.477
24.4758
24.4747
24.4737
24.4729
24.4726
24.4813
24.4817
24.4827
24.484
24.4854
24.4868
24.4881
24.4893
24.4903
24.4913
24.4921
24.4928
24.4934
24.4939
24.4943
24.4947
24.495
24.4953
24.4955
24.4957
24.4959
24.4961
24.4962
24.4963
24.4964
24.4964
24.4965
24.4965
24.4966
24.4966
24.4966
24.4966
24.4965
24.4965
24.4964
24.4964
24.4963
24.4962
24.4961
24.4959
24.4957
24.4955
24.4953
24.495
24.4947
24.4943
24.4939
24.4934
24.4928
24.4921
24.4913
24.4903
24.4893
24.4881
24.4868
24.4854
24.484
24.4827
24.4817
24.4813
24.4886
24.4893
24.4906
24.4923
24.494
24.4957
24.4972
24.4985
24.4997
24.5007
24.5016
24.5023
24.5029
24.5034
24.5039
24.5042
24.5045
24.5048
24.5051
24.5053
24.5054
24.5056
24.5057
24.5058
24.5059
24.5059
24.506
24.506
24.5061
24.5061
24.5061
24.5061
24.506
24.506
24.5059
24.5059
24.5058
24.5057
24.5056
24.5054
24.5053
24.5051
24.5048
24.5045
24.5042
24.5039
24.5034
24.5029
24.5023
24.5016
24.5007
24.4997
24.4985
24.4972
24.4957
24.494
24.4923
24.4906
24.4893
24.4886
24.4945
24.4956
24.4974
24.4995
24.5017
24.5037
24.5054
24.5069
24.5082
24.5093
24.5101
24.5109
24.5115
24.512
24.5125
24.5128
24.5132
24.5134
24.5136
24.5138
24.514
24.5141
24.5143
24.5144
24.5144
24.5145
24.5145
24.5146
24.5146
24.5146
24.5146
24.5146
24.5146
24.5145
24.5145
24.5144
24.5144
24.5143
24.5141
24.514
24.5138
24.5136
24.5134
24.5132
24.5128
24.5125
24.512
24.5115
24.5109
24.5101
24.5093
24.5082
24.5069
24.5054
24.5037
24.5017
24.4995
24.4974
24.4956
24.4945
24.4986
24.5003
24.5029
24.5057
24.5084
24.5108
24.5128
24.5144
24.5158
24.5169
24.5178
24.5186
24.5192
24.5197
24.5201
24.5205
24.5208
24.521
24.5213
24.5214
24.5216
24.5217
24.5218
24.5219
24.522
24.5221
24.5221
24.5221
24.5222
24.5222
24.5222
24.5222
24.5221
24.5221
24.5221
24.522
24.5219
24.5218
24.5217
24.5216
24.5214
24.5213
24.521
24.5208
24.5205
24.5201
24.5197
24.5192
24.5186
24.5178
24.5169
24.5158
24.5144
24.5128
24.5108
24.5084
24.5057
24.5029
24.5003
24.4986
24.5007
24.5034
24.5072
24.5111
24.5144
24.5172
24.5194
24.5212
24.5226
24.5238
24.5247
24.5254
24.526
24.5265
24.527
24.5273
24.5276
24.5278
24.528
24.5282
24.5283
24.5284
24.5285
24.5286
24.5287
24.5288
24.5288
24.5288
24.5289
24.5289
24.5289
24.5289
24.5288
24.5288
24.5288
24.5287
24.5286
24.5285
24.5284
24.5283
24.5282
24.528
24.5278
24.5276
24.5273
24.527
24.5265
24.526
24.5254
24.5247
24.5238
24.5226
24.5212
24.5194
24.5172
24.5144
24.5111
24.5072
24.5034
24.5007
24.5013
24.5058
24.5114
24.5165
24.5206
24.5238
24.5262
24.5281
24.5295
24.5307
24.5315
24.5323
24.5328
24.5333
24.5337
24.534
24.5342
24.5345
24.5346
24.5348
24.5349
24.535
24.5351
24.5352
24.5353
24.5353
24.5353
24.5354
24.5354
24.5354
24.5354
24.5354
24.5354
24.5353
24.5353
24.5353
24.5352
24.5351
24.535
24.5349
24.5348
24.5346
24.5345
24.5342
24.534
24.5337
24.5333
24.5328
24.5323
24.5315
24.5307
24.5295
24.5281
24.5262
24.5238
24.5206
24.5165
24.5114
24.5058
24.5013
24.5027
24.5101
24.5182
24.5248
24.5297
24.5332
24.5358
24.5376
24.539
24.5401
24.5409
24.5416
24.5421
24.5425
24.5429
24.5431
24.5434
24.5436
24.5437
24.5438
24.544
24.544
24.5441
24.5442
24.5442
24.5443
24.5443
24.5443
24.5443
24.5444
24.5444
24.5443
24.5443
24.5443
24.5443
24.5442
24.5442
24.5441
24.544
24.544
24.5438
24.5437
24.5436
24.5434
24.5431
24.5429
24.5425
24.5421
24.5416
24.5409
24.5401
24.539
24.5376
24.5358
24.5332
24.5297
24.5248
24.5182
24.5101
24.5027
24.5134
24.5248
24.5359
24.544
24.5493
24.553
24.5554
24.5572
24.5585
24.5594
24.5601
24.5607
24.5611
24.5615
24.5618
24.562
24.5622
24.5623
24.5625
24.5626
24.5627
24.5627
24.5628
24.5628
24.5629
24.5629
24.5629
24.563
24.563
24.563
24.563
24.563
24.563
24.5629
24.5629
24.5629
24.5628
24.5628
24.5627
24.5627
24.5626
24.5625
24.5623
24.5622
24.562
24.5618
24.5615
24.5611
24.5607
24.5601
24.5594
24.5585
24.5572
24.5554
24.553
24.5493
24.544
24.5359
24.5248
24.5134
24.5538
24.569
24.5825
24.5912
24.5964
24.5997
24.6018
24.6033
24.6043
24.6051
24.6056
24.6061
24.6064
24.6067
24.6069
24.6071
24.6072
24.6073
24.6074
24.6075
24.6076
24.6076
24.6077
24.6077
24.6077
24.6077
24.6078
24.6078
24.6078
24.6078
24.6078
24.6078
24.6078
24.6078
24.6077
24.6077
24.6077
24.6077
24.6076
24.6076
24.6075
24.6074
24.6073
24.6072
24.6071
24.6069
24.6067
24.6064
24.6061
24.6056
24.6051
24.6043
24.6033
24.6018
24.5997
24.5964
24.5912
24.5825
24.569
24.5538
24.6593
24.6751
24.6877
24.6951
24.6991
24.7015
24.7029
24.7039
24.7046
24.7051
24.7054
24.7057
24.7059
24.7061
24.7062
24.7063
24.7064
24.7065
24.7065
24.7066
24.7066
24.7067
24.7067
24.7067
24.7067
24.7068
24.7068
24.7068
24.7068
24.7068
24.7068
24.7068
24.7068
24.7068
24.7068
24.7067
24.7067
24.7067
24.7067
24.7066
24.7066
24.7065
24.7065
24.7064
24.7063
24.7062
24.7061
24.7059
24.7057
24.7054
24.7051
24.7046
24.7039
24.7029
24.7015
24.6991
24.6951
24.6877
24.6751
24.6593
24.8645
24.8723
24.8781
24.8812
24.8828
24.8836
24.8842
24.8845
24.8847
24.8849
24.885
24.8851
24.8852
24.8853
24.8853
24.8853
24.8854
24.8854
24.8854
24.8854
24.8854
24.8855
24.8855
24.8855
24.8855
24.8855
24.8855
24.8855
24.8855
24.8855
24.8855
24.8855
24.8855
24.8855
24.8855
24.8855
24.8855
24.8855
24.8855
24.8854
24.8854
24.8854
24.8854
24.8854
24.8853
24.8853
24.8853
24.8852
24.8851
24.885
24.8849
24.8847
24.8845
24.8842
24.8836
24.8828
24.8812
24.8781
24.8723
24.8645
)
;

boundaryField
{
    top
    {
        type            fixedValue;
        value           uniform 25;
    }
    bottom
    {
        type            fixedValue;
        value           uniform 0;
    }
    wall
    {
        type            zeroGradient;
    }
    frontAndBack
    {
        type            empty;
    }
}


// ************************************************************************* //
