/*--------------------------------*- C++ -*----------------------------------*\
| =========                 |                                                 |
| \\      /  F ield         | foam-extend: Open Source CFD                    |
|  \\    /   O peration     | Version:     4.0                                |
|   \\  /    A nd           | Web:         http://www.foam-extend.org         |
|    \\/     M anipulation  |                                                 |
\*---------------------------------------------------------------------------*/
FoamFile
{
    version     2.0;
    format      ascii;
    class       volScalarField;
    location    "680";
    object      psiE;
}
// * * * * * * * * * * * * * * * * * * * * * * * * * * * * * * * * * * * * * //

dimensions      [0 0 0 0 0 0 0];

internalField   nonuniform List<scalar> 
6960
(
0.300276
0.30027
0.300266
0.300263
0.300261
0.30026
0.300259
0.300258
0.300257
0.300257
0.300256
0.300256
0.300256
0.300255
0.300255
0.300255
0.300255
0.300255
0.300255
0.300254
0.300254
0.300254
0.300254
0.300254
0.300254
0.300254
0.300254
0.300254
0.300254
0.300254
0.300254
0.300254
0.300254
0.300254
0.300254
0.300254
0.300254
0.300254
0.300254
0.300254
0.300254
0.300255
0.300255
0.300255
0.300255
0.300255
0.300255
0.300256
0.300256
0.300256
0.300257
0.300257
0.300258
0.300259
0.30026
0.300261
0.300263
0.300266
0.30027
0.300276
0.683478
0.683454
0.683439
0.683429
0.683422
0.683417
0.683413
0.68341
0.683408
0.683406
0.683404
0.683403
0.683402
0.683401
0.6834
0.683399
0.683399
0.683398
0.683398
0.683398
0.683397
0.683397
0.683397
0.683397
0.683397
0.683396
0.683396
0.683396
0.683396
0.683396
0.683396
0.683396
0.683396
0.683396
0.683396
0.683397
0.683397
0.683397
0.683397
0.683397
0.683398
0.683398
0.683398
0.683399
0.683399
0.6834
0.683401
0.683402
0.683403
0.683404
0.683406
0.683408
0.68341
0.683413
0.683417
0.683422
0.683429
0.683439
0.683454
0.683478
0.959591
0.959543
0.959517
0.959499
0.959486
0.959477
0.95947
0.959464
0.95946
0.959456
0.959454
0.959451
0.959449
0.959448
0.959446
0.959445
0.959444
0.959443
0.959443
0.959442
0.959441
0.959441
0.959441
0.95944
0.95944
0.95944
0.95944
0.959439
0.959439
0.959439
0.959439
0.959439
0.959439
0.95944
0.95944
0.95944
0.95944
0.959441
0.959441
0.959441
0.959442
0.959443
0.959443
0.959444
0.959445
0.959446
0.959448
0.959449
0.959451
0.959454
0.959456
0.95946
0.959464
0.95947
0.959477
0.959486
0.959499
0.959517
0.959543
0.959591
1.16797
1.16789
1.16786
1.16783
1.16781
1.1678
1.16779
1.16778
1.16778
1.16777
1.16777
1.16776
1.16776
1.16776
1.16776
1.16775
1.16775
1.16775
1.16775
1.16775
1.16775
1.16775
1.16775
1.16775
1.16775
1.16775
1.16775
1.16775
1.16775
1.16775
1.16775
1.16775
1.16775
1.16775
1.16775
1.16775
1.16775
1.16775
1.16775
1.16775
1.16775
1.16775
1.16775
1.16775
1.16775
1.16776
1.16776
1.16776
1.16776
1.16777
1.16777
1.16778
1.16778
1.16779
1.1678
1.16781
1.16783
1.16786
1.16789
1.16797
1.33066
1.33057
1.33052
1.33049
1.33047
1.33045
1.33044
1.33043
1.33042
1.33042
1.33041
1.33041
1.3304
1.3304
1.3304
1.3304
1.33039
1.33039
1.33039
1.33039
1.33039
1.33039
1.33039
1.33039
1.33039
1.33039
1.33039
1.33039
1.33039
1.33039
1.33039
1.33039
1.33039
1.33039
1.33039
1.33039
1.33039
1.33039
1.33039
1.33039
1.33039
1.33039
1.33039
1.33039
1.3304
1.3304
1.3304
1.3304
1.33041
1.33041
1.33042
1.33042
1.33043
1.33044
1.33045
1.33047
1.33049
1.33052
1.33057
1.33066
1.46232
1.46221
1.46215
1.46212
1.46209
1.46207
1.46206
1.46205
1.46204
1.46203
1.46202
1.46202
1.46202
1.46201
1.46201
1.46201
1.46201
1.462
1.462
1.462
1.462
1.462
1.462
1.462
1.462
1.462
1.462
1.462
1.462
1.462
1.462
1.462
1.462
1.462
1.462
1.462
1.462
1.462
1.462
1.462
1.462
1.462
1.462
1.46201
1.46201
1.46201
1.46201
1.46202
1.46202
1.46202
1.46203
1.46204
1.46205
1.46206
1.46207
1.46209
1.46212
1.46215
1.46221
1.46232
1.57297
1.57285
1.57279
1.57274
1.57272
1.57269
1.57268
1.57267
1.57266
1.57265
1.57264
1.57264
1.57263
1.57263
1.57262
1.57262
1.57262
1.57262
1.57262
1.57261
1.57261
1.57261
1.57261
1.57261
1.57261
1.57261
1.57261
1.57261
1.57261
1.57261
1.57261
1.57261
1.57261
1.57261
1.57261
1.57261
1.57261
1.57261
1.57261
1.57261
1.57261
1.57262
1.57262
1.57262
1.57262
1.57262
1.57263
1.57263
1.57264
1.57264
1.57265
1.57266
1.57267
1.57268
1.57269
1.57272
1.57274
1.57279
1.57285
1.57297
1.66934
1.66921
1.66914
1.6691
1.66907
1.66904
1.66903
1.66901
1.669
1.66899
1.66899
1.66898
1.66898
1.66897
1.66897
1.66897
1.66896
1.66896
1.66896
1.66896
1.66896
1.66896
1.66895
1.66895
1.66895
1.66895
1.66895
1.66895
1.66895
1.66895
1.66895
1.66895
1.66895
1.66895
1.66895
1.66895
1.66895
1.66895
1.66896
1.66896
1.66896
1.66896
1.66896
1.66896
1.66897
1.66897
1.66897
1.66898
1.66898
1.66899
1.66899
1.669
1.66901
1.66903
1.66904
1.66907
1.6691
1.66914
1.66921
1.66934
1.75582
1.75568
1.75561
1.75556
1.75553
1.75551
1.75549
1.75547
1.75546
1.75545
1.75545
1.75544
1.75544
1.75543
1.75543
1.75543
1.75542
1.75542
1.75542
1.75542
1.75542
1.75541
1.75541
1.75541
1.75541
1.75541
1.75541
1.75541
1.75541
1.75541
1.75541
1.75541
1.75541
1.75541
1.75541
1.75541
1.75541
1.75541
1.75541
1.75542
1.75542
1.75542
1.75542
1.75542
1.75543
1.75543
1.75543
1.75544
1.75544
1.75545
1.75545
1.75546
1.75547
1.75549
1.75551
1.75553
1.75556
1.75561
1.75568
1.75582
1.83524
1.8351
1.83503
1.83498
1.83495
1.83492
1.8349
1.83489
1.83487
1.83487
1.83486
1.83485
1.83485
1.83484
1.83484
1.83484
1.83483
1.83483
1.83483
1.83483
1.83483
1.83482
1.83482
1.83482
1.83482
1.83482
1.83482
1.83482
1.83482
1.83482
1.83482
1.83482
1.83482
1.83482
1.83482
1.83482
1.83482
1.83482
1.83482
1.83483
1.83483
1.83483
1.83483
1.83483
1.83484
1.83484
1.83484
1.83485
1.83485
1.83486
1.83487
1.83487
1.83489
1.8349
1.83492
1.83495
1.83498
1.83503
1.8351
1.83524
1.90947
1.90933
1.90925
1.9092
1.90916
1.90914
1.90912
1.9091
1.90909
1.90908
1.90907
1.90907
1.90906
1.90906
1.90905
1.90905
1.90905
1.90905
1.90904
1.90904
1.90904
1.90904
1.90904
1.90904
1.90904
1.90904
1.90904
1.90904
1.90904
1.90904
1.90904
1.90904
1.90904
1.90904
1.90904
1.90904
1.90904
1.90904
1.90904
1.90904
1.90904
1.90904
1.90905
1.90905
1.90905
1.90905
1.90906
1.90906
1.90907
1.90907
1.90908
1.90909
1.9091
1.90912
1.90914
1.90916
1.9092
1.90925
1.90933
1.90947
1.97976
1.97961
1.97954
1.97948
1.97945
1.97942
1.9794
1.97939
1.97937
1.97936
1.97935
1.97935
1.97934
1.97934
1.97933
1.97933
1.97933
1.97933
1.97932
1.97932
1.97932
1.97932
1.97932
1.97932
1.97932
1.97932
1.97932
1.97932
1.97931
1.97931
1.97931
1.97931
1.97932
1.97932
1.97932
1.97932
1.97932
1.97932
1.97932
1.97932
1.97932
1.97932
1.97933
1.97933
1.97933
1.97933
1.97934
1.97934
1.97935
1.97935
1.97936
1.97937
1.97939
1.9794
1.97942
1.97945
1.97948
1.97954
1.97961
1.97976
2.047
2.04686
2.04678
2.04672
2.04669
2.04666
2.04664
2.04662
2.04661
2.0466
2.04659
2.04658
2.04658
2.04657
2.04657
2.04657
2.04656
2.04656
2.04656
2.04656
2.04656
2.04655
2.04655
2.04655
2.04655
2.04655
2.04655
2.04655
2.04655
2.04655
2.04655
2.04655
2.04655
2.04655
2.04655
2.04655
2.04655
2.04655
2.04655
2.04656
2.04656
2.04656
2.04656
2.04656
2.04657
2.04657
2.04657
2.04658
2.04658
2.04659
2.0466
2.04661
2.04662
2.04664
2.04666
2.04669
2.04672
2.04678
2.04686
2.047
2.11185
2.11171
2.11163
2.11158
2.11154
2.11151
2.11149
2.11148
2.11146
2.11145
2.11144
2.11144
2.11143
2.11143
2.11142
2.11142
2.11142
2.11141
2.11141
2.11141
2.11141
2.11141
2.11141
2.1114
2.1114
2.1114
2.1114
2.1114
2.1114
2.1114
2.1114
2.1114
2.1114
2.1114
2.1114
2.1114
2.1114
2.11141
2.11141
2.11141
2.11141
2.11141
2.11141
2.11142
2.11142
2.11142
2.11143
2.11143
2.11144
2.11144
2.11145
2.11146
2.11148
2.11149
2.11151
2.11154
2.11158
2.11163
2.11171
2.11185
2.17484
2.1747
2.17462
2.17456
2.17452
2.1745
2.17447
2.17446
2.17444
2.17443
2.17443
2.17442
2.17441
2.17441
2.1744
2.1744
2.1744
2.1744
2.17439
2.17439
2.17439
2.17439
2.17439
2.17439
2.17439
2.17439
2.17438
2.17438
2.17438
2.17438
2.17438
2.17438
2.17438
2.17438
2.17439
2.17439
2.17439
2.17439
2.17439
2.17439
2.17439
2.17439
2.1744
2.1744
2.1744
2.1744
2.17441
2.17441
2.17442
2.17443
2.17443
2.17444
2.17446
2.17447
2.1745
2.17452
2.17456
2.17462
2.1747
2.17484
2.23636
2.23622
2.23614
2.23608
2.23605
2.23602
2.23599
2.23598
2.23596
2.23595
2.23594
2.23594
2.23593
2.23593
2.23592
2.23592
2.23592
2.23591
2.23591
2.23591
2.23591
2.23591
2.23591
2.23591
2.2359
2.2359
2.2359
2.2359
2.2359
2.2359
2.2359
2.2359
2.2359
2.2359
2.2359
2.2359
2.23591
2.23591
2.23591
2.23591
2.23591
2.23591
2.23591
2.23592
2.23592
2.23592
2.23593
2.23593
2.23594
2.23594
2.23595
2.23596
2.23598
2.23599
2.23602
2.23605
2.23608
2.23614
2.23622
2.23636
2.29675
2.29662
2.29653
2.29648
2.29644
2.29641
2.29639
2.29637
2.29636
2.29634
2.29634
2.29633
2.29632
2.29632
2.29631
2.29631
2.29631
2.2963
2.2963
2.2963
2.2963
2.2963
2.2963
2.2963
2.29629
2.29629
2.29629
2.29629
2.29629
2.29629
2.29629
2.29629
2.29629
2.29629
2.29629
2.29629
2.2963
2.2963
2.2963
2.2963
2.2963
2.2963
2.2963
2.29631
2.29631
2.29631
2.29632
2.29632
2.29633
2.29634
2.29634
2.29636
2.29637
2.29639
2.29641
2.29644
2.29648
2.29653
2.29662
2.29675
2.3563
2.35616
2.35608
2.35602
2.35598
2.35595
2.35593
2.35591
2.3559
2.35589
2.35588
2.35587
2.35586
2.35586
2.35586
2.35585
2.35585
2.35585
2.35584
2.35584
2.35584
2.35584
2.35584
2.35584
2.35584
2.35584
2.35584
2.35583
2.35583
2.35583
2.35583
2.35583
2.35583
2.35584
2.35584
2.35584
2.35584
2.35584
2.35584
2.35584
2.35584
2.35584
2.35585
2.35585
2.35585
2.35586
2.35586
2.35586
2.35587
2.35588
2.35589
2.3559
2.35591
2.35593
2.35595
2.35598
2.35602
2.35608
2.35616
2.3563
2.41523
2.4151
2.41501
2.41496
2.41491
2.41488
2.41486
2.41484
2.41483
2.41482
2.41481
2.4148
2.4148
2.41479
2.41479
2.41478
2.41478
2.41478
2.41478
2.41477
2.41477
2.41477
2.41477
2.41477
2.41477
2.41477
2.41477
2.41477
2.41477
2.41477
2.41477
2.41477
2.41477
2.41477
2.41477
2.41477
2.41477
2.41477
2.41477
2.41477
2.41477
2.41478
2.41478
2.41478
2.41478
2.41479
2.41479
2.4148
2.4148
2.41481
2.41482
2.41483
2.41484
2.41486
2.41488
2.41491
2.41496
2.41501
2.4151
2.41523
2.47376
2.47363
2.47354
2.47349
2.47345
2.47342
2.47339
2.47337
2.47336
2.47335
2.47334
2.47333
2.47333
2.47332
2.47332
2.47331
2.47331
2.47331
2.47331
2.4733
2.4733
2.4733
2.4733
2.4733
2.4733
2.4733
2.4733
2.4733
2.4733
2.4733
2.4733
2.4733
2.4733
2.4733
2.4733
2.4733
2.4733
2.4733
2.4733
2.4733
2.4733
2.47331
2.47331
2.47331
2.47331
2.47332
2.47332
2.47333
2.47333
2.47334
2.47335
2.47336
2.47337
2.47339
2.47342
2.47345
2.47349
2.47354
2.47363
2.47376
2.53207
2.53194
2.53185
2.5318
2.53176
2.53173
2.5317
2.53169
2.53167
2.53166
2.53165
2.53164
2.53164
2.53163
2.53163
2.53162
2.53162
2.53162
2.53162
2.53161
2.53161
2.53161
2.53161
2.53161
2.53161
2.53161
2.53161
2.53161
2.53161
2.53161
2.53161
2.53161
2.53161
2.53161
2.53161
2.53161
2.53161
2.53161
2.53161
2.53161
2.53161
2.53162
2.53162
2.53162
2.53162
2.53163
2.53163
2.53164
2.53164
2.53165
2.53166
2.53167
2.53169
2.5317
2.53173
2.53176
2.5318
2.53185
2.53194
2.53207
2.59032
2.59019
2.59011
2.59005
2.59001
2.58998
2.58996
2.58994
2.58992
2.58991
2.5899
2.5899
2.58989
2.58988
2.58988
2.58988
2.58987
2.58987
2.58987
2.58987
2.58986
2.58986
2.58986
2.58986
2.58986
2.58986
2.58986
2.58986
2.58986
2.58986
2.58986
2.58986
2.58986
2.58986
2.58986
2.58986
2.58986
2.58986
2.58986
2.58986
2.58987
2.58987
2.58987
2.58987
2.58988
2.58988
2.58988
2.58989
2.5899
2.5899
2.58991
2.58992
2.58994
2.58996
2.58998
2.59001
2.59005
2.59011
2.59019
2.59032
2.64866
2.64854
2.64845
2.64839
2.64835
2.64832
2.6483
2.64828
2.64827
2.64825
2.64824
2.64824
2.64823
2.64823
2.64822
2.64822
2.64821
2.64821
2.64821
2.64821
2.64821
2.6482
2.6482
2.6482
2.6482
2.6482
2.6482
2.6482
2.6482
2.6482
2.6482
2.6482
2.6482
2.6482
2.6482
2.6482
2.6482
2.6482
2.6482
2.64821
2.64821
2.64821
2.64821
2.64821
2.64822
2.64822
2.64823
2.64823
2.64824
2.64824
2.64825
2.64827
2.64828
2.6483
2.64832
2.64835
2.64839
2.64845
2.64854
2.64866
2.70723
2.7071
2.70702
2.70696
2.70692
2.70689
2.70686
2.70685
2.70683
2.70682
2.70681
2.7068
2.7068
2.70679
2.70679
2.70678
2.70678
2.70678
2.70678
2.70677
2.70677
2.70677
2.70677
2.70677
2.70677
2.70677
2.70677
2.70677
2.70677
2.70677
2.70677
2.70677
2.70677
2.70677
2.70677
2.70677
2.70677
2.70677
2.70677
2.70677
2.70677
2.70678
2.70678
2.70678
2.70678
2.70679
2.70679
2.7068
2.7068
2.70681
2.70682
2.70683
2.70685
2.70686
2.70689
2.70692
2.70696
2.70702
2.7071
2.70723
2.76614
2.76602
2.76593
2.76588
2.76583
2.7658
2.76578
2.76576
2.76575
2.76573
2.76572
2.76572
2.76571
2.76571
2.7657
2.7657
2.76569
2.76569
2.76569
2.76569
2.76569
2.76568
2.76568
2.76568
2.76568
2.76568
2.76568
2.76568
2.76568
2.76568
2.76568
2.76568
2.76568
2.76568
2.76568
2.76568
2.76568
2.76568
2.76568
2.76569
2.76569
2.76569
2.76569
2.76569
2.7657
2.7657
2.76571
2.76571
2.76572
2.76572
2.76573
2.76575
2.76576
2.76578
2.7658
2.76583
2.76588
2.76593
2.76602
2.76614
2.82551
2.8254
2.82531
2.82526
2.82521
2.82518
2.82516
2.82514
2.82512
2.82511
2.8251
2.82509
2.82509
2.82508
2.82508
2.82507
2.82507
2.82507
2.82507
2.82506
2.82506
2.82506
2.82506
2.82506
2.82506
2.82506
2.82506
2.82506
2.82506
2.82506
2.82506
2.82506
2.82506
2.82506
2.82506
2.82506
2.82506
2.82506
2.82506
2.82506
2.82506
2.82507
2.82507
2.82507
2.82507
2.82508
2.82508
2.82509
2.82509
2.8251
2.82511
2.82512
2.82514
2.82516
2.82518
2.82521
2.82526
2.82531
2.8254
2.82551
2.88546
2.88535
2.88526
2.88521
2.88516
2.88513
2.88511
2.88509
2.88507
2.88506
2.88505
2.88505
2.88504
2.88503
2.88503
2.88503
2.88502
2.88502
2.88502
2.88502
2.88501
2.88501
2.88501
2.88501
2.88501
2.88501
2.88501
2.88501
2.88501
2.88501
2.88501
2.88501
2.88501
2.88501
2.88501
2.88501
2.88501
2.88501
2.88501
2.88501
2.88502
2.88502
2.88502
2.88502
2.88503
2.88503
2.88503
2.88504
2.88505
2.88505
2.88506
2.88507
2.88509
2.88511
2.88513
2.88516
2.88521
2.88526
2.88535
2.88546
2.94609
2.94598
2.94589
2.94583
2.94579
2.94576
2.94574
2.94572
2.9457
2.94569
2.94568
2.94567
2.94567
2.94566
2.94566
2.94565
2.94565
2.94565
2.94564
2.94564
2.94564
2.94564
2.94564
2.94564
2.94564
2.94564
2.94564
2.94564
2.94564
2.94564
2.94564
2.94564
2.94564
2.94564
2.94564
2.94564
2.94564
2.94564
2.94564
2.94564
2.94564
2.94564
2.94565
2.94565
2.94565
2.94566
2.94566
2.94567
2.94567
2.94568
2.94569
2.9457
2.94572
2.94574
2.94576
2.94579
2.94583
2.94589
2.94598
2.94609
3.00749
3.00738
3.0073
3.00724
3.0072
3.00716
3.00714
3.00712
3.00711
3.00709
3.00708
3.00708
3.00707
3.00706
3.00706
3.00706
3.00705
3.00705
3.00705
3.00705
3.00704
3.00704
3.00704
3.00704
3.00704
3.00704
3.00704
3.00704
3.00704
3.00704
3.00704
3.00704
3.00704
3.00704
3.00704
3.00704
3.00704
3.00704
3.00704
3.00704
3.00705
3.00705
3.00705
3.00705
3.00706
3.00706
3.00706
3.00707
3.00708
3.00708
3.00709
3.00711
3.00712
3.00714
3.00716
3.0072
3.00724
3.0073
3.00738
3.00749
3.06976
3.06965
3.06957
3.06951
3.06947
3.06944
3.06942
3.0694
3.06938
3.06937
3.06936
3.06935
3.06934
3.06934
3.06933
3.06933
3.06933
3.06933
3.06932
3.06932
3.06932
3.06932
3.06932
3.06932
3.06932
3.06932
3.06931
3.06931
3.06931
3.06931
3.06931
3.06931
3.06931
3.06931
3.06932
3.06932
3.06932
3.06932
3.06932
3.06932
3.06932
3.06932
3.06933
3.06933
3.06933
3.06933
3.06934
3.06934
3.06935
3.06936
3.06937
3.06938
3.0694
3.06942
3.06944
3.06947
3.06951
3.06957
3.06965
3.06976
3.133
3.13289
3.13281
3.13275
3.13271
3.13268
3.13265
3.13264
3.13262
3.13261
3.1326
3.13259
3.13258
3.13258
3.13257
3.13257
3.13257
3.13256
3.13256
3.13256
3.13256
3.13256
3.13256
3.13256
3.13255
3.13255
3.13255
3.13255
3.13255
3.13255
3.13255
3.13255
3.13255
3.13255
3.13255
3.13255
3.13256
3.13256
3.13256
3.13256
3.13256
3.13256
3.13256
3.13257
3.13257
3.13257
3.13258
3.13258
3.13259
3.1326
3.13261
3.13262
3.13264
3.13265
3.13268
3.13271
3.13275
3.13281
3.13289
3.133
3.19729
3.19719
3.19711
3.19705
3.19701
3.19697
3.19695
3.19693
3.19691
3.1969
3.19689
3.19688
3.19688
3.19687
3.19687
3.19686
3.19686
3.19686
3.19686
3.19685
3.19685
3.19685
3.19685
3.19685
3.19685
3.19685
3.19685
3.19685
3.19685
3.19685
3.19685
3.19685
3.19685
3.19685
3.19685
3.19685
3.19685
3.19685
3.19685
3.19685
3.19685
3.19686
3.19686
3.19686
3.19686
3.19687
3.19687
3.19688
3.19688
3.19689
3.1969
3.19691
3.19693
3.19695
3.19697
3.19701
3.19705
3.19711
3.19719
3.19729
3.26272
3.26262
3.26254
3.26249
3.26244
3.26241
3.26239
3.26237
3.26235
3.26234
3.26233
3.26232
3.26231
3.26231
3.2623
3.2623
3.2623
3.2623
3.26229
3.26229
3.26229
3.26229
3.26229
3.26229
3.26229
3.26229
3.26229
3.26228
3.26228
3.26228
3.26228
3.26228
3.26228
3.26229
3.26229
3.26229
3.26229
3.26229
3.26229
3.26229
3.26229
3.26229
3.2623
3.2623
3.2623
3.2623
3.26231
3.26231
3.26232
3.26233
3.26234
3.26235
3.26237
3.26239
3.26241
3.26244
3.26249
3.26254
3.26262
3.26272
3.32938
3.32929
3.32921
3.32915
3.32911
3.32908
3.32905
3.32903
3.32902
3.32901
3.329
3.32899
3.32898
3.32898
3.32897
3.32897
3.32897
3.32896
3.32896
3.32896
3.32896
3.32896
3.32896
3.32895
3.32895
3.32895
3.32895
3.32895
3.32895
3.32895
3.32895
3.32895
3.32895
3.32895
3.32895
3.32895
3.32895
3.32896
3.32896
3.32896
3.32896
3.32896
3.32896
3.32897
3.32897
3.32897
3.32898
3.32898
3.32899
3.329
3.32901
3.32902
3.32903
3.32905
3.32908
3.32911
3.32915
3.32921
3.32929
3.32938
3.39737
3.39727
3.3972
3.39714
3.3971
3.39706
3.39704
3.39702
3.397
3.39699
3.39698
3.39697
3.39697
3.39696
3.39696
3.39695
3.39695
3.39695
3.39695
3.39694
3.39694
3.39694
3.39694
3.39694
3.39694
3.39694
3.39694
3.39694
3.39694
3.39694
3.39694
3.39694
3.39694
3.39694
3.39694
3.39694
3.39694
3.39694
3.39694
3.39694
3.39694
3.39695
3.39695
3.39695
3.39695
3.39696
3.39696
3.39697
3.39697
3.39698
3.39699
3.397
3.39702
3.39704
3.39706
3.3971
3.39714
3.3972
3.39727
3.39737
3.46675
3.46666
3.46658
3.46653
3.46648
3.46645
3.46643
3.46641
3.46639
3.46638
3.46637
3.46636
3.46635
3.46635
3.46634
3.46634
3.46634
3.46633
3.46633
3.46633
3.46633
3.46633
3.46633
3.46633
3.46633
3.46633
3.46633
3.46632
3.46632
3.46632
3.46632
3.46632
3.46632
3.46633
3.46633
3.46633
3.46633
3.46633
3.46633
3.46633
3.46633
3.46633
3.46633
3.46634
3.46634
3.46634
3.46635
3.46635
3.46636
3.46637
3.46638
3.46639
3.46641
3.46643
3.46645
3.46648
3.46653
3.46658
3.46666
3.46675
3.53762
3.53753
3.53746
3.5374
3.53736
3.53733
3.5373
3.53728
3.53727
3.53725
3.53724
3.53724
3.53723
3.53722
3.53722
3.53722
3.53721
3.53721
3.53721
3.53721
3.5372
3.5372
3.5372
3.5372
3.5372
3.5372
3.5372
3.5372
3.5372
3.5372
3.5372
3.5372
3.5372
3.5372
3.5372
3.5372
3.5372
3.5372
3.5372
3.5372
3.53721
3.53721
3.53721
3.53721
3.53722
3.53722
3.53722
3.53723
3.53724
3.53724
3.53725
3.53727
3.53728
3.5373
3.53733
3.53736
3.5374
3.53746
3.53753
3.53762
3.61006
3.60998
3.6099
3.60985
3.60981
3.60977
3.60975
3.60973
3.60971
3.6097
3.60969
3.60968
3.60968
3.60967
3.60967
3.60966
3.60966
3.60966
3.60966
3.60965
3.60965
3.60965
3.60965
3.60965
3.60965
3.60965
3.60965
3.60965
3.60965
3.60965
3.60965
3.60965
3.60965
3.60965
3.60965
3.60965
3.60965
3.60965
3.60965
3.60965
3.60965
3.60966
3.60966
3.60966
3.60966
3.60967
3.60967
3.60968
3.60968
3.60969
3.6097
3.60971
3.60973
3.60975
3.60977
3.60981
3.60985
3.6099
3.60998
3.61006
3.68416
3.68408
3.68401
3.68395
3.68391
3.68388
3.68385
3.68383
3.68382
3.68381
3.6838
3.68379
3.68378
3.68378
3.68377
3.68377
3.68377
3.68376
3.68376
3.68376
3.68376
3.68376
3.68376
3.68375
3.68375
3.68375
3.68375
3.68375
3.68375
3.68375
3.68375
3.68375
3.68375
3.68375
3.68375
3.68375
3.68375
3.68376
3.68376
3.68376
3.68376
3.68376
3.68376
3.68377
3.68377
3.68377
3.68378
3.68378
3.68379
3.6838
3.68381
3.68382
3.68383
3.68385
3.68388
3.68391
3.68395
3.68401
3.68408
3.68416
3.76001
3.75993
3.75986
3.7598
3.75976
3.75973
3.7597
3.75968
3.75967
3.75965
3.75964
3.75964
3.75963
3.75962
3.75962
3.75962
3.75961
3.75961
3.75961
3.75961
3.75961
3.75961
3.7596
3.7596
3.7596
3.7596
3.7596
3.7596
3.7596
3.7596
3.7596
3.7596
3.7596
3.7596
3.7596
3.7596
3.7596
3.7596
3.75961
3.75961
3.75961
3.75961
3.75961
3.75961
3.75962
3.75962
3.75962
3.75963
3.75964
3.75964
3.75965
3.75967
3.75968
3.7597
3.75973
3.75976
3.7598
3.75986
3.75993
3.76001
3.83768
3.8376
3.83753
3.83748
3.83744
3.83741
3.83738
3.83736
3.83735
3.83733
3.83732
3.83731
3.83731
3.8373
3.8373
3.83729
3.83729
3.83729
3.83729
3.83729
3.83728
3.83728
3.83728
3.83728
3.83728
3.83728
3.83728
3.83728
3.83728
3.83728
3.83728
3.83728
3.83728
3.83728
3.83728
3.83728
3.83728
3.83728
3.83728
3.83728
3.83729
3.83729
3.83729
3.83729
3.83729
3.8373
3.8373
3.83731
3.83731
3.83732
3.83733
3.83735
3.83736
3.83738
3.83741
3.83744
3.83748
3.83753
3.8376
3.83768
3.91726
3.91719
3.91713
3.91707
3.91703
3.917
3.91697
3.91695
3.91694
3.91693
3.91692
3.91691
3.9169
3.9169
3.91689
3.91689
3.91688
3.91688
3.91688
3.91688
3.91688
3.91688
3.91688
3.91687
3.91687
3.91687
3.91687
3.91687
3.91687
3.91687
3.91687
3.91687
3.91687
3.91687
3.91687
3.91687
3.91687
3.91688
3.91688
3.91688
3.91688
3.91688
3.91688
3.91688
3.91689
3.91689
3.9169
3.9169
3.91691
3.91692
3.91693
3.91694
3.91695
3.91697
3.917
3.91703
3.91707
3.91713
3.91719
3.91726
3.99885
3.99879
3.99872
3.99867
3.99863
3.99859
3.99857
3.99855
3.99853
3.99852
3.99851
3.9985
3.9985
3.99849
3.99849
3.99848
3.99848
3.99848
3.99848
3.99847
3.99847
3.99847
3.99847
3.99847
3.99847
3.99847
3.99847
3.99847
3.99847
3.99847
3.99847
3.99847
3.99847
3.99847
3.99847
3.99847
3.99847
3.99847
3.99847
3.99847
3.99847
3.99848
3.99848
3.99848
3.99848
3.99849
3.99849
3.9985
3.9985
3.99851
3.99852
3.99853
3.99855
3.99857
3.99859
3.99863
3.99867
3.99872
3.99879
3.99885
4.08253
4.08247
4.0824
4.08235
4.08231
4.08228
4.08226
4.08224
4.08222
4.08221
4.0822
4.08219
4.08218
4.08218
4.08217
4.08217
4.08217
4.08216
4.08216
4.08216
4.08216
4.08216
4.08216
4.08216
4.08216
4.08216
4.08216
4.08216
4.08216
4.08216
4.08216
4.08216
4.08216
4.08216
4.08216
4.08216
4.08216
4.08216
4.08216
4.08216
4.08216
4.08216
4.08216
4.08217
4.08217
4.08217
4.08218
4.08218
4.08219
4.0822
4.08221
4.08222
4.08224
4.08226
4.08228
4.08231
4.08235
4.0824
4.08247
4.08253
4.16839
4.16833
4.16827
4.16822
4.16818
4.16815
4.16812
4.1681
4.16809
4.16807
4.16806
4.16805
4.16805
4.16804
4.16804
4.16804
4.16803
4.16803
4.16803
4.16803
4.16803
4.16802
4.16802
4.16802
4.16802
4.16802
4.16802
4.16802
4.16802
4.16802
4.16802
4.16802
4.16802
4.16802
4.16802
4.16802
4.16802
4.16802
4.16802
4.16803
4.16803
4.16803
4.16803
4.16803
4.16804
4.16804
4.16804
4.16805
4.16805
4.16806
4.16807
4.16809
4.1681
4.16812
4.16815
4.16818
4.16822
4.16827
4.16833
4.16839
4.25652
4.25646
4.2564
4.25635
4.25631
4.25628
4.25626
4.25624
4.25622
4.25621
4.2562
4.25619
4.25618
4.25618
4.25617
4.25617
4.25617
4.25617
4.25616
4.25616
4.25616
4.25616
4.25616
4.25616
4.25616
4.25616
4.25616
4.25616
4.25616
4.25616
4.25616
4.25616
4.25616
4.25616
4.25616
4.25616
4.25616
4.25616
4.25616
4.25616
4.25616
4.25616
4.25617
4.25617
4.25617
4.25617
4.25618
4.25618
4.25619
4.2562
4.25621
4.25622
4.25624
4.25626
4.25628
4.25631
4.25635
4.2564
4.25646
4.25652
4.34701
4.34696
4.3469
4.34685
4.34681
4.34678
4.34675
4.34673
4.34672
4.3467
4.34669
4.34669
4.34668
4.34667
4.34667
4.34667
4.34666
4.34666
4.34666
4.34666
4.34666
4.34666
4.34666
4.34666
4.34666
4.34666
4.34666
4.34665
4.34665
4.34665
4.34665
4.34665
4.34665
4.34666
4.34666
4.34666
4.34666
4.34666
4.34666
4.34666
4.34666
4.34666
4.34666
4.34666
4.34667
4.34667
4.34667
4.34668
4.34669
4.34669
4.3467
4.34672
4.34673
4.34675
4.34678
4.34681
4.34685
4.3469
4.34696
4.34701
4.43996
4.4399
4.43984
4.4398
4.43976
4.43973
4.4397
4.43968
4.43967
4.43965
4.43964
4.43964
4.43963
4.43963
4.43962
4.43962
4.43962
4.43961
4.43961
4.43961
4.43961
4.43961
4.43961
4.43961
4.43961
4.43961
4.43961
4.43961
4.43961
4.43961
4.43961
4.43961
4.43961
4.43961
4.43961
4.43961
4.43961
4.43961
4.43961
4.43961
4.43961
4.43961
4.43961
4.43962
4.43962
4.43962
4.43963
4.43963
4.43964
4.43964
4.43965
4.43967
4.43968
4.4397
4.43973
4.43976
4.4398
4.43984
4.4399
4.43996
4.53545
4.5354
4.53534
4.53529
4.53525
4.53522
4.5352
4.53518
4.53517
4.53515
4.53514
4.53513
4.53513
4.53512
4.53512
4.53512
4.53511
4.53511
4.53511
4.53511
4.53511
4.53511
4.53511
4.53511
4.53511
4.5351
4.5351
4.5351
4.5351
4.5351
4.5351
4.5351
4.5351
4.5351
4.5351
4.53511
4.53511
4.53511
4.53511
4.53511
4.53511
4.53511
4.53511
4.53511
4.53512
4.53512
4.53512
4.53513
4.53513
4.53514
4.53515
4.53517
4.53518
4.5352
4.53522
4.53525
4.53529
4.53534
4.5354
4.53545
4.63358
4.63353
4.63348
4.63343
4.6334
4.63337
4.63334
4.63332
4.63331
4.63329
4.63328
4.63328
4.63327
4.63327
4.63326
4.63326
4.63326
4.63325
4.63325
4.63325
4.63325
4.63325
4.63325
4.63325
4.63325
4.63325
4.63325
4.63325
4.63325
4.63325
4.63325
4.63325
4.63325
4.63325
4.63325
4.63325
4.63325
4.63325
4.63325
4.63325
4.63325
4.63325
4.63325
4.63326
4.63326
4.63326
4.63327
4.63327
4.63328
4.63328
4.63329
4.63331
4.63332
4.63334
4.63337
4.6334
4.63343
4.63348
4.63353
4.63358
4.73446
4.73441
4.73436
4.73431
4.73428
4.73425
4.73422
4.7342
4.73419
4.73418
4.73417
4.73416
4.73415
4.73415
4.73414
4.73414
4.73414
4.73414
4.73413
4.73413
4.73413
4.73413
4.73413
4.73413
4.73413
4.73413
4.73413
4.73413
4.73413
4.73413
4.73413
4.73413
4.73413
4.73413
4.73413
4.73413
4.73413
4.73413
4.73413
4.73413
4.73413
4.73413
4.73414
4.73414
4.73414
4.73414
4.73415
4.73415
4.73416
4.73417
4.73418
4.73419
4.7342
4.73422
4.73425
4.73428
4.73431
4.73436
4.73441
4.73446
4.83817
4.83813
4.83808
4.83803
4.838
4.83797
4.83795
4.83793
4.83791
4.8379
4.83789
4.83788
4.83788
4.83787
4.83787
4.83786
4.83786
4.83786
4.83786
4.83786
4.83786
4.83785
4.83785
4.83785
4.83785
4.83785
4.83785
4.83785
4.83785
4.83785
4.83785
4.83785
4.83785
4.83785
4.83785
4.83785
4.83785
4.83785
4.83785
4.83786
4.83786
4.83786
4.83786
4.83786
4.83786
4.83787
4.83787
4.83788
4.83788
4.83789
4.8379
4.83791
4.83793
4.83795
4.83797
4.838
4.83803
4.83808
4.83813
4.83817
4.94483
4.94479
4.94474
4.94469
4.94466
4.94463
4.94461
4.94459
4.94457
4.94456
4.94455
4.94454
4.94454
4.94453
4.94453
4.94453
4.94452
4.94452
4.94452
4.94452
4.94452
4.94452
4.94452
4.94452
4.94452
4.94452
4.94452
4.94452
4.94452
4.94452
4.94452
4.94452
4.94452
4.94452
4.94452
4.94452
4.94452
4.94452
4.94452
4.94452
4.94452
4.94452
4.94452
4.94452
4.94453
4.94453
4.94453
4.94454
4.94454
4.94455
4.94456
4.94457
4.94459
4.94461
4.94463
4.94466
4.94469
4.94474
4.94479
4.94483
5.05453
5.05449
5.05444
5.0544
5.05437
5.05434
5.05431
5.0543
5.05428
5.05427
5.05426
5.05425
5.05425
5.05424
5.05424
5.05423
5.05423
5.05423
5.05423
5.05423
5.05423
5.05423
5.05423
5.05423
5.05423
5.05423
5.05423
5.05423
5.05423
5.05423
5.05423
5.05423
5.05423
5.05423
5.05423
5.05423
5.05423
5.05423
5.05423
5.05423
5.05423
5.05423
5.05423
5.05423
5.05423
5.05424
5.05424
5.05425
5.05425
5.05426
5.05427
5.05428
5.0543
5.05431
5.05434
5.05437
5.0544
5.05444
5.05449
5.05453
5.16737
5.16734
5.16729
5.16725
5.16722
5.16719
5.16717
5.16715
5.16714
5.16713
5.16712
5.16711
5.1671
5.1671
5.16709
5.16709
5.16709
5.16709
5.16709
5.16708
5.16708
5.16708
5.16708
5.16708
5.16708
5.16708
5.16708
5.16708
5.16708
5.16708
5.16708
5.16708
5.16708
5.16708
5.16708
5.16708
5.16708
5.16708
5.16708
5.16708
5.16708
5.16709
5.16709
5.16709
5.16709
5.16709
5.1671
5.1671
5.16711
5.16712
5.16713
5.16714
5.16715
5.16717
5.16719
5.16722
5.16725
5.16729
5.16734
5.16737
5.28348
5.28344
5.2834
5.28336
5.28333
5.2833
5.28328
5.28326
5.28325
5.28324
5.28323
5.28322
5.28322
5.28321
5.28321
5.2832
5.2832
5.2832
5.2832
5.2832
5.2832
5.2832
5.2832
5.2832
5.2832
5.2832
5.2832
5.2832
5.2832
5.2832
5.2832
5.2832
5.2832
5.2832
5.2832
5.2832
5.2832
5.2832
5.2832
5.2832
5.2832
5.2832
5.2832
5.2832
5.2832
5.28321
5.28321
5.28322
5.28322
5.28323
5.28324
5.28325
5.28326
5.28328
5.2833
5.28333
5.28336
5.2834
5.28344
5.28348
5.40295
5.40292
5.40288
5.40284
5.40281
5.40278
5.40276
5.40274
5.40273
5.40272
5.40271
5.4027
5.40269
5.40269
5.40269
5.40268
5.40268
5.40268
5.40268
5.40268
5.40268
5.40268
5.40268
5.40268
5.40268
5.40268
5.40268
5.40268
5.40268
5.40268
5.40268
5.40268
5.40268
5.40268
5.40268
5.40268
5.40268
5.40268
5.40268
5.40268
5.40268
5.40268
5.40268
5.40268
5.40268
5.40269
5.40269
5.40269
5.4027
5.40271
5.40272
5.40273
5.40274
5.40276
5.40278
5.40281
5.40284
5.40288
5.40292
5.40295
5.52589
5.52586
5.52583
5.52579
5.52576
5.52573
5.52571
5.5257
5.52568
5.52567
5.52566
5.52566
5.52565
5.52565
5.52564
5.52564
5.52564
5.52564
5.52563
5.52563
5.52563
5.52563
5.52563
5.52563
5.52563
5.52563
5.52563
5.52563
5.52563
5.52563
5.52563
5.52563
5.52563
5.52563
5.52563
5.52563
5.52563
5.52563
5.52563
5.52563
5.52563
5.52563
5.52564
5.52564
5.52564
5.52564
5.52565
5.52565
5.52566
5.52566
5.52567
5.52568
5.5257
5.52571
5.52573
5.52576
5.52579
5.52583
5.52586
5.52589
5.65243
5.65241
5.65237
5.65234
5.65231
5.65228
5.65226
5.65224
5.65223
5.65222
5.65221
5.6522
5.6522
5.65219
5.65219
5.65219
5.65219
5.65218
5.65218
5.65218
5.65218
5.65218
5.65218
5.65218
5.65218
5.65218
5.65218
5.65218
5.65218
5.65218
5.65218
5.65218
5.65218
5.65218
5.65218
5.65218
5.65218
5.65218
5.65218
5.65218
5.65218
5.65218
5.65218
5.65219
5.65219
5.65219
5.65219
5.6522
5.6522
5.65221
5.65222
5.65223
5.65224
5.65226
5.65228
5.65231
5.65234
5.65237
5.65241
5.65243
5.78268
5.78266
5.78262
5.78259
5.78256
5.78254
5.78252
5.7825
5.78249
5.78248
5.78247
5.78246
5.78246
5.78245
5.78245
5.78245
5.78244
5.78244
5.78244
5.78244
5.78244
5.78244
5.78244
5.78244
5.78244
5.78244
5.78244
5.78244
5.78244
5.78244
5.78244
5.78244
5.78244
5.78244
5.78244
5.78244
5.78244
5.78244
5.78244
5.78244
5.78244
5.78244
5.78244
5.78244
5.78245
5.78245
5.78245
5.78246
5.78246
5.78247
5.78248
5.78249
5.7825
5.78252
5.78254
5.78256
5.78259
5.78262
5.78266
5.78268
5.91676
5.91674
5.9167
5.91667
5.91665
5.91662
5.9166
5.91659
5.91657
5.91656
5.91655
5.91655
5.91654
5.91654
5.91654
5.91653
5.91653
5.91653
5.91653
5.91653
5.91653
5.91653
5.91653
5.91653
5.91653
5.91653
5.91653
5.91653
5.91653
5.91653
5.91653
5.91653
5.91653
5.91653
5.91653
5.91653
5.91653
5.91653
5.91653
5.91653
5.91653
5.91653
5.91653
5.91653
5.91653
5.91654
5.91654
5.91654
5.91655
5.91655
5.91656
5.91657
5.91659
5.9166
5.91662
5.91665
5.91667
5.9167
5.91674
5.91676
6.05479
6.05477
6.05474
6.05471
6.05468
6.05466
6.05464
6.05462
6.05461
6.0546
6.05459
6.05459
6.05458
6.05458
6.05458
6.05457
6.05457
6.05457
6.05457
6.05457
6.05457
6.05457
6.05457
6.05457
6.05457
6.05457
6.05457
6.05457
6.05457
6.05457
6.05457
6.05457
6.05457
6.05457
6.05457
6.05457
6.05457
6.05457
6.05457
6.05457
6.05457
6.05457
6.05457
6.05457
6.05457
6.05458
6.05458
6.05458
6.05459
6.05459
6.0546
6.05461
6.05462
6.05464
6.05466
6.05468
6.05471
6.05474
6.05477
6.05479
6.1969
6.19688
6.19685
6.19682
6.1968
6.19677
6.19676
6.19674
6.19673
6.19672
6.19671
6.1967
6.1967
6.1967
6.19669
6.19669
6.19669
6.19669
6.19669
6.19669
6.19669
6.19669
6.19669
6.19669
6.19669
6.19669
6.19669
6.19669
6.19669
6.19669
6.19669
6.19669
6.19669
6.19669
6.19669
6.19669
6.19669
6.19669
6.19669
6.19669
6.19669
6.19669
6.19669
6.19669
6.19669
6.19669
6.1967
6.1967
6.1967
6.19671
6.19672
6.19673
6.19674
6.19676
6.19677
6.1968
6.19682
6.19685
6.19688
6.1969
6.34321
6.3432
6.34317
6.34314
6.34312
6.3431
6.34308
6.34306
6.34305
6.34304
6.34304
6.34303
6.34302
6.34302
6.34302
6.34302
6.34302
6.34301
6.34301
6.34301
6.34301
6.34301
6.34301
6.34301
6.34301
6.34301
6.34301
6.34301
6.34302
6.34302
6.34302
6.34302
6.34301
6.34301
6.34301
6.34301
6.34301
6.34301
6.34301
6.34301
6.34301
6.34301
6.34301
6.34302
6.34302
6.34302
6.34302
6.34302
6.34303
6.34304
6.34304
6.34305
6.34306
6.34308
6.3431
6.34312
6.34314
6.34317
6.3432
6.34321
6.49387
6.49385
6.49383
6.4938
6.49378
6.49376
6.49374
6.49373
6.49372
6.49371
6.4937
6.49369
6.49369
6.49369
6.49368
6.49368
6.49368
6.49368
6.49368
6.49368
6.49368
6.49368
6.49368
6.49368
6.49368
6.49368
6.49368
6.49368
6.49368
6.49368
6.49368
6.49368
6.49368
6.49368
6.49368
6.49368
6.49368
6.49368
6.49368
6.49368
6.49368
6.49368
6.49368
6.49368
6.49368
6.49368
6.49369
6.49369
6.49369
6.4937
6.49371
6.49372
6.49373
6.49374
6.49376
6.49378
6.4938
6.49383
6.49385
6.49387
6.649
6.64898
6.64896
6.64894
6.64892
6.6489
6.64888
6.64887
6.64885
6.64885
6.64884
6.64883
6.64883
6.64883
6.64882
6.64882
6.64882
6.64882
6.64882
6.64882
6.64882
6.64882
6.64882
6.64882
6.64882
6.64882
6.64882
6.64882
6.64882
6.64882
6.64882
6.64882
6.64882
6.64882
6.64882
6.64882
6.64882
6.64882
6.64882
6.64882
6.64882
6.64882
6.64882
6.64882
6.64882
6.64882
6.64883
6.64883
6.64883
6.64884
6.64885
6.64885
6.64887
6.64888
6.6489
6.64892
6.64894
6.64896
6.64898
6.649
6.80875
6.80873
6.80871
6.80869
6.80867
6.80865
6.80863
6.80862
6.80861
6.8086
6.80859
6.80859
6.80858
6.80858
6.80858
6.80858
6.80858
6.80858
6.80858
6.80858
6.80858
6.80858
6.80858
6.80858
6.80858
6.80858
6.80858
6.80858
6.80858
6.80858
6.80858
6.80858
6.80858
6.80858
6.80858
6.80858
6.80858
6.80858
6.80858
6.80858
6.80858
6.80858
6.80858
6.80858
6.80858
6.80858
6.80858
6.80858
6.80859
6.80859
6.8086
6.80861
6.80862
6.80863
6.80865
6.80867
6.80869
6.80871
6.80873
6.80875
6.97325
6.97324
6.97322
6.97319
6.97318
6.97316
6.97314
6.97313
6.97312
6.97311
6.97311
6.9731
6.9731
6.97309
6.97309
6.97309
6.97309
6.97309
6.97309
6.97309
6.97309
6.97309
6.97309
6.97309
6.97309
6.97309
6.97309
6.97309
6.97309
6.97309
6.97309
6.97309
6.97309
6.97309
6.97309
6.97309
6.97309
6.97309
6.97309
6.97309
6.97309
6.97309
6.97309
6.97309
6.97309
6.97309
6.97309
6.9731
6.9731
6.97311
6.97311
6.97312
6.97313
6.97314
6.97316
6.97318
6.97319
6.97322
6.97324
6.97325
7.14266
7.14264
7.14263
7.14261
7.14259
7.14257
7.14256
7.14255
7.14254
7.14253
7.14252
7.14252
7.14251
7.14251
7.14251
7.14251
7.14251
7.14251
7.14251
7.14251
7.14251
7.14251
7.14251
7.14251
7.14251
7.14251
7.14251
7.14251
7.14251
7.14251
7.14251
7.14251
7.14251
7.14251
7.14251
7.14251
7.14251
7.14251
7.14251
7.14251
7.14251
7.14251
7.14251
7.14251
7.14251
7.14251
7.14251
7.14251
7.14252
7.14252
7.14253
7.14254
7.14255
7.14256
7.14257
7.14259
7.14261
7.14263
7.14264
7.14266
7.31712
7.31711
7.31709
7.31708
7.31706
7.31704
7.31703
7.31702
7.31701
7.317
7.317
7.31699
7.31699
7.31699
7.31699
7.31698
7.31698
7.31698
7.31698
7.31699
7.31699
7.31699
7.31699
7.31699
7.31699
7.31699
7.31699
7.31699
7.31699
7.31699
7.31699
7.31699
7.31699
7.31699
7.31699
7.31699
7.31699
7.31699
7.31699
7.31699
7.31699
7.31698
7.31698
7.31698
7.31698
7.31699
7.31699
7.31699
7.31699
7.317
7.317
7.31701
7.31702
7.31703
7.31704
7.31706
7.31708
7.31709
7.31711
7.31712
7.4968
7.49679
7.49677
7.49675
7.49674
7.49672
7.49671
7.4967
7.49669
7.49669
7.49668
7.49668
7.49667
7.49667
7.49667
7.49667
7.49667
7.49667
7.49667
7.49667
7.49667
7.49667
7.49667
7.49667
7.49668
7.49668
7.49668
7.49668
7.49668
7.49668
7.49668
7.49668
7.49668
7.49668
7.49668
7.49668
7.49667
7.49667
7.49667
7.49667
7.49667
7.49667
7.49667
7.49667
7.49667
7.49667
7.49667
7.49667
7.49668
7.49668
7.49669
7.49669
7.4967
7.49671
7.49672
7.49674
7.49675
7.49677
7.49679
7.4968
7.68184
7.68183
7.68182
7.6818
7.68179
7.68177
7.68176
7.68175
7.68175
7.68174
7.68173
7.68173
7.68173
7.68173
7.68173
7.68173
7.68173
7.68173
7.68173
7.68173
7.68173
7.68173
7.68173
7.68173
7.68173
7.68173
7.68173
7.68173
7.68173
7.68173
7.68173
7.68173
7.68173
7.68173
7.68173
7.68173
7.68173
7.68173
7.68173
7.68173
7.68173
7.68173
7.68173
7.68173
7.68173
7.68173
7.68173
7.68173
7.68173
7.68173
7.68174
7.68175
7.68175
7.68176
7.68177
7.68179
7.6818
7.68182
7.68183
7.68184
7.87242
7.87241
7.8724
7.87239
7.87237
7.87236
7.87235
7.87234
7.87233
7.87233
7.87232
7.87232
7.87232
7.87232
7.87232
7.87232
7.87232
7.87232
7.87232
7.87232
7.87232
7.87232
7.87232
7.87232
7.87232
7.87233
7.87233
7.87233
7.87233
7.87233
7.87233
7.87233
7.87233
7.87233
7.87233
7.87232
7.87232
7.87232
7.87232
7.87232
7.87232
7.87232
7.87232
7.87232
7.87232
7.87232
7.87232
7.87232
7.87232
7.87232
7.87233
7.87233
7.87234
7.87235
7.87236
7.87237
7.87239
7.8724
7.87241
7.87242
8.0687
8.0687
8.06869
8.06867
8.06866
8.06865
8.06864
8.06863
8.06862
8.06862
8.06862
8.06861
8.06861
8.06861
8.06861
8.06861
8.06861
8.06861
8.06861
8.06861
8.06862
8.06862
8.06862
8.06862
8.06862
8.06862
8.06862
8.06862
8.06862
8.06862
8.06862
8.06862
8.06862
8.06862
8.06862
8.06862
8.06862
8.06862
8.06862
8.06862
8.06861
8.06861
8.06861
8.06861
8.06861
8.06861
8.06861
8.06861
8.06861
8.06862
8.06862
8.06862
8.06863
8.06864
8.06865
8.06866
8.06867
8.06869
8.0687
8.0687
8.27086
8.27086
8.27085
8.27084
8.27082
8.27081
8.2708
8.2708
8.27079
8.27079
8.27078
8.27078
8.27078
8.27078
8.27078
8.27078
8.27078
8.27078
8.27078
8.27079
8.27079
8.27079
8.27079
8.27079
8.27079
8.27079
8.27079
8.27079
8.27079
8.27079
8.27079
8.27079
8.27079
8.27079
8.27079
8.27079
8.27079
8.27079
8.27079
8.27079
8.27079
8.27078
8.27078
8.27078
8.27078
8.27078
8.27078
8.27078
8.27078
8.27078
8.27079
8.27079
8.2708
8.2708
8.27081
8.27082
8.27084
8.27085
8.27086
8.27086
8.47908
8.47907
8.47906
8.47905
8.47904
8.47903
8.47902
8.47902
8.47901
8.47901
8.47901
8.479
8.479
8.479
8.479
8.47901
8.47901
8.47901
8.47901
8.47901
8.47901
8.47901
8.47902
8.47902
8.47902
8.47902
8.47902
8.47902
8.47902
8.47902
8.47902
8.47902
8.47902
8.47902
8.47902
8.47902
8.47902
8.47902
8.47901
8.47901
8.47901
8.47901
8.47901
8.47901
8.47901
8.479
8.479
8.479
8.479
8.47901
8.47901
8.47901
8.47902
8.47902
8.47903
8.47904
8.47905
8.47906
8.47907
8.47908
8.69353
8.69352
8.69352
8.69351
8.6935
8.69349
8.69348
8.69348
8.69347
8.69347
8.69347
8.69347
8.69347
8.69347
8.69347
8.69347
8.69347
8.69347
8.69347
8.69348
8.69348
8.69348
8.69348
8.69348
8.69348
8.69348
8.69348
8.69349
8.69349
8.69349
8.69349
8.69349
8.69349
8.69348
8.69348
8.69348
8.69348
8.69348
8.69348
8.69348
8.69348
8.69347
8.69347
8.69347
8.69347
8.69347
8.69347
8.69347
8.69347
8.69347
8.69347
8.69347
8.69348
8.69348
8.69349
8.6935
8.69351
8.69352
8.69352
8.69353
8.91441
8.9144
8.9144
8.91439
8.91438
8.91437
8.91437
8.91436
8.91436
8.91436
8.91436
8.91435
8.91436
8.91436
8.91436
8.91436
8.91436
8.91436
8.91437
8.91437
8.91437
8.91437
8.91437
8.91437
8.91438
8.91438
8.91438
8.91438
8.91438
8.91438
8.91438
8.91438
8.91438
8.91438
8.91438
8.91438
8.91437
8.91437
8.91437
8.91437
8.91437
8.91437
8.91436
8.91436
8.91436
8.91436
8.91436
8.91436
8.91435
8.91436
8.91436
8.91436
8.91436
8.91437
8.91437
8.91438
8.91439
8.9144
8.9144
8.91441
9.14191
9.1419
9.1419
9.14189
9.14188
9.14188
9.14187
9.14187
9.14187
9.14186
9.14186
9.14186
9.14187
9.14187
9.14187
9.14187
9.14187
9.14188
9.14188
9.14188
9.14188
9.14188
9.14189
9.14189
9.14189
9.14189
9.14189
9.14189
9.14189
9.14189
9.14189
9.14189
9.14189
9.14189
9.14189
9.14189
9.14189
9.14189
9.14188
9.14188
9.14188
9.14188
9.14188
9.14187
9.14187
9.14187
9.14187
9.14187
9.14186
9.14186
9.14186
9.14187
9.14187
9.14187
9.14188
9.14188
9.14189
9.1419
9.1419
9.14191
9.37623
9.37623
9.37622
9.37621
9.37621
9.3762
9.3762
9.3762
9.37619
9.37619
9.37619
9.3762
9.3762
9.3762
9.3762
9.3762
9.37621
9.37621
9.37621
9.37621
9.37622
9.37622
9.37622
9.37622
9.37622
9.37622
9.37623
9.37623
9.37623
9.37623
9.37623
9.37623
9.37623
9.37623
9.37622
9.37622
9.37622
9.37622
9.37622
9.37622
9.37621
9.37621
9.37621
9.37621
9.3762
9.3762
9.3762
9.3762
9.3762
9.37619
9.37619
9.37619
9.3762
9.3762
9.3762
9.37621
9.37621
9.37622
9.37623
9.37623
9.61758
9.61757
9.61757
9.61756
9.61756
9.61756
9.61755
9.61755
9.61755
9.61755
9.61755
9.61755
9.61755
9.61756
9.61756
9.61756
9.61757
9.61757
9.61757
9.61757
9.61758
9.61758
9.61758
9.61758
9.61758
9.61759
9.61759
9.61759
9.61759
9.61759
9.61759
9.61759
9.61759
9.61759
9.61759
9.61758
9.61758
9.61758
9.61758
9.61758
9.61757
9.61757
9.61757
9.61757
9.61756
9.61756
9.61756
9.61755
9.61755
9.61755
9.61755
9.61755
9.61755
9.61755
9.61756
9.61756
9.61756
9.61757
9.61757
9.61758
9.86616
9.86616
9.86616
9.86615
9.86615
9.86615
9.86614
9.86614
9.86614
9.86614
9.86615
9.86615
9.86615
9.86615
9.86616
9.86616
9.86616
9.86617
9.86617
9.86617
9.86618
9.86618
9.86618
9.86618
9.86619
9.86619
9.86619
9.86619
9.86619
9.86619
9.86619
9.86619
9.86619
9.86619
9.86619
9.86619
9.86618
9.86618
9.86618
9.86618
9.86617
9.86617
9.86617
9.86616
9.86616
9.86616
9.86615
9.86615
9.86615
9.86615
9.86614
9.86614
9.86614
9.86614
9.86615
9.86615
9.86615
9.86616
9.86616
9.86616
10.1222
10.1222
10.1222
10.1222
10.1222
10.1222
10.1222
10.1222
10.1222
10.1222
10.1222
10.1222
10.1222
10.1222
10.1222
10.1222
10.1222
10.1222
10.1222
10.1222
10.1222
10.1222
10.1222
10.1222
10.1222
10.1222
10.1222
10.1222
10.1222
10.1222
10.1222
10.1222
10.1222
10.1222
10.1222
10.1222
10.1222
10.1222
10.1222
10.1222
10.1222
10.1222
10.1222
10.1222
10.1222
10.1222
10.1222
10.1222
10.1222
10.1222
10.1222
10.1222
10.1222
10.1222
10.1222
10.1222
10.1222
10.1222
10.1222
10.1222
10.3859
10.3859
10.3859
10.3859
10.3859
10.3859
10.3859
10.3859
10.3859
10.3859
10.3859
10.3859
10.3859
10.3859
10.3859
10.386
10.386
10.386
10.386
10.386
10.386
10.386
10.386
10.386
10.386
10.386
10.386
10.386
10.386
10.386
10.386
10.386
10.386
10.386
10.386
10.386
10.386
10.386
10.386
10.386
10.386
10.386
10.386
10.386
10.386
10.3859
10.3859
10.3859
10.3859
10.3859
10.3859
10.3859
10.3859
10.3859
10.3859
10.3859
10.3859
10.3859
10.3859
10.3859
10.6576
10.6576
10.6576
10.6576
10.6576
10.6576
10.6576
10.6576
10.6576
10.6576
10.6576
10.6576
10.6576
10.6576
10.6576
10.6576
10.6576
10.6576
10.6576
10.6576
10.6576
10.6576
10.6576
10.6576
10.6576
10.6576
10.6576
10.6576
10.6576
10.6576
10.6576
10.6576
10.6576
10.6576
10.6576
10.6576
10.6576
10.6576
10.6576
10.6576
10.6576
10.6576
10.6576
10.6576
10.6576
10.6576
10.6576
10.6576
10.6576
10.6576
10.6576
10.6576
10.6576
10.6576
10.6576
10.6576
10.6576
10.6576
10.6576
10.6576
10.9373
10.9373
10.9373
10.9373
10.9374
10.9374
10.9374
10.9374
10.9374
10.9374
10.9374
10.9374
10.9374
10.9374
10.9374
10.9374
10.9374
10.9374
10.9374
10.9374
10.9374
10.9374
10.9374
10.9374
10.9374
10.9374
10.9374
10.9374
10.9374
10.9374
10.9374
10.9374
10.9374
10.9374
10.9374
10.9374
10.9374
10.9374
10.9374
10.9374
10.9374
10.9374
10.9374
10.9374
10.9374
10.9374
10.9374
10.9374
10.9374
10.9374
10.9374
10.9374
10.9374
10.9374
10.9374
10.9374
10.9373
10.9373
10.9373
10.9373
11.2255
11.2255
11.2255
11.2255
11.2255
11.2255
11.2255
11.2255
11.2256
11.2256
11.2256
11.2256
11.2256
11.2256
11.2256
11.2256
11.2256
11.2256
11.2256
11.2256
11.2256
11.2256
11.2256
11.2256
11.2256
11.2256
11.2256
11.2256
11.2256
11.2256
11.2256
11.2256
11.2256
11.2256
11.2256
11.2256
11.2256
11.2256
11.2256
11.2256
11.2256
11.2256
11.2256
11.2256
11.2256
11.2256
11.2256
11.2256
11.2256
11.2256
11.2256
11.2256
11.2255
11.2255
11.2255
11.2255
11.2255
11.2255
11.2255
11.2255
11.5224
11.5224
11.5224
11.5224
11.5224
11.5224
11.5224
11.5224
11.5224
11.5224
11.5224
11.5224
11.5224
11.5224
11.5224
11.5224
11.5224
11.5225
11.5225
11.5225
11.5225
11.5225
11.5225
11.5225
11.5225
11.5225
11.5225
11.5225
11.5225
11.5225
11.5225
11.5225
11.5225
11.5225
11.5225
11.5225
11.5225
11.5225
11.5225
11.5225
11.5225
11.5225
11.5225
11.5224
11.5224
11.5224
11.5224
11.5224
11.5224
11.5224
11.5224
11.5224
11.5224
11.5224
11.5224
11.5224
11.5224
11.5224
11.5224
11.5224
11.8281
11.8281
11.8281
11.8281
11.8281
11.8281
11.8281
11.8281
11.8281
11.8281
11.8282
11.8282
11.8282
11.8282
11.8282
11.8282
11.8282
11.8282
11.8282
11.8282
11.8282
11.8282
11.8282
11.8282
11.8282
11.8282
11.8282
11.8282
11.8282
11.8282
11.8282
11.8282
11.8282
11.8282
11.8282
11.8282
11.8282
11.8282
11.8282
11.8282
11.8282
11.8282
11.8282
11.8282
11.8282
11.8282
11.8282
11.8282
11.8282
11.8282
11.8281
11.8281
11.8281
11.8281
11.8281
11.8281
11.8281
11.8281
11.8281
11.8281
12.143
12.143
12.143
12.143
12.143
12.143
12.143
12.143
12.1431
12.1431
12.1431
12.1431
12.1431
12.1431
12.1431
12.1431
12.1431
12.1431
12.1431
12.1431
12.1431
12.1432
12.1432
12.1432
12.1432
12.1432
12.1432
12.1432
12.1432
12.1432
12.1432
12.1432
12.1432
12.1432
12.1432
12.1432
12.1432
12.1432
12.1432
12.1431
12.1431
12.1431
12.1431
12.1431
12.1431
12.1431
12.1431
12.1431
12.1431
12.1431
12.1431
12.1431
12.143
12.143
12.143
12.143
12.143
12.143
12.143
12.143
12.4674
12.4674
12.4674
12.4674
12.4674
12.4674
12.4674
12.4674
12.4674
12.4674
12.4674
12.4675
12.4675
12.4675
12.4675
12.4675
12.4675
12.4675
12.4675
12.4675
12.4675
12.4675
12.4675
12.4675
12.4675
12.4675
12.4675
12.4676
12.4676
12.4676
12.4676
12.4676
12.4676
12.4675
12.4675
12.4675
12.4675
12.4675
12.4675
12.4675
12.4675
12.4675
12.4675
12.4675
12.4675
12.4675
12.4675
12.4675
12.4675
12.4674
12.4674
12.4674
12.4674
12.4674
12.4674
12.4674
12.4674
12.4674
12.4674
12.4674
12.8015
12.8015
12.8015
12.8015
12.8015
12.8015
12.8015
12.8015
12.8015
12.8015
12.8016
12.8016
12.8016
12.8016
12.8016
12.8016
12.8016
12.8016
12.8016
12.8016
12.8016
12.8016
12.8017
12.8017
12.8017
12.8017
12.8017
12.8017
12.8017
12.8017
12.8017
12.8017
12.8017
12.8017
12.8017
12.8017
12.8017
12.8017
12.8016
12.8016
12.8016
12.8016
12.8016
12.8016
12.8016
12.8016
12.8016
12.8016
12.8016
12.8016
12.8015
12.8015
12.8015
12.8015
12.8015
12.8015
12.8015
12.8015
12.8015
12.8015
13.1456
13.1456
13.1456
13.1456
13.1456
13.1456
13.1456
13.1456
13.1457
13.1457
13.1457
13.1457
13.1457
13.1457
13.1457
13.1458
13.1458
13.1458
13.1458
13.1458
13.1458
13.1458
13.1458
13.1458
13.1458
13.1458
13.1458
13.1458
13.1458
13.1458
13.1458
13.1458
13.1458
13.1458
13.1458
13.1458
13.1458
13.1458
13.1458
13.1458
13.1458
13.1458
13.1458
13.1458
13.1458
13.1457
13.1457
13.1457
13.1457
13.1457
13.1457
13.1457
13.1456
13.1456
13.1456
13.1456
13.1456
13.1456
13.1456
13.1456
13.5
13.5
13.5
13.5
13.5001
13.5001
13.5001
13.5001
13.5001
13.5001
13.5002
13.5002
13.5002
13.5002
13.5002
13.5002
13.5002
13.5002
13.5002
13.5003
13.5003
13.5003
13.5003
13.5003
13.5003
13.5003
13.5003
13.5003
13.5003
13.5003
13.5003
13.5003
13.5003
13.5003
13.5003
13.5003
13.5003
13.5003
13.5003
13.5003
13.5003
13.5002
13.5002
13.5002
13.5002
13.5002
13.5002
13.5002
13.5002
13.5002
13.5001
13.5001
13.5001
13.5001
13.5001
13.5001
13.5
13.5
13.5
13.5
13.8651
13.8651
13.8651
13.8651
13.8652
13.8652
13.8652
13.8652
13.8652
13.8652
13.8653
13.8653
13.8653
13.8653
13.8653
13.8653
13.8653
13.8653
13.8654
13.8654
13.8654
13.8654
13.8654
13.8654
13.8654
13.8654
13.8654
13.8654
13.8654
13.8654
13.8654
13.8654
13.8654
13.8654
13.8654
13.8654
13.8654
13.8654
13.8654
13.8654
13.8654
13.8654
13.8653
13.8653
13.8653
13.8653
13.8653
13.8653
13.8653
13.8653
13.8652
13.8652
13.8652
13.8652
13.8652
13.8652
13.8651
13.8651
13.8651
13.8651
14.2412
14.2412
14.2412
14.2412
14.2412
14.2412
14.2412
14.2413
14.2413
14.2413
14.2413
14.2413
14.2414
14.2414
14.2414
14.2414
14.2414
14.2414
14.2414
14.2414
14.2414
14.2414
14.2415
14.2415
14.2415
14.2415
14.2415
14.2415
14.2415
14.2415
14.2415
14.2415
14.2415
14.2415
14.2415
14.2415
14.2415
14.2415
14.2414
14.2414
14.2414
14.2414
14.2414
14.2414
14.2414
14.2414
14.2414
14.2414
14.2413
14.2413
14.2413
14.2413
14.2413
14.2412
14.2412
14.2412
14.2412
14.2412
14.2412
14.2412
14.6285
14.6285
14.6285
14.6285
14.6285
14.6286
14.6286
14.6286
14.6286
14.6286
14.6287
14.6287
14.6287
14.6287
14.6287
14.6288
14.6288
14.6288
14.6288
14.6288
14.6288
14.6288
14.6288
14.6288
14.6288
14.6288
14.6288
14.6288
14.6288
14.6288
14.6288
14.6288
14.6288
14.6288
14.6288
14.6288
14.6288
14.6288
14.6288
14.6288
14.6288
14.6288
14.6288
14.6288
14.6288
14.6287
14.6287
14.6287
14.6287
14.6287
14.6286
14.6286
14.6286
14.6286
14.6286
14.6285
14.6285
14.6285
14.6285
14.6285
15.0274
15.0274
15.0275
15.0275
15.0275
15.0275
15.0275
15.0276
15.0276
15.0276
15.0276
15.0277
15.0277
15.0277
15.0277
15.0277
15.0277
15.0278
15.0278
15.0278
15.0278
15.0278
15.0278
15.0278
15.0278
15.0278
15.0278
15.0278
15.0278
15.0278
15.0278
15.0278
15.0278
15.0278
15.0278
15.0278
15.0278
15.0278
15.0278
15.0278
15.0278
15.0278
15.0278
15.0277
15.0277
15.0277
15.0277
15.0277
15.0277
15.0276
15.0276
15.0276
15.0276
15.0275
15.0275
15.0275
15.0275
15.0275
15.0274
15.0274
15.4384
15.4384
15.4384
15.4384
15.4384
15.4385
15.4385
15.4385
15.4385
15.4386
15.4386
15.4386
15.4386
15.4387
15.4387
15.4387
15.4387
15.4387
15.4387
15.4387
15.4387
15.4388
15.4388
15.4388
15.4388
15.4388
15.4388
15.4388
15.4388
15.4388
15.4388
15.4388
15.4388
15.4388
15.4388
15.4388
15.4388
15.4388
15.4388
15.4387
15.4387
15.4387
15.4387
15.4387
15.4387
15.4387
15.4387
15.4386
15.4386
15.4386
15.4386
15.4385
15.4385
15.4385
15.4385
15.4384
15.4384
15.4384
15.4384
15.4384
15.8616
15.8616
15.8616
15.8617
15.8617
15.8617
15.8618
15.8618
15.8618
15.8619
15.8619
15.8619
15.8619
15.862
15.862
15.862
15.862
15.862
15.862
15.862
15.862
15.862
15.8621
15.8621
15.8621
15.8621
15.8621
15.8621
15.8621
15.8621
15.8621
15.8621
15.8621
15.8621
15.8621
15.8621
15.8621
15.8621
15.862
15.862
15.862
15.862
15.862
15.862
15.862
15.862
15.862
15.8619
15.8619
15.8619
15.8619
15.8618
15.8618
15.8618
15.8617
15.8617
15.8617
15.8616
15.8616
15.8616
16.2976
16.2976
16.2976
16.2976
16.2977
16.2977
16.2977
16.2978
16.2978
16.2978
16.2979
16.2979
16.2979
16.2979
16.298
16.298
16.298
16.298
16.298
16.298
16.298
16.298
16.2981
16.2981
16.2981
16.2981
16.2981
16.2981
16.2981
16.2981
16.2981
16.2981
16.2981
16.2981
16.2981
16.2981
16.2981
16.2981
16.298
16.298
16.298
16.298
16.298
16.298
16.298
16.298
16.2979
16.2979
16.2979
16.2979
16.2978
16.2978
16.2978
16.2977
16.2977
16.2977
16.2976
16.2976
16.2976
16.2976
16.7466
16.7466
16.7467
16.7467
16.7467
16.7468
16.7468
16.7468
16.7469
16.7469
16.747
16.747
16.747
16.747
16.7471
16.7471
16.7471
16.7471
16.7471
16.7471
16.7471
16.7471
16.7471
16.7472
16.7472
16.7472
16.7472
16.7472
16.7472
16.7472
16.7472
16.7472
16.7472
16.7472
16.7472
16.7472
16.7472
16.7471
16.7471
16.7471
16.7471
16.7471
16.7471
16.7471
16.7471
16.7471
16.747
16.747
16.747
16.747
16.7469
16.7469
16.7468
16.7468
16.7468
16.7467
16.7467
16.7467
16.7466
16.7466
17.2091
17.2091
17.2092
17.2092
17.2093
17.2093
17.2094
17.2094
17.2094
17.2095
17.2095
17.2095
17.2096
17.2096
17.2096
17.2096
17.2097
17.2097
17.2097
17.2097
17.2097
17.2097
17.2097
17.2097
17.2097
17.2097
17.2097
17.2097
17.2097
17.2097
17.2097
17.2097
17.2097
17.2097
17.2097
17.2097
17.2097
17.2097
17.2097
17.2097
17.2097
17.2097
17.2097
17.2097
17.2096
17.2096
17.2096
17.2096
17.2095
17.2095
17.2095
17.2094
17.2094
17.2094
17.2093
17.2093
17.2092
17.2092
17.2091
17.2091
17.6855
17.6855
17.6856
17.6856
17.6857
17.6857
17.6858
17.6858
17.6859
17.6859
17.686
17.686
17.686
17.6861
17.6861
17.6861
17.6861
17.6861
17.6861
17.6861
17.6862
17.6862
17.6862
17.6862
17.6862
17.6862
17.6862
17.6862
17.6862
17.6862
17.6862
17.6862
17.6862
17.6862
17.6862
17.6862
17.6862
17.6862
17.6862
17.6862
17.6861
17.6861
17.6861
17.6861
17.6861
17.6861
17.6861
17.686
17.686
17.686
17.6859
17.6859
17.6858
17.6858
17.6857
17.6857
17.6856
17.6856
17.6855
17.6855
18.1762
18.1762
18.1763
18.1763
18.1764
18.1765
18.1765
18.1766
18.1766
18.1767
18.1767
18.1768
18.1768
18.1768
18.1768
18.1769
18.1769
18.1769
18.1769
18.1769
18.1769
18.1769
18.1769
18.1769
18.1769
18.1769
18.1769
18.1769
18.177
18.177
18.177
18.177
18.1769
18.1769
18.1769
18.1769
18.1769
18.1769
18.1769
18.1769
18.1769
18.1769
18.1769
18.1769
18.1769
18.1768
18.1768
18.1768
18.1768
18.1767
18.1767
18.1766
18.1766
18.1765
18.1765
18.1764
18.1763
18.1763
18.1762
18.1762
18.6816
18.6816
18.6817
18.6818
18.6818
18.6819
18.682
18.6821
18.6821
18.6822
18.6822
18.6822
18.6823
18.6823
18.6823
18.6823
18.6824
18.6824
18.6824
18.6824
18.6824
18.6824
18.6824
18.6824
18.6824
18.6824
18.6824
18.6824
18.6824
18.6824
18.6824
18.6824
18.6824
18.6824
18.6824
18.6824
18.6824
18.6824
18.6824
18.6824
18.6824
18.6824
18.6824
18.6824
18.6823
18.6823
18.6823
18.6823
18.6822
18.6822
18.6822
18.6821
18.6821
18.682
18.6819
18.6818
18.6818
18.6817
18.6816
18.6816
19.2022
19.2022
19.2023
19.2024
19.2025
19.2026
19.2026
19.2027
19.2028
19.2028
19.2029
19.2029
19.2029
19.203
19.203
19.203
19.203
19.203
19.2031
19.2031
19.2031
19.2031
19.2031
19.2031
19.2031
19.2031
19.2031
19.2031
19.2031
19.2031
19.2031
19.2031
19.2031
19.2031
19.2031
19.2031
19.2031
19.2031
19.2031
19.2031
19.2031
19.2031
19.203
19.203
19.203
19.203
19.203
19.2029
19.2029
19.2029
19.2028
19.2028
19.2027
19.2026
19.2026
19.2025
19.2024
19.2023
19.2022
19.2022
19.7384
19.7384
19.7385
19.7386
19.7387
19.7388
19.7389
19.739
19.7391
19.7391
19.7392
19.7392
19.7392
19.7393
19.7393
19.7393
19.7393
19.7393
19.7394
19.7394
19.7394
19.7394
19.7394
19.7394
19.7394
19.7394
19.7394
19.7394
19.7394
19.7394
19.7394
19.7394
19.7394
19.7394
19.7394
19.7394
19.7394
19.7394
19.7394
19.7394
19.7394
19.7394
19.7393
19.7393
19.7393
19.7393
19.7393
19.7392
19.7392
19.7392
19.7391
19.7391
19.739
19.7389
19.7388
19.7387
19.7386
19.7385
19.7384
19.7384
20.2906
20.2907
20.2908
20.2909
20.2911
20.2912
20.2913
20.2914
20.2915
20.2915
20.2916
20.2916
20.2916
20.2917
20.2917
20.2917
20.2917
20.2917
20.2918
20.2918
20.2918
20.2918
20.2918
20.2918
20.2918
20.2918
20.2918
20.2918
20.2918
20.2918
20.2918
20.2918
20.2918
20.2918
20.2918
20.2918
20.2918
20.2918
20.2918
20.2918
20.2918
20.2918
20.2917
20.2917
20.2917
20.2917
20.2917
20.2916
20.2916
20.2916
20.2915
20.2915
20.2914
20.2913
20.2912
20.2911
20.2909
20.2908
20.2907
20.2906
20.8594
20.8595
20.8597
20.8598
20.86
20.8602
20.8603
20.8604
20.8605
20.8605
20.8606
20.8606
20.8606
20.8607
20.8607
20.8607
20.8607
20.8607
20.8607
20.8607
20.8608
20.8608
20.8608
20.8608
20.8608
20.8608
20.8608
20.8608
20.8608
20.8608
20.8608
20.8608
20.8608
20.8608
20.8608
20.8608
20.8608
20.8608
20.8608
20.8608
20.8607
20.8607
20.8607
20.8607
20.8607
20.8607
20.8607
20.8606
20.8606
20.8606
20.8605
20.8605
20.8604
20.8603
20.8602
20.86
20.8598
20.8597
20.8595
20.8594
21.4452
21.4454
21.4456
21.4458
21.4461
21.4462
21.4464
21.4465
21.4465
21.4466
21.4466
21.4467
21.4467
21.4467
21.4468
21.4468
21.4468
21.4468
21.4468
21.4468
21.4468
21.4468
21.4468
21.4468
21.4468
21.4468
21.4468
21.4468
21.4468
21.4468
21.4468
21.4468
21.4468
21.4468
21.4468
21.4468
21.4468
21.4468
21.4468
21.4468
21.4468
21.4468
21.4468
21.4468
21.4468
21.4468
21.4467
21.4467
21.4467
21.4466
21.4466
21.4465
21.4465
21.4464
21.4462
21.4461
21.4458
21.4456
21.4454
21.4452
22.0484
22.0488
22.0491
22.0495
22.0497
22.0499
22.05
22.0501
22.0502
22.0503
22.0503
22.0504
22.0504
22.0504
22.0504
22.0504
22.0505
22.0505
22.0505
22.0505
22.0505
22.0505
22.0505
22.0505
22.0505
22.0505
22.0505
22.0505
22.0505
22.0505
22.0505
22.0505
22.0505
22.0505
22.0505
22.0505
22.0505
22.0505
22.0505
22.0505
22.0505
22.0505
22.0505
22.0505
22.0504
22.0504
22.0504
22.0504
22.0504
22.0503
22.0503
22.0502
22.0501
22.05
22.0499
22.0497
22.0495
22.0491
22.0488
22.0484
22.6697
22.6703
22.6709
22.6713
22.6716
22.6718
22.6719
22.672
22.6721
22.6721
22.6722
22.6722
22.6722
22.6722
22.6722
22.6723
22.6723
22.6723
22.6723
22.6723
22.6723
22.6723
22.6723
22.6723
22.6723
22.6723
22.6723
22.6723
22.6723
22.6723
22.6723
22.6723
22.6723
22.6723
22.6723
22.6723
22.6723
22.6723
22.6723
22.6723
22.6723
22.6723
22.6723
22.6723
22.6723
22.6722
22.6722
22.6722
22.6722
22.6722
22.6721
22.6721
22.672
22.6719
22.6718
22.6716
22.6713
22.6709
22.6703
22.6697
23.3096
23.3107
23.3115
23.312
23.3123
23.3124
23.3126
23.3126
23.3127
23.3127
23.3128
23.3128
23.3128
23.3128
23.3128
23.3129
23.3129
23.3129
23.3129
23.3129
23.3129
23.3129
23.3129
23.3129
23.3129
23.3129
23.3129
23.3129
23.3129
23.3129
23.3129
23.3129
23.3129
23.3129
23.3129
23.3129
23.3129
23.3129
23.3129
23.3129
23.3129
23.3129
23.3129
23.3129
23.3129
23.3128
23.3128
23.3128
23.3128
23.3128
23.3127
23.3127
23.3126
23.3126
23.3124
23.3123
23.312
23.3115
23.3107
23.3096
23.9697
23.9711
23.972
23.9724
23.9727
23.9728
23.9729
23.973
23.973
23.973
23.973
23.9731
23.9731
23.9731
23.9731
23.9731
23.9731
23.9731
23.9731
23.9731
23.9731
23.9731
23.9731
23.9731
23.9731
23.9731
23.9731
23.9731
23.9731
23.9731
23.9731
23.9731
23.9731
23.9731
23.9731
23.9731
23.9731
23.9731
23.9731
23.9731
23.9731
23.9731
23.9731
23.9731
23.9731
23.9731
23.9731
23.9731
23.9731
23.973
23.973
23.973
23.973
23.9729
23.9728
23.9727
23.9724
23.972
23.9711
23.9697
24.6526
24.6533
24.6537
24.6539
24.654
24.6541
24.6541
24.6541
24.6541
24.6541
24.6541
24.6542
24.6542
24.6542
24.6542
24.6542
24.6542
24.6542
24.6542
24.6542
24.6542
24.6542
24.6542
24.6542
24.6542
24.6542
24.6542
24.6542
24.6542
24.6542
24.6542
24.6542
24.6542
24.6542
24.6542
24.6542
24.6542
24.6542
24.6542
24.6542
24.6542
24.6542
24.6542
24.6542
24.6542
24.6542
24.6542
24.6542
24.6542
24.6541
24.6541
24.6541
24.6541
24.6541
24.6541
24.654
24.6539
24.6537
24.6533
24.6526
)
;

boundaryField
{
    top
    {
        type            fixedValue;
        value           uniform 25;
    }
    bottom
    {
        type            fixedValue;
        value           uniform 0;
    }
    wall
    {
        type            zeroGradient;
    }
    frontAndBack
    {
        type            empty;
    }
}


// ************************************************************************* //
