/*--------------------------------*- C++ -*----------------------------------*\
| =========                 |                                                 |
| \\      /  F ield         | foam-extend: Open Source CFD                    |
|  \\    /   O peration     | Version:     4.0                                |
|   \\  /    A nd           | Web:         http://www.foam-extend.org         |
|    \\/     M anipulation  |                                                 |
\*---------------------------------------------------------------------------*/
FoamFile
{
    version     2.0;
    format      ascii;
    class       volScalarField;
    location    "1430";
    object      cMinus;
}
// * * * * * * * * * * * * * * * * * * * * * * * * * * * * * * * * * * * * * //

dimensions      [0 0 0 0 0 0 0];

internalField   nonuniform List<scalar> 
6960
(
1.61971e-19
1.61747e-19
1.61469e-19
1.613e-19
1.61206e-19
1.61157e-19
1.61132e-19
1.6112e-19
1.61115e-19
1.61115e-19
1.61117e-19
1.6112e-19
1.61124e-19
1.61128e-19
1.61133e-19
1.61137e-19
1.61142e-19
1.61146e-19
1.6115e-19
1.61154e-19
1.61157e-19
1.6116e-19
1.61163e-19
1.61166e-19
1.61168e-19
1.6117e-19
1.61171e-19
1.61172e-19
1.61173e-19
1.61174e-19
1.61174e-19
1.61173e-19
1.61172e-19
1.61171e-19
1.6117e-19
1.61168e-19
1.61166e-19
1.61163e-19
1.6116e-19
1.61157e-19
1.61154e-19
1.6115e-19
1.61146e-19
1.61142e-19
1.61137e-19
1.61133e-19
1.61128e-19
1.61124e-19
1.6112e-19
1.61117e-19
1.61115e-19
1.61115e-19
1.6112e-19
1.61132e-19
1.61157e-19
1.61206e-19
1.613e-19
1.61469e-19
1.61747e-19
1.61971e-19
9.56684e-19
9.55862e-19
9.54549e-19
9.53738e-19
9.53285e-19
9.53045e-19
9.52924e-19
9.52869e-19
9.52852e-19
9.52854e-19
9.52869e-19
9.5289e-19
9.52915e-19
9.52941e-19
9.52968e-19
9.52995e-19
9.53022e-19
9.53047e-19
9.53071e-19
9.53093e-19
9.53114e-19
9.53133e-19
9.5315e-19
9.53165e-19
9.53178e-19
9.53189e-19
9.53198e-19
9.53205e-19
9.53209e-19
9.53211e-19
9.53211e-19
9.53209e-19
9.53205e-19
9.53198e-19
9.53189e-19
9.53178e-19
9.53165e-19
9.5315e-19
9.53133e-19
9.53114e-19
9.53093e-19
9.53071e-19
9.53047e-19
9.53022e-19
9.52995e-19
9.52968e-19
9.52941e-19
9.52915e-19
9.5289e-19
9.52869e-19
9.52854e-19
9.52852e-19
9.52869e-19
9.52924e-19
9.53045e-19
9.53285e-19
9.53738e-19
9.54549e-19
9.55862e-19
9.56684e-19
5.45195e-18
5.45039e-18
5.44501e-18
5.44157e-18
5.43961e-18
5.43857e-18
5.43806e-18
5.43784e-18
5.43779e-18
5.43783e-18
5.43794e-18
5.43807e-18
5.43821e-18
5.43837e-18
5.43853e-18
5.43868e-18
5.43884e-18
5.43898e-18
5.43912e-18
5.43925e-18
5.43937e-18
5.43948e-18
5.43958e-18
5.43966e-18
5.43974e-18
5.4398e-18
5.43985e-18
5.43989e-18
5.43991e-18
5.43993e-18
5.43993e-18
5.43991e-18
5.43989e-18
5.43985e-18
5.4398e-18
5.43974e-18
5.43966e-18
5.43958e-18
5.43948e-18
5.43937e-18
5.43925e-18
5.43912e-18
5.43898e-18
5.43884e-18
5.43868e-18
5.43853e-18
5.43837e-18
5.43821e-18
5.43807e-18
5.43794e-18
5.43783e-18
5.43779e-18
5.43784e-18
5.43806e-18
5.43857e-18
5.43961e-18
5.44157e-18
5.44501e-18
5.45039e-18
5.45195e-18
3.18164e-17
3.18262e-17
3.18077e-17
3.17948e-17
3.17873e-17
3.17832e-17
3.17813e-17
3.17806e-17
3.17806e-17
3.1781e-17
3.17817e-17
3.17825e-17
3.17835e-17
3.17844e-17
3.17853e-17
3.17863e-17
3.17872e-17
3.1788e-17
3.17888e-17
3.17896e-17
3.17903e-17
3.17909e-17
3.17915e-17
3.1792e-17
3.17925e-17
3.17928e-17
3.17931e-17
3.17933e-17
3.17935e-17
3.17936e-17
3.17936e-17
3.17935e-17
3.17933e-17
3.17931e-17
3.17928e-17
3.17925e-17
3.1792e-17
3.17915e-17
3.17909e-17
3.17903e-17
3.17896e-17
3.17888e-17
3.1788e-17
3.17872e-17
3.17863e-17
3.17853e-17
3.17844e-17
3.17835e-17
3.17825e-17
3.17817e-17
3.1781e-17
3.17806e-17
3.17806e-17
3.17813e-17
3.17832e-17
3.17873e-17
3.17948e-17
3.18077e-17
3.18262e-17
3.18164e-17
1.9184e-16
1.92016e-16
1.91983e-16
1.9195e-16
1.91929e-16
1.91917e-16
1.91912e-16
1.91911e-16
1.91913e-16
1.91917e-16
1.91922e-16
1.91927e-16
1.91933e-16
1.91939e-16
1.91944e-16
1.9195e-16
1.91956e-16
1.91961e-16
1.91966e-16
1.9197e-16
1.91975e-16
1.91979e-16
1.91982e-16
1.91985e-16
1.91988e-16
1.9199e-16
1.91992e-16
1.91993e-16
1.91994e-16
1.91994e-16
1.91994e-16
1.91994e-16
1.91993e-16
1.91992e-16
1.9199e-16
1.91988e-16
1.91985e-16
1.91982e-16
1.91979e-16
1.91975e-16
1.9197e-16
1.91966e-16
1.91961e-16
1.91956e-16
1.9195e-16
1.91944e-16
1.91939e-16
1.91933e-16
1.91927e-16
1.91922e-16
1.91917e-16
1.91913e-16
1.91911e-16
1.91912e-16
1.91917e-16
1.91929e-16
1.9195e-16
1.91983e-16
1.92016e-16
1.9184e-16
1.1946e-15
1.19642e-15
1.19672e-15
1.1968e-15
1.19681e-15
1.19682e-15
1.19683e-15
1.19684e-15
1.19687e-15
1.1969e-15
1.19693e-15
1.19697e-15
1.19701e-15
1.19704e-15
1.19708e-15
1.19712e-15
1.19715e-15
1.19718e-15
1.19722e-15
1.19724e-15
1.19727e-15
1.1973e-15
1.19732e-15
1.19734e-15
1.19735e-15
1.19737e-15
1.19738e-15
1.19739e-15
1.19739e-15
1.19739e-15
1.19739e-15
1.19739e-15
1.19739e-15
1.19738e-15
1.19737e-15
1.19735e-15
1.19734e-15
1.19732e-15
1.1973e-15
1.19727e-15
1.19724e-15
1.19722e-15
1.19718e-15
1.19715e-15
1.19712e-15
1.19708e-15
1.19704e-15
1.19701e-15
1.19697e-15
1.19693e-15
1.1969e-15
1.19687e-15
1.19684e-15
1.19683e-15
1.19682e-15
1.19681e-15
1.1968e-15
1.19672e-15
1.19642e-15
1.1946e-15
7.66152e-15
7.67785e-15
7.683e-15
7.68531e-15
7.68638e-15
7.68692e-15
7.68725e-15
7.68751e-15
7.68775e-15
7.68799e-15
7.68823e-15
7.68848e-15
7.68873e-15
7.68898e-15
7.68922e-15
7.68945e-15
7.68968e-15
7.68989e-15
7.69009e-15
7.69027e-15
7.69045e-15
7.6906e-15
7.69074e-15
7.69086e-15
7.69097e-15
7.69106e-15
7.69113e-15
7.69118e-15
7.69122e-15
7.69124e-15
7.69124e-15
7.69122e-15
7.69118e-15
7.69113e-15
7.69106e-15
7.69097e-15
7.69086e-15
7.69074e-15
7.6906e-15
7.69045e-15
7.69027e-15
7.69009e-15
7.68989e-15
7.68968e-15
7.68945e-15
7.68922e-15
7.68898e-15
7.68873e-15
7.68848e-15
7.68823e-15
7.68799e-15
7.68775e-15
7.68751e-15
7.68725e-15
7.68692e-15
7.68638e-15
7.68531e-15
7.683e-15
7.67785e-15
7.66152e-15
5.04144e-14
5.05522e-14
5.06072e-14
5.06343e-14
5.06477e-14
5.06546e-14
5.06586e-14
5.06612e-14
5.06633e-14
5.06652e-14
5.06669e-14
5.06687e-14
5.06704e-14
5.0672e-14
5.06737e-14
5.06752e-14
5.06767e-14
5.06781e-14
5.06794e-14
5.06807e-14
5.06818e-14
5.06828e-14
5.06837e-14
5.06845e-14
5.06852e-14
5.06858e-14
5.06863e-14
5.06866e-14
5.06869e-14
5.0687e-14
5.0687e-14
5.06869e-14
5.06866e-14
5.06863e-14
5.06858e-14
5.06852e-14
5.06845e-14
5.06837e-14
5.06828e-14
5.06818e-14
5.06807e-14
5.06794e-14
5.06781e-14
5.06767e-14
5.06752e-14
5.06737e-14
5.0672e-14
5.06704e-14
5.06687e-14
5.06669e-14
5.06652e-14
5.06633e-14
5.06612e-14
5.06586e-14
5.06546e-14
5.06477e-14
5.06343e-14
5.06072e-14
5.05522e-14
5.04144e-14
3.38722e-13
3.39847e-13
3.40357e-13
3.40618e-13
3.4075e-13
3.40819e-13
3.40857e-13
3.40881e-13
3.40898e-13
3.40913e-13
3.40926e-13
3.40938e-13
3.4095e-13
3.40961e-13
3.40972e-13
3.40983e-13
3.40993e-13
3.41002e-13
3.41011e-13
3.4102e-13
3.41027e-13
3.41034e-13
3.4104e-13
3.41046e-13
3.4105e-13
3.41054e-13
3.41057e-13
3.4106e-13
3.41061e-13
3.41062e-13
3.41062e-13
3.41061e-13
3.4106e-13
3.41057e-13
3.41054e-13
3.4105e-13
3.41046e-13
3.4104e-13
3.41034e-13
3.41027e-13
3.4102e-13
3.41011e-13
3.41002e-13
3.40993e-13
3.40983e-13
3.40972e-13
3.40961e-13
3.4095e-13
3.40938e-13
3.40926e-13
3.40913e-13
3.40898e-13
3.40881e-13
3.40857e-13
3.40819e-13
3.4075e-13
3.40618e-13
3.40357e-13
3.39847e-13
3.38722e-13
2.31002e-12
2.31902e-12
2.32342e-12
2.32572e-12
2.32691e-12
2.32752e-12
2.32786e-12
2.32807e-12
2.32821e-12
2.32832e-12
2.32841e-12
2.3285e-12
2.32858e-12
2.32866e-12
2.32874e-12
2.32881e-12
2.32888e-12
2.32894e-12
2.329e-12
2.32906e-12
2.32911e-12
2.32916e-12
2.3292e-12
2.32924e-12
2.32927e-12
2.32929e-12
2.32932e-12
2.32933e-12
2.32934e-12
2.32935e-12
2.32935e-12
2.32934e-12
2.32933e-12
2.32932e-12
2.32929e-12
2.32927e-12
2.32924e-12
2.3292e-12
2.32916e-12
2.32911e-12
2.32906e-12
2.329e-12
2.32894e-12
2.32888e-12
2.32881e-12
2.32874e-12
2.32866e-12
2.32858e-12
2.3285e-12
2.32841e-12
2.32832e-12
2.32821e-12
2.32807e-12
2.32786e-12
2.32752e-12
2.32691e-12
2.32572e-12
2.32342e-12
2.31902e-12
2.31002e-12
1.58783e-11
1.59488e-11
1.59851e-11
1.60044e-11
1.60143e-11
1.60196e-11
1.60224e-11
1.60241e-11
1.60252e-11
1.6026e-11
1.60267e-11
1.60274e-11
1.60279e-11
1.60285e-11
1.6029e-11
1.60295e-11
1.603e-11
1.60304e-11
1.60308e-11
1.60312e-11
1.60316e-11
1.60319e-11
1.60322e-11
1.60324e-11
1.60326e-11
1.60328e-11
1.6033e-11
1.60331e-11
1.60331e-11
1.60332e-11
1.60332e-11
1.60331e-11
1.60331e-11
1.6033e-11
1.60328e-11
1.60326e-11
1.60324e-11
1.60322e-11
1.60319e-11
1.60316e-11
1.60312e-11
1.60308e-11
1.60304e-11
1.603e-11
1.60295e-11
1.6029e-11
1.60285e-11
1.60279e-11
1.60274e-11
1.60267e-11
1.6026e-11
1.60252e-11
1.60241e-11
1.60224e-11
1.60196e-11
1.60143e-11
1.60044e-11
1.59851e-11
1.59488e-11
1.58783e-11
1.09094e-10
1.09634e-10
1.09922e-10
1.10077e-10
1.10157e-10
1.10199e-10
1.10222e-10
1.10235e-10
1.10244e-10
1.1025e-10
1.10255e-10
1.1026e-10
1.10264e-10
1.10267e-10
1.10271e-10
1.10274e-10
1.10278e-10
1.10281e-10
1.10283e-10
1.10286e-10
1.10288e-10
1.10291e-10
1.10293e-10
1.10294e-10
1.10296e-10
1.10297e-10
1.10298e-10
1.10299e-10
1.10299e-10
1.10299e-10
1.10299e-10
1.10299e-10
1.10299e-10
1.10298e-10
1.10297e-10
1.10296e-10
1.10294e-10
1.10293e-10
1.10291e-10
1.10288e-10
1.10286e-10
1.10283e-10
1.10281e-10
1.10278e-10
1.10274e-10
1.10271e-10
1.10267e-10
1.10264e-10
1.1026e-10
1.10255e-10
1.1025e-10
1.10244e-10
1.10235e-10
1.10222e-10
1.10199e-10
1.10157e-10
1.10077e-10
1.09922e-10
1.09634e-10
1.09094e-10
7.4209e-10
7.46101e-10
7.48304e-10
7.4949e-10
7.5011e-10
7.50435e-10
7.5061e-10
7.50711e-10
7.50775e-10
7.5082e-10
7.50857e-10
7.50888e-10
7.50916e-10
7.50942e-10
7.50966e-10
7.50989e-10
7.51011e-10
7.51031e-10
7.5105e-10
7.51067e-10
7.51083e-10
7.51097e-10
7.5111e-10
7.51121e-10
7.51131e-10
7.51139e-10
7.51146e-10
7.5115e-10
7.51154e-10
7.51155e-10
7.51155e-10
7.51154e-10
7.5115e-10
7.51146e-10
7.51139e-10
7.51131e-10
7.51121e-10
7.5111e-10
7.51097e-10
7.51083e-10
7.51067e-10
7.5105e-10
7.51031e-10
7.51011e-10
7.50989e-10
7.50966e-10
7.50942e-10
7.50916e-10
7.50888e-10
7.50857e-10
7.5082e-10
7.50775e-10
7.50711e-10
7.5061e-10
7.50435e-10
7.5011e-10
7.4949e-10
7.48304e-10
7.46101e-10
7.4209e-10
4.94396e-09
4.97266e-09
4.98875e-09
4.99744e-09
5.002e-09
5.00439e-09
5.00568e-09
5.00641e-09
5.00687e-09
5.00719e-09
5.00744e-09
5.00765e-09
5.00784e-09
5.00801e-09
5.00817e-09
5.00832e-09
5.00846e-09
5.0086e-09
5.00872e-09
5.00883e-09
5.00893e-09
5.00903e-09
5.00911e-09
5.00918e-09
5.00925e-09
5.0093e-09
5.00934e-09
5.00937e-09
5.00939e-09
5.0094e-09
5.0094e-09
5.00939e-09
5.00937e-09
5.00934e-09
5.0093e-09
5.00925e-09
5.00918e-09
5.00911e-09
5.00903e-09
5.00893e-09
5.00883e-09
5.00872e-09
5.0086e-09
5.00846e-09
5.00832e-09
5.00817e-09
5.00801e-09
5.00784e-09
5.00765e-09
5.00744e-09
5.00719e-09
5.00687e-09
5.00641e-09
5.00568e-09
5.00439e-09
5.002e-09
4.99744e-09
4.98875e-09
4.97266e-09
4.94396e-09
3.18753e-08
3.2071e-08
3.21822e-08
3.22425e-08
3.22742e-08
3.22908e-08
3.22997e-08
3.23048e-08
3.23079e-08
3.23101e-08
3.23117e-08
3.23131e-08
3.23143e-08
3.23154e-08
3.23164e-08
3.23174e-08
3.23183e-08
3.23191e-08
3.23199e-08
3.23206e-08
3.23212e-08
3.23218e-08
3.23223e-08
3.23228e-08
3.23232e-08
3.23235e-08
3.23237e-08
3.23239e-08
3.23241e-08
3.23241e-08
3.23241e-08
3.23241e-08
3.23239e-08
3.23237e-08
3.23235e-08
3.23232e-08
3.23228e-08
3.23223e-08
3.23218e-08
3.23212e-08
3.23206e-08
3.23199e-08
3.23191e-08
3.23183e-08
3.23174e-08
3.23164e-08
3.23154e-08
3.23143e-08
3.23131e-08
3.23117e-08
3.23101e-08
3.23079e-08
3.23048e-08
3.22997e-08
3.22908e-08
3.22742e-08
3.22425e-08
3.21822e-08
3.2071e-08
3.18753e-08
1.96304e-07
1.97559e-07
1.98279e-07
1.98671e-07
1.98877e-07
1.98985e-07
1.99043e-07
1.99076e-07
1.99096e-07
1.99109e-07
1.99119e-07
1.99128e-07
1.99135e-07
1.99142e-07
1.99148e-07
1.99154e-07
1.99159e-07
1.99164e-07
1.99168e-07
1.99173e-07
1.99176e-07
1.9918e-07
1.99183e-07
1.99186e-07
1.99188e-07
1.9919e-07
1.99191e-07
1.99193e-07
1.99193e-07
1.99194e-07
1.99194e-07
1.99193e-07
1.99193e-07
1.99191e-07
1.9919e-07
1.99188e-07
1.99186e-07
1.99183e-07
1.9918e-07
1.99176e-07
1.99173e-07
1.99168e-07
1.99164e-07
1.99159e-07
1.99154e-07
1.99148e-07
1.99142e-07
1.99135e-07
1.99128e-07
1.99119e-07
1.99109e-07
1.99096e-07
1.99076e-07
1.99043e-07
1.98985e-07
1.98877e-07
1.98671e-07
1.98279e-07
1.97559e-07
1.96304e-07
1.13875e-06
1.14621e-06
1.15052e-06
1.15287e-06
1.15411e-06
1.15476e-06
1.1551e-06
1.1553e-06
1.15542e-06
1.1555e-06
1.15556e-06
1.1556e-06
1.15565e-06
1.15568e-06
1.15572e-06
1.15575e-06
1.15578e-06
1.15581e-06
1.15583e-06
1.15585e-06
1.15587e-06
1.15589e-06
1.15591e-06
1.15593e-06
1.15594e-06
1.15595e-06
1.15596e-06
1.15596e-06
1.15597e-06
1.15597e-06
1.15597e-06
1.15597e-06
1.15596e-06
1.15596e-06
1.15595e-06
1.15594e-06
1.15593e-06
1.15591e-06
1.15589e-06
1.15587e-06
1.15585e-06
1.15583e-06
1.15581e-06
1.15578e-06
1.15575e-06
1.15572e-06
1.15568e-06
1.15565e-06
1.1556e-06
1.15556e-06
1.1555e-06
1.15542e-06
1.1553e-06
1.1551e-06
1.15476e-06
1.15411e-06
1.15287e-06
1.15052e-06
1.14621e-06
1.13875e-06
6.13071e-06
6.17123e-06
6.19476e-06
6.20759e-06
6.21436e-06
6.2179e-06
6.2198e-06
6.22086e-06
6.2215e-06
6.22193e-06
6.22224e-06
6.2225e-06
6.22271e-06
6.2229e-06
6.22308e-06
6.22324e-06
6.22339e-06
6.22353e-06
6.22366e-06
6.22378e-06
6.22389e-06
6.22398e-06
6.22407e-06
6.22415e-06
6.22421e-06
6.22427e-06
6.22431e-06
6.22434e-06
6.22436e-06
6.22437e-06
6.22437e-06
6.22436e-06
6.22434e-06
6.22431e-06
6.22427e-06
6.22421e-06
6.22415e-06
6.22407e-06
6.22398e-06
6.22389e-06
6.22378e-06
6.22366e-06
6.22353e-06
6.22339e-06
6.22324e-06
6.22308e-06
6.2229e-06
6.22271e-06
6.2225e-06
6.22224e-06
6.22193e-06
6.2215e-06
6.22086e-06
6.2198e-06
6.2179e-06
6.21436e-06
6.20759e-06
6.19476e-06
6.17123e-06
6.13071e-06
3.01584e-05
3.03561e-05
3.04712e-05
3.0534e-05
3.05671e-05
3.05845e-05
3.05938e-05
3.05989e-05
3.06021e-05
3.06041e-05
3.06056e-05
3.06068e-05
3.06078e-05
3.06087e-05
3.06095e-05
3.06103e-05
3.0611e-05
3.06116e-05
3.06122e-05
3.06127e-05
3.06132e-05
3.06137e-05
3.06141e-05
3.06144e-05
3.06147e-05
3.0615e-05
3.06152e-05
3.06153e-05
3.06154e-05
3.06155e-05
3.06155e-05
3.06154e-05
3.06153e-05
3.06152e-05
3.0615e-05
3.06147e-05
3.06144e-05
3.06141e-05
3.06137e-05
3.06132e-05
3.06127e-05
3.06122e-05
3.06116e-05
3.0611e-05
3.06103e-05
3.06095e-05
3.06087e-05
3.06078e-05
3.06068e-05
3.06056e-05
3.06041e-05
3.06021e-05
3.05989e-05
3.05938e-05
3.05845e-05
3.05671e-05
3.0534e-05
3.04712e-05
3.03561e-05
3.01584e-05
0.000133353
0.000134204
0.000134699
0.00013497
0.000135112
0.000135187
0.000135227
0.000135249
0.000135263
0.000135271
0.000135278
0.000135283
0.000135287
0.000135291
0.000135294
0.000135297
0.0001353
0.000135302
0.000135305
0.000135307
0.000135309
0.000135311
0.000135312
0.000135314
0.000135315
0.000135316
0.000135317
0.000135317
0.000135318
0.000135318
0.000135318
0.000135318
0.000135317
0.000135317
0.000135316
0.000135315
0.000135314
0.000135312
0.000135311
0.000135309
0.000135307
0.000135305
0.000135302
0.0001353
0.000135297
0.000135294
0.000135291
0.000135287
0.000135283
0.000135278
0.000135271
0.000135263
0.000135249
0.000135227
0.000135187
0.000135112
0.00013497
0.000134699
0.000134204
0.000133353
0.000520981
0.000524147
0.000525988
0.000526992
0.000527522
0.0005278
0.000527948
0.000528031
0.00052808
0.000528112
0.000528135
0.000528153
0.000528168
0.000528181
0.000528193
0.000528204
0.000528214
0.000528223
0.000528232
0.00052824
0.000528247
0.000528253
0.000528259
0.000528264
0.000528268
0.000528271
0.000528274
0.000528276
0.000528278
0.000528278
0.000528278
0.000528278
0.000528276
0.000528274
0.000528271
0.000528268
0.000528264
0.000528259
0.000528253
0.000528247
0.00052824
0.000528232
0.000528223
0.000528214
0.000528204
0.000528193
0.000528181
0.000528168
0.000528153
0.000528135
0.000528112
0.00052808
0.000528031
0.000527948
0.0005278
0.000527522
0.000526992
0.000525988
0.000524147
0.000520981
0.00176682
0.00177678
0.00178255
0.0017857
0.00178736
0.00178823
0.0017887
0.00178896
0.00178911
0.00178921
0.00178928
0.00178934
0.00178938
0.00178942
0.00178946
0.00178949
0.00178952
0.00178955
0.00178957
0.0017896
0.00178962
0.00178964
0.00178965
0.00178967
0.00178968
0.00178969
0.0017897
0.00178971
0.00178971
0.00178971
0.00178971
0.00178971
0.00178971
0.0017897
0.00178969
0.00178968
0.00178967
0.00178965
0.00178964
0.00178962
0.0017896
0.00178957
0.00178955
0.00178952
0.00178949
0.00178946
0.00178942
0.00178938
0.00178934
0.00178928
0.00178921
0.00178911
0.00178896
0.0017887
0.00178823
0.00178736
0.0017857
0.00178255
0.00177678
0.00176682
0.00511532
0.00514124
0.00515621
0.00516436
0.00516867
0.00517093
0.00517214
0.00517281
0.00517321
0.00517346
0.00517364
0.00517378
0.00517389
0.00517399
0.00517408
0.00517416
0.00517424
0.00517431
0.00517437
0.00517443
0.00517448
0.00517453
0.00517457
0.0051746
0.00517464
0.00517466
0.00517468
0.0051747
0.00517471
0.00517471
0.00517471
0.00517471
0.0051747
0.00517468
0.00517466
0.00517464
0.0051746
0.00517457
0.00517453
0.00517448
0.00517443
0.00517437
0.00517431
0.00517424
0.00517416
0.00517408
0.00517399
0.00517389
0.00517378
0.00517364
0.00517346
0.00517321
0.00517281
0.00517214
0.00517093
0.00516867
0.00516436
0.00515621
0.00514124
0.00511532
0.0124915
0.0125464
0.012578
0.0125951
0.0126042
0.012609
0.0126115
0.012613
0.0126138
0.0126143
0.0126147
0.012615
0.0126152
0.0126154
0.0126156
0.0126158
0.0126159
0.0126161
0.0126162
0.0126163
0.0126164
0.0126165
0.0126166
0.0126166
0.0126167
0.0126168
0.0126168
0.0126168
0.0126169
0.0126169
0.0126169
0.0126169
0.0126168
0.0126168
0.0126168
0.0126167
0.0126166
0.0126166
0.0126165
0.0126164
0.0126163
0.0126162
0.0126161
0.0126159
0.0126158
0.0126156
0.0126154
0.0126152
0.012615
0.0126147
0.0126143
0.0126138
0.012613
0.0126115
0.012609
0.0126042
0.0125951
0.012578
0.0125464
0.0124915
0.0256735
0.0257684
0.0258225
0.025852
0.0258676
0.0258758
0.0258802
0.0258826
0.025884
0.0258849
0.0258855
0.025886
0.0258864
0.0258867
0.025887
0.0258873
0.0258876
0.0258878
0.025888
0.0258882
0.0258884
0.0258885
0.0258886
0.0258888
0.0258889
0.0258889
0.025889
0.0258891
0.0258891
0.0258891
0.0258891
0.0258891
0.0258891
0.025889
0.0258889
0.0258889
0.0258888
0.0258886
0.0258885
0.0258884
0.0258882
0.025888
0.0258878
0.0258876
0.0258873
0.025887
0.0258867
0.0258864
0.025886
0.0258855
0.0258849
0.025884
0.0258826
0.0258802
0.0258758
0.0258676
0.025852
0.0258225
0.0257684
0.0256735
0.0449498
0.0450861
0.0451635
0.0452056
0.0452279
0.0452396
0.0452459
0.0452493
0.0452514
0.0452527
0.0452536
0.0452542
0.0452548
0.0452552
0.0452556
0.045256
0.0452563
0.0452566
0.0452569
0.0452572
0.0452574
0.0452576
0.0452578
0.045258
0.0452581
0.0452582
0.0452583
0.0452584
0.0452584
0.0452584
0.0452584
0.0452584
0.0452584
0.0452583
0.0452582
0.0452581
0.045258
0.0452578
0.0452576
0.0452574
0.0452572
0.0452569
0.0452566
0.0452563
0.045256
0.0452556
0.0452552
0.0452548
0.0452542
0.0452536
0.0452527
0.0452514
0.0452493
0.0452459
0.0452396
0.0452279
0.0452056
0.0451635
0.0450861
0.0449498
0.0687528
0.0689233
0.0690196
0.0690719
0.0690997
0.0691143
0.0691222
0.0691265
0.069129
0.0691306
0.0691317
0.0691325
0.0691332
0.0691338
0.0691342
0.0691347
0.0691351
0.0691354
0.0691358
0.0691361
0.0691363
0.0691366
0.0691368
0.069137
0.0691371
0.0691373
0.0691374
0.0691375
0.0691375
0.0691375
0.0691375
0.0691375
0.0691375
0.0691374
0.0691373
0.0691371
0.069137
0.0691368
0.0691366
0.0691363
0.0691361
0.0691358
0.0691354
0.0691351
0.0691347
0.0691342
0.0691338
0.0691332
0.0691325
0.0691317
0.0691306
0.069129
0.0691265
0.0691222
0.0691143
0.0690997
0.0690719
0.0690196
0.0689233
0.0687528
0.094818
0.0950137
0.0951236
0.0951834
0.0952151
0.095232
0.095241
0.0952459
0.0952488
0.0952507
0.0952519
0.0952528
0.0952535
0.0952541
0.0952547
0.0952551
0.0952556
0.095256
0.0952563
0.0952566
0.0952569
0.0952572
0.0952574
0.0952576
0.0952578
0.0952579
0.095258
0.0952581
0.0952582
0.0952582
0.0952582
0.0952582
0.0952581
0.095258
0.0952579
0.0952578
0.0952576
0.0952574
0.0952572
0.0952569
0.0952566
0.0952563
0.095256
0.0952556
0.0952551
0.0952547
0.0952541
0.0952535
0.0952528
0.0952519
0.0952507
0.0952488
0.0952459
0.095241
0.095232
0.0952151
0.0951834
0.0951236
0.0950137
0.094818
0.121472
0.121687
0.121807
0.121872
0.121907
0.121926
0.121936
0.121941
0.121944
0.121946
0.121948
0.121949
0.12195
0.12195
0.121951
0.121951
0.121952
0.121952
0.121952
0.121953
0.121953
0.121953
0.121954
0.121954
0.121954
0.121954
0.121954
0.121954
0.121954
0.121954
0.121954
0.121954
0.121954
0.121954
0.121954
0.121954
0.121954
0.121954
0.121953
0.121953
0.121953
0.121952
0.121952
0.121952
0.121951
0.121951
0.12195
0.12195
0.121949
0.121948
0.121946
0.121944
0.121941
0.121936
0.121926
0.121907
0.121872
0.121807
0.121687
0.121472
0.147948
0.148178
0.148307
0.148378
0.148416
0.148436
0.148446
0.148452
0.148456
0.148458
0.148459
0.148461
0.148461
0.148462
0.148463
0.148463
0.148464
0.148464
0.148464
0.148465
0.148465
0.148465
0.148465
0.148466
0.148466
0.148466
0.148466
0.148466
0.148466
0.148466
0.148466
0.148466
0.148466
0.148466
0.148466
0.148466
0.148466
0.148465
0.148465
0.148465
0.148465
0.148464
0.148464
0.148464
0.148463
0.148463
0.148462
0.148461
0.148461
0.148459
0.148458
0.148456
0.148452
0.148446
0.148436
0.148416
0.148378
0.148307
0.148178
0.147948
0.174045
0.17429
0.174428
0.174503
0.174544
0.174565
0.174577
0.174584
0.174587
0.17459
0.174591
0.174592
0.174593
0.174594
0.174594
0.174595
0.174595
0.174596
0.174596
0.174597
0.174597
0.174597
0.174597
0.174598
0.174598
0.174598
0.174598
0.174598
0.174598
0.174598
0.174598
0.174598
0.174598
0.174598
0.174598
0.174598
0.174598
0.174597
0.174597
0.174597
0.174597
0.174596
0.174596
0.174595
0.174595
0.174594
0.174594
0.174593
0.174592
0.174591
0.17459
0.174587
0.174584
0.174577
0.174565
0.174544
0.174503
0.174428
0.17429
0.174045
0.199769
0.200029
0.200175
0.200255
0.200299
0.200322
0.200335
0.200342
0.200346
0.200348
0.20035
0.200351
0.200352
0.200353
0.200353
0.200354
0.200354
0.200355
0.200355
0.200355
0.200356
0.200356
0.200356
0.200356
0.200357
0.200357
0.200357
0.200357
0.200357
0.200357
0.200357
0.200357
0.200357
0.200357
0.200357
0.200357
0.200356
0.200356
0.200356
0.200356
0.200355
0.200355
0.200355
0.200354
0.200354
0.200353
0.200353
0.200352
0.200351
0.20035
0.200348
0.200346
0.200342
0.200335
0.200322
0.200299
0.200255
0.200175
0.200029
0.199769
0.225156
0.225429
0.225584
0.225669
0.225715
0.22574
0.225754
0.225761
0.225766
0.225768
0.22577
0.225771
0.225772
0.225773
0.225774
0.225774
0.225775
0.225775
0.225775
0.225776
0.225776
0.225776
0.225777
0.225777
0.225777
0.225777
0.225777
0.225777
0.225777
0.225777
0.225777
0.225777
0.225777
0.225777
0.225777
0.225777
0.225777
0.225777
0.225776
0.225776
0.225776
0.225775
0.225775
0.225775
0.225774
0.225774
0.225773
0.225772
0.225771
0.22577
0.225768
0.225766
0.225761
0.225754
0.22574
0.225715
0.225669
0.225584
0.225429
0.225156
0.250221
0.250507
0.25067
0.25076
0.250809
0.250836
0.250851
0.250859
0.250863
0.250866
0.250868
0.250869
0.25087
0.250871
0.250872
0.250872
0.250873
0.250873
0.250874
0.250874
0.250874
0.250875
0.250875
0.250875
0.250875
0.250875
0.250875
0.250876
0.250876
0.250876
0.250876
0.250876
0.250876
0.250875
0.250875
0.250875
0.250875
0.250875
0.250875
0.250874
0.250874
0.250874
0.250873
0.250873
0.250872
0.250872
0.250871
0.25087
0.250869
0.250868
0.250866
0.250863
0.250859
0.250851
0.250836
0.250809
0.25076
0.25067
0.250507
0.250221
0.274962
0.27526
0.27543
0.275526
0.275578
0.275606
0.275622
0.275631
0.275636
0.275639
0.275641
0.275642
0.275643
0.275644
0.275645
0.275645
0.275646
0.275646
0.275647
0.275647
0.275647
0.275648
0.275648
0.275648
0.275648
0.275648
0.275648
0.275649
0.275649
0.275649
0.275649
0.275649
0.275649
0.275648
0.275648
0.275648
0.275648
0.275648
0.275648
0.275647
0.275647
0.275647
0.275646
0.275646
0.275645
0.275645
0.275644
0.275643
0.275642
0.275641
0.275639
0.275636
0.275631
0.275622
0.275606
0.275578
0.275526
0.27543
0.27526
0.274962
0.299365
0.299674
0.299852
0.299953
0.300008
0.300038
0.300055
0.300064
0.30007
0.300073
0.300075
0.300077
0.300078
0.300078
0.300079
0.30008
0.30008
0.300081
0.300081
0.300081
0.300082
0.300082
0.300082
0.300082
0.300083
0.300083
0.300083
0.300083
0.300083
0.300083
0.300083
0.300083
0.300083
0.300083
0.300083
0.300083
0.300082
0.300082
0.300082
0.300082
0.300081
0.300081
0.300081
0.30008
0.30008
0.300079
0.300078
0.300078
0.300077
0.300075
0.300073
0.30007
0.300064
0.300055
0.300038
0.300008
0.299953
0.299852
0.299674
0.299365
0.323414
0.323732
0.323918
0.324023
0.324081
0.324114
0.324131
0.324141
0.324147
0.324151
0.324153
0.324155
0.324156
0.324156
0.324157
0.324158
0.324158
0.324159
0.324159
0.324159
0.32416
0.32416
0.32416
0.32416
0.324161
0.324161
0.324161
0.324161
0.324161
0.324161
0.324161
0.324161
0.324161
0.324161
0.324161
0.324161
0.32416
0.32416
0.32416
0.32416
0.324159
0.324159
0.324159
0.324158
0.324158
0.324157
0.324156
0.324156
0.324155
0.324153
0.324151
0.324147
0.324141
0.324131
0.324114
0.324081
0.324023
0.323918
0.323732
0.323414
0.347087
0.347415
0.347608
0.347717
0.347779
0.347813
0.347832
0.347843
0.347849
0.347852
0.347855
0.347856
0.347858
0.347859
0.347859
0.34786
0.34786
0.347861
0.347861
0.347862
0.347862
0.347862
0.347862
0.347863
0.347863
0.347863
0.347863
0.347863
0.347863
0.347863
0.347863
0.347863
0.347863
0.347863
0.347863
0.347863
0.347863
0.347862
0.347862
0.347862
0.347862
0.347861
0.347861
0.34786
0.34786
0.347859
0.347859
0.347858
0.347856
0.347855
0.347852
0.347849
0.347843
0.347832
0.347813
0.347779
0.347717
0.347608
0.347415
0.347087
0.370367
0.370703
0.370902
0.371016
0.371081
0.371117
0.371137
0.371148
0.371155
0.371159
0.371162
0.371163
0.371164
0.371165
0.371166
0.371167
0.371167
0.371168
0.371168
0.371168
0.371169
0.371169
0.371169
0.371169
0.37117
0.37117
0.37117
0.37117
0.37117
0.37117
0.37117
0.37117
0.37117
0.37117
0.37117
0.37117
0.371169
0.371169
0.371169
0.371169
0.371168
0.371168
0.371168
0.371167
0.371167
0.371166
0.371165
0.371164
0.371163
0.371162
0.371159
0.371155
0.371148
0.371137
0.371117
0.371081
0.371016
0.370902
0.370703
0.370367
0.393235
0.393577
0.393782
0.393901
0.393969
0.394007
0.394028
0.39404
0.394047
0.394052
0.394054
0.394056
0.394058
0.394058
0.394059
0.39406
0.39406
0.394061
0.394061
0.394062
0.394062
0.394062
0.394062
0.394063
0.394063
0.394063
0.394063
0.394063
0.394063
0.394063
0.394063
0.394063
0.394063
0.394063
0.394063
0.394063
0.394063
0.394062
0.394062
0.394062
0.394062
0.394061
0.394061
0.39406
0.39406
0.394059
0.394058
0.394058
0.394056
0.394054
0.394052
0.394047
0.39404
0.394028
0.394007
0.393969
0.393901
0.393782
0.393577
0.393235
0.415673
0.416021
0.416232
0.416356
0.416426
0.416466
0.416489
0.416501
0.416509
0.416514
0.416517
0.416518
0.41652
0.416521
0.416521
0.416522
0.416523
0.416523
0.416523
0.416524
0.416524
0.416524
0.416525
0.416525
0.416525
0.416525
0.416525
0.416525
0.416525
0.416525
0.416525
0.416525
0.416525
0.416525
0.416525
0.416525
0.416525
0.416525
0.416524
0.416524
0.416524
0.416523
0.416523
0.416523
0.416522
0.416521
0.416521
0.41652
0.416518
0.416517
0.416514
0.416509
0.416501
0.416489
0.416466
0.416426
0.416356
0.416232
0.416021
0.415673
0.437666
0.438019
0.438235
0.438363
0.438436
0.438478
0.438502
0.438516
0.438524
0.438529
0.438532
0.438534
0.438535
0.438536
0.438537
0.438538
0.438538
0.438539
0.438539
0.43854
0.43854
0.43854
0.43854
0.43854
0.438541
0.438541
0.438541
0.438541
0.438541
0.438541
0.438541
0.438541
0.438541
0.438541
0.438541
0.438541
0.43854
0.43854
0.43854
0.43854
0.43854
0.438539
0.438539
0.438538
0.438538
0.438537
0.438536
0.438535
0.438534
0.438532
0.438529
0.438524
0.438516
0.438502
0.438478
0.438436
0.438363
0.438235
0.438019
0.437666
0.459199
0.459557
0.459778
0.45991
0.459986
0.46003
0.460055
0.46007
0.460078
0.460083
0.460087
0.460089
0.46009
0.460091
0.460092
0.460093
0.460093
0.460094
0.460094
0.460094
0.460095
0.460095
0.460095
0.460095
0.460096
0.460096
0.460096
0.460096
0.460096
0.460096
0.460096
0.460096
0.460096
0.460096
0.460096
0.460096
0.460095
0.460095
0.460095
0.460095
0.460094
0.460094
0.460094
0.460093
0.460093
0.460092
0.460091
0.46009
0.460089
0.460087
0.460083
0.460078
0.46007
0.460055
0.46003
0.459986
0.45991
0.459778
0.459557
0.459199
0.480261
0.480622
0.480848
0.480983
0.481062
0.481108
0.481135
0.48115
0.481159
0.481165
0.481168
0.48117
0.481172
0.481173
0.481174
0.481175
0.481175
0.481176
0.481176
0.481176
0.481177
0.481177
0.481177
0.481177
0.481177
0.481177
0.481178
0.481178
0.481178
0.481178
0.481178
0.481178
0.481178
0.481178
0.481177
0.481177
0.481177
0.481177
0.481177
0.481177
0.481176
0.481176
0.481176
0.481175
0.481175
0.481174
0.481173
0.481172
0.48117
0.481168
0.481165
0.481159
0.48115
0.481135
0.481108
0.481062
0.480983
0.480848
0.480622
0.480261
0.50084
0.501204
0.501433
0.501572
0.501654
0.501702
0.50173
0.501746
0.501756
0.501762
0.501765
0.501768
0.501769
0.501771
0.501772
0.501772
0.501773
0.501773
0.501774
0.501774
0.501774
0.501774
0.501775
0.501775
0.501775
0.501775
0.501775
0.501775
0.501775
0.501775
0.501775
0.501775
0.501775
0.501775
0.501775
0.501775
0.501775
0.501775
0.501774
0.501774
0.501774
0.501774
0.501773
0.501773
0.501772
0.501772
0.501771
0.501769
0.501768
0.501765
0.501762
0.501756
0.501746
0.50173
0.501702
0.501654
0.501572
0.501433
0.501204
0.50084
0.520928
0.521293
0.521525
0.521668
0.521752
0.521802
0.521832
0.521849
0.521859
0.521865
0.521869
0.521872
0.521874
0.521875
0.521876
0.521876
0.521877
0.521877
0.521878
0.521878
0.521878
0.521879
0.521879
0.521879
0.521879
0.521879
0.521879
0.521879
0.52188
0.52188
0.52188
0.52188
0.521879
0.521879
0.521879
0.521879
0.521879
0.521879
0.521879
0.521878
0.521878
0.521878
0.521877
0.521877
0.521876
0.521876
0.521875
0.521874
0.521872
0.521869
0.521865
0.521859
0.521849
0.521832
0.521802
0.521752
0.521668
0.521525
0.521293
0.520928
0.540515
0.540881
0.541116
0.541262
0.54135
0.541401
0.541432
0.54145
0.541461
0.541468
0.541472
0.541475
0.541477
0.541478
0.541479
0.541479
0.54148
0.54148
0.541481
0.541481
0.541481
0.541482
0.541482
0.541482
0.541482
0.541482
0.541482
0.541483
0.541483
0.541483
0.541483
0.541483
0.541483
0.541482
0.541482
0.541482
0.541482
0.541482
0.541482
0.541481
0.541481
0.541481
0.54148
0.54148
0.541479
0.541479
0.541478
0.541477
0.541475
0.541472
0.541468
0.541461
0.54145
0.541432
0.541401
0.54135
0.541262
0.541116
0.540881
0.540515
0.559597
0.559963
0.560201
0.560349
0.560439
0.560493
0.560525
0.560544
0.560556
0.560563
0.560567
0.56057
0.560572
0.560574
0.560575
0.560575
0.560576
0.560576
0.560577
0.560577
0.560577
0.560577
0.560578
0.560578
0.560578
0.560578
0.560578
0.560578
0.560578
0.560578
0.560578
0.560578
0.560578
0.560578
0.560578
0.560578
0.560578
0.560578
0.560577
0.560577
0.560577
0.560577
0.560576
0.560576
0.560575
0.560575
0.560574
0.560572
0.56057
0.560567
0.560563
0.560556
0.560544
0.560525
0.560493
0.560439
0.560349
0.560201
0.559963
0.559597
0.578168
0.578533
0.578773
0.578924
0.579017
0.579073
0.579106
0.579126
0.579139
0.579146
0.579151
0.579154
0.579156
0.579157
0.579158
0.579159
0.57916
0.57916
0.57916
0.579161
0.579161
0.579161
0.579161
0.579162
0.579162
0.579162
0.579162
0.579162
0.579162
0.579162
0.579162
0.579162
0.579162
0.579162
0.579162
0.579162
0.579162
0.579161
0.579161
0.579161
0.579161
0.57916
0.57916
0.57916
0.579159
0.579158
0.579157
0.579156
0.579154
0.579151
0.579146
0.579139
0.579126
0.579106
0.579073
0.579017
0.578924
0.578773
0.578533
0.578168
0.596225
0.596589
0.59683
0.596984
0.597079
0.597137
0.597172
0.597193
0.597206
0.597214
0.597219
0.597222
0.597224
0.597226
0.597227
0.597227
0.597228
0.597228
0.597229
0.597229
0.597229
0.59723
0.59723
0.59723
0.59723
0.59723
0.59723
0.59723
0.59723
0.59723
0.59723
0.59723
0.59723
0.59723
0.59723
0.59723
0.59723
0.59723
0.59723
0.597229
0.597229
0.597229
0.597228
0.597228
0.597227
0.597227
0.597226
0.597224
0.597222
0.597219
0.597214
0.597206
0.597193
0.597172
0.597137
0.597079
0.596984
0.59683
0.596589
0.596225
0.613767
0.614128
0.61437
0.614526
0.614624
0.614683
0.61472
0.614742
0.614756
0.614764
0.614769
0.614773
0.614775
0.614777
0.614778
0.614778
0.614779
0.61478
0.61478
0.61478
0.61478
0.614781
0.614781
0.614781
0.614781
0.614781
0.614781
0.614781
0.614781
0.614781
0.614781
0.614781
0.614781
0.614781
0.614781
0.614781
0.614781
0.614781
0.614781
0.61478
0.61478
0.61478
0.61478
0.614779
0.614778
0.614778
0.614777
0.614775
0.614773
0.614769
0.614764
0.614756
0.614742
0.61472
0.614683
0.614624
0.614526
0.61437
0.614128
0.613767
0.630791
0.63115
0.631393
0.631551
0.63165
0.631712
0.63175
0.631773
0.631787
0.631796
0.631802
0.631805
0.631808
0.63181
0.631811
0.631811
0.631812
0.631813
0.631813
0.631813
0.631814
0.631814
0.631814
0.631814
0.631814
0.631814
0.631814
0.631814
0.631814
0.631814
0.631814
0.631814
0.631814
0.631814
0.631814
0.631814
0.631814
0.631814
0.631814
0.631814
0.631813
0.631813
0.631813
0.631812
0.631811
0.631811
0.63181
0.631808
0.631805
0.631802
0.631796
0.631787
0.631773
0.63175
0.631712
0.63165
0.631551
0.631393
0.63115
0.630791
0.6473
0.647655
0.647898
0.648058
0.648159
0.648223
0.648262
0.648286
0.648301
0.648311
0.648317
0.648321
0.648323
0.648325
0.648326
0.648327
0.648328
0.648328
0.648328
0.648329
0.648329
0.648329
0.648329
0.64833
0.64833
0.64833
0.64833
0.64833
0.64833
0.64833
0.64833
0.64833
0.64833
0.64833
0.64833
0.64833
0.64833
0.648329
0.648329
0.648329
0.648329
0.648328
0.648328
0.648328
0.648327
0.648326
0.648325
0.648323
0.648321
0.648317
0.648311
0.648301
0.648286
0.648262
0.648223
0.648159
0.648058
0.647898
0.647655
0.6473
0.663294
0.663646
0.663888
0.664049
0.664152
0.664217
0.664258
0.664284
0.664299
0.664309
0.664316
0.66432
0.664323
0.664324
0.664326
0.664327
0.664327
0.664328
0.664328
0.664328
0.664329
0.664329
0.664329
0.664329
0.664329
0.664329
0.664329
0.66433
0.66433
0.66433
0.66433
0.66433
0.66433
0.664329
0.664329
0.664329
0.664329
0.664329
0.664329
0.664329
0.664328
0.664328
0.664328
0.664327
0.664327
0.664326
0.664324
0.664323
0.66432
0.664316
0.664309
0.664299
0.664284
0.664258
0.664217
0.664152
0.664049
0.663888
0.663646
0.663294
0.678776
0.679124
0.679366
0.679527
0.679632
0.679699
0.679741
0.679768
0.679784
0.679795
0.679801
0.679806
0.679809
0.679811
0.679812
0.679813
0.679814
0.679814
0.679815
0.679815
0.679815
0.679815
0.679815
0.679816
0.679816
0.679816
0.679816
0.679816
0.679816
0.679816
0.679816
0.679816
0.679816
0.679816
0.679816
0.679816
0.679816
0.679815
0.679815
0.679815
0.679815
0.679815
0.679814
0.679814
0.679813
0.679812
0.679811
0.679809
0.679806
0.679801
0.679795
0.679784
0.679768
0.679741
0.679699
0.679632
0.679527
0.679366
0.679124
0.678776
0.693751
0.694093
0.694334
0.694496
0.694603
0.694671
0.694715
0.694742
0.694759
0.694771
0.694778
0.694782
0.694785
0.694787
0.694789
0.69479
0.694791
0.694791
0.694791
0.694792
0.694792
0.694792
0.694792
0.694793
0.694793
0.694793
0.694793
0.694793
0.694793
0.694793
0.694793
0.694793
0.694793
0.694793
0.694793
0.694793
0.694793
0.694792
0.694792
0.694792
0.694792
0.694791
0.694791
0.694791
0.69479
0.694789
0.694787
0.694785
0.694782
0.694778
0.694771
0.694759
0.694742
0.694715
0.694671
0.694603
0.694496
0.694334
0.694093
0.693751
0.708221
0.708558
0.708797
0.70896
0.709068
0.709138
0.709183
0.709211
0.70923
0.709241
0.709249
0.709254
0.709257
0.709259
0.709261
0.709262
0.709263
0.709263
0.709263
0.709264
0.709264
0.709264
0.709264
0.709265
0.709265
0.709265
0.709265
0.709265
0.709265
0.709265
0.709265
0.709265
0.709265
0.709265
0.709265
0.709265
0.709265
0.709264
0.709264
0.709264
0.709264
0.709263
0.709263
0.709263
0.709262
0.709261
0.709259
0.709257
0.709254
0.709249
0.709241
0.70923
0.709211
0.709183
0.709138
0.709068
0.70896
0.708797
0.708558
0.708221
0.722193
0.722525
0.722762
0.722925
0.723034
0.723105
0.723152
0.723181
0.7232
0.723213
0.723221
0.723226
0.723229
0.723232
0.723233
0.723234
0.723235
0.723236
0.723236
0.723236
0.723237
0.723237
0.723237
0.723237
0.723237
0.723237
0.723237
0.723237
0.723237
0.723237
0.723237
0.723237
0.723237
0.723237
0.723237
0.723237
0.723237
0.723237
0.723237
0.723237
0.723236
0.723236
0.723236
0.723235
0.723234
0.723233
0.723232
0.723229
0.723226
0.723221
0.723213
0.7232
0.723181
0.723152
0.723105
0.723034
0.722925
0.722762
0.722525
0.722193
0.735674
0.735999
0.736234
0.736397
0.736507
0.73658
0.736627
0.736658
0.736678
0.73669
0.736699
0.736704
0.736708
0.736711
0.736712
0.736713
0.736714
0.736715
0.736715
0.736716
0.736716
0.736716
0.736716
0.736716
0.736716
0.736716
0.736717
0.736717
0.736717
0.736717
0.736717
0.736717
0.736717
0.736717
0.736716
0.736716
0.736716
0.736716
0.736716
0.736716
0.736716
0.736715
0.736715
0.736714
0.736713
0.736712
0.736711
0.736708
0.736704
0.736699
0.73669
0.736678
0.736658
0.736627
0.73658
0.736507
0.736397
0.736234
0.735999
0.735674
0.748669
0.748988
0.74922
0.749383
0.749494
0.749567
0.749616
0.749648
0.749668
0.749682
0.749691
0.749697
0.749701
0.749703
0.749705
0.749706
0.749707
0.749708
0.749708
0.749708
0.749709
0.749709
0.749709
0.749709
0.749709
0.749709
0.749709
0.749709
0.749709
0.749709
0.749709
0.749709
0.749709
0.749709
0.749709
0.749709
0.749709
0.749709
0.749709
0.749709
0.749708
0.749708
0.749708
0.749707
0.749706
0.749705
0.749703
0.749701
0.749697
0.749691
0.749682
0.749668
0.749648
0.749616
0.749567
0.749494
0.749383
0.74922
0.748988
0.748669
0.761186
0.761499
0.761728
0.76189
0.762002
0.762077
0.762126
0.762159
0.762181
0.762195
0.762204
0.76221
0.762214
0.762217
0.762219
0.76222
0.762221
0.762222
0.762222
0.762223
0.762223
0.762223
0.762223
0.762223
0.762223
0.762224
0.762224
0.762224
0.762224
0.762224
0.762224
0.762224
0.762224
0.762224
0.762224
0.762223
0.762223
0.762223
0.762223
0.762223
0.762223
0.762222
0.762222
0.762221
0.76222
0.762219
0.762217
0.762214
0.76221
0.762204
0.762195
0.762181
0.762159
0.762126
0.762077
0.762002
0.76189
0.761728
0.761499
0.761186
0.773235
0.77354
0.773766
0.773927
0.774039
0.774115
0.774166
0.7742
0.774222
0.774237
0.774246
0.774253
0.774257
0.77426
0.774262
0.774264
0.774265
0.774265
0.774266
0.774266
0.774266
0.774267
0.774267
0.774267
0.774267
0.774267
0.774267
0.774267
0.774267
0.774267
0.774267
0.774267
0.774267
0.774267
0.774267
0.774267
0.774267
0.774267
0.774267
0.774266
0.774266
0.774266
0.774265
0.774265
0.774264
0.774262
0.77426
0.774257
0.774253
0.774246
0.774237
0.774222
0.7742
0.774166
0.774115
0.774039
0.773927
0.773766
0.77354
0.773235
0.784822
0.78512
0.785342
0.785503
0.785615
0.785692
0.785743
0.785778
0.785801
0.785817
0.785827
0.785834
0.785838
0.785841
0.785844
0.785845
0.785846
0.785847
0.785847
0.785848
0.785848
0.785848
0.785848
0.785848
0.785849
0.785849
0.785849
0.785849
0.785849
0.785849
0.785849
0.785849
0.785849
0.785849
0.785849
0.785849
0.785848
0.785848
0.785848
0.785848
0.785848
0.785847
0.785847
0.785846
0.785845
0.785844
0.785841
0.785838
0.785834
0.785827
0.785817
0.785801
0.785778
0.785743
0.785692
0.785615
0.785503
0.785342
0.78512
0.784822
0.795957
0.796248
0.796467
0.796626
0.796738
0.796815
0.796868
0.796904
0.796928
0.796944
0.796954
0.796962
0.796967
0.79697
0.796972
0.796974
0.796975
0.796976
0.796976
0.796977
0.796977
0.796977
0.796977
0.796977
0.796977
0.796977
0.796977
0.796977
0.796978
0.796978
0.796978
0.796978
0.796977
0.796977
0.796977
0.796977
0.796977
0.796977
0.796977
0.796977
0.796977
0.796976
0.796976
0.796975
0.796974
0.796972
0.79697
0.796967
0.796962
0.796954
0.796944
0.796928
0.796904
0.796868
0.796815
0.796738
0.796626
0.796467
0.796248
0.795957
0.806651
0.806934
0.807149
0.807306
0.807418
0.807496
0.80755
0.807586
0.807611
0.807627
0.807639
0.807646
0.807651
0.807655
0.807657
0.807659
0.80766
0.807661
0.807662
0.807662
0.807662
0.807662
0.807663
0.807663
0.807663
0.807663
0.807663
0.807663
0.807663
0.807663
0.807663
0.807663
0.807663
0.807663
0.807663
0.807663
0.807663
0.807663
0.807662
0.807662
0.807662
0.807662
0.807661
0.80766
0.807659
0.807657
0.807655
0.807651
0.807646
0.807639
0.807627
0.807611
0.807586
0.80755
0.807496
0.807418
0.807306
0.807149
0.806934
0.806651
0.816912
0.817187
0.817398
0.817553
0.817665
0.817743
0.817798
0.817835
0.81786
0.817878
0.817889
0.817897
0.817903
0.817906
0.817909
0.817911
0.817912
0.817913
0.817914
0.817914
0.817914
0.817915
0.817915
0.817915
0.817915
0.817915
0.817915
0.817915
0.817915
0.817915
0.817915
0.817915
0.817915
0.817915
0.817915
0.817915
0.817915
0.817915
0.817915
0.817914
0.817914
0.817914
0.817913
0.817912
0.817911
0.817909
0.817906
0.817903
0.817897
0.817889
0.817878
0.81786
0.817835
0.817798
0.817743
0.817665
0.817553
0.817398
0.817187
0.816912
0.826751
0.827018
0.827224
0.827377
0.827488
0.827567
0.827622
0.82766
0.827687
0.827704
0.827717
0.827725
0.827731
0.827735
0.827738
0.827739
0.827741
0.827742
0.827742
0.827743
0.827743
0.827743
0.827743
0.827744
0.827744
0.827744
0.827744
0.827744
0.827744
0.827744
0.827744
0.827744
0.827744
0.827744
0.827744
0.827744
0.827744
0.827743
0.827743
0.827743
0.827743
0.827742
0.827742
0.827741
0.827739
0.827738
0.827735
0.827731
0.827725
0.827717
0.827704
0.827687
0.82766
0.827622
0.827567
0.827488
0.827377
0.827224
0.827018
0.826751
0.836177
0.836437
0.836638
0.836789
0.8369
0.836979
0.837034
0.837073
0.8371
0.837119
0.837131
0.83714
0.837146
0.83715
0.837153
0.837155
0.837157
0.837158
0.837158
0.837159
0.837159
0.837159
0.837159
0.83716
0.83716
0.83716
0.83716
0.83716
0.83716
0.83716
0.83716
0.83716
0.83716
0.83716
0.83716
0.83716
0.83716
0.837159
0.837159
0.837159
0.837159
0.837158
0.837158
0.837157
0.837155
0.837153
0.83715
0.837146
0.83714
0.837131
0.837119
0.8371
0.837073
0.837034
0.836979
0.8369
0.836789
0.836638
0.836437
0.836177
0.845203
0.845455
0.845651
0.8458
0.845909
0.845988
0.846044
0.846084
0.846111
0.84613
0.846144
0.846153
0.846159
0.846163
0.846167
0.846169
0.84617
0.846171
0.846172
0.846172
0.846173
0.846173
0.846173
0.846173
0.846174
0.846174
0.846174
0.846174
0.846174
0.846174
0.846174
0.846174
0.846174
0.846174
0.846174
0.846174
0.846173
0.846173
0.846173
0.846173
0.846172
0.846172
0.846171
0.84617
0.846169
0.846167
0.846163
0.846159
0.846153
0.846144
0.84613
0.846111
0.846084
0.846044
0.845988
0.845909
0.8458
0.845651
0.845455
0.845203
0.853838
0.854082
0.854273
0.854419
0.854527
0.854606
0.854663
0.854703
0.854731
0.854751
0.854764
0.854774
0.854781
0.854785
0.854789
0.854791
0.854792
0.854793
0.854794
0.854795
0.854795
0.854795
0.854796
0.854796
0.854796
0.854796
0.854796
0.854796
0.854796
0.854796
0.854796
0.854796
0.854796
0.854796
0.854796
0.854796
0.854796
0.854796
0.854795
0.854795
0.854795
0.854794
0.854793
0.854792
0.854791
0.854789
0.854785
0.854781
0.854774
0.854764
0.854751
0.854731
0.854703
0.854663
0.854606
0.854527
0.854419
0.854273
0.854082
0.853838
0.862093
0.862329
0.862515
0.862658
0.862765
0.862844
0.862901
0.862942
0.86297
0.862991
0.863005
0.863015
0.863022
0.863027
0.86303
0.863032
0.863034
0.863035
0.863036
0.863037
0.863037
0.863037
0.863038
0.863038
0.863038
0.863038
0.863038
0.863038
0.863038
0.863038
0.863038
0.863038
0.863038
0.863038
0.863038
0.863038
0.863038
0.863038
0.863037
0.863037
0.863037
0.863036
0.863035
0.863034
0.863032
0.86303
0.863027
0.863022
0.863015
0.863005
0.862991
0.86297
0.862942
0.862901
0.862844
0.862765
0.862658
0.862515
0.862329
0.862093
0.86998
0.870207
0.870389
0.870529
0.870634
0.870713
0.87077
0.870811
0.87084
0.870861
0.870875
0.870886
0.870893
0.870898
0.870902
0.870904
0.870906
0.870907
0.870908
0.870909
0.870909
0.87091
0.87091
0.87091
0.87091
0.87091
0.87091
0.87091
0.87091
0.87091
0.87091
0.87091
0.87091
0.87091
0.87091
0.87091
0.87091
0.87091
0.87091
0.870909
0.870909
0.870908
0.870907
0.870906
0.870904
0.870902
0.870898
0.870893
0.870886
0.870875
0.870861
0.87084
0.870811
0.87077
0.870713
0.870634
0.870529
0.870389
0.870207
0.86998
0.877509
0.877728
0.877904
0.878041
0.878145
0.878223
0.87828
0.878322
0.878351
0.878373
0.878388
0.878398
0.878406
0.878411
0.878415
0.878418
0.87842
0.878421
0.878422
0.878423
0.878423
0.878424
0.878424
0.878424
0.878424
0.878424
0.878424
0.878424
0.878424
0.878424
0.878424
0.878424
0.878424
0.878424
0.878424
0.878424
0.878424
0.878424
0.878424
0.878423
0.878423
0.878422
0.878421
0.87842
0.878418
0.878415
0.878411
0.878406
0.878398
0.878388
0.878373
0.878351
0.878322
0.87828
0.878223
0.878145
0.878041
0.877904
0.877728
0.877509
0.884691
0.884903
0.885073
0.885207
0.885309
0.885386
0.885443
0.885485
0.885515
0.885537
0.885552
0.885564
0.885572
0.885577
0.885581
0.885584
0.885586
0.885587
0.885588
0.885589
0.88559
0.88559
0.88559
0.88559
0.885591
0.885591
0.885591
0.885591
0.885591
0.885591
0.885591
0.885591
0.885591
0.885591
0.885591
0.885591
0.88559
0.88559
0.88559
0.88559
0.885589
0.885588
0.885587
0.885586
0.885584
0.885581
0.885577
0.885572
0.885564
0.885552
0.885537
0.885515
0.885485
0.885443
0.885386
0.885309
0.885207
0.885073
0.884903
0.884691
0.891537
0.891741
0.891906
0.892037
0.892137
0.892213
0.89227
0.892312
0.892343
0.892365
0.892381
0.892392
0.892401
0.892406
0.892411
0.892414
0.892416
0.892417
0.892418
0.892419
0.89242
0.89242
0.89242
0.892421
0.892421
0.892421
0.892421
0.892421
0.892421
0.892421
0.892421
0.892421
0.892421
0.892421
0.892421
0.892421
0.892421
0.89242
0.89242
0.89242
0.892419
0.892418
0.892417
0.892416
0.892414
0.892411
0.892406
0.892401
0.892392
0.892381
0.892365
0.892343
0.892312
0.89227
0.892213
0.892137
0.892037
0.891906
0.891741
0.891537
0.898059
0.898255
0.898415
0.898541
0.89864
0.898715
0.898772
0.898814
0.898845
0.898867
0.898884
0.898896
0.898904
0.89891
0.898915
0.898918
0.89892
0.898922
0.898923
0.898924
0.898924
0.898925
0.898925
0.898925
0.898925
0.898926
0.898926
0.898926
0.898926
0.898926
0.898926
0.898926
0.898926
0.898926
0.898926
0.898925
0.898925
0.898925
0.898925
0.898924
0.898924
0.898923
0.898922
0.89892
0.898918
0.898915
0.89891
0.898904
0.898896
0.898884
0.898867
0.898845
0.898814
0.898772
0.898715
0.89864
0.898541
0.898415
0.898255
0.898059
0.904267
0.904455
0.904609
0.904732
0.904829
0.904903
0.904959
0.905001
0.905033
0.905056
0.905072
0.905084
0.905093
0.9051
0.905104
0.905108
0.90511
0.905112
0.905113
0.905114
0.905115
0.905115
0.905115
0.905115
0.905116
0.905116
0.905116
0.905116
0.905116
0.905116
0.905116
0.905116
0.905116
0.905116
0.905116
0.905116
0.905115
0.905115
0.905115
0.905115
0.905114
0.905113
0.905112
0.90511
0.905108
0.905104
0.9051
0.905093
0.905084
0.905072
0.905056
0.905033
0.905001
0.904959
0.904903
0.904829
0.904732
0.904609
0.904455
0.904267
0.910171
0.910352
0.910501
0.91062
0.910715
0.910788
0.910843
0.910886
0.910917
0.91094
0.910957
0.91097
0.910979
0.910985
0.91099
0.910994
0.910996
0.910998
0.910999
0.911
0.911001
0.911001
0.911002
0.911002
0.911002
0.911002
0.911002
0.911002
0.911002
0.911002
0.911002
0.911002
0.911002
0.911002
0.911002
0.911002
0.911002
0.911002
0.911001
0.911001
0.911
0.910999
0.910998
0.910996
0.910994
0.91099
0.910985
0.910979
0.91097
0.910957
0.91094
0.910917
0.910886
0.910843
0.910788
0.910715
0.91062
0.910501
0.910352
0.910171
0.915783
0.915957
0.9161
0.916216
0.916308
0.91638
0.916435
0.916477
0.916508
0.916532
0.916549
0.916562
0.916571
0.916578
0.916583
0.916587
0.916589
0.916591
0.916593
0.916594
0.916595
0.916595
0.916595
0.916596
0.916596
0.916596
0.916596
0.916596
0.916596
0.916596
0.916596
0.916596
0.916596
0.916596
0.916596
0.916596
0.916596
0.916595
0.916595
0.916595
0.916594
0.916593
0.916591
0.916589
0.916587
0.916583
0.916578
0.916571
0.916562
0.916549
0.916532
0.916508
0.916477
0.916435
0.91638
0.916308
0.916216
0.9161
0.915957
0.915783
0.921114
0.92128
0.921417
0.92153
0.921619
0.92169
0.921744
0.921786
0.921817
0.921841
0.921859
0.921872
0.921881
0.921889
0.921894
0.921898
0.9219
0.921902
0.921904
0.921905
0.921906
0.921906
0.921907
0.921907
0.921907
0.921907
0.921907
0.921907
0.921907
0.921907
0.921907
0.921907
0.921907
0.921907
0.921907
0.921907
0.921907
0.921907
0.921906
0.921906
0.921905
0.921904
0.921902
0.9219
0.921898
0.921894
0.921889
0.921881
0.921872
0.921859
0.921841
0.921817
0.921786
0.921744
0.92169
0.921619
0.92153
0.921417
0.92128
0.921114
0.926173
0.926331
0.926464
0.926572
0.926659
0.926728
0.926782
0.926823
0.926855
0.926879
0.926896
0.92691
0.92692
0.926927
0.926932
0.926936
0.926939
0.926942
0.926943
0.926944
0.926945
0.926946
0.926946
0.926946
0.926947
0.926947
0.926947
0.926947
0.926947
0.926947
0.926947
0.926947
0.926947
0.926947
0.926947
0.926947
0.926946
0.926946
0.926946
0.926945
0.926944
0.926943
0.926942
0.926939
0.926936
0.926932
0.926927
0.92692
0.92691
0.926896
0.926879
0.926855
0.926823
0.926782
0.926728
0.926659
0.926572
0.926464
0.926331
0.926173
0.93097
0.931122
0.931249
0.931353
0.931438
0.931505
0.931558
0.931599
0.931631
0.931655
0.931673
0.931686
0.931696
0.931704
0.93171
0.931714
0.931717
0.931719
0.931721
0.931722
0.931723
0.931723
0.931724
0.931724
0.931724
0.931724
0.931725
0.931725
0.931725
0.931725
0.931725
0.931725
0.931725
0.931725
0.931724
0.931724
0.931724
0.931724
0.931723
0.931723
0.931722
0.931721
0.931719
0.931717
0.931714
0.93171
0.931704
0.931696
0.931686
0.931673
0.931655
0.931631
0.931599
0.931558
0.931505
0.931438
0.931353
0.931249
0.931122
0.93097
0.935517
0.935661
0.935783
0.935884
0.935966
0.936032
0.936083
0.936124
0.936155
0.936179
0.936197
0.936211
0.936222
0.936229
0.936235
0.936239
0.936243
0.936245
0.936247
0.936248
0.936249
0.93625
0.93625
0.93625
0.936251
0.936251
0.936251
0.936251
0.936251
0.936251
0.936251
0.936251
0.936251
0.936251
0.936251
0.936251
0.93625
0.93625
0.93625
0.936249
0.936248
0.936247
0.936245
0.936243
0.936239
0.936235
0.936229
0.936222
0.936211
0.936197
0.936179
0.936155
0.936124
0.936083
0.936032
0.935966
0.935884
0.935783
0.935661
0.935517
0.939822
0.93996
0.940076
0.940173
0.940253
0.940317
0.940367
0.940407
0.940438
0.940462
0.940481
0.940495
0.940505
0.940513
0.940519
0.940523
0.940527
0.940529
0.940531
0.940532
0.940533
0.940534
0.940535
0.940535
0.940535
0.940536
0.940536
0.940536
0.940536
0.940536
0.940536
0.940536
0.940536
0.940536
0.940536
0.940535
0.940535
0.940535
0.940534
0.940533
0.940532
0.940531
0.940529
0.940527
0.940523
0.940519
0.940513
0.940505
0.940495
0.940481
0.940462
0.940438
0.940407
0.940367
0.940317
0.940253
0.940173
0.940076
0.93996
0.939822
0.943896
0.944027
0.944138
0.944231
0.944308
0.94437
0.94442
0.944459
0.94449
0.944514
0.944532
0.944546
0.944557
0.944565
0.944571
0.944576
0.944579
0.944582
0.944584
0.944585
0.944586
0.944587
0.944587
0.944588
0.944588
0.944588
0.944589
0.944589
0.944589
0.944589
0.944589
0.944589
0.944589
0.944589
0.944588
0.944588
0.944588
0.944587
0.944587
0.944586
0.944585
0.944584
0.944582
0.944579
0.944576
0.944571
0.944565
0.944557
0.944546
0.944532
0.944514
0.94449
0.944459
0.94442
0.94437
0.944308
0.944231
0.944138
0.944027
0.943896
0.947747
0.947872
0.947978
0.948068
0.948141
0.948202
0.94825
0.948289
0.948319
0.948343
0.948361
0.948376
0.948386
0.948395
0.948401
0.948406
0.948409
0.948412
0.948414
0.948415
0.948417
0.948417
0.948418
0.948418
0.948419
0.948419
0.948419
0.948419
0.948419
0.948419
0.948419
0.948419
0.948419
0.948419
0.948419
0.948419
0.948418
0.948418
0.948417
0.948417
0.948415
0.948414
0.948412
0.948409
0.948406
0.948401
0.948395
0.948386
0.948376
0.948361
0.948343
0.948319
0.948289
0.94825
0.948202
0.948141
0.948068
0.947978
0.947872
0.947747
0.951386
0.951504
0.951606
0.951691
0.951762
0.951821
0.951868
0.951906
0.951936
0.951959
0.951978
0.951992
0.952003
0.952011
0.952018
0.952023
0.952026
0.952029
0.952031
0.952033
0.952034
0.952035
0.952035
0.952036
0.952036
0.952036
0.952037
0.952037
0.952037
0.952037
0.952037
0.952037
0.952037
0.952037
0.952036
0.952036
0.952036
0.952035
0.952035
0.952034
0.952033
0.952031
0.952029
0.952026
0.952023
0.952018
0.952011
0.952003
0.951992
0.951978
0.951959
0.951936
0.951906
0.951868
0.951821
0.951762
0.951691
0.951606
0.951504
0.951386
0.954821
0.954933
0.95503
0.955112
0.95518
0.955236
0.955282
0.955319
0.955349
0.955372
0.95539
0.955405
0.955416
0.955424
0.955431
0.955436
0.95544
0.955442
0.955445
0.955446
0.955447
0.955448
0.955449
0.95545
0.95545
0.95545
0.95545
0.95545
0.955451
0.955451
0.955451
0.955451
0.95545
0.95545
0.95545
0.95545
0.95545
0.955449
0.955448
0.955447
0.955446
0.955445
0.955442
0.95544
0.955436
0.955431
0.955424
0.955416
0.955405
0.95539
0.955372
0.955349
0.955319
0.955282
0.955236
0.95518
0.955112
0.95503
0.954933
0.954821
0.958062
0.958168
0.958259
0.958338
0.958403
0.958457
0.958502
0.958538
0.958567
0.95859
0.958608
0.958622
0.958634
0.958642
0.958649
0.958654
0.958658
0.958661
0.958663
0.958665
0.958666
0.958667
0.958668
0.958668
0.958669
0.958669
0.958669
0.958669
0.958669
0.958669
0.958669
0.958669
0.958669
0.958669
0.958669
0.958669
0.958668
0.958668
0.958667
0.958666
0.958665
0.958663
0.958661
0.958658
0.958654
0.958649
0.958642
0.958634
0.958622
0.958608
0.95859
0.958567
0.958538
0.958502
0.958457
0.958403
0.958338
0.958259
0.958168
0.958062
0.961116
0.961216
0.961303
0.961378
0.96144
0.961493
0.961536
0.961571
0.961599
0.961622
0.96164
0.961654
0.961665
0.961674
0.961681
0.961686
0.96169
0.961693
0.961695
0.961697
0.961698
0.961699
0.9617
0.961701
0.961701
0.961701
0.961701
0.961702
0.961702
0.961702
0.961702
0.961702
0.961702
0.961701
0.961701
0.961701
0.961701
0.9617
0.961699
0.961698
0.961697
0.961695
0.961693
0.96169
0.961686
0.961681
0.961674
0.961665
0.961654
0.96164
0.961622
0.961599
0.961571
0.961536
0.961493
0.96144
0.961378
0.961303
0.961216
0.961116
0.963992
0.964087
0.964169
0.96424
0.9643
0.96435
0.964392
0.964426
0.964454
0.964476
0.964494
0.964508
0.964519
0.964528
0.964535
0.96454
0.964544
0.964547
0.964549
0.964551
0.964553
0.964554
0.964555
0.964555
0.964556
0.964556
0.964556
0.964556
0.964556
0.964556
0.964556
0.964556
0.964556
0.964556
0.964556
0.964556
0.964555
0.964555
0.964554
0.964553
0.964551
0.964549
0.964547
0.964544
0.96454
0.964535
0.964528
0.964519
0.964508
0.964494
0.964476
0.964454
0.964426
0.964392
0.96435
0.9643
0.96424
0.964169
0.964087
0.963992
0.966699
0.966789
0.966866
0.966934
0.966991
0.967039
0.967079
0.967112
0.967139
0.967161
0.967179
0.967193
0.967204
0.967212
0.967219
0.967224
0.967229
0.967232
0.967234
0.967236
0.967238
0.967239
0.967239
0.96724
0.967241
0.967241
0.967241
0.967241
0.967241
0.967241
0.967241
0.967241
0.967241
0.967241
0.967241
0.967241
0.96724
0.967239
0.967239
0.967238
0.967236
0.967234
0.967232
0.967229
0.967224
0.967219
0.967212
0.967204
0.967193
0.967179
0.967161
0.967139
0.967112
0.967079
0.967039
0.966991
0.966934
0.966866
0.966789
0.966699
0.969245
0.969329
0.969402
0.969466
0.969521
0.969567
0.969605
0.969637
0.969663
0.969685
0.969702
0.969716
0.969727
0.969735
0.969742
0.969748
0.969752
0.969755
0.969758
0.96976
0.969761
0.969762
0.969763
0.969764
0.969764
0.969764
0.969765
0.969765
0.969765
0.969765
0.969765
0.969765
0.969765
0.969765
0.969764
0.969764
0.969764
0.969763
0.969762
0.969761
0.96976
0.969758
0.969755
0.969752
0.969748
0.969742
0.969735
0.969727
0.969716
0.969702
0.969685
0.969663
0.969637
0.969605
0.969567
0.969521
0.969466
0.969402
0.969329
0.969245
0.971637
0.971716
0.971785
0.971845
0.971897
0.971941
0.971978
0.972009
0.972034
0.972055
0.972072
0.972085
0.972096
0.972105
0.972112
0.972117
0.972121
0.972125
0.972127
0.972129
0.972131
0.972132
0.972133
0.972134
0.972134
0.972134
0.972135
0.972135
0.972135
0.972135
0.972135
0.972135
0.972135
0.972135
0.972134
0.972134
0.972134
0.972133
0.972132
0.972131
0.972129
0.972127
0.972125
0.972121
0.972117
0.972112
0.972105
0.972096
0.972085
0.972072
0.972055
0.972034
0.972009
0.971978
0.971941
0.971897
0.971845
0.971785
0.971716
0.971637
0.973883
0.973957
0.974022
0.974079
0.974128
0.97417
0.974205
0.974235
0.974259
0.97428
0.974296
0.974309
0.97432
0.974329
0.974335
0.974341
0.974345
0.974348
0.974351
0.974353
0.974355
0.974356
0.974357
0.974357
0.974358
0.974358
0.974359
0.974359
0.974359
0.974359
0.974359
0.974359
0.974359
0.974359
0.974358
0.974358
0.974357
0.974357
0.974356
0.974355
0.974353
0.974351
0.974348
0.974345
0.974341
0.974335
0.974329
0.97432
0.974309
0.974296
0.97428
0.974259
0.974235
0.974205
0.97417
0.974128
0.974079
0.974022
0.973957
0.973883
0.97599
0.976059
0.976121
0.976174
0.976221
0.976261
0.976294
0.976323
0.976346
0.976366
0.976382
0.976395
0.976405
0.976414
0.976421
0.976426
0.97643
0.976434
0.976436
0.976438
0.97644
0.976441
0.976442
0.976443
0.976443
0.976444
0.976444
0.976444
0.976444
0.976445
0.976445
0.976444
0.976444
0.976444
0.976444
0.976443
0.976443
0.976442
0.976441
0.97644
0.976438
0.976436
0.976434
0.97643
0.976426
0.976421
0.976414
0.976405
0.976395
0.976382
0.976366
0.976346
0.976323
0.976294
0.976261
0.976221
0.976174
0.976121
0.976059
0.97599
0.977966
0.978031
0.978089
0.978139
0.978183
0.978221
0.978253
0.97828
0.978302
0.978321
0.978337
0.978349
0.97836
0.978368
0.978375
0.97838
0.978384
0.978388
0.97839
0.978393
0.978394
0.978395
0.978396
0.978397
0.978398
0.978398
0.978398
0.978399
0.978399
0.978399
0.978399
0.978399
0.978399
0.978398
0.978398
0.978398
0.978397
0.978396
0.978395
0.978394
0.978393
0.97839
0.978388
0.978384
0.97838
0.978375
0.978368
0.97836
0.978349
0.978337
0.978321
0.978302
0.97828
0.978253
0.978221
0.978183
0.978139
0.978089
0.978031
0.977966
0.979818
0.979879
0.979933
0.97998
0.980021
0.980057
0.980087
0.980113
0.980135
0.980153
0.980168
0.98018
0.98019
0.980198
0.980205
0.98021
0.980215
0.980218
0.980221
0.980223
0.980224
0.980226
0.980227
0.980227
0.980228
0.980228
0.980229
0.980229
0.980229
0.980229
0.980229
0.980229
0.980229
0.980229
0.980228
0.980228
0.980227
0.980227
0.980226
0.980224
0.980223
0.980221
0.980218
0.980215
0.98021
0.980205
0.980198
0.98019
0.98018
0.980168
0.980153
0.980135
0.980113
0.980087
0.980057
0.980021
0.97998
0.979933
0.979879
0.979818
0.981553
0.98161
0.98166
0.981704
0.981743
0.981776
0.981805
0.981829
0.98185
0.981868
0.981882
0.981894
0.981904
0.981912
0.981918
0.981923
0.981928
0.981931
0.981934
0.981936
0.981937
0.981939
0.98194
0.98194
0.981941
0.981941
0.981942
0.981942
0.981942
0.981942
0.981942
0.981942
0.981942
0.981942
0.981941
0.981941
0.98194
0.98194
0.981939
0.981937
0.981936
0.981934
0.981931
0.981928
0.981923
0.981918
0.981912
0.981904
0.981894
0.981882
0.981868
0.98185
0.981829
0.981805
0.981776
0.981743
0.981704
0.98166
0.98161
0.981553
0.983178
0.98323
0.983277
0.983318
0.983354
0.983386
0.983413
0.983436
0.983456
0.983472
0.983486
0.983498
0.983507
0.983515
0.983521
0.983526
0.98353
0.983534
0.983536
0.983538
0.98354
0.983541
0.983542
0.983543
0.983544
0.983544
0.983545
0.983545
0.983545
0.983545
0.983545
0.983545
0.983545
0.983545
0.983544
0.983544
0.983543
0.983542
0.983541
0.98354
0.983538
0.983536
0.983534
0.98353
0.983526
0.983521
0.983515
0.983507
0.983498
0.983486
0.983472
0.983456
0.983436
0.983413
0.983386
0.983354
0.983318
0.983277
0.98323
0.983178
0.984699
0.984747
0.98479
0.984829
0.984862
0.984892
0.984917
0.984939
0.984958
0.984974
0.984987
0.984998
0.985007
0.985015
0.985021
0.985026
0.98503
0.985033
0.985036
0.985038
0.985039
0.985041
0.985042
0.985042
0.985043
0.985043
0.985044
0.985044
0.985044
0.985044
0.985044
0.985044
0.985044
0.985044
0.985043
0.985043
0.985042
0.985042
0.985041
0.985039
0.985038
0.985036
0.985033
0.98503
0.985026
0.985021
0.985015
0.985007
0.984998
0.984987
0.984974
0.984958
0.984939
0.984917
0.984892
0.984862
0.984829
0.98479
0.984747
0.984699
0.986123
0.986167
0.986207
0.986243
0.986274
0.986302
0.986325
0.986346
0.986364
0.986378
0.986391
0.986401
0.98641
0.986417
0.986423
0.986428
0.986432
0.986435
0.986438
0.98644
0.986442
0.986443
0.986444
0.986445
0.986445
0.986446
0.986446
0.986446
0.986446
0.986446
0.986446
0.986446
0.986446
0.986446
0.986446
0.986445
0.986445
0.986444
0.986443
0.986442
0.98644
0.986438
0.986435
0.986432
0.986428
0.986423
0.986417
0.98641
0.986401
0.986391
0.986378
0.986364
0.986346
0.986325
0.986302
0.986274
0.986243
0.986207
0.986167
0.986123
0.987456
0.987497
0.987534
0.987566
0.987595
0.987621
0.987643
0.987662
0.987679
0.987693
0.987705
0.987715
0.987723
0.98773
0.987736
0.98774
0.987744
0.987747
0.98775
0.987752
0.987753
0.987755
0.987756
0.987756
0.987757
0.987757
0.987758
0.987758
0.987758
0.987758
0.987758
0.987758
0.987758
0.987758
0.987757
0.987757
0.987756
0.987756
0.987755
0.987753
0.987752
0.98775
0.987747
0.987744
0.98774
0.987736
0.98773
0.987723
0.987715
0.987705
0.987693
0.987679
0.987662
0.987643
0.987621
0.987595
0.987566
0.987534
0.987497
0.987456
0.988705
0.988743
0.988776
0.988807
0.988833
0.988857
0.988877
0.988895
0.988911
0.988924
0.988935
0.988944
0.988952
0.988959
0.988964
0.988969
0.988972
0.988975
0.988978
0.98898
0.988981
0.988982
0.988983
0.988984
0.988985
0.988985
0.988986
0.988986
0.988986
0.988986
0.988986
0.988986
0.988986
0.988986
0.988985
0.988985
0.988984
0.988983
0.988982
0.988981
0.98898
0.988978
0.988975
0.988972
0.988969
0.988964
0.988959
0.988952
0.988944
0.988935
0.988924
0.988911
0.988895
0.988877
0.988857
0.988833
0.988807
0.988776
0.988743
0.988705
0.989877
0.989911
0.989942
0.989969
0.989994
0.990015
0.990034
0.990051
0.990065
0.990077
0.990088
0.990097
0.990104
0.99011
0.990115
0.99012
0.990123
0.990126
0.990128
0.99013
0.990132
0.990133
0.990134
0.990134
0.990135
0.990135
0.990136
0.990136
0.990136
0.990136
0.990136
0.990136
0.990136
0.990136
0.990135
0.990135
0.990134
0.990134
0.990133
0.990132
0.99013
0.990128
0.990126
0.990123
0.99012
0.990115
0.99011
0.990104
0.990097
0.990088
0.990077
0.990065
0.990051
0.990034
0.990015
0.989994
0.989969
0.989942
0.989911
0.989877
0.990978
0.991009
0.991036
0.991061
0.991084
0.991103
0.991121
0.991136
0.991149
0.99116
0.99117
0.991178
0.991185
0.991191
0.991195
0.991199
0.991203
0.991205
0.991208
0.991209
0.991211
0.991212
0.991213
0.991214
0.991214
0.991215
0.991215
0.991215
0.991215
0.991215
0.991215
0.991215
0.991215
0.991215
0.991215
0.991214
0.991214
0.991213
0.991212
0.991211
0.991209
0.991208
0.991205
0.991203
0.991199
0.991195
0.991191
0.991185
0.991178
0.99117
0.99116
0.991149
0.991136
0.991121
0.991103
0.991084
0.991061
0.991036
0.991009
0.990978
0.992014
0.992041
0.992066
0.992089
0.992109
0.992127
0.992143
0.992156
0.992168
0.992179
0.992187
0.992195
0.992201
0.992207
0.992211
0.992215
0.992218
0.99222
0.992223
0.992224
0.992226
0.992227
0.992228
0.992228
0.992229
0.992229
0.992229
0.99223
0.99223
0.99223
0.99223
0.99223
0.99223
0.992229
0.992229
0.992229
0.992228
0.992228
0.992227
0.992226
0.992224
0.992223
0.99222
0.992218
0.992215
0.992211
0.992207
0.992201
0.992195
0.992187
0.992179
0.992168
0.992156
0.992143
0.992127
0.992109
0.992089
0.992066
0.992041
0.992014
0.992992
0.993016
0.993039
0.993059
0.993077
0.993093
0.993107
0.993119
0.99313
0.993139
0.993147
0.993154
0.99316
0.993165
0.993169
0.993172
0.993175
0.993178
0.993179
0.993181
0.993182
0.993183
0.993184
0.993185
0.993185
0.993186
0.993186
0.993186
0.993186
0.993186
0.993186
0.993186
0.993186
0.993186
0.993186
0.993185
0.993185
0.993184
0.993183
0.993182
0.993181
0.993179
0.993178
0.993175
0.993172
0.993169
0.993165
0.99316
0.993154
0.993147
0.993139
0.99313
0.993119
0.993107
0.993093
0.993077
0.993059
0.993039
0.993016
0.992992
0.993919
0.99394
0.99396
0.993977
0.993993
0.994007
0.99402
0.994031
0.994041
0.994049
0.994056
0.994062
0.994067
0.994072
0.994076
0.994079
0.994081
0.994083
0.994085
0.994087
0.994088
0.994089
0.994089
0.99409
0.99409
0.994091
0.994091
0.994091
0.994091
0.994091
0.994091
0.994091
0.994091
0.994091
0.994091
0.99409
0.99409
0.994089
0.994089
0.994088
0.994087
0.994085
0.994083
0.994081
0.994079
0.994076
0.994072
0.994067
0.994062
0.994056
0.994049
0.994041
0.994031
0.99402
0.994007
0.993993
0.993977
0.99396
0.99394
0.993919
0.994801
0.99482
0.994837
0.994852
0.994866
0.994878
0.994889
0.994899
0.994907
0.994914
0.994921
0.994926
0.994931
0.994935
0.994938
0.994941
0.994943
0.994945
0.994946
0.994948
0.994949
0.99495
0.99495
0.994951
0.994951
0.994952
0.994952
0.994952
0.994952
0.994952
0.994952
0.994952
0.994952
0.994952
0.994952
0.994951
0.994951
0.99495
0.99495
0.994949
0.994948
0.994946
0.994945
0.994943
0.994941
0.994938
0.994935
0.994931
0.994926
0.994921
0.994914
0.994907
0.994899
0.994889
0.994878
0.994866
0.994852
0.994837
0.99482
0.994801
0.995647
0.995663
0.995677
0.99569
0.995702
0.995712
0.995721
0.99573
0.995737
0.995743
0.995748
0.995753
0.995757
0.99576
0.995763
0.995766
0.995768
0.995769
0.995771
0.995772
0.995773
0.995773
0.995774
0.995775
0.995775
0.995775
0.995775
0.995776
0.995776
0.995776
0.995776
0.995776
0.995776
0.995775
0.995775
0.995775
0.995775
0.995774
0.995773
0.995773
0.995772
0.995771
0.995769
0.995768
0.995766
0.995763
0.99576
0.995757
0.995753
0.995748
0.995743
0.995737
0.99573
0.995721
0.995712
0.995702
0.99569
0.995677
0.995663
0.995647
0.996463
0.996476
0.996488
0.996499
0.996508
0.996517
0.996524
0.996531
0.996537
0.996542
0.996547
0.996551
0.996554
0.996557
0.996559
0.996561
0.996563
0.996564
0.996565
0.996566
0.996567
0.996568
0.996568
0.996569
0.996569
0.996569
0.996569
0.996569
0.99657
0.99657
0.99657
0.99657
0.996569
0.996569
0.996569
0.996569
0.996569
0.996568
0.996568
0.996567
0.996566
0.996565
0.996564
0.996563
0.996561
0.996559
0.996557
0.996554
0.996551
0.996547
0.996542
0.996537
0.996531
0.996524
0.996517
0.996508
0.996499
0.996488
0.996476
0.996463
0.997258
0.997268
0.997278
0.997286
0.997293
0.9973
0.997306
0.997311
0.997316
0.99732
0.997324
0.997327
0.997329
0.997332
0.997333
0.997335
0.997336
0.997337
0.997338
0.997339
0.99734
0.99734
0.997341
0.997341
0.997341
0.997341
0.997342
0.997342
0.997342
0.997342
0.997342
0.997342
0.997342
0.997342
0.997341
0.997341
0.997341
0.997341
0.99734
0.99734
0.997339
0.997338
0.997337
0.997336
0.997335
0.997333
0.997332
0.997329
0.997327
0.997324
0.99732
0.997316
0.997311
0.997306
0.9973
0.997293
0.997286
0.997278
0.997268
0.997258
0.998041
0.998048
0.998054
0.99806
0.998066
0.998071
0.998075
0.998079
0.998082
0.998085
0.998088
0.99809
0.998092
0.998093
0.998095
0.998096
0.998097
0.998098
0.998098
0.998099
0.998099
0.9981
0.9981
0.9981
0.9981
0.998101
0.998101
0.998101
0.998101
0.998101
0.998101
0.998101
0.998101
0.998101
0.998101
0.9981
0.9981
0.9981
0.9981
0.998099
0.998099
0.998098
0.998098
0.998097
0.998096
0.998095
0.998093
0.998092
0.99809
0.998088
0.998085
0.998082
0.998079
0.998075
0.998071
0.998066
0.99806
0.998054
0.998048
0.998041
0.998819
0.998824
0.998828
0.998831
0.998835
0.998838
0.99884
0.998842
0.998845
0.998846
0.998848
0.998849
0.99885
0.998851
0.998852
0.998853
0.998854
0.998854
0.998854
0.998855
0.998855
0.998855
0.998855
0.998856
0.998856
0.998856
0.998856
0.998856
0.998856
0.998856
0.998856
0.998856
0.998856
0.998856
0.998856
0.998856
0.998856
0.998855
0.998855
0.998855
0.998855
0.998854
0.998854
0.998854
0.998853
0.998852
0.998851
0.99885
0.998849
0.998848
0.998846
0.998845
0.998842
0.99884
0.998838
0.998835
0.998831
0.998828
0.998824
0.998819
0.999605
0.999606
0.999608
0.999609
0.99961
0.999611
0.999612
0.999613
0.999613
0.999614
0.999614
0.999615
0.999615
0.999616
0.999616
0.999616
0.999616
0.999617
0.999617
0.999617
0.999617
0.999617
0.999617
0.999617
0.999617
0.999617
0.999617
0.999617
0.999617
0.999617
0.999617
0.999617
0.999617
0.999617
0.999617
0.999617
0.999617
0.999617
0.999617
0.999617
0.999617
0.999617
0.999617
0.999616
0.999616
0.999616
0.999616
0.999615
0.999615
0.999614
0.999614
0.999613
0.999613
0.999612
0.999611
0.99961
0.999609
0.999608
0.999606
0.999605
)
;

boundaryField
{
    top
    {
        type            fixedValue;
        value           uniform 1;
    }
    bottom
    {
        type            fixedIonicFlux;
        value           nonuniform List<scalar> 
60
(
1.15226e-19
1.15064e-19
1.14863e-19
1.14742e-19
1.14674e-19
1.14639e-19
1.14621e-19
1.14612e-19
1.14609e-19
1.14609e-19
1.1461e-19
1.14612e-19
1.14615e-19
1.14618e-19
1.14622e-19
1.14625e-19
1.14628e-19
1.14631e-19
1.14634e-19
1.14636e-19
1.14639e-19
1.14641e-19
1.14643e-19
1.14645e-19
1.14646e-19
1.14648e-19
1.14649e-19
1.1465e-19
1.1465e-19
1.1465e-19
1.1465e-19
1.1465e-19
1.1465e-19
1.14649e-19
1.14648e-19
1.14646e-19
1.14645e-19
1.14643e-19
1.14641e-19
1.14639e-19
1.14636e-19
1.14634e-19
1.14631e-19
1.14628e-19
1.14625e-19
1.14622e-19
1.14618e-19
1.14615e-19
1.14612e-19
1.1461e-19
1.14609e-19
1.14609e-19
1.14612e-19
1.14621e-19
1.14639e-19
1.14674e-19
1.14742e-19
1.14863e-19
1.15064e-19
1.15226e-19
)
;
    }
    wall
    {
        type            zeroGradient;
    }
    frontAndBack
    {
        type            empty;
    }
}


// ************************************************************************* //
