/*--------------------------------*- C++ -*----------------------------------*\
| =========                 |                                                 |
| \\      /  F ield         | foam-extend: Open Source CFD                    |
|  \\    /   O peration     | Version:     4.0                                |
|   \\  /    A nd           | Web:         http://www.foam-extend.org         |
|    \\/     M anipulation  |                                                 |
\*---------------------------------------------------------------------------*/
FoamFile
{
    version     2.0;
    format      ascii;
    class       volScalarField;
    location    "20";
    object      dC1;
}
// * * * * * * * * * * * * * * * * * * * * * * * * * * * * * * * * * * * * * //

dimensions      [0 -1 0 0 0 0 0];

internalField   nonuniform List<scalar> 
6960
(
1.09196e-12
1.10503e-12
1.08908e-12
1.0965e-12
1.09917e-12
1.09496e-12
1.09414e-12
1.08749e-12
1.09742e-12
1.08639e-12
1.09755e-12
1.09673e-12
1.09149e-12
1.09984e-12
1.08776e-12
1.08287e-12
1.09244e-12
1.09214e-12
1.08648e-12
1.10017e-12
1.09352e-12
1.09159e-12
1.09302e-12
1.09187e-12
1.08401e-12
1.08846e-12
1.10144e-12
1.09696e-12
1.09017e-12
1.091e-12
1.0883e-12
1.09007e-12
1.09236e-12
1.09025e-12
1.09627e-12
1.08745e-12
1.09117e-12
1.09164e-12
1.09347e-12
1.09874e-12
1.09522e-12
1.09913e-12
1.08871e-12
1.09089e-12
1.09088e-12
1.08845e-12
1.08952e-12
1.0885e-12
1.0878e-12
1.08671e-12
1.09453e-12
1.0843e-12
1.09562e-12
1.09278e-12
1.08972e-12
1.09802e-12
1.09254e-12
1.09486e-12
1.0946e-12
1.09069e-12
3.19883e-14
3.25399e-14
3.29181e-14
3.33067e-14
3.32546e-14
3.21791e-14
3.17177e-14
3.32442e-14
3.2814e-14
3.09475e-14
3.28175e-14
3.17558e-14
3.20334e-14
3.23803e-14
3.28973e-14
3.28002e-14
3.22173e-14
3.22867e-14
3.23144e-14
3.1794e-14
3.11799e-14
3.15095e-14
3.25608e-14
3.20542e-14
3.20369e-14
3.28557e-14
3.2592e-14
3.16171e-14
3.34247e-14
3.14922e-14
3.20022e-14
3.26406e-14
3.1572e-14
3.06248e-14
3.07809e-14
3.19952e-14
3.15234e-14
3.13534e-14
3.18148e-14
3.20056e-14
3.15824e-14
3.28557e-14
3.29806e-14
3.11244e-14
3.10654e-14
3.22867e-14
3.14158e-14
3.21097e-14
3.27689e-14
3.26197e-14
3.19363e-14
3.27446e-14
3.23457e-14
3.09301e-14
3.2134e-14
3.21028e-14
3.26267e-14
3.21999e-14
3.29389e-14
3.31922e-14
-2.61641e-13
-2.61659e-13
-2.62203e-13
-2.61544e-13
-2.6219e-13
-2.62172e-13
-2.616e-13
-2.61662e-13
-2.62079e-13
-2.61929e-13
-2.61898e-13
-2.6186e-13
-2.62412e-13
-2.6185e-13
-2.61131e-13
-2.61818e-13
-2.61475e-13
-2.61898e-13
-2.62269e-13
-2.6195e-13
-2.61999e-13
-2.62193e-13
-2.61641e-13
-2.61857e-13
-2.6203e-13
-2.61853e-13
-2.61905e-13
-2.61735e-13
-2.61954e-13
-2.61052e-13
-2.62321e-13
-2.62224e-13
-2.61669e-13
-2.61249e-13
-2.61385e-13
-2.616e-13
-2.61614e-13
-2.61662e-13
-2.61603e-13
-2.6254e-13
-2.61405e-13
-2.62183e-13
-2.62141e-13
-2.62037e-13
-2.61874e-13
-2.61485e-13
-2.61478e-13
-2.61176e-13
-2.62006e-13
-2.6203e-13
-2.61961e-13
-2.6151e-13
-2.61395e-13
-2.61555e-13
-2.61589e-13
-2.62058e-13
-2.61829e-13
-2.61437e-13
-2.61985e-13
-2.61628e-13
-3.73618e-13
-3.73118e-13
-3.73559e-13
-3.73444e-13
-3.73299e-13
-3.7343e-13
-3.73562e-13
-3.73507e-13
-3.73195e-13
-3.73458e-13
-3.73337e-13
-3.73552e-13
-3.73243e-13
-3.73278e-13
-3.736e-13
-3.73212e-13
-3.73635e-13
-3.73444e-13
-3.73205e-13
-3.73358e-13
-3.73604e-13
-3.73212e-13
-3.7351e-13
-3.73375e-13
-3.73264e-13
-3.73087e-13
-3.73167e-13
-3.73101e-13
-3.72979e-13
-3.73476e-13
-3.73094e-13
-3.72827e-13
-3.72924e-13
-3.73344e-13
-3.73306e-13
-3.73274e-13
-3.73403e-13
-3.73149e-13
-3.73212e-13
-3.72719e-13
-3.73295e-13
-3.73399e-13
-3.73344e-13
-3.73243e-13
-3.73229e-13
-3.73701e-13
-3.73139e-13
-3.73486e-13
-3.73365e-13
-3.73434e-13
-3.73195e-13
-3.73396e-13
-3.73316e-13
-3.73656e-13
-3.73486e-13
-3.73028e-13
-3.73031e-13
-3.73198e-13
-3.7309e-13
-3.73264e-13
-3.42389e-13
-3.4249e-13
-3.42216e-13
-3.4223e-13
-3.42556e-13
-3.42507e-13
-3.42337e-13
-3.424e-13
-3.42348e-13
-3.42431e-13
-3.42296e-13
-3.42348e-13
-3.42424e-13
-3.4275e-13
-3.42545e-13
-3.42486e-13
-3.42389e-13
-3.42455e-13
-3.42514e-13
-3.42473e-13
-3.42303e-13
-3.425e-13
-3.42424e-13
-3.42559e-13
-3.42556e-13
-3.42646e-13
-3.42466e-13
-3.42719e-13
-3.42455e-13
-3.42473e-13
-3.42382e-13
-3.4257e-13
-3.4266e-13
-3.42396e-13
-3.42316e-13
-3.424e-13
-3.42362e-13
-3.42386e-13
-3.42296e-13
-3.42552e-13
-3.42421e-13
-3.4249e-13
-3.42476e-13
-3.42424e-13
-3.42504e-13
-3.42538e-13
-3.42417e-13
-3.42591e-13
-3.42257e-13
-3.42431e-13
-3.42695e-13
-3.42334e-13
-3.42559e-13
-3.42434e-13
-3.42552e-13
-3.42303e-13
-3.42514e-13
-3.42511e-13
-3.42486e-13
-3.42431e-13
-2.49831e-13
-2.49658e-13
-2.49516e-13
-2.4954e-13
-2.49602e-13
-2.49606e-13
-2.49682e-13
-2.49682e-13
-2.4971e-13
-2.49731e-13
-2.49883e-13
-2.49856e-13
-2.49807e-13
-2.49377e-13
-2.49547e-13
-2.49755e-13
-2.49554e-13
-2.49654e-13
-2.49811e-13
-2.49779e-13
-2.49582e-13
-2.49627e-13
-2.49634e-13
-2.49654e-13
-2.49755e-13
-2.49675e-13
-2.49585e-13
-2.4954e-13
-2.49776e-13
-2.49599e-13
-2.49752e-13
-2.49543e-13
-2.49682e-13
-2.49748e-13
-2.49713e-13
-2.49745e-13
-2.49932e-13
-2.49675e-13
-2.4979e-13
-2.49627e-13
-2.49776e-13
-2.49394e-13
-2.49474e-13
-2.49602e-13
-2.49682e-13
-2.49696e-13
-2.49648e-13
-2.49575e-13
-2.49731e-13
-2.49665e-13
-2.49519e-13
-2.49738e-13
-2.49582e-13
-2.49707e-13
-2.49523e-13
-2.49748e-13
-2.49745e-13
-2.49675e-13
-2.49745e-13
-2.49689e-13
-1.63394e-13
-1.63324e-13
-1.63411e-13
-1.63237e-13
-1.63439e-13
-1.63276e-13
-1.63373e-13
-1.63328e-13
-1.63276e-13
-1.63276e-13
-1.63279e-13
-1.63328e-13
-1.63099e-13
-1.63345e-13
-1.63258e-13
-1.63376e-13
-1.63248e-13
-1.63421e-13
-1.63002e-13
-1.63519e-13
-1.6321e-13
-1.63272e-13
-1.63335e-13
-1.63352e-13
-1.63199e-13
-1.63279e-13
-1.6321e-13
-1.63237e-13
-1.63321e-13
-1.6339e-13
-1.63276e-13
-1.63272e-13
-1.63369e-13
-1.63241e-13
-1.63109e-13
-1.63199e-13
-1.63165e-13
-1.63303e-13
-1.63255e-13
-1.63317e-13
-1.63185e-13
-1.63508e-13
-1.63529e-13
-1.63349e-13
-1.63359e-13
-1.63376e-13
-1.63394e-13
-1.63244e-13
-1.63224e-13
-1.63494e-13
-1.63251e-13
-1.63265e-13
-1.63362e-13
-1.63276e-13
-1.63293e-13
-1.63248e-13
-1.63175e-13
-1.63192e-13
-1.62894e-13
-1.63317e-13
-1.16233e-13
-1.16344e-13
-1.16233e-13
-1.16476e-13
-1.16237e-13
-1.16098e-13
-1.16136e-13
-1.16206e-13
-1.16334e-13
-1.16393e-13
-1.16258e-13
-1.16334e-13
-1.16351e-13
-1.16376e-13
-1.16233e-13
-1.16327e-13
-1.16043e-13
-1.16351e-13
-1.16691e-13
-1.16025e-13
-1.16487e-13
-1.16396e-13
-1.16337e-13
-1.16303e-13
-1.16188e-13
-1.16157e-13
-1.16362e-13
-1.16306e-13
-1.16424e-13
-1.16213e-13
-1.16383e-13
-1.164e-13
-1.16386e-13
-1.16494e-13
-1.16383e-13
-1.1632e-13
-1.16383e-13
-1.16275e-13
-1.16403e-13
-1.16445e-13
-1.16403e-13
-1.16237e-13
-1.16334e-13
-1.16237e-13
-1.164e-13
-1.16199e-13
-1.16254e-13
-1.16417e-13
-1.16379e-13
-1.16209e-13
-1.16313e-13
-1.16348e-13
-1.16331e-13
-1.16209e-13
-1.16265e-13
-1.1624e-13
-1.1648e-13
-1.1648e-13
-1.16695e-13
-1.16171e-13
-1.16688e-13
-1.164e-13
-1.16653e-13
-1.16317e-13
-1.16535e-13
-1.1682e-13
-1.16605e-13
-1.16539e-13
-1.16771e-13
-1.1682e-13
-1.16601e-13
-1.16667e-13
-1.16511e-13
-1.16605e-13
-1.16671e-13
-1.16678e-13
-1.16664e-13
-1.1657e-13
-1.16244e-13
-1.16563e-13
-1.16424e-13
-1.16504e-13
-1.16497e-13
-1.16657e-13
-1.16705e-13
-1.16691e-13
-1.16452e-13
-1.16636e-13
-1.1639e-13
-1.16691e-13
-1.16407e-13
-1.16553e-13
-1.16455e-13
-1.16362e-13
-1.16639e-13
-1.16383e-13
-1.16469e-13
-1.16494e-13
-1.16459e-13
-1.16386e-13
-1.16435e-13
-1.16601e-13
-1.16584e-13
-1.16487e-13
-1.16372e-13
-1.16629e-13
-1.16695e-13
-1.16435e-13
-1.16549e-13
-1.16657e-13
-1.16507e-13
-1.16636e-13
-1.16317e-13
-1.16681e-13
-1.16386e-13
-1.1682e-13
-1.16442e-13
-1.16282e-13
-1.16462e-13
-1.16587e-13
-1.64885e-13
-1.65166e-13
-1.64951e-13
-1.65246e-13
-1.64983e-13
-1.64955e-13
-1.64976e-13
-1.65184e-13
-1.65066e-13
-1.64865e-13
-1.65111e-13
-1.65038e-13
-1.65354e-13
-1.65021e-13
-1.64986e-13
-1.65139e-13
-1.65094e-13
-1.6508e-13
-1.65163e-13
-1.65222e-13
-1.65271e-13
-1.65336e-13
-1.65201e-13
-1.65302e-13
-1.6491e-13
-1.65038e-13
-1.65156e-13
-1.65111e-13
-1.6516e-13
-1.6499e-13
-1.65298e-13
-1.65229e-13
-1.65177e-13
-1.65295e-13
-1.64924e-13
-1.65166e-13
-1.64993e-13
-1.64986e-13
-1.6516e-13
-1.65163e-13
-1.65104e-13
-1.65212e-13
-1.65114e-13
-1.65239e-13
-1.655e-13
-1.65097e-13
-1.65347e-13
-1.65038e-13
-1.64993e-13
-1.65121e-13
-1.6509e-13
-1.65042e-13
-1.65201e-13
-1.65243e-13
-1.65236e-13
-1.65163e-13
-1.65101e-13
-1.65375e-13
-1.65121e-13
-1.64986e-13
-2.65909e-13
-2.65659e-13
-2.65635e-13
-2.65392e-13
-2.65777e-13
-2.65576e-13
-2.65725e-13
-2.65395e-13
-2.65503e-13
-2.65721e-13
-2.65569e-13
-2.65354e-13
-2.65288e-13
-2.65708e-13
-2.6576e-13
-2.65645e-13
-2.65673e-13
-2.65784e-13
-2.65701e-13
-2.65652e-13
-2.65645e-13
-2.65298e-13
-2.65496e-13
-2.65607e-13
-2.65558e-13
-2.65468e-13
-2.65513e-13
-2.6552e-13
-2.65364e-13
-2.65711e-13
-2.65704e-13
-2.65614e-13
-2.65662e-13
-2.6535e-13
-2.65621e-13
-2.65291e-13
-2.6569e-13
-2.65812e-13
-2.6569e-13
-2.65583e-13
-2.65812e-13
-2.65496e-13
-2.65517e-13
-2.65583e-13
-2.65538e-13
-2.65486e-13
-2.6518e-13
-2.65479e-13
-2.65659e-13
-2.65662e-13
-2.65593e-13
-2.65572e-13
-2.65628e-13
-2.65479e-13
-2.65322e-13
-2.65322e-13
-2.65642e-13
-2.65388e-13
-2.65572e-13
-2.65375e-13
-4.1157e-13
-4.11563e-13
-4.11764e-13
-4.11417e-13
-4.11397e-13
-4.11726e-13
-4.11702e-13
-4.11626e-13
-4.11858e-13
-4.11546e-13
-4.1156e-13
-4.119e-13
-4.11747e-13
-4.11685e-13
-4.11633e-13
-4.11577e-13
-4.11692e-13
-4.11615e-13
-4.11553e-13
-4.11556e-13
-4.11698e-13
-4.1199e-13
-4.1192e-13
-4.11407e-13
-4.11862e-13
-4.1208e-13
-4.1175e-13
-4.11667e-13
-4.12295e-13
-4.11872e-13
-4.11511e-13
-4.11945e-13
-4.11709e-13
-4.1182e-13
-4.11865e-13
-4.1192e-13
-4.11556e-13
-4.11535e-13
-4.11601e-13
-4.11449e-13
-4.11615e-13
-4.11761e-13
-4.11882e-13
-4.11771e-13
-4.11483e-13
-4.11542e-13
-4.12e-13
-4.11764e-13
-4.11629e-13
-4.11868e-13
-4.11681e-13
-4.11754e-13
-4.11671e-13
-4.11591e-13
-4.11803e-13
-4.11726e-13
-4.11414e-13
-4.11862e-13
-4.11837e-13
-4.11674e-13
-5.41938e-13
-5.42042e-13
-5.41917e-13
-5.42087e-13
-5.4215e-13
-5.42073e-13
-5.41987e-13
-5.42191e-13
-5.42007e-13
-5.4216e-13
-5.42167e-13
-5.41806e-13
-5.42111e-13
-5.41955e-13
-5.4207e-13
-5.42049e-13
-5.42125e-13
-5.41709e-13
-5.42191e-13
-5.41914e-13
-5.41761e-13
-5.41678e-13
-5.41709e-13
-5.4216e-13
-5.42101e-13
-5.41851e-13
-5.4234e-13
-5.42285e-13
-5.41459e-13
-5.41504e-13
-5.42e-13
-5.4147e-13
-5.41761e-13
-5.41751e-13
-5.41865e-13
-5.41407e-13
-5.41872e-13
-5.42372e-13
-5.42087e-13
-5.42059e-13
-5.42164e-13
-5.42014e-13
-5.41803e-13
-5.41907e-13
-5.42563e-13
-5.42542e-13
-5.41869e-13
-5.42014e-13
-5.41865e-13
-5.41775e-13
-5.41754e-13
-5.41515e-13
-5.42351e-13
-5.42375e-13
-5.419e-13
-5.42236e-13
-5.42205e-13
-5.41928e-13
-5.41702e-13
-5.41785e-13
-4.79793e-13
-4.79627e-13
-4.79831e-13
-4.79818e-13
-4.79814e-13
-4.79772e-13
-4.79772e-13
-4.79894e-13
-4.79394e-13
-4.79929e-13
-4.79672e-13
-4.79828e-13
-4.79426e-13
-4.79897e-13
-4.79769e-13
-4.80178e-13
-4.79335e-13
-4.7997e-13
-4.79859e-13
-4.79925e-13
-4.80182e-13
-4.79904e-13
-4.80001e-13
-4.80213e-13
-4.79533e-13
-4.79623e-13
-4.79533e-13
-4.7937e-13
-4.80317e-13
-4.8039e-13
-4.80425e-13
-4.80439e-13
-4.80071e-13
-4.79901e-13
-4.79883e-13
-4.8073e-13
-4.79752e-13
-4.79901e-13
-4.7946e-13
-4.79953e-13
-4.79602e-13
-4.79772e-13
-4.7988e-13
-4.79537e-13
-4.79148e-13
-4.7938e-13
-4.79655e-13
-4.79873e-13
-4.80237e-13
-4.79866e-13
-4.79783e-13
-4.80161e-13
-4.7919e-13
-4.79516e-13
-4.80241e-13
-4.7997e-13
-4.79356e-13
-4.79953e-13
-4.80158e-13
-4.79883e-13
1.62544e-14
1.61746e-14
1.64764e-14
1.63133e-14
1.63133e-14
1.64244e-14
1.63654e-14
1.6577e-14
1.60705e-14
1.6636e-14
1.6414e-14
1.63411e-14
1.60531e-14
1.61988e-14
1.6407e-14
1.61884e-14
1.53107e-14
1.63654e-14
1.66048e-14
1.63064e-14
1.66776e-14
1.65284e-14
1.62578e-14
1.67713e-14
1.61711e-14
1.57721e-14
1.65909e-14
1.59872e-14
1.68719e-14
1.62925e-14
1.71113e-14
1.67123e-14
1.62786e-14
1.65111e-14
1.64799e-14
1.71183e-14
1.58588e-14
1.62856e-14
1.59837e-14
1.6237e-14
1.66082e-14
1.63411e-14
1.63931e-14
1.63862e-14
1.63237e-14
1.57548e-14
1.63133e-14
1.66568e-14
1.64278e-14
1.56472e-14
1.62405e-14
1.60844e-14
1.59837e-14
1.65874e-14
1.69517e-14
1.6747e-14
1.57999e-14
1.64278e-14
1.68407e-14
1.59629e-14
8.83883e-13
8.84081e-13
8.84119e-13
8.83561e-13
8.84154e-13
8.84213e-13
8.83987e-13
8.84098e-13
8.84407e-13
8.84268e-13
8.84029e-13
8.84029e-13
8.84213e-13
8.84143e-13
8.84168e-13
8.8414e-13
8.84157e-13
8.843e-13
8.84227e-13
8.83765e-13
8.83803e-13
8.83984e-13
8.84359e-13
8.83769e-13
8.84317e-13
8.84782e-13
8.83949e-13
8.84529e-13
8.83477e-13
8.8431e-13
8.83828e-13
8.84209e-13
8.84074e-13
8.83956e-13
8.83998e-13
8.8371e-13
8.84157e-13
8.83914e-13
8.8415e-13
8.8457e-13
8.83564e-13
8.8423e-13
8.83869e-13
8.83585e-13
8.83474e-13
8.84647e-13
8.84098e-13
8.84244e-13
8.84487e-13
8.84924e-13
8.84581e-13
8.84459e-13
8.84001e-13
8.83647e-13
8.83245e-13
8.83574e-13
8.84487e-13
8.84012e-13
8.84012e-13
8.85028e-13
1.24896e-12
1.24937e-12
1.24905e-12
1.24987e-12
1.24975e-12
1.24908e-12
1.24974e-12
1.2494e-12
1.24913e-12
1.24921e-12
1.2494e-12
1.24968e-12
1.24923e-12
1.24918e-12
1.24901e-12
1.24921e-12
1.24955e-12
1.24915e-12
1.24916e-12
1.24949e-12
1.24951e-12
1.24925e-12
1.24921e-12
1.24948e-12
1.24947e-12
1.24848e-12
1.24878e-12
1.24945e-12
1.24984e-12
1.24929e-12
1.24924e-12
1.24934e-12
1.24911e-12
1.2492e-12
1.24929e-12
1.24944e-12
1.24984e-12
1.24938e-12
1.24936e-12
1.24874e-12
1.24998e-12
1.24908e-12
1.24949e-12
1.25047e-12
1.24959e-12
1.24858e-12
1.24917e-12
1.24944e-12
1.24948e-12
1.24897e-12
1.24957e-12
1.24901e-12
1.24921e-12
1.24935e-12
1.25014e-12
1.24929e-12
1.24895e-12
1.24921e-12
1.24922e-12
1.24845e-12
-1.28404e-13
-1.29216e-13
-1.28536e-13
-1.29074e-13
-1.28706e-13
-1.28009e-13
-1.28998e-13
-1.28269e-13
-1.27787e-13
-1.2846e-13
-1.28248e-13
-1.28755e-13
-1.28494e-13
-1.28092e-13
-1.28744e-13
-1.28342e-13
-1.28435e-13
-1.28255e-13
-1.29553e-13
-1.28755e-13
-1.28442e-13
-1.27998e-13
-1.28418e-13
-1.28512e-13
-1.28512e-13
-1.28002e-13
-1.28418e-13
-1.28994e-13
-1.28661e-13
-1.28623e-13
-1.28429e-13
-1.28526e-13
-1.28782e-13
-1.28501e-13
-1.28484e-13
-1.28605e-13
-1.29147e-13
-1.28449e-13
-1.28418e-13
-1.28519e-13
-1.2915e-13
-1.28376e-13
-1.28359e-13
-1.289e-13
-1.28897e-13
-1.28585e-13
-1.28234e-13
-1.28671e-13
-1.29195e-13
-1.28762e-13
-1.29109e-13
-1.28272e-13
-1.27853e-13
-1.28526e-13
-1.29206e-13
-1.28172e-13
-1.27957e-13
-1.29025e-13
-1.28762e-13
-1.27964e-13
-2.93277e-12
-2.93264e-12
-2.933e-12
-2.9326e-12
-2.9332e-12
-2.93418e-12
-2.93248e-12
-2.93382e-12
-2.9335e-12
-2.93312e-12
-2.93295e-12
-2.93313e-12
-2.93281e-12
-2.93328e-12
-2.93304e-12
-2.93365e-12
-2.93344e-12
-2.93327e-12
-2.93248e-12
-2.93292e-12
-2.93348e-12
-2.93312e-12
-2.93274e-12
-2.93301e-12
-2.93299e-12
-2.93327e-12
-2.93297e-12
-2.93277e-12
-2.93375e-12
-2.93324e-12
-2.93271e-12
-2.93356e-12
-2.93272e-12
-2.93349e-12
-2.93325e-12
-2.93268e-12
-2.93312e-12
-2.93289e-12
-2.93365e-12
-2.93329e-12
-2.93341e-12
-2.93324e-12
-2.9333e-12
-2.93322e-12
-2.93256e-12
-2.93251e-12
-2.93336e-12
-2.93271e-12
-2.93222e-12
-2.93261e-12
-2.93309e-12
-2.933e-12
-2.93421e-12
-2.93334e-12
-2.93196e-12
-2.93375e-12
-2.9337e-12
-2.93277e-12
-2.93299e-12
-2.93332e-12
-4.55194e-12
-4.55239e-12
-4.55153e-12
-4.55292e-12
-4.55258e-12
-4.55203e-12
-4.55298e-12
-4.55216e-12
-4.55211e-12
-4.55296e-12
-4.55209e-12
-4.55304e-12
-4.55283e-12
-4.5521e-12
-4.55276e-12
-4.55219e-12
-4.55281e-12
-4.55249e-12
-4.55255e-12
-4.55232e-12
-4.55258e-12
-4.55339e-12
-4.55371e-12
-4.5525e-12
-4.55267e-12
-4.55299e-12
-4.55258e-12
-4.55179e-12
-4.55122e-12
-4.55259e-12
-4.55266e-12
-4.5522e-12
-4.55214e-12
-4.55222e-12
-4.55276e-12
-4.55284e-12
-4.55212e-12
-4.55212e-12
-4.55238e-12
-4.55199e-12
-4.5521e-12
-4.55187e-12
-4.55249e-12
-4.553e-12
-4.5527e-12
-4.55321e-12
-4.55303e-12
-4.55267e-12
-4.55362e-12
-4.55302e-12
-4.55263e-12
-4.55291e-12
-4.55216e-12
-4.55245e-12
-4.55372e-12
-4.55214e-12
-4.55217e-12
-4.55221e-12
-4.55167e-12
-4.55168e-12
-3.02575e-12
-3.02595e-12
-3.02655e-12
-3.0261e-12
-3.02566e-12
-3.02578e-12
-3.02627e-12
-3.02575e-12
-3.0268e-12
-3.0253e-12
-3.02669e-12
-3.02578e-12
-3.02681e-12
-3.02671e-12
-3.0262e-12
-3.02661e-12
-3.02574e-12
-3.02596e-12
-3.02615e-12
-3.02686e-12
-3.02592e-12
-3.02583e-12
-3.02566e-12
-3.02615e-12
-3.02634e-12
-3.02484e-12
-3.02617e-12
-3.02668e-12
-3.02694e-12
-3.02577e-12
-3.02632e-12
-3.02583e-12
-3.02585e-12
-3.02622e-12
-3.02594e-12
-3.02552e-12
-3.02645e-12
-3.02711e-12
-3.02559e-12
-3.02616e-12
-3.02619e-12
-3.02651e-12
-3.02619e-12
-3.02558e-12
-3.02671e-12
-3.02566e-12
-3.02584e-12
-3.02646e-12
-3.02572e-12
-3.0256e-12
-3.02624e-12
-3.02629e-12
-3.02589e-12
-3.02569e-12
-3.02559e-12
-3.0256e-12
-3.02587e-12
-3.02601e-12
-3.02585e-12
-3.02615e-12
2.814e-13
2.81473e-13
2.80952e-13
2.8175e-13
2.82045e-13
2.80664e-13
2.80855e-13
2.80831e-13
2.81327e-13
2.80762e-13
2.8048e-13
2.80317e-13
2.81743e-13
2.81275e-13
2.81469e-13
2.81049e-13
2.80415e-13
2.80321e-13
2.80703e-13
2.80553e-13
2.81268e-13
2.80647e-13
2.80227e-13
2.80886e-13
2.80137e-13
2.79807e-13
2.81008e-13
2.8165e-13
2.8031e-13
2.81469e-13
2.81775e-13
2.80314e-13
2.80671e-13
2.80744e-13
2.8072e-13
2.80376e-13
2.80522e-13
2.80515e-13
2.80154e-13
2.80165e-13
2.81265e-13
2.80956e-13
2.81407e-13
2.81049e-13
2.81591e-13
2.79859e-13
2.81244e-13
2.80855e-13
2.80675e-13
2.8012e-13
2.80668e-13
2.8131e-13
2.80238e-13
2.80272e-13
2.80959e-13
2.80467e-13
2.81379e-13
2.80675e-13
2.80873e-13
2.80588e-13
2.63636e-12
2.63621e-12
2.63598e-12
2.63575e-12
2.63506e-12
2.63654e-12
2.63633e-12
2.63506e-12
2.63534e-12
2.63596e-12
2.63642e-12
2.63646e-12
2.63554e-12
2.63536e-12
2.63581e-12
2.63535e-12
2.63729e-12
2.63703e-12
2.63647e-12
2.63702e-12
2.63602e-12
2.63625e-12
2.6367e-12
2.63614e-12
2.6372e-12
2.637e-12
2.63555e-12
2.63506e-12
2.63673e-12
2.63563e-12
2.63536e-12
2.6369e-12
2.6362e-12
2.63633e-12
2.63646e-12
2.63779e-12
2.63668e-12
2.63739e-12
2.63556e-12
2.63609e-12
2.63617e-12
2.63662e-12
2.63591e-12
2.63593e-12
2.63547e-12
2.63778e-12
2.63621e-12
2.63597e-12
2.63518e-12
2.6369e-12
2.63595e-12
2.63561e-12
2.6371e-12
2.63618e-12
2.6354e-12
2.63588e-12
2.6356e-12
2.63542e-12
2.63483e-12
2.63652e-12
3.04895e-12
3.05068e-12
3.05064e-12
3.05051e-12
3.05026e-12
3.04995e-12
3.05039e-12
3.0509e-12
3.05072e-12
3.05075e-12
3.05094e-12
3.05016e-12
3.05097e-12
3.05147e-12
3.04975e-12
3.05059e-12
3.04962e-12
3.05077e-12
3.0495e-12
3.04993e-12
3.0506e-12
3.04859e-12
3.05098e-12
3.05163e-12
3.04896e-12
3.04981e-12
3.05081e-12
3.05206e-12
3.04961e-12
3.05136e-12
3.05038e-12
3.04992e-12
3.051e-12
3.05042e-12
3.05029e-12
3.04775e-12
3.04867e-12
3.04957e-12
3.04992e-12
3.05159e-12
3.04912e-12
3.04842e-12
3.04992e-12
3.05055e-12
3.05156e-12
3.04938e-12
3.04941e-12
3.0506e-12
3.04926e-12
3.04981e-12
3.05137e-12
3.05026e-12
3.05033e-12
3.05009e-12
3.05239e-12
3.05085e-12
3.05105e-12
3.04979e-12
3.05116e-12
3.04947e-12
2.31125e-12
2.30984e-12
2.31005e-12
2.31089e-12
2.31196e-12
2.31079e-12
2.31134e-12
2.31244e-12
2.31121e-12
2.30953e-12
2.31014e-12
2.31274e-12
2.31098e-12
2.31024e-12
2.31207e-12
2.31148e-12
2.31157e-12
2.31024e-12
2.31179e-12
2.31085e-12
2.31118e-12
2.31406e-12
2.30933e-12
2.30888e-12
2.31225e-12
2.3103e-12
2.31206e-12
2.30993e-12
2.31107e-12
2.31117e-12
2.31095e-12
2.31139e-12
2.30975e-12
2.31183e-12
2.31152e-12
2.31217e-12
2.31229e-12
2.31219e-12
2.31199e-12
2.31015e-12
2.31266e-12
2.31338e-12
2.3113e-12
2.31034e-12
2.30979e-12
2.31136e-12
2.31127e-12
2.31086e-12
2.31333e-12
2.31224e-12
2.31152e-12
2.31075e-12
2.31019e-12
2.31266e-12
2.30795e-12
2.30986e-12
2.31115e-12
2.31268e-12
2.31054e-12
2.3111e-12
1.40063e-12
1.40117e-12
1.40106e-12
1.40056e-12
1.399e-12
1.40149e-12
1.39939e-12
1.39766e-12
1.39968e-12
1.40077e-12
1.4023e-12
1.39818e-12
1.4027e-12
1.40035e-12
1.40143e-12
1.40126e-12
1.40003e-12
1.40219e-12
1.39968e-12
1.39995e-12
1.39764e-12
1.39792e-12
1.40466e-12
1.40279e-12
1.40032e-12
1.40121e-12
1.40023e-12
1.39859e-12
1.40054e-12
1.4003e-12
1.40242e-12
1.40014e-12
1.40175e-12
1.39994e-12
1.40064e-12
1.39972e-12
1.40032e-12
1.39841e-12
1.39917e-12
1.40055e-12
1.39951e-12
1.4001e-12
1.40198e-12
1.40052e-12
1.402e-12
1.39939e-12
1.40077e-12
1.4004e-12
1.40101e-12
1.39995e-12
1.39822e-12
1.40181e-12
1.40013e-12
1.39889e-12
1.40322e-12
1.40179e-12
1.39969e-12
1.39714e-12
1.40101e-12
1.39903e-12
7.43617e-13
7.43891e-13
7.419e-13
7.41501e-13
7.44724e-13
7.4234e-13
7.42309e-13
7.44595e-13
7.45327e-13
7.42614e-13
7.41466e-13
7.42611e-13
7.40536e-13
7.44155e-13
7.40248e-13
7.42319e-13
7.41521e-13
7.40845e-13
7.4437e-13
7.42847e-13
7.4777e-13
7.43849e-13
7.38375e-13
7.40488e-13
7.43332e-13
7.41521e-13
7.431e-13
7.44883e-13
7.42604e-13
7.41386e-13
7.40207e-13
7.41743e-13
7.40855e-13
7.42753e-13
7.42587e-13
7.42743e-13
7.42521e-13
7.43912e-13
7.43197e-13
7.42396e-13
7.43492e-13
7.42618e-13
7.42087e-13
7.42652e-13
7.41827e-13
7.43055e-13
7.43884e-13
7.45501e-13
7.39509e-13
7.42798e-13
7.45806e-13
7.40377e-13
7.44724e-13
7.42541e-13
7.41174e-13
7.41192e-13
7.44613e-13
7.45196e-13
7.41459e-13
7.4396e-13
3.60521e-13
3.59015e-13
3.60829e-13
3.60316e-13
3.59095e-13
3.5854e-13
3.61076e-13
3.6043e-13
3.5829e-13
3.59626e-13
3.60559e-13
3.60954e-13
3.60711e-13
3.58991e-13
3.6237e-13
3.60184e-13
3.63338e-13
3.61388e-13
3.5745e-13
3.6281e-13
3.57062e-13
3.60521e-13
3.61707e-13
3.62967e-13
3.58543e-13
3.62384e-13
3.58113e-13
3.59924e-13
3.60378e-13
3.6399e-13
3.62609e-13
3.61468e-13
3.64573e-13
3.60732e-13
3.59379e-13
3.6262e-13
3.60025e-13
3.60496e-13
3.61079e-13
3.6143e-13
3.58515e-13
3.58824e-13
3.61655e-13
3.6077e-13
3.60149e-13
3.61811e-13
3.59563e-13
3.57863e-13
3.62644e-13
3.61402e-13
3.583e-13
3.61985e-13
3.58959e-13
3.58952e-13
3.60701e-13
3.62578e-13
3.56732e-13
3.61385e-13
3.61895e-13
3.56659e-13
1.60847e-13
1.64348e-13
1.61364e-13
1.62342e-13
1.62613e-13
1.65912e-13
1.62276e-13
1.60812e-13
1.61589e-13
1.61e-13
1.61485e-13
1.6186e-13
1.61805e-13
1.62155e-13
1.60757e-13
1.61211e-13
1.59782e-13
1.61846e-13
1.66773e-13
1.60268e-13
1.61485e-13
1.60275e-13
1.63584e-13
1.60753e-13
1.63553e-13
1.61073e-13
1.62582e-13
1.61957e-13
1.60184e-13
1.57506e-13
1.59001e-13
1.61232e-13
1.58568e-13
1.60625e-13
1.63512e-13
1.5983e-13
1.62367e-13
1.62505e-13
1.6219e-13
1.61315e-13
1.62467e-13
1.61926e-13
1.61243e-13
1.60802e-13
1.60739e-13
1.59261e-13
1.62939e-13
1.61527e-13
1.61111e-13
1.5981e-13
1.63775e-13
1.59862e-13
1.63401e-13
1.63786e-13
1.62644e-13
1.59647e-13
1.63897e-13
1.58196e-13
1.62134e-13
1.63539e-13
6.39523e-14
6.19851e-14
6.5753e-14
6.44138e-14
6.30607e-14
6.07535e-14
6.33833e-14
6.43721e-14
6.29705e-14
6.37788e-14
6.45178e-14
6.1718e-14
6.34492e-14
6.26686e-14
6.27762e-14
6.21413e-14
6.52811e-14
6.35637e-14
5.95565e-14
6.3366e-14
6.45942e-14
6.63844e-14
6.13745e-14
6.29635e-14
6.16e-14
6.3137e-14
6.41362e-14
6.5066e-14
6.19088e-14
6.34735e-14
6.36088e-14
6.27901e-14
6.63011e-14
6.4157e-14
6.0809e-14
6.29288e-14
6.16313e-14
6.228e-14
6.31231e-14
6.21656e-14
6.52672e-14
6.26478e-14
6.36782e-14
6.36852e-14
6.63324e-14
6.47087e-14
6.12635e-14
6.50972e-14
6.44172e-14
6.31162e-14
6.01082e-14
6.47364e-14
6.19574e-14
5.87412e-14
6.6884e-14
6.53505e-14
6.48058e-14
6.29843e-14
5.89563e-14
6.52985e-14
1.6296e-14
1.65944e-14
1.64556e-14
1.51788e-14
1.75866e-14
1.74687e-14
1.81105e-14
1.86379e-14
1.62474e-14
1.66672e-14
1.56854e-14
2.07889e-14
1.62162e-14
1.73681e-14
1.80064e-14
1.94601e-14
1.32602e-14
1.62856e-14
1.81417e-14
1.60739e-14
1.76421e-14
1.85026e-14
2.16181e-14
1.78711e-14
1.60462e-14
1.88773e-14
1.45994e-14
1.3347e-14
2.18055e-14
1.71911e-14
1.6414e-14
1.80272e-14
1.72605e-14
1.67227e-14
1.92867e-14
1.73923e-14
1.83534e-14
1.94324e-14
1.69621e-14
1.75172e-14
1.4929e-14
1.83985e-14
1.76976e-14
1.7774e-14
1.45925e-14
1.49568e-14
1.57686e-14
1.17857e-14
1.62058e-14
1.57582e-14
2.05669e-14
1.54182e-14
1.7663e-14
2.28186e-14
1.27259e-14
1.39853e-14
1.6244e-14
1.8225e-14
1.96648e-14
1.59768e-14
-3.48679e-15
-7.80626e-16
-3.02536e-15
-1.88391e-15
-3.63251e-15
-3.9968e-15
-3.09475e-15
-4.32293e-15
-4.54498e-16
-3.26822e-15
-2.65413e-15
-4.69416e-15
-2.74433e-15
-3.29251e-15
-2.77556e-16
-2.75127e-15
1.85962e-15
-2.5778e-15
-1.70003e-15
-5.14172e-15
-5.80438e-15
-5.4852e-15
-8.48627e-15
-4.04538e-15
8.91648e-16
-2.18922e-15
-1.22471e-15
1.88044e-15
-7.6085e-15
-4.68722e-15
-1.37737e-15
-4.0315e-15
-5.17641e-15
-1.25941e-15
-5.38805e-15
-2.7478e-15
-3.55965e-15
-7.61197e-15
-2.25167e-15
-2.71658e-15
-6.52256e-16
-4.61783e-15
-3.407e-15
-4.84682e-15
-1.14492e-15
2.13718e-15
3.46945e-16
2.80678e-15
-4.45824e-15
-2.10248e-15
-5.08274e-15
-1.64105e-15
9.61037e-16
-6.12357e-15
-3.00801e-15
-7.14706e-16
-2.00187e-15
-3.25087e-15
-2.25861e-15
-3.94476e-15
-8.30239e-15
-1.28439e-14
-8.37871e-15
-1.23165e-14
-1.04881e-14
-9.21832e-15
-1.08281e-14
-1.3569e-14
-1.30659e-14
-1.14318e-14
-1.0221e-14
-9.10383e-15
-1.22853e-14
-1.04777e-14
-1.34996e-14
-1.113e-14
-1.58623e-14
-7.28931e-15
-9.04832e-15
-6.4844e-15
-9.81853e-15
-8.78464e-15
-7.20257e-15
-8.65974e-15
-1.42941e-14
-1.48007e-14
-1.13382e-14
-1.34753e-14
-7.16094e-15
-9.2773e-15
-1.09877e-14
-1.24588e-14
-1.00475e-14
-1.06859e-14
-1.05298e-14
-1.0672e-14
-1.05194e-14
-3.58394e-15
-1.02175e-14
-1.22888e-14
-9.04485e-15
-1.04708e-14
-9.45771e-15
-8.233e-15
-1.05679e-14
-1.67123e-14
-1.02383e-14
-1.11716e-14
-8.05259e-15
-9.29465e-15
-8.45157e-15
-1.09461e-14
-1.47972e-14
-9.83935e-15
-9.38832e-15
-1.08802e-14
-1.385e-14
-1.04465e-14
-1.21431e-14
-5.93622e-15
-1.49811e-14
-1.23651e-14
-1.80897e-14
-1.32394e-14
-1.27884e-14
-1.17927e-14
-1.18308e-14
-1.04396e-14
-8.2781e-15
-1.49845e-14
-1.44745e-14
-1.48215e-14
-1.09149e-14
-1.42664e-14
-1.28092e-14
-1.4707e-14
-1.23894e-14
-1.71148e-14
-1.38362e-14
-1.72501e-14
-1.32741e-14
-1.34684e-14
-1.27016e-14
-1.66776e-14
-1.32117e-14
-1.1019e-14
-1.47729e-14
-1.21396e-14
-1.49047e-14
-1.54182e-14
-1.03841e-14
-1.30937e-14
-1.61156e-14
-1.51303e-14
-1.40304e-14
-1.66776e-14
-1.3798e-14
-2.08236e-14
-1.61572e-14
-1.31631e-14
-1.46515e-14
-1.68893e-14
-1.11786e-14
-1.58866e-14
-1.52621e-14
-1.13937e-14
-1.39194e-14
-1.58033e-14
-1.67956e-14
-1.70419e-14
-1.47486e-14
-1.51164e-14
-1.72397e-14
-1.51303e-14
-1.62752e-14
-1.56507e-14
-1.29688e-14
-1.52829e-14
-1.6185e-14
-1.65458e-14
-1.31596e-14
-1.53558e-14
-1.41449e-14
-1.35239e-14
-1.37841e-14
-1.82805e-14
-1.43011e-14
-1.5616e-14
-1.94879e-14
-1.13659e-14
-1.32498e-14
-1.16053e-14
-1.86656e-14
-1.51615e-14
-1.52899e-14
-1.51372e-14
-1.34094e-14
-1.66568e-14
-1.6584e-14
-1.28716e-14
-1.72709e-14
-1.72258e-14
-1.54286e-14
-1.25351e-14
-1.56472e-14
-1.49117e-14
-1.28439e-14
-1.55015e-14
-1.44329e-14
-1.48805e-14
-1.77393e-14
-1.21049e-14
-1.06165e-14
-1.65978e-14
-1.22471e-14
-1.10398e-14
-1.32325e-14
-8.25034e-15
-1.22055e-14
-1.38466e-14
-1.52066e-14
-1.12792e-14
-1.75866e-14
-1.47209e-14
-1.35655e-14
-1.18482e-14
-1.59976e-14
-1.39819e-14
-1.17614e-14
-1.25316e-14
-1.37147e-14
-1.36002e-14
-8.22606e-15
-1.4249e-14
-9.27383e-15
-1.53003e-14
-1.21153e-14
-1.41866e-14
-1.21812e-14
-1.37286e-14
-1.50158e-14
-1.56333e-14
-8.59035e-15
-1.29723e-14
-1.2771e-14
-8.86791e-15
-1.3798e-14
-1.28578e-14
-1.04118e-14
-1.68303e-14
-1.57999e-14
-1.5106e-14
-1.04916e-14
-1.18933e-14
-1.00371e-14
-1.04534e-14
-1.18204e-14
-7.99361e-15
-1.07275e-14
-1.17753e-14
-1.05159e-14
-1.19488e-14
-1.25316e-14
-1.39333e-14
-1.06269e-14
-1.42664e-14
-1.46654e-14
-1.09877e-14
-1.32012e-14
-9.61384e-15
-1.15533e-14
-1.66082e-14
-1.27225e-14
-1.06755e-14
-1.15567e-14
-1.39333e-14
-1.44121e-14
-1.79613e-14
-1.36419e-14
-1.53037e-14
-1.18759e-14
-1.56125e-14
-1.25559e-14
-1.16018e-14
-1.47174e-14
-1.41727e-14
-9.40914e-15
-1.33435e-14
-1.59942e-14
-1.3007e-14
-1.4766e-14
-1.06928e-14
-1.82146e-14
-1.24518e-14
-2.02581e-14
-1.09392e-14
-1.5557e-14
-1.4537e-14
-1.15429e-14
-1.25386e-14
-9.70404e-15
-8.63198e-15
-1.42143e-14
-1.23027e-14
-1.35517e-14
-1.47625e-14
-8.41341e-15
-9.31893e-15
-1.43253e-14
-8.08381e-15
-9.24261e-15
-1.05714e-14
-1.09045e-14
-1.13937e-14
-1.26114e-14
-1.21361e-14
-1.66464e-14
-1.5616e-14
-1.46029e-14
-1.52586e-14
-1.45474e-14
-1.08073e-14
-1.43774e-14
-1.44641e-14
-1.42317e-14
-1.31145e-14
-1.09912e-14
-1.40998e-14
-7.67789e-15
-1.58797e-14
-1.15567e-14
-1.14839e-14
-1.68823e-14
-1.56992e-14
-1.40062e-14
-1.36419e-14
-1.01551e-14
-1.13867e-14
-1.42455e-14
-1.0044e-14
-1.17718e-14
-1.27086e-14
-9.98854e-15
-1.38362e-14
-1.27016e-14
-1.23061e-14
-1.66776e-14
-1.38951e-14
-1.20667e-14
-1.34996e-14
-1.32741e-14
-1.17961e-14
-8.45851e-15
-1.33296e-14
-7.21645e-15
-1.61884e-14
-8.09422e-15
-1.02904e-14
-1.58241e-14
-1.19037e-14
-1.2379e-14
-1.232e-14
-1.26808e-14
-1.23686e-14
-1.05922e-14
-1.01238e-14
-1.3288e-14
-1.59837e-14
-6.82093e-15
-1.36696e-14
-1.14492e-14
-6.92849e-15
-1.07171e-14
-1.27919e-14
-1.37841e-14
-1.31041e-14
-7.46972e-15
-9.74568e-15
-8.37524e-15
-7.70564e-15
-8.86444e-15
-1.33157e-14
-7.99708e-15
-8.13932e-15
-1.18169e-14
-1.02279e-14
-1.19037e-14
-7.38645e-15
-1.58103e-14
-7.47666e-15
-1.18759e-14
-9.55139e-15
-6.7446e-15
-6.26235e-15
-1.06859e-14
-9.47853e-15
-1.23825e-14
-9.1871e-15
-1.02904e-14
-1.14388e-14
-1.05575e-14
-8.97893e-15
-1.17059e-14
-8.10463e-15
-1.24206e-14
-1.29202e-14
-1.0273e-14
-9.36751e-15
-1.0561e-14
-1.23512e-14
-1.00128e-14
-1.70489e-14
-1.39264e-14
-9.74915e-15
-1.07449e-14
-1.31666e-14
-1.30278e-14
-1.02349e-14
-6.5746e-15
-1.12549e-14
-1.05367e-14
-9.71792e-15
-8.59382e-15
-1.17302e-14
-9.24261e-15
-1.04743e-14
-9.03097e-15
-5.51295e-15
-1.5047e-14
-3.91354e-15
-1.46549e-14
-1.46688e-14
-1.35135e-14
-1.15914e-14
-6.06806e-15
-9.16975e-15
-9.84282e-15
-8.90954e-15
-1.05367e-14
-1.0162e-14
-1.05263e-14
-9.03791e-15
-1.22194e-14
-9.67282e-15
-6.2346e-15
-1.18863e-14
-1.11057e-14
-1.01932e-14
-7.72993e-15
-1.34025e-14
-7.42115e-15
-1.01828e-14
-1.21778e-14
-1.24796e-14
-1.0849e-14
-1.02453e-14
-8.33361e-15
-1.17163e-14
-7.22686e-15
-8.83668e-15
-9.93997e-15
-9.31893e-15
-1.10051e-14
-8.72913e-15
-6.75154e-15
-9.06566e-15
-8.56953e-15
-9.86364e-15
-1.21257e-14
-6.51562e-15
-8.17055e-15
-4.34722e-15
-8.19136e-15
-7.85136e-15
-1.18378e-14
-5.48867e-15
-1.05783e-14
-1.00475e-14
-1.40825e-14
-1.21153e-14
-8.93036e-15
-6.11317e-15
-8.16708e-15
-5.20764e-15
-9.52016e-15
-3.93088e-15
-1.33643e-14
-1.05818e-14
-5.98827e-15
-1.39437e-14
-5.85643e-15
-6.40113e-15
-3.97252e-15
-3.09822e-15
-1.24067e-14
-6.79318e-15
-5.95357e-15
-9.45077e-15
-1.03459e-14
-6.10623e-15
-1.25698e-14
-9.312e-15
-8.09075e-15
-9.36751e-15
-9.08301e-15
-9.22873e-15
-9.91221e-15
-1.10502e-14
-7.7785e-15
-5.07927e-15
-1.03806e-14
-7.54605e-15
-6.38378e-15
-9.49241e-15
-8.68403e-15
-1.01204e-14
-1.15741e-14
-4.87457e-15
-9.60343e-15
-1.26739e-14
-1.16782e-14
-6.69603e-15
-9.16281e-15
-1.27329e-14
-1.12792e-14
-6.49827e-15
-8.16014e-15
-1.14006e-14
-7.69523e-15
-1.09877e-14
-8.89219e-15
-1.39784e-14
-6.97359e-15
-8.08034e-15
-7.01522e-15
-1.16608e-14
-6.1548e-15
-9.45077e-15
-8.08381e-15
-1.13937e-14
-6.24154e-15
-1.24033e-14
-8.57647e-15
-1.36488e-14
-5.78704e-15
-1.11716e-14
-3.1225e-16
-6.14786e-15
-7.03604e-15
-5.12437e-15
-6.03684e-15
-1.34719e-14
-1.13347e-14
-1.27363e-14
-6.14092e-15
-1.46029e-14
-8.43423e-15
-8.83668e-15
-7.51482e-15
-9.93997e-15
-3.29944e-15
-5.54418e-15
-9.53751e-15
-1.08871e-14
-1.1411e-14
-5.3256e-15
-8.34749e-15
-4.52069e-15
-7.26502e-15
-1.08732e-14
-6.58154e-15
-8.76035e-15
-6.45317e-15
-6.66828e-15
-5.83908e-15
-7.93809e-15
-4.75661e-15
-1.181e-14
-8.41688e-15
-3.36189e-15
-7.53564e-15
-1.13416e-14
-6.32827e-15
-4.9058e-15
-5.09662e-15
-1.35655e-14
-1.06477e-14
-6.42889e-15
-5.2458e-15
-7.87218e-15
-6.77583e-15
-3.36536e-15
-1.10953e-14
-1.39992e-14
-1.00822e-14
-3.48332e-15
-7.15053e-15
-1.17927e-14
-4.8607e-15
-4.36456e-15
-5.75581e-15
-4.92661e-15
-8.99975e-15
-4.10089e-15
-6.50174e-15
-5.66908e-15
-1.35343e-14
-3.81639e-15
-7.77156e-15
-6.52603e-15
-1.02314e-14
3.67414e-15
-6.46358e-15
-1.87003e-15
-9.05873e-15
-1.85962e-15
-1.11508e-14
-2.08514e-15
-8.3232e-15
-3.81639e-17
-7.33441e-15
-8.45851e-15
-6.6995e-15
-5.90153e-15
-5.22846e-15
-9.46812e-15
-9.50975e-15
-9.37792e-15
-6.2797e-15
-4.90927e-15
-6.87644e-15
-7.58768e-15
-1.04118e-14
-3.90313e-15
-1.20008e-14
-4.59008e-15
-7.44543e-15
-6.5746e-15
-6.23113e-15
-6.68562e-15
-7.77156e-16
-4.34375e-15
-6.99441e-15
-9.35016e-15
-6.46011e-15
3.36536e-16
-6.94583e-15
-7.73687e-15
-9.312e-15
-8.95117e-15
-5.8599e-15
-7.74034e-15
-7.19216e-15
-1.62717e-15
-5.15907e-15
-1.13347e-14
-9.6867e-15
-5.05498e-15
-1.31353e-14
-7.1991e-15
-8.62505e-15
-6.30745e-15
-6.12704e-15
-3.2474e-15
-7.07073e-15
-1.05332e-14
-3.47639e-15
-1.18135e-14
-6.47746e-15
-9.1975e-15
-2.76168e-15
-1.00406e-14
-6.3699e-15
-1.01308e-14
-4.2813e-15
-8.6077e-15
-4.25354e-15
-5.49213e-15
-5.72806e-15
-1.06894e-14
-1.0273e-14
-7.21298e-15
-6.02643e-15
-1.96024e-15
-4.72539e-15
-3.48679e-15
-2.21351e-15
-5.5754e-15
-4.55885e-15
-8.45157e-15
-6.28664e-15
-3.88231e-15
-3.54577e-15
-1.12792e-14
-3.36536e-15
-3.11903e-15
-1.11057e-14
-9.88792e-16
-9.39526e-15
-5.68642e-15
-9.04832e-15
-6.43235e-15
-6.2797e-15
-5.2458e-15
-7.76809e-15
-9.90527e-15
-8.44116e-15
-1.79023e-15
-4.83641e-15
-4.77049e-15
-9.1073e-15
-4.64906e-16
-6.95277e-15
-8.03524e-15
-6.54685e-15
-2.8727e-15
-4.26395e-15
-1.3288e-15
-3.407e-15
-1.10259e-14
-4.28824e-15
-4.07313e-15
-5.77316e-15
-7.87218e-15
-8.17749e-15
-1.81452e-15
-6.29011e-15
-1.15186e-15
-8.36831e-15
-1.12757e-15
-6.64746e-15
-5.94316e-15
-5.88071e-15
-4.9509e-15
-8.94076e-15
-1.07206e-15
-6.49134e-15
-6.48093e-15
-9.44037e-15
-2.48412e-15
-7.9034e-15
-3.55965e-15
4.4062e-16
-8.72566e-15
-6.84869e-15
-7.54952e-15
-8.77423e-15
-6.30052e-15
-4.34722e-15
-3.68108e-15
-9.85323e-15
-7.9485e-15
-4.64906e-15
3.01842e-16
-6.1999e-15
-9.36404e-15
3.35149e-15
-1.15429e-14
-3.79904e-15
-5.00641e-15
-5.96398e-15
-2.7478e-15
-4.99947e-15
-5.66561e-15
-3.91354e-15
-9.45424e-15
-2.60209e-16
-1.06408e-14
-3.59435e-15
-1.92207e-15
-1.7035e-15
-8.86791e-15
-3.23006e-15
-1.66533e-15
-5.76275e-15
-9.07954e-15
-4.86763e-15
-6.7342e-15
-5.25621e-15
-1.41553e-15
-5.69336e-15
-2.81719e-15
-3.40353e-15
-1.69656e-15
8.88178e-16
-6.62664e-15
-1.55778e-15
-1.17684e-14
1.63411e-15
-6.39419e-15
-6.80012e-15
-4.53457e-15
-8.14279e-15
-5.80092e-15
-3.51108e-15
-9.05179e-15
-5.29091e-15
-2.78597e-15
-2.89699e-15
-5.14519e-15
2.22738e-15
-7.64319e-15
-7.06032e-15
2.05391e-15
-3.63598e-15
-3.2474e-15
-6.10623e-16
-4.34028e-15
-1.03494e-14
-3.07046e-15
-2.55698e-15
9.4369e-16
-7.74381e-15
-1.09877e-14
-6.06112e-15
-4.66294e-15
-1.17892e-14
-3.40006e-16
-5.27356e-15
-6.71338e-15
-2.77556e-15
-5.55112e-15
-5.44356e-15
-9.04138e-15
-9.48894e-15
3.10516e-15
-9.18016e-15
-4.17374e-15
-4.97519e-15
-1.22923e-14
-8.87831e-15
-4.96825e-15
-5.09315e-15
-1.02314e-14
-2.15453e-15
-3.09475e-15
-3.27516e-15
-9.74221e-15
-4.02456e-15
-6.50174e-15
-5.75928e-15
-8.49668e-15
-5.97092e-15
-5.38111e-15
-8.8575e-15
-1.34961e-15
-6.4497e-15
5.58928e-15
-8.41341e-15
-4.41661e-15
4.4062e-16
-7.54952e-15
1.62023e-15
-4.64559e-15
-3.77476e-15
-4.05925e-15
4.30211e-16
-1.04534e-14
-4.5762e-15
-1.94289e-15
-5.1105e-15
2.18922e-15
-2.68882e-15
-8.77076e-15
-6.63358e-15
1.50921e-15
-5.49213e-15
-3.10169e-15
3.19883e-15
-7.45931e-15
-2.94903e-16
-8.53831e-15
1.46064e-15
-1.22818e-15
-6.7342e-15
-3.577e-15
-7.04298e-16
-7.35523e-16
-4.51028e-16
2.63331e-15
-5.19376e-15
-7.35523e-15
-3.78517e-15
-2.74086e-15
1.76248e-15
-8.84709e-15
-3.7019e-15
-2.47025e-15
6.14092e-16
-4.96131e-16
2.31065e-15
-2.93862e-15
-8.04218e-15
2.42861e-16
-1.50921e-15
-5.63438e-15
-2.57433e-15
-1.87003e-15
-6.51909e-15
1.52656e-16
4.78784e-16
-7.18176e-16
7.94503e-16
-4.35416e-15
-2.73045e-15
-9.95731e-16
-2.46678e-15
-3.81292e-15
-1.23512e-15
-6.2346e-15
-7.65707e-15
6.07153e-16
-1.07067e-14
-6.03337e-15
-7.14359e-15
-1.21778e-15
-1.09218e-14
4.51028e-17
-3.03577e-15
-2.36963e-15
-6.12357e-15
-1.06269e-14
-6.70991e-15
-2.64025e-15
-9.67976e-16
-1.21812e-14
-4.13558e-15
-3.36189e-15
-1.01759e-14
1.82146e-15
-5.24233e-15
2.75821e-15
-1.12896e-14
-3.16761e-15
5.54418e-15
-5.91888e-15
-6.93196e-15
-9.48547e-15
-7.58074e-15
-5.75234e-15
-5.08621e-15
-3.31679e-15
-2.88311e-15
-3.84415e-15
-8.67709e-15
-1.62717e-15
4.85723e-17
-6.13051e-15
-7.86871e-15
-1.07206e-15
-4.19109e-15
-1.30798e-15
1.73472e-15
-5.79398e-15
-1.92901e-15
-1.99146e-15
-2.61943e-15
-2.15453e-15
-3.46945e-17
-5.16601e-15
-6.29705e-15
-2.04697e-15
-6.22419e-15
-1.59248e-15
-5.47826e-15
-1.2379e-14
-1.17614e-15
-1.87003e-15
-5.87724e-15
-3.02536e-15
-3.46598e-15
-5.76969e-15
-5.89806e-16
4.12864e-15
-2.06085e-15
-1.21431e-16
3.1225e-16
-1.04083e-15
-1.5439e-15
2.77556e-17
-2.73392e-15
-7.28584e-17
-4.36803e-15
-2.62637e-15
-5.4054e-15
-4.52763e-15
-3.23699e-15
-3.3723e-15
3.85109e-16
-5.93275e-15
-2.13718e-15
-8.06646e-15
-3.62904e-15
-4.74967e-15
-1.14145e-14
2.22045e-16
2.46678e-15
8.98587e-16
2.21004e-15
-6.75848e-15
-3.68802e-15
5.44703e-16
-1.96024e-15
-4.04191e-15
-1.079e-15
-3.58047e-15
-3.06352e-15
-7.60503e-15
-1.2837e-16
-5.31519e-15
-4.71151e-15
-6.41154e-15
-4.79478e-15
4.23273e-16
-9.28424e-15
-2.26555e-15
-4.38885e-15
-6.27623e-15
-7.67095e-15
-1.76595e-15
6.59195e-16
-1.1012e-14
-7.5738e-15
-2.98025e-15
-1.50921e-15
2.87617e-15
-8.6528e-15
-1.06547e-14
-3.19536e-15
-2.76515e-15
-6.7446e-15
-3.50761e-15
-1.25941e-15
-5.23193e-15
-7.14706e-15
-6.1097e-15
-4.64212e-15
-4.93702e-15
-3.83374e-15
-1.12896e-14
3.81639e-16
3.50414e-16
-9.95731e-16
-8.05953e-15
-8.50708e-15
5.3707e-15
-2.93515e-15
-1.10328e-15
-7.17829e-15
-3.83721e-15
-6.23807e-15
-4.65253e-15
9.71445e-17
-4.71151e-15
-5.55112e-17
-7.70564e-15
-1.09669e-14
-6.984e-15
-2.22738e-15
3.47292e-15
-6.14439e-15
-9.84976e-15
-7.89993e-15
-2.21004e-15
-5.43315e-15
-3.66374e-15
-9.51669e-15
1.01655e-15
-4.06966e-15
-6.73073e-15
-4.09395e-15
-5.14519e-15
-2.45637e-15
-5.25968e-15
4.78784e-15
-3.1572e-15
-1.28023e-15
4.30211e-16
4.45824e-15
-5.91541e-15
-6.38725e-15
4.46865e-15
4.22579e-15
3.46945e-18
-4.49293e-15
-5.63438e-15
1.85268e-15
2.82413e-15
-1.90473e-15
-2.54657e-15
1.46064e-15
-1.71044e-15
-4.95437e-15
-6.01949e-15
-2.24126e-15
2.0782e-15
-6.66134e-15
5.93275e-16
-4.28477e-15
9.17669e-15
-2.73739e-15
-3.28557e-15
-5.77663e-15
1.52656e-16
2.76862e-15
-7.26849e-15
-2.18575e-16
-8.34749e-15
-6.4046e-15
-1.02002e-15
7.18176e-16
3.96211e-15
-6.58154e-15
-3.43475e-16
-5.76622e-15
5.93275e-16
3.85803e-15
1.85615e-15
-6.04378e-15
-1.21084e-14
4.95784e-15
2.09555e-15
1.97412e-15
-3.64292e-16
-1.63064e-16
-5.22152e-15
6.58154e-15
-3.06005e-15
-2.25861e-15
-1.40513e-15
-4.63171e-15
1.77289e-15
-4.31599e-15
1.35308e-16
-5.14866e-15
-6.06459e-15
-4.26048e-15
-3.58047e-15
-6.44276e-15
-3.84068e-15
-3.45557e-15
-8.00401e-15
-4.46518e-15
-1.22818e-15
-5.34295e-15
-2.13718e-15
-3.0774e-15
-7.30666e-15
-3.7817e-16
-6.34562e-15
-1.59595e-15
-5.10703e-15
2.73045e-15
1.98105e-15
5.78704e-15
-7.12971e-15
-1.38084e-15
-4.826e-15
-5.58581e-16
-1.22784e-14
-6.46011e-15
-1.07553e-16
1.55084e-15
-6.69603e-16
-5.76275e-15
-1.28716e-15
-9.50628e-16
1.70003e-15
2.08167e-15
-6.38031e-15
-3.28904e-15
-6.49827e-15
1.47798e-15
-6.53297e-15
-1.48145e-15
-3.28557e-15
-8.80893e-15
-3.14679e-15
-3.08087e-15
6.90073e-15
-7.72993e-15
-2.94556e-15
-4.12864e-15
-1.09149e-14
-6.69603e-16
-9.26342e-16
-7.74381e-15
-5.59969e-15
-6.06112e-15
1.17961e-15
1.43288e-15
-8.06646e-15
1.76248e-15
-8.76035e-15
-6.08888e-15
-1.41553e-15
-3.66374e-15
-8.64933e-15
-9.71445e-17
7.53911e-15
3.13291e-15
2.61249e-15
-4.17028e-15
-5.69683e-15
3.03577e-15
3.05311e-16
1.38431e-15
7.19216e-15
-8.1532e-16
-1.84575e-15
-1.66533e-15
-5.72459e-16
-5.81479e-15
-3.74006e-15
-6.18949e-15
3.70537e-15
2.498e-15
-4.79478e-15
-5.19723e-15
4.77743e-15
1.04083e-15
-9.29812e-15
-8.73607e-15
-2.00534e-15
4.05231e-15
-2.47719e-15
-5.03417e-15
-1.33921e-15
-7.99708e-15
4.19109e-15
-1.94289e-15
-1.92901e-15
-6.37337e-15
-2.85882e-15
-3.34455e-15
1.24206e-15
4.12517e-15
-3.7019e-15
1.50921e-15
-3.62904e-15
4.05925e-15
-4.19803e-15
-5.9952e-15
4.20844e-15
-3.67067e-15
1.49533e-15
-3.41741e-15
-4.16334e-17
-1.35308e-16
9.36751e-17
-5.64826e-15
1.58554e-15
-6.93196e-15
1.78677e-15
2.10942e-15
-3.44169e-15
2.81025e-15
3.35842e-15
-9.22179e-15
-1.29341e-14
-2.39392e-15
-6.9042e-16
-1.42247e-16
-2.44943e-15
-3.1225e-16
-2.0435e-15
-3.42087e-15
-1.17822e-14
-3.74353e-15
8.11851e-16
7.11237e-16
-2.00534e-15
-1.67921e-15
-6.61624e-15
-1.73472e-16
-6.45317e-16
-3.91701e-15
2.0331e-15
-2.5327e-15
-4.656e-15
-2.06432e-15
3.01842e-15
5.97092e-15
-1.63064e-15
-8.74301e-15
-5.26662e-15
-1.48492e-15
-9.23567e-15
5.22846e-15
-9.37098e-15
3.7019e-15
-2.61943e-15
2.42514e-15
2.43208e-15
4.82253e-16
-3.02536e-15
-7.17482e-15
5.4054e-15
-4.20497e-15
-1.19696e-15
-3.29944e-15
3.67761e-16
8.22953e-15
2.43902e-15
-6.49827e-15
-2.49106e-15
4.05578e-15
-3.9968e-15
1.24206e-15
-5.83561e-15
-6.245e-16
-3.86149e-15
7.00828e-16
-3.70884e-15
-3.67761e-15
-4.32987e-15
-3.86843e-15
-2.4529e-15
1.98452e-15
5.17641e-15
-5.46785e-15
-8.1081e-15
-5.75928e-15
-2.69576e-15
-7.33788e-15
-8.76382e-15
-3.84415e-15
6.39766e-15
-4.10089e-15
-5.34295e-15
-8.91648e-16
7.91034e-16
-1.71738e-15
-2.11983e-15
-2.14065e-15
-9.69363e-15
-4.30558e-15
-1.09635e-15
5.26662e-15
8.11851e-16
-2.99413e-15
-2.92821e-15
-9.32587e-15
-4.26048e-15
-1.31839e-16
5.61703e-15
-4.61089e-15
2.15453e-15
-1.02904e-14
2.17187e-15
-9.68323e-15
-6.99441e-15
-3.09822e-15
-8.29198e-15
-5.26662e-15
-4.29171e-15
1.39819e-15
-4.64559e-15
-4.86763e-15
-2.01922e-15
-2.92821e-15
-4.76702e-15
-6.81746e-15
-6.09235e-15
6.12704e-15
-6.10623e-16
-7.44543e-15
-5.40193e-15
-5.44356e-15
-2.77556e-15
-1.91167e-15
1.38778e-15
-2.10595e-15
1.36002e-15
-6.41848e-16
6.34909e-15
-5.1556e-15
-3.78517e-15
-1.42594e-15
-4.31946e-15
3.59435e-15
4.75661e-15
4.25354e-15
4.61089e-15
-2.22738e-15
1.0221e-14
-2.22392e-15
-6.30052e-15
4.30905e-15
7.70217e-16
-3.59088e-15
-5.32213e-15
-2.55698e-15
2.89352e-15
-1.42941e-15
2.00534e-15
-1.89432e-15
-6.50868e-15
-1.9082e-15
2.00187e-15
-1.46411e-15
-3.33067e-16
3.25434e-15
-1.06165e-15
1.00614e-16
-1.113e-14
-1.28023e-15
-1.51615e-15
2.06432e-15
-6.97706e-15
4.19456e-15
3.75394e-15
-6.59195e-17
-4.97519e-15
-1.42594e-15
-1.31492e-15
5.23886e-16
-7.35523e-16
1.77289e-15
-2.63331e-15
-7.97973e-17
1.88391e-15
1.0339e-15
-2.60209e-16
-5.10009e-15
-8.88525e-15
-2.08167e-16
-2.498e-16
-2.1233e-15
-3.15026e-15
-8.50015e-16
-4.32987e-15
-2.73739e-15
-4.0315e-15
-4.39579e-15
-5.41928e-15
-2.33841e-15
-2.84148e-15
-1.61676e-15
-1.97065e-15
-5.3256e-15
-3.63598e-15
-1.17441e-14
2.7478e-15
-1.14492e-15
-1.04916e-14
-4.23966e-15
1.61329e-15
-8.75688e-15
-5.14519e-15
-6.9042e-16
1.46758e-15
-2.80678e-15
-4.80171e-15
-3.16761e-15
-8.04912e-16
2.9525e-15
-3.92394e-15
-8.72913e-15
-5.19376e-15
7.16094e-15
6.93889e-17
8.67362e-17
1.249e-16
-2.64372e-15
-6.45317e-16
-4.33681e-16
-3.91701e-15
-1.87003e-15
1.7833e-15
-2.63678e-16
-2.92821e-15
-3.79211e-15
6.13398e-15
2.96985e-15
-2.39392e-15
-3.85109e-15
-6.9042e-16
2.72005e-15
4.23273e-16
-4.32293e-15
-2.39392e-16
-5.58928e-15
-8.79505e-15
-5.18335e-15
4.96131e-15
-3.96211e-15
-3.62904e-15
-2.22045e-15
1.419e-15
-3.75047e-15
2.44596e-15
2.6576e-15
1.8735e-16
2.21351e-15
3.21271e-15
2.69576e-15
4.9856e-15
-6.63358e-15
-1.53003e-15
3.08781e-15
-4.12517e-15
3.00801e-15
-1.23859e-14
-1.66533e-16
2.51535e-15
2.40433e-15
-1.55778e-15
2.50841e-15
3.59782e-15
-4.47559e-15
-1.80411e-16
4.16334e-17
5.10703e-15
2.40433e-15
3.0427e-15
-4.9509e-15
-1.04083e-16
3.86496e-15
-2.01228e-15
-8.28504e-15
-4.2015e-15
-7.0291e-15
-5.24927e-15
-3.9968e-15
1.40513e-15
-1.84575e-15
-4.24313e-15
-7.49401e-16
4.75314e-16
-9.05526e-16
3.93435e-15
-8.60423e-16
-7.9485e-15
-5.42622e-15
-2.75821e-15
-1.23859e-15
-1.24206e-15
-7.17135e-15
2.18575e-16
3.3272e-15
9.29812e-16
3.13291e-15
9.29118e-15
-2.1684e-15
-1.09981e-15
2.05044e-15
1.17614e-15
-3.88578e-15
-4.99253e-15
-5.16948e-16
-7.94503e-15
-3.48679e-15
-1.25594e-15
-2.35922e-15
-8.33361e-15
-2.7027e-15
-8.09769e-15
-2.08167e-17
-7.84789e-15
-1.11369e-15
-3.90313e-15
1.24206e-15
6.8244e-15
-3.31679e-15
3.83027e-15
5.20417e-17
-1.50921e-15
-4.80518e-15
-6.68215e-15
-7.63278e-16
-2.74086e-15
-6.41848e-15
-8.83321e-15
6.245e-16
-1.17198e-14
-2.33494e-15
1.63064e-16
2.34882e-15
-1.9533e-15
-1.17614e-15
7.01522e-15
3.747e-16
3.26475e-15
4.78784e-15
-1.76942e-15
-7.73687e-16
4.35763e-15
8.29198e-16
-1.31492e-15
-3.0323e-15
-3.86843e-15
2.53617e-15
6.53644e-15
2.68188e-15
-6.72032e-15
-2.81719e-15
1.90473e-15
1.45023e-15
-6.12704e-15
-1.01759e-14
-1.92554e-15
5.23886e-16
-6.87991e-15
-7.63278e-17
-7.74034e-15
-5.97786e-15
-1.60635e-15
3.85803e-15
3.32026e-15
-2.23779e-15
4.23273e-15
4.16334e-17
-4.93355e-15
2.79984e-15
-2.81025e-16
1.52309e-15
4.01762e-15
8.573e-15
4.59702e-15
-4.75661e-15
6.27623e-15
8.08381e-16
-6.87991e-15
4.42701e-15
-5.34295e-15
-4.7462e-15
-3.40006e-15
-3.30638e-15
4.43395e-15
3.59782e-15
-2.36616e-15
5.37764e-15
4.78784e-16
-1.54737e-15
9.81853e-16
4.78784e-16
4.16334e-17
-6.88685e-15
3.14679e-15
-2.25167e-15
-7.71952e-15
2.61249e-15
-9.66241e-15
-2.36616e-15
-2.2482e-15
-7.16788e-15
-9.88792e-16
-3.49026e-15
6.55725e-16
-1.42941e-15
-4.22926e-15
-7.41768e-15
-1.00753e-14
-1.56125e-16
6.33521e-15
-6.56072e-15
-5.44356e-15
4.71845e-16
3.1572e-15
6.21725e-15
-1.2837e-15
-4.38538e-15
2.61249e-15
2.31412e-15
2.5431e-15
-2.82066e-15
-5.79051e-15
-5.40193e-15
-2.37657e-15
-1.55084e-15
-1.69309e-15
-1.50574e-15
1.86656e-15
-4.95784e-15
-2.15106e-16
6.83481e-16
-5.47826e-15
-1.38466e-14
-3.96905e-15
-8.84709e-16
-2.11289e-15
-8.50015e-15
-5.20764e-15
-5.39846e-15
-1.28716e-15
-4.64212e-15
-6.10623e-16
-3.26128e-16
-1.52656e-16
-3.86843e-15
-2.67147e-16
-3.52843e-15
3.50414e-15
-1.62023e-15
4.56926e-15
7.32053e-16
-4.16334e-16
6.17562e-16
-2.53617e-15
3.77129e-15
4.56926e-15
-3.91007e-15
1.44329e-15
-2.85189e-15
6.03684e-16
3.42087e-15
3.67067e-15
2.68882e-15
-4.74273e-15
9.67976e-16
1.11022e-16
2.84842e-15
1.13277e-14
-1.49186e-15
-6.22419e-15
3.7817e-15
3.9968e-15
-6.18949e-15
9.4369e-16
8.11851e-16
-9.42649e-15
2.15106e-16
-2.50147e-15
-3.55965e-15
3.32373e-15
5.46091e-15
2.0331e-15
6.33521e-15
-2.24126e-15
-6.81399e-15
4.75314e-15
3.30638e-15
-6.15827e-15
7.33441e-15
-2.41474e-15
-5.13478e-16
6.42889e-15
1.54043e-15
-2.49106e-15
6.95277e-15
-3.74353e-15
5.41928e-15
4.18762e-15
5.10009e-16
-1.45717e-16
1.09114e-14
-2.30371e-15
-3.21618e-15
-1.6688e-15
-9.41955e-15
2.18575e-15
-4.33681e-16
-5.69336e-15
-8.22259e-16
-1.41553e-15
-2.94903e-16
-1.1588e-15
-5.43315e-15
-6.06459e-15
-6.38725e-15
-1.9082e-15
4.16334e-16
-3.04617e-15
1.50921e-15
-2.86923e-15
-1.56819e-15
-7.21992e-15
-3.59435e-15
-1.09981e-15
-6.92155e-15
-5.80785e-15
1.25941e-15
-9.02403e-15
-8.403e-15
6.33174e-15
-2.25167e-15
-4.92661e-16
6.79665e-15
9.50628e-16
-6.87644e-15
3.83721e-15
3.73312e-15
3.67761e-16
1.58207e-15
-1.0783e-14
-6.41154e-15
4.85723e-16
-1.54737e-15
9.61037e-16
5.93275e-16
-3.747e-15
-5.87724e-15
-3.17107e-15
-1.04777e-15
-2.25514e-16
1.05818e-15
-3.44863e-15
6.83481e-16
1.74513e-15
-5.28744e-15
-1.71044e-15
-6.74114e-15
-2.13718e-15
-2.14759e-15
1.63411e-15
-9.37445e-15
-1.82493e-15
-1.54043e-15
-1.93942e-15
1.14873e-14
-6.42195e-15
-2.12677e-15
8.91648e-16
-2.59862e-15
-5.51989e-15
-2.87964e-16
-1.46758e-15
-1.31145e-15
2.53617e-15
4.94049e-15
-5.63438e-15
5.37764e-15
-1.76248e-15
-5.41234e-15
-3.16761e-15
-1.73472e-17
1.17961e-15
-2.28983e-16
5.8599e-15
6.52256e-15
7.86524e-15
-5.72806e-15
5.37764e-16
6.47052e-15
-8.24341e-15
1.46064e-15
-3.62904e-15
-9.61384e-15
-4.00721e-15
8.57647e-15
5.79051e-15
-8.91995e-15
-3.67414e-15
1.75554e-15
5.35336e-15
-1.76942e-15
3.10862e-15
7.59809e-16
-4.71498e-15
1.57166e-15
-5.01682e-15
3.70884e-15
7.81666e-15
3.01842e-16
2.39392e-16
-5.73153e-15
-5.02029e-15
-3.36189e-15
-2.76168e-15
4.3264e-15
7.55646e-15
3.80945e-15
3.92048e-15
-2.39392e-15
-5.73153e-15
3.68108e-15
7.63972e-15
-7.11237e-16
2.77556e-15
-3.70537e-15
2.89699e-15
3.30291e-15
-1.45023e-15
2.2482e-15
6.2797e-16
-3.1225e-15
-8.88178e-16
2.89352e-15
4.89192e-16
-1.06616e-14
3.58394e-15
-1.04743e-14
6.45664e-15
1.34615e-15
2.86923e-15
-1.76595e-15
6.62664e-16
4.09048e-15
-2.48759e-15
4.28477e-15
-4.69416e-15
-2.64372e-15
-3.08781e-15
-4.69416e-15
7.80626e-15
-5.64826e-15
-5.79398e-16
8.59382e-15
4.01068e-15
-9.57914e-15
-7.43849e-15
4.46518e-15
2.99413e-15
-4.62477e-15
-2.70617e-16
2.04697e-16
-3.64639e-15
-1.54737e-15
-1.30104e-15
-1.36349e-15
9.33628e-15
-1.75207e-15
-6.15827e-15
-8.60423e-16
2.71311e-15
4.61783e-15
3.01495e-15
-8.32667e-16
-2.84495e-16
-4.47559e-15
-8.23994e-15
-3.5319e-15
-4.78784e-16
7.34829e-15
-2.32453e-15
-1.84922e-15
-8.10116e-15
-2.95597e-15
-1.0502e-14
-3.6568e-15
-7.19563e-15
-2.81025e-15
1.24553e-15
-2.98719e-15
5.1105e-15
1.82493e-15
-3.79557e-15
-5.48867e-15
-1.4086e-15
8.65974e-15
-3.8268e-15
2.86923e-15
-9.06913e-15
-1.03043e-15
-3.31679e-15
-2.99066e-15
-2.42514e-15
-9.13852e-15
-1.88391e-15
-1.1241e-15
-3.23699e-15
3.33414e-15
-9.78384e-16
-2.65066e-15
-1.21882e-14
-3.9968e-15
-3.11209e-15
-1.94289e-16
-2.21698e-15
3.30985e-15
1.91513e-15
3.95517e-16
-6.97359e-15
4.65947e-15
-7.154e-15
4.09395e-15
1.39819e-15
4.51028e-16
2.89005e-15
1.8284e-15
-1.05957e-14
-1.17267e-15
1.5786e-15
-5.88765e-15
-9.56873e-15
-6.56072e-15
-4.60743e-15
-2.81719e-15
3.28557e-15
9.78384e-16
2.51882e-15
2.50147e-15
-3.80945e-15
-1.02245e-14
4.71498e-15
7.61544e-15
-1.8735e-16
2.36269e-15
6.95277e-15
-1.57166e-15
4.54844e-15
1.08941e-15
-6.68215e-15
3.13291e-15
1.43635e-15
-1.70003e-16
-1.83881e-16
1.16226e-15
-6.03684e-16
-1.55778e-15
3.35149e-15
1.08594e-15
2.55351e-15
3.11556e-15
3.02189e-15
3.96558e-15
2.4078e-15
5.03764e-15
-2.38698e-15
-6.57113e-15
3.26128e-16
-4.43395e-15
-3.60822e-16
1.22818e-15
9.26689e-15
1.50574e-15
-1.66187e-15
-5.51989e-15
-1.85962e-15
-2.23432e-15
-2.89005e-15
-3.01842e-16
6.7342e-15
-1.22576e-14
3.1225e-15
-8.22259e-15
1.92901e-15
1.2941e-15
5.27356e-16
-5.63785e-15
1.03667e-14
5.22152e-15
-6.38725e-15
1.11786e-14
8.22259e-15
3.80945e-15
4.93008e-15
1.01828e-14
-9.1871e-15
-2.81025e-15
-2.31759e-15
-5.0307e-15
1.38778e-17
5.26315e-15
-5.81479e-15
-4.54151e-15
-1.57166e-15
-5.75928e-15
-2.62637e-15
4.30558e-15
-3.40006e-16
-1.74166e-15
3.23006e-15
-6.18602e-15
-8.89566e-15
-4.52763e-15
-1.86656e-15
-7.94503e-16
6.20684e-15
-1.33435e-14
-6.55725e-16
-5.67948e-15
-4.75314e-16
-2.81372e-15
-3.0774e-15
-3.2821e-15
-3.79211e-15
-7.56339e-16
4.78437e-15
9.48547e-15
-7.32053e-16
-2.87964e-15
-4.75314e-16
1.75901e-15
-5.25968e-15
5.72459e-16
4.26742e-15
4.68375e-15
6.32827e-15
-2.66107e-15
-4.92661e-16
-1.16192e-14
-6.39766e-15
1.2039e-14
3.33067e-15
9.81853e-16
-4.49987e-15
1.82146e-15
-4.77049e-15
2.93515e-15
-8.3579e-15
-5.12437e-15
9.78731e-15
-1.45647e-14
-5.66561e-15
-5.82173e-15
-1.011e-14
-7.61197e-15
7.59115e-15
1.90473e-15
-2.20657e-15
7.14359e-15
-3.62557e-15
-2.14759e-15
1.71391e-15
-6.3595e-15
4.61436e-16
1.57166e-15
-1.58207e-15
-4.65253e-15
-5.33254e-15
-4.98906e-15
-6.76542e-16
9.92609e-15
9.84629e-15
-3.47292e-15
2.52576e-15
4.17028e-15
-1.20702e-14
1.07275e-14
2.23779e-15
6.80012e-16
-9.61037e-15
-2.94209e-15
-4.826e-15
-5.9501e-15
2.50494e-15
2.87964e-16
-7.46972e-15
-4.73926e-15
8.81933e-15
6.34215e-15
-4.0766e-15
3.41047e-15
3.93435e-15
-7.32053e-16
-5.34642e-15
-3.00801e-15
-2.94209e-15
-1.42247e-15
-4.7462e-15
1.61954e-14
7.10543e-15
-7.26502e-15
-1.02418e-14
-9.71445e-17
-1.53003e-15
-3.80251e-15
5.51642e-16
3.25434e-15
1.57166e-15
2.13718e-15
-4.78437e-15
1.05263e-14
6.93889e-16
-8.50015e-16
7.67095e-15
3.8268e-15
-8.90954e-15
-3.11903e-15
-4.27436e-15
-9.76302e-15
8.56953e-16
2.81025e-15
1.84922e-15
8.69096e-15
2.39739e-15
3.46945e-15
1.39125e-15
-6.83481e-16
8.55219e-15
5.93275e-15
-4.38538e-15
-8.78464e-15
-3.18842e-15
6.6544e-15
-5.85643e-15
-3.95864e-15
4.60743e-15
-5.16601e-15
-8.23994e-15
2.39045e-15
5.59622e-15
-1.59248e-15
8.9477e-15
-4.44089e-16
-4.58314e-15
-1.84228e-15
5.45397e-15
-3.05658e-15
-6.21725e-15
-9.11077e-15
2.47025e-15
-5.19029e-15
-2.51535e-15
2.60209e-16
9.4022e-16
-3.43128e-15
-1.42247e-15
3.88231e-15
4.66988e-15
-1.28474e-14
-3.51108e-15
3.00801e-15
6.49134e-15
-5.33601e-15
-5.82173e-15
-1.25941e-15
5.32907e-15
-8.71525e-15
-4.3715e-16
-1.09635e-15
1.33574e-15
-1.53523e-14
4.12864e-15
2.72005e-15
-1.10328e-15
-2.21351e-15
1.5335e-15
4.20844e-15
4.02803e-15
1.60288e-15
1.93248e-15
-5.13478e-16
-1.21118e-14
-8.65974e-15
-5.16948e-15
-6.29011e-15
-2.48759e-15
4.47559e-16
-6.45664e-15
9.12465e-16
1.09461e-14
5.5303e-15
-7.57727e-15
1.06512e-15
5.31519e-15
2.48065e-15
3.76088e-15
4.92661e-16
4.656e-15
-8.23647e-15
-3.36883e-15
1.26982e-15
-6.29011e-15
8.53484e-16
2.46678e-15
2.00187e-15
-1.70003e-16
-1.94289e-15
4.94396e-15
5.10703e-15
2.74433e-15
1.53003e-15
-4.82253e-16
7.91034e-16
2.38698e-15
-3.96211e-15
2.71658e-15
-6.01602e-15
-2.31065e-15
9.50975e-15
4.30211e-15
-1.59595e-15
-1.94289e-15
8.25034e-15
7.74034e-15
-2.18922e-15
-6.92155e-15
6.94236e-15
3.36536e-15
-6.66828e-15
-1.93942e-15
1.41796e-14
-1.03494e-14
-2.67841e-15
-2.52576e-15
-2.70617e-16
3.14679e-15
-4.48253e-15
-1.00614e-16
3.81639e-17
5.59969e-15
3.05311e-16
1.16955e-14
9.20444e-15
-2.43902e-15
-1.19002e-15
5.16948e-16
-4.92661e-16
2.20657e-15
-7.25114e-15
-4.18762e-15
-3.46945e-17
1.19453e-14
-3.04964e-15
-6.40807e-15
-2.77556e-16
-6.10623e-15
2.94903e-16
-1.14492e-16
4.39926e-15
3.31679e-15
3.77129e-15
-1.28716e-15
-2.35922e-16
1.4537e-15
-4.66294e-15
2.01228e-16
-1.83881e-16
6.245e-16
-5.08621e-15
-5.02029e-15
-6.52603e-15
2.35575e-15
-4.29518e-15
4.98906e-15
5.38111e-15
5.28744e-15
5.20417e-15
5.75581e-15
-1.30104e-14
-8.4481e-15
5.29438e-15
-3.31332e-15
-7.97973e-15
3.82333e-15
9.08995e-16
1.60635e-15
-4.54844e-15
-4.02803e-15
1.02314e-14
2.13371e-15
-4.72192e-15
1.96024e-15
-3.0323e-15
6.78277e-15
4.20844e-15
2.39045e-15
-4.26395e-15
7.56339e-16
3.40353e-15
-8.97199e-15
-4.34722e-15
-9.22873e-15
-5.33254e-15
4.8711e-15
2.56392e-15
-3.18842e-15
4.80171e-15
-4.02456e-15
5.75928e-16
-1.03285e-14
2.0782e-15
-1.46549e-14
-8.55913e-15
3.10169e-15
-4.54844e-15
2.52229e-15
-7.66054e-15
1.09981e-15
-1.14492e-15
-6.42889e-15
-2.84495e-16
-6.245e-17
5.68989e-16
-5.39152e-15
6.1548e-15
-5.38805e-15
1.9186e-15
2.27943e-15
1.61676e-15
-1.12063e-15
2.90046e-15
-6.49827e-15
-5.78357e-15
-1.03598e-14
-1.64452e-15
-8.30239e-15
-4.96131e-15
-4.60743e-15
1.73299e-14
2.58474e-15
-8.06993e-15
5.47479e-15
-1.0339e-15
-1.32394e-14
-1.91513e-15
-2.02963e-15
1.16226e-15
8.54872e-15
-1.419e-15
1.06165e-15
3.33067e-16
6.1097e-15
2.54657e-15
-1.1359e-14
-1.08177e-14
-2.37657e-15
8.98587e-16
-2.84148e-15
-5.31519e-15
2.41127e-15
1.55084e-15
1.37737e-15
-2.22045e-15
-1.37737e-15
-2.55004e-15
-7.28584e-17
-6.72726e-15
2.10942e-15
8.05606e-15
1.64452e-14
-5.25968e-15
1.35586e-14
4.37497e-15
-4.96131e-16
4.46865e-15
-2.45984e-15
2.09555e-15
2.44943e-15
-7.91034e-16
4.51028e-17
-4.32293e-15
6.46011e-15
-3.72966e-15
1.31839e-16
-2.69576e-15
2.4182e-15
-5.38458e-15
-5.75928e-15
2.90393e-15
-2.08167e-15
-1.00614e-16
8.01442e-16
1.11196e-14
3.41047e-15
-3.19883e-15
-4.19803e-15
-2.94903e-15
-3.89619e-15
-1.47486e-14
5.45744e-15
5.72459e-16
-3.577e-15
5.6552e-16
5.35683e-15
2.35229e-15
-1.68268e-15
2.60555e-15
-1.11369e-15
-6.60583e-15
-6.41501e-15
4.30211e-16
-1.20043e-14
-2.56739e-15
1.28127e-14
9.37445e-15
-1.02696e-15
4.46518e-15
4.3264e-15
3.25434e-15
1.15741e-14
-4.73926e-15
2.28637e-15
1.08594e-15
-4.14599e-15
2.42861e-17
2.55351e-15
3.18842e-15
2.84148e-15
-5.29091e-15
-1.27225e-14
2.10248e-15
-5.34295e-15
5.53724e-15
-7.46278e-15
-4.35416e-15
8.74301e-16
1.56819e-15
-2.18922e-15
-1.39472e-15
2.88311e-15
-6.56766e-15
-7.78197e-15
1.42594e-15
8.25728e-16
1.00961e-15
-1.59595e-15
-2.0331e-15
-2.98372e-15
-3.747e-15
4.93008e-15
1.73819e-15
-6.17215e-15
-4.26395e-15
6.15827e-15
-9.12465e-16
5.88765e-15
4.29864e-15
2.81025e-15
3.56312e-15
-8.85403e-15
1.73472e-17
3.49026e-15
7.16788e-15
-1.13104e-15
2.01922e-15
-8.32667e-17
-1.22471e-15
-4.50681e-15
2.09902e-15
3.75047e-15
2.34535e-15
7.28584e-15
1.51615e-15
-8.08034e-15
-1.05471e-15
-3.67067e-15
-2.73045e-15
-3.84068e-15
-1.31839e-16
-1.39576e-14
-2.05391e-15
2.28983e-16
2.47025e-15
2.15106e-16
2.91434e-16
-5.06539e-16
-1.09981e-15
-3.78864e-15
-1.10675e-15
3.77823e-15
3.77129e-15
-3.26128e-16
-4.84682e-15
3.28904e-15
5.82867e-16
-3.17454e-15
-2.07473e-15
-6.38378e-16
2.64719e-15
-1.76595e-15
1.08975e-14
4.34722e-15
2.28983e-15
4.5762e-15
-4.76355e-15
3.33414e-15
6.93889e-18
4.09742e-15
1.48839e-15
9.64506e-16
-9.45424e-15
9.05873e-15
2.57433e-15
-4.22926e-15
2.34882e-15
1.48492e-15
7.97973e-16
-9.16975e-15
-2.91434e-15
1.9082e-16
-6.32133e-15
1.99146e-15
-1.39125e-14
2.27249e-15
-4.7011e-15
2.18922e-15
-3.83721e-15
-2.29677e-15
1.64105e-15
8.84709e-16
-1.67574e-15
-1.65493e-15
4.05231e-15
-1.9533e-15
4.44089e-16
7.16441e-15
-1.6237e-15
3.19189e-15
-2.40433e-15
1.09635e-15
7.47319e-15
-4.34028e-15
-3.45904e-15
-4.32293e-15
-9.50628e-16
-4.09742e-15
-6.41848e-16
1.92207e-15
2.09902e-15
-6.58154e-15
-6.20684e-15
-3.54231e-15
3.26475e-15
2.00534e-15
5.43315e-15
-8.67362e-17
-3.43822e-15
-6.52256e-16
-7.61197e-15
2.74433e-15
-6.21725e-15
-2.55004e-15
-1.67921e-15
-7.97626e-15
1.85268e-15
-2.10248e-15
-8.8124e-16
-1.21084e-15
4.78784e-16
1.00614e-15
3.69496e-15
-6.81746e-15
-9.07954e-15
-3.70884e-15
1.84575e-15
-3.66027e-15
-5.04111e-15
1.30868e-14
-1.64799e-15
1.17961e-15
7.69176e-15
-5.3707e-15
1.07414e-14
-9.86017e-15
3.7019e-15
-2.01228e-15
1.57166e-15
2.86576e-15
-1.80758e-15
-6.55725e-16
-8.22259e-16
-7.27543e-15
-7.07073e-15
-1.42594e-15
-2.1233e-15
-8.21565e-15
-1.50227e-15
-2.97332e-15
5.1105e-15
4.09395e-15
-4.79825e-15
7.43156e-15
-1.44329e-15
4.02456e-15
-5.52336e-15
8.99281e-15
-2.02269e-15
-9.22873e-16
7.63278e-17
6.91461e-15
3.00107e-15
4.43395e-15
-4.25007e-15
1.46064e-15
-3.24046e-15
7.00828e-16
-1.28716e-15
5.66214e-15
8.69096e-15
-2.05738e-15
4.25701e-15
2.21004e-15
-3.17107e-15
1.77289e-15
-2.2031e-15
2.0331e-15
-5.44703e-16
2.61943e-15
-1.48145e-15
-1.13035e-14
1.85615e-15
3.45557e-15
-2.5327e-16
-6.245e-16
-3.98293e-15
7.00828e-16
7.49747e-15
-9.1975e-15
6.57807e-15
1.89085e-15
-6.33174e-15
1.66533e-16
1.35655e-15
1.43219e-14
-4.86416e-15
4.20844e-15
1.64452e-15
3.41047e-15
-3.66027e-15
-4.9509e-15
1.6688e-15
8.74648e-15
1.31145e-15
6.04725e-15
5.16254e-15
8.08381e-16
3.10862e-15
8.7777e-16
-7.24074e-15
-2.83454e-15
-1.42941e-15
-8.55913e-15
3.49373e-15
-4.73926e-15
1.92554e-15
-4.99253e-15
2.4529e-15
-3.46945e-16
3.40006e-16
-2.67841e-15
6.59195e-17
-9.23914e-15
1.45023e-15
-5.85643e-15
-3.10862e-15
2.35575e-15
-4.81212e-15
-6.3248e-15
-1.46411e-15
-1.13451e-15
-3.83374e-15
-1.50921e-15
1.07449e-14
-2.35922e-16
-7.09155e-15
-3.91701e-15
5.65173e-15
-4.39579e-15
1.2837e-15
7.80973e-15
-5.86683e-15
4.76702e-15
3.14332e-15
3.54231e-15
-2.61596e-15
-5.42622e-15
-8.97546e-15
4.00721e-15
-1.15394e-14
-2.30718e-15
8.53484e-16
-7.07767e-16
-6.8244e-15
-1.27329e-14
4.16681e-15
-9.45424e-15
-4.93702e-15
3.25087e-15
5.41928e-15
3.94129e-15
5.6552e-16
-4.85029e-15
3.89619e-15
-4.22232e-15
-3.77129e-15
4.95784e-15
-3.22312e-15
4.57273e-15
2.79637e-15
3.40353e-15
2.70617e-15
3.6568e-15
-9.79425e-15
8.0283e-15
9.79772e-15
3.45904e-15
-5.22152e-15
-2.498e-15
3.0323e-15
-2.82413e-15
-7.28931e-15
8.83321e-15
2.56739e-16
-4.23273e-16
6.00214e-15
-2.86576e-15
4.32987e-15
-2.34882e-15
-5.24927e-15
1.51268e-14
3.92048e-16
2.19963e-15
-3.577e-15
-1.97065e-15
8.62158e-15
5.78704e-15
-1.1071e-14
1.54737e-15
-6.31439e-15
-4.02109e-15
2.21004e-15
-1.12826e-14
2.27943e-15
-6.08194e-15
4.1217e-15
8.79505e-15
3.407e-15
-4.09395e-16
1.33192e-14
4.89886e-15
-1.55084e-15
2.83454e-15
4.63171e-15
1.23131e-14
2.93862e-15
1.09947e-14
9.6069e-15
-6.53644e-15
9.08995e-16
-6.28317e-15
-6.73073e-16
-5.72459e-16
-2.85535e-15
2.72005e-15
-8.11157e-15
-4.53804e-15
-2.85535e-15
-5.76275e-15
-2.84842e-15
-7.5738e-15
-3.05658e-15
-7.51135e-15
1.19106e-14
-7.87218e-15
-1.47105e-14
-6.08541e-15
-1.68962e-15
1.24553e-15
-3.55271e-15
-1.52309e-15
5.76969e-15
-8.49668e-15
-9.85323e-16
5.72459e-16
-4.26395e-15
4.60049e-15
-9.4022e-16
4.41661e-15
2.7929e-15
-8.36831e-15
-2.36269e-15
2.93168e-15
-3.45904e-15
-5.3707e-15
-6.78624e-15
-2.97332e-15
1.16088e-14
6.07153e-16
5.19029e-15
4.64906e-15
-4.27783e-15
1.15359e-14
-1.75554e-15
3.23006e-15
-8.28851e-15
2.6229e-15
-5.96745e-16
2.63331e-15
-3.17107e-15
-1.14492e-15
4.75314e-16
4.66641e-15
-3.94129e-15
-1.06928e-14
-2.8276e-15
-1.24449e-14
-8.96852e-15
9.99201e-16
-1.34615e-15
-5.30825e-16
3.02883e-15
-2.52923e-15
3.29597e-15
-5.27356e-15
9.1975e-15
-1.61329e-15
2.36616e-15
4.41314e-15
6.50521e-15
7.30666e-15
-8.29198e-16
1.14526e-14
-7.74034e-15
2.81025e-15
8.17749e-15
1.10675e-15
2.30718e-15
1.07553e-16
-2.71311e-15
6.70644e-15
-3.78517e-15
9.99548e-15
4.30558e-15
1.65493e-15
2.67494e-15
-5.37764e-15
2.13371e-15
-2.30718e-15
3.27516e-15
-6.88338e-15
6.42195e-15
-1.08663e-14
6.27623e-15
4.0766e-15
2.51882e-15
-2.26902e-15
-6.05418e-15
-2.38004e-15
-3.59782e-15
-8.62505e-15
3.18148e-15
-7.68136e-15
-6.43235e-15
2.7825e-15
1.02245e-14
-4.18762e-15
2.84148e-15
-2.38698e-15
-4.15293e-15
-3.64292e-15
-5.54071e-15
-1.02904e-14
1.38084e-15
1.57166e-15
-2.31412e-15
8.86444e-15
4.996e-16
-1.94636e-15
5.84949e-15
6.59889e-15
-3.62904e-15
9.95731e-16
-1.18447e-14
1.14318e-14
-3.57353e-15
1.94289e-16
2.3731e-15
-1.9533e-15
-1.02938e-14
3.51108e-15
4.09395e-16
-8.24688e-15
1.249e-15
-1.04083e-16
-3.57353e-15
1.66533e-16
9.19403e-16
-3.00107e-15
2.63678e-16
-2.96291e-15
7.66054e-15
-1.39194e-14
-6.56072e-15
2.08167e-16
2.01575e-15
-1.98799e-15
6.55725e-16
1.18308e-15
-2.06085e-15
7.14012e-15
-5.85643e-15
4.34028e-15
2.5327e-16
7.18176e-16
1.6584e-15
7.40033e-15
9.21138e-15
-1.42941e-15
1.98105e-15
1.06859e-15
-6.87644e-15
3.34108e-15
6.245e-16
4.30211e-16
-1.01794e-14
-1.44676e-15
-1.89432e-15
6.02296e-15
5.52336e-15
-5.18335e-15
3.2474e-15
1.20286e-14
-2.45984e-15
-1.14145e-15
-1.7486e-15
-1.31561e-14
2.22045e-16
2.09902e-15
-6.29011e-15
-6.22072e-15
3.15026e-15
-6.74114e-15
2.59515e-15
-3.08781e-15
4.41314e-15
-2.56739e-16
-5.01335e-15
5.90847e-15
6.7793e-15
1.98452e-15
-2.69923e-15
7.40033e-15
-3.71231e-16
-6.63705e-15
-1.15186e-15
4.68375e-16
-5.27356e-15
3.49026e-15
-3.20924e-15
-3.08434e-15
-1.10918e-14
2.63678e-15
2.36963e-15
-5.77663e-15
3.29597e-16
-5.59622e-15
8.84709e-16
-6.10623e-16
3.75394e-15
-7.97973e-16
-5.68989e-16
6.7793e-15
-8.69096e-15
-1.98452e-15
-7.04645e-15
-9.54098e-16
-6.05765e-15
2.60555e-15
-8.93036e-15
3.83721e-15
2.83454e-15
-8.66668e-15
4.43048e-15
-2.37657e-15
6.14092e-15
-1.15533e-15
4.13905e-15
-6.41848e-15
-2.78597e-15
9.8116e-15
-1.6584e-15
-9.13505e-15
9.04832e-15
-2.00534e-15
1.9186e-15
-1.29757e-15
5.00988e-15
3.81639e-15
-6.33174e-15
-2.35922e-15
2.18575e-15
7.43502e-15
4.08701e-15
-2.95944e-15
-6.68215e-15
-2.08167e-15
6.2797e-16
-1.01759e-14
-1.54737e-15
-5.73153e-15
-1.64105e-15
-5.68642e-15
4.50334e-15
7.70217e-16
8.74301e-16
-2.19963e-15
-3.13291e-15
9.4369e-16
7.35523e-15
8.52443e-15
9.86364e-15
2.96291e-15
-4.62824e-15
-1.58207e-15
-6.51562e-15
3.29944e-15
-1.8284e-15
9.19403e-16
-5.02723e-15
-1.38084e-15
-3.22312e-15
-4.37844e-15
-3.40006e-16
1.38778e-17
5.02723e-15
-1.04812e-14
6.64052e-15
-4.52416e-15
-9.36751e-17
-6.81052e-15
-2.62637e-15
6.22072e-15
-7.36911e-15
-2.83454e-15
-1.53003e-15
-7.67095e-15
-2.498e-15
-3.64292e-16
1.31492e-15
-5.2007e-15
-7.97973e-17
7.25808e-15
-6.19296e-15
-3.36883e-15
3.15373e-15
1.04257e-14
-7.08461e-15
-4.7358e-15
2.75821e-15
-1.84228e-15
2.69923e-15
-3.89619e-15
5.1556e-15
-1.66187e-15
8.30933e-15
2.78597e-15
-6.87644e-15
1.33643e-14
4.78784e-16
7.10196e-15
4.75314e-16
4.69763e-15
-2.24126e-15
1.17267e-15
4.89192e-16
2.15453e-15
-1.53003e-15
1.22125e-15
-3.34802e-15
5.58581e-16
-1.6584e-15
4.68375e-16
6.36644e-15
3.97252e-15
9.45424e-15
-3.08781e-16
7.2338e-15
-1.05124e-15
-1.9082e-16
4.79131e-15
2.67494e-15
3.66374e-15
1.419e-15
5.34295e-16
-4.17374e-15
1.63793e-14
-2.80331e-15
6.14786e-15
-7.91034e-16
8.35096e-15
4.09395e-16
-1.011e-14
7.79932e-15
-3.70537e-15
3.76782e-15
4.22232e-15
3.39659e-15
-2.60902e-15
2.20657e-15
-1.26635e-15
-1.73125e-15
-5.07927e-15
-3.28904e-15
6.19296e-15
-8.72566e-15
-4.43048e-15
1.86656e-15
6.05765e-15
-7.11237e-16
2.89699e-15
-1.1012e-14
1.86656e-15
-8.36484e-15
-8.84709e-16
3.747e-16
-5.25621e-15
3.73659e-15
-5.20764e-15
-4.16681e-15
-3.94823e-15
4.03844e-15
-6.88338e-15
-1.52309e-15
1.42247e-15
1.05818e-15
-3.64639e-15
6.97706e-15
-6.05418e-15
4.34028e-15
-3.88925e-15
-2.7478e-15
2.78944e-15
-5.12784e-15
-5.72459e-15
-5.91541e-15
1.30798e-15
-4.29518e-15
6.25541e-15
1.68962e-15
-2.80678e-15
-2.25861e-15
-2.52229e-15
-6.38725e-15
-6.66134e-16
-3.85803e-15
-5.55458e-15
8.01442e-16
-7.73687e-15
2.87617e-15
-4.74273e-15
6.14786e-15
1.75207e-15
-9.35363e-15
2.90393e-15
-3.00801e-15
4.8711e-15
-5.93275e-15
5.37417e-15
-2.10942e-15
1.91167e-15
5.27356e-15
2.28637e-15
3.6568e-15
-4.03844e-15
3.98639e-15
-4.60396e-15
3.04617e-15
-4.44783e-15
3.60476e-15
-6.9493e-15
1.11335e-14
-1.28092e-14
3.40353e-15
5.41581e-15
-5.30825e-15
2.09208e-15
3.97252e-15
-2.05044e-15
3.66027e-15
3.92048e-15
7.73687e-16
8.6077e-15
1.84228e-15
-2.44596e-15
-6.69256e-15
-6.73073e-16
2.06432e-15
4.93355e-15
-1.08594e-15
2.15106e-16
3.2474e-15
-2.76515e-15
9.64506e-16
9.24608e-15
4.16681e-15
3.77129e-15
4.06272e-15
-4.07313e-15
5.99173e-15
-9.9469e-15
3.41741e-15
2.77556e-17
3.66374e-15
-3.08781e-16
2.08861e-15
7.23727e-15
5.10356e-15
-4.8711e-15
-5.33948e-15
-2.01228e-16
-6.44276e-15
-4.34375e-15
-4.03844e-15
3.37924e-15
-2.06432e-15
-1.13867e-14
7.51829e-15
-7.14706e-15
-2.49106e-15
3.0323e-15
-5.6205e-16
2.07473e-15
1.31839e-15
4.55191e-15
4.78437e-15
2.50147e-15
-6.60583e-15
4.40967e-15
-7.24421e-15
-1.11369e-15
2.84495e-15
5.4956e-15
-2.58127e-15
-5.16254e-15
3.81639e-17
4.19456e-15
-4.2466e-15
1.97758e-15
1.70003e-16
-3.50067e-15
-5.04111e-15
-1.30243e-14
-1.56472e-15
6.7446e-15
6.0299e-15
-5.30825e-16
-2.91087e-15
-4.01415e-15
2.42167e-15
-2.55698e-15
2.00187e-15
-6.41848e-15
1.25247e-15
2.62637e-15
-6.93889e-15
-5.42275e-15
-6.81746e-15
-2.30371e-15
-7.04298e-15
8.59035e-15
-4.61783e-15
-9.05526e-16
4.71151e-15
2.95944e-15
-2.18922e-15
-8.43423e-15
-3.49026e-15
1.38986e-14
3.73312e-15
-4.89192e-16
-2.10942e-15
8.06299e-15
9.49935e-15
3.81639e-15
-5.05151e-15
-2.11636e-16
4.22926e-15
8.22259e-16
-6.05072e-15
-5.96051e-15
1.21431e-15
1.25247e-15
3.95864e-15
5.6552e-16
-1.38778e-16
7.39339e-15
-1.8735e-15
-6.93889e-16
-3.63598e-15
3.25434e-15
-5.89806e-17
4.4964e-15
5.73153e-15
-5.31519e-15
2.88658e-15
-6.02296e-15
5.03417e-15
-3.88231e-15
9.05526e-16
-2.38698e-15
5.11396e-15
5.42622e-15
1.65146e-15
-1.89779e-15
-3.48332e-15
5.7003e-15
3.67761e-15
-1.93942e-15
-9.26342e-16
5.55112e-16
3.21618e-15
7.15053e-15
-2.25167e-15
-4.35763e-15
5.83214e-15
6.984e-15
1.45717e-15
1.88738e-15
2.08167e-17
-5.97092e-15
-7.76462e-15
3.70537e-15
-5.92235e-15
6.2797e-16
-1.1241e-15
8.12198e-15
-4.17028e-15
1.07553e-16
-2.65066e-15
-6.77236e-15
4.42354e-15
1.18308e-15
-3.50067e-15
-2.41127e-15
4.90927e-15
2.17881e-15
-8.18096e-15
4.3264e-15
1.28023e-15
1.4086e-15
-4.22232e-15
5.06539e-16
-8.21565e-15
-6.62664e-15
8.6875e-15
-1.31041e-14
9.78384e-15
-3.83721e-15
-5.89459e-15
-8.1532e-16
-1.25525e-14
-5.75928e-16
-8.40994e-15
3.38618e-15
-4.68028e-15
4.42008e-15
-2.11983e-15
2.87964e-16
4.85723e-16
2.29677e-15
4.11476e-15
-7.5287e-15
-3.53884e-15
9.26342e-16
-5.72806e-15
-1.48492e-15
-7.91381e-15
-4.17721e-15
-4.05231e-15
1.51962e-15
-6.67869e-15
-1.23512e-15
4.77396e-15
2.92821e-15
-4.36803e-15
-9.97466e-15
4.44089e-16
-1.419e-15
2.31759e-15
1.40166e-15
9.74568e-15
-1.08941e-15
-1.56819e-15
-6.65787e-15
-1.22888e-14
2.52229e-15
-3.12597e-15
-6.08541e-15
1.45717e-16
3.7019e-15
-2.59515e-15
-1.94983e-15
2.10942e-15
-1.18308e-15
5.49213e-15
-4.55885e-15
1.07865e-14
-1.11647e-14
3.27169e-15
-6.39419e-15
2.83107e-15
2.44596e-15
-9.02056e-16
4.51028e-15
-1.42872e-14
1.32186e-15
3.81292e-15
6.62317e-15
7.70564e-15
5.0307e-15
7.0291e-15
-2.22738e-15
-4.47906e-15
4.1217e-15
1.13451e-15
6.73073e-16
-3.93088e-15
-4.06966e-15
-3.41047e-15
-6.84522e-15
-1.05506e-14
5.62397e-15
9.8116e-15
-9.44037e-15
4.06619e-15
-8.84362e-15
3.64986e-15
6.46705e-15
3.98986e-16
-7.14706e-16
5.6101e-15
-4.21885e-15
3.0427e-15
-9.47159e-16
8.87138e-15
-2.85535e-15
-2.97679e-15
-1.76942e-16
7.50441e-15
1.23859e-15
-3.53884e-15
6.38378e-16
6.34562e-15
6.31092e-15
5.39152e-15
-7.9034e-15
2.81025e-16
9.39526e-15
1.38778e-17
3.95864e-15
-5.8599e-15
9.57567e-16
1.92901e-15
6.80012e-16
-1.18308e-14
5.1105e-15
-2.35575e-15
6.18255e-15
3.19189e-16
2.58127e-15
2.17187e-15
-1.21431e-15
3.93088e-15
1.49186e-15
6.18255e-15
6.42889e-15
-9.80119e-15
-8.53484e-16
-5.13825e-15
-8.51055e-15
-6.45317e-16
4.94396e-15
6.3699e-15
-2.13371e-15
2.23779e-15
-6.74807e-15
2.34882e-15
2.53617e-15
2.74086e-15
6.36297e-15
1.64105e-15
3.11556e-15
1.56125e-16
5.17641e-15
1.00614e-15
5.97439e-15
1.79023e-15
-4.96131e-16
5.40887e-15
5.90153e-15
-6.84175e-15
6.92502e-15
-2.97332e-15
-4.31599e-15
-6.50521e-15
-1.85268e-15
1.91167e-15
-3.92394e-15
-1.24935e-14
-1.12757e-15
-5.70377e-15
-7.54952e-15
-2.34882e-15
-5.78704e-15
3.80598e-15
-1.36002e-15
1.99493e-15
-2.68882e-15
-7.46972e-15
-6.31092e-15
5.47479e-15
1.11022e-16
2.94903e-16
1.79023e-15
9.92956e-15
-7.44196e-15
-6.37684e-15
2.51535e-15
-2.60902e-15
-1.72778e-15
4.65253e-15
1.23165e-15
-9.79772e-15
1.76942e-15
1.23165e-15
-9.21138e-15
8.99975e-15
-6.79318e-15
3.64292e-15
6.3248e-15
4.28477e-15
-2.67147e-16
-1.20043e-15
-5.20417e-17
-6.09582e-15
6.49134e-15
2.08167e-17
-5.9501e-15
-3.84415e-15
-7.28584e-16
3.36883e-15
-1.29029e-14
-1.80411e-16
-3.12597e-15
-7.32053e-16
2.25167e-15
-5.57887e-15
1.02696e-15
-7.25808e-15
-1.31839e-15
8.20871e-15
-3.96905e-15
1.21778e-15
4.99947e-15
3.6568e-15
3.71231e-15
-4.57967e-16
-2.01228e-16
8.91301e-15
-3.50067e-15
4.66988e-15
2.86576e-15
5.04458e-15
5.11396e-15
-9.90874e-15
2.79984e-15
-6.72726e-15
3.63945e-15
1.10675e-15
-1.81105e-15
-8.96158e-15
4.02456e-15
-2.05391e-15
-4.14946e-15
-4.25007e-15
2.05738e-15
-1.00267e-15
-6.41154e-15
2.0435e-15
-2.28983e-16
-6.19643e-15
4.51722e-15
9.652e-15
-8.32667e-15
5.39152e-15
-3.64292e-15
-4.61783e-15
1.05818e-15
-1.65146e-15
-7.08808e-15
-1.24206e-14
4.35763e-15
7.97626e-15
-3.52496e-15
6.81399e-15
-3.65333e-15
-1.19002e-15
-5.0758e-15
4.47212e-15
-1.65493e-15
-2.52229e-15
6.92849e-15
-2.00534e-15
9.36404e-15
1.33574e-15
4.84335e-15
6.26582e-15
-3.88578e-15
-2.70617e-16
-4.13211e-15
-8.36137e-15
7.02216e-15
2.36963e-15
8.63892e-16
-4.56926e-15
-1.09981e-15
2.18922e-15
2.94903e-16
-3.59435e-15
6.71338e-15
-4.11129e-15
-7.77156e-16
5.13478e-16
-4.35763e-15
7.79585e-15
4.33681e-15
4.97172e-15
-6.32827e-15
7.11931e-15
-3.63945e-15
1.29514e-14
-4.09395e-15
1.38084e-15
1.0509e-14
4.70804e-15
-7.81666e-15
4.42008e-15
6.80705e-15
2.4078e-15
-3.25087e-15
1.48007e-14
-6.03337e-15
-4.56926e-15
1.04777e-15
-3.81639e-15
9.37792e-15
2.07473e-15
3.407e-15
-3.98986e-16
5.1105e-15
9.54445e-15
-2.43555e-15
-5.58581e-15
-1.02002e-15
-8.91648e-16
4.05231e-15
4.84682e-15
1.72778e-15
6.2797e-16
7.24767e-15
-2.11289e-15
4.69416e-15
5.29785e-15
-4.26395e-15
-8.33014e-15
-1.27329e-15
-5.69336e-15
4.26395e-15
8.27463e-15
-9.19403e-16
1.0502e-14
-8.99975e-15
-5.73847e-15
-4.19803e-16
1.52656e-16
7.36564e-15
-2.18575e-15
-4.30905e-15
5.94663e-15
-4.68375e-15
5.82867e-15
7.28584e-16
-1.69656e-15
5.42275e-15
2.24473e-15
-3.97946e-15
7.7785e-15
7.37257e-15
-1.70003e-16
6.21725e-15
-6.92502e-15
-8.95117e-16
-2.7825e-15
-8.17402e-15
-1.1692e-14
5.6101e-15
8.22259e-16
4.64559e-15
-6.26929e-15
3.44169e-15
-9.80813e-15
2.79637e-15
-3.71231e-15
2.17881e-15
3.44863e-15
-6.93889e-18
-6.93889e-18
-8.01442e-16
1.56472e-15
3.06005e-15
-2.63678e-16
5.80438e-15
-1.97758e-16
2.6229e-15
4.82253e-16
-5.48173e-16
2.16147e-15
-5.69683e-15
-1.07206e-14
-4.28477e-15
7.5287e-16
-4.53804e-15
-1.06928e-14
1.17961e-16
3.56312e-15
1.93595e-15
3.14679e-15
-6.81399e-15
-8.8124e-16
-6.65093e-15
-8.64239e-15
-9.71445e-16
4.47906e-15
1.08941e-15
-1.06859e-15
-5.84255e-15
2.60209e-15
-2.3731e-15
-1.73125e-15
-8.96158e-15
-1.03806e-14
-4.96131e-16
6.80012e-16
-2.56045e-15
-3.91354e-15
-5.13131e-15
-4.12864e-16
-1.62023e-15
-8.1081e-15
8.32667e-16
4.06619e-15
-4.63171e-15
2.26555e-15
2.81025e-15
6.97706e-15
-3.29251e-15
-6.80705e-15
-5.30131e-15
5.4956e-15
-1.64105e-15
1.00614e-15
7.18176e-16
3.1225e-16
-1.36349e-15
-7.73687e-16
9.61037e-16
-5.58581e-15
-7.24767e-15
-1.09704e-14
-6.12704e-15
-5.89806e-16
-2.28983e-15
5.6552e-16
-1.77983e-15
-2.65066e-15
-4.05925e-16
2.93862e-15
9.59649e-15
8.29198e-15
-3.51108e-15
2.7929e-15
-1.34961e-15
8.11157e-15
6.09235e-15
-1.24553e-15
-2.25167e-15
1.1071e-14
4.33681e-15
-1.02106e-14
3.88231e-15
7.62237e-15
6.50868e-15
7.16441e-15
2.42514e-15
7.85136e-15
9.34669e-15
-3.50761e-15
-1.04083e-15
7.63278e-16
3.86149e-15
9.22526e-15
-5.21458e-15
8.09769e-15
-1.94289e-15
1.02696e-15
4.33334e-15
3.42781e-15
1.46411e-15
8.47239e-15
-1.21569e-14
-3.2023e-15
1.25247e-15
6.99441e-15
-9.05526e-15
3.80251e-15
3.51108e-15
6.97359e-16
-8.7777e-16
3.29597e-16
2.24473e-15
-6.58848e-15
3.60822e-15
-1.35308e-16
-4.24313e-15
-1.27329e-15
-1.08594e-15
-1.49186e-16
6.22419e-15
1.17129e-14
5.3256e-15
7.91034e-16
-7.97973e-16
8.94076e-15
3.21271e-15
-4.85723e-17
4.47559e-16
-8.13585e-15
-5.2458e-15
-5.55112e-15
1.06859e-15
-1.09981e-15
-6.33174e-15
-9.24608e-15
-8.95811e-15
-1.56125e-16
-1.12063e-15
-1.29168e-14
-1.94289e-16
-7.21645e-16
1.66533e-16
-1.18031e-14
-1.38431e-15
-8.75341e-15
-7.04992e-15
2.87964e-16
-1.5335e-15
5.30478e-15
2.46331e-16
6.25541e-15
-7.99708e-15
-6.33174e-15
-2.35575e-15
-9.84976e-15
-1.59248e-15
6.28664e-15
-8.73607e-15
-3.34108e-15
6.15827e-15
-3.97599e-15
6.14092e-16
-3.86843e-15
-9.12465e-16
-2.05738e-15
7.33441e-15
-6.66134e-16
-4.14946e-15
8.63892e-16
2.04697e-15
-5.52336e-15
1.9082e-16
5.7454e-15
-7.58768e-15
9.05526e-16
4.30558e-15
2.13371e-15
8.11851e-16
6.90767e-15
2.05738e-15
-1.58901e-15
-2.74086e-16
-6.60236e-15
4.06619e-15
-4.16334e-15
2.70964e-15
-9.08995e-16
-1.04777e-15
8.14279e-15
-1.81799e-15
-9.71445e-16
3.89966e-15
-1.38431e-15
1.58137e-14
9.30506e-15
-4.17028e-15
5.10356e-15
-7.92769e-15
5.41581e-15
-1.71044e-15
1.9186e-15
-3.53884e-15
8.56953e-15
-2.99413e-15
4.92661e-15
7.56339e-15
-5.31866e-15
-1.63411e-15
1.15533e-15
-6.31439e-16
-1.46411e-15
8.94076e-15
3.57353e-16
1.72778e-15
3.05311e-16
7.60503e-15
-5.19376e-15
3.30291e-15
2.69576e-15
-6.76195e-15
4.16334e-17
2.93862e-15
3.77476e-15
-6.07847e-15
2.84495e-16
-2.92127e-15
3.55965e-15
4.75661e-15
-1.14145e-15
-7.19563e-15
1.04673e-14
-3.30638e-15
-1.89085e-15
1.8735e-16
9.25648e-15
-4.33681e-15
-8.70831e-15
3.0427e-15
-1.38431e-15
-1.11092e-14
-1.66533e-15
-1.4537e-15
9.79425e-15
3.16761e-15
-3.1225e-15
-6.6995e-15
2.07126e-15
-4.65253e-15
-7.42462e-16
-5.0307e-15
6.32133e-15
1.17614e-15
2.76862e-15
-3.97252e-15
-8.74301e-16
4.30211e-15
-5.4852e-15
5.12437e-15
-4.63865e-15
3.55271e-15
-3.15373e-15
2.28637e-15
-1.80411e-16
2.06432e-15
-1.00961e-15
-7.12624e-15
9.54792e-15
-7.42462e-15
-1.73125e-15
-3.69149e-15
-2.93515e-15
-3.44863e-15
-3.79211e-15
2.53964e-15
5.95704e-15
-1.99146e-15
2.45984e-15
3.86496e-15
-2.93862e-15
9.6069e-15
-4.43048e-15
-6.8244e-15
4.74273e-15
9.66935e-15
3.92048e-15
5.24233e-15
-6.31092e-15
1.74513e-15
1.31839e-16
8.04218e-15
-4.73233e-15
8.76382e-15
-4.96131e-16
-4.16334e-17
-9.06913e-15
3.38618e-15
8.86097e-15
-7.45931e-16
3.47292e-15
2.96291e-15
6.13398e-15
-6.245e-16
-1.18655e-14
-3.74353e-15
1.00128e-14
2.40086e-15
-1.29063e-15
9.80466e-15
-6.28317e-15
4.68375e-15
-1.42976e-14
5.08621e-15
-9.50282e-15
-3.81639e-16
-3.1225e-17
-1.69656e-15
2.39045e-15
-3.53537e-15
8.28504e-15
-6.2797e-16
-5.20417e-17
5.1556e-15
-4.7011e-15
-5.4505e-15
5.07927e-15
4.36109e-15
-6.07153e-16
1.95677e-15
2.07126e-15
-2.29677e-15
3.38271e-15
-1.18308e-14
6.14092e-15
4.96825e-15
-9.1073e-15
-1.3288e-15
-2.14759e-15
-3.51108e-15
-5.97786e-15
-3.18842e-15
1.45023e-15
6.29011e-15
-1.02036e-14
-3.76088e-15
-4.14252e-15
-1.7486e-15
7.54605e-15
2.68882e-15
-5.38111e-15
-8.43769e-15
4.72192e-15
-6.81746e-15
3.80251e-15
2.01228e-16
8.1081e-15
-4.43742e-15
-1.56819e-15
7.44196e-15
-4.2813e-15
5.65867e-15
-8.88872e-15
5.28744e-15
-1.23512e-15
7.63278e-16
-7.66748e-16
-2.8727e-15
-2.98372e-15
-2.81372e-15
2.61943e-15
2.35575e-15
3.12597e-15
-3.29251e-15
4.52416e-15
-6.89032e-15
3.1572e-15
-3.84415e-15
3.59435e-15
-1.06165e-15
-3.84762e-15
-7.84095e-15
7.33441e-15
-7.99361e-15
-2.84842e-15
1.03806e-14
-6.44623e-15
-1.419e-15
-2.17534e-15
4.2466e-15
6.52256e-15
5.21458e-15
-1.61329e-15
8.28504e-15
5.71418e-15
-3.11209e-15
2.74433e-15
5.07927e-15
-2.76862e-15
4.79825e-15
-1.97758e-16
4.19456e-15
6.71685e-15
-8.37524e-15
5.46438e-15
1.09843e-14
-1.93942e-15
3.56659e-15
5.6205e-16
-2.44943e-15
1.08941e-14
2.42167e-15
-1.63064e-15
-1.21084e-15
-2.87964e-16
1.59942e-15
8.29198e-16
-2.92474e-15
-3.38271e-15
-2.31412e-15
1.17302e-14
-5.2354e-15
1.97412e-15
1.11022e-16
-1.26982e-15
5.75581e-15
3.40006e-16
2.58474e-15
2.60555e-15
4.36109e-15
-1.14492e-16
9.12465e-16
1.49533e-15
1.60635e-15
-5.04458e-15
1.03112e-14
-5.41928e-15
-7.59809e-16
-1.05818e-15
5.28744e-15
-1.70003e-16
1.08975e-14
-8.09075e-15
9.02403e-15
2.50841e-15
-1.07379e-14
4.69763e-15
2.75474e-15
2.56739e-16
-2.89005e-15
-1.75207e-15
6.00214e-16
-1.25941e-15
3.34108e-15
-6.18602e-15
6.55725e-15
-6.22072e-15
4.81906e-15
4.24313e-15
-6.73073e-15
3.09475e-15
6.62664e-16
-2.56739e-15
-3.52149e-15
7.25114e-15
-5.31866e-15
6.83481e-16
7.50094e-15
-5.60316e-15
6.16868e-15
-6.20337e-15
1.62023e-15
1.0339e-15
-7.95891e-15
4.10089e-15
-3.64292e-15
-2.4078e-15
-1.6584e-15
9.37792e-15
5.71765e-15
-8.40994e-15
3.20924e-15
2.56392e-15
4.72539e-15
-4.5762e-15
1.1692e-15
-2.96638e-15
-1.0339e-14
2.77209e-15
-3.78517e-15
6.01949e-15
-2.13371e-15
-2.53617e-15
1.79717e-15
1.9186e-15
-8.95117e-15
-5.6205e-16
1.24276e-14
-1.92554e-15
-4.90927e-15
1.14145e-15
-5.61357e-15
-4.8711e-15
-6.89726e-15
-9.03444e-15
-1.64105e-15
1.81799e-15
-1.65146e-15
-4.92661e-16
-1.53003e-15
-1.44676e-15
1.51962e-15
1.39819e-15
-6.34909e-15
2.42514e-15
-2.61596e-15
5.01682e-15
-3.98639e-15
-2.27943e-15
6.26235e-15
-6.67522e-15
6.245e-15
-5.56152e-15
8.09422e-15
-5.28744e-15
6.68215e-15
-7.52523e-15
-8.75688e-15
-3.60822e-16
-6.63011e-15
3.01495e-15
-4.36803e-15
2.17187e-15
7.18176e-15
-5.4956e-15
-2.41474e-15
9.87752e-15
-1.2039e-15
-2.41127e-15
-1.86656e-15
-3.59782e-15
6.62664e-15
-1.50921e-15
4.46171e-15
5.79051e-15
-3.89966e-15
9.22873e-15
9.92956e-15
-1.06512e-14
-1.97758e-16
-1.05818e-14
1.64105e-15
-1.6237e-15
-3.40006e-16
-4.89886e-15
-7.97973e-17
5.79398e-16
-9.21138e-15
2.22045e-15
-1.04083e-16
-4.89192e-15
-1.93942e-15
2.67841e-15
6.15827e-15
7.48013e-15
5.57193e-15
-9.78384e-16
9.47853e-15
-8.03871e-15
2.96985e-15
2.19963e-15
6.31092e-15
2.78944e-15
3.71231e-15
5.85643e-15
-2.668e-15
-5.8252e-15
-1.17614e-15
5.74193e-15
4.71498e-15
5.69683e-15
-1.77636e-15
-9.19056e-15
1.06512e-15
5.84602e-15
-5.92582e-15
1.16573e-15
-1.82493e-15
8.63892e-15
7.09849e-15
5.5754e-15
2.74086e-16
6.05765e-15
-9.75955e-15
6.10623e-15
5.3256e-15
-8.05606e-15
-3.0323e-15
1.17406e-14
-3.50414e-15
-3.68802e-15
3.1572e-15
-7.5287e-15
-6.89032e-15
-5.4505e-15
7.19216e-15
-1.07969e-14
-5.55112e-16
8.61117e-15
1.079e-15
1.66187e-15
-4.16681e-15
-1.55431e-15
-6.72032e-15
3.97946e-15
-5.43315e-15
3.06352e-15
6.89032e-15
-1.84575e-15
-7.25114e-16
8.84362e-15
-1.75554e-15
1.26635e-15
-4.89886e-15
4.04191e-15
-2.57433e-15
1.47451e-15
-3.74006e-15
1.13555e-14
-2.7027e-15
-3.0427e-15
2.31759e-15
1.08247e-15
-2.91434e-15
9.55486e-15
4.13558e-15
-1.8735e-15
1.49637e-14
-4.48946e-15
-6.28664e-15
-3.16414e-15
4.57967e-16
9.4473e-15
-7.4836e-15
-7.07767e-16
9.61731e-15
-1.11369e-15
8.41688e-15
2.94903e-16
-1.06165e-15
-1.22125e-15
4.75661e-15
-8.64239e-15
6.01949e-15
-8.60423e-15
-6.97359e-16
7.25114e-15
6.36297e-15
-8.13932e-15
4.43395e-15
-4.31946e-15
-3.9066e-15
8.98587e-15
8.19483e-15
-6.04378e-15
-2.18228e-15
6.40807e-15
-2.57433e-15
-3.77129e-15
2.87964e-16
-1.28716e-15
6.62664e-15
-1.59595e-16
4.95784e-15
-4.19109e-15
2.38698e-15
1.98452e-15
-7.5287e-15
5.56846e-15
-7.85483e-15
-6.19643e-15
1.94636e-15
-8.50015e-16
2.18922e-15
-3.93088e-15
-7.28584e-17
5.8703e-15
-1.4537e-15
-8.53831e-15
-7.87564e-16
1.13451e-15
-5.59275e-15
1.58901e-15
-7.28584e-17
-8.0283e-15
-1.97758e-16
2.28983e-16
-7.32053e-16
-1.1588e-15
-9.71445e-17
-1.46064e-15
-8.54178e-15
6.23807e-15
4.08354e-15
1.60288e-15
9.94343e-15
-3.18495e-15
-9.94343e-15
1.19696e-15
1.14492e-16
1.91513e-15
-1.75207e-15
5.96051e-15
-3.11556e-15
5.98133e-15
-3.41741e-15
-3.91354e-15
-2.32453e-15
-1.97412e-15
-5.14172e-15
-3.44863e-15
3.78864e-15
-1.21708e-14
-2.38698e-15
3.68802e-15
8.57994e-15
-8.89566e-15
5.83561e-15
-5.2007e-15
3.59088e-15
-7.38992e-15
4.82947e-15
-1.03979e-14
4.38538e-15
4.19803e-15
1.35308e-16
5.11743e-15
-4.33681e-15
-2.54657e-15
1.24553e-15
8.80893e-15
7.85136e-15
5.91541e-15
3.46945e-16
5.31866e-15
2.5431e-15
-1.28196e-14
5.00294e-15
2.40433e-15
1.9533e-15
-1.76942e-16
1.01759e-14
-1.08247e-15
-1.25247e-15
-2.1684e-15
1.64452e-15
-2.77556e-15
-6.63705e-15
-1.38778e-15
7.39686e-15
-1.93942e-15
-2.81025e-16
-6.66481e-15
-2.92127e-15
-1.05818e-15
-3.3272e-15
5.19029e-15
1.07692e-14
-8.29545e-15
3.02189e-15
-9.2773e-15
4.10089e-15
-5.43315e-15
-9.82547e-15
2.13718e-15
4.19803e-16
3.01148e-15
-4.13211e-15
1.42594e-15
8.22259e-15
-2.36616e-15
-1.97758e-16
6.59195e-16
-4.15987e-15
3.32373e-15
-3.29597e-16
8.98587e-15
2.35922e-15
6.77236e-15
-5.38111e-15
-1.09981e-15
-4.96478e-15
1.10537e-14
-1.67227e-15
4.00721e-15
1.07553e-16
1.42941e-15
1.17614e-15
4.71845e-15
-1.00961e-15
-1.77289e-15
-6.93542e-15
-6.03684e-15
-4.28824e-15
-6.93889e-15
-1.64105e-15
1.31839e-16
-5.7003e-15
1.67574e-15
1.92207e-15
1.48839e-15
-7.54952e-15
-3.48332e-15
3.66721e-15
-1.38778e-17
5.63438e-15
-3.44169e-15
2.76515e-15
8.32667e-15
2.00881e-15
5.5754e-15
4.09395e-15
3.35842e-15
8.84709e-16
-3.93435e-15
-3.26128e-15
-8.94076e-15
1.93248e-15
1.17614e-15
2.0331e-15
8.26422e-15
3.32373e-15
1.99146e-15
4.58314e-15
-5.96745e-15
-7.21645e-16
6.93889e-17
3.71231e-15
4.44436e-15
-1.09912e-14
2.78944e-15
-7.87564e-16
4.2813e-15
-2.74086e-15
3.67761e-16
2.2933e-15
-1.85615e-15
-6.06459e-15
-3.46945e-17
3.45557e-15
1.07761e-14
-2.34882e-15
-5.03417e-15
-7.24074e-15
-3.46251e-15
-5.16601e-15
1.19002e-15
1.80411e-16
2.62984e-15
5.01682e-15
3.50761e-15
-4.64906e-16
4.29518e-15
-6.93889e-18
-1.36696e-15
3.4521e-15
-2.06432e-15
-8.67362e-16
-7.59462e-15
-6.77236e-15
3.40353e-15
4.75314e-15
4.42701e-15
-3.02536e-15
5.48173e-16
-2.49453e-15
-1.17267e-15
1.83534e-15
-4.09048e-15
5.75581e-15
-7.63625e-15
-3.38271e-15
-4.06619e-15
5.89806e-17
-2.02963e-15
3.35149e-15
-8.29198e-16
-5.72112e-15
-4.25007e-15
-2.77556e-17
-8.71178e-15
1.419e-15
5.01335e-15
-8.52443e-15
2.48412e-15
-4.11823e-15
7.07767e-16
3.54577e-15
-2.2031e-15
1.2039e-15
-3.4521e-15
-3.01842e-16
7.63278e-16
-2.55004e-15
4.3264e-15
-5.2354e-15
1.77983e-15
5.9952e-15
-3.1225e-17
3.65333e-15
-1.74166e-15
-4.11476e-15
-1.86309e-15
1.88738e-15
-3.99333e-15
4.14599e-15
5.30825e-16
-4.48946e-15
1.04916e-14
-1.26982e-15
-9.32587e-15
3.49026e-15
-9.29812e-16
-1.79717e-15
5.23886e-16
-1.98452e-15
4.53804e-15
7.77156e-16
-4.6213e-15
1.39402e-14
-1.05992e-14
1.75207e-15
-4.10089e-15
-9.29812e-16
-6.9042e-16
7.63625e-15
-1.53003e-15
1.46064e-15
-1.0443e-15
-3.30638e-15
-2.54657e-15
2.77556e-15
-2.80331e-15
5.06192e-15
-2.77556e-17
-5.44703e-15
1.12167e-14
-1.04083e-15
8.89219e-15
-1.249e-15
2.58127e-15
4.62477e-15
-6.99787e-15
9.37445e-15
1.02349e-15
6.25888e-15
2.84495e-16
-4.21191e-15
4.82253e-16
2.86576e-15
9.19403e-16
-3.06699e-15
-1.80758e-15
1.16573e-15
-5.12437e-15
5.07233e-15
-8.8124e-16
7.99361e-15
-2.78944e-15
-7.18176e-16
1.8735e-15
3.47986e-15
-4.68028e-15
1.49533e-15
-6.38378e-15
2.85189e-15
9.15934e-16
1.6688e-15
-3.80945e-15
1.59595e-15
9.13158e-15
-4.31946e-15
3.11556e-15
-8.8124e-16
-1.65146e-15
7.30319e-15
-5.55458e-15
5.08621e-15
3.1225e-16
-4.54498e-15
6.03337e-15
-7.32053e-16
6.26582e-15
-9.49588e-15
7.57033e-15
-9.22526e-15
4.13211e-15
-5.52336e-15
-7.98667e-15
2.16493e-15
2.55004e-15
4.99253e-15
6.17562e-16
3.43822e-15
-3.25434e-15
-6.75848e-15
1.56472e-15
-3.43475e-15
-1.37737e-15
1.97758e-16
-7.13665e-15
-1.5335e-15
1.43635e-15
1.9533e-15
1.02453e-14
-6.50868e-15
-8.39259e-15
1.20043e-15
2.43902e-15
-4.59355e-15
-3.66374e-15
-4.97172e-15
2.79984e-15
4.16681e-15
-7.04298e-16
-6.2797e-16
5.90847e-15
-6.01255e-15
5.13131e-15
1.40166e-15
-6.40807e-15
2.15106e-15
2.24473e-15
-4.55885e-15
3.54231e-15
1.45717e-15
-1.06165e-15
5.65867e-15
2.16493e-15
-7.63625e-15
-4.16334e-15
4.30905e-15
8.8124e-16
-9.34322e-15
-1.36002e-15
-6.28664e-15
1.33921e-15
-6.75848e-15
-4.16334e-17
-4.43742e-15
-7.154e-15
3.32026e-15
2.94903e-15
8.46892e-15
-5.06192e-15
4.33334e-15
-6.90767e-15
6.29358e-15
4.69416e-15
6.76889e-15
3.18842e-15
-4.34375e-15
-2.42167e-15
-3.40353e-15
9.71445e-17
-9.57567e-16
2.54657e-15
4.92661e-16
5.3256e-15
4.86763e-15
3.57353e-16
-1.79023e-15
-4.16334e-17
-7.29972e-15
9.74915e-16
1.42247e-15
9.22873e-16
-5.3603e-15
-9.4369e-16
-7.54258e-15
5.17641e-15
2.17534e-15
-8.42729e-15
-5.3707e-15
1.99493e-15
-3.18148e-15
-2.98372e-16
7.63278e-16
-3.94823e-15
3.19189e-15
1.05124e-15
-4.75314e-15
2.30718e-15
-1.41553e-15
2.90046e-15
-4.64212e-15
3.00801e-15
3.93088e-15
-2.80331e-15
4.75661e-15
4.1564e-15
-6.80359e-15
-2.45637e-15
2.38351e-15
5.13478e-16
1.56819e-15
9.02056e-16
-6.98747e-15
-2.93168e-15
5.14519e-15
4.31946e-15
6.29358e-15
1.6688e-15
2.98372e-16
2.56739e-16
-1.24206e-15
-1.70003e-16
1.09981e-15
-3.80945e-15
-2.91434e-16
1.7833e-15
3.77476e-15
9.3571e-15
-3.83374e-15
-3.93782e-15
-1.5786e-15
-2.39392e-16
-6.07153e-15
2.27249e-15
-3.39659e-15
-1.3739e-15
-5.89459e-15
-2.56392e-15
-1.47451e-15
-1.56472e-15
1.02002e-15
1.06859e-15
4.16334e-16
-6.59195e-16
3.45904e-15
-5.64826e-15
-6.07153e-16
1.19627e-14
-4.79478e-15
2.82413e-15
-3.33067e-16
-3.04617e-15
4.30211e-16
5.36723e-15
1.06859e-15
-6.55725e-16
6.13745e-15
3.90313e-15
3.35842e-15
7.38992e-16
1.28716e-15
-3.30638e-15
-4.57967e-15
-1.4086e-15
-2.19963e-15
-3.2023e-15
7.20951e-15
-4.19109e-15
2.50494e-15
3.06352e-15
-5.93275e-16
-8.11504e-15
4.38538e-15
4.59008e-15
-1.36696e-15
2.98372e-16
3.6568e-15
-3.57006e-15
1.6237e-15
-6.04378e-15
4.98906e-15
-4.10089e-15
3.66374e-15
-4.20497e-15
1.94289e-16
-4.1217e-15
2.95597e-15
-1.57166e-15
1.56125e-16
3.53537e-15
4.26742e-16
-3.3723e-15
3.30638e-15
1.4086e-15
1.00614e-16
-2.00534e-15
2.13718e-15
5.15907e-15
1.74513e-15
-3.18842e-15
-2.74086e-16
-1.3739e-15
-4.30558e-15
6.45317e-16
1.23165e-15
4.79478e-15
-1.63064e-16
-4.90233e-15
3.91701e-15
-7.30666e-15
2.0435e-15
3.50414e-16
3.95517e-16
3.59782e-15
2.70617e-15
1.84922e-15
-7.28584e-17
-8.09075e-15
-2.74086e-16
-7.63278e-16
-2.35575e-15
6.72726e-15
7.59115e-15
-2.60209e-16
6.41501e-15
-2.1233e-15
-1.82146e-15
2.13024e-15
-5.4054e-15
-5.10009e-15
2.46678e-15
4.04191e-15
2.0435e-15
1.97758e-15
3.35149e-15
-6.66134e-15
3.14679e-15
-2.33494e-15
2.83454e-15
5.04111e-15
2.26555e-15
-2.65066e-15
6.41848e-16
3.05311e-16
-3.16067e-15
2.49106e-15
-1.89085e-15
-3.09128e-15
1.20737e-15
-1.30451e-15
5.3603e-15
-3.92048e-16
-2.84148e-15
-1.88391e-15
5.80785e-15
2.83454e-15
3.85109e-16
-4.92661e-16
-6.245e-17
-1.46064e-15
5.86337e-16
-1.33227e-15
6.96665e-15
1.38084e-15
-3.1572e-16
-3.31332e-15
3.18148e-15
7.324e-15
-1.83187e-15
-4.50681e-15
-1.40513e-15
7.45931e-16
-1.9984e-15
-4.64212e-15
-2.11289e-15
4.91621e-15
-3.13291e-15
-7.23727e-15
-3.09128e-15
1.25941e-15
-9.46465e-15
-7.96585e-15
-1.94289e-16
2.51882e-15
9.50628e-16
-1.31839e-15
1.5786e-15
3.81639e-15
-3.89619e-15
3.26128e-16
-3.48332e-15
-5.30478e-15
2.17534e-15
-7.01522e-15
9.95731e-15
-6.39072e-15
8.23647e-15
-4.66988e-15
2.94903e-16
-1.67574e-15
1.22818e-15
-8.87138e-15
-1.01308e-14
-5.51989e-15
3.9968e-15
-5.89806e-16
2.27943e-15
-1.6688e-15
-7.1089e-15
-4.48599e-15
-1.04777e-15
8.56953e-16
1.26635e-15
-7.33788e-15
-7.12971e-15
-3.22659e-16
4.52763e-15
9.45077e-15
3.60476e-15
-6.92502e-15
4.51028e-17
1.14492e-16
-6.22072e-15
7.20257e-15
1.25247e-15
-2.69576e-15
-8.04912e-16
-2.72699e-15
-7.99708e-15
1.43288e-15
-6.22419e-15
2.25861e-15
5.93969e-15
-5.33948e-15
3.30638e-15
)
;

boundaryField
{
    top
    {
        type            calculated;
        value           uniform 0;
    }
    bottom
    {
        type            calculated;
        value           uniform 0;
    }
    wall
    {
        type            calculated;
        value           uniform 0;
    }
    frontAndBack
    {
        type            empty;
    }
}


// ************************************************************************* //
