/*--------------------------------*- C++ -*----------------------------------*\
| =========                 |                                                 |
| \\      /  F ield         | foam-extend: Open Source CFD                    |
|  \\    /   O peration     | Version:     4.0                                |
|   \\  /    A nd           | Web:         http://www.foam-extend.org         |
|    \\/     M anipulation  |                                                 |
\*---------------------------------------------------------------------------*/
FoamFile
{
    version     2.0;
    format      ascii;
    class       volScalarField;
    location    "620";
    object      cMinus;
}
// * * * * * * * * * * * * * * * * * * * * * * * * * * * * * * * * * * * * * //

dimensions      [0 0 0 0 0 0 0];

internalField   nonuniform List<scalar> 
6960
(
0.000560976
0.000561715
0.000561921
0.000562043
0.000562137
0.000562215
0.000562281
0.000562338
0.000562387
0.000562431
0.000562469
0.000562504
0.000562534
0.000562562
0.000562587
0.00056261
0.00056263
0.000562649
0.000562665
0.00056268
0.000562694
0.000562706
0.000562716
0.000562725
0.000562733
0.000562739
0.000562744
0.000562748
0.00056275
0.000562751
0.000562751
0.00056275
0.000562748
0.000562744
0.000562739
0.000562733
0.000562725
0.000562716
0.000562706
0.000562694
0.00056268
0.000562665
0.000562649
0.00056263
0.00056261
0.000562587
0.000562562
0.000562534
0.000562504
0.000562469
0.000562431
0.000562387
0.000562338
0.000562281
0.000562215
0.000562137
0.000562043
0.000561921
0.000561715
0.000560976
0.00185592
0.00185852
0.00185921
0.0018596
0.00185989
0.00186012
0.00186032
0.00186049
0.00186064
0.00186077
0.00186089
0.00186099
0.00186109
0.00186117
0.00186124
0.00186131
0.00186137
0.00186143
0.00186148
0.00186152
0.00186156
0.0018616
0.00186163
0.00186166
0.00186168
0.0018617
0.00186171
0.00186173
0.00186173
0.00186174
0.00186174
0.00186173
0.00186173
0.00186171
0.0018617
0.00186168
0.00186166
0.00186163
0.0018616
0.00186156
0.00186152
0.00186148
0.00186143
0.00186137
0.00186131
0.00186124
0.00186117
0.00186109
0.00186099
0.00186089
0.00186077
0.00186064
0.00186049
0.00186032
0.00186012
0.00185989
0.0018596
0.00185921
0.00185852
0.00185592
0.00493248
0.00493961
0.00494145
0.00494241
0.00494311
0.00494367
0.00494415
0.00494455
0.0049449
0.00494521
0.00494549
0.00494573
0.00494595
0.00494614
0.00494632
0.00494648
0.00494663
0.00494676
0.00494688
0.00494698
0.00494708
0.00494716
0.00494723
0.0049473
0.00494735
0.0049474
0.00494743
0.00494746
0.00494748
0.00494748
0.00494748
0.00494748
0.00494746
0.00494743
0.0049474
0.00494735
0.0049473
0.00494723
0.00494716
0.00494708
0.00494698
0.00494688
0.00494676
0.00494663
0.00494648
0.00494632
0.00494614
0.00494595
0.00494573
0.00494549
0.00494521
0.0049449
0.00494455
0.00494415
0.00494367
0.00494311
0.00494241
0.00494145
0.00493961
0.00493248
0.0114157
0.0114323
0.0114364
0.0114385
0.0114399
0.011441
0.011442
0.0114428
0.0114435
0.0114441
0.0114447
0.0114451
0.0114456
0.011446
0.0114463
0.0114466
0.0114469
0.0114472
0.0114474
0.0114476
0.0114478
0.011448
0.0114481
0.0114483
0.0114484
0.0114485
0.0114485
0.0114486
0.0114486
0.0114486
0.0114486
0.0114486
0.0114486
0.0114485
0.0114485
0.0114484
0.0114483
0.0114481
0.011448
0.0114478
0.0114476
0.0114474
0.0114472
0.0114469
0.0114466
0.0114463
0.011446
0.0114456
0.0114451
0.0114447
0.0114441
0.0114435
0.0114428
0.011442
0.011441
0.0114399
0.0114385
0.0114364
0.0114323
0.0114157
0.0234444
0.0234774
0.0234855
0.0234892
0.0234917
0.0234937
0.0234953
0.0234967
0.0234979
0.023499
0.0234999
0.0235008
0.0235015
0.0235022
0.0235028
0.0235033
0.0235038
0.0235043
0.0235047
0.0235051
0.0235054
0.0235057
0.0235059
0.0235061
0.0235063
0.0235065
0.0235066
0.0235067
0.0235068
0.0235068
0.0235068
0.0235068
0.0235067
0.0235066
0.0235065
0.0235063
0.0235061
0.0235059
0.0235057
0.0235054
0.0235051
0.0235047
0.0235043
0.0235038
0.0235033
0.0235028
0.0235022
0.0235015
0.0235008
0.0234999
0.023499
0.0234979
0.0234967
0.0234953
0.0234937
0.0234917
0.0234892
0.0234855
0.0234774
0.0234444
0.0429491
0.043006
0.0430196
0.0430255
0.0430293
0.0430323
0.0430348
0.0430369
0.0430387
0.0430402
0.0430416
0.0430429
0.043044
0.043045
0.0430459
0.0430467
0.0430474
0.0430481
0.0430487
0.0430493
0.0430497
0.0430502
0.0430505
0.0430509
0.0430511
0.0430514
0.0430516
0.0430517
0.0430518
0.0430518
0.0430518
0.0430518
0.0430517
0.0430516
0.0430514
0.0430511
0.0430509
0.0430505
0.0430502
0.0430497
0.0430493
0.0430487
0.0430481
0.0430474
0.0430467
0.0430459
0.043045
0.043044
0.0430429
0.0430416
0.0430402
0.0430387
0.0430369
0.0430348
0.0430323
0.0430293
0.0430255
0.0430196
0.043006
0.0429491
0.0705842
0.0706698
0.0706901
0.0706983
0.0707034
0.0707073
0.0707105
0.0707132
0.0707155
0.0707176
0.0707194
0.070721
0.0707224
0.0707237
0.0707249
0.0707259
0.0707269
0.0707278
0.0707285
0.0707292
0.0707299
0.0707304
0.0707309
0.0707313
0.0707317
0.070732
0.0707322
0.0707324
0.0707325
0.0707326
0.0707326
0.0707325
0.0707324
0.0707322
0.070732
0.0707317
0.0707313
0.0707309
0.0707304
0.0707299
0.0707292
0.0707285
0.0707278
0.0707269
0.0707259
0.0707249
0.0707237
0.0707224
0.070721
0.0707194
0.0707176
0.0707155
0.0707132
0.0707105
0.0707073
0.0707034
0.0706983
0.0706901
0.0706698
0.0705842
0.105153
0.105268
0.105294
0.105305
0.105311
0.105315
0.105319
0.105322
0.105325
0.105327
0.105329
0.105331
0.105333
0.105334
0.105336
0.105337
0.105338
0.105339
0.10534
0.105341
0.105341
0.105342
0.105342
0.105343
0.105343
0.105344
0.105344
0.105344
0.105344
0.105344
0.105344
0.105344
0.105344
0.105344
0.105344
0.105343
0.105343
0.105342
0.105342
0.105341
0.105341
0.10534
0.105339
0.105338
0.105337
0.105336
0.105334
0.105333
0.105331
0.105329
0.105327
0.105325
0.105322
0.105319
0.105315
0.105311
0.105305
0.105294
0.105268
0.105153
0.144136
0.144277
0.14431
0.144322
0.144328
0.144333
0.144337
0.14434
0.144343
0.144346
0.144348
0.14435
0.144351
0.144353
0.144354
0.144356
0.144357
0.144358
0.144359
0.14436
0.14436
0.144361
0.144362
0.144362
0.144363
0.144363
0.144363
0.144363
0.144364
0.144364
0.144364
0.144364
0.144363
0.144363
0.144363
0.144363
0.144362
0.144362
0.144361
0.14436
0.14436
0.144359
0.144358
0.144357
0.144356
0.144354
0.144353
0.144351
0.14435
0.144348
0.144346
0.144343
0.14434
0.144337
0.144333
0.144328
0.144322
0.14431
0.144277
0.144136
0.184879
0.185043
0.185081
0.185093
0.1851
0.185105
0.185109
0.185112
0.185115
0.185118
0.18512
0.185122
0.185123
0.185125
0.185126
0.185127
0.185129
0.18513
0.18513
0.185131
0.185132
0.185133
0.185133
0.185134
0.185134
0.185135
0.185135
0.185135
0.185135
0.185135
0.185135
0.185135
0.185135
0.185135
0.185135
0.185134
0.185134
0.185133
0.185133
0.185132
0.185131
0.18513
0.18513
0.185129
0.185127
0.185126
0.185125
0.185123
0.185122
0.18512
0.185118
0.185115
0.185112
0.185109
0.185105
0.1851
0.185093
0.185081
0.185043
0.184879
0.225472
0.225654
0.225696
0.225709
0.225716
0.225721
0.225725
0.225728
0.225731
0.225733
0.225735
0.225737
0.225738
0.22574
0.225741
0.225742
0.225743
0.225744
0.225745
0.225746
0.225747
0.225747
0.225748
0.225748
0.225749
0.225749
0.225749
0.225749
0.22575
0.22575
0.22575
0.22575
0.225749
0.225749
0.225749
0.225749
0.225748
0.225748
0.225747
0.225747
0.225746
0.225745
0.225744
0.225743
0.225742
0.225741
0.22574
0.225738
0.225737
0.225735
0.225733
0.225731
0.225728
0.225725
0.225721
0.225716
0.225709
0.225696
0.225654
0.225472
0.264915
0.265113
0.265158
0.265172
0.265179
0.265184
0.265187
0.26519
0.265192
0.265195
0.265196
0.265198
0.2652
0.265201
0.265202
0.265203
0.265204
0.265205
0.265206
0.265207
0.265207
0.265208
0.265209
0.265209
0.265209
0.26521
0.26521
0.26521
0.26521
0.26521
0.26521
0.26521
0.26521
0.26521
0.26521
0.265209
0.265209
0.265209
0.265208
0.265207
0.265207
0.265206
0.265205
0.265204
0.265203
0.265202
0.265201
0.2652
0.265198
0.265196
0.265195
0.265192
0.26519
0.265187
0.265184
0.265179
0.265172
0.265158
0.265113
0.264915
0.302852
0.303063
0.303112
0.303127
0.303133
0.303138
0.303141
0.303144
0.303146
0.303148
0.30315
0.303151
0.303153
0.303154
0.303155
0.303156
0.303157
0.303158
0.303159
0.303159
0.30316
0.30316
0.303161
0.303161
0.303162
0.303162
0.303162
0.303162
0.303162
0.303163
0.303163
0.303162
0.303162
0.303162
0.303162
0.303162
0.303161
0.303161
0.30316
0.30316
0.303159
0.303159
0.303158
0.303157
0.303156
0.303155
0.303154
0.303153
0.303151
0.30315
0.303148
0.303146
0.303144
0.303141
0.303138
0.303133
0.303127
0.303112
0.303063
0.302852
0.339242
0.339466
0.339518
0.339534
0.33954
0.339544
0.339547
0.33955
0.339552
0.339554
0.339555
0.339557
0.339558
0.339559
0.33956
0.339561
0.339562
0.339563
0.339564
0.339564
0.339565
0.339565
0.339566
0.339566
0.339567
0.339567
0.339567
0.339567
0.339567
0.339567
0.339567
0.339567
0.339567
0.339567
0.339567
0.339567
0.339566
0.339566
0.339565
0.339565
0.339564
0.339564
0.339563
0.339562
0.339561
0.33956
0.339559
0.339558
0.339557
0.339555
0.339554
0.339552
0.33955
0.339547
0.339544
0.33954
0.339534
0.339518
0.339466
0.339242
0.374153
0.374388
0.374444
0.374459
0.374466
0.37447
0.374473
0.374475
0.374477
0.374479
0.37448
0.374482
0.374483
0.374484
0.374485
0.374486
0.374487
0.374487
0.374488
0.374488
0.374489
0.374489
0.37449
0.37449
0.374491
0.374491
0.374491
0.374491
0.374491
0.374491
0.374491
0.374491
0.374491
0.374491
0.374491
0.374491
0.37449
0.37449
0.374489
0.374489
0.374488
0.374488
0.374487
0.374487
0.374486
0.374485
0.374484
0.374483
0.374482
0.37448
0.374479
0.374477
0.374475
0.374473
0.37447
0.374466
0.374459
0.374444
0.374388
0.374153
0.407663
0.407908
0.407967
0.407984
0.40799
0.407994
0.407996
0.407999
0.408001
0.408002
0.408003
0.408005
0.408006
0.408007
0.408008
0.408008
0.408009
0.40801
0.408011
0.408011
0.408012
0.408012
0.408012
0.408013
0.408013
0.408013
0.408013
0.408014
0.408014
0.408014
0.408014
0.408014
0.408014
0.408013
0.408013
0.408013
0.408013
0.408012
0.408012
0.408012
0.408011
0.408011
0.40801
0.408009
0.408008
0.408008
0.408007
0.408006
0.408005
0.408003
0.408002
0.408001
0.407999
0.407996
0.407994
0.40799
0.407984
0.407967
0.407908
0.407663
0.439838
0.440092
0.440154
0.440171
0.440177
0.440181
0.440183
0.440185
0.440187
0.440189
0.44019
0.440191
0.440192
0.440193
0.440194
0.440195
0.440195
0.440196
0.440196
0.440197
0.440197
0.440198
0.440198
0.440199
0.440199
0.440199
0.440199
0.440199
0.440199
0.440199
0.440199
0.440199
0.440199
0.440199
0.440199
0.440199
0.440199
0.440198
0.440198
0.440197
0.440197
0.440196
0.440196
0.440195
0.440195
0.440194
0.440193
0.440192
0.440191
0.44019
0.440189
0.440187
0.440185
0.440183
0.440181
0.440177
0.440171
0.440154
0.440092
0.439838
0.470727
0.470988
0.471053
0.471071
0.471077
0.471081
0.471083
0.471085
0.471087
0.471088
0.471089
0.47109
0.471091
0.471092
0.471093
0.471093
0.471094
0.471095
0.471095
0.471096
0.471096
0.471096
0.471097
0.471097
0.471097
0.471098
0.471098
0.471098
0.471098
0.471098
0.471098
0.471098
0.471098
0.471098
0.471098
0.471097
0.471097
0.471097
0.471096
0.471096
0.471096
0.471095
0.471095
0.471094
0.471093
0.471093
0.471092
0.471091
0.47109
0.471089
0.471088
0.471087
0.471085
0.471083
0.471081
0.471077
0.471071
0.471053
0.470988
0.470727
0.500367
0.500635
0.500703
0.500722
0.500728
0.500732
0.500734
0.500736
0.500737
0.500738
0.500739
0.50074
0.500741
0.500742
0.500743
0.500743
0.500744
0.500745
0.500745
0.500746
0.500746
0.500746
0.500747
0.500747
0.500747
0.500747
0.500748
0.500748
0.500748
0.500748
0.500748
0.500748
0.500748
0.500748
0.500747
0.500747
0.500747
0.500747
0.500746
0.500746
0.500746
0.500745
0.500745
0.500744
0.500743
0.500743
0.500742
0.500741
0.50074
0.500739
0.500738
0.500737
0.500736
0.500734
0.500732
0.500728
0.500722
0.500703
0.500635
0.500367
0.528792
0.529066
0.529137
0.529156
0.529163
0.529166
0.529168
0.52917
0.529171
0.529172
0.529173
0.529174
0.529175
0.529176
0.529176
0.529177
0.529177
0.529178
0.529178
0.529179
0.529179
0.52918
0.52918
0.52918
0.52918
0.529181
0.529181
0.529181
0.529181
0.529181
0.529181
0.529181
0.529181
0.529181
0.529181
0.52918
0.52918
0.52918
0.52918
0.529179
0.529179
0.529178
0.529178
0.529177
0.529177
0.529176
0.529176
0.529175
0.529174
0.529173
0.529172
0.529171
0.52917
0.529168
0.529166
0.529163
0.529156
0.529137
0.529066
0.528792
0.556031
0.556309
0.556382
0.556402
0.556409
0.556412
0.556414
0.556416
0.556417
0.556418
0.556419
0.55642
0.55642
0.556421
0.556422
0.556422
0.556423
0.556423
0.556424
0.556424
0.556424
0.556425
0.556425
0.556425
0.556425
0.556426
0.556426
0.556426
0.556426
0.556426
0.556426
0.556426
0.556426
0.556426
0.556426
0.556425
0.556425
0.556425
0.556425
0.556424
0.556424
0.556424
0.556423
0.556423
0.556422
0.556422
0.556421
0.55642
0.55642
0.556419
0.556418
0.556417
0.556416
0.556414
0.556412
0.556409
0.556402
0.556382
0.556309
0.556031
0.582108
0.582391
0.582467
0.582487
0.582494
0.582497
0.582499
0.5825
0.582501
0.582502
0.582503
0.582504
0.582505
0.582505
0.582506
0.582506
0.582507
0.582507
0.582508
0.582508
0.582508
0.582509
0.582509
0.582509
0.582509
0.582509
0.58251
0.58251
0.58251
0.58251
0.58251
0.58251
0.58251
0.58251
0.582509
0.582509
0.582509
0.582509
0.582509
0.582508
0.582508
0.582508
0.582507
0.582507
0.582506
0.582506
0.582505
0.582505
0.582504
0.582503
0.582502
0.582501
0.5825
0.582499
0.582497
0.582494
0.582487
0.582467
0.582391
0.582108
0.607052
0.607337
0.607415
0.607436
0.607443
0.607446
0.607448
0.607449
0.60745
0.607451
0.607452
0.607453
0.607453
0.607454
0.607454
0.607455
0.607455
0.607456
0.607456
0.607457
0.607457
0.607457
0.607457
0.607458
0.607458
0.607458
0.607458
0.607458
0.607458
0.607458
0.607458
0.607458
0.607458
0.607458
0.607458
0.607458
0.607458
0.607457
0.607457
0.607457
0.607457
0.607456
0.607456
0.607455
0.607455
0.607454
0.607454
0.607453
0.607453
0.607452
0.607451
0.60745
0.607449
0.607448
0.607446
0.607443
0.607436
0.607415
0.607337
0.607052
0.630886
0.631173
0.631254
0.631276
0.631283
0.631285
0.631287
0.631288
0.631289
0.63129
0.631291
0.631292
0.631292
0.631293
0.631293
0.631294
0.631294
0.631295
0.631295
0.631295
0.631295
0.631296
0.631296
0.631296
0.631296
0.631296
0.631297
0.631297
0.631297
0.631297
0.631297
0.631297
0.631297
0.631297
0.631296
0.631296
0.631296
0.631296
0.631296
0.631295
0.631295
0.631295
0.631295
0.631294
0.631294
0.631293
0.631293
0.631292
0.631292
0.631291
0.63129
0.631289
0.631288
0.631287
0.631285
0.631283
0.631276
0.631254
0.631173
0.630886
0.653638
0.653925
0.654008
0.654031
0.654038
0.654041
0.654042
0.654043
0.654044
0.654045
0.654046
0.654046
0.654047
0.654047
0.654048
0.654048
0.654049
0.654049
0.654049
0.65405
0.65405
0.65405
0.65405
0.654051
0.654051
0.654051
0.654051
0.654051
0.654051
0.654051
0.654051
0.654051
0.654051
0.654051
0.654051
0.654051
0.654051
0.65405
0.65405
0.65405
0.65405
0.654049
0.654049
0.654049
0.654048
0.654048
0.654047
0.654047
0.654046
0.654046
0.654045
0.654044
0.654043
0.654042
0.654041
0.654038
0.654031
0.654008
0.653925
0.653638
0.675332
0.675619
0.675704
0.675727
0.675734
0.675737
0.675739
0.67574
0.675741
0.675741
0.675742
0.675743
0.675743
0.675744
0.675744
0.675744
0.675745
0.675745
0.675745
0.675746
0.675746
0.675746
0.675746
0.675746
0.675747
0.675747
0.675747
0.675747
0.675747
0.675747
0.675747
0.675747
0.675747
0.675747
0.675747
0.675747
0.675746
0.675746
0.675746
0.675746
0.675746
0.675745
0.675745
0.675745
0.675744
0.675744
0.675744
0.675743
0.675743
0.675742
0.675741
0.675741
0.67574
0.675739
0.675737
0.675734
0.675727
0.675704
0.675619
0.675332
0.695994
0.696281
0.696367
0.696392
0.696399
0.696402
0.696403
0.696404
0.696405
0.696406
0.696406
0.696407
0.696407
0.696408
0.696408
0.696408
0.696409
0.696409
0.696409
0.696409
0.69641
0.69641
0.69641
0.69641
0.69641
0.696411
0.696411
0.696411
0.696411
0.696411
0.696411
0.696411
0.696411
0.696411
0.696411
0.69641
0.69641
0.69641
0.69641
0.69641
0.696409
0.696409
0.696409
0.696409
0.696408
0.696408
0.696408
0.696407
0.696407
0.696406
0.696406
0.696405
0.696404
0.696403
0.696402
0.696399
0.696392
0.696367
0.696281
0.695994
0.715652
0.715937
0.716025
0.71605
0.716058
0.716061
0.716062
0.716063
0.716064
0.716064
0.716065
0.716065
0.716066
0.716066
0.716066
0.716067
0.716067
0.716067
0.716068
0.716068
0.716068
0.716068
0.716068
0.716069
0.716069
0.716069
0.716069
0.716069
0.716069
0.716069
0.716069
0.716069
0.716069
0.716069
0.716069
0.716069
0.716069
0.716068
0.716068
0.716068
0.716068
0.716068
0.716067
0.716067
0.716067
0.716066
0.716066
0.716066
0.716065
0.716065
0.716064
0.716064
0.716063
0.716062
0.716061
0.716058
0.71605
0.716025
0.715937
0.715652
0.734333
0.734616
0.734705
0.734731
0.734738
0.734741
0.734742
0.734743
0.734744
0.734744
0.734745
0.734745
0.734746
0.734746
0.734746
0.734747
0.734747
0.734747
0.734748
0.734748
0.734748
0.734748
0.734748
0.734748
0.734749
0.734749
0.734749
0.734749
0.734749
0.734749
0.734749
0.734749
0.734749
0.734749
0.734749
0.734749
0.734748
0.734748
0.734748
0.734748
0.734748
0.734748
0.734747
0.734747
0.734747
0.734746
0.734746
0.734746
0.734745
0.734745
0.734744
0.734744
0.734743
0.734742
0.734741
0.734738
0.734731
0.734705
0.734616
0.734333
0.752063
0.752343
0.752433
0.75246
0.752468
0.752471
0.752472
0.752473
0.752473
0.752474
0.752474
0.752475
0.752475
0.752475
0.752476
0.752476
0.752476
0.752477
0.752477
0.752477
0.752477
0.752477
0.752477
0.752478
0.752478
0.752478
0.752478
0.752478
0.752478
0.752478
0.752478
0.752478
0.752478
0.752478
0.752478
0.752478
0.752478
0.752477
0.752477
0.752477
0.752477
0.752477
0.752477
0.752476
0.752476
0.752476
0.752475
0.752475
0.752475
0.752474
0.752474
0.752473
0.752473
0.752472
0.752471
0.752468
0.75246
0.752433
0.752343
0.752063
0.768872
0.769148
0.769239
0.769267
0.769275
0.769277
0.769279
0.769279
0.76928
0.769281
0.769281
0.769281
0.769282
0.769282
0.769282
0.769283
0.769283
0.769283
0.769283
0.769283
0.769284
0.769284
0.769284
0.769284
0.769284
0.769284
0.769284
0.769284
0.769284
0.769284
0.769284
0.769284
0.769284
0.769284
0.769284
0.769284
0.769284
0.769284
0.769284
0.769284
0.769283
0.769283
0.769283
0.769283
0.769283
0.769282
0.769282
0.769282
0.769281
0.769281
0.769281
0.76928
0.769279
0.769279
0.769277
0.769275
0.769267
0.769239
0.769148
0.768872
0.784787
0.785059
0.785151
0.785179
0.785187
0.78519
0.785191
0.785192
0.785193
0.785193
0.785193
0.785194
0.785194
0.785194
0.785195
0.785195
0.785195
0.785195
0.785195
0.785196
0.785196
0.785196
0.785196
0.785196
0.785196
0.785196
0.785196
0.785196
0.785197
0.785197
0.785197
0.785197
0.785196
0.785196
0.785196
0.785196
0.785196
0.785196
0.785196
0.785196
0.785196
0.785195
0.785195
0.785195
0.785195
0.785195
0.785194
0.785194
0.785194
0.785193
0.785193
0.785193
0.785192
0.785191
0.78519
0.785187
0.785179
0.785151
0.785059
0.784787
0.799837
0.800105
0.800197
0.800226
0.800234
0.800237
0.800238
0.800239
0.80024
0.80024
0.80024
0.800241
0.800241
0.800241
0.800241
0.800242
0.800242
0.800242
0.800242
0.800242
0.800243
0.800243
0.800243
0.800243
0.800243
0.800243
0.800243
0.800243
0.800243
0.800243
0.800243
0.800243
0.800243
0.800243
0.800243
0.800243
0.800243
0.800243
0.800243
0.800243
0.800242
0.800242
0.800242
0.800242
0.800242
0.800241
0.800241
0.800241
0.800241
0.80024
0.80024
0.80024
0.800239
0.800238
0.800237
0.800234
0.800226
0.800197
0.800105
0.799837
0.814052
0.814314
0.814407
0.814436
0.814445
0.814448
0.814449
0.81445
0.81445
0.814451
0.814451
0.814451
0.814451
0.814452
0.814452
0.814452
0.814452
0.814453
0.814453
0.814453
0.814453
0.814453
0.814453
0.814453
0.814453
0.814453
0.814454
0.814454
0.814454
0.814454
0.814454
0.814454
0.814454
0.814454
0.814453
0.814453
0.814453
0.814453
0.814453
0.814453
0.814453
0.814453
0.814453
0.814452
0.814452
0.814452
0.814452
0.814451
0.814451
0.814451
0.814451
0.81445
0.81445
0.814449
0.814448
0.814445
0.814436
0.814407
0.814314
0.814052
0.82746
0.827717
0.82781
0.82784
0.827849
0.827852
0.827853
0.827854
0.827854
0.827854
0.827855
0.827855
0.827855
0.827855
0.827856
0.827856
0.827856
0.827856
0.827856
0.827856
0.827856
0.827857
0.827857
0.827857
0.827857
0.827857
0.827857
0.827857
0.827857
0.827857
0.827857
0.827857
0.827857
0.827857
0.827857
0.827857
0.827857
0.827857
0.827857
0.827856
0.827856
0.827856
0.827856
0.827856
0.827856
0.827856
0.827855
0.827855
0.827855
0.827855
0.827854
0.827854
0.827854
0.827853
0.827852
0.827849
0.82784
0.82781
0.827717
0.82746
0.840092
0.840343
0.840435
0.840466
0.840475
0.840478
0.840479
0.84048
0.84048
0.840481
0.840481
0.840481
0.840481
0.840481
0.840482
0.840482
0.840482
0.840482
0.840482
0.840482
0.840483
0.840483
0.840483
0.840483
0.840483
0.840483
0.840483
0.840483
0.840483
0.840483
0.840483
0.840483
0.840483
0.840483
0.840483
0.840483
0.840483
0.840483
0.840483
0.840483
0.840482
0.840482
0.840482
0.840482
0.840482
0.840482
0.840481
0.840481
0.840481
0.840481
0.840481
0.84048
0.84048
0.840479
0.840478
0.840475
0.840466
0.840435
0.840343
0.840092
0.851976
0.852221
0.852313
0.852344
0.852353
0.852356
0.852358
0.852358
0.852359
0.852359
0.852359
0.852359
0.85236
0.85236
0.85236
0.85236
0.85236
0.85236
0.852361
0.852361
0.852361
0.852361
0.852361
0.852361
0.852361
0.852361
0.852361
0.852361
0.852361
0.852361
0.852361
0.852361
0.852361
0.852361
0.852361
0.852361
0.852361
0.852361
0.852361
0.852361
0.852361
0.852361
0.85236
0.85236
0.85236
0.85236
0.85236
0.85236
0.852359
0.852359
0.852359
0.852359
0.852358
0.852358
0.852356
0.852353
0.852344
0.852313
0.852221
0.851976
0.863143
0.863381
0.863472
0.863503
0.863513
0.863517
0.863518
0.863518
0.863519
0.863519
0.863519
0.863519
0.86352
0.86352
0.86352
0.86352
0.86352
0.86352
0.863521
0.863521
0.863521
0.863521
0.863521
0.863521
0.863521
0.863521
0.863521
0.863521
0.863521
0.863521
0.863521
0.863521
0.863521
0.863521
0.863521
0.863521
0.863521
0.863521
0.863521
0.863521
0.863521
0.863521
0.86352
0.86352
0.86352
0.86352
0.86352
0.86352
0.863519
0.863519
0.863519
0.863519
0.863518
0.863518
0.863517
0.863513
0.863503
0.863472
0.863381
0.863143
0.873622
0.873852
0.873943
0.873974
0.873985
0.873988
0.873989
0.87399
0.87399
0.87399
0.873991
0.873991
0.873991
0.873991
0.873991
0.873991
0.873992
0.873992
0.873992
0.873992
0.873992
0.873992
0.873992
0.873992
0.873992
0.873992
0.873992
0.873992
0.873992
0.873992
0.873992
0.873992
0.873992
0.873992
0.873992
0.873992
0.873992
0.873992
0.873992
0.873992
0.873992
0.873992
0.873992
0.873992
0.873991
0.873991
0.873991
0.873991
0.873991
0.873991
0.87399
0.87399
0.87399
0.873989
0.873988
0.873985
0.873974
0.873943
0.873852
0.873622
0.883442
0.883665
0.883754
0.883786
0.883797
0.8838
0.883801
0.883802
0.883802
0.883802
0.883803
0.883803
0.883803
0.883803
0.883803
0.883803
0.883804
0.883804
0.883804
0.883804
0.883804
0.883804
0.883804
0.883804
0.883804
0.883804
0.883804
0.883804
0.883804
0.883804
0.883804
0.883804
0.883804
0.883804
0.883804
0.883804
0.883804
0.883804
0.883804
0.883804
0.883804
0.883804
0.883804
0.883804
0.883803
0.883803
0.883803
0.883803
0.883803
0.883803
0.883802
0.883802
0.883802
0.883801
0.8838
0.883797
0.883786
0.883754
0.883665
0.883442
0.892632
0.892847
0.892936
0.892968
0.892978
0.892982
0.892983
0.892984
0.892984
0.892984
0.892984
0.892985
0.892985
0.892985
0.892985
0.892985
0.892985
0.892985
0.892985
0.892986
0.892986
0.892986
0.892986
0.892986
0.892986
0.892986
0.892986
0.892986
0.892986
0.892986
0.892986
0.892986
0.892986
0.892986
0.892986
0.892986
0.892986
0.892986
0.892986
0.892986
0.892986
0.892985
0.892985
0.892985
0.892985
0.892985
0.892985
0.892985
0.892985
0.892984
0.892984
0.892984
0.892984
0.892983
0.892982
0.892978
0.892968
0.892936
0.892847
0.892632
0.901221
0.901428
0.901515
0.901548
0.901559
0.901562
0.901564
0.901564
0.901565
0.901565
0.901565
0.901565
0.901565
0.901565
0.901565
0.901565
0.901566
0.901566
0.901566
0.901566
0.901566
0.901566
0.901566
0.901566
0.901566
0.901566
0.901566
0.901566
0.901566
0.901566
0.901566
0.901566
0.901566
0.901566
0.901566
0.901566
0.901566
0.901566
0.901566
0.901566
0.901566
0.901566
0.901566
0.901566
0.901565
0.901565
0.901565
0.901565
0.901565
0.901565
0.901565
0.901565
0.901564
0.901564
0.901562
0.901559
0.901548
0.901515
0.901428
0.901221
0.909237
0.909437
0.909522
0.909555
0.909566
0.90957
0.909571
0.909572
0.909572
0.909572
0.909572
0.909572
0.909573
0.909573
0.909573
0.909573
0.909573
0.909573
0.909573
0.909573
0.909573
0.909573
0.909573
0.909573
0.909573
0.909573
0.909573
0.909573
0.909573
0.909573
0.909573
0.909573
0.909573
0.909573
0.909573
0.909573
0.909573
0.909573
0.909573
0.909573
0.909573
0.909573
0.909573
0.909573
0.909573
0.909573
0.909573
0.909573
0.909572
0.909572
0.909572
0.909572
0.909572
0.909571
0.90957
0.909566
0.909555
0.909522
0.909437
0.909237
0.916709
0.9169
0.916984
0.917017
0.917028
0.917032
0.917034
0.917034
0.917034
0.917035
0.917035
0.917035
0.917035
0.917035
0.917035
0.917035
0.917035
0.917035
0.917035
0.917035
0.917036
0.917036
0.917036
0.917036
0.917036
0.917036
0.917036
0.917036
0.917036
0.917036
0.917036
0.917036
0.917036
0.917036
0.917036
0.917036
0.917036
0.917036
0.917036
0.917036
0.917035
0.917035
0.917035
0.917035
0.917035
0.917035
0.917035
0.917035
0.917035
0.917035
0.917035
0.917034
0.917034
0.917034
0.917032
0.917028
0.917017
0.916984
0.9169
0.916709
0.923663
0.923847
0.923929
0.923961
0.923973
0.923977
0.923979
0.923979
0.923979
0.92398
0.92398
0.92398
0.92398
0.92398
0.92398
0.92398
0.92398
0.92398
0.92398
0.92398
0.92398
0.92398
0.92398
0.92398
0.923981
0.923981
0.923981
0.923981
0.923981
0.923981
0.923981
0.923981
0.923981
0.923981
0.923981
0.923981
0.92398
0.92398
0.92398
0.92398
0.92398
0.92398
0.92398
0.92398
0.92398
0.92398
0.92398
0.92398
0.92398
0.92398
0.92398
0.923979
0.923979
0.923979
0.923977
0.923973
0.923961
0.923929
0.923847
0.923663
0.930127
0.930303
0.930383
0.930415
0.930427
0.930431
0.930433
0.930434
0.930434
0.930434
0.930434
0.930434
0.930434
0.930434
0.930434
0.930434
0.930434
0.930434
0.930434
0.930435
0.930435
0.930435
0.930435
0.930435
0.930435
0.930435
0.930435
0.930435
0.930435
0.930435
0.930435
0.930435
0.930435
0.930435
0.930435
0.930435
0.930435
0.930435
0.930435
0.930435
0.930435
0.930434
0.930434
0.930434
0.930434
0.930434
0.930434
0.930434
0.930434
0.930434
0.930434
0.930434
0.930434
0.930433
0.930431
0.930427
0.930415
0.930383
0.930303
0.930127
0.936127
0.936295
0.936373
0.936405
0.936417
0.936421
0.936423
0.936423
0.936424
0.936424
0.936424
0.936424
0.936424
0.936424
0.936424
0.936424
0.936424
0.936424
0.936424
0.936424
0.936424
0.936424
0.936424
0.936425
0.936425
0.936425
0.936425
0.936425
0.936425
0.936425
0.936425
0.936425
0.936425
0.936425
0.936425
0.936425
0.936425
0.936424
0.936424
0.936424
0.936424
0.936424
0.936424
0.936424
0.936424
0.936424
0.936424
0.936424
0.936424
0.936424
0.936424
0.936424
0.936423
0.936423
0.936421
0.936417
0.936405
0.936373
0.936295
0.936127
0.941689
0.941848
0.941924
0.941956
0.941968
0.941972
0.941974
0.941975
0.941975
0.941975
0.941975
0.941975
0.941975
0.941975
0.941975
0.941975
0.941975
0.941975
0.941975
0.941975
0.941975
0.941976
0.941976
0.941976
0.941976
0.941976
0.941976
0.941976
0.941976
0.941976
0.941976
0.941976
0.941976
0.941976
0.941976
0.941976
0.941976
0.941976
0.941976
0.941975
0.941975
0.941975
0.941975
0.941975
0.941975
0.941975
0.941975
0.941975
0.941975
0.941975
0.941975
0.941975
0.941975
0.941974
0.941972
0.941968
0.941956
0.941924
0.941848
0.941689
0.946836
0.946988
0.947061
0.947093
0.947105
0.94711
0.947111
0.947112
0.947112
0.947112
0.947112
0.947112
0.947112
0.947112
0.947112
0.947112
0.947113
0.947113
0.947113
0.947113
0.947113
0.947113
0.947113
0.947113
0.947113
0.947113
0.947113
0.947113
0.947113
0.947113
0.947113
0.947113
0.947113
0.947113
0.947113
0.947113
0.947113
0.947113
0.947113
0.947113
0.947113
0.947113
0.947113
0.947113
0.947112
0.947112
0.947112
0.947112
0.947112
0.947112
0.947112
0.947112
0.947112
0.947111
0.94711
0.947105
0.947093
0.947061
0.946988
0.946836
0.951594
0.951738
0.951809
0.95184
0.951852
0.951857
0.951859
0.951859
0.95186
0.95186
0.95186
0.95186
0.95186
0.95186
0.95186
0.95186
0.95186
0.95186
0.95186
0.95186
0.95186
0.95186
0.95186
0.95186
0.95186
0.95186
0.95186
0.95186
0.95186
0.95186
0.95186
0.95186
0.95186
0.95186
0.95186
0.95186
0.95186
0.95186
0.95186
0.95186
0.95186
0.95186
0.95186
0.95186
0.95186
0.95186
0.95186
0.95186
0.95186
0.95186
0.95186
0.95186
0.951859
0.951859
0.951857
0.951852
0.95184
0.951809
0.951738
0.951594
0.955986
0.956122
0.95619
0.956221
0.956233
0.956238
0.95624
0.95624
0.956241
0.956241
0.956241
0.956241
0.956241
0.956241
0.956241
0.956241
0.956241
0.956241
0.956241
0.956241
0.956241
0.956241
0.956241
0.956241
0.956241
0.956241
0.956241
0.956241
0.956241
0.956241
0.956241
0.956241
0.956241
0.956241
0.956241
0.956241
0.956241
0.956241
0.956241
0.956241
0.956241
0.956241
0.956241
0.956241
0.956241
0.956241
0.956241
0.956241
0.956241
0.956241
0.956241
0.956241
0.95624
0.95624
0.956238
0.956233
0.956221
0.95619
0.956122
0.955986
0.960033
0.960162
0.960227
0.960257
0.96027
0.960275
0.960277
0.960277
0.960277
0.960278
0.960278
0.960278
0.960278
0.960278
0.960278
0.960278
0.960278
0.960278
0.960278
0.960278
0.960278
0.960278
0.960278
0.960278
0.960278
0.960278
0.960278
0.960278
0.960278
0.960278
0.960278
0.960278
0.960278
0.960278
0.960278
0.960278
0.960278
0.960278
0.960278
0.960278
0.960278
0.960278
0.960278
0.960278
0.960278
0.960278
0.960278
0.960278
0.960278
0.960278
0.960278
0.960277
0.960277
0.960277
0.960275
0.96027
0.960257
0.960227
0.960162
0.960033
0.963758
0.963879
0.963942
0.963972
0.963984
0.963989
0.963991
0.963992
0.963992
0.963992
0.963992
0.963992
0.963992
0.963992
0.963992
0.963992
0.963992
0.963992
0.963992
0.963992
0.963992
0.963992
0.963992
0.963992
0.963992
0.963992
0.963992
0.963992
0.963992
0.963992
0.963992
0.963992
0.963992
0.963992
0.963992
0.963992
0.963992
0.963992
0.963992
0.963992
0.963992
0.963992
0.963992
0.963992
0.963992
0.963992
0.963992
0.963992
0.963992
0.963992
0.963992
0.963992
0.963992
0.963991
0.963989
0.963984
0.963972
0.963942
0.963879
0.963758
0.967182
0.967296
0.967356
0.967385
0.967397
0.967402
0.967404
0.967405
0.967405
0.967405
0.967405
0.967405
0.967405
0.967405
0.967405
0.967405
0.967405
0.967405
0.967405
0.967405
0.967405
0.967405
0.967405
0.967405
0.967405
0.967405
0.967405
0.967405
0.967405
0.967405
0.967405
0.967405
0.967405
0.967405
0.967405
0.967405
0.967405
0.967405
0.967405
0.967405
0.967405
0.967405
0.967405
0.967405
0.967405
0.967405
0.967405
0.967405
0.967405
0.967405
0.967405
0.967405
0.967405
0.967404
0.967402
0.967397
0.967385
0.967356
0.967296
0.967182
0.970323
0.97043
0.970488
0.970516
0.970528
0.970533
0.970535
0.970536
0.970536
0.970537
0.970537
0.970537
0.970537
0.970536
0.970536
0.970536
0.970536
0.970536
0.970536
0.970536
0.970536
0.970536
0.970536
0.970536
0.970536
0.970536
0.970536
0.970536
0.970536
0.970536
0.970536
0.970536
0.970536
0.970536
0.970536
0.970536
0.970536
0.970536
0.970536
0.970536
0.970536
0.970536
0.970536
0.970536
0.970536
0.970536
0.970536
0.970537
0.970537
0.970537
0.970537
0.970536
0.970536
0.970535
0.970533
0.970528
0.970516
0.970488
0.97043
0.970323
0.973202
0.973303
0.973358
0.973385
0.973397
0.973402
0.973404
0.973405
0.973405
0.973405
0.973405
0.973405
0.973405
0.973405
0.973405
0.973405
0.973405
0.973405
0.973405
0.973405
0.973405
0.973405
0.973405
0.973405
0.973405
0.973405
0.973405
0.973405
0.973405
0.973405
0.973405
0.973405
0.973405
0.973405
0.973405
0.973405
0.973405
0.973405
0.973405
0.973405
0.973405
0.973405
0.973405
0.973405
0.973405
0.973405
0.973405
0.973405
0.973405
0.973405
0.973405
0.973405
0.973405
0.973404
0.973402
0.973397
0.973385
0.973358
0.973303
0.973202
0.975837
0.975931
0.975983
0.976009
0.976021
0.976027
0.976029
0.976029
0.97603
0.97603
0.97603
0.97603
0.97603
0.97603
0.97603
0.97603
0.97603
0.976029
0.976029
0.976029
0.976029
0.976029
0.976029
0.976029
0.976029
0.976029
0.976029
0.976029
0.976029
0.976029
0.976029
0.976029
0.976029
0.976029
0.976029
0.976029
0.976029
0.976029
0.976029
0.976029
0.976029
0.976029
0.976029
0.97603
0.97603
0.97603
0.97603
0.97603
0.97603
0.97603
0.97603
0.97603
0.976029
0.976029
0.976027
0.976021
0.976009
0.975983
0.975931
0.975837
0.978244
0.978332
0.978381
0.978407
0.978419
0.978424
0.978426
0.978427
0.978427
0.978427
0.978427
0.978427
0.978427
0.978427
0.978427
0.978427
0.978427
0.978427
0.978427
0.978427
0.978427
0.978427
0.978427
0.978427
0.978427
0.978427
0.978427
0.978427
0.978427
0.978427
0.978427
0.978427
0.978427
0.978427
0.978427
0.978427
0.978427
0.978427
0.978427
0.978427
0.978427
0.978427
0.978427
0.978427
0.978427
0.978427
0.978427
0.978427
0.978427
0.978427
0.978427
0.978427
0.978427
0.978426
0.978424
0.978419
0.978407
0.978381
0.978332
0.978244
0.98044
0.980522
0.980569
0.980594
0.980605
0.98061
0.980613
0.980613
0.980614
0.980614
0.980614
0.980614
0.980614
0.980613
0.980613
0.980613
0.980613
0.980613
0.980613
0.980613
0.980613
0.980613
0.980613
0.980613
0.980613
0.980613
0.980613
0.980613
0.980613
0.980613
0.980613
0.980613
0.980613
0.980613
0.980613
0.980613
0.980613
0.980613
0.980613
0.980613
0.980613
0.980613
0.980613
0.980613
0.980613
0.980613
0.980613
0.980614
0.980614
0.980614
0.980614
0.980614
0.980613
0.980613
0.98061
0.980605
0.980594
0.980569
0.980522
0.98044
0.982442
0.982518
0.982562
0.982585
0.982597
0.982602
0.982604
0.982605
0.982605
0.982605
0.982605
0.982605
0.982605
0.982605
0.982605
0.982605
0.982605
0.982605
0.982605
0.982605
0.982605
0.982605
0.982605
0.982605
0.982605
0.982605
0.982605
0.982605
0.982605
0.982605
0.982605
0.982605
0.982605
0.982605
0.982605
0.982605
0.982605
0.982605
0.982605
0.982605
0.982605
0.982605
0.982605
0.982605
0.982605
0.982605
0.982605
0.982605
0.982605
0.982605
0.982605
0.982605
0.982605
0.982604
0.982602
0.982597
0.982585
0.982562
0.982518
0.982442
0.984262
0.984333
0.984374
0.984397
0.984408
0.984413
0.984415
0.984416
0.984417
0.984417
0.984416
0.984416
0.984416
0.984416
0.984416
0.984416
0.984416
0.984416
0.984416
0.984416
0.984416
0.984416
0.984416
0.984416
0.984416
0.984416
0.984416
0.984416
0.984416
0.984416
0.984416
0.984416
0.984416
0.984416
0.984416
0.984416
0.984416
0.984416
0.984416
0.984416
0.984416
0.984416
0.984416
0.984416
0.984416
0.984416
0.984416
0.984416
0.984416
0.984416
0.984417
0.984417
0.984416
0.984415
0.984413
0.984408
0.984397
0.984374
0.984333
0.984262
0.985916
0.985981
0.986021
0.986042
0.986053
0.986058
0.98606
0.986061
0.986061
0.986061
0.986061
0.986061
0.986061
0.986061
0.986061
0.986061
0.986061
0.986061
0.986061
0.98606
0.98606
0.98606
0.98606
0.98606
0.98606
0.98606
0.98606
0.98606
0.98606
0.98606
0.98606
0.98606
0.98606
0.98606
0.98606
0.98606
0.98606
0.98606
0.98606
0.98606
0.98606
0.986061
0.986061
0.986061
0.986061
0.986061
0.986061
0.986061
0.986061
0.986061
0.986061
0.986061
0.986061
0.98606
0.986058
0.986053
0.986042
0.986021
0.985981
0.985916
0.987416
0.987477
0.987513
0.987534
0.987544
0.987549
0.987552
0.987553
0.987553
0.987553
0.987553
0.987553
0.987552
0.987552
0.987552
0.987552
0.987552
0.987552
0.987552
0.987552
0.987552
0.987552
0.987552
0.987552
0.987552
0.987552
0.987552
0.987552
0.987552
0.987552
0.987552
0.987552
0.987552
0.987552
0.987552
0.987552
0.987552
0.987552
0.987552
0.987552
0.987552
0.987552
0.987552
0.987552
0.987552
0.987552
0.987552
0.987552
0.987553
0.987553
0.987553
0.987553
0.987553
0.987552
0.987549
0.987544
0.987534
0.987513
0.987477
0.987416
0.988775
0.988831
0.988865
0.988885
0.988895
0.9889
0.988902
0.988903
0.988903
0.988903
0.988903
0.988903
0.988903
0.988903
0.988903
0.988902
0.988902
0.988902
0.988902
0.988902
0.988902
0.988902
0.988902
0.988902
0.988902
0.988902
0.988902
0.988902
0.988902
0.988902
0.988902
0.988902
0.988902
0.988902
0.988902
0.988902
0.988902
0.988902
0.988902
0.988902
0.988902
0.988902
0.988902
0.988902
0.988902
0.988903
0.988903
0.988903
0.988903
0.988903
0.988903
0.988903
0.988903
0.988902
0.9889
0.988895
0.988885
0.988865
0.988831
0.988775
0.990005
0.990056
0.990088
0.990106
0.990116
0.990121
0.990123
0.990124
0.990124
0.990124
0.990124
0.990124
0.990124
0.990124
0.990124
0.990123
0.990123
0.990123
0.990123
0.990123
0.990123
0.990123
0.990123
0.990123
0.990123
0.990123
0.990123
0.990123
0.990123
0.990123
0.990123
0.990123
0.990123
0.990123
0.990123
0.990123
0.990123
0.990123
0.990123
0.990123
0.990123
0.990123
0.990123
0.990123
0.990123
0.990124
0.990124
0.990124
0.990124
0.990124
0.990124
0.990124
0.990124
0.990123
0.990121
0.990116
0.990106
0.990088
0.990056
0.990005
0.991115
0.991162
0.991192
0.991209
0.991219
0.991223
0.991225
0.991226
0.991227
0.991227
0.991227
0.991226
0.991226
0.991226
0.991226
0.991226
0.991225
0.991225
0.991225
0.991225
0.991225
0.991225
0.991225
0.991225
0.991225
0.991225
0.991225
0.991225
0.991225
0.991225
0.991225
0.991225
0.991225
0.991225
0.991225
0.991225
0.991225
0.991225
0.991225
0.991225
0.991225
0.991225
0.991225
0.991225
0.991226
0.991226
0.991226
0.991226
0.991226
0.991227
0.991227
0.991227
0.991226
0.991225
0.991223
0.991219
0.991209
0.991192
0.991162
0.991115
0.992116
0.99216
0.992187
0.992204
0.992213
0.992217
0.992219
0.99222
0.99222
0.99222
0.99222
0.99222
0.99222
0.99222
0.992219
0.992219
0.992219
0.992219
0.992219
0.992219
0.992219
0.992219
0.992219
0.992219
0.992218
0.992218
0.992218
0.992218
0.992218
0.992218
0.992218
0.992218
0.992218
0.992218
0.992218
0.992218
0.992219
0.992219
0.992219
0.992219
0.992219
0.992219
0.992219
0.992219
0.992219
0.992219
0.99222
0.99222
0.99222
0.99222
0.99222
0.99222
0.99222
0.992219
0.992217
0.992213
0.992204
0.992187
0.99216
0.992116
0.993018
0.993058
0.993084
0.993099
0.993107
0.993112
0.993114
0.993115
0.993115
0.993115
0.993115
0.993115
0.993115
0.993114
0.993114
0.993114
0.993114
0.993114
0.993113
0.993113
0.993113
0.993113
0.993113
0.993113
0.993113
0.993113
0.993113
0.993113
0.993113
0.993113
0.993113
0.993113
0.993113
0.993113
0.993113
0.993113
0.993113
0.993113
0.993113
0.993113
0.993113
0.993113
0.993114
0.993114
0.993114
0.993114
0.993114
0.993115
0.993115
0.993115
0.993115
0.993115
0.993115
0.993114
0.993112
0.993107
0.993099
0.993084
0.993058
0.993018
0.99383
0.993866
0.99389
0.993904
0.993912
0.993916
0.993918
0.993919
0.993919
0.993919
0.993919
0.993919
0.993919
0.993919
0.993918
0.993918
0.993918
0.993918
0.993918
0.993917
0.993917
0.993917
0.993917
0.993917
0.993917
0.993917
0.993917
0.993917
0.993917
0.993917
0.993917
0.993917
0.993917
0.993917
0.993917
0.993917
0.993917
0.993917
0.993917
0.993917
0.993917
0.993918
0.993918
0.993918
0.993918
0.993918
0.993919
0.993919
0.993919
0.993919
0.993919
0.993919
0.993919
0.993918
0.993916
0.993912
0.993904
0.99389
0.993866
0.99383
0.994559
0.994591
0.994613
0.994627
0.994634
0.994639
0.99464
0.994641
0.994642
0.994642
0.994641
0.994641
0.994641
0.994641
0.99464
0.99464
0.99464
0.99464
0.994639
0.994639
0.994639
0.994639
0.994639
0.994639
0.994639
0.994639
0.994639
0.994639
0.994639
0.994639
0.994639
0.994639
0.994639
0.994639
0.994639
0.994639
0.994639
0.994639
0.994639
0.994639
0.994639
0.994639
0.99464
0.99464
0.99464
0.99464
0.994641
0.994641
0.994641
0.994641
0.994642
0.994642
0.994641
0.99464
0.994639
0.994634
0.994627
0.994613
0.994591
0.994559
0.995212
0.995242
0.995262
0.995275
0.995282
0.995286
0.995288
0.995289
0.995289
0.995289
0.995289
0.995288
0.995288
0.995288
0.995288
0.995287
0.995287
0.995287
0.995287
0.995286
0.995286
0.995286
0.995286
0.995286
0.995286
0.995286
0.995286
0.995286
0.995286
0.995286
0.995286
0.995286
0.995286
0.995286
0.995286
0.995286
0.995286
0.995286
0.995286
0.995286
0.995286
0.995287
0.995287
0.995287
0.995287
0.995288
0.995288
0.995288
0.995288
0.995289
0.995289
0.995289
0.995289
0.995288
0.995286
0.995282
0.995275
0.995262
0.995242
0.995212
0.995798
0.995825
0.995844
0.995855
0.995862
0.995866
0.995868
0.995869
0.995869
0.995869
0.995868
0.995868
0.995868
0.995867
0.995867
0.995867
0.995867
0.995866
0.995866
0.995866
0.995866
0.995866
0.995866
0.995865
0.995865
0.995865
0.995865
0.995865
0.995865
0.995865
0.995865
0.995865
0.995865
0.995865
0.995865
0.995865
0.995865
0.995866
0.995866
0.995866
0.995866
0.995866
0.995866
0.995867
0.995867
0.995867
0.995867
0.995868
0.995868
0.995868
0.995869
0.995869
0.995869
0.995868
0.995866
0.995862
0.995855
0.995844
0.995825
0.995798
0.996322
0.996347
0.996364
0.996375
0.996381
0.996384
0.996386
0.996387
0.996387
0.996387
0.996387
0.996386
0.996386
0.996386
0.996385
0.996385
0.996385
0.996385
0.996384
0.996384
0.996384
0.996384
0.996384
0.996384
0.996383
0.996383
0.996383
0.996383
0.996383
0.996383
0.996383
0.996383
0.996383
0.996383
0.996383
0.996383
0.996384
0.996384
0.996384
0.996384
0.996384
0.996384
0.996385
0.996385
0.996385
0.996385
0.996386
0.996386
0.996386
0.996387
0.996387
0.996387
0.996387
0.996386
0.996384
0.996381
0.996375
0.996364
0.996347
0.996322
0.996791
0.996813
0.996829
0.996838
0.996844
0.996848
0.996849
0.99685
0.99685
0.99685
0.99685
0.996849
0.996849
0.996849
0.996848
0.996848
0.996848
0.996847
0.996847
0.996847
0.996847
0.996847
0.996846
0.996846
0.996846
0.996846
0.996846
0.996846
0.996846
0.996846
0.996846
0.996846
0.996846
0.996846
0.996846
0.996846
0.996846
0.996846
0.996847
0.996847
0.996847
0.996847
0.996847
0.996848
0.996848
0.996848
0.996849
0.996849
0.996849
0.99685
0.99685
0.99685
0.99685
0.996849
0.996848
0.996844
0.996838
0.996829
0.996813
0.996791
0.997209
0.997229
0.997243
0.997252
0.997258
0.997261
0.997263
0.997263
0.997263
0.997263
0.997263
0.997263
0.997262
0.997262
0.997261
0.997261
0.997261
0.99726
0.99726
0.99726
0.99726
0.997259
0.997259
0.997259
0.997259
0.997259
0.997259
0.997259
0.997259
0.997259
0.997259
0.997259
0.997259
0.997259
0.997259
0.997259
0.997259
0.997259
0.997259
0.99726
0.99726
0.99726
0.99726
0.997261
0.997261
0.997261
0.997262
0.997262
0.997263
0.997263
0.997263
0.997263
0.997263
0.997263
0.997261
0.997258
0.997252
0.997243
0.997229
0.997209
0.997583
0.997601
0.997613
0.997622
0.997627
0.99763
0.997631
0.997632
0.997632
0.997632
0.997631
0.997631
0.99763
0.99763
0.997629
0.997629
0.997629
0.997628
0.997628
0.997628
0.997628
0.997627
0.997627
0.997627
0.997627
0.997627
0.997627
0.997627
0.997627
0.997627
0.997627
0.997627
0.997627
0.997627
0.997627
0.997627
0.997627
0.997627
0.997627
0.997628
0.997628
0.997628
0.997628
0.997629
0.997629
0.997629
0.99763
0.99763
0.997631
0.997631
0.997632
0.997632
0.997632
0.997631
0.99763
0.997627
0.997622
0.997613
0.997601
0.997583
0.997915
0.997931
0.997943
0.99795
0.997955
0.997958
0.997959
0.99796
0.99796
0.99796
0.997959
0.997959
0.997958
0.997958
0.997957
0.997957
0.997956
0.997956
0.997956
0.997955
0.997955
0.997955
0.997955
0.997955
0.997955
0.997954
0.997954
0.997954
0.997954
0.997954
0.997954
0.997954
0.997954
0.997954
0.997954
0.997955
0.997955
0.997955
0.997955
0.997955
0.997955
0.997956
0.997956
0.997956
0.997957
0.997957
0.997958
0.997958
0.997959
0.997959
0.99796
0.99796
0.99796
0.997959
0.997958
0.997955
0.99795
0.997943
0.997931
0.997915
0.998211
0.998226
0.998236
0.998243
0.998247
0.99825
0.998251
0.998252
0.998252
0.998251
0.998251
0.99825
0.99825
0.998249
0.998249
0.998248
0.998248
0.998248
0.998247
0.998247
0.998247
0.998246
0.998246
0.998246
0.998246
0.998246
0.998246
0.998246
0.998246
0.998246
0.998246
0.998246
0.998246
0.998246
0.998246
0.998246
0.998246
0.998246
0.998246
0.998247
0.998247
0.998247
0.998248
0.998248
0.998248
0.998249
0.998249
0.99825
0.99825
0.998251
0.998251
0.998252
0.998252
0.998251
0.99825
0.998247
0.998243
0.998236
0.998226
0.998211
0.998474
0.998487
0.998497
0.998503
0.998507
0.998509
0.998511
0.998511
0.998511
0.998511
0.99851
0.99851
0.998509
0.998509
0.998508
0.998508
0.998507
0.998507
0.998506
0.998506
0.998506
0.998505
0.998505
0.998505
0.998505
0.998505
0.998505
0.998505
0.998505
0.998505
0.998505
0.998505
0.998505
0.998505
0.998505
0.998505
0.998505
0.998505
0.998505
0.998506
0.998506
0.998506
0.998507
0.998507
0.998508
0.998508
0.998509
0.998509
0.99851
0.99851
0.998511
0.998511
0.998511
0.998511
0.998509
0.998507
0.998503
0.998497
0.998487
0.998474
0.998709
0.99872
0.998729
0.998734
0.998738
0.99874
0.998741
0.998741
0.998741
0.998741
0.998741
0.99874
0.998739
0.998739
0.998738
0.998738
0.998737
0.998737
0.998736
0.998736
0.998736
0.998736
0.998735
0.998735
0.998735
0.998735
0.998735
0.998735
0.998735
0.998735
0.998735
0.998735
0.998735
0.998735
0.998735
0.998735
0.998735
0.998735
0.998736
0.998736
0.998736
0.998736
0.998737
0.998737
0.998738
0.998738
0.998739
0.998739
0.99874
0.998741
0.998741
0.998741
0.998741
0.998741
0.99874
0.998738
0.998734
0.998729
0.99872
0.998709
0.998917
0.998927
0.998935
0.99894
0.998943
0.998945
0.998946
0.998946
0.998946
0.998946
0.998945
0.998945
0.998944
0.998943
0.998943
0.998942
0.998942
0.998941
0.998941
0.99894
0.99894
0.99894
0.99894
0.998939
0.998939
0.998939
0.998939
0.998939
0.998939
0.998939
0.998939
0.998939
0.998939
0.998939
0.998939
0.998939
0.998939
0.99894
0.99894
0.99894
0.99894
0.998941
0.998941
0.998942
0.998942
0.998943
0.998943
0.998944
0.998945
0.998945
0.998946
0.998946
0.998946
0.998946
0.998945
0.998943
0.99894
0.998935
0.998927
0.998917
0.999102
0.999111
0.999117
0.999122
0.999125
0.999127
0.999128
0.999128
0.999128
0.999127
0.999127
0.999126
0.999126
0.999125
0.999124
0.999124
0.999123
0.999123
0.999122
0.999122
0.999121
0.999121
0.999121
0.999121
0.99912
0.99912
0.99912
0.99912
0.99912
0.99912
0.99912
0.99912
0.99912
0.99912
0.99912
0.99912
0.999121
0.999121
0.999121
0.999121
0.999122
0.999122
0.999123
0.999123
0.999124
0.999124
0.999125
0.999126
0.999126
0.999127
0.999127
0.999128
0.999128
0.999128
0.999127
0.999125
0.999122
0.999117
0.999111
0.999102
0.999266
0.999274
0.99928
0.999284
0.999287
0.999288
0.999289
0.999289
0.999289
0.999288
0.999288
0.999287
0.999287
0.999286
0.999285
0.999285
0.999284
0.999283
0.999283
0.999283
0.999282
0.999282
0.999282
0.999281
0.999281
0.999281
0.999281
0.999281
0.999281
0.999281
0.999281
0.999281
0.999281
0.999281
0.999281
0.999281
0.999281
0.999282
0.999282
0.999282
0.999283
0.999283
0.999283
0.999284
0.999285
0.999285
0.999286
0.999287
0.999287
0.999288
0.999288
0.999289
0.999289
0.999289
0.999288
0.999287
0.999284
0.99928
0.999274
0.999266
0.999411
0.999419
0.999424
0.999428
0.99943
0.999431
0.999432
0.999432
0.999432
0.999431
0.999431
0.99943
0.999429
0.999429
0.999428
0.999427
0.999427
0.999426
0.999426
0.999425
0.999425
0.999424
0.999424
0.999424
0.999424
0.999423
0.999423
0.999423
0.999423
0.999423
0.999423
0.999423
0.999423
0.999423
0.999423
0.999424
0.999424
0.999424
0.999424
0.999425
0.999425
0.999426
0.999426
0.999427
0.999427
0.999428
0.999429
0.999429
0.99943
0.999431
0.999431
0.999432
0.999432
0.999432
0.999431
0.99943
0.999428
0.999424
0.999419
0.999411
0.999541
0.999547
0.999552
0.999555
0.999557
0.999559
0.999559
0.999559
0.999559
0.999558
0.999558
0.999557
0.999556
0.999555
0.999555
0.999554
0.999553
0.999553
0.999552
0.999552
0.999551
0.999551
0.999551
0.99955
0.99955
0.99955
0.99955
0.99955
0.99955
0.99955
0.99955
0.99955
0.99955
0.99955
0.99955
0.99955
0.99955
0.999551
0.999551
0.999551
0.999552
0.999552
0.999553
0.999553
0.999554
0.999555
0.999555
0.999556
0.999557
0.999558
0.999558
0.999559
0.999559
0.999559
0.999559
0.999557
0.999555
0.999552
0.999547
0.999541
0.999655
0.999661
0.999665
0.999668
0.99967
0.999671
0.999672
0.999672
0.999671
0.999671
0.99967
0.999669
0.999669
0.999668
0.999667
0.999666
0.999666
0.999665
0.999665
0.999664
0.999664
0.999663
0.999663
0.999662
0.999662
0.999662
0.999662
0.999662
0.999662
0.999662
0.999662
0.999662
0.999662
0.999662
0.999662
0.999662
0.999662
0.999663
0.999663
0.999664
0.999664
0.999665
0.999665
0.999666
0.999666
0.999667
0.999668
0.999669
0.999669
0.99967
0.999671
0.999671
0.999672
0.999672
0.999671
0.99967
0.999668
0.999665
0.999661
0.999655
0.999757
0.999762
0.999766
0.999769
0.99977
0.999771
0.999772
0.999772
0.999771
0.999771
0.99977
0.999769
0.999768
0.999768
0.999767
0.999766
0.999765
0.999765
0.999764
0.999763
0.999763
0.999763
0.999762
0.999762
0.999762
0.999761
0.999761
0.999761
0.999761
0.999761
0.999761
0.999761
0.999761
0.999761
0.999761
0.999762
0.999762
0.999762
0.999763
0.999763
0.999763
0.999764
0.999765
0.999765
0.999766
0.999767
0.999768
0.999768
0.999769
0.99977
0.999771
0.999771
0.999772
0.999772
0.999771
0.99977
0.999769
0.999766
0.999762
0.999757
0.999848
0.999852
0.999855
0.999858
0.999859
0.99986
0.99986
0.99986
0.99986
0.999859
0.999858
0.999858
0.999857
0.999856
0.999855
0.999854
0.999854
0.999853
0.999852
0.999852
0.999851
0.999851
0.99985
0.99985
0.99985
0.999849
0.999849
0.999849
0.999849
0.999849
0.999849
0.999849
0.999849
0.999849
0.999849
0.99985
0.99985
0.99985
0.999851
0.999851
0.999852
0.999852
0.999853
0.999854
0.999854
0.999855
0.999856
0.999857
0.999858
0.999858
0.999859
0.99986
0.99986
0.99986
0.99986
0.999859
0.999858
0.999855
0.999852
0.999848
0.999928
0.999932
0.999934
0.999937
0.999938
0.999939
0.999939
0.999939
0.999938
0.999938
0.999937
0.999936
0.999935
0.999934
0.999933
0.999933
0.999932
0.999931
0.99993
0.99993
0.999929
0.999929
0.999928
0.999928
0.999928
0.999927
0.999927
0.999927
0.999927
0.999927
0.999927
0.999927
0.999927
0.999927
0.999927
0.999928
0.999928
0.999928
0.999929
0.999929
0.99993
0.99993
0.999931
0.999932
0.999933
0.999933
0.999934
0.999935
0.999936
0.999937
0.999938
0.999938
0.999939
0.999939
0.999939
0.999938
0.999937
0.999934
0.999932
0.999928
0.999998
1
1
1.00001
1.00001
1.00001
1.00001
1.00001
1.00001
1.00001
1.00001
1.00001
1
1
1
1
1
1
1
0.999999
0.999998
0.999998
0.999997
0.999997
0.999997
0.999997
0.999996
0.999996
0.999996
0.999996
0.999996
0.999996
0.999996
0.999996
0.999997
0.999997
0.999997
0.999997
0.999998
0.999998
0.999999
1
1
1
1
1
1
1
1.00001
1.00001
1.00001
1.00001
1.00001
1.00001
1.00001
1.00001
1.00001
1
1
0.999998
1.00006
1.00006
1.00007
1.00007
1.00007
1.00007
1.00007
1.00007
1.00007
1.00007
1.00007
1.00007
1.00007
1.00006
1.00006
1.00006
1.00006
1.00006
1.00006
1.00006
1.00006
1.00006
1.00006
1.00006
1.00006
1.00006
1.00006
1.00006
1.00006
1.00006
1.00006
1.00006
1.00006
1.00006
1.00006
1.00006
1.00006
1.00006
1.00006
1.00006
1.00006
1.00006
1.00006
1.00006
1.00006
1.00006
1.00006
1.00007
1.00007
1.00007
1.00007
1.00007
1.00007
1.00007
1.00007
1.00007
1.00007
1.00007
1.00006
1.00006
1.00012
1.00012
1.00012
1.00012
1.00012
1.00012
1.00012
1.00012
1.00012
1.00012
1.00012
1.00012
1.00012
1.00012
1.00012
1.00012
1.00012
1.00012
1.00011
1.00011
1.00011
1.00011
1.00011
1.00011
1.00011
1.00011
1.00011
1.00011
1.00011
1.00011
1.00011
1.00011
1.00011
1.00011
1.00011
1.00011
1.00011
1.00011
1.00011
1.00011
1.00011
1.00011
1.00012
1.00012
1.00012
1.00012
1.00012
1.00012
1.00012
1.00012
1.00012
1.00012
1.00012
1.00012
1.00012
1.00012
1.00012
1.00012
1.00012
1.00012
1.00016
1.00017
1.00017
1.00017
1.00017
1.00017
1.00017
1.00017
1.00017
1.00017
1.00017
1.00017
1.00017
1.00017
1.00017
1.00016
1.00016
1.00016
1.00016
1.00016
1.00016
1.00016
1.00016
1.00016
1.00016
1.00016
1.00016
1.00016
1.00016
1.00016
1.00016
1.00016
1.00016
1.00016
1.00016
1.00016
1.00016
1.00016
1.00016
1.00016
1.00016
1.00016
1.00016
1.00016
1.00016
1.00017
1.00017
1.00017
1.00017
1.00017
1.00017
1.00017
1.00017
1.00017
1.00017
1.00017
1.00017
1.00017
1.00017
1.00016
1.00021
1.00021
1.00021
1.00021
1.00021
1.00021
1.00021
1.00021
1.00021
1.00021
1.00021
1.00021
1.00021
1.00021
1.00021
1.00021
1.00021
1.0002
1.0002
1.0002
1.0002
1.0002
1.0002
1.0002
1.0002
1.0002
1.0002
1.0002
1.0002
1.0002
1.0002
1.0002
1.0002
1.0002
1.0002
1.0002
1.0002
1.0002
1.0002
1.0002
1.0002
1.0002
1.0002
1.00021
1.00021
1.00021
1.00021
1.00021
1.00021
1.00021
1.00021
1.00021
1.00021
1.00021
1.00021
1.00021
1.00021
1.00021
1.00021
1.00021
1.00024
1.00025
1.00025
1.00025
1.00025
1.00025
1.00025
1.00025
1.00025
1.00025
1.00025
1.00025
1.00025
1.00024
1.00024
1.00024
1.00024
1.00024
1.00024
1.00024
1.00024
1.00024
1.00024
1.00024
1.00024
1.00024
1.00024
1.00024
1.00024
1.00024
1.00024
1.00024
1.00024
1.00024
1.00024
1.00024
1.00024
1.00024
1.00024
1.00024
1.00024
1.00024
1.00024
1.00024
1.00024
1.00024
1.00024
1.00025
1.00025
1.00025
1.00025
1.00025
1.00025
1.00025
1.00025
1.00025
1.00025
1.00025
1.00025
1.00024
1.00028
1.00028
1.00028
1.00028
1.00028
1.00028
1.00028
1.00028
1.00028
1.00028
1.00028
1.00028
1.00028
1.00028
1.00027
1.00027
1.00027
1.00027
1.00027
1.00027
1.00027
1.00027
1.00027
1.00027
1.00027
1.00027
1.00027
1.00027
1.00027
1.00027
1.00027
1.00027
1.00027
1.00027
1.00027
1.00027
1.00027
1.00027
1.00027
1.00027
1.00027
1.00027
1.00027
1.00027
1.00027
1.00027
1.00028
1.00028
1.00028
1.00028
1.00028
1.00028
1.00028
1.00028
1.00028
1.00028
1.00028
1.00028
1.00028
1.00028
1.0003
1.0003
1.00031
1.00031
1.00031
1.00031
1.00031
1.00031
1.00031
1.00031
1.0003
1.0003
1.0003
1.0003
1.0003
1.0003
1.0003
1.0003
1.0003
1.0003
1.0003
1.00029
1.00029
1.00029
1.00029
1.00029
1.00029
1.00029
1.00029
1.00029
1.00029
1.00029
1.00029
1.00029
1.00029
1.00029
1.00029
1.00029
1.00029
1.0003
1.0003
1.0003
1.0003
1.0003
1.0003
1.0003
1.0003
1.0003
1.0003
1.0003
1.00031
1.00031
1.00031
1.00031
1.00031
1.00031
1.00031
1.00031
1.0003
1.0003
1.00032
1.00033
1.00033
1.00033
1.00033
1.00033
1.00033
1.00033
1.00033
1.00033
1.00033
1.00032
1.00032
1.00032
1.00032
1.00032
1.00032
1.00032
1.00032
1.00032
1.00032
1.00032
1.00032
1.00032
1.00031
1.00031
1.00031
1.00031
1.00031
1.00031
1.00031
1.00031
1.00031
1.00031
1.00031
1.00031
1.00032
1.00032
1.00032
1.00032
1.00032
1.00032
1.00032
1.00032
1.00032
1.00032
1.00032
1.00032
1.00032
1.00033
1.00033
1.00033
1.00033
1.00033
1.00033
1.00033
1.00033
1.00033
1.00033
1.00032
1.00034
1.00034
1.00034
1.00034
1.00035
1.00035
1.00035
1.00035
1.00034
1.00034
1.00034
1.00034
1.00034
1.00034
1.00034
1.00034
1.00034
1.00034
1.00034
1.00033
1.00033
1.00033
1.00033
1.00033
1.00033
1.00033
1.00033
1.00033
1.00033
1.00033
1.00033
1.00033
1.00033
1.00033
1.00033
1.00033
1.00033
1.00033
1.00033
1.00033
1.00033
1.00034
1.00034
1.00034
1.00034
1.00034
1.00034
1.00034
1.00034
1.00034
1.00034
1.00034
1.00035
1.00035
1.00035
1.00035
1.00034
1.00034
1.00034
1.00034
1.00035
1.00036
1.00036
1.00036
1.00036
1.00036
1.00036
1.00036
1.00036
1.00036
1.00036
1.00036
1.00035
1.00035
1.00035
1.00035
1.00035
1.00035
1.00035
1.00035
1.00035
1.00035
1.00035
1.00035
1.00035
1.00034
1.00034
1.00034
1.00034
1.00034
1.00034
1.00034
1.00034
1.00034
1.00034
1.00035
1.00035
1.00035
1.00035
1.00035
1.00035
1.00035
1.00035
1.00035
1.00035
1.00035
1.00035
1.00035
1.00036
1.00036
1.00036
1.00036
1.00036
1.00036
1.00036
1.00036
1.00036
1.00036
1.00036
1.00035
1.00036
1.00036
1.00037
1.00037
1.00037
1.00037
1.00037
1.00037
1.00037
1.00037
1.00036
1.00036
1.00036
1.00036
1.00036
1.00036
1.00036
1.00036
1.00036
1.00036
1.00036
1.00036
1.00036
1.00035
1.00035
1.00035
1.00035
1.00035
1.00035
1.00035
1.00035
1.00035
1.00035
1.00035
1.00035
1.00035
1.00035
1.00036
1.00036
1.00036
1.00036
1.00036
1.00036
1.00036
1.00036
1.00036
1.00036
1.00036
1.00036
1.00036
1.00037
1.00037
1.00037
1.00037
1.00037
1.00037
1.00037
1.00037
1.00036
1.00036
1.00037
1.00037
1.00037
1.00037
1.00037
1.00037
1.00037
1.00037
1.00037
1.00037
1.00037
1.00037
1.00037
1.00037
1.00037
1.00036
1.00036
1.00036
1.00036
1.00036
1.00036
1.00036
1.00036
1.00036
1.00036
1.00036
1.00036
1.00036
1.00036
1.00036
1.00036
1.00036
1.00036
1.00036
1.00036
1.00036
1.00036
1.00036
1.00036
1.00036
1.00036
1.00036
1.00036
1.00036
1.00036
1.00037
1.00037
1.00037
1.00037
1.00037
1.00037
1.00037
1.00037
1.00037
1.00037
1.00037
1.00037
1.00037
1.00037
1.00037
1.00037
1.00037
1.00037
1.00037
1.00037
1.00037
1.00037
1.00037
1.00037
1.00037
1.00037
1.00037
1.00037
1.00037
1.00037
1.00037
1.00036
1.00036
1.00036
1.00036
1.00036
1.00036
1.00036
1.00036
1.00036
1.00036
1.00036
1.00036
1.00036
1.00036
1.00036
1.00036
1.00036
1.00036
1.00036
1.00036
1.00036
1.00036
1.00036
1.00036
1.00036
1.00036
1.00036
1.00036
1.00037
1.00037
1.00037
1.00037
1.00037
1.00037
1.00037
1.00037
1.00037
1.00037
1.00037
1.00037
1.00037
1.00037
1.00037
1.00037
1.00036
1.00037
1.00037
1.00037
1.00037
1.00037
1.00037
1.00037
1.00037
1.00037
1.00037
1.00037
1.00036
1.00036
1.00036
1.00036
1.00036
1.00036
1.00036
1.00036
1.00036
1.00036
1.00036
1.00036
1.00036
1.00036
1.00036
1.00036
1.00036
1.00036
1.00036
1.00036
1.00036
1.00036
1.00036
1.00036
1.00036
1.00036
1.00036
1.00036
1.00036
1.00036
1.00036
1.00036
1.00036
1.00036
1.00036
1.00036
1.00037
1.00037
1.00037
1.00037
1.00037
1.00037
1.00037
1.00037
1.00037
1.00037
1.00037
1.00036
1.00036
1.00036
1.00036
1.00036
1.00036
1.00036
1.00036
1.00036
1.00036
1.00036
1.00036
1.00036
1.00036
1.00036
1.00036
1.00035
1.00035
1.00035
1.00035
1.00035
1.00035
1.00035
1.00035
1.00035
1.00035
1.00035
1.00035
1.00035
1.00035
1.00035
1.00035
1.00035
1.00035
1.00035
1.00035
1.00035
1.00035
1.00035
1.00035
1.00035
1.00035
1.00035
1.00035
1.00035
1.00035
1.00036
1.00036
1.00036
1.00036
1.00036
1.00036
1.00036
1.00036
1.00036
1.00036
1.00036
1.00036
1.00036
1.00036
1.00036
1.00035
1.00035
1.00035
1.00035
1.00035
1.00035
1.00035
1.00035
1.00035
1.00035
1.00035
1.00035
1.00035
1.00034
1.00034
1.00034
1.00034
1.00034
1.00034
1.00034
1.00034
1.00034
1.00034
1.00034
1.00034
1.00034
1.00034
1.00034
1.00034
1.00034
1.00034
1.00034
1.00034
1.00034
1.00034
1.00034
1.00034
1.00034
1.00034
1.00034
1.00034
1.00034
1.00034
1.00034
1.00034
1.00034
1.00034
1.00035
1.00035
1.00035
1.00035
1.00035
1.00035
1.00035
1.00035
1.00035
1.00035
1.00035
1.00035
1.00035
1.00033
1.00033
1.00033
1.00033
1.00033
1.00033
1.00033
1.00033
1.00033
1.00033
1.00033
1.00033
1.00033
1.00033
1.00033
1.00033
1.00033
1.00033
1.00033
1.00033
1.00032
1.00032
1.00032
1.00032
1.00032
1.00032
1.00032
1.00032
1.00032
1.00032
1.00032
1.00032
1.00032
1.00032
1.00032
1.00032
1.00032
1.00032
1.00032
1.00032
1.00033
1.00033
1.00033
1.00033
1.00033
1.00033
1.00033
1.00033
1.00033
1.00033
1.00033
1.00033
1.00033
1.00033
1.00033
1.00033
1.00033
1.00033
1.00033
1.00033
1.00031
1.00031
1.00031
1.00031
1.00031
1.00031
1.00031
1.00031
1.00031
1.00031
1.00031
1.00031
1.00031
1.00031
1.00031
1.00031
1.00031
1.00031
1.00031
1.00031
1.00031
1.0003
1.0003
1.0003
1.0003
1.0003
1.0003
1.0003
1.0003
1.0003
1.0003
1.0003
1.0003
1.0003
1.0003
1.0003
1.0003
1.0003
1.0003
1.00031
1.00031
1.00031
1.00031
1.00031
1.00031
1.00031
1.00031
1.00031
1.00031
1.00031
1.00031
1.00031
1.00031
1.00031
1.00031
1.00031
1.00031
1.00031
1.00031
1.00031
1.00029
1.00029
1.00029
1.00029
1.00029
1.00029
1.00029
1.00029
1.00029
1.00029
1.00029
1.00029
1.00029
1.00029
1.00029
1.00028
1.00028
1.00028
1.00028
1.00028
1.00028
1.00028
1.00028
1.00028
1.00028
1.00028
1.00028
1.00028
1.00028
1.00028
1.00028
1.00028
1.00028
1.00028
1.00028
1.00028
1.00028
1.00028
1.00028
1.00028
1.00028
1.00028
1.00028
1.00028
1.00028
1.00029
1.00029
1.00029
1.00029
1.00029
1.00029
1.00029
1.00029
1.00029
1.00029
1.00029
1.00029
1.00029
1.00029
1.00029
1.00026
1.00026
1.00026
1.00026
1.00026
1.00026
1.00026
1.00026
1.00026
1.00026
1.00026
1.00026
1.00026
1.00026
1.00026
1.00026
1.00026
1.00026
1.00026
1.00026
1.00025
1.00025
1.00025
1.00025
1.00025
1.00025
1.00025
1.00025
1.00025
1.00025
1.00025
1.00025
1.00025
1.00025
1.00025
1.00025
1.00025
1.00025
1.00025
1.00025
1.00026
1.00026
1.00026
1.00026
1.00026
1.00026
1.00026
1.00026
1.00026
1.00026
1.00026
1.00026
1.00026
1.00026
1.00026
1.00026
1.00026
1.00026
1.00026
1.00026
1.00023
1.00023
1.00023
1.00023
1.00023
1.00023
1.00023
1.00023
1.00023
1.00023
1.00023
1.00023
1.00023
1.00023
1.00023
1.00023
1.00023
1.00023
1.00023
1.00022
1.00022
1.00022
1.00022
1.00022
1.00022
1.00022
1.00022
1.00022
1.00022
1.00022
1.00022
1.00022
1.00022
1.00022
1.00022
1.00022
1.00022
1.00022
1.00022
1.00022
1.00022
1.00023
1.00023
1.00023
1.00023
1.00023
1.00023
1.00023
1.00023
1.00023
1.00023
1.00023
1.00023
1.00023
1.00023
1.00023
1.00023
1.00023
1.00023
1.00023
1.00019
1.00019
1.00019
1.00019
1.00019
1.00019
1.00019
1.00019
1.00019
1.00019
1.00019
1.00019
1.00019
1.00019
1.00019
1.00019
1.00019
1.00019
1.00019
1.00019
1.00019
1.00019
1.00019
1.00019
1.00019
1.00019
1.00019
1.00019
1.00019
1.00019
1.00019
1.00019
1.00019
1.00019
1.00019
1.00019
1.00019
1.00019
1.00019
1.00019
1.00019
1.00019
1.00019
1.00019
1.00019
1.00019
1.00019
1.00019
1.00019
1.00019
1.00019
1.00019
1.00019
1.00019
1.00019
1.00019
1.00019
1.00019
1.00019
1.00019
1.00016
1.00016
1.00016
1.00016
1.00016
1.00016
1.00016
1.00016
1.00016
1.00016
1.00016
1.00016
1.00016
1.00016
1.00016
1.00016
1.00016
1.00016
1.00016
1.00016
1.00016
1.00016
1.00016
1.00015
1.00015
1.00015
1.00015
1.00015
1.00015
1.00015
1.00015
1.00015
1.00015
1.00015
1.00015
1.00015
1.00015
1.00016
1.00016
1.00016
1.00016
1.00016
1.00016
1.00016
1.00016
1.00016
1.00016
1.00016
1.00016
1.00016
1.00016
1.00016
1.00016
1.00016
1.00016
1.00016
1.00016
1.00016
1.00016
1.00016
1.00014
1.00013
1.00013
1.00013
1.00013
1.00013
1.00013
1.00013
1.00013
1.00013
1.00013
1.00013
1.00013
1.00013
1.00012
1.00012
1.00012
1.00012
1.00012
1.00012
1.00012
1.00012
1.00012
1.00012
1.00012
1.00012
1.00012
1.00012
1.00012
1.00012
1.00012
1.00012
1.00012
1.00012
1.00012
1.00012
1.00012
1.00012
1.00012
1.00012
1.00012
1.00012
1.00012
1.00012
1.00012
1.00012
1.00013
1.00013
1.00013
1.00013
1.00013
1.00013
1.00013
1.00013
1.00013
1.00013
1.00013
1.00013
1.00013
1.00014
1.00014
1.00011
1.0001
1.0001
1.0001
1.0001
1.0001
1.0001
1.0001
1.0001
1.0001
1.0001
1.0001
1.0001
1.0001
1.0001
1.0001
1.0001
1.0001
1.0001
1.0001
1.0001
1.0001
1.0001
1.0001
1.0001
1.0001
1.0001
1.0001
1.0001
1.0001
1.0001
1.0001
1.0001
1.0001
1.0001
1.0001
1.0001
1.0001
1.0001
1.0001
1.0001
1.0001
1.0001
1.0001
1.0001
1.0001
1.0001
1.0001
1.0001
1.0001
1.0001
1.0001
1.0001
1.0001
1.0001
1.0001
1.0001
1.00011
1.00014
1.00008
1.00005
1.00005
1.00005
1.00005
1.00005
1.00005
1.00005
1.00005
1.00005
1.00005
1.00005
1.00005
1.00005
1.00005
1.00005
1.00005
1.00005
1.00005
1.00005
1.00005
1.00005
1.00005
1.00005
1.00005
1.00005
1.00005
1.00005
1.00005
1.00005
1.00005
1.00005
1.00005
1.00005
1.00005
1.00005
1.00005
1.00005
1.00005
1.00005
1.00005
1.00005
1.00005
1.00005
1.00005
1.00005
1.00005
1.00005
1.00005
1.00005
1.00005
1.00005
1.00005
1.00005
1.00005
1.00005
1.00005
1.00005
1.00005
1.00008
)
;

boundaryField
{
    top
    {
        type            fixedValue;
        value           uniform 1;
    }
    bottom
    {
        type            fixedIonicFlux;
        value           nonuniform List<scalar> 
60
(
0.00041401
0.000414551
0.000414703
0.000414793
0.000414863
0.000414921
0.00041497
0.000415012
0.000415049
0.000415081
0.00041511
0.000415135
0.000415158
0.000415178
0.000415197
0.000415214
0.000415229
0.000415243
0.000415255
0.000415266
0.000415276
0.000415285
0.000415293
0.000415299
0.000415305
0.00041531
0.000415313
0.000415316
0.000415318
0.000415319
0.000415319
0.000415318
0.000415316
0.000415313
0.00041531
0.000415305
0.000415299
0.000415293
0.000415285
0.000415276
0.000415266
0.000415255
0.000415243
0.000415229
0.000415214
0.000415197
0.000415178
0.000415158
0.000415135
0.00041511
0.000415081
0.000415049
0.000415012
0.00041497
0.000414921
0.000414863
0.000414793
0.000414703
0.000414551
0.00041401
)
;
    }
    wall
    {
        type            zeroGradient;
    }
    frontAndBack
    {
        type            empty;
    }
}


// ************************************************************************* //
