/*--------------------------------*- C++ -*----------------------------------*\
| =========                 |                                                 |
| \\      /  F ield         | foam-extend: Open Source CFD                    |
|  \\    /   O peration     | Version:     4.0                                |
|   \\  /    A nd           | Web:         http://www.foam-extend.org         |
|    \\/     M anipulation  |                                                 |
\*---------------------------------------------------------------------------*/
FoamFile
{
    version     2.0;
    format      ascii;
    class       volScalarField;
    location    "1530";
    object      cPlus;
}
// * * * * * * * * * * * * * * * * * * * * * * * * * * * * * * * * * * * * * //

dimensions      [0 0 0 0 0 0 0];

internalField   nonuniform List<scalar> 
6960
(
0.354734
0.354734
0.354734
0.354734
0.354734
0.354734
0.354734
0.354734
0.354734
0.354734
0.354734
0.354734
0.354734
0.354734
0.354734
0.354734
0.354734
0.354734
0.354734
0.354734
0.354734
0.354734
0.354734
0.354734
0.354734
0.354734
0.354734
0.354734
0.354734
0.354734
0.354734
0.354734
0.354734
0.354734
0.354734
0.354734
0.354734
0.354734
0.354734
0.354734
0.354734
0.354734
0.354734
0.354734
0.354734
0.354734
0.354734
0.354734
0.354734
0.354734
0.354734
0.354734
0.354734
0.354734
0.354734
0.354734
0.354734
0.354734
0.354734
0.354734
0.130069
0.130069
0.130069
0.130069
0.130069
0.130069
0.130069
0.130069
0.130069
0.130069
0.130069
0.130069
0.130069
0.130069
0.130068
0.130068
0.130068
0.130068
0.130068
0.130068
0.130068
0.130068
0.130068
0.130068
0.130068
0.130068
0.130068
0.130068
0.130068
0.130068
0.130068
0.130068
0.130068
0.130068
0.130068
0.130068
0.130068
0.130068
0.130068
0.130068
0.130068
0.130068
0.130068
0.130068
0.130068
0.130068
0.130069
0.130069
0.130069
0.130069
0.130069
0.130069
0.130069
0.130069
0.130069
0.130069
0.130069
0.130069
0.130069
0.130069
0.0564931
0.0564931
0.0564931
0.0564931
0.0564931
0.0564931
0.0564931
0.0564931
0.0564931
0.0564931
0.0564931
0.0564931
0.0564931
0.0564931
0.0564931
0.0564931
0.0564931
0.0564931
0.0564931
0.0564931
0.056493
0.056493
0.056493
0.056493
0.056493
0.056493
0.056493
0.056493
0.056493
0.056493
0.056493
0.056493
0.056493
0.056493
0.056493
0.056493
0.056493
0.056493
0.056493
0.056493
0.0564931
0.0564931
0.0564931
0.0564931
0.0564931
0.0564931
0.0564931
0.0564931
0.0564931
0.0564931
0.0564931
0.0564931
0.0564931
0.0564931
0.0564931
0.0564931
0.0564931
0.0564931
0.0564931
0.0564931
0.026851
0.026851
0.026851
0.026851
0.026851
0.026851
0.026851
0.026851
0.026851
0.026851
0.026851
0.026851
0.026851
0.026851
0.026851
0.026851
0.026851
0.026851
0.026851
0.026851
0.026851
0.026851
0.026851
0.026851
0.026851
0.026851
0.026851
0.026851
0.026851
0.026851
0.026851
0.026851
0.026851
0.026851
0.026851
0.026851
0.026851
0.026851
0.026851
0.026851
0.026851
0.026851
0.026851
0.026851
0.026851
0.026851
0.026851
0.026851
0.026851
0.026851
0.026851
0.026851
0.026851
0.026851
0.026851
0.026851
0.026851
0.026851
0.026851
0.026851
0.0138978
0.0138978
0.0138978
0.0138977
0.0138977
0.0138977
0.0138977
0.0138977
0.0138977
0.0138977
0.0138977
0.0138977
0.0138977
0.0138977
0.0138977
0.0138977
0.0138977
0.0138977
0.0138977
0.0138977
0.0138977
0.0138977
0.0138977
0.0138977
0.0138977
0.0138977
0.0138977
0.0138977
0.0138977
0.0138977
0.0138977
0.0138977
0.0138977
0.0138977
0.0138977
0.0138977
0.0138977
0.0138977
0.0138977
0.0138977
0.0138977
0.0138977
0.0138977
0.0138977
0.0138977
0.0138977
0.0138977
0.0138977
0.0138977
0.0138977
0.0138977
0.0138977
0.0138977
0.0138977
0.0138977
0.0138977
0.0138977
0.0138978
0.0138978
0.0138978
0.00808412
0.00808412
0.00808412
0.00808412
0.00808412
0.00808412
0.00808412
0.00808411
0.00808411
0.00808411
0.00808411
0.00808411
0.00808411
0.00808411
0.00808411
0.00808411
0.00808411
0.00808411
0.00808411
0.00808411
0.00808411
0.00808411
0.00808411
0.00808411
0.00808411
0.00808411
0.00808411
0.00808411
0.00808411
0.00808411
0.00808411
0.00808411
0.00808411
0.00808411
0.00808411
0.00808411
0.00808411
0.00808411
0.00808411
0.00808411
0.00808411
0.00808411
0.00808411
0.00808411
0.00808411
0.00808411
0.00808411
0.00808411
0.00808411
0.00808411
0.00808411
0.00808411
0.00808411
0.00808412
0.00808412
0.00808412
0.00808412
0.00808412
0.00808412
0.00808412
0.00547592
0.00547592
0.00547592
0.00547592
0.00547592
0.00547592
0.00547592
0.00547592
0.00547592
0.00547592
0.00547592
0.00547592
0.00547592
0.00547592
0.00547592
0.00547591
0.00547591
0.00547591
0.00547591
0.00547591
0.00547591
0.00547591
0.00547591
0.00547591
0.00547591
0.00547591
0.00547591
0.00547591
0.00547591
0.00547591
0.00547591
0.00547591
0.00547591
0.00547591
0.00547591
0.00547591
0.00547591
0.00547591
0.00547591
0.00547591
0.00547591
0.00547591
0.00547591
0.00547591
0.00547591
0.00547592
0.00547592
0.00547592
0.00547592
0.00547592
0.00547592
0.00547592
0.00547592
0.00547592
0.00547592
0.00547592
0.00547592
0.00547592
0.00547592
0.00547592
0.0043253
0.0043253
0.0043253
0.0043253
0.0043253
0.0043253
0.0043253
0.0043253
0.0043253
0.0043253
0.0043253
0.0043253
0.0043253
0.0043253
0.0043253
0.0043253
0.0043253
0.0043253
0.0043253
0.0043253
0.0043253
0.0043253
0.0043253
0.0043253
0.0043253
0.0043253
0.0043253
0.0043253
0.0043253
0.0043253
0.0043253
0.0043253
0.0043253
0.0043253
0.0043253
0.0043253
0.0043253
0.0043253
0.0043253
0.0043253
0.0043253
0.0043253
0.0043253
0.0043253
0.0043253
0.0043253
0.0043253
0.0043253
0.0043253
0.0043253
0.0043253
0.0043253
0.0043253
0.0043253
0.0043253
0.0043253
0.0043253
0.0043253
0.0043253
0.0043253
0.00383426
0.00383426
0.00383426
0.00383426
0.00383426
0.00383426
0.00383426
0.00383426
0.00383426
0.00383426
0.00383426
0.00383426
0.00383426
0.00383426
0.00383426
0.00383426
0.00383426
0.00383427
0.00383427
0.00383427
0.00383427
0.00383427
0.00383427
0.00383427
0.00383427
0.00383427
0.00383427
0.00383427
0.00383427
0.00383427
0.00383427
0.00383427
0.00383427
0.00383427
0.00383427
0.00383427
0.00383427
0.00383427
0.00383427
0.00383427
0.00383427
0.00383427
0.00383427
0.00383426
0.00383426
0.00383426
0.00383426
0.00383426
0.00383426
0.00383426
0.00383426
0.00383426
0.00383426
0.00383426
0.00383426
0.00383426
0.00383426
0.00383426
0.00383426
0.00383426
0.00363784
0.00363784
0.00363784
0.00363784
0.00363784
0.00363784
0.00363785
0.00363785
0.00363785
0.00363785
0.00363785
0.00363785
0.00363785
0.00363785
0.00363785
0.00363785
0.00363785
0.00363785
0.00363785
0.00363785
0.00363785
0.00363785
0.00363785
0.00363785
0.00363785
0.00363785
0.00363785
0.00363785
0.00363785
0.00363785
0.00363785
0.00363785
0.00363785
0.00363785
0.00363785
0.00363785
0.00363785
0.00363785
0.00363785
0.00363785
0.00363785
0.00363785
0.00363785
0.00363785
0.00363785
0.00363785
0.00363785
0.00363785
0.00363785
0.00363785
0.00363785
0.00363785
0.00363785
0.00363785
0.00363784
0.00363784
0.00363784
0.00363784
0.00363784
0.00363784
0.00357103
0.00357103
0.00357103
0.00357103
0.00357103
0.00357103
0.00357104
0.00357104
0.00357104
0.00357104
0.00357104
0.00357104
0.00357104
0.00357104
0.00357104
0.00357104
0.00357104
0.00357104
0.00357104
0.00357104
0.00357104
0.00357104
0.00357104
0.00357104
0.00357104
0.00357104
0.00357104
0.00357104
0.00357104
0.00357104
0.00357104
0.00357104
0.00357104
0.00357104
0.00357104
0.00357104
0.00357104
0.00357104
0.00357104
0.00357104
0.00357104
0.00357104
0.00357104
0.00357104
0.00357104
0.00357104
0.00357104
0.00357104
0.00357104
0.00357104
0.00357104
0.00357104
0.00357104
0.00357104
0.00357103
0.00357103
0.00357103
0.00357103
0.00357103
0.00357103
0.00356056
0.00356056
0.00356056
0.00356056
0.00356056
0.00356056
0.00356056
0.00356057
0.00356057
0.00356057
0.00356057
0.00356057
0.00356057
0.00356057
0.00356057
0.00356057
0.00356057
0.00356057
0.00356057
0.00356057
0.00356057
0.00356057
0.00356057
0.00356057
0.00356057
0.00356057
0.00356057
0.00356057
0.00356057
0.00356057
0.00356057
0.00356057
0.00356057
0.00356057
0.00356057
0.00356057
0.00356057
0.00356057
0.00356057
0.00356057
0.00356057
0.00356057
0.00356057
0.00356057
0.00356057
0.00356057
0.00356057
0.00356057
0.00356057
0.00356057
0.00356057
0.00356057
0.00356057
0.00356056
0.00356056
0.00356056
0.00356056
0.00356056
0.00356056
0.00356056
0.00357461
0.00357461
0.00357461
0.00357461
0.00357461
0.00357461
0.00357461
0.00357461
0.00357461
0.00357461
0.00357462
0.00357462
0.00357462
0.00357462
0.00357462
0.00357462
0.00357462
0.00357462
0.00357462
0.00357462
0.00357462
0.00357462
0.00357462
0.00357462
0.00357462
0.00357462
0.00357462
0.00357462
0.00357462
0.00357462
0.00357462
0.00357462
0.00357462
0.00357462
0.00357462
0.00357462
0.00357462
0.00357462
0.00357462
0.00357462
0.00357462
0.00357462
0.00357462
0.00357462
0.00357462
0.00357462
0.00357462
0.00357462
0.00357462
0.00357462
0.00357461
0.00357461
0.00357461
0.00357461
0.00357461
0.00357461
0.00357461
0.00357461
0.00357461
0.00357461
0.00359971
0.00359971
0.00359971
0.00359971
0.00359971
0.00359971
0.00359972
0.00359972
0.00359972
0.00359972
0.00359972
0.00359972
0.00359972
0.00359972
0.00359972
0.00359972
0.00359972
0.00359972
0.00359972
0.00359972
0.00359972
0.00359972
0.00359972
0.00359972
0.00359972
0.00359972
0.00359972
0.00359972
0.00359972
0.00359972
0.00359972
0.00359972
0.00359972
0.00359972
0.00359972
0.00359972
0.00359972
0.00359972
0.00359972
0.00359972
0.00359972
0.00359972
0.00359972
0.00359972
0.00359972
0.00359972
0.00359972
0.00359972
0.00359972
0.00359972
0.00359972
0.00359972
0.00359972
0.00359972
0.00359971
0.00359971
0.00359971
0.00359971
0.00359971
0.00359971
0.00363036
0.00363036
0.00363036
0.00363036
0.00363036
0.00363036
0.00363036
0.00363036
0.00363036
0.00363037
0.00363037
0.00363037
0.00363037
0.00363037
0.00363037
0.00363037
0.00363037
0.00363037
0.00363037
0.00363037
0.00363037
0.00363037
0.00363037
0.00363037
0.00363037
0.00363037
0.00363037
0.00363037
0.00363037
0.00363037
0.00363037
0.00363037
0.00363037
0.00363037
0.00363037
0.00363037
0.00363037
0.00363037
0.00363037
0.00363037
0.00363037
0.00363037
0.00363037
0.00363037
0.00363037
0.00363037
0.00363037
0.00363037
0.00363037
0.00363037
0.00363037
0.00363036
0.00363036
0.00363036
0.00363036
0.00363036
0.00363036
0.00363036
0.00363036
0.00363036
0.0036644
0.00366441
0.00366441
0.00366441
0.00366441
0.00366441
0.00366441
0.00366441
0.00366441
0.00366441
0.00366441
0.00366441
0.00366441
0.00366441
0.00366442
0.00366442
0.00366442
0.00366442
0.00366442
0.00366442
0.00366442
0.00366442
0.00366442
0.00366442
0.00366442
0.00366442
0.00366442
0.00366442
0.00366442
0.00366442
0.00366442
0.00366442
0.00366442
0.00366442
0.00366442
0.00366442
0.00366442
0.00366442
0.00366442
0.00366442
0.00366442
0.00366442
0.00366442
0.00366442
0.00366442
0.00366442
0.00366441
0.00366441
0.00366441
0.00366441
0.00366441
0.00366441
0.00366441
0.00366441
0.00366441
0.00366441
0.00366441
0.00366441
0.00366441
0.0036644
0.00370111
0.00370111
0.00370111
0.00370111
0.00370111
0.00370112
0.00370112
0.00370112
0.00370112
0.00370112
0.00370112
0.00370112
0.00370112
0.00370112
0.00370112
0.00370112
0.00370112
0.00370112
0.00370112
0.00370112
0.00370112
0.00370112
0.00370112
0.00370112
0.00370112
0.00370112
0.00370112
0.00370112
0.00370112
0.00370112
0.00370112
0.00370112
0.00370112
0.00370112
0.00370112
0.00370112
0.00370112
0.00370112
0.00370112
0.00370112
0.00370112
0.00370112
0.00370112
0.00370112
0.00370112
0.00370112
0.00370112
0.00370112
0.00370112
0.00370112
0.00370112
0.00370112
0.00370112
0.00370112
0.00370112
0.00370111
0.00370111
0.00370111
0.00370111
0.00370111
0.00374031
0.00374031
0.00374031
0.00374031
0.00374031
0.00374031
0.00374031
0.00374032
0.00374032
0.00374032
0.00374032
0.00374032
0.00374032
0.00374032
0.00374032
0.00374032
0.00374032
0.00374032
0.00374032
0.00374032
0.00374032
0.00374032
0.00374032
0.00374032
0.00374032
0.00374032
0.00374032
0.00374032
0.00374032
0.00374032
0.00374032
0.00374032
0.00374032
0.00374032
0.00374032
0.00374032
0.00374032
0.00374032
0.00374032
0.00374032
0.00374032
0.00374032
0.00374032
0.00374032
0.00374032
0.00374032
0.00374032
0.00374032
0.00374032
0.00374032
0.00374032
0.00374032
0.00374032
0.00374031
0.00374031
0.00374031
0.00374031
0.00374031
0.00374031
0.00374031
0.00378207
0.00378207
0.00378207
0.00378207
0.00378208
0.00378208
0.00378208
0.00378208
0.00378208
0.00378208
0.00378208
0.00378208
0.00378208
0.00378208
0.00378208
0.00378208
0.00378208
0.00378208
0.00378208
0.00378208
0.00378208
0.00378208
0.00378208
0.00378208
0.00378208
0.00378208
0.00378208
0.00378208
0.00378208
0.00378208
0.00378208
0.00378208
0.00378208
0.00378208
0.00378208
0.00378208
0.00378208
0.00378208
0.00378208
0.00378208
0.00378208
0.00378208
0.00378208
0.00378208
0.00378208
0.00378208
0.00378208
0.00378208
0.00378208
0.00378208
0.00378208
0.00378208
0.00378208
0.00378208
0.00378208
0.00378208
0.00378207
0.00378207
0.00378207
0.00378207
0.00382658
0.00382658
0.00382658
0.00382658
0.00382659
0.00382659
0.00382659
0.00382659
0.00382659
0.00382659
0.00382659
0.00382659
0.00382659
0.00382659
0.00382659
0.00382659
0.00382659
0.00382659
0.00382659
0.00382659
0.00382659
0.0038266
0.0038266
0.0038266
0.0038266
0.0038266
0.0038266
0.0038266
0.0038266
0.0038266
0.0038266
0.0038266
0.0038266
0.0038266
0.0038266
0.0038266
0.0038266
0.0038266
0.0038266
0.00382659
0.00382659
0.00382659
0.00382659
0.00382659
0.00382659
0.00382659
0.00382659
0.00382659
0.00382659
0.00382659
0.00382659
0.00382659
0.00382659
0.00382659
0.00382659
0.00382659
0.00382658
0.00382658
0.00382658
0.00382658
0.00387408
0.00387409
0.00387409
0.00387409
0.00387409
0.00387409
0.00387409
0.00387409
0.00387409
0.00387409
0.00387409
0.00387409
0.0038741
0.0038741
0.0038741
0.0038741
0.0038741
0.0038741
0.0038741
0.0038741
0.0038741
0.0038741
0.0038741
0.0038741
0.0038741
0.0038741
0.0038741
0.0038741
0.0038741
0.0038741
0.0038741
0.0038741
0.0038741
0.0038741
0.0038741
0.0038741
0.0038741
0.0038741
0.0038741
0.0038741
0.0038741
0.0038741
0.0038741
0.0038741
0.0038741
0.0038741
0.0038741
0.0038741
0.00387409
0.00387409
0.00387409
0.00387409
0.00387409
0.00387409
0.00387409
0.00387409
0.00387409
0.00387409
0.00387409
0.00387408
0.00392487
0.00392487
0.00392487
0.00392487
0.00392487
0.00392488
0.00392488
0.00392488
0.00392488
0.00392488
0.00392488
0.00392488
0.00392488
0.00392488
0.00392488
0.00392488
0.00392488
0.00392488
0.00392488
0.00392488
0.00392488
0.00392488
0.00392488
0.00392488
0.00392488
0.00392488
0.00392488
0.00392488
0.00392488
0.00392488
0.00392488
0.00392488
0.00392488
0.00392488
0.00392488
0.00392488
0.00392488
0.00392488
0.00392488
0.00392488
0.00392488
0.00392488
0.00392488
0.00392488
0.00392488
0.00392488
0.00392488
0.00392488
0.00392488
0.00392488
0.00392488
0.00392488
0.00392488
0.00392488
0.00392488
0.00392487
0.00392487
0.00392487
0.00392487
0.00392487
0.00397927
0.00397928
0.00397928
0.00397928
0.00397928
0.00397928
0.00397928
0.00397928
0.00397928
0.00397928
0.00397928
0.00397929
0.00397929
0.00397929
0.00397929
0.00397929
0.00397929
0.00397929
0.00397929
0.00397929
0.00397929
0.00397929
0.00397929
0.00397929
0.00397929
0.00397929
0.00397929
0.00397929
0.00397929
0.00397929
0.00397929
0.00397929
0.00397929
0.00397929
0.00397929
0.00397929
0.00397929
0.00397929
0.00397929
0.00397929
0.00397929
0.00397929
0.00397929
0.00397929
0.00397929
0.00397929
0.00397929
0.00397929
0.00397929
0.00397928
0.00397928
0.00397928
0.00397928
0.00397928
0.00397928
0.00397928
0.00397928
0.00397928
0.00397928
0.00397927
0.00403768
0.00403769
0.00403769
0.00403769
0.00403769
0.00403769
0.00403769
0.00403769
0.00403769
0.0040377
0.0040377
0.0040377
0.0040377
0.0040377
0.0040377
0.0040377
0.0040377
0.0040377
0.0040377
0.0040377
0.0040377
0.0040377
0.0040377
0.0040377
0.0040377
0.0040377
0.0040377
0.0040377
0.0040377
0.0040377
0.0040377
0.0040377
0.0040377
0.0040377
0.0040377
0.0040377
0.0040377
0.0040377
0.0040377
0.0040377
0.0040377
0.0040377
0.0040377
0.0040377
0.0040377
0.0040377
0.0040377
0.0040377
0.0040377
0.0040377
0.0040377
0.00403769
0.00403769
0.00403769
0.00403769
0.00403769
0.00403769
0.00403769
0.00403769
0.00403768
0.00410055
0.00410055
0.00410055
0.00410055
0.00410055
0.00410056
0.00410056
0.00410056
0.00410056
0.00410056
0.00410056
0.00410056
0.00410056
0.00410056
0.00410056
0.00410056
0.00410056
0.00410056
0.00410056
0.00410056
0.00410056
0.00410056
0.00410056
0.00410056
0.00410056
0.00410056
0.00410056
0.00410056
0.00410057
0.00410057
0.00410057
0.00410057
0.00410056
0.00410056
0.00410056
0.00410056
0.00410056
0.00410056
0.00410056
0.00410056
0.00410056
0.00410056
0.00410056
0.00410056
0.00410056
0.00410056
0.00410056
0.00410056
0.00410056
0.00410056
0.00410056
0.00410056
0.00410056
0.00410056
0.00410056
0.00410055
0.00410055
0.00410055
0.00410055
0.00410055
0.00416838
0.00416838
0.00416839
0.00416839
0.00416839
0.00416839
0.00416839
0.00416839
0.00416839
0.00416839
0.00416839
0.00416839
0.0041684
0.0041684
0.0041684
0.0041684
0.0041684
0.0041684
0.0041684
0.0041684
0.0041684
0.0041684
0.0041684
0.0041684
0.0041684
0.0041684
0.0041684
0.0041684
0.0041684
0.0041684
0.0041684
0.0041684
0.0041684
0.0041684
0.0041684
0.0041684
0.0041684
0.0041684
0.0041684
0.0041684
0.0041684
0.0041684
0.0041684
0.0041684
0.0041684
0.0041684
0.0041684
0.0041684
0.00416839
0.00416839
0.00416839
0.00416839
0.00416839
0.00416839
0.00416839
0.00416839
0.00416839
0.00416839
0.00416838
0.00416838
0.00424179
0.00424179
0.00424179
0.00424179
0.0042418
0.0042418
0.0042418
0.0042418
0.0042418
0.0042418
0.0042418
0.0042418
0.0042418
0.0042418
0.0042418
0.00424181
0.00424181
0.00424181
0.00424181
0.00424181
0.00424181
0.00424181
0.00424181
0.00424181
0.00424181
0.00424181
0.00424181
0.00424181
0.00424181
0.00424181
0.00424181
0.00424181
0.00424181
0.00424181
0.00424181
0.00424181
0.00424181
0.00424181
0.00424181
0.00424181
0.00424181
0.00424181
0.00424181
0.00424181
0.00424181
0.0042418
0.0042418
0.0042418
0.0042418
0.0042418
0.0042418
0.0042418
0.0042418
0.0042418
0.0042418
0.0042418
0.00424179
0.00424179
0.00424179
0.00424179
0.00432148
0.00432148
0.00432148
0.00432148
0.00432149
0.00432149
0.00432149
0.00432149
0.00432149
0.00432149
0.00432149
0.00432149
0.00432149
0.00432149
0.00432149
0.0043215
0.0043215
0.0043215
0.0043215
0.0043215
0.0043215
0.0043215
0.0043215
0.0043215
0.0043215
0.0043215
0.0043215
0.0043215
0.0043215
0.0043215
0.0043215
0.0043215
0.0043215
0.0043215
0.0043215
0.0043215
0.0043215
0.0043215
0.0043215
0.0043215
0.0043215
0.0043215
0.0043215
0.0043215
0.0043215
0.00432149
0.00432149
0.00432149
0.00432149
0.00432149
0.00432149
0.00432149
0.00432149
0.00432149
0.00432149
0.00432149
0.00432148
0.00432148
0.00432148
0.00432148
0.00440829
0.00440829
0.00440829
0.00440829
0.0044083
0.0044083
0.0044083
0.0044083
0.0044083
0.0044083
0.0044083
0.0044083
0.0044083
0.0044083
0.0044083
0.00440831
0.00440831
0.00440831
0.00440831
0.00440831
0.00440831
0.00440831
0.00440831
0.00440831
0.00440831
0.00440831
0.00440831
0.00440831
0.00440831
0.00440831
0.00440831
0.00440831
0.00440831
0.00440831
0.00440831
0.00440831
0.00440831
0.00440831
0.00440831
0.00440831
0.00440831
0.00440831
0.00440831
0.00440831
0.00440831
0.0044083
0.0044083
0.0044083
0.0044083
0.0044083
0.0044083
0.0044083
0.0044083
0.0044083
0.0044083
0.0044083
0.00440829
0.00440829
0.00440829
0.00440829
0.00450322
0.00450322
0.00450322
0.00450322
0.00450322
0.00450322
0.00450323
0.00450323
0.00450323
0.00450323
0.00450323
0.00450323
0.00450323
0.00450323
0.00450323
0.00450323
0.00450323
0.00450323
0.00450323
0.00450323
0.00450323
0.00450323
0.00450323
0.00450323
0.00450324
0.00450324
0.00450324
0.00450324
0.00450324
0.00450324
0.00450324
0.00450324
0.00450324
0.00450324
0.00450324
0.00450324
0.00450323
0.00450323
0.00450323
0.00450323
0.00450323
0.00450323
0.00450323
0.00450323
0.00450323
0.00450323
0.00450323
0.00450323
0.00450323
0.00450323
0.00450323
0.00450323
0.00450323
0.00450323
0.00450322
0.00450322
0.00450322
0.00450322
0.00450322
0.00450322
0.00460746
0.00460746
0.00460746
0.00460746
0.00460747
0.00460747
0.00460747
0.00460747
0.00460747
0.00460747
0.00460747
0.00460747
0.00460747
0.00460747
0.00460748
0.00460748
0.00460748
0.00460748
0.00460748
0.00460748
0.00460748
0.00460748
0.00460748
0.00460748
0.00460748
0.00460748
0.00460748
0.00460748
0.00460748
0.00460748
0.00460748
0.00460748
0.00460748
0.00460748
0.00460748
0.00460748
0.00460748
0.00460748
0.00460748
0.00460748
0.00460748
0.00460748
0.00460748
0.00460748
0.00460748
0.00460748
0.00460747
0.00460747
0.00460747
0.00460747
0.00460747
0.00460747
0.00460747
0.00460747
0.00460747
0.00460747
0.00460746
0.00460746
0.00460746
0.00460746
0.00472247
0.00472247
0.00472248
0.00472248
0.00472248
0.00472248
0.00472248
0.00472248
0.00472249
0.00472249
0.00472249
0.00472249
0.00472249
0.00472249
0.00472249
0.00472249
0.00472249
0.00472249
0.00472249
0.00472249
0.00472249
0.00472249
0.00472249
0.00472249
0.00472249
0.00472249
0.00472249
0.00472249
0.00472249
0.00472249
0.00472249
0.00472249
0.00472249
0.00472249
0.00472249
0.00472249
0.00472249
0.00472249
0.00472249
0.00472249
0.00472249
0.00472249
0.00472249
0.00472249
0.00472249
0.00472249
0.00472249
0.00472249
0.00472249
0.00472249
0.00472249
0.00472249
0.00472248
0.00472248
0.00472248
0.00472248
0.00472248
0.00472248
0.00472247
0.00472247
0.00485004
0.00485004
0.00485005
0.00485005
0.00485005
0.00485005
0.00485005
0.00485005
0.00485006
0.00485006
0.00485006
0.00485006
0.00485006
0.00485006
0.00485006
0.00485006
0.00485006
0.00485006
0.00485006
0.00485006
0.00485006
0.00485006
0.00485006
0.00485006
0.00485006
0.00485006
0.00485006
0.00485006
0.00485006
0.00485006
0.00485006
0.00485006
0.00485006
0.00485006
0.00485006
0.00485006
0.00485006
0.00485006
0.00485006
0.00485006
0.00485006
0.00485006
0.00485006
0.00485006
0.00485006
0.00485006
0.00485006
0.00485006
0.00485006
0.00485006
0.00485006
0.00485006
0.00485005
0.00485005
0.00485005
0.00485005
0.00485005
0.00485005
0.00485004
0.00485004
0.00499238
0.00499238
0.00499239
0.00499239
0.00499239
0.00499239
0.00499239
0.00499239
0.0049924
0.0049924
0.0049924
0.0049924
0.0049924
0.0049924
0.0049924
0.0049924
0.0049924
0.0049924
0.0049924
0.0049924
0.0049924
0.0049924
0.0049924
0.0049924
0.0049924
0.0049924
0.0049924
0.0049924
0.0049924
0.0049924
0.0049924
0.0049924
0.0049924
0.0049924
0.0049924
0.0049924
0.0049924
0.0049924
0.0049924
0.0049924
0.0049924
0.0049924
0.0049924
0.0049924
0.0049924
0.0049924
0.0049924
0.0049924
0.0049924
0.0049924
0.0049924
0.0049924
0.00499239
0.00499239
0.00499239
0.00499239
0.00499239
0.00499239
0.00499238
0.00499238
0.00515227
0.00515228
0.00515228
0.00515228
0.00515228
0.00515228
0.00515229
0.00515229
0.00515229
0.00515229
0.00515229
0.00515229
0.00515229
0.00515229
0.00515229
0.0051523
0.0051523
0.0051523
0.0051523
0.0051523
0.0051523
0.0051523
0.0051523
0.0051523
0.0051523
0.0051523
0.0051523
0.0051523
0.0051523
0.0051523
0.0051523
0.0051523
0.0051523
0.0051523
0.0051523
0.0051523
0.0051523
0.0051523
0.0051523
0.0051523
0.0051523
0.0051523
0.0051523
0.0051523
0.0051523
0.00515229
0.00515229
0.00515229
0.00515229
0.00515229
0.00515229
0.00515229
0.00515229
0.00515229
0.00515228
0.00515228
0.00515228
0.00515228
0.00515228
0.00515227
0.00533327
0.00533328
0.00533328
0.00533328
0.00533328
0.00533328
0.00533329
0.00533329
0.00533329
0.00533329
0.00533329
0.00533329
0.00533329
0.00533329
0.00533329
0.0053333
0.0053333
0.0053333
0.0053333
0.0053333
0.0053333
0.0053333
0.0053333
0.0053333
0.0053333
0.0053333
0.0053333
0.0053333
0.0053333
0.0053333
0.0053333
0.0053333
0.0053333
0.0053333
0.0053333
0.0053333
0.0053333
0.0053333
0.0053333
0.0053333
0.0053333
0.0053333
0.0053333
0.0053333
0.0053333
0.00533329
0.00533329
0.00533329
0.00533329
0.00533329
0.00533329
0.00533329
0.00533329
0.00533329
0.00533328
0.00533328
0.00533328
0.00533328
0.00533328
0.00533327
0.00553999
0.00553999
0.00553999
0.00553999
0.00554
0.00554
0.00554
0.00554
0.00554
0.00554
0.00554001
0.00554001
0.00554001
0.00554001
0.00554001
0.00554001
0.00554001
0.00554001
0.00554001
0.00554001
0.00554001
0.00554001
0.00554001
0.00554001
0.00554001
0.00554001
0.00554001
0.00554001
0.00554001
0.00554001
0.00554001
0.00554001
0.00554001
0.00554001
0.00554001
0.00554001
0.00554001
0.00554001
0.00554001
0.00554001
0.00554001
0.00554001
0.00554001
0.00554001
0.00554001
0.00554001
0.00554001
0.00554001
0.00554001
0.00554001
0.00554
0.00554
0.00554
0.00554
0.00554
0.00554
0.00553999
0.00553999
0.00553999
0.00553999
0.0057785
0.00577851
0.00577851
0.00577851
0.00577851
0.00577852
0.00577852
0.00577852
0.00577852
0.00577852
0.00577852
0.00577853
0.00577853
0.00577853
0.00577853
0.00577853
0.00577853
0.00577853
0.00577853
0.00577853
0.00577853
0.00577853
0.00577853
0.00577853
0.00577853
0.00577853
0.00577853
0.00577853
0.00577853
0.00577853
0.00577853
0.00577853
0.00577853
0.00577853
0.00577853
0.00577853
0.00577853
0.00577853
0.00577853
0.00577853
0.00577853
0.00577853
0.00577853
0.00577853
0.00577853
0.00577853
0.00577853
0.00577853
0.00577853
0.00577852
0.00577852
0.00577852
0.00577852
0.00577852
0.00577852
0.00577851
0.00577851
0.00577851
0.00577851
0.0057785
0.00605704
0.00605705
0.00605705
0.00605705
0.00605706
0.00605706
0.00605706
0.00605706
0.00605706
0.00605707
0.00605707
0.00605707
0.00605707
0.00605707
0.00605707
0.00605707
0.00605707
0.00605707
0.00605707
0.00605707
0.00605708
0.00605708
0.00605708
0.00605708
0.00605708
0.00605708
0.00605708
0.00605708
0.00605708
0.00605708
0.00605708
0.00605708
0.00605708
0.00605708
0.00605708
0.00605708
0.00605708
0.00605708
0.00605708
0.00605708
0.00605707
0.00605707
0.00605707
0.00605707
0.00605707
0.00605707
0.00605707
0.00605707
0.00605707
0.00605707
0.00605707
0.00605706
0.00605706
0.00605706
0.00605706
0.00605706
0.00605705
0.00605705
0.00605705
0.00605704
0.00638695
0.00638695
0.00638696
0.00638696
0.00638696
0.00638697
0.00638697
0.00638697
0.00638697
0.00638697
0.00638698
0.00638698
0.00638698
0.00638698
0.00638698
0.00638698
0.00638698
0.00638698
0.00638698
0.00638698
0.00638699
0.00638699
0.00638699
0.00638699
0.00638699
0.00638699
0.00638699
0.00638699
0.00638699
0.00638699
0.00638699
0.00638699
0.00638699
0.00638699
0.00638699
0.00638699
0.00638699
0.00638699
0.00638699
0.00638699
0.00638698
0.00638698
0.00638698
0.00638698
0.00638698
0.00638698
0.00638698
0.00638698
0.00638698
0.00638698
0.00638697
0.00638697
0.00638697
0.00638697
0.00638697
0.00638696
0.00638696
0.00638696
0.00638695
0.00638695
0.00678422
0.00678423
0.00678423
0.00678423
0.00678424
0.00678424
0.00678424
0.00678424
0.00678425
0.00678425
0.00678425
0.00678425
0.00678425
0.00678426
0.00678426
0.00678426
0.00678426
0.00678426
0.00678426
0.00678426
0.00678426
0.00678426
0.00678426
0.00678426
0.00678426
0.00678426
0.00678426
0.00678426
0.00678426
0.00678426
0.00678426
0.00678426
0.00678426
0.00678426
0.00678426
0.00678426
0.00678426
0.00678426
0.00678426
0.00678426
0.00678426
0.00678426
0.00678426
0.00678426
0.00678426
0.00678426
0.00678426
0.00678425
0.00678425
0.00678425
0.00678425
0.00678425
0.00678424
0.00678424
0.00678424
0.00678424
0.00678423
0.00678423
0.00678423
0.00678422
0.00727185
0.00727186
0.00727186
0.00727187
0.00727187
0.00727187
0.00727188
0.00727188
0.00727188
0.00727188
0.00727189
0.00727189
0.00727189
0.00727189
0.00727189
0.00727189
0.00727189
0.0072719
0.0072719
0.0072719
0.0072719
0.0072719
0.0072719
0.0072719
0.0072719
0.0072719
0.0072719
0.0072719
0.0072719
0.0072719
0.0072719
0.0072719
0.0072719
0.0072719
0.0072719
0.0072719
0.0072719
0.0072719
0.0072719
0.0072719
0.0072719
0.0072719
0.0072719
0.00727189
0.00727189
0.00727189
0.00727189
0.00727189
0.00727189
0.00727189
0.00727188
0.00727188
0.00727188
0.00727188
0.00727187
0.00727187
0.00727187
0.00727186
0.00727186
0.00727185
0.00788318
0.00788318
0.00788319
0.00788319
0.0078832
0.0078832
0.0078832
0.00788321
0.00788321
0.00788321
0.00788321
0.00788322
0.00788322
0.00788322
0.00788322
0.00788322
0.00788323
0.00788323
0.00788323
0.00788323
0.00788323
0.00788323
0.00788323
0.00788323
0.00788323
0.00788323
0.00788323
0.00788323
0.00788323
0.00788323
0.00788323
0.00788323
0.00788323
0.00788323
0.00788323
0.00788323
0.00788323
0.00788323
0.00788323
0.00788323
0.00788323
0.00788323
0.00788323
0.00788323
0.00788322
0.00788322
0.00788322
0.00788322
0.00788322
0.00788321
0.00788321
0.00788321
0.00788321
0.0078832
0.0078832
0.0078832
0.00788319
0.00788319
0.00788318
0.00788318
0.00866608
0.00866609
0.00866609
0.0086661
0.00866611
0.00866611
0.00866611
0.00866612
0.00866612
0.00866613
0.00866613
0.00866613
0.00866613
0.00866614
0.00866614
0.00866614
0.00866614
0.00866614
0.00866614
0.00866615
0.00866615
0.00866615
0.00866615
0.00866615
0.00866615
0.00866615
0.00866615
0.00866615
0.00866615
0.00866615
0.00866615
0.00866615
0.00866615
0.00866615
0.00866615
0.00866615
0.00866615
0.00866615
0.00866615
0.00866615
0.00866615
0.00866614
0.00866614
0.00866614
0.00866614
0.00866614
0.00866614
0.00866613
0.00866613
0.00866613
0.00866613
0.00866612
0.00866612
0.00866611
0.00866611
0.00866611
0.0086661
0.00866609
0.00866609
0.00866608
0.0096869
0.0096869
0.00968691
0.00968692
0.00968692
0.00968693
0.00968694
0.00968694
0.00968695
0.00968695
0.00968695
0.00968696
0.00968696
0.00968696
0.00968697
0.00968697
0.00968697
0.00968697
0.00968697
0.00968697
0.00968698
0.00968698
0.00968698
0.00968698
0.00968698
0.00968698
0.00968698
0.00968698
0.00968698
0.00968698
0.00968698
0.00968698
0.00968698
0.00968698
0.00968698
0.00968698
0.00968698
0.00968698
0.00968698
0.00968698
0.00968697
0.00968697
0.00968697
0.00968697
0.00968697
0.00968697
0.00968696
0.00968696
0.00968696
0.00968695
0.00968695
0.00968695
0.00968694
0.00968694
0.00968693
0.00968692
0.00968692
0.00968691
0.0096869
0.0096869
0.0110309
0.0110309
0.0110309
0.0110309
0.0110309
0.0110309
0.0110309
0.0110309
0.0110309
0.011031
0.011031
0.011031
0.011031
0.011031
0.011031
0.011031
0.011031
0.011031
0.011031
0.011031
0.011031
0.011031
0.011031
0.011031
0.011031
0.011031
0.011031
0.011031
0.011031
0.011031
0.011031
0.011031
0.011031
0.011031
0.011031
0.011031
0.011031
0.011031
0.011031
0.011031
0.011031
0.011031
0.011031
0.011031
0.011031
0.011031
0.011031
0.011031
0.011031
0.011031
0.011031
0.0110309
0.0110309
0.0110309
0.0110309
0.0110309
0.0110309
0.0110309
0.0110309
0.0110309
0.0127947
0.0127947
0.0127948
0.0127948
0.0127948
0.0127948
0.0127948
0.0127948
0.0127948
0.0127948
0.0127948
0.0127948
0.0127948
0.0127948
0.0127948
0.0127948
0.0127949
0.0127949
0.0127949
0.0127949
0.0127949
0.0127949
0.0127949
0.0127949
0.0127949
0.0127949
0.0127949
0.0127949
0.0127949
0.0127949
0.0127949
0.0127949
0.0127949
0.0127949
0.0127949
0.0127949
0.0127949
0.0127949
0.0127949
0.0127949
0.0127949
0.0127949
0.0127949
0.0127949
0.0127948
0.0127948
0.0127948
0.0127948
0.0127948
0.0127948
0.0127948
0.0127948
0.0127948
0.0127948
0.0127948
0.0127948
0.0127948
0.0127948
0.0127947
0.0127947
0.0150679
0.0150679
0.0150679
0.0150679
0.0150679
0.015068
0.015068
0.015068
0.015068
0.015068
0.015068
0.015068
0.015068
0.015068
0.015068
0.015068
0.015068
0.015068
0.015068
0.015068
0.015068
0.015068
0.015068
0.015068
0.015068
0.015068
0.015068
0.015068
0.015068
0.015068
0.015068
0.015068
0.015068
0.015068
0.015068
0.015068
0.015068
0.015068
0.015068
0.015068
0.015068
0.015068
0.015068
0.015068
0.015068
0.015068
0.015068
0.015068
0.015068
0.015068
0.015068
0.015068
0.015068
0.015068
0.015068
0.0150679
0.0150679
0.0150679
0.0150679
0.0150679
0.0179067
0.0179067
0.0179067
0.0179068
0.0179068
0.0179068
0.0179068
0.0179068
0.0179068
0.0179068
0.0179068
0.0179069
0.0179069
0.0179069
0.0179069
0.0179069
0.0179069
0.0179069
0.0179069
0.0179069
0.0179069
0.0179069
0.0179069
0.0179069
0.0179069
0.0179069
0.0179069
0.0179069
0.0179069
0.0179069
0.0179069
0.0179069
0.0179069
0.0179069
0.0179069
0.0179069
0.0179069
0.0179069
0.0179069
0.0179069
0.0179069
0.0179069
0.0179069
0.0179069
0.0179069
0.0179069
0.0179069
0.0179069
0.0179069
0.0179068
0.0179068
0.0179068
0.0179068
0.0179068
0.0179068
0.0179068
0.0179068
0.0179067
0.0179067
0.0179067
0.0213148
0.0213148
0.0213148
0.0213148
0.0213148
0.0213149
0.0213149
0.0213149
0.0213149
0.0213149
0.0213149
0.0213149
0.0213149
0.021315
0.021315
0.021315
0.021315
0.021315
0.021315
0.021315
0.021315
0.021315
0.021315
0.021315
0.021315
0.021315
0.021315
0.021315
0.021315
0.021315
0.021315
0.021315
0.021315
0.021315
0.021315
0.021315
0.021315
0.021315
0.021315
0.021315
0.021315
0.021315
0.021315
0.021315
0.021315
0.021315
0.021315
0.0213149
0.0213149
0.0213149
0.0213149
0.0213149
0.0213149
0.0213149
0.0213149
0.0213148
0.0213148
0.0213148
0.0213148
0.0213148
0.0252429
0.0252429
0.0252429
0.0252429
0.0252429
0.025243
0.025243
0.025243
0.025243
0.025243
0.025243
0.0252431
0.0252431
0.0252431
0.0252431
0.0252431
0.0252431
0.0252431
0.0252431
0.0252431
0.0252431
0.0252431
0.0252431
0.0252431
0.0252431
0.0252431
0.0252431
0.0252431
0.0252431
0.0252431
0.0252431
0.0252431
0.0252431
0.0252431
0.0252431
0.0252431
0.0252431
0.0252431
0.0252431
0.0252431
0.0252431
0.0252431
0.0252431
0.0252431
0.0252431
0.0252431
0.0252431
0.0252431
0.0252431
0.025243
0.025243
0.025243
0.025243
0.025243
0.025243
0.0252429
0.0252429
0.0252429
0.0252429
0.0252429
0.0296099
0.0296099
0.0296099
0.02961
0.02961
0.02961
0.02961
0.0296101
0.0296101
0.0296101
0.0296101
0.0296101
0.0296101
0.0296101
0.0296101
0.0296101
0.0296102
0.0296102
0.0296102
0.0296102
0.0296102
0.0296102
0.0296102
0.0296102
0.0296102
0.0296102
0.0296102
0.0296102
0.0296102
0.0296102
0.0296102
0.0296102
0.0296102
0.0296102
0.0296102
0.0296102
0.0296102
0.0296102
0.0296102
0.0296102
0.0296102
0.0296102
0.0296102
0.0296102
0.0296101
0.0296101
0.0296101
0.0296101
0.0296101
0.0296101
0.0296101
0.0296101
0.0296101
0.02961
0.02961
0.02961
0.02961
0.0296099
0.0296099
0.0296099
0.0343309
0.034331
0.034331
0.034331
0.034331
0.0343311
0.0343311
0.0343311
0.0343311
0.0343311
0.0343312
0.0343312
0.0343312
0.0343312
0.0343312
0.0343312
0.0343312
0.0343312
0.0343312
0.0343312
0.0343312
0.0343312
0.0343312
0.0343313
0.0343313
0.0343313
0.0343313
0.0343313
0.0343313
0.0343313
0.0343313
0.0343313
0.0343313
0.0343313
0.0343313
0.0343313
0.0343313
0.0343312
0.0343312
0.0343312
0.0343312
0.0343312
0.0343312
0.0343312
0.0343312
0.0343312
0.0343312
0.0343312
0.0343312
0.0343312
0.0343311
0.0343311
0.0343311
0.0343311
0.0343311
0.034331
0.034331
0.034331
0.034331
0.0343309
0.039337
0.0393371
0.0393371
0.0393371
0.0393372
0.0393372
0.0393372
0.0393372
0.0393373
0.0393373
0.0393373
0.0393373
0.0393373
0.0393373
0.0393373
0.0393373
0.0393373
0.0393374
0.0393374
0.0393374
0.0393374
0.0393374
0.0393374
0.0393374
0.0393374
0.0393374
0.0393374
0.0393374
0.0393374
0.0393374
0.0393374
0.0393374
0.0393374
0.0393374
0.0393374
0.0393374
0.0393374
0.0393374
0.0393374
0.0393374
0.0393374
0.0393374
0.0393374
0.0393373
0.0393373
0.0393373
0.0393373
0.0393373
0.0393373
0.0393373
0.0393373
0.0393373
0.0393372
0.0393372
0.0393372
0.0393372
0.0393371
0.0393371
0.0393371
0.039337
0.0445816
0.0445816
0.0445817
0.0445817
0.0445817
0.0445818
0.0445818
0.0445818
0.0445818
0.0445819
0.0445819
0.0445819
0.0445819
0.0445819
0.0445819
0.0445819
0.044582
0.044582
0.044582
0.044582
0.044582
0.044582
0.044582
0.044582
0.044582
0.044582
0.044582
0.044582
0.044582
0.044582
0.044582
0.044582
0.044582
0.044582
0.044582
0.044582
0.044582
0.044582
0.044582
0.044582
0.044582
0.044582
0.044582
0.044582
0.0445819
0.0445819
0.0445819
0.0445819
0.0445819
0.0445819
0.0445819
0.0445818
0.0445818
0.0445818
0.0445818
0.0445817
0.0445817
0.0445817
0.0445816
0.0445816
0.0500374
0.0500375
0.0500375
0.0500376
0.0500376
0.0500376
0.0500376
0.0500377
0.0500377
0.0500377
0.0500377
0.0500377
0.0500378
0.0500378
0.0500378
0.0500378
0.0500378
0.0500378
0.0500378
0.0500378
0.0500378
0.0500378
0.0500378
0.0500378
0.0500378
0.0500378
0.0500379
0.0500379
0.0500379
0.0500379
0.0500379
0.0500379
0.0500379
0.0500379
0.0500378
0.0500378
0.0500378
0.0500378
0.0500378
0.0500378
0.0500378
0.0500378
0.0500378
0.0500378
0.0500378
0.0500378
0.0500378
0.0500378
0.0500377
0.0500377
0.0500377
0.0500377
0.0500377
0.0500376
0.0500376
0.0500376
0.0500376
0.0500375
0.0500375
0.0500374
0.0556906
0.0556907
0.0556907
0.0556907
0.0556908
0.0556908
0.0556908
0.0556909
0.0556909
0.0556909
0.0556909
0.0556909
0.055691
0.055691
0.055691
0.055691
0.055691
0.055691
0.055691
0.055691
0.055691
0.055691
0.055691
0.055691
0.0556911
0.0556911
0.0556911
0.0556911
0.0556911
0.0556911
0.0556911
0.0556911
0.0556911
0.0556911
0.0556911
0.0556911
0.055691
0.055691
0.055691
0.055691
0.055691
0.055691
0.055691
0.055691
0.055691
0.055691
0.055691
0.055691
0.0556909
0.0556909
0.0556909
0.0556909
0.0556909
0.0556908
0.0556908
0.0556908
0.0556907
0.0556907
0.0556907
0.0556906
0.0615353
0.0615354
0.0615354
0.0615354
0.0615355
0.0615355
0.0615355
0.0615356
0.0615356
0.0615356
0.0615356
0.0615356
0.0615357
0.0615357
0.0615357
0.0615357
0.0615357
0.0615357
0.0615357
0.0615357
0.0615357
0.0615357
0.0615357
0.0615358
0.0615358
0.0615358
0.0615358
0.0615358
0.0615358
0.0615358
0.0615358
0.0615358
0.0615358
0.0615358
0.0615358
0.0615358
0.0615358
0.0615357
0.0615357
0.0615357
0.0615357
0.0615357
0.0615357
0.0615357
0.0615357
0.0615357
0.0615357
0.0615357
0.0615356
0.0615356
0.0615356
0.0615356
0.0615356
0.0615355
0.0615355
0.0615355
0.0615354
0.0615354
0.0615354
0.0615353
0.0675702
0.0675703
0.0675703
0.0675704
0.0675704
0.0675704
0.0675705
0.0675705
0.0675705
0.0675705
0.0675706
0.0675706
0.0675706
0.0675706
0.0675706
0.0675706
0.0675706
0.0675707
0.0675707
0.0675707
0.0675707
0.0675707
0.0675707
0.0675707
0.0675707
0.0675707
0.0675707
0.0675707
0.0675707
0.0675707
0.0675707
0.0675707
0.0675707
0.0675707
0.0675707
0.0675707
0.0675707
0.0675707
0.0675707
0.0675707
0.0675707
0.0675707
0.0675707
0.0675706
0.0675706
0.0675706
0.0675706
0.0675706
0.0675706
0.0675706
0.0675705
0.0675705
0.0675705
0.0675705
0.0675704
0.0675704
0.0675704
0.0675703
0.0675703
0.0675702
0.0737967
0.0737968
0.0737968
0.0737968
0.0737969
0.0737969
0.073797
0.073797
0.073797
0.073797
0.0737971
0.0737971
0.0737971
0.0737971
0.0737971
0.0737971
0.0737971
0.0737972
0.0737972
0.0737972
0.0737972
0.0737972
0.0737972
0.0737972
0.0737972
0.0737972
0.0737972
0.0737972
0.0737972
0.0737972
0.0737972
0.0737972
0.0737972
0.0737972
0.0737972
0.0737972
0.0737972
0.0737972
0.0737972
0.0737972
0.0737972
0.0737972
0.0737972
0.0737971
0.0737971
0.0737971
0.0737971
0.0737971
0.0737971
0.0737971
0.073797
0.073797
0.073797
0.073797
0.0737969
0.0737969
0.0737968
0.0737968
0.0737968
0.0737967
0.0802177
0.0802177
0.0802178
0.0802178
0.0802179
0.0802179
0.0802179
0.080218
0.080218
0.080218
0.080218
0.0802181
0.0802181
0.0802181
0.0802181
0.0802181
0.0802181
0.0802181
0.0802181
0.0802181
0.0802182
0.0802182
0.0802182
0.0802182
0.0802182
0.0802182
0.0802182
0.0802182
0.0802182
0.0802182
0.0802182
0.0802182
0.0802182
0.0802182
0.0802182
0.0802182
0.0802182
0.0802182
0.0802182
0.0802182
0.0802181
0.0802181
0.0802181
0.0802181
0.0802181
0.0802181
0.0802181
0.0802181
0.0802181
0.080218
0.080218
0.080218
0.080218
0.0802179
0.0802179
0.0802179
0.0802178
0.0802178
0.0802177
0.0802177
0.086837
0.086837
0.0868371
0.0868372
0.0868372
0.0868372
0.0868373
0.0868373
0.0868373
0.0868374
0.0868374
0.0868374
0.0868374
0.0868374
0.0868374
0.0868375
0.0868375
0.0868375
0.0868375
0.0868375
0.0868375
0.0868375
0.0868375
0.0868375
0.0868375
0.0868375
0.0868375
0.0868375
0.0868375
0.0868375
0.0868375
0.0868375
0.0868375
0.0868375
0.0868375
0.0868375
0.0868375
0.0868375
0.0868375
0.0868375
0.0868375
0.0868375
0.0868375
0.0868375
0.0868375
0.0868374
0.0868374
0.0868374
0.0868374
0.0868374
0.0868374
0.0868373
0.0868373
0.0868373
0.0868372
0.0868372
0.0868372
0.0868371
0.086837
0.086837
0.0936593
0.0936593
0.0936594
0.0936595
0.0936595
0.0936595
0.0936596
0.0936596
0.0936596
0.0936597
0.0936597
0.0936597
0.0936597
0.0936597
0.0936598
0.0936598
0.0936598
0.0936598
0.0936598
0.0936598
0.0936598
0.0936598
0.0936598
0.0936598
0.0936598
0.0936598
0.0936598
0.0936598
0.0936598
0.0936598
0.0936598
0.0936598
0.0936598
0.0936598
0.0936598
0.0936598
0.0936598
0.0936598
0.0936598
0.0936598
0.0936598
0.0936598
0.0936598
0.0936598
0.0936598
0.0936598
0.0936597
0.0936597
0.0936597
0.0936597
0.0936597
0.0936596
0.0936596
0.0936596
0.0936595
0.0936595
0.0936595
0.0936594
0.0936593
0.0936593
0.10069
0.10069
0.10069
0.10069
0.10069
0.10069
0.10069
0.10069
0.10069
0.10069
0.10069
0.10069
0.10069
0.10069
0.10069
0.10069
0.10069
0.10069
0.10069
0.10069
0.10069
0.10069
0.10069
0.10069
0.10069
0.10069
0.10069
0.10069
0.10069
0.10069
0.10069
0.10069
0.10069
0.10069
0.10069
0.10069
0.10069
0.10069
0.10069
0.10069
0.10069
0.10069
0.10069
0.10069
0.10069
0.10069
0.10069
0.10069
0.10069
0.10069
0.10069
0.10069
0.10069
0.10069
0.10069
0.10069
0.10069
0.10069
0.10069
0.10069
0.107934
0.107934
0.107934
0.107934
0.107934
0.107934
0.107934
0.107934
0.107934
0.107934
0.107934
0.107934
0.107934
0.107934
0.107934
0.107934
0.107934
0.107934
0.107934
0.107934
0.107934
0.107934
0.107934
0.107934
0.107934
0.107934
0.107934
0.107934
0.107934
0.107934
0.107934
0.107934
0.107934
0.107934
0.107934
0.107934
0.107934
0.107934
0.107934
0.107934
0.107934
0.107934
0.107934
0.107934
0.107934
0.107934
0.107934
0.107934
0.107934
0.107934
0.107934
0.107934
0.107934
0.107934
0.107934
0.107934
0.107934
0.107934
0.107934
0.107934
0.115397
0.115397
0.115397
0.115397
0.115397
0.115397
0.115397
0.115397
0.115397
0.115397
0.115397
0.115398
0.115398
0.115398
0.115398
0.115398
0.115398
0.115398
0.115398
0.115398
0.115398
0.115398
0.115398
0.115398
0.115398
0.115398
0.115398
0.115398
0.115398
0.115398
0.115398
0.115398
0.115398
0.115398
0.115398
0.115398
0.115398
0.115398
0.115398
0.115398
0.115398
0.115398
0.115398
0.115398
0.115398
0.115398
0.115398
0.115398
0.115398
0.115397
0.115397
0.115397
0.115397
0.115397
0.115397
0.115397
0.115397
0.115397
0.115397
0.115397
0.123086
0.123086
0.123086
0.123086
0.123086
0.123086
0.123086
0.123086
0.123086
0.123087
0.123087
0.123087
0.123087
0.123087
0.123087
0.123087
0.123087
0.123087
0.123087
0.123087
0.123087
0.123087
0.123087
0.123087
0.123087
0.123087
0.123087
0.123087
0.123087
0.123087
0.123087
0.123087
0.123087
0.123087
0.123087
0.123087
0.123087
0.123087
0.123087
0.123087
0.123087
0.123087
0.123087
0.123087
0.123087
0.123087
0.123087
0.123087
0.123087
0.123087
0.123087
0.123086
0.123086
0.123086
0.123086
0.123086
0.123086
0.123086
0.123086
0.123086
0.131007
0.131007
0.131007
0.131007
0.131007
0.131007
0.131008
0.131008
0.131008
0.131008
0.131008
0.131008
0.131008
0.131008
0.131008
0.131008
0.131008
0.131008
0.131008
0.131008
0.131008
0.131008
0.131008
0.131008
0.131008
0.131008
0.131008
0.131008
0.131008
0.131008
0.131008
0.131008
0.131008
0.131008
0.131008
0.131008
0.131008
0.131008
0.131008
0.131008
0.131008
0.131008
0.131008
0.131008
0.131008
0.131008
0.131008
0.131008
0.131008
0.131008
0.131008
0.131008
0.131008
0.131008
0.131007
0.131007
0.131007
0.131007
0.131007
0.131007
0.139167
0.139167
0.139167
0.139167
0.139167
0.139167
0.139167
0.139167
0.139168
0.139168
0.139168
0.139168
0.139168
0.139168
0.139168
0.139168
0.139168
0.139168
0.139168
0.139168
0.139168
0.139168
0.139168
0.139168
0.139168
0.139168
0.139168
0.139168
0.139168
0.139168
0.139168
0.139168
0.139168
0.139168
0.139168
0.139168
0.139168
0.139168
0.139168
0.139168
0.139168
0.139168
0.139168
0.139168
0.139168
0.139168
0.139168
0.139168
0.139168
0.139168
0.139168
0.139168
0.139167
0.139167
0.139167
0.139167
0.139167
0.139167
0.139167
0.139167
0.147573
0.147573
0.147573
0.147573
0.147573
0.147573
0.147573
0.147573
0.147573
0.147573
0.147573
0.147573
0.147573
0.147573
0.147573
0.147573
0.147573
0.147573
0.147573
0.147573
0.147573
0.147573
0.147573
0.147573
0.147573
0.147573
0.147573
0.147573
0.147573
0.147573
0.147573
0.147573
0.147573
0.147573
0.147573
0.147573
0.147573
0.147573
0.147573
0.147573
0.147573
0.147573
0.147573
0.147573
0.147573
0.147573
0.147573
0.147573
0.147573
0.147573
0.147573
0.147573
0.147573
0.147573
0.147573
0.147573
0.147573
0.147573
0.147573
0.147573
0.156231
0.156231
0.156231
0.156232
0.156232
0.156232
0.156232
0.156232
0.156232
0.156232
0.156232
0.156232
0.156232
0.156232
0.156232
0.156232
0.156232
0.156232
0.156232
0.156232
0.156232
0.156232
0.156232
0.156232
0.156232
0.156232
0.156232
0.156232
0.156232
0.156232
0.156232
0.156232
0.156232
0.156232
0.156232
0.156232
0.156232
0.156232
0.156232
0.156232
0.156232
0.156232
0.156232
0.156232
0.156232
0.156232
0.156232
0.156232
0.156232
0.156232
0.156232
0.156232
0.156232
0.156232
0.156232
0.156232
0.156232
0.156231
0.156231
0.156231
0.16515
0.16515
0.16515
0.165151
0.165151
0.165151
0.165151
0.165151
0.165151
0.165151
0.165151
0.165151
0.165151
0.165151
0.165151
0.165151
0.165151
0.165151
0.165151
0.165151
0.165151
0.165151
0.165151
0.165151
0.165151
0.165151
0.165151
0.165151
0.165151
0.165151
0.165151
0.165151
0.165151
0.165151
0.165151
0.165151
0.165151
0.165151
0.165151
0.165151
0.165151
0.165151
0.165151
0.165151
0.165151
0.165151
0.165151
0.165151
0.165151
0.165151
0.165151
0.165151
0.165151
0.165151
0.165151
0.165151
0.165151
0.16515
0.16515
0.16515
0.174337
0.174338
0.174338
0.174338
0.174338
0.174338
0.174338
0.174338
0.174338
0.174338
0.174338
0.174338
0.174338
0.174338
0.174338
0.174338
0.174338
0.174338
0.174338
0.174338
0.174338
0.174338
0.174338
0.174338
0.174338
0.174338
0.174338
0.174338
0.174338
0.174338
0.174338
0.174338
0.174338
0.174338
0.174338
0.174338
0.174338
0.174338
0.174338
0.174338
0.174338
0.174338
0.174338
0.174338
0.174338
0.174338
0.174338
0.174338
0.174338
0.174338
0.174338
0.174338
0.174338
0.174338
0.174338
0.174338
0.174338
0.174338
0.174338
0.174337
0.183801
0.183801
0.183801
0.183801
0.183801
0.183801
0.183801
0.183801
0.183801
0.183801
0.183801
0.183801
0.183801
0.183801
0.183801
0.183801
0.183801
0.183801
0.183801
0.183801
0.183801
0.183801
0.183801
0.183801
0.183801
0.183801
0.183801
0.183801
0.183801
0.183801
0.183801
0.183801
0.183801
0.183801
0.183801
0.183801
0.183801
0.183801
0.183801
0.183801
0.183801
0.183801
0.183801
0.183801
0.183801
0.183801
0.183801
0.183801
0.183801
0.183801
0.183801
0.183801
0.183801
0.183801
0.183801
0.183801
0.183801
0.183801
0.183801
0.183801
0.193548
0.193548
0.193548
0.193548
0.193548
0.193549
0.193549
0.193549
0.193549
0.193549
0.193549
0.193549
0.193549
0.193549
0.193549
0.193549
0.193549
0.193549
0.193549
0.193549
0.193549
0.193549
0.193549
0.193549
0.193549
0.193549
0.193549
0.193549
0.193549
0.193549
0.193549
0.193549
0.193549
0.193549
0.193549
0.193549
0.193549
0.193549
0.193549
0.193549
0.193549
0.193549
0.193549
0.193549
0.193549
0.193549
0.193549
0.193549
0.193549
0.193549
0.193549
0.193549
0.193549
0.193549
0.193549
0.193548
0.193548
0.193548
0.193548
0.193548
0.203588
0.203589
0.203589
0.203589
0.203589
0.203589
0.203589
0.203589
0.203589
0.203589
0.203589
0.203589
0.203589
0.203589
0.203589
0.203589
0.203589
0.203589
0.203589
0.203589
0.203589
0.203589
0.203589
0.203589
0.203589
0.203589
0.203589
0.203589
0.203589
0.203589
0.203589
0.203589
0.203589
0.203589
0.203589
0.203589
0.203589
0.203589
0.203589
0.203589
0.203589
0.203589
0.203589
0.203589
0.203589
0.203589
0.203589
0.203589
0.203589
0.203589
0.203589
0.203589
0.203589
0.203589
0.203589
0.203589
0.203589
0.203589
0.203589
0.203588
0.21393
0.21393
0.21393
0.21393
0.21393
0.213931
0.213931
0.213931
0.213931
0.213931
0.213931
0.213931
0.213931
0.213931
0.213931
0.213931
0.213931
0.213931
0.213931
0.213931
0.213931
0.213931
0.213931
0.213931
0.213931
0.213931
0.213931
0.213931
0.213931
0.213931
0.213931
0.213931
0.213931
0.213931
0.213931
0.213931
0.213931
0.213931
0.213931
0.213931
0.213931
0.213931
0.213931
0.213931
0.213931
0.213931
0.213931
0.213931
0.213931
0.213931
0.213931
0.213931
0.213931
0.213931
0.213931
0.21393
0.21393
0.21393
0.21393
0.21393
0.224582
0.224582
0.224583
0.224583
0.224583
0.224583
0.224583
0.224583
0.224583
0.224583
0.224583
0.224583
0.224583
0.224583
0.224583
0.224583
0.224583
0.224583
0.224583
0.224583
0.224583
0.224583
0.224583
0.224583
0.224583
0.224583
0.224583
0.224583
0.224583
0.224583
0.224583
0.224583
0.224583
0.224583
0.224583
0.224583
0.224583
0.224583
0.224583
0.224583
0.224583
0.224583
0.224583
0.224583
0.224583
0.224583
0.224583
0.224583
0.224583
0.224583
0.224583
0.224583
0.224583
0.224583
0.224583
0.224583
0.224583
0.224583
0.224582
0.224582
0.235554
0.235554
0.235555
0.235555
0.235555
0.235555
0.235555
0.235555
0.235555
0.235555
0.235555
0.235555
0.235555
0.235555
0.235555
0.235555
0.235555
0.235555
0.235555
0.235555
0.235555
0.235555
0.235555
0.235555
0.235555
0.235555
0.235555
0.235555
0.235555
0.235555
0.235555
0.235555
0.235555
0.235555
0.235555
0.235555
0.235555
0.235555
0.235555
0.235555
0.235555
0.235555
0.235555
0.235555
0.235555
0.235555
0.235555
0.235555
0.235555
0.235555
0.235555
0.235555
0.235555
0.235555
0.235555
0.235555
0.235555
0.235555
0.235554
0.235554
0.246856
0.246856
0.246856
0.246856
0.246856
0.246856
0.246856
0.246856
0.246856
0.246856
0.246856
0.246856
0.246856
0.246856
0.246856
0.246856
0.246856
0.246856
0.246856
0.246856
0.246856
0.246856
0.246856
0.246856
0.246856
0.246856
0.246856
0.246856
0.246856
0.246856
0.246856
0.246856
0.246856
0.246856
0.246856
0.246856
0.246856
0.246856
0.246856
0.246856
0.246856
0.246856
0.246856
0.246856
0.246856
0.246856
0.246856
0.246856
0.246856
0.246856
0.246856
0.246856
0.246856
0.246856
0.246856
0.246856
0.246856
0.246856
0.246856
0.246856
0.258496
0.258496
0.258496
0.258497
0.258497
0.258497
0.258497
0.258497
0.258497
0.258497
0.258497
0.258497
0.258497
0.258497
0.258497
0.258497
0.258497
0.258497
0.258497
0.258497
0.258497
0.258497
0.258497
0.258497
0.258497
0.258497
0.258497
0.258497
0.258497
0.258497
0.258497
0.258497
0.258497
0.258497
0.258497
0.258497
0.258497
0.258497
0.258497
0.258497
0.258497
0.258497
0.258497
0.258497
0.258497
0.258497
0.258497
0.258497
0.258497
0.258497
0.258497
0.258497
0.258497
0.258497
0.258497
0.258497
0.258497
0.258496
0.258496
0.258496
0.270486
0.270486
0.270486
0.270486
0.270486
0.270487
0.270487
0.270487
0.270487
0.270487
0.270487
0.270487
0.270487
0.270487
0.270487
0.270487
0.270487
0.270487
0.270487
0.270487
0.270487
0.270487
0.270487
0.270487
0.270487
0.270487
0.270487
0.270487
0.270487
0.270487
0.270487
0.270487
0.270487
0.270487
0.270487
0.270487
0.270487
0.270487
0.270487
0.270487
0.270487
0.270487
0.270487
0.270487
0.270487
0.270487
0.270487
0.270487
0.270487
0.270487
0.270487
0.270487
0.270487
0.270487
0.270487
0.270486
0.270486
0.270486
0.270486
0.270486
0.282836
0.282836
0.282836
0.282836
0.282836
0.282836
0.282836
0.282836
0.282836
0.282836
0.282836
0.282836
0.282836
0.282836
0.282836
0.282836
0.282836
0.282836
0.282836
0.282836
0.282836
0.282836
0.282836
0.282836
0.282836
0.282836
0.282836
0.282836
0.282836
0.282836
0.282836
0.282836
0.282836
0.282836
0.282836
0.282836
0.282836
0.282836
0.282836
0.282836
0.282836
0.282836
0.282836
0.282836
0.282836
0.282836
0.282836
0.282836
0.282836
0.282836
0.282836
0.282836
0.282836
0.282836
0.282836
0.282836
0.282836
0.282836
0.282836
0.282836
0.295556
0.295556
0.295556
0.295556
0.295556
0.295556
0.295557
0.295557
0.295557
0.295557
0.295557
0.295557
0.295557
0.295557
0.295557
0.295557
0.295557
0.295557
0.295557
0.295557
0.295557
0.295557
0.295557
0.295557
0.295557
0.295557
0.295557
0.295557
0.295557
0.295557
0.295557
0.295557
0.295557
0.295557
0.295557
0.295557
0.295557
0.295557
0.295557
0.295557
0.295557
0.295557
0.295557
0.295557
0.295557
0.295557
0.295557
0.295557
0.295557
0.295557
0.295557
0.295557
0.295557
0.295557
0.295556
0.295556
0.295556
0.295556
0.295556
0.295556
0.308658
0.308658
0.308658
0.308658
0.308658
0.308658
0.308658
0.308659
0.308659
0.308659
0.308659
0.308659
0.308659
0.308659
0.308659
0.308659
0.308659
0.308659
0.308659
0.308659
0.308659
0.308659
0.308659
0.308659
0.308659
0.308659
0.308659
0.308659
0.308659
0.308659
0.308659
0.308659
0.308659
0.308659
0.308659
0.308659
0.308659
0.308659
0.308659
0.308659
0.308659
0.308659
0.308659
0.308659
0.308659
0.308659
0.308659
0.308659
0.308659
0.308659
0.308659
0.308659
0.308659
0.308658
0.308658
0.308658
0.308658
0.308658
0.308658
0.308658
0.322153
0.322153
0.322153
0.322153
0.322153
0.322154
0.322154
0.322154
0.322154
0.322154
0.322154
0.322154
0.322154
0.322154
0.322154
0.322154
0.322154
0.322154
0.322154
0.322154
0.322154
0.322154
0.322154
0.322154
0.322154
0.322154
0.322154
0.322154
0.322154
0.322154
0.322154
0.322154
0.322154
0.322154
0.322154
0.322154
0.322154
0.322154
0.322154
0.322154
0.322154
0.322154
0.322154
0.322154
0.322154
0.322154
0.322154
0.322154
0.322154
0.322154
0.322154
0.322154
0.322154
0.322154
0.322154
0.322153
0.322153
0.322153
0.322153
0.322153
0.336053
0.336053
0.336053
0.336053
0.336053
0.336054
0.336054
0.336054
0.336054
0.336054
0.336054
0.336054
0.336054
0.336054
0.336054
0.336054
0.336054
0.336054
0.336054
0.336054
0.336054
0.336054
0.336054
0.336054
0.336054
0.336054
0.336054
0.336054
0.336054
0.336054
0.336054
0.336054
0.336054
0.336054
0.336054
0.336054
0.336054
0.336054
0.336054
0.336054
0.336054
0.336054
0.336054
0.336054
0.336054
0.336054
0.336054
0.336054
0.336054
0.336054
0.336054
0.336054
0.336054
0.336054
0.336054
0.336053
0.336053
0.336053
0.336053
0.336053
0.35037
0.35037
0.35037
0.35037
0.350371
0.350371
0.350371
0.350371
0.350371
0.350371
0.350371
0.350371
0.350371
0.350371
0.350371
0.350371
0.350371
0.350371
0.350371
0.350371
0.350371
0.350371
0.350371
0.350371
0.350371
0.350371
0.350371
0.350371
0.350371
0.350371
0.350371
0.350371
0.350371
0.350371
0.350371
0.350371
0.350371
0.350371
0.350371
0.350371
0.350371
0.350371
0.350371
0.350371
0.350371
0.350371
0.350371
0.350371
0.350371
0.350371
0.350371
0.350371
0.350371
0.350371
0.350371
0.350371
0.35037
0.35037
0.35037
0.35037
0.365117
0.365117
0.365117
0.365117
0.365117
0.365117
0.365117
0.365117
0.365117
0.365117
0.365117
0.365117
0.365117
0.365117
0.365117
0.365117
0.365117
0.365117
0.365117
0.365117
0.365117
0.365117
0.365117
0.365117
0.365117
0.365117
0.365117
0.365117
0.365117
0.365117
0.365117
0.365117
0.365117
0.365117
0.365117
0.365117
0.365117
0.365117
0.365117
0.365117
0.365117
0.365117
0.365117
0.365117
0.365117
0.365117
0.365117
0.365117
0.365117
0.365117
0.365117
0.365117
0.365117
0.365117
0.365117
0.365117
0.365117
0.365117
0.365117
0.365117
0.380306
0.380306
0.380306
0.380306
0.380306
0.380306
0.380306
0.380306
0.380306
0.380306
0.380306
0.380306
0.380306
0.380306
0.380306
0.380306
0.380306
0.380306
0.380306
0.380306
0.380306
0.380306
0.380306
0.380306
0.380306
0.380306
0.380306
0.380306
0.380306
0.380306
0.380306
0.380306
0.380306
0.380306
0.380306
0.380306
0.380306
0.380306
0.380306
0.380306
0.380306
0.380306
0.380306
0.380306
0.380306
0.380306
0.380306
0.380306
0.380306
0.380306
0.380306
0.380306
0.380306
0.380306
0.380306
0.380306
0.380306
0.380306
0.380306
0.380306
0.395951
0.395951
0.395951
0.395951
0.395951
0.395951
0.395951
0.395951
0.395951
0.395951
0.395951
0.395951
0.395951
0.395951
0.395951
0.395951
0.395951
0.395951
0.395951
0.395951
0.395951
0.395951
0.395951
0.395951
0.395951
0.395951
0.395951
0.395951
0.395951
0.395951
0.395951
0.395951
0.395951
0.395951
0.395951
0.395951
0.395951
0.395951
0.395951
0.395951
0.395951
0.395951
0.395951
0.395951
0.395951
0.395951
0.395951
0.395951
0.395951
0.395951
0.395951
0.395951
0.395951
0.395951
0.395951
0.395951
0.395951
0.395951
0.395951
0.395951
0.412065
0.412065
0.412065
0.412065
0.412065
0.412065
0.412065
0.412066
0.412066
0.412066
0.412066
0.412066
0.412066
0.412066
0.412066
0.412066
0.412065
0.412065
0.412065
0.412065
0.412065
0.412065
0.412065
0.412065
0.412065
0.412065
0.412065
0.412065
0.412065
0.412065
0.412065
0.412065
0.412065
0.412065
0.412065
0.412065
0.412065
0.412065
0.412065
0.412065
0.412065
0.412065
0.412065
0.412065
0.412066
0.412066
0.412066
0.412066
0.412066
0.412066
0.412066
0.412066
0.412066
0.412065
0.412065
0.412065
0.412065
0.412065
0.412065
0.412065
0.428663
0.428663
0.428663
0.428663
0.428663
0.428663
0.428663
0.428663
0.428663
0.428663
0.428663
0.428663
0.428663
0.428663
0.428663
0.428663
0.428663
0.428663
0.428663
0.428663
0.428663
0.428663
0.428663
0.428663
0.428663
0.428663
0.428663
0.428663
0.428663
0.428663
0.428663
0.428663
0.428663
0.428663
0.428663
0.428663
0.428663
0.428663
0.428663
0.428663
0.428663
0.428663
0.428663
0.428663
0.428663
0.428663
0.428663
0.428663
0.428663
0.428663
0.428663
0.428663
0.428663
0.428663
0.428663
0.428663
0.428663
0.428663
0.428663
0.428663
0.445759
0.445759
0.445759
0.445759
0.445759
0.445759
0.445759
0.445759
0.445759
0.445759
0.445759
0.445759
0.445759
0.445759
0.445759
0.445759
0.445759
0.445759
0.445759
0.445759
0.445759
0.445759
0.445759
0.445759
0.445759
0.445759
0.445759
0.445759
0.445759
0.445759
0.445759
0.445759
0.445759
0.445759
0.445759
0.445759
0.445759
0.445759
0.445759
0.445759
0.445759
0.445759
0.445759
0.445759
0.445759
0.445759
0.445759
0.445759
0.445759
0.445759
0.445759
0.445759
0.445759
0.445759
0.445759
0.445759
0.445759
0.445759
0.445759
0.445759
0.463368
0.463368
0.463368
0.463368
0.463368
0.463368
0.463368
0.463368
0.463368
0.463368
0.463368
0.463368
0.463368
0.463368
0.463368
0.463368
0.463368
0.463368
0.463368
0.463367
0.463367
0.463367
0.463367
0.463367
0.463367
0.463367
0.463367
0.463367
0.463367
0.463367
0.463367
0.463367
0.463367
0.463367
0.463367
0.463367
0.463367
0.463367
0.463367
0.463367
0.463367
0.463368
0.463368
0.463368
0.463368
0.463368
0.463368
0.463368
0.463368
0.463368
0.463368
0.463368
0.463368
0.463368
0.463368
0.463368
0.463368
0.463368
0.463368
0.463368
0.481505
0.481505
0.481505
0.481505
0.481505
0.481505
0.481505
0.481505
0.481505
0.481505
0.481505
0.481505
0.481505
0.481505
0.481505
0.481505
0.481505
0.481504
0.481504
0.481504
0.481504
0.481504
0.481504
0.481504
0.481504
0.481504
0.481504
0.481504
0.481504
0.481504
0.481504
0.481504
0.481504
0.481504
0.481504
0.481504
0.481504
0.481504
0.481504
0.481504
0.481504
0.481504
0.481504
0.481505
0.481505
0.481505
0.481505
0.481505
0.481505
0.481505
0.481505
0.481505
0.481505
0.481505
0.481505
0.481505
0.481505
0.481505
0.481505
0.481505
0.500186
0.500186
0.500186
0.500186
0.500186
0.500186
0.500186
0.500186
0.500186
0.500186
0.500186
0.500186
0.500186
0.500186
0.500186
0.500186
0.500186
0.500186
0.500186
0.500186
0.500186
0.500186
0.500186
0.500186
0.500186
0.500186
0.500186
0.500186
0.500186
0.500186
0.500186
0.500186
0.500186
0.500186
0.500186
0.500186
0.500186
0.500186
0.500186
0.500186
0.500186
0.500186
0.500186
0.500186
0.500186
0.500186
0.500186
0.500186
0.500186
0.500186
0.500186
0.500186
0.500186
0.500186
0.500186
0.500186
0.500186
0.500186
0.500186
0.500186
0.519428
0.519428
0.519428
0.519428
0.519428
0.519428
0.519428
0.519428
0.519428
0.519428
0.519428
0.519427
0.519427
0.519427
0.519427
0.519427
0.519427
0.519427
0.519427
0.519427
0.519427
0.519427
0.519427
0.519427
0.519427
0.519427
0.519427
0.519427
0.519427
0.519427
0.519427
0.519427
0.519427
0.519427
0.519427
0.519427
0.519427
0.519427
0.519427
0.519427
0.519427
0.519427
0.519427
0.519427
0.519427
0.519427
0.519427
0.519427
0.519427
0.519428
0.519428
0.519428
0.519428
0.519428
0.519428
0.519428
0.519428
0.519428
0.519428
0.519428
0.539247
0.539247
0.539247
0.539247
0.539247
0.539247
0.539247
0.539247
0.539247
0.539247
0.539247
0.539247
0.539246
0.539246
0.539246
0.539246
0.539246
0.539246
0.539246
0.539246
0.539246
0.539246
0.539246
0.539246
0.539246
0.539246
0.539246
0.539246
0.539246
0.539246
0.539246
0.539246
0.539246
0.539246
0.539246
0.539246
0.539246
0.539246
0.539246
0.539246
0.539246
0.539246
0.539246
0.539246
0.539246
0.539246
0.539246
0.539246
0.539247
0.539247
0.539247
0.539247
0.539247
0.539247
0.539247
0.539247
0.539247
0.539247
0.539247
0.539247
0.559661
0.559661
0.559661
0.559661
0.55966
0.55966
0.55966
0.55966
0.55966
0.55966
0.55966
0.55966
0.55966
0.55966
0.55966
0.55966
0.55966
0.55966
0.55966
0.55966
0.55966
0.55966
0.55966
0.55966
0.55966
0.55966
0.55966
0.55966
0.55966
0.55966
0.55966
0.55966
0.55966
0.55966
0.55966
0.55966
0.55966
0.55966
0.55966
0.55966
0.55966
0.55966
0.55966
0.55966
0.55966
0.55966
0.55966
0.55966
0.55966
0.55966
0.55966
0.55966
0.55966
0.55966
0.55966
0.55966
0.559661
0.559661
0.559661
0.559661
0.580687
0.580687
0.580687
0.580687
0.580687
0.580687
0.580687
0.580687
0.580687
0.580687
0.580686
0.580686
0.580686
0.580686
0.580686
0.580686
0.580686
0.580686
0.580686
0.580686
0.580686
0.580686
0.580686
0.580686
0.580686
0.580686
0.580686
0.580686
0.580686
0.580686
0.580686
0.580686
0.580686
0.580686
0.580686
0.580686
0.580686
0.580686
0.580686
0.580686
0.580686
0.580686
0.580686
0.580686
0.580686
0.580686
0.580686
0.580686
0.580686
0.580686
0.580687
0.580687
0.580687
0.580687
0.580687
0.580687
0.580687
0.580687
0.580687
0.580687
0.602345
0.602344
0.602344
0.602344
0.602344
0.602344
0.602344
0.602344
0.602344
0.602344
0.602344
0.602344
0.602343
0.602343
0.602343
0.602343
0.602343
0.602343
0.602343
0.602343
0.602343
0.602343
0.602343
0.602343
0.602343
0.602343
0.602343
0.602343
0.602343
0.602343
0.602343
0.602343
0.602343
0.602343
0.602343
0.602343
0.602343
0.602343
0.602343
0.602343
0.602343
0.602343
0.602343
0.602343
0.602343
0.602343
0.602343
0.602343
0.602344
0.602344
0.602344
0.602344
0.602344
0.602344
0.602344
0.602344
0.602344
0.602344
0.602344
0.602345
0.624652
0.624651
0.624651
0.624651
0.624651
0.624651
0.624651
0.624651
0.624651
0.624651
0.62465
0.62465
0.62465
0.62465
0.62465
0.62465
0.62465
0.62465
0.62465
0.62465
0.62465
0.62465
0.62465
0.62465
0.62465
0.62465
0.62465
0.62465
0.62465
0.62465
0.62465
0.62465
0.62465
0.62465
0.62465
0.62465
0.62465
0.62465
0.62465
0.62465
0.62465
0.62465
0.62465
0.62465
0.62465
0.62465
0.62465
0.62465
0.62465
0.62465
0.624651
0.624651
0.624651
0.624651
0.624651
0.624651
0.624651
0.624651
0.624651
0.624652
0.647628
0.647628
0.647627
0.647627
0.647627
0.647627
0.647627
0.647627
0.647627
0.647627
0.647627
0.647627
0.647627
0.647626
0.647626
0.647626
0.647626
0.647626
0.647626
0.647626
0.647626
0.647626
0.647626
0.647626
0.647626
0.647626
0.647626
0.647626
0.647626
0.647626
0.647626
0.647626
0.647626
0.647626
0.647626
0.647626
0.647626
0.647626
0.647626
0.647626
0.647626
0.647626
0.647626
0.647626
0.647626
0.647626
0.647626
0.647627
0.647627
0.647627
0.647627
0.647627
0.647627
0.647627
0.647627
0.647627
0.647627
0.647627
0.647628
0.647628
0.671294
0.671293
0.671293
0.671293
0.671293
0.671293
0.671293
0.671293
0.671292
0.671292
0.671292
0.671292
0.671292
0.671292
0.671292
0.671292
0.671292
0.671292
0.671292
0.671292
0.671292
0.671292
0.671292
0.671292
0.671292
0.671292
0.671292
0.671292
0.671292
0.671292
0.671292
0.671292
0.671292
0.671292
0.671292
0.671292
0.671292
0.671292
0.671292
0.671292
0.671292
0.671292
0.671292
0.671292
0.671292
0.671292
0.671292
0.671292
0.671292
0.671292
0.671292
0.671292
0.671293
0.671293
0.671293
0.671293
0.671293
0.671293
0.671293
0.671294
0.69567
0.695669
0.695669
0.695669
0.695669
0.695668
0.695668
0.695668
0.695668
0.695668
0.695668
0.695668
0.695668
0.695668
0.695668
0.695667
0.695667
0.695667
0.695667
0.695667
0.695667
0.695667
0.695667
0.695667
0.695667
0.695667
0.695667
0.695667
0.695667
0.695667
0.695667
0.695667
0.695667
0.695667
0.695667
0.695667
0.695667
0.695667
0.695667
0.695667
0.695667
0.695667
0.695667
0.695667
0.695667
0.695668
0.695668
0.695668
0.695668
0.695668
0.695668
0.695668
0.695668
0.695668
0.695668
0.695669
0.695669
0.695669
0.695669
0.69567
0.720777
0.720776
0.720776
0.720776
0.720775
0.720775
0.720775
0.720775
0.720775
0.720775
0.720775
0.720774
0.720774
0.720774
0.720774
0.720774
0.720774
0.720774
0.720774
0.720774
0.720774
0.720774
0.720774
0.720774
0.720774
0.720774
0.720774
0.720774
0.720774
0.720774
0.720774
0.720774
0.720774
0.720774
0.720774
0.720774
0.720774
0.720774
0.720774
0.720774
0.720774
0.720774
0.720774
0.720774
0.720774
0.720774
0.720774
0.720774
0.720774
0.720775
0.720775
0.720775
0.720775
0.720775
0.720775
0.720775
0.720776
0.720776
0.720776
0.720777
0.746637
0.746636
0.746636
0.746635
0.746635
0.746635
0.746635
0.746634
0.746634
0.746634
0.746634
0.746634
0.746634
0.746634
0.746634
0.746634
0.746634
0.746634
0.746634
0.746633
0.746633
0.746633
0.746633
0.746633
0.746633
0.746633
0.746633
0.746633
0.746633
0.746633
0.746633
0.746633
0.746633
0.746633
0.746633
0.746633
0.746633
0.746633
0.746633
0.746633
0.746633
0.746634
0.746634
0.746634
0.746634
0.746634
0.746634
0.746634
0.746634
0.746634
0.746634
0.746634
0.746634
0.746635
0.746635
0.746635
0.746635
0.746636
0.746636
0.746637
0.77327
0.77327
0.77327
0.773269
0.773269
0.773269
0.773269
0.773268
0.773268
0.773268
0.773268
0.773268
0.773268
0.773268
0.773268
0.773268
0.773268
0.773268
0.773267
0.773267
0.773267
0.773267
0.773267
0.773267
0.773267
0.773267
0.773267
0.773267
0.773267
0.773267
0.773267
0.773267
0.773267
0.773267
0.773267
0.773267
0.773267
0.773267
0.773267
0.773267
0.773267
0.773267
0.773268
0.773268
0.773268
0.773268
0.773268
0.773268
0.773268
0.773268
0.773268
0.773268
0.773268
0.773269
0.773269
0.773269
0.773269
0.77327
0.77327
0.77327
0.800699
0.8007
0.800699
0.800699
0.800699
0.800698
0.800698
0.800698
0.800698
0.800698
0.800698
0.800697
0.800697
0.800697
0.800697
0.800697
0.800697
0.800697
0.800697
0.800697
0.800697
0.800697
0.800697
0.800697
0.800697
0.800697
0.800697
0.800697
0.800697
0.800697
0.800697
0.800697
0.800697
0.800697
0.800697
0.800697
0.800697
0.800697
0.800697
0.800697
0.800697
0.800697
0.800697
0.800697
0.800697
0.800697
0.800697
0.800697
0.800697
0.800698
0.800698
0.800698
0.800698
0.800698
0.800698
0.800699
0.800699
0.800699
0.8007
0.800699
0.828942
0.828944
0.828944
0.828944
0.828943
0.828943
0.828942
0.828942
0.828942
0.828942
0.828942
0.828942
0.828942
0.828941
0.828941
0.828941
0.828941
0.828941
0.828941
0.828941
0.828941
0.828941
0.828941
0.828941
0.828941
0.828941
0.828941
0.828941
0.828941
0.828941
0.828941
0.828941
0.828941
0.828941
0.828941
0.828941
0.828941
0.828941
0.828941
0.828941
0.828941
0.828941
0.828941
0.828941
0.828941
0.828941
0.828941
0.828942
0.828942
0.828942
0.828942
0.828942
0.828942
0.828942
0.828943
0.828943
0.828944
0.828944
0.828944
0.828942
0.858014
0.858019
0.85802
0.85802
0.858019
0.858019
0.858018
0.858018
0.858018
0.858018
0.858018
0.858018
0.858017
0.858017
0.858017
0.858017
0.858017
0.858017
0.858017
0.858017
0.858017
0.858017
0.858017
0.858017
0.858017
0.858017
0.858017
0.858017
0.858017
0.858017
0.858017
0.858017
0.858017
0.858017
0.858017
0.858017
0.858017
0.858017
0.858017
0.858017
0.858017
0.858017
0.858017
0.858017
0.858017
0.858017
0.858017
0.858017
0.858018
0.858018
0.858018
0.858018
0.858018
0.858018
0.858019
0.858019
0.85802
0.85802
0.858019
0.858014
0.88793
0.887941
0.887944
0.887943
0.887942
0.887942
0.887941
0.887941
0.887941
0.887941
0.887941
0.88794
0.88794
0.88794
0.88794
0.88794
0.88794
0.88794
0.88794
0.88794
0.88794
0.88794
0.88794
0.88794
0.88794
0.88794
0.88794
0.88794
0.88794
0.88794
0.88794
0.88794
0.88794
0.88794
0.88794
0.88794
0.88794
0.88794
0.88794
0.88794
0.88794
0.88794
0.88794
0.88794
0.88794
0.88794
0.88794
0.88794
0.88794
0.887941
0.887941
0.887941
0.887941
0.887941
0.887942
0.887942
0.887943
0.887944
0.887941
0.88793
0.918706
0.918725
0.918729
0.918729
0.918728
0.918727
0.918727
0.918727
0.918727
0.918727
0.918727
0.918726
0.918726
0.918726
0.918726
0.918726
0.918726
0.918726
0.918726
0.918726
0.918726
0.918726
0.918726
0.918726
0.918726
0.918726
0.918726
0.918726
0.918726
0.918726
0.918726
0.918726
0.918726
0.918726
0.918726
0.918726
0.918726
0.918726
0.918726
0.918726
0.918726
0.918726
0.918726
0.918726
0.918726
0.918726
0.918726
0.918726
0.918726
0.918727
0.918727
0.918727
0.918727
0.918727
0.918727
0.918728
0.918729
0.918729
0.918725
0.918706
0.950369
0.950399
0.950409
0.95041
0.950409
0.950409
0.950409
0.950409
0.950409
0.950409
0.950409
0.950409
0.950409
0.950409
0.950409
0.950409
0.950409
0.950409
0.950409
0.950409
0.950409
0.950409
0.950409
0.950409
0.950409
0.950409
0.950408
0.950408
0.950408
0.950408
0.950408
0.950408
0.950408
0.950408
0.950409
0.950409
0.950409
0.950409
0.950409
0.950409
0.950409
0.950409
0.950409
0.950409
0.950409
0.950409
0.950409
0.950409
0.950409
0.950409
0.950409
0.950409
0.950409
0.950409
0.950409
0.950409
0.95041
0.950409
0.950399
0.950369
0.983091
0.983129
0.983145
0.983148
0.983147
0.983147
0.983147
0.983147
0.983147
0.983147
0.983147
0.983147
0.983147
0.983147
0.983147
0.983147
0.983147
0.983147
0.983147
0.983147
0.983147
0.983147
0.983147
0.983147
0.983147
0.983147
0.983147
0.983147
0.983147
0.983147
0.983147
0.983147
0.983147
0.983147
0.983147
0.983147
0.983147
0.983147
0.983147
0.983147
0.983147
0.983147
0.983147
0.983147
0.983147
0.983147
0.983147
0.983147
0.983147
0.983147
0.983147
0.983147
0.983147
0.983147
0.983147
0.983147
0.983148
0.983145
0.983129
0.983091
)
;

boundaryField
{
    top
    {
        type            fixedValue;
        value           uniform 1;
    }
    bottom
    {
        type            fixedValue;
        value           uniform 1;
    }
    wall
    {
        type            zeroGradient;
    }
    frontAndBack
    {
        type            empty;
    }
}


// ************************************************************************* //
