/*--------------------------------*- C++ -*----------------------------------*\
| =========                 |                                                 |
| \\      /  F ield         | foam-extend: Open Source CFD                    |
|  \\    /   O peration     | Version:     4.0                                |
|   \\  /    A nd           | Web:         http://www.foam-extend.org         |
|    \\/     M anipulation  |                                                 |
\*---------------------------------------------------------------------------*/
FoamFile
{
    version     2.0;
    format      ascii;
    class       volScalarField;
    location    "970";
    object      cPlus;
}
// * * * * * * * * * * * * * * * * * * * * * * * * * * * * * * * * * * * * * //

dimensions      [0 0 0 0 0 0 0];

internalField   nonuniform List<scalar> 
6960
(
0.471836
0.471875
0.471887
0.471892
0.471896
0.471899
0.471901
0.471902
0.471903
0.471904
0.471905
0.471905
0.471906
0.471906
0.471906
0.471906
0.471907
0.471907
0.471907
0.471907
0.471907
0.471907
0.471907
0.471908
0.471908
0.471908
0.471908
0.471908
0.471908
0.471908
0.471908
0.471908
0.471908
0.471908
0.471908
0.471908
0.471908
0.471907
0.471907
0.471907
0.471907
0.471907
0.471907
0.471907
0.471906
0.471906
0.471906
0.471906
0.471905
0.471905
0.471904
0.471903
0.471902
0.471901
0.471899
0.471896
0.471892
0.471887
0.471875
0.471836
0.293739
0.2938
0.293815
0.293822
0.293826
0.293828
0.29383
0.293832
0.293833
0.293834
0.293835
0.293835
0.293836
0.293836
0.293836
0.293837
0.293837
0.293837
0.293837
0.293837
0.293838
0.293838
0.293838
0.293838
0.293838
0.293838
0.293838
0.293838
0.293838
0.293838
0.293838
0.293838
0.293838
0.293838
0.293838
0.293838
0.293838
0.293838
0.293838
0.293838
0.293837
0.293837
0.293837
0.293837
0.293837
0.293836
0.293836
0.293836
0.293835
0.293835
0.293834
0.293833
0.293832
0.29383
0.293828
0.293826
0.293822
0.293815
0.2938
0.293739
0.253695
0.253775
0.253793
0.2538
0.253804
0.253807
0.253809
0.25381
0.253811
0.253812
0.253813
0.253814
0.253814
0.253814
0.253815
0.253815
0.253815
0.253815
0.253816
0.253816
0.253816
0.253816
0.253816
0.253816
0.253816
0.253816
0.253816
0.253816
0.253816
0.253816
0.253816
0.253816
0.253816
0.253816
0.253816
0.253816
0.253816
0.253816
0.253816
0.253816
0.253816
0.253816
0.253815
0.253815
0.253815
0.253815
0.253814
0.253814
0.253814
0.253813
0.253812
0.253811
0.25381
0.253809
0.253807
0.253804
0.2538
0.253793
0.253775
0.253695
0.256811
0.25691
0.25693
0.256938
0.256942
0.256945
0.256947
0.256949
0.25695
0.256951
0.256952
0.256952
0.256953
0.256953
0.256953
0.256954
0.256954
0.256954
0.256954
0.256954
0.256954
0.256954
0.256955
0.256955
0.256955
0.256955
0.256955
0.256955
0.256955
0.256955
0.256955
0.256955
0.256955
0.256955
0.256955
0.256955
0.256955
0.256955
0.256954
0.256954
0.256954
0.256954
0.256954
0.256954
0.256954
0.256953
0.256953
0.256953
0.256952
0.256952
0.256951
0.25695
0.256949
0.256947
0.256945
0.256942
0.256938
0.25693
0.25691
0.256811
0.278024
0.278141
0.278164
0.278172
0.278177
0.278179
0.278182
0.278183
0.278184
0.278185
0.278186
0.278186
0.278187
0.278187
0.278187
0.278188
0.278188
0.278188
0.278188
0.278188
0.278189
0.278189
0.278189
0.278189
0.278189
0.278189
0.278189
0.278189
0.278189
0.278189
0.278189
0.278189
0.278189
0.278189
0.278189
0.278189
0.278189
0.278189
0.278189
0.278189
0.278188
0.278188
0.278188
0.278188
0.278188
0.278187
0.278187
0.278187
0.278186
0.278186
0.278185
0.278184
0.278183
0.278182
0.278179
0.278177
0.278172
0.278164
0.278141
0.278024
0.307753
0.307887
0.307913
0.307921
0.307926
0.307929
0.307931
0.307933
0.307934
0.307934
0.307935
0.307936
0.307936
0.307937
0.307937
0.307937
0.307937
0.307938
0.307938
0.307938
0.307938
0.307938
0.307938
0.307938
0.307938
0.307938
0.307938
0.307938
0.307938
0.307938
0.307938
0.307938
0.307938
0.307938
0.307938
0.307938
0.307938
0.307938
0.307938
0.307938
0.307938
0.307938
0.307938
0.307937
0.307937
0.307937
0.307937
0.307936
0.307936
0.307935
0.307934
0.307934
0.307933
0.307931
0.307929
0.307926
0.307921
0.307913
0.307887
0.307753
0.341399
0.341549
0.341576
0.341585
0.34159
0.341593
0.341595
0.341596
0.341597
0.341598
0.341599
0.341599
0.3416
0.3416
0.3416
0.341601
0.341601
0.341601
0.341601
0.341601
0.341601
0.341601
0.341601
0.341602
0.341602
0.341602
0.341602
0.341602
0.341602
0.341602
0.341602
0.341602
0.341602
0.341602
0.341602
0.341602
0.341602
0.341601
0.341601
0.341601
0.341601
0.341601
0.341601
0.341601
0.341601
0.3416
0.3416
0.3416
0.341599
0.341599
0.341598
0.341597
0.341596
0.341595
0.341593
0.34159
0.341585
0.341576
0.341549
0.341399
0.376511
0.376674
0.376704
0.376712
0.376717
0.37672
0.376722
0.376723
0.376724
0.376725
0.376725
0.376726
0.376726
0.376727
0.376727
0.376727
0.376727
0.376727
0.376728
0.376728
0.376728
0.376728
0.376728
0.376728
0.376728
0.376728
0.376728
0.376728
0.376728
0.376728
0.376728
0.376728
0.376728
0.376728
0.376728
0.376728
0.376728
0.376728
0.376728
0.376728
0.376728
0.376728
0.376727
0.376727
0.376727
0.376727
0.376727
0.376726
0.376726
0.376725
0.376725
0.376724
0.376723
0.376722
0.37672
0.376717
0.376712
0.376704
0.376674
0.376511
0.411759
0.411934
0.411965
0.411974
0.411978
0.411981
0.411983
0.411984
0.411985
0.411986
0.411986
0.411987
0.411987
0.411987
0.411988
0.411988
0.411988
0.411988
0.411988
0.411988
0.411989
0.411989
0.411989
0.411989
0.411989
0.411989
0.411989
0.411989
0.411989
0.411989
0.411989
0.411989
0.411989
0.411989
0.411989
0.411989
0.411989
0.411989
0.411989
0.411989
0.411988
0.411988
0.411988
0.411988
0.411988
0.411988
0.411987
0.411987
0.411987
0.411986
0.411986
0.411985
0.411984
0.411983
0.411981
0.411978
0.411974
0.411965
0.411934
0.411759
0.446434
0.44662
0.446653
0.446662
0.446666
0.446668
0.44667
0.446671
0.446672
0.446673
0.446673
0.446674
0.446674
0.446674
0.446675
0.446675
0.446675
0.446675
0.446675
0.446675
0.446675
0.446675
0.446676
0.446676
0.446676
0.446676
0.446676
0.446676
0.446676
0.446676
0.446676
0.446676
0.446676
0.446676
0.446676
0.446676
0.446676
0.446676
0.446675
0.446675
0.446675
0.446675
0.446675
0.446675
0.446675
0.446675
0.446674
0.446674
0.446674
0.446673
0.446673
0.446672
0.446671
0.44667
0.446668
0.446666
0.446662
0.446653
0.44662
0.446434
0.480167
0.480362
0.480396
0.480405
0.480409
0.480411
0.480413
0.480414
0.480415
0.480415
0.480416
0.480416
0.480417
0.480417
0.480417
0.480417
0.480417
0.480418
0.480418
0.480418
0.480418
0.480418
0.480418
0.480418
0.480418
0.480418
0.480418
0.480418
0.480418
0.480418
0.480418
0.480418
0.480418
0.480418
0.480418
0.480418
0.480418
0.480418
0.480418
0.480418
0.480418
0.480418
0.480418
0.480417
0.480417
0.480417
0.480417
0.480417
0.480416
0.480416
0.480415
0.480415
0.480414
0.480413
0.480411
0.480409
0.480405
0.480396
0.480362
0.480167
0.512764
0.512967
0.513003
0.513011
0.513015
0.513017
0.513019
0.51302
0.51302
0.513021
0.513021
0.513022
0.513022
0.513022
0.513023
0.513023
0.513023
0.513023
0.513023
0.513023
0.513023
0.513023
0.513023
0.513023
0.513023
0.513024
0.513024
0.513024
0.513024
0.513024
0.513024
0.513024
0.513024
0.513024
0.513024
0.513023
0.513023
0.513023
0.513023
0.513023
0.513023
0.513023
0.513023
0.513023
0.513023
0.513023
0.513022
0.513022
0.513022
0.513021
0.513021
0.51302
0.51302
0.513019
0.513017
0.513015
0.513011
0.513003
0.512967
0.512764
0.544124
0.544334
0.544371
0.544379
0.544383
0.544385
0.544386
0.544387
0.544388
0.544388
0.544389
0.544389
0.544389
0.544389
0.54439
0.54439
0.54439
0.54439
0.54439
0.54439
0.54439
0.54439
0.54439
0.54439
0.54439
0.54439
0.54439
0.54439
0.54439
0.544391
0.544391
0.54439
0.54439
0.54439
0.54439
0.54439
0.54439
0.54439
0.54439
0.54439
0.54439
0.54439
0.54439
0.54439
0.54439
0.54439
0.544389
0.544389
0.544389
0.544389
0.544388
0.544388
0.544387
0.544386
0.544385
0.544383
0.544379
0.544371
0.544334
0.544124
0.574193
0.574409
0.574447
0.574456
0.574459
0.574461
0.574462
0.574463
0.574464
0.574464
0.574464
0.574465
0.574465
0.574465
0.574465
0.574465
0.574466
0.574466
0.574466
0.574466
0.574466
0.574466
0.574466
0.574466
0.574466
0.574466
0.574466
0.574466
0.574466
0.574466
0.574466
0.574466
0.574466
0.574466
0.574466
0.574466
0.574466
0.574466
0.574466
0.574466
0.574466
0.574466
0.574466
0.574466
0.574465
0.574465
0.574465
0.574465
0.574465
0.574464
0.574464
0.574464
0.574463
0.574462
0.574461
0.574459
0.574456
0.574447
0.574409
0.574193
0.602947
0.603167
0.603207
0.603215
0.603218
0.60322
0.603221
0.603222
0.603222
0.603223
0.603223
0.603223
0.603224
0.603224
0.603224
0.603224
0.603224
0.603224
0.603224
0.603224
0.603225
0.603225
0.603225
0.603225
0.603225
0.603225
0.603225
0.603225
0.603225
0.603225
0.603225
0.603225
0.603225
0.603225
0.603225
0.603225
0.603225
0.603225
0.603225
0.603225
0.603224
0.603224
0.603224
0.603224
0.603224
0.603224
0.603224
0.603224
0.603223
0.603223
0.603223
0.603222
0.603222
0.603221
0.60322
0.603218
0.603215
0.603207
0.603167
0.602947
0.630375
0.630599
0.63064
0.630648
0.630651
0.630653
0.630654
0.630654
0.630655
0.630655
0.630656
0.630656
0.630656
0.630656
0.630656
0.630657
0.630657
0.630657
0.630657
0.630657
0.630657
0.630657
0.630657
0.630657
0.630657
0.630657
0.630657
0.630657
0.630657
0.630657
0.630657
0.630657
0.630657
0.630657
0.630657
0.630657
0.630657
0.630657
0.630657
0.630657
0.630657
0.630657
0.630657
0.630657
0.630657
0.630656
0.630656
0.630656
0.630656
0.630656
0.630655
0.630655
0.630654
0.630654
0.630653
0.630651
0.630648
0.63064
0.630599
0.630375
0.65648
0.656707
0.656749
0.656758
0.65676
0.656762
0.656763
0.656763
0.656764
0.656764
0.656764
0.656765
0.656765
0.656765
0.656765
0.656765
0.656765
0.656765
0.656765
0.656765
0.656765
0.656765
0.656766
0.656766
0.656766
0.656766
0.656766
0.656766
0.656766
0.656766
0.656766
0.656766
0.656766
0.656766
0.656766
0.656766
0.656766
0.656766
0.656765
0.656765
0.656765
0.656765
0.656765
0.656765
0.656765
0.656765
0.656765
0.656765
0.656765
0.656764
0.656764
0.656764
0.656763
0.656763
0.656762
0.65676
0.656758
0.656749
0.656707
0.65648
0.681273
0.681502
0.681545
0.681553
0.681556
0.681557
0.681558
0.681559
0.681559
0.681559
0.68156
0.68156
0.68156
0.68156
0.68156
0.68156
0.68156
0.68156
0.68156
0.68156
0.681561
0.681561
0.681561
0.681561
0.681561
0.681561
0.681561
0.681561
0.681561
0.681561
0.681561
0.681561
0.681561
0.681561
0.681561
0.681561
0.681561
0.681561
0.681561
0.681561
0.68156
0.68156
0.68156
0.68156
0.68156
0.68156
0.68156
0.68156
0.68156
0.68156
0.681559
0.681559
0.681559
0.681558
0.681557
0.681556
0.681553
0.681545
0.681502
0.681273
0.704771
0.705001
0.705044
0.705053
0.705055
0.705056
0.705057
0.705057
0.705058
0.705058
0.705058
0.705059
0.705059
0.705059
0.705059
0.705059
0.705059
0.705059
0.705059
0.705059
0.705059
0.705059
0.705059
0.705059
0.705059
0.705059
0.705059
0.705059
0.705059
0.705059
0.705059
0.705059
0.705059
0.705059
0.705059
0.705059
0.705059
0.705059
0.705059
0.705059
0.705059
0.705059
0.705059
0.705059
0.705059
0.705059
0.705059
0.705059
0.705059
0.705058
0.705058
0.705058
0.705057
0.705057
0.705056
0.705055
0.705053
0.705044
0.705001
0.704771
0.726995
0.727225
0.727269
0.727278
0.72728
0.727281
0.727282
0.727282
0.727283
0.727283
0.727283
0.727283
0.727283
0.727284
0.727284
0.727284
0.727284
0.727284
0.727284
0.727284
0.727284
0.727284
0.727284
0.727284
0.727284
0.727284
0.727284
0.727284
0.727284
0.727284
0.727284
0.727284
0.727284
0.727284
0.727284
0.727284
0.727284
0.727284
0.727284
0.727284
0.727284
0.727284
0.727284
0.727284
0.727284
0.727284
0.727284
0.727283
0.727283
0.727283
0.727283
0.727283
0.727282
0.727282
0.727281
0.72728
0.727278
0.727269
0.727225
0.726995
0.747973
0.748202
0.748247
0.748255
0.748258
0.748259
0.748259
0.74826
0.74826
0.74826
0.748261
0.748261
0.748261
0.748261
0.748261
0.748261
0.748261
0.748261
0.748261
0.748261
0.748261
0.748261
0.748261
0.748261
0.748261
0.748261
0.748261
0.748261
0.748261
0.748261
0.748261
0.748261
0.748261
0.748261
0.748261
0.748261
0.748261
0.748261
0.748261
0.748261
0.748261
0.748261
0.748261
0.748261
0.748261
0.748261
0.748261
0.748261
0.748261
0.748261
0.74826
0.74826
0.74826
0.748259
0.748259
0.748258
0.748255
0.748247
0.748202
0.747973
0.767734
0.767962
0.768007
0.768016
0.768018
0.768019
0.76802
0.76802
0.768021
0.768021
0.768021
0.768021
0.768021
0.768021
0.768021
0.768021
0.768021
0.768021
0.768022
0.768022
0.768022
0.768022
0.768022
0.768022
0.768022
0.768022
0.768022
0.768022
0.768022
0.768022
0.768022
0.768022
0.768022
0.768022
0.768022
0.768022
0.768022
0.768022
0.768022
0.768022
0.768022
0.768022
0.768021
0.768021
0.768021
0.768021
0.768021
0.768021
0.768021
0.768021
0.768021
0.768021
0.76802
0.76802
0.768019
0.768018
0.768016
0.768007
0.767962
0.767734
0.786313
0.786538
0.786584
0.786593
0.786595
0.786596
0.786597
0.786597
0.786597
0.786597
0.786598
0.786598
0.786598
0.786598
0.786598
0.786598
0.786598
0.786598
0.786598
0.786598
0.786598
0.786598
0.786598
0.786598
0.786598
0.786598
0.786598
0.786598
0.786598
0.786598
0.786598
0.786598
0.786598
0.786598
0.786598
0.786598
0.786598
0.786598
0.786598
0.786598
0.786598
0.786598
0.786598
0.786598
0.786598
0.786598
0.786598
0.786598
0.786598
0.786598
0.786597
0.786597
0.786597
0.786597
0.786596
0.786595
0.786593
0.786584
0.786538
0.786313
0.803745
0.803967
0.804014
0.804022
0.804025
0.804025
0.804026
0.804026
0.804026
0.804027
0.804027
0.804027
0.804027
0.804027
0.804027
0.804027
0.804027
0.804027
0.804027
0.804027
0.804027
0.804027
0.804027
0.804027
0.804027
0.804027
0.804027
0.804027
0.804027
0.804027
0.804027
0.804027
0.804027
0.804027
0.804027
0.804027
0.804027
0.804027
0.804027
0.804027
0.804027
0.804027
0.804027
0.804027
0.804027
0.804027
0.804027
0.804027
0.804027
0.804027
0.804027
0.804026
0.804026
0.804026
0.804025
0.804025
0.804022
0.804014
0.803967
0.803745
0.820068
0.820287
0.820333
0.820342
0.820345
0.820345
0.820346
0.820346
0.820346
0.820346
0.820346
0.820347
0.820347
0.820347
0.820347
0.820347
0.820347
0.820347
0.820347
0.820347
0.820347
0.820347
0.820347
0.820347
0.820347
0.820347
0.820347
0.820347
0.820347
0.820347
0.820347
0.820347
0.820347
0.820347
0.820347
0.820347
0.820347
0.820347
0.820347
0.820347
0.820347
0.820347
0.820347
0.820347
0.820347
0.820347
0.820347
0.820347
0.820347
0.820346
0.820346
0.820346
0.820346
0.820346
0.820345
0.820345
0.820342
0.820333
0.820287
0.820068
0.835323
0.835537
0.835584
0.835593
0.835595
0.835596
0.835596
0.835596
0.835597
0.835597
0.835597
0.835597
0.835597
0.835597
0.835597
0.835597
0.835597
0.835597
0.835597
0.835597
0.835597
0.835597
0.835597
0.835597
0.835597
0.835597
0.835597
0.835597
0.835597
0.835597
0.835597
0.835597
0.835597
0.835597
0.835597
0.835597
0.835597
0.835597
0.835597
0.835597
0.835597
0.835597
0.835597
0.835597
0.835597
0.835597
0.835597
0.835597
0.835597
0.835597
0.835597
0.835597
0.835596
0.835596
0.835596
0.835595
0.835593
0.835584
0.835537
0.835323
0.84955
0.84976
0.849806
0.849816
0.849818
0.849818
0.849819
0.849819
0.849819
0.849819
0.849819
0.849819
0.849819
0.849819
0.849819
0.84982
0.84982
0.84982
0.84982
0.84982
0.84982
0.84982
0.84982
0.84982
0.84982
0.84982
0.84982
0.84982
0.84982
0.84982
0.84982
0.84982
0.84982
0.84982
0.84982
0.84982
0.84982
0.84982
0.84982
0.84982
0.84982
0.84982
0.84982
0.84982
0.84982
0.849819
0.849819
0.849819
0.849819
0.849819
0.849819
0.849819
0.849819
0.849819
0.849818
0.849818
0.849816
0.849806
0.84976
0.84955
0.862792
0.862997
0.863044
0.863053
0.863055
0.863056
0.863056
0.863056
0.863056
0.863056
0.863056
0.863056
0.863057
0.863057
0.863057
0.863057
0.863057
0.863057
0.863057
0.863057
0.863057
0.863057
0.863057
0.863057
0.863057
0.863057
0.863057
0.863057
0.863057
0.863057
0.863057
0.863057
0.863057
0.863057
0.863057
0.863057
0.863057
0.863057
0.863057
0.863057
0.863057
0.863057
0.863057
0.863057
0.863057
0.863057
0.863057
0.863057
0.863056
0.863056
0.863056
0.863056
0.863056
0.863056
0.863056
0.863055
0.863053
0.863044
0.862997
0.862792
0.875094
0.875292
0.875339
0.875348
0.87535
0.875351
0.875351
0.875351
0.875351
0.875352
0.875352
0.875352
0.875352
0.875352
0.875352
0.875352
0.875352
0.875352
0.875352
0.875352
0.875352
0.875352
0.875352
0.875352
0.875352
0.875352
0.875352
0.875352
0.875352
0.875352
0.875352
0.875352
0.875352
0.875352
0.875352
0.875352
0.875352
0.875352
0.875352
0.875352
0.875352
0.875352
0.875352
0.875352
0.875352
0.875352
0.875352
0.875352
0.875352
0.875352
0.875352
0.875351
0.875351
0.875351
0.875351
0.87535
0.875348
0.875339
0.875292
0.875094
0.886497
0.88669
0.886736
0.886745
0.886747
0.886748
0.886748
0.886748
0.886748
0.886749
0.886749
0.886749
0.886749
0.886749
0.886749
0.886749
0.886749
0.886749
0.886749
0.886749
0.886749
0.886749
0.886749
0.886749
0.886749
0.886749
0.886749
0.886749
0.886749
0.886749
0.886749
0.886749
0.886749
0.886749
0.886749
0.886749
0.886749
0.886749
0.886749
0.886749
0.886749
0.886749
0.886749
0.886749
0.886749
0.886749
0.886749
0.886749
0.886749
0.886749
0.886749
0.886748
0.886748
0.886748
0.886748
0.886747
0.886745
0.886736
0.88669
0.886497
0.897047
0.897233
0.897279
0.897288
0.89729
0.897291
0.897291
0.897291
0.897291
0.897292
0.897292
0.897292
0.897292
0.897292
0.897292
0.897292
0.897292
0.897292
0.897292
0.897292
0.897292
0.897292
0.897292
0.897292
0.897292
0.897292
0.897292
0.897292
0.897292
0.897292
0.897292
0.897292
0.897292
0.897292
0.897292
0.897292
0.897292
0.897292
0.897292
0.897292
0.897292
0.897292
0.897292
0.897292
0.897292
0.897292
0.897292
0.897292
0.897292
0.897292
0.897292
0.897291
0.897291
0.897291
0.897291
0.89729
0.897288
0.897279
0.897233
0.897047
0.906787
0.906967
0.907012
0.907021
0.907023
0.907024
0.907024
0.907024
0.907024
0.907025
0.907025
0.907025
0.907025
0.907025
0.907025
0.907025
0.907025
0.907025
0.907025
0.907025
0.907025
0.907025
0.907025
0.907025
0.907025
0.907025
0.907025
0.907025
0.907025
0.907025
0.907025
0.907025
0.907025
0.907025
0.907025
0.907025
0.907025
0.907025
0.907025
0.907025
0.907025
0.907025
0.907025
0.907025
0.907025
0.907025
0.907025
0.907025
0.907025
0.907025
0.907025
0.907024
0.907024
0.907024
0.907024
0.907023
0.907021
0.907012
0.906967
0.906787
0.915762
0.915934
0.915978
0.915988
0.91599
0.915991
0.915991
0.915991
0.915991
0.915991
0.915991
0.915991
0.915991
0.915991
0.915991
0.915991
0.915991
0.915991
0.915991
0.915991
0.915991
0.915991
0.915991
0.915991
0.915991
0.915991
0.915991
0.915991
0.915991
0.915991
0.915991
0.915991
0.915991
0.915991
0.915991
0.915991
0.915991
0.915991
0.915991
0.915991
0.915991
0.915991
0.915991
0.915991
0.915991
0.915991
0.915991
0.915991
0.915991
0.915991
0.915991
0.915991
0.915991
0.915991
0.915991
0.91599
0.915988
0.915978
0.915934
0.915762
0.924013
0.924178
0.924222
0.924232
0.924234
0.924234
0.924235
0.924235
0.924235
0.924235
0.924235
0.924235
0.924235
0.924235
0.924235
0.924235
0.924235
0.924235
0.924235
0.924235
0.924235
0.924235
0.924235
0.924235
0.924235
0.924235
0.924235
0.924235
0.924235
0.924235
0.924235
0.924235
0.924235
0.924235
0.924235
0.924235
0.924235
0.924235
0.924235
0.924235
0.924235
0.924235
0.924235
0.924235
0.924235
0.924235
0.924235
0.924235
0.924235
0.924235
0.924235
0.924235
0.924235
0.924235
0.924234
0.924234
0.924232
0.924222
0.924178
0.924013
0.931585
0.931742
0.931785
0.931795
0.931797
0.931798
0.931798
0.931798
0.931798
0.931798
0.931798
0.931798
0.931798
0.931798
0.931798
0.931798
0.931798
0.931798
0.931798
0.931798
0.931798
0.931798
0.931798
0.931798
0.931798
0.931798
0.931798
0.931798
0.931798
0.931798
0.931798
0.931798
0.931798
0.931798
0.931798
0.931798
0.931798
0.931798
0.931798
0.931798
0.931798
0.931798
0.931798
0.931798
0.931798
0.931798
0.931798
0.931798
0.931798
0.931798
0.931798
0.931798
0.931798
0.931798
0.931798
0.931797
0.931795
0.931785
0.931742
0.931585
0.938518
0.938668
0.93871
0.93872
0.938722
0.938722
0.938722
0.938723
0.938723
0.938723
0.938723
0.938723
0.938723
0.938723
0.938723
0.938723
0.938723
0.938723
0.938723
0.938723
0.938723
0.938723
0.938723
0.938723
0.938723
0.938723
0.938723
0.938723
0.938723
0.938723
0.938723
0.938723
0.938723
0.938723
0.938723
0.938723
0.938723
0.938723
0.938723
0.938723
0.938723
0.938723
0.938723
0.938723
0.938723
0.938723
0.938723
0.938723
0.938723
0.938723
0.938723
0.938723
0.938723
0.938722
0.938722
0.938722
0.93872
0.93871
0.938668
0.938518
0.944853
0.944995
0.945036
0.945046
0.945048
0.945049
0.945049
0.945049
0.945049
0.945049
0.945049
0.945049
0.945049
0.945049
0.945049
0.945049
0.945049
0.945049
0.945049
0.945049
0.945049
0.945049
0.945049
0.945049
0.945049
0.945049
0.945049
0.945049
0.945049
0.945049
0.945049
0.945049
0.945049
0.945049
0.945049
0.945049
0.945049
0.945049
0.945049
0.945049
0.945049
0.945049
0.945049
0.945049
0.945049
0.945049
0.945049
0.945049
0.945049
0.945049
0.945049
0.945049
0.945049
0.945049
0.945049
0.945048
0.945046
0.945036
0.944995
0.944853
0.95063
0.950765
0.950804
0.950814
0.950816
0.950817
0.950817
0.950817
0.950817
0.950817
0.950817
0.950817
0.950817
0.950817
0.950817
0.950817
0.950817
0.950817
0.950817
0.950817
0.950817
0.950817
0.950817
0.950817
0.950817
0.950817
0.950817
0.950817
0.950817
0.950817
0.950817
0.950817
0.950817
0.950817
0.950817
0.950817
0.950817
0.950817
0.950817
0.950817
0.950817
0.950817
0.950817
0.950817
0.950817
0.950817
0.950817
0.950817
0.950817
0.950817
0.950817
0.950817
0.950817
0.950817
0.950817
0.950816
0.950814
0.950804
0.950765
0.95063
0.955886
0.956013
0.956052
0.956062
0.956064
0.956064
0.956064
0.956065
0.956065
0.956065
0.956065
0.956065
0.956065
0.956065
0.956065
0.956065
0.956065
0.956065
0.956065
0.956065
0.956065
0.956065
0.956065
0.956065
0.956065
0.956065
0.956065
0.956065
0.956065
0.956065
0.956065
0.956065
0.956065
0.956065
0.956065
0.956065
0.956065
0.956065
0.956065
0.956065
0.956065
0.956065
0.956065
0.956065
0.956065
0.956065
0.956065
0.956065
0.956065
0.956065
0.956065
0.956065
0.956065
0.956064
0.956064
0.956064
0.956062
0.956052
0.956013
0.955886
0.960659
0.960779
0.960816
0.960826
0.960828
0.960828
0.960829
0.960829
0.960829
0.960829
0.960829
0.960829
0.960829
0.960829
0.960829
0.960829
0.960829
0.960829
0.960829
0.960829
0.960829
0.960829
0.960829
0.960829
0.960829
0.960829
0.960829
0.960829
0.960829
0.960829
0.960829
0.960829
0.960829
0.960829
0.960829
0.960829
0.960829
0.960829
0.960829
0.960829
0.960829
0.960829
0.960829
0.960829
0.960829
0.960829
0.960829
0.960829
0.960829
0.960829
0.960829
0.960829
0.960829
0.960829
0.960828
0.960828
0.960826
0.960816
0.960779
0.960659
0.964983
0.965096
0.965132
0.965142
0.965144
0.965144
0.965144
0.965144
0.965145
0.965145
0.965145
0.965145
0.965145
0.965145
0.965145
0.965145
0.965145
0.965145
0.965145
0.965145
0.965145
0.965145
0.965145
0.965145
0.965145
0.965145
0.965145
0.965145
0.965145
0.965145
0.965145
0.965145
0.965145
0.965145
0.965145
0.965145
0.965145
0.965145
0.965145
0.965145
0.965145
0.965145
0.965145
0.965145
0.965145
0.965145
0.965145
0.965145
0.965145
0.965145
0.965145
0.965145
0.965144
0.965144
0.965144
0.965144
0.965142
0.965132
0.965096
0.964983
0.968893
0.968999
0.969034
0.969043
0.969045
0.969046
0.969046
0.969046
0.969046
0.969046
0.969046
0.969046
0.969046
0.969046
0.969046
0.969046
0.969046
0.969046
0.969046
0.969046
0.969046
0.969046
0.969046
0.969046
0.969046
0.969046
0.969046
0.969046
0.969046
0.969046
0.969046
0.969046
0.969046
0.969046
0.969046
0.969046
0.969046
0.969046
0.969046
0.969046
0.969046
0.969046
0.969046
0.969046
0.969046
0.969046
0.969046
0.969046
0.969046
0.969046
0.969046
0.969046
0.969046
0.969046
0.969046
0.969045
0.969043
0.969034
0.968999
0.968893
0.972421
0.97252
0.972553
0.972562
0.972565
0.972565
0.972565
0.972565
0.972565
0.972565
0.972565
0.972565
0.972566
0.972566
0.972566
0.972566
0.972566
0.972566
0.972566
0.972566
0.972566
0.972566
0.972566
0.972566
0.972566
0.972566
0.972566
0.972566
0.972566
0.972566
0.972566
0.972566
0.972566
0.972566
0.972566
0.972566
0.972566
0.972566
0.972566
0.972566
0.972566
0.972566
0.972566
0.972566
0.972566
0.972566
0.972566
0.972566
0.972565
0.972565
0.972565
0.972565
0.972565
0.972565
0.972565
0.972565
0.972562
0.972553
0.97252
0.972421
0.975598
0.97569
0.975721
0.97573
0.975733
0.975733
0.975733
0.975733
0.975733
0.975733
0.975733
0.975733
0.975733
0.975733
0.975733
0.975733
0.975733
0.975733
0.975733
0.975733
0.975733
0.975733
0.975733
0.975733
0.975733
0.975733
0.975733
0.975733
0.975733
0.975733
0.975733
0.975733
0.975733
0.975733
0.975733
0.975733
0.975733
0.975733
0.975733
0.975733
0.975733
0.975733
0.975733
0.975733
0.975733
0.975733
0.975733
0.975733
0.975733
0.975733
0.975733
0.975733
0.975733
0.975733
0.975733
0.975733
0.97573
0.975721
0.97569
0.975598
0.978451
0.978537
0.978567
0.978575
0.978578
0.978578
0.978578
0.978578
0.978579
0.978579
0.978579
0.978579
0.978579
0.978579
0.978579
0.978579
0.978579
0.978579
0.978579
0.978579
0.978579
0.978579
0.978579
0.978579
0.978579
0.978579
0.978579
0.978579
0.978579
0.978579
0.978579
0.978579
0.978579
0.978579
0.978579
0.978579
0.978579
0.978579
0.978579
0.978579
0.978579
0.978579
0.978579
0.978579
0.978579
0.978579
0.978579
0.978579
0.978579
0.978579
0.978579
0.978579
0.978578
0.978578
0.978578
0.978578
0.978575
0.978567
0.978537
0.978451
0.981009
0.981088
0.981117
0.981125
0.981128
0.981128
0.981128
0.981128
0.981128
0.981128
0.981128
0.981128
0.981128
0.981128
0.981128
0.981128
0.981128
0.981128
0.981128
0.981128
0.981128
0.981128
0.981128
0.981128
0.981128
0.981128
0.981128
0.981128
0.981128
0.981128
0.981128
0.981128
0.981128
0.981128
0.981128
0.981128
0.981128
0.981128
0.981128
0.981128
0.981128
0.981128
0.981128
0.981128
0.981128
0.981128
0.981128
0.981128
0.981128
0.981128
0.981128
0.981128
0.981128
0.981128
0.981128
0.981128
0.981125
0.981117
0.981088
0.981009
0.983297
0.98337
0.983397
0.983406
0.983408
0.983408
0.983409
0.983409
0.983409
0.983409
0.983409
0.983409
0.983409
0.983409
0.983409
0.983409
0.983409
0.983409
0.983409
0.983409
0.983409
0.983409
0.983409
0.983409
0.983409
0.983409
0.983409
0.983409
0.983409
0.983409
0.983409
0.983409
0.983409
0.983409
0.983409
0.983409
0.983409
0.983409
0.983409
0.983409
0.983409
0.983409
0.983409
0.983409
0.983409
0.983409
0.983409
0.983409
0.983409
0.983409
0.983409
0.983409
0.983409
0.983409
0.983408
0.983408
0.983406
0.983397
0.98337
0.983297
0.985339
0.985407
0.985432
0.98544
0.985443
0.985443
0.985443
0.985443
0.985443
0.985443
0.985443
0.985443
0.985443
0.985443
0.985443
0.985443
0.985443
0.985443
0.985443
0.985443
0.985443
0.985443
0.985443
0.985443
0.985443
0.985443
0.985443
0.985443
0.985443
0.985443
0.985443
0.985443
0.985443
0.985443
0.985443
0.985443
0.985443
0.985443
0.985443
0.985443
0.985443
0.985443
0.985443
0.985443
0.985443
0.985443
0.985443
0.985443
0.985443
0.985443
0.985443
0.985443
0.985443
0.985443
0.985443
0.985443
0.98544
0.985432
0.985407
0.985339
0.987158
0.98722
0.987244
0.987252
0.987254
0.987255
0.987255
0.987255
0.987255
0.987255
0.987255
0.987255
0.987255
0.987255
0.987255
0.987255
0.987255
0.987255
0.987255
0.987255
0.987255
0.987255
0.987255
0.987255
0.987255
0.987255
0.987255
0.987255
0.987255
0.987255
0.987255
0.987255
0.987255
0.987255
0.987255
0.987255
0.987255
0.987255
0.987255
0.987255
0.987255
0.987255
0.987255
0.987255
0.987255
0.987255
0.987255
0.987255
0.987255
0.987255
0.987255
0.987255
0.987255
0.987255
0.987255
0.987254
0.987252
0.987244
0.98722
0.987158
0.988774
0.988831
0.988854
0.988861
0.988863
0.988864
0.988864
0.988864
0.988864
0.988864
0.988864
0.988864
0.988864
0.988864
0.988864
0.988864
0.988864
0.988864
0.988864
0.988864
0.988864
0.988864
0.988864
0.988864
0.988864
0.988864
0.988864
0.988864
0.988864
0.988864
0.988864
0.988864
0.988864
0.988864
0.988864
0.988864
0.988864
0.988864
0.988864
0.988864
0.988864
0.988864
0.988864
0.988864
0.988864
0.988864
0.988864
0.988864
0.988864
0.988864
0.988864
0.988864
0.988864
0.988864
0.988864
0.988863
0.988861
0.988854
0.988831
0.988774
0.990207
0.990259
0.99028
0.990288
0.99029
0.99029
0.990291
0.990291
0.990291
0.990291
0.990291
0.990291
0.990291
0.990291
0.990291
0.990291
0.990291
0.990291
0.990291
0.990291
0.990291
0.990291
0.990291
0.990291
0.990291
0.990291
0.990291
0.990291
0.990291
0.990291
0.990291
0.990291
0.990291
0.990291
0.990291
0.990291
0.990291
0.990291
0.990291
0.990291
0.990291
0.990291
0.990291
0.990291
0.990291
0.990291
0.990291
0.990291
0.990291
0.990291
0.990291
0.990291
0.990291
0.990291
0.99029
0.99029
0.990288
0.99028
0.990259
0.990207
0.991475
0.991523
0.991542
0.991549
0.991551
0.991552
0.991552
0.991552
0.991552
0.991552
0.991552
0.991552
0.991552
0.991552
0.991552
0.991552
0.991552
0.991552
0.991552
0.991552
0.991552
0.991552
0.991552
0.991552
0.991552
0.991552
0.991552
0.991552
0.991552
0.991552
0.991552
0.991552
0.991552
0.991552
0.991552
0.991552
0.991552
0.991552
0.991552
0.991552
0.991552
0.991552
0.991552
0.991552
0.991552
0.991552
0.991552
0.991552
0.991552
0.991552
0.991552
0.991552
0.991552
0.991552
0.991552
0.991551
0.991549
0.991542
0.991523
0.991475
0.992595
0.992638
0.992656
0.992663
0.992665
0.992665
0.992665
0.992665
0.992665
0.992665
0.992665
0.992665
0.992665
0.992665
0.992665
0.992665
0.992665
0.992665
0.992665
0.992665
0.992665
0.992665
0.992665
0.992665
0.992665
0.992666
0.992666
0.992666
0.992666
0.992666
0.992666
0.992666
0.992666
0.992666
0.992666
0.992665
0.992665
0.992665
0.992665
0.992665
0.992665
0.992665
0.992665
0.992665
0.992665
0.992665
0.992665
0.992665
0.992665
0.992665
0.992665
0.992665
0.992665
0.992665
0.992665
0.992665
0.992663
0.992656
0.992638
0.992595
0.993581
0.99362
0.993637
0.993643
0.993645
0.993645
0.993646
0.993646
0.993646
0.993646
0.993646
0.993646
0.993646
0.993646
0.993646
0.993646
0.993646
0.993646
0.993646
0.993646
0.993646
0.993646
0.993646
0.993646
0.993646
0.993646
0.993646
0.993646
0.993646
0.993646
0.993646
0.993646
0.993646
0.993646
0.993646
0.993646
0.993646
0.993646
0.993646
0.993646
0.993646
0.993646
0.993646
0.993646
0.993646
0.993646
0.993646
0.993646
0.993646
0.993646
0.993646
0.993646
0.993646
0.993646
0.993645
0.993645
0.993643
0.993637
0.99362
0.993581
0.994447
0.994482
0.994498
0.994504
0.994506
0.994506
0.994507
0.994507
0.994507
0.994507
0.994507
0.994507
0.994507
0.994507
0.994507
0.994507
0.994507
0.994507
0.994507
0.994507
0.994507
0.994507
0.994507
0.994507
0.994507
0.994507
0.994507
0.994507
0.994507
0.994507
0.994507
0.994507
0.994507
0.994507
0.994507
0.994507
0.994507
0.994507
0.994507
0.994507
0.994507
0.994507
0.994507
0.994507
0.994507
0.994507
0.994507
0.994507
0.994507
0.994507
0.994507
0.994507
0.994507
0.994507
0.994506
0.994506
0.994504
0.994498
0.994482
0.994447
0.995207
0.995239
0.995253
0.995259
0.995261
0.995261
0.995261
0.995261
0.995261
0.995261
0.995261
0.995261
0.995261
0.995261
0.995261
0.995261
0.995261
0.995261
0.995261
0.995261
0.995261
0.995261
0.995261
0.995261
0.995261
0.995261
0.995261
0.995261
0.995261
0.995261
0.995261
0.995261
0.995261
0.995261
0.995261
0.995261
0.995261
0.995261
0.995261
0.995261
0.995261
0.995261
0.995261
0.995261
0.995261
0.995261
0.995261
0.995261
0.995261
0.995261
0.995261
0.995261
0.995261
0.995261
0.995261
0.995261
0.995259
0.995253
0.995239
0.995207
0.995872
0.9959
0.995913
0.995919
0.99592
0.995921
0.995921
0.995921
0.995921
0.995921
0.995921
0.995921
0.995921
0.995921
0.995921
0.995921
0.995921
0.995921
0.995921
0.995921
0.995921
0.995921
0.995921
0.995921
0.995921
0.995921
0.995921
0.995921
0.995921
0.995921
0.995921
0.995921
0.995921
0.995921
0.995921
0.995921
0.995921
0.995921
0.995921
0.995921
0.995921
0.995921
0.995921
0.995921
0.995921
0.995921
0.995921
0.995921
0.995921
0.995921
0.995921
0.995921
0.995921
0.995921
0.995921
0.99592
0.995919
0.995913
0.9959
0.995872
0.996452
0.996477
0.99649
0.996494
0.996496
0.996497
0.996497
0.996497
0.996497
0.996497
0.996497
0.996497
0.996497
0.996497
0.996497
0.996497
0.996497
0.996497
0.996497
0.996497
0.996497
0.996497
0.996497
0.996497
0.996497
0.996497
0.996497
0.996497
0.996497
0.996497
0.996497
0.996497
0.996497
0.996497
0.996497
0.996497
0.996497
0.996497
0.996497
0.996497
0.996497
0.996497
0.996497
0.996497
0.996497
0.996497
0.996497
0.996497
0.996497
0.996497
0.996497
0.996497
0.996497
0.996497
0.996497
0.996496
0.996494
0.99649
0.996477
0.996452
0.996957
0.99698
0.996991
0.996996
0.996997
0.996998
0.996998
0.996998
0.996998
0.996998
0.996998
0.996998
0.996998
0.996998
0.996998
0.996998
0.996998
0.996998
0.996998
0.996998
0.996998
0.996998
0.996998
0.996998
0.996998
0.996998
0.996998
0.996998
0.996998
0.996998
0.996998
0.996998
0.996998
0.996998
0.996998
0.996998
0.996998
0.996998
0.996998
0.996998
0.996998
0.996998
0.996998
0.996998
0.996998
0.996998
0.996998
0.996998
0.996998
0.996998
0.996998
0.996998
0.996998
0.996998
0.996998
0.996997
0.996996
0.996991
0.99698
0.996957
0.997396
0.997417
0.997427
0.997431
0.997433
0.997433
0.997433
0.997433
0.997433
0.997433
0.997433
0.997433
0.997433
0.997433
0.997433
0.997433
0.997433
0.997433
0.997433
0.997433
0.997433
0.997433
0.997433
0.997433
0.997433
0.997433
0.997433
0.997433
0.997433
0.997433
0.997433
0.997433
0.997433
0.997433
0.997433
0.997433
0.997433
0.997433
0.997433
0.997433
0.997433
0.997433
0.997433
0.997433
0.997433
0.997433
0.997433
0.997433
0.997433
0.997433
0.997433
0.997433
0.997433
0.997433
0.997433
0.997433
0.997431
0.997427
0.997417
0.997396
0.997777
0.997795
0.997804
0.997808
0.99781
0.99781
0.99781
0.99781
0.99781
0.99781
0.99781
0.99781
0.99781
0.99781
0.99781
0.99781
0.99781
0.99781
0.99781
0.99781
0.99781
0.99781
0.99781
0.99781
0.99781
0.99781
0.99781
0.99781
0.99781
0.99781
0.99781
0.99781
0.99781
0.99781
0.99781
0.99781
0.99781
0.99781
0.99781
0.99781
0.99781
0.99781
0.99781
0.99781
0.99781
0.99781
0.99781
0.99781
0.99781
0.99781
0.99781
0.99781
0.99781
0.99781
0.99781
0.99781
0.997808
0.997804
0.997795
0.997777
0.998106
0.998122
0.99813
0.998134
0.998136
0.998136
0.998136
0.998136
0.998136
0.998136
0.998136
0.998136
0.998136
0.998136
0.998136
0.998136
0.998136
0.998136
0.998136
0.998136
0.998136
0.998136
0.998136
0.998136
0.998136
0.998136
0.998136
0.998136
0.998136
0.998136
0.998136
0.998136
0.998136
0.998136
0.998136
0.998136
0.998136
0.998136
0.998136
0.998136
0.998136
0.998136
0.998136
0.998136
0.998136
0.998136
0.998136
0.998136
0.998136
0.998136
0.998136
0.998136
0.998136
0.998136
0.998136
0.998136
0.998134
0.99813
0.998122
0.998106
0.99839
0.998405
0.998412
0.998415
0.998417
0.998417
0.998417
0.998417
0.998417
0.998417
0.998417
0.998417
0.998417
0.998417
0.998417
0.998417
0.998417
0.998417
0.998417
0.998417
0.998417
0.998417
0.998417
0.998417
0.998417
0.998417
0.998417
0.998417
0.998417
0.998417
0.998417
0.998417
0.998417
0.998417
0.998417
0.998417
0.998417
0.998417
0.998417
0.998417
0.998417
0.998417
0.998417
0.998417
0.998417
0.998417
0.998417
0.998417
0.998417
0.998417
0.998417
0.998417
0.998417
0.998417
0.998417
0.998417
0.998415
0.998412
0.998405
0.99839
0.998635
0.998647
0.998654
0.998657
0.998658
0.998659
0.998659
0.998659
0.998659
0.998659
0.998659
0.998659
0.998659
0.998659
0.998659
0.998659
0.998659
0.998659
0.998659
0.998659
0.998659
0.998659
0.998659
0.998659
0.998659
0.998659
0.998659
0.998659
0.998659
0.998659
0.998659
0.998659
0.998659
0.998659
0.998659
0.998659
0.998659
0.998659
0.998659
0.998659
0.998659
0.998659
0.998659
0.998659
0.998659
0.998659
0.998659
0.998659
0.998659
0.998659
0.998659
0.998659
0.998659
0.998659
0.998659
0.998658
0.998657
0.998654
0.998647
0.998635
0.998845
0.998856
0.998862
0.998865
0.998866
0.998866
0.998866
0.998867
0.998867
0.998867
0.998867
0.998867
0.998867
0.998867
0.998867
0.998866
0.998866
0.998866
0.998866
0.998866
0.998866
0.998866
0.998866
0.998866
0.998866
0.998866
0.998866
0.998866
0.998866
0.998866
0.998866
0.998866
0.998866
0.998866
0.998866
0.998866
0.998866
0.998866
0.998866
0.998866
0.998866
0.998866
0.998866
0.998866
0.998866
0.998867
0.998867
0.998867
0.998867
0.998867
0.998867
0.998867
0.998867
0.998866
0.998866
0.998866
0.998865
0.998862
0.998856
0.998845
0.999025
0.999035
0.99904
0.999042
0.999043
0.999044
0.999044
0.999044
0.999044
0.999044
0.999044
0.999044
0.999044
0.999044
0.999044
0.999044
0.999044
0.999044
0.999044
0.999044
0.999044
0.999044
0.999044
0.999044
0.999044
0.999044
0.999044
0.999044
0.999044
0.999044
0.999044
0.999044
0.999044
0.999044
0.999044
0.999044
0.999044
0.999044
0.999044
0.999044
0.999044
0.999044
0.999044
0.999044
0.999044
0.999044
0.999044
0.999044
0.999044
0.999044
0.999044
0.999044
0.999044
0.999044
0.999044
0.999043
0.999042
0.99904
0.999035
0.999025
0.999179
0.999187
0.999192
0.999194
0.999195
0.999196
0.999196
0.999196
0.999196
0.999196
0.999196
0.999196
0.999196
0.999196
0.999196
0.999196
0.999196
0.999196
0.999196
0.999196
0.999196
0.999196
0.999196
0.999196
0.999196
0.999196
0.999196
0.999196
0.999196
0.999196
0.999196
0.999196
0.999196
0.999196
0.999196
0.999196
0.999196
0.999196
0.999196
0.999196
0.999196
0.999196
0.999196
0.999196
0.999196
0.999196
0.999196
0.999196
0.999196
0.999196
0.999196
0.999196
0.999196
0.999196
0.999196
0.999195
0.999194
0.999192
0.999187
0.999179
0.99931
0.999317
0.999321
0.999323
0.999324
0.999325
0.999325
0.999325
0.999325
0.999325
0.999325
0.999325
0.999325
0.999325
0.999325
0.999325
0.999325
0.999325
0.999325
0.999325
0.999325
0.999325
0.999325
0.999325
0.999325
0.999325
0.999325
0.999325
0.999325
0.999325
0.999325
0.999325
0.999325
0.999325
0.999325
0.999325
0.999325
0.999325
0.999325
0.999325
0.999325
0.999325
0.999325
0.999325
0.999325
0.999325
0.999325
0.999325
0.999325
0.999325
0.999325
0.999325
0.999325
0.999325
0.999325
0.999324
0.999323
0.999321
0.999317
0.99931
0.999421
0.999428
0.999431
0.999433
0.999434
0.999435
0.999435
0.999435
0.999435
0.999435
0.999435
0.999435
0.999435
0.999435
0.999435
0.999435
0.999435
0.999435
0.999435
0.999435
0.999435
0.999435
0.999435
0.999435
0.999435
0.999435
0.999435
0.999435
0.999435
0.999435
0.999435
0.999435
0.999435
0.999435
0.999435
0.999435
0.999435
0.999435
0.999435
0.999435
0.999435
0.999435
0.999435
0.999435
0.999435
0.999435
0.999435
0.999435
0.999435
0.999435
0.999435
0.999435
0.999435
0.999435
0.999435
0.999434
0.999433
0.999431
0.999428
0.999421
0.999516
0.999522
0.999525
0.999526
0.999527
0.999528
0.999528
0.999528
0.999528
0.999528
0.999528
0.999528
0.999528
0.999528
0.999528
0.999528
0.999528
0.999528
0.999528
0.999528
0.999528
0.999528
0.999528
0.999528
0.999528
0.999528
0.999528
0.999528
0.999528
0.999528
0.999528
0.999528
0.999528
0.999528
0.999528
0.999528
0.999528
0.999528
0.999528
0.999528
0.999528
0.999528
0.999528
0.999528
0.999528
0.999528
0.999528
0.999528
0.999528
0.999528
0.999528
0.999528
0.999528
0.999528
0.999528
0.999527
0.999526
0.999525
0.999522
0.999516
0.999596
0.999601
0.999604
0.999605
0.999606
0.999606
0.999606
0.999606
0.999606
0.999606
0.999606
0.999606
0.999606
0.999606
0.999606
0.999606
0.999606
0.999606
0.999606
0.999606
0.999606
0.999606
0.999606
0.999606
0.999606
0.999606
0.999606
0.999606
0.999606
0.999606
0.999606
0.999606
0.999606
0.999606
0.999606
0.999606
0.999606
0.999606
0.999606
0.999606
0.999606
0.999606
0.999606
0.999606
0.999606
0.999606
0.999606
0.999606
0.999606
0.999606
0.999606
0.999606
0.999606
0.999606
0.999606
0.999606
0.999605
0.999604
0.999601
0.999596
0.999664
0.999668
0.99967
0.999671
0.999672
0.999672
0.999673
0.999673
0.999673
0.999672
0.999672
0.999672
0.999672
0.999672
0.999672
0.999672
0.999672
0.999672
0.999672
0.999672
0.999672
0.999672
0.999672
0.999672
0.999672
0.999672
0.999672
0.999672
0.999672
0.999672
0.999672
0.999672
0.999672
0.999672
0.999672
0.999672
0.999672
0.999672
0.999672
0.999672
0.999672
0.999672
0.999672
0.999672
0.999672
0.999672
0.999672
0.999672
0.999672
0.999672
0.999672
0.999673
0.999673
0.999673
0.999672
0.999672
0.999671
0.99967
0.999668
0.999664
0.999721
0.999724
0.999726
0.999727
0.999728
0.999728
0.999728
0.999728
0.999728
0.999728
0.999728
0.999728
0.999728
0.999728
0.999728
0.999728
0.999728
0.999728
0.999728
0.999728
0.999728
0.999728
0.999728
0.999728
0.999728
0.999728
0.999728
0.999728
0.999728
0.999728
0.999728
0.999728
0.999728
0.999728
0.999728
0.999728
0.999728
0.999728
0.999728
0.999728
0.999728
0.999728
0.999728
0.999728
0.999728
0.999728
0.999728
0.999728
0.999728
0.999728
0.999728
0.999728
0.999728
0.999728
0.999728
0.999728
0.999727
0.999726
0.999724
0.999721
0.999768
0.999771
0.999773
0.999774
0.999775
0.999775
0.999775
0.999775
0.999775
0.999775
0.999775
0.999775
0.999775
0.999775
0.999775
0.999775
0.999775
0.999775
0.999775
0.999775
0.999775
0.999775
0.999775
0.999775
0.999775
0.999775
0.999775
0.999775
0.999775
0.999775
0.999775
0.999775
0.999775
0.999775
0.999775
0.999775
0.999775
0.999775
0.999775
0.999775
0.999775
0.999775
0.999775
0.999775
0.999775
0.999775
0.999775
0.999775
0.999775
0.999775
0.999775
0.999775
0.999775
0.999775
0.999775
0.999775
0.999774
0.999773
0.999771
0.999768
0.999808
0.999811
0.999812
0.999813
0.999814
0.999814
0.999814
0.999814
0.999814
0.999814
0.999814
0.999814
0.999814
0.999814
0.999814
0.999814
0.999814
0.999814
0.999814
0.999814
0.999814
0.999814
0.999814
0.999814
0.999814
0.999814
0.999814
0.999814
0.999814
0.999814
0.999814
0.999814
0.999814
0.999814
0.999814
0.999814
0.999814
0.999814
0.999814
0.999814
0.999814
0.999814
0.999814
0.999814
0.999814
0.999814
0.999814
0.999814
0.999814
0.999814
0.999814
0.999814
0.999814
0.999814
0.999814
0.999814
0.999813
0.999812
0.999811
0.999808
0.999841
0.999844
0.999845
0.999846
0.999846
0.999846
0.999846
0.999846
0.999846
0.999846
0.999846
0.999846
0.999846
0.999846
0.999846
0.999846
0.999846
0.999846
0.999846
0.999846
0.999846
0.999846
0.999846
0.999846
0.999846
0.999846
0.999846
0.999846
0.999846
0.999846
0.999846
0.999846
0.999846
0.999846
0.999846
0.999846
0.999846
0.999846
0.999846
0.999846
0.999846
0.999846
0.999846
0.999846
0.999846
0.999846
0.999846
0.999846
0.999846
0.999846
0.999846
0.999846
0.999846
0.999846
0.999846
0.999846
0.999846
0.999845
0.999844
0.999841
0.999869
0.999871
0.999872
0.999873
0.999873
0.999873
0.999873
0.999873
0.999873
0.999873
0.999873
0.999873
0.999873
0.999873
0.999873
0.999873
0.999873
0.999873
0.999873
0.999873
0.999873
0.999873
0.999873
0.999873
0.999873
0.999873
0.999873
0.999873
0.999873
0.999873
0.999873
0.999873
0.999873
0.999873
0.999873
0.999873
0.999873
0.999873
0.999873
0.999873
0.999873
0.999873
0.999873
0.999873
0.999873
0.999873
0.999873
0.999873
0.999873
0.999873
0.999873
0.999873
0.999873
0.999873
0.999873
0.999873
0.999873
0.999872
0.999871
0.999869
0.999892
0.999894
0.999895
0.999895
0.999896
0.999896
0.999896
0.999896
0.999896
0.999896
0.999896
0.999895
0.999895
0.999895
0.999895
0.999895
0.999895
0.999895
0.999895
0.999895
0.999895
0.999895
0.999895
0.999895
0.999895
0.999895
0.999895
0.999895
0.999895
0.999895
0.999895
0.999895
0.999895
0.999895
0.999895
0.999895
0.999895
0.999895
0.999895
0.999895
0.999895
0.999895
0.999895
0.999895
0.999895
0.999895
0.999895
0.999895
0.999895
0.999896
0.999896
0.999896
0.999896
0.999896
0.999896
0.999896
0.999895
0.999895
0.999894
0.999892
0.999911
0.999912
0.999913
0.999914
0.999914
0.999914
0.999914
0.999914
0.999914
0.999914
0.999914
0.999914
0.999914
0.999914
0.999914
0.999914
0.999914
0.999914
0.999914
0.999914
0.999914
0.999914
0.999914
0.999914
0.999914
0.999914
0.999914
0.999914
0.999914
0.999914
0.999914
0.999914
0.999914
0.999914
0.999914
0.999914
0.999914
0.999914
0.999914
0.999914
0.999914
0.999914
0.999914
0.999914
0.999914
0.999914
0.999914
0.999914
0.999914
0.999914
0.999914
0.999914
0.999914
0.999914
0.999914
0.999914
0.999914
0.999913
0.999912
0.999911
0.999927
0.999928
0.999928
0.999929
0.999929
0.999929
0.999929
0.999929
0.999929
0.999929
0.999929
0.999929
0.999929
0.999929
0.999929
0.999929
0.999929
0.999929
0.999929
0.999929
0.999929
0.999929
0.999929
0.999929
0.999929
0.999929
0.999929
0.999929
0.999929
0.999929
0.999929
0.999929
0.999929
0.999929
0.999929
0.999929
0.999929
0.999929
0.999929
0.999929
0.999929
0.999929
0.999929
0.999929
0.999929
0.999929
0.999929
0.999929
0.999929
0.999929
0.999929
0.999929
0.999929
0.999929
0.999929
0.999929
0.999929
0.999928
0.999928
0.999927
0.999939
0.99994
0.999941
0.999941
0.999941
0.999942
0.999941
0.999941
0.999941
0.999941
0.999941
0.999941
0.999941
0.999941
0.999941
0.999941
0.999941
0.999941
0.999941
0.999941
0.999941
0.999941
0.999941
0.999941
0.999941
0.999941
0.999941
0.999941
0.999941
0.999941
0.999941
0.999941
0.999941
0.999941
0.999941
0.999941
0.999941
0.999941
0.999941
0.999941
0.999941
0.999941
0.999941
0.999941
0.999941
0.999941
0.999941
0.999941
0.999941
0.999941
0.999941
0.999941
0.999941
0.999941
0.999942
0.999941
0.999941
0.999941
0.99994
0.999939
0.99995
0.999951
0.999951
0.999951
0.999951
0.999952
0.999952
0.999951
0.999951
0.999951
0.999951
0.999951
0.999951
0.999951
0.999951
0.999951
0.999951
0.999951
0.999951
0.999951
0.999951
0.999951
0.999951
0.999951
0.999951
0.999951
0.999951
0.999951
0.999951
0.999951
0.999951
0.999951
0.999951
0.999951
0.999951
0.999951
0.999951
0.999951
0.999951
0.999951
0.999951
0.999951
0.999951
0.999951
0.999951
0.999951
0.999951
0.999951
0.999951
0.999951
0.999951
0.999951
0.999951
0.999952
0.999952
0.999951
0.999951
0.999951
0.999951
0.99995
0.999958
0.999959
0.999959
0.999959
0.99996
0.99996
0.99996
0.99996
0.999959
0.999959
0.999959
0.999959
0.999959
0.999959
0.999959
0.999959
0.999959
0.999959
0.999959
0.999959
0.999959
0.999959
0.999959
0.999959
0.999959
0.999959
0.999959
0.999959
0.999959
0.999959
0.999959
0.999959
0.999959
0.999959
0.999959
0.999959
0.999959
0.999959
0.999959
0.999959
0.999959
0.999959
0.999959
0.999959
0.999959
0.999959
0.999959
0.999959
0.999959
0.999959
0.999959
0.999959
0.99996
0.99996
0.99996
0.99996
0.999959
0.999959
0.999959
0.999958
0.999965
0.999965
0.999966
0.999966
0.999966
0.999966
0.999966
0.999966
0.999966
0.999966
0.999966
0.999966
0.999966
0.999966
0.999965
0.999965
0.999965
0.999965
0.999965
0.999965
0.999965
0.999965
0.999965
0.999965
0.999965
0.999965
0.999965
0.999965
0.999965
0.999965
0.999965
0.999965
0.999965
0.999965
0.999965
0.999965
0.999965
0.999965
0.999965
0.999965
0.999965
0.999965
0.999965
0.999965
0.999965
0.999965
0.999966
0.999966
0.999966
0.999966
0.999966
0.999966
0.999966
0.999966
0.999966
0.999966
0.999966
0.999966
0.999965
0.999965
0.99997
0.999971
0.999971
0.999971
0.999971
0.999971
0.999971
0.999971
0.999971
0.999971
0.999971
0.999971
0.999971
0.999971
0.999971
0.99997
0.99997
0.99997
0.99997
0.99997
0.99997
0.99997
0.99997
0.99997
0.99997
0.99997
0.99997
0.99997
0.99997
0.99997
0.99997
0.99997
0.99997
0.99997
0.99997
0.99997
0.99997
0.99997
0.99997
0.99997
0.99997
0.99997
0.99997
0.99997
0.99997
0.999971
0.999971
0.999971
0.999971
0.999971
0.999971
0.999971
0.999971
0.999971
0.999971
0.999971
0.999971
0.999971
0.999971
0.99997
0.999975
0.999975
0.999975
0.999975
0.999975
0.999975
0.999975
0.999975
0.999975
0.999975
0.999975
0.999975
0.999975
0.999975
0.999975
0.999974
0.999974
0.999974
0.999974
0.999974
0.999974
0.999974
0.999974
0.999974
0.999974
0.999974
0.999974
0.999974
0.999974
0.999974
0.999974
0.999974
0.999974
0.999974
0.999974
0.999974
0.999974
0.999974
0.999974
0.999974
0.999974
0.999974
0.999974
0.999974
0.999974
0.999975
0.999975
0.999975
0.999975
0.999975
0.999975
0.999975
0.999975
0.999975
0.999975
0.999975
0.999975
0.999975
0.999975
0.999975
0.999978
0.999978
0.999978
0.999978
0.999978
0.999978
0.999978
0.999978
0.999978
0.999978
0.999978
0.999978
0.999978
0.999978
0.999978
0.999978
0.999977
0.999977
0.999977
0.999977
0.999977
0.999977
0.999977
0.999977
0.999977
0.999977
0.999977
0.999977
0.999977
0.999977
0.999977
0.999977
0.999977
0.999977
0.999977
0.999977
0.999977
0.999977
0.999977
0.999977
0.999977
0.999977
0.999977
0.999977
0.999978
0.999978
0.999978
0.999978
0.999978
0.999978
0.999978
0.999978
0.999978
0.999978
0.999978
0.999978
0.999978
0.999978
0.999978
0.999978
0.99998
0.999981
0.999981
0.999981
0.999981
0.999981
0.999981
0.999981
0.99998
0.99998
0.99998
0.99998
0.99998
0.99998
0.99998
0.99998
0.99998
0.99998
0.99998
0.99998
0.99998
0.99998
0.99998
0.99998
0.99998
0.99998
0.99998
0.99998
0.99998
0.99998
0.99998
0.99998
0.99998
0.99998
0.99998
0.99998
0.99998
0.99998
0.99998
0.99998
0.99998
0.99998
0.99998
0.99998
0.99998
0.99998
0.99998
0.99998
0.99998
0.99998
0.99998
0.99998
0.999981
0.999981
0.999981
0.999981
0.999981
0.999981
0.999981
0.99998
0.999982
0.999983
0.999983
0.999983
0.999983
0.999983
0.999982
0.999982
0.999982
0.999982
0.999982
0.999982
0.999982
0.999982
0.999982
0.999982
0.999981
0.999981
0.999981
0.999981
0.999981
0.999981
0.999981
0.999981
0.999981
0.999981
0.999981
0.999981
0.999981
0.999981
0.999981
0.999981
0.999981
0.999981
0.999981
0.999981
0.999981
0.999981
0.999981
0.999981
0.999981
0.999981
0.999981
0.999981
0.999982
0.999982
0.999982
0.999982
0.999982
0.999982
0.999982
0.999982
0.999982
0.999982
0.999983
0.999983
0.999983
0.999983
0.999983
0.999982
0.999984
0.999984
0.999984
0.999984
0.999984
0.999984
0.999984
0.999984
0.999983
0.999983
0.999983
0.999983
0.999983
0.999983
0.999983
0.999983
0.999983
0.999983
0.999983
0.999983
0.999983
0.999983
0.999983
0.999983
0.999983
0.999983
0.999983
0.999983
0.999983
0.999983
0.999983
0.999983
0.999983
0.999983
0.999983
0.999983
0.999983
0.999983
0.999983
0.999983
0.999983
0.999983
0.999983
0.999983
0.999983
0.999983
0.999983
0.999983
0.999983
0.999983
0.999983
0.999983
0.999984
0.999984
0.999984
0.999984
0.999984
0.999984
0.999984
0.999984
0.999985
0.999985
0.999985
0.999985
0.999985
0.999985
0.999985
0.999984
0.999984
0.999984
0.999984
0.999984
0.999984
0.999984
0.999984
0.999984
0.999983
0.999983
0.999983
0.999983
0.999983
0.999983
0.999983
0.999983
0.999983
0.999983
0.999983
0.999983
0.999983
0.999983
0.999983
0.999983
0.999983
0.999983
0.999983
0.999983
0.999983
0.999983
0.999983
0.999983
0.999983
0.999983
0.999983
0.999983
0.999984
0.999984
0.999984
0.999984
0.999984
0.999984
0.999984
0.999984
0.999984
0.999985
0.999985
0.999985
0.999985
0.999985
0.999985
0.999985
0.999985
0.999985
0.999985
0.999985
0.999985
0.999985
0.999985
0.999985
0.999985
0.999985
0.999985
0.999984
0.999984
0.999984
0.999984
0.999984
0.999984
0.999984
0.999984
0.999984
0.999984
0.999984
0.999984
0.999984
0.999984
0.999984
0.999984
0.999984
0.999984
0.999984
0.999984
0.999984
0.999984
0.999984
0.999984
0.999984
0.999984
0.999984
0.999984
0.999984
0.999984
0.999984
0.999984
0.999984
0.999984
0.999984
0.999984
0.999984
0.999984
0.999985
0.999985
0.999985
0.999985
0.999985
0.999985
0.999985
0.999985
0.999985
0.999985
0.999985
0.999986
0.999986
0.999986
0.999986
0.999986
0.999986
0.999985
0.999985
0.999985
0.999985
0.999985
0.999985
0.999985
0.999984
0.999984
0.999984
0.999984
0.999984
0.999984
0.999984
0.999984
0.999984
0.999984
0.999984
0.999984
0.999984
0.999984
0.999984
0.999984
0.999984
0.999984
0.999984
0.999984
0.999984
0.999984
0.999984
0.999984
0.999984
0.999984
0.999984
0.999984
0.999984
0.999984
0.999984
0.999984
0.999984
0.999984
0.999985
0.999985
0.999985
0.999985
0.999985
0.999985
0.999985
0.999986
0.999986
0.999986
0.999986
0.999986
0.999986
0.999986
0.999986
0.999986
0.999986
0.999986
0.999986
0.999986
0.999985
0.999985
0.999985
0.999985
0.999985
0.999985
0.999985
0.999984
0.999984
0.999984
0.999984
0.999984
0.999984
0.999984
0.999984
0.999984
0.999984
0.999984
0.999984
0.999984
0.999984
0.999984
0.999984
0.999984
0.999984
0.999984
0.999984
0.999984
0.999984
0.999984
0.999984
0.999984
0.999984
0.999984
0.999984
0.999984
0.999984
0.999984
0.999984
0.999985
0.999985
0.999985
0.999985
0.999985
0.999985
0.999985
0.999986
0.999986
0.999986
0.999986
0.999986
0.999986
0.999986
0.999986
0.999986
0.999986
0.999986
0.999986
0.999986
0.999985
0.999985
0.999985
0.999985
0.999985
0.999985
0.999985
0.999984
0.999984
0.999984
0.999984
0.999984
0.999984
0.999984
0.999984
0.999984
0.999984
0.999984
0.999984
0.999984
0.999984
0.999984
0.999984
0.999984
0.999984
0.999984
0.999984
0.999984
0.999984
0.999984
0.999984
0.999984
0.999984
0.999984
0.999984
0.999984
0.999984
0.999984
0.999984
0.999984
0.999984
0.999985
0.999985
0.999985
0.999985
0.999985
0.999985
0.999985
0.999986
0.999986
0.999986
0.999986
0.999986
0.999986
0.999986
0.999986
0.999986
0.999986
0.999986
0.999985
0.999985
0.999985
0.999985
0.999985
0.999985
0.999985
0.999984
0.999984
0.999984
0.999984
0.999984
0.999984
0.999984
0.999984
0.999984
0.999984
0.999984
0.999984
0.999984
0.999984
0.999984
0.999984
0.999984
0.999984
0.999984
0.999984
0.999984
0.999984
0.999984
0.999984
0.999984
0.999984
0.999984
0.999984
0.999984
0.999984
0.999984
0.999984
0.999984
0.999984
0.999984
0.999984
0.999985
0.999985
0.999985
0.999985
0.999985
0.999985
0.999985
0.999986
0.999986
0.999986
0.999986
0.999986
0.999986
0.999986
0.999986
0.999986
0.999985
0.999985
0.999985
0.999985
0.999985
0.999985
0.999984
0.999984
0.999984
0.999984
0.999984
0.999984
0.999984
0.999984
0.999984
0.999984
0.999984
0.999984
0.999983
0.999983
0.999983
0.999983
0.999983
0.999983
0.999983
0.999983
0.999983
0.999983
0.999983
0.999983
0.999983
0.999983
0.999983
0.999983
0.999984
0.999984
0.999984
0.999984
0.999984
0.999984
0.999984
0.999984
0.999984
0.999984
0.999984
0.999984
0.999985
0.999985
0.999985
0.999985
0.999985
0.999985
0.999986
0.999986
0.999986
0.999986
0.999985
0.999985
0.999985
0.999985
0.999985
0.999985
0.999985
0.999985
0.999985
0.999984
0.999984
0.999984
0.999984
0.999984
0.999984
0.999984
0.999983
0.999983
0.999983
0.999983
0.999983
0.999983
0.999983
0.999983
0.999983
0.999983
0.999983
0.999983
0.999983
0.999983
0.999983
0.999983
0.999983
0.999983
0.999983
0.999983
0.999983
0.999983
0.999983
0.999983
0.999983
0.999983
0.999983
0.999983
0.999984
0.999984
0.999984
0.999984
0.999984
0.999984
0.999984
0.999985
0.999985
0.999985
0.999985
0.999985
0.999985
0.999985
0.999985
0.999985
0.999985
0.999985
0.999985
0.999985
0.999985
0.999985
0.999985
0.999985
0.999984
0.999984
0.999984
0.999984
0.999984
0.999984
0.999983
0.999983
0.999983
0.999983
0.999983
0.999983
0.999983
0.999983
0.999983
0.999983
0.999983
0.999983
0.999983
0.999983
0.999983
0.999983
0.999983
0.999983
0.999983
0.999983
0.999983
0.999983
0.999983
0.999983
0.999983
0.999983
0.999983
0.999983
0.999983
0.999983
0.999983
0.999983
0.999984
0.999984
0.999984
0.999984
0.999984
0.999984
0.999985
0.999985
0.999985
0.999985
0.999985
0.999985
0.999985
0.999985
0.999985
0.999985
0.999985
0.999985
0.999985
0.999985
0.999984
0.999984
0.999984
0.999984
0.999984
0.999984
0.999983
0.999983
0.999983
0.999983
0.999983
0.999983
0.999983
0.999983
0.999983
0.999983
0.999983
0.999983
0.999983
0.999983
0.999983
0.999983
0.999983
0.999983
0.999983
0.999983
0.999983
0.999983
0.999983
0.999983
0.999983
0.999983
0.999983
0.999983
0.999983
0.999983
0.999983
0.999983
0.999983
0.999983
0.999983
0.999983
0.999984
0.999984
0.999984
0.999984
0.999984
0.999984
0.999985
0.999985
0.999985
0.999985
0.999985
0.999985
0.999985
0.999985
0.999985
0.999985
0.999985
0.999985
0.999984
0.999984
0.999984
0.999984
0.999984
0.999984
0.999983
0.999983
0.999983
0.999983
0.999983
0.999983
0.999983
0.999983
0.999983
0.999983
0.999983
0.999983
0.999983
0.999983
0.999983
0.999983
0.999983
0.999983
0.999983
0.999983
0.999983
0.999983
0.999983
0.999983
0.999983
0.999983
0.999983
0.999983
0.999983
0.999983
0.999983
0.999983
0.999983
0.999983
0.999983
0.999983
0.999984
0.999984
0.999984
0.999984
0.999984
0.999984
0.999985
0.999985
0.999985
0.999985
0.999985
0.999985
0.999985
0.999985
0.999985
0.999985
0.999985
0.999984
0.999984
0.999984
0.999984
0.999984
0.999984
0.999983
0.999983
0.999983
0.999983
0.999983
0.999983
0.999983
0.999983
0.999983
0.999983
0.999983
0.999983
0.999983
0.999983
0.999983
0.999983
0.999983
0.999983
0.999983
0.999983
0.999983
0.999983
0.999983
0.999983
0.999983
0.999983
0.999983
0.999983
0.999983
0.999983
0.999983
0.999983
0.999983
0.999983
0.999983
0.999983
0.999983
0.999983
0.999984
0.999984
0.999984
0.999984
0.999984
0.999984
0.999985
0.999985
0.999985
0.999985
0.999985
0.999985
0.999985
0.999985
0.999985
0.999985
0.999985
0.999984
0.999984
0.999984
0.999984
0.999984
0.999984
0.999983
0.999983
0.999983
0.999983
0.999983
0.999983
0.999983
0.999983
0.999983
0.999983
0.999983
0.999983
0.999983
0.999983
0.999983
0.999983
0.999983
0.999983
0.999983
0.999983
0.999983
0.999983
0.999983
0.999983
0.999983
0.999983
0.999983
0.999983
0.999983
0.999983
0.999983
0.999983
0.999983
0.999983
0.999983
0.999983
0.999984
0.999984
0.999984
0.999984
0.999984
0.999984
0.999985
0.999985
0.999985
0.999985
0.999985
0.999985
0.999985
0.999985
0.999985
0.999985
0.999985
0.999985
0.999985
0.999984
0.999984
0.999984
0.999984
0.999984
0.999984
0.999983
0.999983
0.999983
0.999983
0.999983
0.999983
0.999983
0.999983
0.999983
0.999983
0.999983
0.999983
0.999983
0.999983
0.999983
0.999983
0.999983
0.999983
0.999983
0.999983
0.999983
0.999983
0.999983
0.999983
0.999983
0.999983
0.999983
0.999983
0.999983
0.999983
0.999983
0.999983
0.999983
0.999983
0.999984
0.999984
0.999984
0.999984
0.999984
0.999984
0.999985
0.999985
0.999985
0.999985
0.999985
0.999985
0.999985
0.999986
0.999985
0.999985
0.999985
0.999985
0.999985
0.999985
0.999985
0.999985
0.999984
0.999984
0.999984
0.999984
0.999984
0.999984
0.999984
0.999983
0.999983
0.999983
0.999983
0.999983
0.999983
0.999983
0.999983
0.999983
0.999983
0.999983
0.999983
0.999983
0.999983
0.999983
0.999983
0.999983
0.999983
0.999983
0.999983
0.999983
0.999983
0.999983
0.999983
0.999983
0.999983
0.999983
0.999983
0.999984
0.999984
0.999984
0.999984
0.999984
0.999984
0.999984
0.999985
0.999985
0.999985
0.999985
0.999985
0.999985
0.999985
0.999985
0.999986
0.999986
0.999986
0.999986
0.999986
0.999986
0.999985
0.999985
0.999985
0.999985
0.999985
0.999985
0.999985
0.999984
0.999984
0.999984
0.999984
0.999984
0.999984
0.999984
0.999984
0.999984
0.999984
0.999984
0.999984
0.999984
0.999984
0.999984
0.999984
0.999984
0.999984
0.999984
0.999984
0.999984
0.999984
0.999984
0.999984
0.999984
0.999984
0.999984
0.999984
0.999984
0.999984
0.999984
0.999984
0.999984
0.999984
0.999984
0.999984
0.999985
0.999985
0.999985
0.999985
0.999985
0.999985
0.999985
0.999986
0.999986
0.999986
0.999986
0.999986
0.999987
0.999986
0.999986
0.999986
0.999986
0.999986
0.999986
0.999986
0.999986
0.999985
0.999985
0.999985
0.999985
0.999985
0.999985
0.999985
0.999985
0.999985
0.999985
0.999985
0.999984
0.999984
0.999984
0.999984
0.999984
0.999984
0.999984
0.999984
0.999984
0.999984
0.999984
0.999984
0.999984
0.999984
0.999984
0.999984
0.999984
0.999984
0.999984
0.999984
0.999985
0.999985
0.999985
0.999985
0.999985
0.999985
0.999985
0.999985
0.999985
0.999985
0.999985
0.999986
0.999986
0.999986
0.999986
0.999986
0.999986
0.999986
0.999986
0.999987
0.999987
0.999987
0.999987
0.999987
0.999987
0.999987
0.999987
0.999987
0.999986
0.999986
0.999986
0.999986
0.999986
0.999986
0.999986
0.999986
0.999986
0.999985
0.999985
0.999985
0.999985
0.999985
0.999985
0.999985
0.999985
0.999985
0.999985
0.999985
0.999985
0.999985
0.999985
0.999985
0.999985
0.999985
0.999985
0.999985
0.999985
0.999985
0.999985
0.999985
0.999985
0.999985
0.999985
0.999986
0.999986
0.999986
0.999986
0.999986
0.999986
0.999986
0.999986
0.999986
0.999987
0.999987
0.999987
0.999987
0.999987
0.999987
0.999987
0.999987
0.999988
0.999988
0.999988
0.999988
0.999988
0.999988
0.999988
0.999988
0.999987
0.999987
0.999987
0.999987
0.999987
0.999987
0.999987
0.999987
0.999987
0.999987
0.999986
0.999986
0.999986
0.999986
0.999986
0.999986
0.999986
0.999986
0.999986
0.999986
0.999986
0.999986
0.999986
0.999986
0.999986
0.999986
0.999986
0.999986
0.999986
0.999986
0.999986
0.999986
0.999986
0.999986
0.999987
0.999987
0.999987
0.999987
0.999987
0.999987
0.999987
0.999987
0.999987
0.999987
0.999988
0.999988
0.999988
0.999988
0.999988
0.999988
0.999988
0.999988
0.999989
0.999989
0.999989
0.999989
0.999989
0.999989
0.999989
0.999989
0.999989
0.999988
0.999988
0.999988
0.999988
0.999988
0.999988
0.999988
0.999988
0.999988
0.999988
0.999988
0.999988
0.999988
0.999988
0.999988
0.999988
0.999988
0.999988
0.999988
0.999988
0.999988
0.999988
0.999988
0.999988
0.999988
0.999988
0.999988
0.999988
0.999988
0.999988
0.999988
0.999988
0.999988
0.999988
0.999988
0.999988
0.999988
0.999988
0.999988
0.999988
0.999988
0.999988
0.999989
0.999989
0.999989
0.999989
0.999989
0.999989
0.999989
0.999989
0.999989
0.999991
0.99999
0.99999
0.99999
0.99999
0.99999
0.99999
0.99999
0.99999
0.99999
0.99999
0.99999
0.99999
0.999989
0.999989
0.999989
0.999989
0.999989
0.999989
0.999989
0.999989
0.999989
0.999989
0.999989
0.999989
0.999989
0.999989
0.999989
0.999989
0.999989
0.999989
0.999989
0.999989
0.999989
0.999989
0.999989
0.999989
0.999989
0.999989
0.999989
0.999989
0.999989
0.999989
0.999989
0.999989
0.999989
0.999989
0.99999
0.99999
0.99999
0.99999
0.99999
0.99999
0.99999
0.99999
0.99999
0.99999
0.99999
0.99999
0.999991
0.999992
0.999992
0.999992
0.999992
0.999992
0.999992
0.999992
0.999992
0.999991
0.999991
0.999991
0.999991
0.999991
0.999991
0.999991
0.999991
0.999991
0.999991
0.999991
0.999991
0.999991
0.999991
0.999991
0.999991
0.999991
0.999991
0.999991
0.999991
0.999991
0.999991
0.999991
0.999991
0.999991
0.999991
0.999991
0.999991
0.999991
0.999991
0.999991
0.999991
0.999991
0.999991
0.999991
0.999991
0.999991
0.999991
0.999991
0.999991
0.999991
0.999991
0.999991
0.999991
0.999992
0.999992
0.999992
0.999992
0.999992
0.999992
0.999992
0.999992
0.999994
0.999994
0.999993
0.999993
0.999993
0.999993
0.999993
0.999993
0.999993
0.999993
0.999993
0.999993
0.999993
0.999993
0.999993
0.999993
0.999993
0.999993
0.999993
0.999993
0.999993
0.999993
0.999993
0.999993
0.999993
0.999993
0.999993
0.999993
0.999993
0.999993
0.999993
0.999993
0.999993
0.999993
0.999993
0.999993
0.999993
0.999993
0.999993
0.999993
0.999993
0.999993
0.999993
0.999993
0.999993
0.999993
0.999993
0.999993
0.999993
0.999993
0.999993
0.999993
0.999993
0.999993
0.999993
0.999993
0.999993
0.999993
0.999994
0.999994
0.999995
0.999995
0.999995
0.999995
0.999995
0.999995
0.999995
0.999995
0.999995
0.999995
0.999995
0.999995
0.999995
0.999995
0.999995
0.999995
0.999995
0.999995
0.999995
0.999995
0.999995
0.999995
0.999995
0.999995
0.999994
0.999994
0.999994
0.999994
0.999994
0.999994
0.999994
0.999994
0.999994
0.999994
0.999994
0.999994
0.999995
0.999995
0.999995
0.999995
0.999995
0.999995
0.999995
0.999995
0.999995
0.999995
0.999995
0.999995
0.999995
0.999995
0.999995
0.999995
0.999995
0.999995
0.999995
0.999995
0.999995
0.999995
0.999995
0.999995
0.999997
0.999997
0.999997
0.999997
0.999997
0.999997
0.999997
0.999997
0.999997
0.999997
0.999997
0.999997
0.999997
0.999997
0.999997
0.999997
0.999997
0.999997
0.999997
0.999997
0.999997
0.999997
0.999997
0.999997
0.999997
0.999997
0.999997
0.999997
0.999997
0.999997
0.999997
0.999997
0.999997
0.999997
0.999997
0.999997
0.999997
0.999997
0.999997
0.999997
0.999997
0.999997
0.999997
0.999997
0.999997
0.999997
0.999997
0.999997
0.999997
0.999997
0.999997
0.999997
0.999997
0.999997
0.999997
0.999997
0.999997
0.999997
0.999997
0.999997
0.999999
0.999999
0.999999
0.999999
0.999999
0.999999
0.999999
0.999999
0.999999
0.999999
0.999999
0.999999
0.999999
0.999999
0.999999
0.999999
0.999999
0.999999
0.999999
0.999999
0.999999
0.999999
0.999999
0.999999
0.999999
0.999999
0.999999
0.999999
0.999999
0.999999
0.999999
0.999999
0.999999
0.999999
0.999999
0.999999
0.999999
0.999999
0.999999
0.999999
0.999999
0.999999
0.999999
0.999999
0.999999
0.999999
0.999999
0.999999
0.999999
0.999999
0.999999
0.999999
0.999999
0.999999
0.999999
0.999999
0.999999
0.999999
0.999999
0.999999
)
;

boundaryField
{
    top
    {
        type            fixedValue;
        value           uniform 1;
    }
    bottom
    {
        type            fixedValue;
        value           uniform 1;
    }
    wall
    {
        type            zeroGradient;
    }
    frontAndBack
    {
        type            empty;
    }
}


// ************************************************************************* //
