/*--------------------------------*- C++ -*----------------------------------*\
| =========                 |                                                 |
| \\      /  F ield         | foam-extend: Open Source CFD                    |
|  \\    /   O peration     | Version:     4.0                                |
|   \\  /    A nd           | Web:         http://www.foam-extend.org         |
|    \\/     M anipulation  |                                                 |
\*---------------------------------------------------------------------------*/
FoamFile
{
    version     2.0;
    format      ascii;
    class       volScalarField;
    location    "1100";
    object      cMinus;
}
// * * * * * * * * * * * * * * * * * * * * * * * * * * * * * * * * * * * * * //

dimensions      [0 0 0 0 0 0 0];

internalField   nonuniform List<scalar> 
6960
(
-2.27123e-21
-2.21167e-21
-2.20692e-21
-2.20615e-21
-2.20574e-21
-2.20547e-21
-2.20533e-21
-2.20528e-21
-2.20531e-21
-2.2054e-21
-2.20553e-21
-2.20569e-21
-2.20587e-21
-2.20606e-21
-2.20626e-21
-2.20646e-21
-2.20666e-21
-2.20684e-21
-2.20702e-21
-2.20718e-21
-2.20733e-21
-2.20747e-21
-2.20759e-21
-2.20769e-21
-2.20778e-21
-2.20786e-21
-2.20792e-21
-2.20796e-21
-2.20799e-21
-2.208e-21
-2.208e-21
-2.20799e-21
-2.20796e-21
-2.20792e-21
-2.20786e-21
-2.20778e-21
-2.20769e-21
-2.20759e-21
-2.20747e-21
-2.20733e-21
-2.20718e-21
-2.20702e-21
-2.20684e-21
-2.20666e-21
-2.20646e-21
-2.20626e-21
-2.20606e-21
-2.20587e-21
-2.20569e-21
-2.20553e-21
-2.2054e-21
-2.20531e-21
-2.20528e-21
-2.20533e-21
-2.20547e-21
-2.20574e-21
-2.20615e-21
-2.20692e-21
-2.21167e-21
-2.27123e-21
-2.85688e-21
-2.78201e-21
-2.77606e-21
-2.7751e-21
-2.77459e-21
-2.77426e-21
-2.77409e-21
-2.77403e-21
-2.77408e-21
-2.7742e-21
-2.77437e-21
-2.77458e-21
-2.77482e-21
-2.77507e-21
-2.77533e-21
-2.77559e-21
-2.77585e-21
-2.77609e-21
-2.77632e-21
-2.77653e-21
-2.77673e-21
-2.7769e-21
-2.77706e-21
-2.7772e-21
-2.77731e-21
-2.77741e-21
-2.77749e-21
-2.77754e-21
-2.77758e-21
-2.7776e-21
-2.7776e-21
-2.77758e-21
-2.77754e-21
-2.77749e-21
-2.77741e-21
-2.77731e-21
-2.7772e-21
-2.77706e-21
-2.7769e-21
-2.77673e-21
-2.77653e-21
-2.77632e-21
-2.77609e-21
-2.77585e-21
-2.77559e-21
-2.77533e-21
-2.77507e-21
-2.77482e-21
-2.77458e-21
-2.77437e-21
-2.7742e-21
-2.77408e-21
-2.77403e-21
-2.77409e-21
-2.77426e-21
-2.77459e-21
-2.7751e-21
-2.77606e-21
-2.78201e-21
-2.85688e-21
-5.20852e-21
-5.0725e-21
-5.06174e-21
-5.05999e-21
-5.05905e-21
-5.05846e-21
-5.05814e-21
-5.05805e-21
-5.05813e-21
-5.05835e-21
-5.05867e-21
-5.05906e-21
-5.0595e-21
-5.05997e-21
-5.06044e-21
-5.06092e-21
-5.06139e-21
-5.06184e-21
-5.06226e-21
-5.06265e-21
-5.06301e-21
-5.06333e-21
-5.06362e-21
-5.06387e-21
-5.06409e-21
-5.06426e-21
-5.0644e-21
-5.06451e-21
-5.06458e-21
-5.06461e-21
-5.06461e-21
-5.06458e-21
-5.06451e-21
-5.0644e-21
-5.06426e-21
-5.06409e-21
-5.06387e-21
-5.06362e-21
-5.06333e-21
-5.06301e-21
-5.06265e-21
-5.06226e-21
-5.06184e-21
-5.06139e-21
-5.06092e-21
-5.06044e-21
-5.05997e-21
-5.0595e-21
-5.05906e-21
-5.05867e-21
-5.05835e-21
-5.05813e-21
-5.05805e-21
-5.05814e-21
-5.05846e-21
-5.05905e-21
-5.05999e-21
-5.06174e-21
-5.0725e-21
-5.20852e-21
-1.03755e-20
-1.01056e-20
-1.00843e-20
-1.00808e-20
-1.00789e-20
-1.00778e-20
-1.00771e-20
-1.00769e-20
-1.00771e-20
-1.00775e-20
-1.00782e-20
-1.00789e-20
-1.00798e-20
-1.00807e-20
-1.00817e-20
-1.00826e-20
-1.00836e-20
-1.00845e-20
-1.00853e-20
-1.00861e-20
-1.00868e-20
-1.00874e-20
-1.0088e-20
-1.00885e-20
-1.00889e-20
-1.00893e-20
-1.00896e-20
-1.00898e-20
-1.00899e-20
-1.009e-20
-1.009e-20
-1.00899e-20
-1.00898e-20
-1.00896e-20
-1.00893e-20
-1.00889e-20
-1.00885e-20
-1.0088e-20
-1.00874e-20
-1.00868e-20
-1.00861e-20
-1.00853e-20
-1.00845e-20
-1.00836e-20
-1.00826e-20
-1.00817e-20
-1.00807e-20
-1.00798e-20
-1.00789e-20
-1.00782e-20
-1.00775e-20
-1.00771e-20
-1.00769e-20
-1.00771e-20
-1.00778e-20
-1.00789e-20
-1.00808e-20
-1.00843e-20
-1.01056e-20
-1.03755e-20
-2.07846e-20
-2.02461e-20
-2.02038e-20
-2.01968e-20
-2.01931e-20
-2.01907e-20
-2.01894e-20
-2.0189e-20
-2.01893e-20
-2.01902e-20
-2.01915e-20
-2.0193e-20
-2.01947e-20
-2.01966e-20
-2.01985e-20
-2.02004e-20
-2.02022e-20
-2.0204e-20
-2.02057e-20
-2.02072e-20
-2.02087e-20
-2.021e-20
-2.02111e-20
-2.02121e-20
-2.02129e-20
-2.02136e-20
-2.02142e-20
-2.02146e-20
-2.02149e-20
-2.0215e-20
-2.0215e-20
-2.02149e-20
-2.02146e-20
-2.02142e-20
-2.02136e-20
-2.02129e-20
-2.02121e-20
-2.02111e-20
-2.021e-20
-2.02087e-20
-2.02072e-20
-2.02057e-20
-2.0204e-20
-2.02022e-20
-2.02004e-20
-2.01985e-20
-2.01966e-20
-2.01947e-20
-2.0193e-20
-2.01915e-20
-2.01902e-20
-2.01893e-20
-2.0189e-20
-2.01894e-20
-2.01907e-20
-2.01931e-20
-2.01968e-20
-2.02038e-20
-2.02461e-20
-2.07846e-20
-4.13385e-20
-4.02717e-20
-4.01881e-20
-4.01743e-20
-4.01668e-20
-4.01621e-20
-4.01595e-20
-4.01587e-20
-4.01593e-20
-4.0161e-20
-4.01635e-20
-4.01666e-20
-4.01701e-20
-4.01737e-20
-4.01775e-20
-4.01812e-20
-4.01849e-20
-4.01884e-20
-4.01917e-20
-4.01948e-20
-4.01976e-20
-4.02002e-20
-4.02025e-20
-4.02044e-20
-4.02061e-20
-4.02075e-20
-4.02086e-20
-4.02094e-20
-4.021e-20
-4.02103e-20
-4.02103e-20
-4.021e-20
-4.02094e-20
-4.02086e-20
-4.02075e-20
-4.02061e-20
-4.02044e-20
-4.02025e-20
-4.02002e-20
-4.01976e-20
-4.01948e-20
-4.01917e-20
-4.01884e-20
-4.01849e-20
-4.01812e-20
-4.01775e-20
-4.01737e-20
-4.01701e-20
-4.01666e-20
-4.01635e-20
-4.0161e-20
-4.01593e-20
-4.01587e-20
-4.01595e-20
-4.01621e-20
-4.01668e-20
-4.01743e-20
-4.01881e-20
-4.02717e-20
-4.13385e-20
-8.17126e-20
-7.96124e-20
-7.94483e-20
-7.94212e-20
-7.94063e-20
-7.93969e-20
-7.93918e-20
-7.93903e-20
-7.93915e-20
-7.93948e-20
-7.93997e-20
-7.94058e-20
-7.94126e-20
-7.94198e-20
-7.94272e-20
-7.94346e-20
-7.94419e-20
-7.94488e-20
-7.94553e-20
-7.94614e-20
-7.9467e-20
-7.9472e-20
-7.94765e-20
-7.94803e-20
-7.94837e-20
-7.94864e-20
-7.94886e-20
-7.94902e-20
-7.94913e-20
-7.94918e-20
-7.94918e-20
-7.94913e-20
-7.94902e-20
-7.94886e-20
-7.94864e-20
-7.94837e-20
-7.94803e-20
-7.94765e-20
-7.9472e-20
-7.9467e-20
-7.94614e-20
-7.94553e-20
-7.94488e-20
-7.94419e-20
-7.94346e-20
-7.94272e-20
-7.94198e-20
-7.94126e-20
-7.94058e-20
-7.93997e-20
-7.93948e-20
-7.93915e-20
-7.93903e-20
-7.93918e-20
-7.93969e-20
-7.94063e-20
-7.94212e-20
-7.94483e-20
-7.96124e-20
-8.17126e-20
-1.60893e-19
-1.56774e-19
-1.56453e-19
-1.564e-19
-1.5637e-19
-1.56352e-19
-1.56342e-19
-1.56338e-19
-1.56341e-19
-1.56347e-19
-1.56357e-19
-1.56369e-19
-1.56382e-19
-1.56397e-19
-1.56411e-19
-1.56426e-19
-1.5644e-19
-1.56454e-19
-1.56466e-19
-1.56478e-19
-1.56489e-19
-1.56499e-19
-1.56508e-19
-1.56516e-19
-1.56522e-19
-1.56527e-19
-1.56532e-19
-1.56535e-19
-1.56537e-19
-1.56538e-19
-1.56538e-19
-1.56537e-19
-1.56535e-19
-1.56532e-19
-1.56527e-19
-1.56522e-19
-1.56516e-19
-1.56508e-19
-1.56499e-19
-1.56489e-19
-1.56478e-19
-1.56466e-19
-1.56454e-19
-1.5644e-19
-1.56426e-19
-1.56411e-19
-1.56397e-19
-1.56382e-19
-1.56369e-19
-1.56357e-19
-1.56347e-19
-1.56341e-19
-1.56338e-19
-1.56342e-19
-1.56352e-19
-1.5637e-19
-1.564e-19
-1.56453e-19
-1.56774e-19
-1.60893e-19
-3.16042e-19
-3.0798e-19
-3.07354e-19
-3.0725e-19
-3.07192e-19
-3.07155e-19
-3.07135e-19
-3.07129e-19
-3.07134e-19
-3.07147e-19
-3.07166e-19
-3.07189e-19
-3.07215e-19
-3.07243e-19
-3.07272e-19
-3.073e-19
-3.07328e-19
-3.07355e-19
-3.0738e-19
-3.07404e-19
-3.07425e-19
-3.07445e-19
-3.07462e-19
-3.07477e-19
-3.0749e-19
-3.075e-19
-3.07509e-19
-3.07515e-19
-3.07519e-19
-3.07521e-19
-3.07521e-19
-3.07519e-19
-3.07515e-19
-3.07509e-19
-3.075e-19
-3.0749e-19
-3.07477e-19
-3.07462e-19
-3.07445e-19
-3.07425e-19
-3.07404e-19
-3.0738e-19
-3.07355e-19
-3.07328e-19
-3.073e-19
-3.07272e-19
-3.07243e-19
-3.07215e-19
-3.07189e-19
-3.07166e-19
-3.07147e-19
-3.07134e-19
-3.07129e-19
-3.07135e-19
-3.07155e-19
-3.07192e-19
-3.0725e-19
-3.07354e-19
-3.0798e-19
-3.16042e-19
-6.19745e-19
-6.03983e-19
-6.02765e-19
-6.0256e-19
-6.02447e-19
-6.02375e-19
-6.02335e-19
-6.02323e-19
-6.02332e-19
-6.02357e-19
-6.02395e-19
-6.0244e-19
-6.02492e-19
-6.02547e-19
-6.02603e-19
-6.02659e-19
-6.02714e-19
-6.02767e-19
-6.02816e-19
-6.02862e-19
-6.02904e-19
-6.02942e-19
-6.02976e-19
-6.03005e-19
-6.03031e-19
-6.03051e-19
-6.03068e-19
-6.0308e-19
-6.03088e-19
-6.03092e-19
-6.03092e-19
-6.03088e-19
-6.0308e-19
-6.03068e-19
-6.03051e-19
-6.03031e-19
-6.03005e-19
-6.02976e-19
-6.02942e-19
-6.02904e-19
-6.02862e-19
-6.02816e-19
-6.02767e-19
-6.02714e-19
-6.02659e-19
-6.02603e-19
-6.02547e-19
-6.02492e-19
-6.0244e-19
-6.02395e-19
-6.02357e-19
-6.02332e-19
-6.02323e-19
-6.02335e-19
-6.02375e-19
-6.02447e-19
-6.0256e-19
-6.02765e-19
-6.03983e-19
-6.19745e-19
-1.21336e-18
-1.18256e-18
-1.1802e-18
-1.17979e-18
-1.17957e-18
-1.17943e-18
-1.17935e-18
-1.17933e-18
-1.17935e-18
-1.17939e-18
-1.17947e-18
-1.17956e-18
-1.17966e-18
-1.17977e-18
-1.17988e-18
-1.17999e-18
-1.18009e-18
-1.1802e-18
-1.1803e-18
-1.18039e-18
-1.18047e-18
-1.18054e-18
-1.18061e-18
-1.18067e-18
-1.18072e-18
-1.18076e-18
-1.18079e-18
-1.18081e-18
-1.18083e-18
-1.18084e-18
-1.18084e-18
-1.18083e-18
-1.18081e-18
-1.18079e-18
-1.18076e-18
-1.18072e-18
-1.18067e-18
-1.18061e-18
-1.18054e-18
-1.18047e-18
-1.18039e-18
-1.1803e-18
-1.1802e-18
-1.18009e-18
-1.17999e-18
-1.17988e-18
-1.17977e-18
-1.17966e-18
-1.17956e-18
-1.17947e-18
-1.17939e-18
-1.17935e-18
-1.17933e-18
-1.17935e-18
-1.17943e-18
-1.17957e-18
-1.17979e-18
-1.1802e-18
-1.18256e-18
-1.21336e-18
-2.37098e-18
-2.31084e-18
-2.30624e-18
-2.30545e-18
-2.30501e-18
-2.30473e-18
-2.30458e-18
-2.30453e-18
-2.30457e-18
-2.30466e-18
-2.30481e-18
-2.30498e-18
-2.30518e-18
-2.30539e-18
-2.30561e-18
-2.30583e-18
-2.30604e-18
-2.30624e-18
-2.30643e-18
-2.30661e-18
-2.30677e-18
-2.30692e-18
-2.30705e-18
-2.30716e-18
-2.30726e-18
-2.30734e-18
-2.3074e-18
-2.30745e-18
-2.30748e-18
-2.3075e-18
-2.3075e-18
-2.30748e-18
-2.30745e-18
-2.3074e-18
-2.30734e-18
-2.30726e-18
-2.30716e-18
-2.30705e-18
-2.30692e-18
-2.30677e-18
-2.30661e-18
-2.30643e-18
-2.30624e-18
-2.30604e-18
-2.30583e-18
-2.30561e-18
-2.30539e-18
-2.30518e-18
-2.30498e-18
-2.30481e-18
-2.30466e-18
-2.30457e-18
-2.30453e-18
-2.30458e-18
-2.30473e-18
-2.30501e-18
-2.30545e-18
-2.30624e-18
-2.31084e-18
-2.37098e-18
-4.62049e-18
-4.50309e-18
-4.49415e-18
-4.49261e-18
-4.49174e-18
-4.49119e-18
-4.49089e-18
-4.49079e-18
-4.49086e-18
-4.49105e-18
-4.49133e-18
-4.49168e-18
-4.49207e-18
-4.49248e-18
-4.49291e-18
-4.49333e-18
-4.49374e-18
-4.49414e-18
-4.49452e-18
-4.49486e-18
-4.49518e-18
-4.49547e-18
-4.49573e-18
-4.49595e-18
-4.49614e-18
-4.49629e-18
-4.49642e-18
-4.49651e-18
-4.49657e-18
-4.4966e-18
-4.4966e-18
-4.49657e-18
-4.49651e-18
-4.49642e-18
-4.49629e-18
-4.49614e-18
-4.49595e-18
-4.49573e-18
-4.49547e-18
-4.49518e-18
-4.49486e-18
-4.49452e-18
-4.49414e-18
-4.49374e-18
-4.49333e-18
-4.49291e-18
-4.49248e-18
-4.49207e-18
-4.49168e-18
-4.49133e-18
-4.49105e-18
-4.49086e-18
-4.49079e-18
-4.49089e-18
-4.49119e-18
-4.49174e-18
-4.49261e-18
-4.49415e-18
-4.50309e-18
-4.62049e-18
-8.96749e-18
-8.73837e-18
-8.72101e-18
-8.718e-18
-8.71629e-18
-8.7152e-18
-8.71461e-18
-8.71442e-18
-8.71454e-18
-8.71491e-18
-8.71546e-18
-8.71614e-18
-8.71691e-18
-8.71772e-18
-8.71855e-18
-8.71939e-18
-8.7202e-18
-8.72098e-18
-8.72171e-18
-8.7224e-18
-8.72302e-18
-8.72359e-18
-8.72409e-18
-8.72452e-18
-8.72489e-18
-8.7252e-18
-8.72545e-18
-8.72563e-18
-8.72575e-18
-8.72581e-18
-8.72581e-18
-8.72575e-18
-8.72563e-18
-8.72545e-18
-8.7252e-18
-8.72489e-18
-8.72452e-18
-8.72409e-18
-8.72359e-18
-8.72302e-18
-8.7224e-18
-8.72171e-18
-8.72098e-18
-8.7202e-18
-8.71939e-18
-8.71855e-18
-8.71772e-18
-8.71691e-18
-8.71614e-18
-8.71546e-18
-8.71491e-18
-8.71454e-18
-8.71442e-18
-8.71461e-18
-8.7152e-18
-8.71629e-18
-8.718e-18
-8.72101e-18
-8.73837e-18
-8.96749e-18
-1.72932e-17
-1.68462e-17
-1.68125e-17
-1.68066e-17
-1.68032e-17
-1.68011e-17
-1.67999e-17
-1.67995e-17
-1.67998e-17
-1.68005e-17
-1.68015e-17
-1.68029e-17
-1.68044e-17
-1.6806e-17
-1.68076e-17
-1.68092e-17
-1.68108e-17
-1.68124e-17
-1.68138e-17
-1.68151e-17
-1.68164e-17
-1.68175e-17
-1.68184e-17
-1.68193e-17
-1.682e-17
-1.68206e-17
-1.68211e-17
-1.68215e-17
-1.68217e-17
-1.68218e-17
-1.68218e-17
-1.68217e-17
-1.68215e-17
-1.68211e-17
-1.68206e-17
-1.682e-17
-1.68193e-17
-1.68184e-17
-1.68175e-17
-1.68164e-17
-1.68151e-17
-1.68138e-17
-1.68124e-17
-1.68108e-17
-1.68092e-17
-1.68076e-17
-1.6806e-17
-1.68044e-17
-1.68029e-17
-1.68015e-17
-1.68005e-17
-1.67998e-17
-1.67995e-17
-1.67999e-17
-1.68011e-17
-1.68032e-17
-1.68066e-17
-1.68125e-17
-1.68462e-17
-1.72932e-17
-3.30068e-17
-3.21348e-17
-3.20695e-17
-3.20579e-17
-3.20512e-17
-3.2047e-17
-3.20446e-17
-3.20438e-17
-3.20443e-17
-3.20457e-17
-3.20477e-17
-3.20503e-17
-3.20533e-17
-3.20564e-17
-3.20596e-17
-3.20628e-17
-3.20659e-17
-3.20689e-17
-3.20717e-17
-3.20743e-17
-3.20767e-17
-3.20789e-17
-3.20808e-17
-3.20825e-17
-3.20839e-17
-3.20851e-17
-3.2086e-17
-3.20867e-17
-3.20872e-17
-3.20874e-17
-3.20874e-17
-3.20872e-17
-3.20867e-17
-3.2086e-17
-3.20851e-17
-3.20839e-17
-3.20825e-17
-3.20808e-17
-3.20789e-17
-3.20767e-17
-3.20743e-17
-3.20717e-17
-3.20689e-17
-3.20659e-17
-3.20628e-17
-3.20596e-17
-3.20564e-17
-3.20533e-17
-3.20503e-17
-3.20477e-17
-3.20457e-17
-3.20443e-17
-3.20438e-17
-3.20446e-17
-3.2047e-17
-3.20512e-17
-3.20579e-17
-3.20695e-17
-3.21348e-17
-3.30068e-17
-6.19228e-17
-6.02226e-17
-6.00959e-17
-6.0073e-17
-6.00598e-17
-6.00513e-17
-6.00465e-17
-6.00449e-17
-6.00457e-17
-6.00483e-17
-6.00524e-17
-6.00574e-17
-6.0063e-17
-6.00691e-17
-6.00754e-17
-6.00816e-17
-6.00877e-17
-6.00935e-17
-6.0099e-17
-6.01041e-17
-6.01088e-17
-6.0113e-17
-6.01168e-17
-6.012e-17
-6.01228e-17
-6.01251e-17
-6.0127e-17
-6.01283e-17
-6.01292e-17
-6.01297e-17
-6.01297e-17
-6.01292e-17
-6.01283e-17
-6.0127e-17
-6.01251e-17
-6.01228e-17
-6.012e-17
-6.01168e-17
-6.0113e-17
-6.01088e-17
-6.01041e-17
-6.0099e-17
-6.00935e-17
-6.00877e-17
-6.00816e-17
-6.00754e-17
-6.00691e-17
-6.0063e-17
-6.00574e-17
-6.00524e-17
-6.00483e-17
-6.00457e-17
-6.00449e-17
-6.00465e-17
-6.00513e-17
-6.00598e-17
-6.0073e-17
-6.00959e-17
-6.02226e-17
-6.19228e-17
-1.12707e-16
-1.09393e-16
-1.09147e-16
-1.09102e-16
-1.09076e-16
-1.09058e-16
-1.09049e-16
-1.09045e-16
-1.09046e-16
-1.09051e-16
-1.09059e-16
-1.09069e-16
-1.0908e-16
-1.09091e-16
-1.09103e-16
-1.09116e-16
-1.09127e-16
-1.09139e-16
-1.09149e-16
-1.09159e-16
-1.09168e-16
-1.09177e-16
-1.09184e-16
-1.0919e-16
-1.09196e-16
-1.092e-16
-1.09204e-16
-1.09206e-16
-1.09208e-16
-1.09209e-16
-1.09209e-16
-1.09208e-16
-1.09206e-16
-1.09204e-16
-1.092e-16
-1.09196e-16
-1.0919e-16
-1.09184e-16
-1.09177e-16
-1.09168e-16
-1.09159e-16
-1.09149e-16
-1.09139e-16
-1.09127e-16
-1.09116e-16
-1.09103e-16
-1.09091e-16
-1.0908e-16
-1.09069e-16
-1.09059e-16
-1.09051e-16
-1.09046e-16
-1.09045e-16
-1.09049e-16
-1.09058e-16
-1.09076e-16
-1.09102e-16
-1.09147e-16
-1.09393e-16
-1.12707e-16
-1.93641e-16
-1.87182e-16
-1.86706e-16
-1.86616e-16
-1.86563e-16
-1.86528e-16
-1.86508e-16
-1.865e-16
-1.86501e-16
-1.8651e-16
-1.86524e-16
-1.86543e-16
-1.86563e-16
-1.86586e-16
-1.86609e-16
-1.86632e-16
-1.86655e-16
-1.86677e-16
-1.86697e-16
-1.86716e-16
-1.86734e-16
-1.86749e-16
-1.86763e-16
-1.86776e-16
-1.86786e-16
-1.86795e-16
-1.86802e-16
-1.86807e-16
-1.8681e-16
-1.86812e-16
-1.86812e-16
-1.8681e-16
-1.86807e-16
-1.86802e-16
-1.86795e-16
-1.86786e-16
-1.86776e-16
-1.86763e-16
-1.86749e-16
-1.86734e-16
-1.86716e-16
-1.86697e-16
-1.86677e-16
-1.86655e-16
-1.86632e-16
-1.86609e-16
-1.86586e-16
-1.86563e-16
-1.86543e-16
-1.86524e-16
-1.8651e-16
-1.86501e-16
-1.865e-16
-1.86508e-16
-1.86528e-16
-1.86563e-16
-1.86616e-16
-1.86706e-16
-1.87182e-16
-1.93641e-16
-2.9283e-16
-2.80246e-16
-2.79321e-16
-2.79141e-16
-2.79033e-16
-2.7896e-16
-2.78917e-16
-2.78897e-16
-2.78897e-16
-2.78911e-16
-2.78936e-16
-2.7897e-16
-2.79008e-16
-2.7905e-16
-2.79093e-16
-2.79137e-16
-2.79179e-16
-2.79221e-16
-2.79259e-16
-2.79296e-16
-2.79329e-16
-2.79359e-16
-2.79385e-16
-2.79408e-16
-2.79428e-16
-2.79444e-16
-2.79457e-16
-2.79467e-16
-2.79473e-16
-2.79476e-16
-2.79476e-16
-2.79473e-16
-2.79467e-16
-2.79457e-16
-2.79444e-16
-2.79428e-16
-2.79408e-16
-2.79385e-16
-2.79359e-16
-2.79329e-16
-2.79296e-16
-2.79259e-16
-2.79221e-16
-2.79179e-16
-2.79137e-16
-2.79093e-16
-2.7905e-16
-2.79008e-16
-2.7897e-16
-2.78936e-16
-2.78911e-16
-2.78897e-16
-2.78897e-16
-2.78917e-16
-2.7896e-16
-2.79033e-16
-2.79141e-16
-2.79321e-16
-2.80246e-16
-2.9283e-16
-2.94695e-16
-2.70182e-16
-2.68382e-16
-2.68017e-16
-2.67789e-16
-2.67633e-16
-2.67536e-16
-2.67486e-16
-2.67474e-16
-2.67492e-16
-2.67532e-16
-2.67588e-16
-2.67655e-16
-2.67729e-16
-2.67807e-16
-2.67886e-16
-2.67963e-16
-2.68038e-16
-2.68109e-16
-2.68176e-16
-2.68236e-16
-2.68291e-16
-2.6834e-16
-2.68382e-16
-2.68418e-16
-2.68448e-16
-2.68471e-16
-2.68489e-16
-2.68501e-16
-2.68507e-16
-2.68507e-16
-2.68501e-16
-2.68489e-16
-2.68471e-16
-2.68448e-16
-2.68418e-16
-2.68382e-16
-2.6834e-16
-2.68291e-16
-2.68236e-16
-2.68176e-16
-2.68109e-16
-2.68038e-16
-2.67963e-16
-2.67886e-16
-2.67807e-16
-2.67729e-16
-2.67655e-16
-2.67588e-16
-2.67532e-16
-2.67492e-16
-2.67474e-16
-2.67486e-16
-2.67536e-16
-2.67633e-16
-2.67789e-16
-2.68017e-16
-2.68382e-16
-2.70182e-16
-2.94695e-16
3.34721e-16
3.82465e-16
3.85983e-16
3.86745e-16
3.87239e-16
3.87591e-16
3.87826e-16
3.87964e-16
3.88025e-16
3.88025e-16
3.87981e-16
3.87902e-16
3.878e-16
3.87681e-16
3.87554e-16
3.87423e-16
3.87292e-16
3.87165e-16
3.87044e-16
3.86931e-16
3.86827e-16
3.86733e-16
3.8665e-16
3.86578e-16
3.86516e-16
3.86465e-16
3.86424e-16
3.86394e-16
3.86374e-16
3.86364e-16
3.86364e-16
3.86374e-16
3.86394e-16
3.86424e-16
3.86465e-16
3.86516e-16
3.86578e-16
3.8665e-16
3.86733e-16
3.86827e-16
3.86931e-16
3.87044e-16
3.87165e-16
3.87292e-16
3.87423e-16
3.87554e-16
3.87681e-16
3.878e-16
3.87902e-16
3.87981e-16
3.88025e-16
3.88025e-16
3.87964e-16
3.87826e-16
3.87591e-16
3.87239e-16
3.86745e-16
3.85983e-16
3.82465e-16
3.34721e-16
3.68267e-15
3.77568e-15
3.78262e-15
3.78427e-15
3.7854e-15
3.78625e-15
3.78686e-15
3.78727e-15
3.78752e-15
3.78765e-15
3.78768e-15
3.78763e-15
3.78753e-15
3.7874e-15
3.78724e-15
3.78706e-15
3.78688e-15
3.78671e-15
3.78653e-15
3.78637e-15
3.78622e-15
3.78609e-15
3.78597e-15
3.78586e-15
3.78577e-15
3.7857e-15
3.78564e-15
3.7856e-15
3.78557e-15
3.78555e-15
3.78555e-15
3.78557e-15
3.7856e-15
3.78564e-15
3.7857e-15
3.78577e-15
3.78586e-15
3.78597e-15
3.78609e-15
3.78622e-15
3.78637e-15
3.78653e-15
3.78671e-15
3.78688e-15
3.78706e-15
3.78724e-15
3.7874e-15
3.78753e-15
3.78763e-15
3.78768e-15
3.78765e-15
3.78752e-15
3.78727e-15
3.78686e-15
3.78625e-15
3.7854e-15
3.78427e-15
3.78262e-15
3.77568e-15
3.68267e-15
1.74189e-14
1.76002e-14
1.76142e-14
1.7618e-14
1.76208e-14
1.7623e-14
1.76247e-14
1.7626e-14
1.76269e-14
1.76276e-14
1.76281e-14
1.76284e-14
1.76286e-14
1.76287e-14
1.76287e-14
1.76286e-14
1.76285e-14
1.76284e-14
1.76283e-14
1.76282e-14
1.76281e-14
1.7628e-14
1.76279e-14
1.76279e-14
1.76278e-14
1.76278e-14
1.76277e-14
1.76277e-14
1.76277e-14
1.76277e-14
1.76277e-14
1.76277e-14
1.76277e-14
1.76277e-14
1.76278e-14
1.76278e-14
1.76279e-14
1.76279e-14
1.7628e-14
1.76281e-14
1.76282e-14
1.76283e-14
1.76284e-14
1.76285e-14
1.76286e-14
1.76287e-14
1.76287e-14
1.76286e-14
1.76284e-14
1.76281e-14
1.76276e-14
1.76269e-14
1.7626e-14
1.76247e-14
1.7623e-14
1.76208e-14
1.7618e-14
1.76142e-14
1.76002e-14
1.74189e-14
6.90709e-14
6.9425e-14
6.94537e-14
6.94632e-14
6.94707e-14
6.94769e-14
6.94821e-14
6.94865e-14
6.949e-14
6.9493e-14
6.94954e-14
6.94974e-14
6.9499e-14
6.95004e-14
6.95016e-14
6.95025e-14
6.95034e-14
6.95041e-14
6.95047e-14
6.95053e-14
6.95058e-14
6.95062e-14
6.95066e-14
6.95069e-14
6.95072e-14
6.95075e-14
6.95077e-14
6.95078e-14
6.95079e-14
6.9508e-14
6.9508e-14
6.95079e-14
6.95078e-14
6.95077e-14
6.95075e-14
6.95072e-14
6.95069e-14
6.95066e-14
6.95062e-14
6.95058e-14
6.95053e-14
6.95047e-14
6.95041e-14
6.95034e-14
6.95025e-14
6.95016e-14
6.95004e-14
6.9499e-14
6.94974e-14
6.94954e-14
6.9493e-14
6.949e-14
6.94865e-14
6.94821e-14
6.94769e-14
6.94707e-14
6.94632e-14
6.94537e-14
6.9425e-14
6.90709e-14
2.56839e-13
2.57534e-13
2.57596e-13
2.57622e-13
2.57644e-13
2.57663e-13
2.5768e-13
2.57695e-13
2.57708e-13
2.57719e-13
2.57729e-13
2.57738e-13
2.57747e-13
2.57754e-13
2.5776e-13
2.57766e-13
2.57771e-13
2.57776e-13
2.5778e-13
2.57784e-13
2.57788e-13
2.57791e-13
2.57793e-13
2.57796e-13
2.57798e-13
2.578e-13
2.57801e-13
2.57802e-13
2.57803e-13
2.57803e-13
2.57803e-13
2.57803e-13
2.57802e-13
2.57801e-13
2.578e-13
2.57798e-13
2.57796e-13
2.57793e-13
2.57791e-13
2.57788e-13
2.57784e-13
2.5778e-13
2.57776e-13
2.57771e-13
2.57766e-13
2.5776e-13
2.57754e-13
2.57747e-13
2.57738e-13
2.57729e-13
2.57719e-13
2.57708e-13
2.57695e-13
2.5768e-13
2.57663e-13
2.57644e-13
2.57622e-13
2.57596e-13
2.57534e-13
2.56839e-13
9.31926e-13
9.33298e-13
9.33444e-13
9.33521e-13
9.3359e-13
9.33654e-13
9.33712e-13
9.33764e-13
9.33812e-13
9.33856e-13
9.33896e-13
9.33932e-13
9.33965e-13
9.33996e-13
9.34024e-13
9.3405e-13
9.34073e-13
9.34095e-13
9.34114e-13
9.34132e-13
9.34148e-13
9.34163e-13
9.34175e-13
9.34186e-13
9.34196e-13
9.34204e-13
9.3421e-13
9.34215e-13
9.34218e-13
9.3422e-13
9.3422e-13
9.34218e-13
9.34215e-13
9.3421e-13
9.34204e-13
9.34196e-13
9.34186e-13
9.34175e-13
9.34163e-13
9.34148e-13
9.34132e-13
9.34114e-13
9.34095e-13
9.34073e-13
9.3405e-13
9.34024e-13
9.33996e-13
9.33965e-13
9.33932e-13
9.33896e-13
9.33856e-13
9.33812e-13
9.33764e-13
9.33712e-13
9.33654e-13
9.3359e-13
9.33521e-13
9.33444e-13
9.33298e-13
9.31926e-13
3.35849e-12
3.36124e-12
3.36162e-12
3.36187e-12
3.3621e-12
3.36232e-12
3.36252e-12
3.36272e-12
3.36289e-12
3.36306e-12
3.36321e-12
3.36335e-12
3.36348e-12
3.3636e-12
3.36371e-12
3.36381e-12
3.36391e-12
3.364e-12
3.36408e-12
3.36415e-12
3.36422e-12
3.36428e-12
3.36433e-12
3.36437e-12
3.36441e-12
3.36444e-12
3.36447e-12
3.36449e-12
3.3645e-12
3.36451e-12
3.36451e-12
3.3645e-12
3.36449e-12
3.36447e-12
3.36444e-12
3.36441e-12
3.36437e-12
3.36433e-12
3.36428e-12
3.36422e-12
3.36415e-12
3.36408e-12
3.364e-12
3.36391e-12
3.36381e-12
3.36371e-12
3.3636e-12
3.36348e-12
3.36335e-12
3.36321e-12
3.36306e-12
3.36289e-12
3.36272e-12
3.36252e-12
3.36232e-12
3.3621e-12
3.36187e-12
3.36162e-12
3.36124e-12
3.35849e-12
1.21219e-11
1.21276e-11
1.21287e-11
1.21295e-11
1.21303e-11
1.21311e-11
1.21319e-11
1.21326e-11
1.21332e-11
1.21338e-11
1.21344e-11
1.2135e-11
1.21355e-11
1.21359e-11
1.21364e-11
1.21368e-11
1.21371e-11
1.21375e-11
1.21378e-11
1.21381e-11
1.21383e-11
1.21386e-11
1.21388e-11
1.21389e-11
1.21391e-11
1.21392e-11
1.21393e-11
1.21394e-11
1.21394e-11
1.21395e-11
1.21395e-11
1.21394e-11
1.21394e-11
1.21393e-11
1.21392e-11
1.21391e-11
1.21389e-11
1.21388e-11
1.21386e-11
1.21383e-11
1.21381e-11
1.21378e-11
1.21375e-11
1.21371e-11
1.21368e-11
1.21364e-11
1.21359e-11
1.21355e-11
1.2135e-11
1.21344e-11
1.21338e-11
1.21332e-11
1.21326e-11
1.21319e-11
1.21311e-11
1.21303e-11
1.21295e-11
1.21287e-11
1.21276e-11
1.21219e-11
4.3973e-11
4.39853e-11
4.39887e-11
4.39918e-11
4.39948e-11
4.39977e-11
4.40004e-11
4.4003e-11
4.40055e-11
4.40078e-11
4.40099e-11
4.4012e-11
4.40139e-11
4.40156e-11
4.40173e-11
4.40188e-11
4.40202e-11
4.40216e-11
4.40228e-11
4.40238e-11
4.40248e-11
4.40257e-11
4.40265e-11
4.40272e-11
4.40278e-11
4.40282e-11
4.40286e-11
4.40289e-11
4.40291e-11
4.40292e-11
4.40292e-11
4.40291e-11
4.40289e-11
4.40286e-11
4.40282e-11
4.40278e-11
4.40272e-11
4.40265e-11
4.40257e-11
4.40248e-11
4.40238e-11
4.40228e-11
4.40216e-11
4.40202e-11
4.40188e-11
4.40173e-11
4.40156e-11
4.40139e-11
4.4012e-11
4.40099e-11
4.40078e-11
4.40055e-11
4.4003e-11
4.40004e-11
4.39977e-11
4.39948e-11
4.39918e-11
4.39887e-11
4.39853e-11
4.3973e-11
1.60428e-10
1.60457e-10
1.60469e-10
1.6048e-10
1.60491e-10
1.60502e-10
1.60512e-10
1.60522e-10
1.60531e-10
1.60539e-10
1.60548e-10
1.60555e-10
1.60562e-10
1.60569e-10
1.60575e-10
1.60581e-10
1.60587e-10
1.60592e-10
1.60596e-10
1.606e-10
1.60604e-10
1.60607e-10
1.6061e-10
1.60613e-10
1.60615e-10
1.60617e-10
1.60619e-10
1.6062e-10
1.6062e-10
1.60621e-10
1.60621e-10
1.6062e-10
1.6062e-10
1.60619e-10
1.60617e-10
1.60615e-10
1.60613e-10
1.6061e-10
1.60607e-10
1.60604e-10
1.606e-10
1.60596e-10
1.60592e-10
1.60587e-10
1.60581e-10
1.60575e-10
1.60569e-10
1.60562e-10
1.60555e-10
1.60548e-10
1.60539e-10
1.60531e-10
1.60522e-10
1.60512e-10
1.60502e-10
1.60491e-10
1.6048e-10
1.60469e-10
1.60457e-10
1.60428e-10
5.87955e-10
5.88029e-10
5.88071e-10
5.88113e-10
5.88155e-10
5.88195e-10
5.88233e-10
5.8827e-10
5.88304e-10
5.88337e-10
5.88368e-10
5.88397e-10
5.88424e-10
5.8845e-10
5.88473e-10
5.88495e-10
5.88516e-10
5.88535e-10
5.88552e-10
5.88568e-10
5.88582e-10
5.88595e-10
5.88606e-10
5.88616e-10
5.88624e-10
5.88631e-10
5.88637e-10
5.88641e-10
5.88644e-10
5.88645e-10
5.88645e-10
5.88644e-10
5.88641e-10
5.88637e-10
5.88631e-10
5.88624e-10
5.88616e-10
5.88606e-10
5.88595e-10
5.88582e-10
5.88568e-10
5.88552e-10
5.88535e-10
5.88516e-10
5.88495e-10
5.88473e-10
5.8845e-10
5.88424e-10
5.88397e-10
5.88368e-10
5.88337e-10
5.88304e-10
5.8827e-10
5.88233e-10
5.88195e-10
5.88155e-10
5.88113e-10
5.88071e-10
5.88029e-10
5.87955e-10
2.15923e-09
2.15944e-09
2.15959e-09
2.15975e-09
2.15991e-09
2.16006e-09
2.1602e-09
2.16034e-09
2.16047e-09
2.16059e-09
2.16071e-09
2.16082e-09
2.16092e-09
2.16101e-09
2.1611e-09
2.16119e-09
2.16126e-09
2.16133e-09
2.1614e-09
2.16146e-09
2.16151e-09
2.16156e-09
2.1616e-09
2.16164e-09
2.16167e-09
2.1617e-09
2.16172e-09
2.16174e-09
2.16175e-09
2.16175e-09
2.16175e-09
2.16175e-09
2.16174e-09
2.16172e-09
2.1617e-09
2.16167e-09
2.16164e-09
2.1616e-09
2.16156e-09
2.16151e-09
2.16146e-09
2.1614e-09
2.16133e-09
2.16126e-09
2.16119e-09
2.1611e-09
2.16101e-09
2.16092e-09
2.16082e-09
2.16071e-09
2.16059e-09
2.16047e-09
2.16034e-09
2.1602e-09
2.16006e-09
2.15991e-09
2.15975e-09
2.15959e-09
2.15944e-09
2.15923e-09
7.91799e-09
7.91866e-09
7.91923e-09
7.91981e-09
7.92039e-09
7.92095e-09
7.92149e-09
7.92201e-09
7.92249e-09
7.92295e-09
7.92339e-09
7.9238e-09
7.92418e-09
7.92454e-09
7.92487e-09
7.92518e-09
7.92547e-09
7.92574e-09
7.92598e-09
7.9262e-09
7.92641e-09
7.92659e-09
7.92674e-09
7.92688e-09
7.927e-09
7.9271e-09
7.92718e-09
7.92724e-09
7.92728e-09
7.9273e-09
7.9273e-09
7.92728e-09
7.92724e-09
7.92718e-09
7.9271e-09
7.927e-09
7.92688e-09
7.92674e-09
7.92659e-09
7.92641e-09
7.9262e-09
7.92598e-09
7.92574e-09
7.92547e-09
7.92518e-09
7.92487e-09
7.92454e-09
7.92418e-09
7.9238e-09
7.92339e-09
7.92295e-09
7.92249e-09
7.92201e-09
7.92149e-09
7.92095e-09
7.92039e-09
7.91981e-09
7.91923e-09
7.91866e-09
7.91799e-09
2.88655e-08
2.88677e-08
2.88698e-08
2.8872e-08
2.88741e-08
2.88762e-08
2.88782e-08
2.88801e-08
2.88819e-08
2.88836e-08
2.88852e-08
2.88867e-08
2.88881e-08
2.88895e-08
2.88907e-08
2.88918e-08
2.88929e-08
2.88939e-08
2.88948e-08
2.88956e-08
2.88964e-08
2.8897e-08
2.88976e-08
2.88981e-08
2.88986e-08
2.88989e-08
2.88992e-08
2.88994e-08
2.88996e-08
2.88997e-08
2.88997e-08
2.88996e-08
2.88994e-08
2.88992e-08
2.88989e-08
2.88986e-08
2.88981e-08
2.88976e-08
2.8897e-08
2.88964e-08
2.88956e-08
2.88948e-08
2.88939e-08
2.88929e-08
2.88918e-08
2.88907e-08
2.88895e-08
2.88881e-08
2.88867e-08
2.88852e-08
2.88836e-08
2.88819e-08
2.88801e-08
2.88782e-08
2.88762e-08
2.88741e-08
2.8872e-08
2.88698e-08
2.88677e-08
2.88655e-08
1.04066e-07
1.04073e-07
1.04081e-07
1.04089e-07
1.04097e-07
1.04104e-07
1.04111e-07
1.04118e-07
1.04125e-07
1.04131e-07
1.04137e-07
1.04143e-07
1.04148e-07
1.04153e-07
1.04157e-07
1.04161e-07
1.04165e-07
1.04169e-07
1.04172e-07
1.04175e-07
1.04178e-07
1.0418e-07
1.04182e-07
1.04184e-07
1.04186e-07
1.04187e-07
1.04188e-07
1.04189e-07
1.04189e-07
1.0419e-07
1.0419e-07
1.04189e-07
1.04189e-07
1.04188e-07
1.04187e-07
1.04186e-07
1.04184e-07
1.04182e-07
1.0418e-07
1.04178e-07
1.04175e-07
1.04172e-07
1.04169e-07
1.04165e-07
1.04161e-07
1.04157e-07
1.04153e-07
1.04148e-07
1.04143e-07
1.04137e-07
1.04131e-07
1.04125e-07
1.04118e-07
1.04111e-07
1.04104e-07
1.04097e-07
1.04089e-07
1.04081e-07
1.04073e-07
1.04066e-07
3.68766e-07
3.68792e-07
3.6882e-07
3.68848e-07
3.68876e-07
3.68903e-07
3.68928e-07
3.68953e-07
3.68976e-07
3.68998e-07
3.69019e-07
3.69039e-07
3.69057e-07
3.69074e-07
3.6909e-07
3.69105e-07
3.69119e-07
3.69132e-07
3.69143e-07
3.69154e-07
3.69164e-07
3.69172e-07
3.6918e-07
3.69186e-07
3.69192e-07
3.69197e-07
3.69201e-07
3.69203e-07
3.69205e-07
3.69206e-07
3.69206e-07
3.69205e-07
3.69203e-07
3.69201e-07
3.69197e-07
3.69192e-07
3.69186e-07
3.6918e-07
3.69172e-07
3.69164e-07
3.69154e-07
3.69143e-07
3.69132e-07
3.69119e-07
3.69105e-07
3.6909e-07
3.69074e-07
3.69057e-07
3.69039e-07
3.69019e-07
3.68998e-07
3.68976e-07
3.68953e-07
3.68928e-07
3.68903e-07
3.68876e-07
3.68848e-07
3.6882e-07
3.68792e-07
3.68766e-07
1.27548e-06
1.27557e-06
1.27566e-06
1.27576e-06
1.27585e-06
1.27595e-06
1.27603e-06
1.27612e-06
1.2762e-06
1.27628e-06
1.27635e-06
1.27642e-06
1.27648e-06
1.27654e-06
1.27659e-06
1.27664e-06
1.27669e-06
1.27674e-06
1.27678e-06
1.27681e-06
1.27685e-06
1.27687e-06
1.2769e-06
1.27692e-06
1.27694e-06
1.27696e-06
1.27697e-06
1.27698e-06
1.27699e-06
1.27699e-06
1.27699e-06
1.27699e-06
1.27698e-06
1.27697e-06
1.27696e-06
1.27694e-06
1.27692e-06
1.2769e-06
1.27687e-06
1.27685e-06
1.27681e-06
1.27678e-06
1.27674e-06
1.27669e-06
1.27664e-06
1.27659e-06
1.27654e-06
1.27648e-06
1.27642e-06
1.27635e-06
1.27628e-06
1.2762e-06
1.27612e-06
1.27603e-06
1.27595e-06
1.27585e-06
1.27576e-06
1.27566e-06
1.27557e-06
1.27548e-06
4.27186e-06
4.27216e-06
4.27247e-06
4.2728e-06
4.27311e-06
4.27342e-06
4.27372e-06
4.274e-06
4.27426e-06
4.27451e-06
4.27475e-06
4.27497e-06
4.27518e-06
4.27538e-06
4.27556e-06
4.27573e-06
4.27589e-06
4.27603e-06
4.27617e-06
4.27629e-06
4.2764e-06
4.2765e-06
4.27658e-06
4.27666e-06
4.27672e-06
4.27678e-06
4.27682e-06
4.27685e-06
4.27687e-06
4.27688e-06
4.27688e-06
4.27687e-06
4.27685e-06
4.27682e-06
4.27678e-06
4.27672e-06
4.27666e-06
4.27658e-06
4.2765e-06
4.2764e-06
4.27629e-06
4.27617e-06
4.27603e-06
4.27589e-06
4.27573e-06
4.27556e-06
4.27538e-06
4.27518e-06
4.27497e-06
4.27475e-06
4.27451e-06
4.27426e-06
4.274e-06
4.27372e-06
4.27342e-06
4.27311e-06
4.2728e-06
4.27247e-06
4.27216e-06
4.27186e-06
1.37302e-05
1.37311e-05
1.37321e-05
1.37331e-05
1.37341e-05
1.37351e-05
1.3736e-05
1.37369e-05
1.37377e-05
1.37385e-05
1.37393e-05
1.374e-05
1.37406e-05
1.37412e-05
1.37418e-05
1.37424e-05
1.37428e-05
1.37433e-05
1.37437e-05
1.37441e-05
1.37444e-05
1.37448e-05
1.3745e-05
1.37453e-05
1.37455e-05
1.37456e-05
1.37458e-05
1.37459e-05
1.37459e-05
1.3746e-05
1.3746e-05
1.37459e-05
1.37459e-05
1.37458e-05
1.37456e-05
1.37455e-05
1.37453e-05
1.3745e-05
1.37448e-05
1.37444e-05
1.37441e-05
1.37437e-05
1.37433e-05
1.37428e-05
1.37424e-05
1.37418e-05
1.37412e-05
1.37406e-05
1.374e-05
1.37393e-05
1.37385e-05
1.37377e-05
1.37369e-05
1.3736e-05
1.37351e-05
1.37341e-05
1.37331e-05
1.37321e-05
1.37311e-05
1.37302e-05
4.19218e-05
4.19245e-05
4.19275e-05
4.19305e-05
4.19334e-05
4.19363e-05
4.1939e-05
4.19416e-05
4.19441e-05
4.19464e-05
4.19486e-05
4.19507e-05
4.19527e-05
4.19545e-05
4.19562e-05
4.19577e-05
4.19592e-05
4.19605e-05
4.19618e-05
4.19629e-05
4.19639e-05
4.19648e-05
4.19656e-05
4.19663e-05
4.19669e-05
4.19674e-05
4.19678e-05
4.19681e-05
4.19683e-05
4.19684e-05
4.19684e-05
4.19683e-05
4.19681e-05
4.19678e-05
4.19674e-05
4.19669e-05
4.19663e-05
4.19656e-05
4.19648e-05
4.19639e-05
4.19629e-05
4.19618e-05
4.19605e-05
4.19592e-05
4.19577e-05
4.19562e-05
4.19545e-05
4.19527e-05
4.19507e-05
4.19486e-05
4.19464e-05
4.19441e-05
4.19416e-05
4.1939e-05
4.19363e-05
4.19334e-05
4.19305e-05
4.19275e-05
4.19245e-05
4.19218e-05
0.00012022
0.000120228
0.000120236
0.000120244
0.000120252
0.00012026
0.000120267
0.000120275
0.000120281
0.000120288
0.000120294
0.000120299
0.000120305
0.00012031
0.000120314
0.000120319
0.000120323
0.000120326
0.00012033
0.000120333
0.000120335
0.000120338
0.00012034
0.000120342
0.000120344
0.000120345
0.000120346
0.000120347
0.000120347
0.000120348
0.000120348
0.000120347
0.000120347
0.000120346
0.000120345
0.000120344
0.000120342
0.00012034
0.000120338
0.000120335
0.000120333
0.00012033
0.000120326
0.000120323
0.000120319
0.000120314
0.00012031
0.000120305
0.000120299
0.000120294
0.000120288
0.000120281
0.000120275
0.000120267
0.00012026
0.000120252
0.000120244
0.000120236
0.000120228
0.00012022
0.00031981
0.000319829
0.000319849
0.00031987
0.00031989
0.000319909
0.000319928
0.000319946
0.000319963
0.000319979
0.000319994
0.000320008
0.000320021
0.000320033
0.000320045
0.000320055
0.000320065
0.000320075
0.000320083
0.000320091
0.000320097
0.000320104
0.000320109
0.000320114
0.000320118
0.000320121
0.000320124
0.000320126
0.000320127
0.000320128
0.000320128
0.000320127
0.000320126
0.000320124
0.000320121
0.000320118
0.000320114
0.000320109
0.000320104
0.000320097
0.000320091
0.000320083
0.000320075
0.000320065
0.000320055
0.000320045
0.000320033
0.000320021
0.000320008
0.000319994
0.000319979
0.000319963
0.000319946
0.000319928
0.000319909
0.00031989
0.00031987
0.000319849
0.000319829
0.00031981
0.000779052
0.000779095
0.000779141
0.000779187
0.000779232
0.000779276
0.000779317
0.000779357
0.000779394
0.00077943
0.000779463
0.000779495
0.000779524
0.000779552
0.000779578
0.000779601
0.000779624
0.000779644
0.000779663
0.00077968
0.000779695
0.000779709
0.000779721
0.000779732
0.000779741
0.000779748
0.000779754
0.000779759
0.000779762
0.000779763
0.000779763
0.000779762
0.000779759
0.000779754
0.000779748
0.000779741
0.000779732
0.000779721
0.000779709
0.000779695
0.00077968
0.000779663
0.000779644
0.000779624
0.000779601
0.000779578
0.000779552
0.000779524
0.000779495
0.000779463
0.00077943
0.000779394
0.000779357
0.000779317
0.000779276
0.000779232
0.000779187
0.000779141
0.000779095
0.000779052
0.00171697
0.00171706
0.00171715
0.00171724
0.00171733
0.00171742
0.0017175
0.00171758
0.00171765
0.00171772
0.00171779
0.00171785
0.00171791
0.00171796
0.00171801
0.00171806
0.0017181
0.00171814
0.00171818
0.00171821
0.00171824
0.00171827
0.00171829
0.00171831
0.00171833
0.00171835
0.00171836
0.00171837
0.00171837
0.00171838
0.00171838
0.00171837
0.00171837
0.00171836
0.00171835
0.00171833
0.00171831
0.00171829
0.00171827
0.00171824
0.00171821
0.00171818
0.00171814
0.0017181
0.00171806
0.00171801
0.00171796
0.00171791
0.00171785
0.00171779
0.00171772
0.00171765
0.00171758
0.0017175
0.00171742
0.00171733
0.00171724
0.00171715
0.00171706
0.00171697
0.00339361
0.00339376
0.00339392
0.00339408
0.00339423
0.00339438
0.00339452
0.00339465
0.00339478
0.0033949
0.00339501
0.00339512
0.00339522
0.00339531
0.0033954
0.00339548
0.00339555
0.00339562
0.00339569
0.00339574
0.0033958
0.00339584
0.00339588
0.00339592
0.00339595
0.00339598
0.003396
0.00339601
0.00339602
0.00339603
0.00339603
0.00339602
0.00339601
0.003396
0.00339598
0.00339595
0.00339592
0.00339588
0.00339584
0.0033958
0.00339574
0.00339569
0.00339562
0.00339555
0.00339548
0.0033954
0.00339531
0.00339522
0.00339512
0.00339501
0.0033949
0.00339478
0.00339465
0.00339452
0.00339438
0.00339423
0.00339408
0.00339392
0.00339376
0.00339361
0.00599953
0.00599976
0.006
0.00600023
0.00600046
0.00600068
0.00600089
0.0060011
0.00600129
0.00600147
0.00600164
0.00600179
0.00600194
0.00600208
0.00600221
0.00600233
0.00600245
0.00600255
0.00600264
0.00600273
0.00600281
0.00600288
0.00600294
0.00600299
0.00600304
0.00600308
0.00600311
0.00600313
0.00600314
0.00600315
0.00600315
0.00600314
0.00600313
0.00600311
0.00600308
0.00600304
0.00600299
0.00600294
0.00600288
0.00600281
0.00600273
0.00600264
0.00600255
0.00600245
0.00600233
0.00600221
0.00600208
0.00600194
0.00600179
0.00600164
0.00600147
0.00600129
0.0060011
0.00600089
0.00600068
0.00600046
0.00600023
0.006
0.00599976
0.00599953
0.00953937
0.00953969
0.00954
0.00954032
0.00954062
0.00954092
0.0095412
0.00954146
0.00954172
0.00954195
0.00954218
0.00954239
0.00954259
0.00954277
0.00954294
0.0095431
0.00954325
0.00954339
0.00954351
0.00954363
0.00954373
0.00954382
0.0095439
0.00954397
0.00954404
0.00954409
0.00954413
0.00954416
0.00954418
0.00954419
0.00954419
0.00954418
0.00954416
0.00954413
0.00954409
0.00954404
0.00954397
0.0095439
0.00954382
0.00954373
0.00954363
0.00954351
0.00954339
0.00954325
0.0095431
0.00954294
0.00954277
0.00954259
0.00954239
0.00954218
0.00954195
0.00954172
0.00954146
0.0095412
0.00954092
0.00954062
0.00954032
0.00954
0.00953969
0.00953937
0.0138228
0.0138232
0.0138236
0.0138239
0.0138243
0.0138247
0.013825
0.0138253
0.0138256
0.0138259
0.0138262
0.0138264
0.0138267
0.0138269
0.0138271
0.0138273
0.0138275
0.0138276
0.0138278
0.0138279
0.013828
0.0138282
0.0138282
0.0138283
0.0138284
0.0138285
0.0138285
0.0138286
0.0138286
0.0138286
0.0138286
0.0138286
0.0138286
0.0138285
0.0138285
0.0138284
0.0138283
0.0138282
0.0138282
0.013828
0.0138279
0.0138278
0.0138276
0.0138275
0.0138273
0.0138271
0.0138269
0.0138267
0.0138264
0.0138262
0.0138259
0.0138256
0.0138253
0.013825
0.0138247
0.0138243
0.0138239
0.0138236
0.0138232
0.0138228
0.0185805
0.018581
0.0185814
0.0185819
0.0185823
0.0185827
0.0185831
0.0185834
0.0185838
0.0185841
0.0185844
0.0185847
0.0185849
0.0185852
0.0185854
0.0185856
0.0185858
0.018586
0.0185862
0.0185863
0.0185865
0.0185866
0.0185867
0.0185868
0.0185869
0.018587
0.018587
0.0185871
0.0185871
0.0185871
0.0185871
0.0185871
0.0185871
0.018587
0.018587
0.0185869
0.0185868
0.0185867
0.0185866
0.0185865
0.0185863
0.0185862
0.018586
0.0185858
0.0185856
0.0185854
0.0185852
0.0185849
0.0185847
0.0185844
0.0185841
0.0185838
0.0185834
0.0185831
0.0185827
0.0185823
0.0185819
0.0185814
0.018581
0.0185805
0.0235955
0.023596
0.0235964
0.0235969
0.0235974
0.0235978
0.0235982
0.0235986
0.023599
0.0235993
0.0235997
0.0236
0.0236003
0.0236005
0.0236008
0.023601
0.0236012
0.0236014
0.0236016
0.0236018
0.0236019
0.0236021
0.0236022
0.0236023
0.0236024
0.0236025
0.0236025
0.0236026
0.0236026
0.0236026
0.0236026
0.0236026
0.0236026
0.0236025
0.0236025
0.0236024
0.0236023
0.0236022
0.0236021
0.0236019
0.0236018
0.0236016
0.0236014
0.0236012
0.023601
0.0236008
0.0236005
0.0236003
0.0236
0.0235997
0.0235993
0.023599
0.0235986
0.0235982
0.0235978
0.0235974
0.0235969
0.0235964
0.023596
0.0235955
0.0287528
0.0287534
0.0287539
0.0287544
0.0287549
0.0287554
0.0287558
0.0287562
0.0287566
0.028757
0.0287573
0.0287577
0.028758
0.0287583
0.0287585
0.0287588
0.028759
0.0287592
0.0287594
0.0287596
0.0287598
0.0287599
0.0287601
0.0287602
0.0287603
0.0287603
0.0287604
0.0287604
0.0287605
0.0287605
0.0287605
0.0287605
0.0287604
0.0287604
0.0287603
0.0287603
0.0287602
0.0287601
0.0287599
0.0287598
0.0287596
0.0287594
0.0287592
0.028759
0.0287588
0.0287585
0.0287583
0.028758
0.0287577
0.0287573
0.028757
0.0287566
0.0287562
0.0287558
0.0287554
0.0287549
0.0287544
0.0287539
0.0287534
0.0287528
0.0340184
0.034019
0.0340196
0.0340201
0.0340207
0.0340212
0.0340216
0.0340221
0.0340225
0.0340229
0.0340233
0.0340236
0.0340239
0.0340243
0.0340245
0.0340248
0.0340251
0.0340253
0.0340255
0.0340257
0.0340259
0.034026
0.0340261
0.0340263
0.0340264
0.0340264
0.0340265
0.0340266
0.0340266
0.0340266
0.0340266
0.0340266
0.0340266
0.0340265
0.0340264
0.0340264
0.0340263
0.0340261
0.034026
0.0340259
0.0340257
0.0340255
0.0340253
0.0340251
0.0340248
0.0340245
0.0340243
0.0340239
0.0340236
0.0340233
0.0340229
0.0340225
0.0340221
0.0340216
0.0340212
0.0340207
0.0340201
0.0340196
0.034019
0.0340184
0.0393973
0.0393979
0.0393985
0.0393991
0.0393997
0.0394002
0.0394007
0.0394012
0.0394016
0.039402
0.0394024
0.0394028
0.0394032
0.0394035
0.0394038
0.0394041
0.0394043
0.0394046
0.0394048
0.039405
0.0394052
0.0394053
0.0394055
0.0394056
0.0394057
0.0394058
0.0394059
0.0394059
0.039406
0.039406
0.039406
0.039406
0.0394059
0.0394059
0.0394058
0.0394057
0.0394056
0.0394055
0.0394053
0.0394052
0.039405
0.0394048
0.0394046
0.0394043
0.0394041
0.0394038
0.0394035
0.0394032
0.0394028
0.0394024
0.039402
0.0394016
0.0394012
0.0394007
0.0394002
0.0393997
0.0393991
0.0393985
0.0393979
0.0393973
0.0449053
0.044906
0.0449066
0.0449073
0.0449078
0.0449084
0.0449089
0.0449094
0.0449099
0.0449104
0.0449108
0.0449112
0.0449115
0.0449119
0.0449122
0.0449125
0.0449128
0.044913
0.0449133
0.0449135
0.0449137
0.0449139
0.044914
0.0449141
0.0449143
0.0449143
0.0449144
0.0449145
0.0449145
0.0449145
0.0449145
0.0449145
0.0449145
0.0449144
0.0449143
0.0449143
0.0449141
0.044914
0.0449139
0.0449137
0.0449135
0.0449133
0.044913
0.0449128
0.0449125
0.0449122
0.0449119
0.0449115
0.0449112
0.0449108
0.0449104
0.0449099
0.0449094
0.0449089
0.0449084
0.0449078
0.0449073
0.0449066
0.044906
0.0449053
0.0505576
0.0505583
0.050559
0.0505596
0.0505602
0.0505608
0.0505614
0.0505619
0.0505624
0.0505629
0.0505633
0.0505638
0.0505642
0.0505645
0.0505649
0.0505652
0.0505655
0.0505657
0.050566
0.0505662
0.0505664
0.0505666
0.0505668
0.0505669
0.050567
0.0505671
0.0505672
0.0505673
0.0505673
0.0505673
0.0505673
0.0505673
0.0505673
0.0505672
0.0505671
0.050567
0.0505669
0.0505668
0.0505666
0.0505664
0.0505662
0.050566
0.0505657
0.0505655
0.0505652
0.0505649
0.0505645
0.0505642
0.0505638
0.0505633
0.0505629
0.0505624
0.0505619
0.0505614
0.0505608
0.0505602
0.0505596
0.050559
0.0505583
0.0505576
0.0563657
0.0563665
0.0563672
0.0563679
0.0563685
0.0563692
0.0563698
0.0563703
0.0563709
0.0563714
0.0563718
0.0563723
0.0563727
0.0563731
0.0563734
0.0563738
0.0563741
0.0563743
0.0563746
0.0563748
0.0563751
0.0563752
0.0563754
0.0563756
0.0563757
0.0563758
0.0563759
0.0563759
0.056376
0.056376
0.056376
0.056376
0.0563759
0.0563759
0.0563758
0.0563757
0.0563756
0.0563754
0.0563752
0.0563751
0.0563748
0.0563746
0.0563743
0.0563741
0.0563738
0.0563734
0.0563731
0.0563727
0.0563723
0.0563718
0.0563714
0.0563709
0.0563703
0.0563698
0.0563692
0.0563685
0.0563679
0.0563672
0.0563665
0.0563657
0.0623388
0.0623396
0.0623403
0.0623411
0.0623418
0.0623424
0.062343
0.0623436
0.0623442
0.0623447
0.0623452
0.0623457
0.0623461
0.0623465
0.0623469
0.0623472
0.0623476
0.0623479
0.0623481
0.0623484
0.0623486
0.0623488
0.062349
0.0623491
0.0623493
0.0623494
0.0623495
0.0623495
0.0623496
0.0623496
0.0623496
0.0623496
0.0623495
0.0623495
0.0623494
0.0623493
0.0623491
0.062349
0.0623488
0.0623486
0.0623484
0.0623481
0.0623479
0.0623476
0.0623472
0.0623469
0.0623465
0.0623461
0.0623457
0.0623452
0.0623447
0.0623442
0.0623436
0.062343
0.0623424
0.0623418
0.0623411
0.0623403
0.0623396
0.0623388
0.0684842
0.068485
0.0684858
0.0684866
0.0684873
0.068488
0.0684887
0.0684893
0.0684899
0.0684904
0.0684909
0.0684914
0.0684919
0.0684923
0.0684927
0.0684931
0.0684934
0.0684937
0.068494
0.0684943
0.0684945
0.0684947
0.0684949
0.0684951
0.0684952
0.0684953
0.0684954
0.0684955
0.0684955
0.0684955
0.0684955
0.0684955
0.0684955
0.0684954
0.0684953
0.0684952
0.0684951
0.0684949
0.0684947
0.0684945
0.0684943
0.068494
0.0684937
0.0684934
0.0684931
0.0684927
0.0684923
0.0684919
0.0684914
0.0684909
0.0684904
0.0684899
0.0684893
0.0684887
0.068488
0.0684873
0.0684866
0.0684858
0.068485
0.0684842
0.0748086
0.0748095
0.0748103
0.0748111
0.0748119
0.0748126
0.0748133
0.0748139
0.0748145
0.0748151
0.0748156
0.0748162
0.0748166
0.0748171
0.0748175
0.0748179
0.0748182
0.0748186
0.0748189
0.0748191
0.0748194
0.0748196
0.0748198
0.07482
0.0748201
0.0748202
0.0748203
0.0748204
0.0748204
0.0748205
0.0748205
0.0748204
0.0748204
0.0748203
0.0748202
0.0748201
0.07482
0.0748198
0.0748196
0.0748194
0.0748191
0.0748189
0.0748186
0.0748182
0.0748179
0.0748175
0.0748171
0.0748166
0.0748162
0.0748156
0.0748151
0.0748145
0.0748139
0.0748133
0.0748126
0.0748119
0.0748111
0.0748103
0.0748095
0.0748086
0.0813182
0.0813191
0.08132
0.0813209
0.0813217
0.0813224
0.0813231
0.0813238
0.0813244
0.081325
0.0813256
0.0813261
0.0813266
0.0813271
0.0813275
0.0813279
0.0813283
0.0813286
0.0813289
0.0813292
0.0813295
0.0813297
0.0813299
0.0813301
0.0813303
0.0813304
0.0813305
0.0813306
0.0813306
0.0813306
0.0813306
0.0813306
0.0813306
0.0813305
0.0813304
0.0813303
0.0813301
0.0813299
0.0813297
0.0813295
0.0813292
0.0813289
0.0813286
0.0813283
0.0813279
0.0813275
0.0813271
0.0813266
0.0813261
0.0813256
0.081325
0.0813244
0.0813238
0.0813231
0.0813224
0.0813217
0.0813209
0.08132
0.0813191
0.0813182
0.0880192
0.0880202
0.0880211
0.088022
0.0880228
0.0880236
0.0880243
0.0880251
0.0880257
0.0880263
0.0880269
0.0880275
0.088028
0.0880285
0.0880289
0.0880293
0.0880297
0.0880301
0.0880304
0.0880307
0.088031
0.0880312
0.0880314
0.0880316
0.0880318
0.0880319
0.088032
0.0880321
0.0880321
0.0880322
0.0880322
0.0880321
0.0880321
0.088032
0.0880319
0.0880318
0.0880316
0.0880314
0.0880312
0.088031
0.0880307
0.0880304
0.0880301
0.0880297
0.0880293
0.0880289
0.0880285
0.088028
0.0880275
0.0880269
0.0880263
0.0880257
0.0880251
0.0880243
0.0880236
0.0880228
0.088022
0.0880211
0.0880202
0.0880192
0.0949177
0.0949187
0.0949197
0.0949206
0.0949215
0.0949223
0.0949231
0.0949238
0.0949245
0.0949251
0.0949257
0.0949263
0.0949269
0.0949274
0.0949278
0.0949283
0.0949287
0.094929
0.0949294
0.0949297
0.0949299
0.0949302
0.0949304
0.0949306
0.0949308
0.0949309
0.094931
0.0949311
0.0949312
0.0949312
0.0949312
0.0949312
0.0949311
0.094931
0.0949309
0.0949308
0.0949306
0.0949304
0.0949302
0.0949299
0.0949297
0.0949294
0.094929
0.0949287
0.0949283
0.0949278
0.0949274
0.0949269
0.0949263
0.0949257
0.0949251
0.0949245
0.0949238
0.0949231
0.0949223
0.0949215
0.0949206
0.0949197
0.0949187
0.0949177
0.10202
0.102021
0.102022
0.102023
0.102024
0.102025
0.102025
0.102026
0.102027
0.102028
0.102028
0.102029
0.102029
0.10203
0.10203
0.102031
0.102031
0.102032
0.102032
0.102032
0.102033
0.102033
0.102033
0.102033
0.102033
0.102034
0.102034
0.102034
0.102034
0.102034
0.102034
0.102034
0.102034
0.102034
0.102034
0.102033
0.102033
0.102033
0.102033
0.102033
0.102032
0.102032
0.102032
0.102031
0.102031
0.10203
0.10203
0.102029
0.102029
0.102028
0.102028
0.102027
0.102026
0.102025
0.102025
0.102024
0.102023
0.102022
0.102021
0.10202
0.109332
0.109333
0.109334
0.109335
0.109336
0.109337
0.109338
0.109338
0.109339
0.10934
0.109341
0.109341
0.109342
0.109342
0.109343
0.109343
0.109344
0.109344
0.109344
0.109345
0.109345
0.109345
0.109346
0.109346
0.109346
0.109346
0.109346
0.109346
0.109346
0.109346
0.109346
0.109346
0.109346
0.109346
0.109346
0.109346
0.109346
0.109346
0.109345
0.109345
0.109345
0.109344
0.109344
0.109344
0.109343
0.109343
0.109342
0.109342
0.109341
0.109341
0.10934
0.109339
0.109338
0.109338
0.109337
0.109336
0.109335
0.109334
0.109333
0.109332
0.11686
0.116861
0.116862
0.116863
0.116864
0.116865
0.116866
0.116867
0.116868
0.116869
0.116869
0.11687
0.11687
0.116871
0.116872
0.116872
0.116872
0.116873
0.116873
0.116874
0.116874
0.116874
0.116874
0.116875
0.116875
0.116875
0.116875
0.116875
0.116875
0.116875
0.116875
0.116875
0.116875
0.116875
0.116875
0.116875
0.116875
0.116874
0.116874
0.116874
0.116874
0.116873
0.116873
0.116872
0.116872
0.116872
0.116871
0.11687
0.11687
0.116869
0.116869
0.116868
0.116867
0.116866
0.116865
0.116864
0.116863
0.116862
0.116861
0.11686
0.124611
0.124613
0.124614
0.124615
0.124616
0.124617
0.124618
0.124618
0.124619
0.12462
0.124621
0.124621
0.124622
0.124623
0.124623
0.124624
0.124624
0.124624
0.124625
0.124625
0.124625
0.124626
0.124626
0.124626
0.124626
0.124627
0.124627
0.124627
0.124627
0.124627
0.124627
0.124627
0.124627
0.124627
0.124627
0.124626
0.124626
0.124626
0.124626
0.124625
0.124625
0.124625
0.124624
0.124624
0.124624
0.124623
0.124623
0.124622
0.124621
0.124621
0.12462
0.124619
0.124618
0.124618
0.124617
0.124616
0.124615
0.124614
0.124613
0.124611
0.132592
0.132593
0.132595
0.132596
0.132597
0.132598
0.132599
0.132599
0.1326
0.132601
0.132602
0.132602
0.132603
0.132604
0.132604
0.132605
0.132605
0.132606
0.132606
0.132606
0.132607
0.132607
0.132607
0.132607
0.132608
0.132608
0.132608
0.132608
0.132608
0.132608
0.132608
0.132608
0.132608
0.132608
0.132608
0.132608
0.132607
0.132607
0.132607
0.132607
0.132606
0.132606
0.132606
0.132605
0.132605
0.132604
0.132604
0.132603
0.132602
0.132602
0.132601
0.1326
0.132599
0.132599
0.132598
0.132597
0.132596
0.132595
0.132593
0.132592
0.140809
0.140811
0.140812
0.140813
0.140814
0.140815
0.140816
0.140817
0.140818
0.140818
0.140819
0.14082
0.14082
0.140821
0.140822
0.140822
0.140823
0.140823
0.140823
0.140824
0.140824
0.140825
0.140825
0.140825
0.140825
0.140825
0.140826
0.140826
0.140826
0.140826
0.140826
0.140826
0.140826
0.140826
0.140825
0.140825
0.140825
0.140825
0.140825
0.140824
0.140824
0.140823
0.140823
0.140823
0.140822
0.140822
0.140821
0.14082
0.14082
0.140819
0.140818
0.140818
0.140817
0.140816
0.140815
0.140814
0.140813
0.140812
0.140811
0.140809
0.14927
0.149271
0.149272
0.149274
0.149275
0.149276
0.149277
0.149278
0.149278
0.149279
0.14928
0.149281
0.149281
0.149282
0.149283
0.149283
0.149284
0.149284
0.149285
0.149285
0.149285
0.149286
0.149286
0.149286
0.149286
0.149286
0.149287
0.149287
0.149287
0.149287
0.149287
0.149287
0.149287
0.149287
0.149286
0.149286
0.149286
0.149286
0.149286
0.149285
0.149285
0.149285
0.149284
0.149284
0.149283
0.149283
0.149282
0.149281
0.149281
0.14928
0.149279
0.149278
0.149278
0.149277
0.149276
0.149275
0.149274
0.149272
0.149271
0.14927
0.157981
0.157983
0.157984
0.157985
0.157986
0.157987
0.157988
0.157989
0.15799
0.157991
0.157992
0.157992
0.157993
0.157994
0.157994
0.157995
0.157995
0.157996
0.157996
0.157997
0.157997
0.157997
0.157998
0.157998
0.157998
0.157998
0.157998
0.157999
0.157999
0.157999
0.157999
0.157999
0.157999
0.157998
0.157998
0.157998
0.157998
0.157998
0.157997
0.157997
0.157997
0.157996
0.157996
0.157995
0.157995
0.157994
0.157994
0.157993
0.157992
0.157992
0.157991
0.15799
0.157989
0.157988
0.157987
0.157986
0.157985
0.157984
0.157983
0.157981
0.166951
0.166952
0.166954
0.166955
0.166956
0.166957
0.166958
0.166959
0.16696
0.166961
0.166962
0.166962
0.166963
0.166964
0.166964
0.166965
0.166965
0.166966
0.166966
0.166967
0.166967
0.166967
0.166968
0.166968
0.166968
0.166968
0.166968
0.166969
0.166969
0.166969
0.166969
0.166969
0.166969
0.166968
0.166968
0.166968
0.166968
0.166968
0.166967
0.166967
0.166967
0.166966
0.166966
0.166965
0.166965
0.166964
0.166964
0.166963
0.166962
0.166962
0.166961
0.16696
0.166959
0.166958
0.166957
0.166956
0.166955
0.166954
0.166952
0.166951
0.176187
0.176188
0.176189
0.176191
0.176192
0.176193
0.176194
0.176195
0.176196
0.176197
0.176198
0.176198
0.176199
0.1762
0.1762
0.176201
0.176201
0.176202
0.176202
0.176203
0.176203
0.176203
0.176204
0.176204
0.176204
0.176204
0.176205
0.176205
0.176205
0.176205
0.176205
0.176205
0.176205
0.176205
0.176204
0.176204
0.176204
0.176204
0.176203
0.176203
0.176203
0.176202
0.176202
0.176201
0.176201
0.1762
0.1762
0.176199
0.176198
0.176198
0.176197
0.176196
0.176195
0.176194
0.176193
0.176192
0.176191
0.176189
0.176188
0.176187
0.185696
0.185698
0.185699
0.1857
0.185701
0.185703
0.185704
0.185705
0.185706
0.185706
0.185707
0.185708
0.185709
0.185709
0.18571
0.185711
0.185711
0.185712
0.185712
0.185713
0.185713
0.185713
0.185714
0.185714
0.185714
0.185714
0.185714
0.185714
0.185715
0.185715
0.185715
0.185715
0.185714
0.185714
0.185714
0.185714
0.185714
0.185714
0.185713
0.185713
0.185713
0.185712
0.185712
0.185711
0.185711
0.18571
0.185709
0.185709
0.185708
0.185707
0.185706
0.185706
0.185705
0.185704
0.185703
0.185701
0.1857
0.185699
0.185698
0.185696
0.195488
0.195489
0.195491
0.195492
0.195493
0.195494
0.195495
0.195496
0.195497
0.195498
0.195499
0.1955
0.195501
0.195501
0.195502
0.195502
0.195503
0.195504
0.195504
0.195504
0.195505
0.195505
0.195505
0.195506
0.195506
0.195506
0.195506
0.195506
0.195506
0.195507
0.195507
0.195506
0.195506
0.195506
0.195506
0.195506
0.195506
0.195505
0.195505
0.195505
0.195504
0.195504
0.195504
0.195503
0.195502
0.195502
0.195501
0.195501
0.1955
0.195499
0.195498
0.195497
0.195496
0.195495
0.195494
0.195493
0.195492
0.195491
0.195489
0.195488
0.20557
0.205571
0.205573
0.205574
0.205575
0.205576
0.205577
0.205579
0.205579
0.20558
0.205581
0.205582
0.205583
0.205584
0.205584
0.205585
0.205585
0.205586
0.205586
0.205587
0.205587
0.205587
0.205588
0.205588
0.205588
0.205588
0.205589
0.205589
0.205589
0.205589
0.205589
0.205589
0.205589
0.205589
0.205588
0.205588
0.205588
0.205588
0.205587
0.205587
0.205587
0.205586
0.205586
0.205585
0.205585
0.205584
0.205584
0.205583
0.205582
0.205581
0.20558
0.205579
0.205579
0.205577
0.205576
0.205575
0.205574
0.205573
0.205571
0.20557
0.215951
0.215952
0.215954
0.215955
0.215956
0.215958
0.215959
0.21596
0.215961
0.215962
0.215963
0.215963
0.215964
0.215965
0.215966
0.215966
0.215967
0.215967
0.215968
0.215968
0.215969
0.215969
0.215969
0.215969
0.21597
0.21597
0.21597
0.21597
0.21597
0.21597
0.21597
0.21597
0.21597
0.21597
0.21597
0.21597
0.215969
0.215969
0.215969
0.215969
0.215968
0.215968
0.215967
0.215967
0.215966
0.215966
0.215965
0.215964
0.215963
0.215963
0.215962
0.215961
0.21596
0.215959
0.215958
0.215956
0.215955
0.215954
0.215952
0.215951
0.22664
0.226642
0.226643
0.226644
0.226646
0.226647
0.226648
0.226649
0.22665
0.226651
0.226652
0.226653
0.226654
0.226654
0.226655
0.226656
0.226656
0.226657
0.226657
0.226658
0.226658
0.226658
0.226659
0.226659
0.226659
0.226659
0.226659
0.22666
0.22666
0.22666
0.22666
0.22666
0.22666
0.226659
0.226659
0.226659
0.226659
0.226659
0.226658
0.226658
0.226658
0.226657
0.226657
0.226656
0.226656
0.226655
0.226654
0.226654
0.226653
0.226652
0.226651
0.22665
0.226649
0.226648
0.226647
0.226646
0.226644
0.226643
0.226642
0.22664
0.237646
0.237648
0.237649
0.237651
0.237652
0.237653
0.237655
0.237656
0.237657
0.237658
0.237658
0.237659
0.23766
0.237661
0.237661
0.237662
0.237663
0.237663
0.237664
0.237664
0.237665
0.237665
0.237665
0.237666
0.237666
0.237666
0.237666
0.237666
0.237666
0.237666
0.237666
0.237666
0.237666
0.237666
0.237666
0.237666
0.237666
0.237665
0.237665
0.237665
0.237664
0.237664
0.237663
0.237663
0.237662
0.237661
0.237661
0.23766
0.237659
0.237658
0.237658
0.237657
0.237656
0.237655
0.237653
0.237652
0.237651
0.237649
0.237648
0.237646
0.248979
0.248981
0.248983
0.248984
0.248985
0.248986
0.248988
0.248989
0.24899
0.248991
0.248992
0.248992
0.248993
0.248994
0.248995
0.248995
0.248996
0.248996
0.248997
0.248997
0.248998
0.248998
0.248998
0.248999
0.248999
0.248999
0.248999
0.248999
0.249
0.249
0.249
0.249
0.248999
0.248999
0.248999
0.248999
0.248999
0.248998
0.248998
0.248998
0.248997
0.248997
0.248996
0.248996
0.248995
0.248995
0.248994
0.248993
0.248992
0.248992
0.248991
0.24899
0.248989
0.248988
0.248986
0.248985
0.248984
0.248983
0.248981
0.248979
0.260649
0.260651
0.260652
0.260653
0.260655
0.260656
0.260657
0.260658
0.260659
0.26066
0.260661
0.260662
0.260663
0.260664
0.260664
0.260665
0.260666
0.260666
0.260667
0.260667
0.260667
0.260668
0.260668
0.260668
0.260669
0.260669
0.260669
0.260669
0.260669
0.260669
0.260669
0.260669
0.260669
0.260669
0.260669
0.260669
0.260668
0.260668
0.260668
0.260667
0.260667
0.260667
0.260666
0.260666
0.260665
0.260664
0.260664
0.260663
0.260662
0.260661
0.26066
0.260659
0.260658
0.260657
0.260656
0.260655
0.260653
0.260652
0.260651
0.260649
0.272665
0.272667
0.272668
0.272669
0.272671
0.272672
0.272673
0.272674
0.272675
0.272676
0.272677
0.272678
0.272679
0.27268
0.27268
0.272681
0.272682
0.272682
0.272683
0.272683
0.272684
0.272684
0.272684
0.272684
0.272685
0.272685
0.272685
0.272685
0.272685
0.272685
0.272685
0.272685
0.272685
0.272685
0.272685
0.272685
0.272684
0.272684
0.272684
0.272684
0.272683
0.272683
0.272682
0.272682
0.272681
0.27268
0.27268
0.272679
0.272678
0.272677
0.272676
0.272675
0.272674
0.272673
0.272672
0.272671
0.272669
0.272668
0.272667
0.272665
0.285038
0.285039
0.285041
0.285042
0.285044
0.285045
0.285046
0.285047
0.285048
0.285049
0.28505
0.285051
0.285052
0.285053
0.285053
0.285054
0.285054
0.285055
0.285055
0.285056
0.285056
0.285057
0.285057
0.285057
0.285058
0.285058
0.285058
0.285058
0.285058
0.285058
0.285058
0.285058
0.285058
0.285058
0.285058
0.285058
0.285057
0.285057
0.285057
0.285056
0.285056
0.285055
0.285055
0.285054
0.285054
0.285053
0.285053
0.285052
0.285051
0.28505
0.285049
0.285048
0.285047
0.285046
0.285045
0.285044
0.285042
0.285041
0.285039
0.285038
0.297778
0.29778
0.297781
0.297782
0.297784
0.297785
0.297786
0.297787
0.297788
0.297789
0.29779
0.297791
0.297792
0.297793
0.297793
0.297794
0.297795
0.297795
0.297796
0.297796
0.297797
0.297797
0.297797
0.297798
0.297798
0.297798
0.297798
0.297798
0.297798
0.297798
0.297798
0.297798
0.297798
0.297798
0.297798
0.297798
0.297798
0.297797
0.297797
0.297797
0.297796
0.297796
0.297795
0.297795
0.297794
0.297793
0.297793
0.297792
0.297791
0.29779
0.297789
0.297788
0.297787
0.297786
0.297785
0.297784
0.297782
0.297781
0.29778
0.297778
0.310896
0.310898
0.3109
0.310901
0.310903
0.310904
0.310905
0.310906
0.310907
0.310908
0.310909
0.31091
0.310911
0.310911
0.310912
0.310913
0.310913
0.310914
0.310914
0.310915
0.310915
0.310916
0.310916
0.310916
0.310917
0.310917
0.310917
0.310917
0.310917
0.310917
0.310917
0.310917
0.310917
0.310917
0.310917
0.310917
0.310916
0.310916
0.310916
0.310915
0.310915
0.310914
0.310914
0.310913
0.310913
0.310912
0.310911
0.310911
0.31091
0.310909
0.310908
0.310907
0.310906
0.310905
0.310904
0.310903
0.310901
0.3109
0.310898
0.310896
0.324405
0.324407
0.324408
0.32441
0.324411
0.324412
0.324413
0.324415
0.324416
0.324417
0.324417
0.324418
0.324419
0.32442
0.324421
0.324421
0.324422
0.324422
0.324423
0.324423
0.324424
0.324424
0.324424
0.324425
0.324425
0.324425
0.324425
0.324425
0.324425
0.324426
0.324426
0.324425
0.324425
0.324425
0.324425
0.324425
0.324425
0.324424
0.324424
0.324424
0.324423
0.324423
0.324422
0.324422
0.324421
0.324421
0.32442
0.324419
0.324418
0.324417
0.324417
0.324416
0.324415
0.324413
0.324412
0.324411
0.32441
0.324408
0.324407
0.324405
0.338315
0.338316
0.338318
0.338319
0.338321
0.338322
0.338323
0.338324
0.338325
0.338326
0.338327
0.338328
0.338329
0.33833
0.33833
0.338331
0.338332
0.338332
0.338333
0.338333
0.338333
0.338334
0.338334
0.338334
0.338335
0.338335
0.338335
0.338335
0.338335
0.338335
0.338335
0.338335
0.338335
0.338335
0.338335
0.338335
0.338334
0.338334
0.338334
0.338333
0.338333
0.338333
0.338332
0.338332
0.338331
0.33833
0.33833
0.338329
0.338328
0.338327
0.338326
0.338325
0.338324
0.338323
0.338322
0.338321
0.338319
0.338318
0.338316
0.338315
0.352638
0.35264
0.352641
0.352643
0.352644
0.352645
0.352646
0.352648
0.352649
0.35265
0.35265
0.352651
0.352652
0.352653
0.352653
0.352654
0.352655
0.352655
0.352656
0.352656
0.352657
0.352657
0.352657
0.352658
0.352658
0.352658
0.352658
0.352658
0.352658
0.352658
0.352658
0.352658
0.352658
0.352658
0.352658
0.352658
0.352658
0.352657
0.352657
0.352657
0.352656
0.352656
0.352655
0.352655
0.352654
0.352653
0.352653
0.352652
0.352651
0.35265
0.35265
0.352649
0.352648
0.352646
0.352645
0.352644
0.352643
0.352641
0.35264
0.352638
0.367387
0.367389
0.36739
0.367392
0.367393
0.367394
0.367395
0.367396
0.367397
0.367398
0.367399
0.3674
0.367401
0.367402
0.367402
0.367403
0.367404
0.367404
0.367405
0.367405
0.367405
0.367406
0.367406
0.367406
0.367407
0.367407
0.367407
0.367407
0.367407
0.367407
0.367407
0.367407
0.367407
0.367407
0.367407
0.367407
0.367406
0.367406
0.367406
0.367405
0.367405
0.367405
0.367404
0.367404
0.367403
0.367402
0.367402
0.367401
0.3674
0.367399
0.367398
0.367397
0.367396
0.367395
0.367394
0.367393
0.367392
0.36739
0.367389
0.367387
0.382574
0.382576
0.382578
0.382579
0.38258
0.382582
0.382583
0.382584
0.382585
0.382586
0.382587
0.382588
0.382588
0.382589
0.38259
0.38259
0.382591
0.382591
0.382592
0.382592
0.382593
0.382593
0.382593
0.382594
0.382594
0.382594
0.382594
0.382594
0.382594
0.382594
0.382594
0.382594
0.382594
0.382594
0.382594
0.382594
0.382594
0.382593
0.382593
0.382593
0.382592
0.382592
0.382591
0.382591
0.38259
0.38259
0.382589
0.382588
0.382588
0.382587
0.382586
0.382585
0.382584
0.382583
0.382582
0.38258
0.382579
0.382578
0.382576
0.382574
0.398214
0.398215
0.398217
0.398218
0.39822
0.398221
0.398222
0.398223
0.398224
0.398225
0.398226
0.398227
0.398227
0.398228
0.398229
0.398229
0.39823
0.39823
0.398231
0.398231
0.398232
0.398232
0.398232
0.398233
0.398233
0.398233
0.398233
0.398233
0.398233
0.398233
0.398233
0.398233
0.398233
0.398233
0.398233
0.398233
0.398233
0.398232
0.398232
0.398232
0.398231
0.398231
0.39823
0.39823
0.398229
0.398229
0.398228
0.398227
0.398227
0.398226
0.398225
0.398224
0.398223
0.398222
0.398221
0.39822
0.398218
0.398217
0.398215
0.398214
0.414318
0.41432
0.414321
0.414323
0.414324
0.414325
0.414326
0.414327
0.414328
0.414329
0.41433
0.414331
0.414331
0.414332
0.414333
0.414333
0.414334
0.414334
0.414335
0.414335
0.414336
0.414336
0.414336
0.414337
0.414337
0.414337
0.414337
0.414337
0.414337
0.414337
0.414337
0.414337
0.414337
0.414337
0.414337
0.414337
0.414337
0.414336
0.414336
0.414336
0.414335
0.414335
0.414334
0.414334
0.414333
0.414333
0.414332
0.414331
0.414331
0.41433
0.414329
0.414328
0.414327
0.414326
0.414325
0.414324
0.414323
0.414321
0.41432
0.414318
0.430901
0.430903
0.430905
0.430906
0.430907
0.430909
0.43091
0.430911
0.430912
0.430912
0.430913
0.430914
0.430915
0.430915
0.430916
0.430917
0.430917
0.430918
0.430918
0.430918
0.430919
0.430919
0.430919
0.43092
0.43092
0.43092
0.43092
0.43092
0.430921
0.430921
0.430921
0.430921
0.43092
0.43092
0.43092
0.43092
0.43092
0.430919
0.430919
0.430919
0.430918
0.430918
0.430918
0.430917
0.430917
0.430916
0.430915
0.430915
0.430914
0.430913
0.430912
0.430912
0.430911
0.43091
0.430909
0.430907
0.430906
0.430905
0.430903
0.430901
0.447978
0.44798
0.447982
0.447983
0.447984
0.447985
0.447986
0.447987
0.447988
0.447989
0.44799
0.447991
0.447991
0.447992
0.447993
0.447993
0.447994
0.447994
0.447995
0.447995
0.447995
0.447996
0.447996
0.447996
0.447997
0.447997
0.447997
0.447997
0.447997
0.447997
0.447997
0.447997
0.447997
0.447997
0.447997
0.447997
0.447996
0.447996
0.447996
0.447995
0.447995
0.447995
0.447994
0.447994
0.447993
0.447993
0.447992
0.447991
0.447991
0.44799
0.447989
0.447988
0.447987
0.447986
0.447985
0.447984
0.447983
0.447982
0.44798
0.447978
0.465564
0.465565
0.465567
0.465568
0.46557
0.465571
0.465572
0.465573
0.465573
0.465574
0.465575
0.465576
0.465576
0.465577
0.465578
0.465578
0.465579
0.465579
0.46558
0.46558
0.46558
0.465581
0.465581
0.465581
0.465581
0.465582
0.465582
0.465582
0.465582
0.465582
0.465582
0.465582
0.465582
0.465582
0.465582
0.465581
0.465581
0.465581
0.465581
0.46558
0.46558
0.46558
0.465579
0.465579
0.465578
0.465578
0.465577
0.465576
0.465576
0.465575
0.465574
0.465573
0.465573
0.465572
0.465571
0.46557
0.465568
0.465567
0.465565
0.465564
0.483673
0.483674
0.483676
0.483677
0.483678
0.483679
0.48368
0.483681
0.483682
0.483683
0.483684
0.483684
0.483685
0.483686
0.483686
0.483687
0.483687
0.483688
0.483688
0.483688
0.483689
0.483689
0.483689
0.48369
0.48369
0.48369
0.48369
0.48369
0.48369
0.48369
0.48369
0.48369
0.48369
0.48369
0.48369
0.48369
0.48369
0.483689
0.483689
0.483689
0.483688
0.483688
0.483688
0.483687
0.483687
0.483686
0.483686
0.483685
0.483684
0.483684
0.483683
0.483682
0.483681
0.48368
0.483679
0.483678
0.483677
0.483676
0.483674
0.483673
0.502321
0.502323
0.502324
0.502325
0.502326
0.502327
0.502328
0.502329
0.50233
0.502331
0.502331
0.502332
0.502333
0.502333
0.502334
0.502334
0.502335
0.502335
0.502336
0.502336
0.502336
0.502337
0.502337
0.502337
0.502337
0.502337
0.502338
0.502338
0.502338
0.502338
0.502338
0.502338
0.502338
0.502338
0.502337
0.502337
0.502337
0.502337
0.502337
0.502336
0.502336
0.502336
0.502335
0.502335
0.502334
0.502334
0.502333
0.502333
0.502332
0.502331
0.502331
0.50233
0.502329
0.502328
0.502327
0.502326
0.502325
0.502324
0.502323
0.502321
0.521524
0.521526
0.521528
0.521529
0.52153
0.521531
0.521532
0.521533
0.521533
0.521534
0.521535
0.521535
0.521536
0.521537
0.521537
0.521538
0.521538
0.521538
0.521539
0.521539
0.521539
0.52154
0.52154
0.52154
0.52154
0.521541
0.521541
0.521541
0.521541
0.521541
0.521541
0.521541
0.521541
0.521541
0.521541
0.52154
0.52154
0.52154
0.52154
0.521539
0.521539
0.521539
0.521538
0.521538
0.521538
0.521537
0.521537
0.521536
0.521535
0.521535
0.521534
0.521533
0.521533
0.521532
0.521531
0.52153
0.521529
0.521528
0.521526
0.521524
0.5413
0.541302
0.541304
0.541305
0.541306
0.541307
0.541308
0.541308
0.541309
0.54131
0.54131
0.541311
0.541311
0.541312
0.541312
0.541313
0.541313
0.541314
0.541314
0.541314
0.541315
0.541315
0.541315
0.541315
0.541316
0.541316
0.541316
0.541316
0.541316
0.541316
0.541316
0.541316
0.541316
0.541316
0.541316
0.541316
0.541315
0.541315
0.541315
0.541315
0.541314
0.541314
0.541314
0.541313
0.541313
0.541312
0.541312
0.541311
0.541311
0.54131
0.54131
0.541309
0.541308
0.541308
0.541307
0.541306
0.541305
0.541304
0.541302
0.5413
0.561666
0.561668
0.561669
0.56167
0.561671
0.561672
0.561673
0.561673
0.561674
0.561675
0.561675
0.561676
0.561676
0.561677
0.561677
0.561678
0.561678
0.561678
0.561679
0.561679
0.561679
0.561679
0.56168
0.56168
0.56168
0.56168
0.56168
0.56168
0.561681
0.561681
0.561681
0.561681
0.56168
0.56168
0.56168
0.56168
0.56168
0.56168
0.561679
0.561679
0.561679
0.561679
0.561678
0.561678
0.561678
0.561677
0.561677
0.561676
0.561676
0.561675
0.561675
0.561674
0.561673
0.561673
0.561672
0.561671
0.56167
0.561669
0.561668
0.561666
0.582638
0.58264
0.582642
0.582643
0.582643
0.582644
0.582645
0.582646
0.582646
0.582647
0.582647
0.582648
0.582648
0.582649
0.582649
0.582649
0.58265
0.58265
0.58265
0.582651
0.582651
0.582651
0.582651
0.582652
0.582652
0.582652
0.582652
0.582652
0.582652
0.582652
0.582652
0.582652
0.582652
0.582652
0.582652
0.582652
0.582652
0.582651
0.582651
0.582651
0.582651
0.58265
0.58265
0.58265
0.582649
0.582649
0.582649
0.582648
0.582648
0.582647
0.582647
0.582646
0.582646
0.582645
0.582644
0.582643
0.582643
0.582642
0.58264
0.582638
0.604237
0.604238
0.60424
0.604241
0.604241
0.604242
0.604243
0.604243
0.604244
0.604244
0.604245
0.604245
0.604245
0.604246
0.604246
0.604247
0.604247
0.604247
0.604247
0.604248
0.604248
0.604248
0.604248
0.604249
0.604249
0.604249
0.604249
0.604249
0.604249
0.604249
0.604249
0.604249
0.604249
0.604249
0.604249
0.604249
0.604249
0.604248
0.604248
0.604248
0.604248
0.604247
0.604247
0.604247
0.604247
0.604246
0.604246
0.604245
0.604245
0.604245
0.604244
0.604244
0.604243
0.604243
0.604242
0.604241
0.604241
0.60424
0.604238
0.604237
0.626479
0.626481
0.626482
0.626483
0.626483
0.626484
0.626484
0.626485
0.626485
0.626486
0.626486
0.626487
0.626487
0.626487
0.626488
0.626488
0.626488
0.626489
0.626489
0.626489
0.626489
0.626489
0.62649
0.62649
0.62649
0.62649
0.62649
0.62649
0.62649
0.62649
0.62649
0.62649
0.62649
0.62649
0.62649
0.62649
0.62649
0.62649
0.626489
0.626489
0.626489
0.626489
0.626489
0.626488
0.626488
0.626488
0.626487
0.626487
0.626487
0.626486
0.626486
0.626485
0.626485
0.626484
0.626484
0.626483
0.626483
0.626482
0.626481
0.626479
0.649385
0.649387
0.649388
0.649389
0.649389
0.64939
0.64939
0.64939
0.649391
0.649391
0.649391
0.649392
0.649392
0.649392
0.649393
0.649393
0.649393
0.649394
0.649394
0.649394
0.649394
0.649394
0.649395
0.649395
0.649395
0.649395
0.649395
0.649395
0.649395
0.649395
0.649395
0.649395
0.649395
0.649395
0.649395
0.649395
0.649395
0.649395
0.649394
0.649394
0.649394
0.649394
0.649394
0.649393
0.649393
0.649393
0.649392
0.649392
0.649392
0.649391
0.649391
0.649391
0.64939
0.64939
0.64939
0.649389
0.649389
0.649388
0.649387
0.649385
0.672975
0.672977
0.672978
0.672978
0.672979
0.672979
0.672979
0.67298
0.67298
0.67298
0.67298
0.672981
0.672981
0.672981
0.672981
0.672982
0.672982
0.672982
0.672982
0.672983
0.672983
0.672983
0.672983
0.672983
0.672983
0.672983
0.672984
0.672984
0.672984
0.672984
0.672984
0.672984
0.672984
0.672984
0.672983
0.672983
0.672983
0.672983
0.672983
0.672983
0.672983
0.672982
0.672982
0.672982
0.672982
0.672981
0.672981
0.672981
0.672981
0.67298
0.67298
0.67298
0.67298
0.672979
0.672979
0.672979
0.672978
0.672978
0.672977
0.672975
0.69727
0.697271
0.697272
0.697272
0.697273
0.697273
0.697273
0.697273
0.697273
0.697273
0.697274
0.697274
0.697274
0.697274
0.697274
0.697275
0.697275
0.697275
0.697275
0.697275
0.697276
0.697276
0.697276
0.697276
0.697276
0.697276
0.697276
0.697276
0.697276
0.697276
0.697276
0.697276
0.697276
0.697276
0.697276
0.697276
0.697276
0.697276
0.697276
0.697276
0.697275
0.697275
0.697275
0.697275
0.697275
0.697274
0.697274
0.697274
0.697274
0.697274
0.697273
0.697273
0.697273
0.697273
0.697273
0.697273
0.697272
0.697272
0.697271
0.69727
0.72229
0.722291
0.722292
0.722292
0.722292
0.722292
0.722292
0.722292
0.722292
0.722292
0.722292
0.722293
0.722293
0.722293
0.722293
0.722293
0.722293
0.722294
0.722294
0.722294
0.722294
0.722294
0.722294
0.722294
0.722294
0.722295
0.722295
0.722295
0.722295
0.722295
0.722295
0.722295
0.722295
0.722295
0.722295
0.722294
0.722294
0.722294
0.722294
0.722294
0.722294
0.722294
0.722294
0.722293
0.722293
0.722293
0.722293
0.722293
0.722293
0.722292
0.722292
0.722292
0.722292
0.722292
0.722292
0.722292
0.722292
0.722292
0.722291
0.72229
0.748058
0.748059
0.74806
0.74806
0.748059
0.748059
0.748059
0.748059
0.748059
0.748059
0.748059
0.748059
0.748059
0.748059
0.748059
0.748059
0.74806
0.74806
0.74806
0.74806
0.74806
0.74806
0.74806
0.74806
0.748061
0.748061
0.748061
0.748061
0.748061
0.748061
0.748061
0.748061
0.748061
0.748061
0.748061
0.748061
0.74806
0.74806
0.74806
0.74806
0.74806
0.74806
0.74806
0.74806
0.748059
0.748059
0.748059
0.748059
0.748059
0.748059
0.748059
0.748059
0.748059
0.748059
0.748059
0.748059
0.74806
0.74806
0.748059
0.748058
0.774598
0.774599
0.774599
0.774598
0.774598
0.774597
0.774597
0.774597
0.774597
0.774597
0.774597
0.774597
0.774597
0.774597
0.774597
0.774597
0.774597
0.774597
0.774597
0.774597
0.774597
0.774598
0.774598
0.774598
0.774598
0.774598
0.774598
0.774598
0.774598
0.774598
0.774598
0.774598
0.774598
0.774598
0.774598
0.774598
0.774598
0.774598
0.774598
0.774597
0.774597
0.774597
0.774597
0.774597
0.774597
0.774597
0.774597
0.774597
0.774597
0.774597
0.774597
0.774597
0.774597
0.774597
0.774597
0.774598
0.774598
0.774599
0.774599
0.774598
0.801937
0.801937
0.801936
0.801935
0.801934
0.801933
0.801933
0.801932
0.801932
0.801932
0.801932
0.801932
0.801932
0.801932
0.801932
0.801932
0.801932
0.801932
0.801932
0.801932
0.801932
0.801932
0.801933
0.801933
0.801933
0.801933
0.801933
0.801933
0.801933
0.801933
0.801933
0.801933
0.801933
0.801933
0.801933
0.801933
0.801933
0.801933
0.801932
0.801932
0.801932
0.801932
0.801932
0.801932
0.801932
0.801932
0.801932
0.801932
0.801932
0.801932
0.801932
0.801932
0.801932
0.801933
0.801933
0.801934
0.801935
0.801936
0.801937
0.801937
0.830111
0.830107
0.830105
0.830103
0.830101
0.8301
0.8301
0.830099
0.830099
0.830099
0.830099
0.830099
0.830099
0.830099
0.830099
0.830099
0.830099
0.830099
0.830099
0.830099
0.830099
0.830099
0.830099
0.830099
0.830099
0.830099
0.830099
0.830099
0.830099
0.830099
0.830099
0.830099
0.830099
0.830099
0.830099
0.830099
0.830099
0.830099
0.830099
0.830099
0.830099
0.830099
0.830099
0.830099
0.830099
0.830099
0.830099
0.830099
0.830099
0.830099
0.830099
0.830099
0.830099
0.8301
0.8301
0.830101
0.830103
0.830105
0.830107
0.830111
0.859172
0.85916
0.859153
0.85915
0.859148
0.859147
0.859146
0.859146
0.859145
0.859145
0.859145
0.859145
0.859145
0.859145
0.859145
0.859145
0.859145
0.859145
0.859145
0.859145
0.859145
0.859145
0.859145
0.859145
0.859145
0.859145
0.859145
0.859145
0.859145
0.859145
0.859145
0.859145
0.859145
0.859145
0.859145
0.859145
0.859145
0.859145
0.859145
0.859145
0.859145
0.859145
0.859145
0.859145
0.859145
0.859145
0.859145
0.859145
0.859145
0.859145
0.859145
0.859145
0.859146
0.859146
0.859147
0.859148
0.85915
0.859153
0.85916
0.859172
0.889189
0.889154
0.889138
0.889133
0.889132
0.889131
0.88913
0.88913
0.88913
0.889129
0.889129
0.889129
0.889129
0.889129
0.889129
0.889129
0.889129
0.889129
0.889129
0.889129
0.889129
0.889129
0.889129
0.889129
0.889129
0.889129
0.889129
0.889129
0.889129
0.889129
0.889129
0.889129
0.889129
0.889129
0.889129
0.889129
0.889129
0.889129
0.889129
0.889129
0.889129
0.889129
0.889129
0.889129
0.889129
0.889129
0.889129
0.889129
0.889129
0.889129
0.889129
0.88913
0.88913
0.88913
0.889131
0.889132
0.889133
0.889138
0.889154
0.889189
0.920174
0.920092
0.920062
0.920059
0.92006
0.92006
0.92006
0.92006
0.920059
0.920059
0.920059
0.920059
0.920059
0.920059
0.920059
0.920059
0.920059
0.920059
0.920059
0.920059
0.920059
0.920059
0.920059
0.920059
0.920059
0.920059
0.920059
0.920059
0.920059
0.920059
0.920059
0.920059
0.920059
0.920059
0.920059
0.920059
0.920059
0.920059
0.920059
0.920059
0.920059
0.920059
0.920059
0.920059
0.920059
0.920059
0.920059
0.920059
0.920059
0.920059
0.920059
0.920059
0.92006
0.92006
0.92006
0.92006
0.920059
0.920062
0.920092
0.920174
0.951907
0.951765
0.951727
0.951733
0.951739
0.951741
0.951742
0.951742
0.951742
0.951742
0.951742
0.951742
0.951742
0.951742
0.951742
0.951742
0.951742
0.951742
0.951742
0.951742
0.951742
0.951742
0.951742
0.951742
0.951742
0.951742
0.951742
0.951742
0.951742
0.951742
0.951742
0.951742
0.951742
0.951742
0.951742
0.951742
0.951742
0.951742
0.951742
0.951742
0.951742
0.951742
0.951742
0.951742
0.951742
0.951742
0.951742
0.951742
0.951742
0.951742
0.951742
0.951742
0.951742
0.951742
0.951741
0.951739
0.951733
0.951727
0.951765
0.951907
0.98388
0.983764
0.983754
0.983771
0.983779
0.983781
0.983782
0.983783
0.983783
0.983783
0.983784
0.983784
0.983784
0.983784
0.983784
0.983784
0.983784
0.983784
0.983784
0.983784
0.983784
0.983784
0.983784
0.983784
0.983784
0.983784
0.983784
0.983784
0.983784
0.983784
0.983784
0.983784
0.983784
0.983784
0.983784
0.983784
0.983784
0.983784
0.983784
0.983784
0.983784
0.983784
0.983784
0.983784
0.983784
0.983784
0.983784
0.983784
0.983784
0.983784
0.983783
0.983783
0.983783
0.983782
0.983781
0.983779
0.983771
0.983754
0.983764
0.98388
)
;

boundaryField
{
    top
    {
        type            fixedValue;
        value           uniform 1;
    }
    bottom
    {
        type            fixedIonicFlux;
        value           nonuniform List<scalar> 
60
(
-1.71724e-21
-1.6722e-21
-1.66861e-21
-1.66803e-21
-1.66771e-21
-1.66751e-21
-1.6674e-21
-1.66737e-21
-1.66739e-21
-1.66745e-21
-1.66755e-21
-1.66768e-21
-1.66781e-21
-1.66796e-21
-1.66811e-21
-1.66826e-21
-1.66841e-21
-1.66855e-21
-1.66868e-21
-1.6688e-21
-1.66892e-21
-1.66902e-21
-1.66911e-21
-1.66919e-21
-1.66926e-21
-1.66931e-21
-1.66936e-21
-1.66939e-21
-1.66941e-21
-1.66942e-21
-1.66942e-21
-1.66941e-21
-1.66939e-21
-1.66936e-21
-1.66931e-21
-1.66926e-21
-1.66919e-21
-1.66911e-21
-1.66902e-21
-1.66892e-21
-1.6688e-21
-1.66868e-21
-1.66855e-21
-1.66841e-21
-1.66826e-21
-1.66811e-21
-1.66796e-21
-1.66781e-21
-1.66768e-21
-1.66755e-21
-1.66745e-21
-1.66739e-21
-1.66737e-21
-1.6674e-21
-1.66751e-21
-1.66771e-21
-1.66803e-21
-1.66861e-21
-1.6722e-21
-1.71724e-21
)
;
    }
    wall
    {
        type            zeroGradient;
    }
    frontAndBack
    {
        type            empty;
    }
}


// ************************************************************************* //
