/*--------------------------------*- C++ -*----------------------------------*\
| =========                 |                                                 |
| \\      /  F ield         | foam-extend: Open Source CFD                    |
|  \\    /   O peration     | Version:     4.0                                |
|   \\  /    A nd           | Web:         http://www.foam-extend.org         |
|    \\/     M anipulation  |                                                 |
\*---------------------------------------------------------------------------*/
FoamFile
{
    version     2.0;
    format      ascii;
    class       volScalarField;
    location    "50";
    object      psiE;
}
// * * * * * * * * * * * * * * * * * * * * * * * * * * * * * * * * * * * * * //

dimensions      [0 0 0 0 0 0 0];

internalField   nonuniform List<scalar> 
6960
(
0.183912
0.183888
0.183883
0.183881
0.18388
0.18388
0.18388
0.18388
0.18388
0.18388
0.18388
0.183881
0.183881
0.183881
0.183882
0.183882
0.183882
0.183882
0.183883
0.183883
0.183883
0.183883
0.183884
0.183884
0.183884
0.183884
0.183884
0.183884
0.183884
0.183884
0.183884
0.183884
0.183884
0.183884
0.183884
0.183884
0.183884
0.183884
0.183883
0.183883
0.183883
0.183883
0.183882
0.183882
0.183882
0.183882
0.183881
0.183881
0.183881
0.18388
0.18388
0.18388
0.18388
0.18388
0.18388
0.18388
0.183881
0.183883
0.183888
0.183912
0.345084
0.345031
0.345018
0.345014
0.345012
0.345011
0.345011
0.345012
0.345012
0.345013
0.345014
0.345015
0.345016
0.345017
0.345018
0.345019
0.34502
0.345021
0.345022
0.345023
0.345023
0.345024
0.345025
0.345025
0.345026
0.345026
0.345026
0.345026
0.345027
0.345027
0.345027
0.345027
0.345026
0.345026
0.345026
0.345026
0.345025
0.345025
0.345024
0.345023
0.345023
0.345022
0.345021
0.34502
0.345019
0.345018
0.345017
0.345016
0.345015
0.345014
0.345013
0.345012
0.345012
0.345011
0.345011
0.345012
0.345014
0.345018
0.345031
0.345084
0.424116
0.424048
0.424031
0.424024
0.424022
0.424021
0.424021
0.424022
0.424023
0.424025
0.424026
0.424028
0.42403
0.424031
0.424033
0.424035
0.424037
0.424038
0.42404
0.424041
0.424042
0.424044
0.424045
0.424046
0.424046
0.424047
0.424048
0.424048
0.424048
0.424048
0.424048
0.424048
0.424048
0.424048
0.424047
0.424046
0.424046
0.424045
0.424044
0.424042
0.424041
0.42404
0.424038
0.424037
0.424035
0.424033
0.424031
0.42403
0.424028
0.424026
0.424025
0.424023
0.424022
0.424021
0.424021
0.424022
0.424024
0.424031
0.424048
0.424116
0.46938
0.469304
0.469284
0.469277
0.469274
0.469273
0.469274
0.469275
0.469277
0.469279
0.469281
0.469284
0.469286
0.469289
0.469292
0.469294
0.469297
0.469299
0.469301
0.469303
0.469305
0.469307
0.469308
0.46931
0.469311
0.469312
0.469312
0.469313
0.469313
0.469314
0.469314
0.469313
0.469313
0.469312
0.469312
0.469311
0.46931
0.469308
0.469307
0.469305
0.469303
0.469301
0.469299
0.469297
0.469294
0.469292
0.469289
0.469286
0.469284
0.469281
0.469279
0.469277
0.469275
0.469274
0.469273
0.469274
0.469277
0.469284
0.469304
0.46938
0.500569
0.50049
0.500467
0.500459
0.500456
0.500456
0.500457
0.500459
0.500461
0.500464
0.500467
0.500471
0.500474
0.500477
0.500481
0.500484
0.500487
0.500491
0.500493
0.500496
0.500499
0.500501
0.500503
0.500505
0.500506
0.500507
0.500509
0.500509
0.50051
0.50051
0.50051
0.50051
0.500509
0.500509
0.500507
0.500506
0.500505
0.500503
0.500501
0.500499
0.500496
0.500493
0.500491
0.500487
0.500484
0.500481
0.500477
0.500474
0.500471
0.500467
0.500464
0.500461
0.500459
0.500457
0.500456
0.500456
0.500459
0.500467
0.50049
0.500569
0.525392
0.525311
0.525287
0.525278
0.525275
0.525275
0.525277
0.525279
0.525282
0.525286
0.52529
0.525294
0.525299
0.525303
0.525307
0.525311
0.525315
0.525319
0.525323
0.525326
0.525329
0.525332
0.525335
0.525337
0.525339
0.525341
0.525342
0.525343
0.525344
0.525344
0.525344
0.525344
0.525343
0.525342
0.525341
0.525339
0.525337
0.525335
0.525332
0.525329
0.525326
0.525323
0.525319
0.525315
0.525311
0.525307
0.525303
0.525299
0.525294
0.52529
0.525286
0.525282
0.525279
0.525277
0.525275
0.525275
0.525278
0.525287
0.525311
0.525392
0.546799
0.546718
0.546693
0.546683
0.54668
0.546681
0.546683
0.546686
0.54669
0.546694
0.546699
0.546704
0.54671
0.546715
0.54672
0.546725
0.54673
0.546735
0.546739
0.546743
0.546747
0.546751
0.546754
0.546756
0.546759
0.546761
0.546762
0.546763
0.546764
0.546765
0.546765
0.546764
0.546763
0.546762
0.546761
0.546759
0.546756
0.546754
0.546751
0.546747
0.546743
0.546739
0.546735
0.54673
0.546725
0.54672
0.546715
0.54671
0.546704
0.546699
0.546694
0.54669
0.546686
0.546683
0.546681
0.54668
0.546683
0.546693
0.546718
0.546799
0.56596
0.565879
0.565852
0.565842
0.56584
0.56584
0.565843
0.565846
0.565851
0.565857
0.565862
0.565869
0.565875
0.565881
0.565887
0.565893
0.565899
0.565905
0.56591
0.565915
0.565919
0.565923
0.565927
0.56593
0.565933
0.565935
0.565937
0.565938
0.565939
0.56594
0.56594
0.565939
0.565938
0.565937
0.565935
0.565933
0.56593
0.565927
0.565923
0.565919
0.565915
0.56591
0.565905
0.565899
0.565893
0.565887
0.565881
0.565875
0.565869
0.565862
0.565857
0.565851
0.565846
0.565843
0.56584
0.56584
0.565842
0.565852
0.565879
0.56596
0.5834
0.583319
0.583291
0.583281
0.583279
0.58328
0.583283
0.583287
0.583293
0.583299
0.583306
0.583313
0.58332
0.583328
0.583335
0.583342
0.583349
0.583355
0.583361
0.583367
0.583372
0.583377
0.583381
0.583384
0.583388
0.58339
0.583392
0.583394
0.583395
0.583396
0.583396
0.583395
0.583394
0.583392
0.58339
0.583388
0.583384
0.583381
0.583377
0.583372
0.583367
0.583361
0.583355
0.583349
0.583342
0.583335
0.583328
0.58332
0.583313
0.583306
0.583299
0.583293
0.583287
0.583283
0.58328
0.583279
0.583281
0.583291
0.583319
0.5834
0.599414
0.599333
0.599305
0.599295
0.599292
0.599293
0.599297
0.599303
0.599309
0.599316
0.599324
0.599332
0.59934
0.599349
0.599357
0.599365
0.599373
0.59938
0.599387
0.599393
0.599399
0.599405
0.599409
0.599414
0.599417
0.59942
0.599423
0.599424
0.599426
0.599426
0.599426
0.599426
0.599424
0.599423
0.59942
0.599417
0.599414
0.599409
0.599405
0.599399
0.599393
0.599387
0.59938
0.599373
0.599365
0.599357
0.599349
0.59934
0.599332
0.599324
0.599316
0.599309
0.599303
0.599297
0.599293
0.599292
0.599295
0.599305
0.599333
0.599414
0.614204
0.614124
0.614094
0.614084
0.614082
0.614083
0.614088
0.614094
0.614101
0.61411
0.614118
0.614128
0.614137
0.614146
0.614156
0.614165
0.614173
0.614182
0.614189
0.614197
0.614203
0.614209
0.614215
0.61422
0.614224
0.614227
0.61423
0.614232
0.614233
0.614234
0.614234
0.614233
0.614232
0.61423
0.614227
0.614224
0.61422
0.614215
0.614209
0.614203
0.614197
0.614189
0.614182
0.614173
0.614165
0.614156
0.614146
0.614137
0.614128
0.614118
0.61411
0.614101
0.614094
0.614088
0.614083
0.614082
0.614084
0.614094
0.614124
0.614204
0.627928
0.627848
0.627818
0.627807
0.627805
0.627808
0.627813
0.62782
0.627828
0.627837
0.627847
0.627857
0.627868
0.627878
0.627889
0.627899
0.627909
0.627918
0.627927
0.627935
0.627942
0.627949
0.627955
0.62796
0.627965
0.627969
0.627972
0.627974
0.627975
0.627976
0.627976
0.627975
0.627974
0.627972
0.627969
0.627965
0.62796
0.627955
0.627949
0.627942
0.627935
0.627927
0.627918
0.627909
0.627899
0.627889
0.627878
0.627868
0.627857
0.627847
0.627837
0.627828
0.62782
0.627813
0.627808
0.627805
0.627807
0.627818
0.627848
0.627928
0.640716
0.640637
0.640606
0.640596
0.640594
0.640597
0.640603
0.640611
0.64062
0.64063
0.640641
0.640653
0.640664
0.640676
0.640687
0.640699
0.640709
0.64072
0.640729
0.640738
0.640746
0.640754
0.640761
0.640766
0.640771
0.640776
0.640779
0.640782
0.640783
0.640784
0.640784
0.640783
0.640782
0.640779
0.640776
0.640771
0.640766
0.640761
0.640754
0.640746
0.640738
0.640729
0.64072
0.640709
0.640699
0.640687
0.640676
0.640664
0.640653
0.640641
0.64063
0.64062
0.640611
0.640603
0.640597
0.640594
0.640596
0.640606
0.640637
0.640716
0.652682
0.652603
0.652572
0.652561
0.65256
0.652563
0.65257
0.652578
0.652589
0.6526
0.652612
0.652625
0.652638
0.652651
0.652663
0.652675
0.652687
0.652699
0.652709
0.652719
0.652728
0.652736
0.652744
0.65275
0.652756
0.65276
0.652764
0.652767
0.652769
0.65277
0.65277
0.652769
0.652767
0.652764
0.65276
0.652756
0.65275
0.652744
0.652736
0.652728
0.652719
0.652709
0.652699
0.652687
0.652675
0.652663
0.652651
0.652638
0.652625
0.652612
0.6526
0.652589
0.652578
0.65257
0.652563
0.65256
0.652561
0.652572
0.652603
0.652682
0.663921
0.663843
0.663811
0.663801
0.663799
0.663803
0.663811
0.66382
0.663832
0.663844
0.663858
0.663871
0.663885
0.6639
0.663913
0.663927
0.66394
0.663952
0.663964
0.663975
0.663984
0.663993
0.664002
0.664009
0.664015
0.66402
0.664024
0.664027
0.664029
0.66403
0.66403
0.664029
0.664027
0.664024
0.66402
0.664015
0.664009
0.664002
0.663993
0.663984
0.663975
0.663964
0.663952
0.66394
0.663927
0.663913
0.6639
0.663885
0.663871
0.663858
0.663844
0.663832
0.66382
0.663811
0.663803
0.663799
0.663801
0.663811
0.663843
0.663921
0.674519
0.674442
0.67441
0.674399
0.674398
0.674403
0.674411
0.674422
0.674434
0.674448
0.674462
0.674478
0.674493
0.674508
0.674523
0.674538
0.674552
0.674565
0.674578
0.67459
0.674601
0.67461
0.674619
0.674627
0.674634
0.674639
0.674643
0.674647
0.674649
0.67465
0.67465
0.674649
0.674647
0.674643
0.674639
0.674634
0.674627
0.674619
0.67461
0.674601
0.67459
0.674578
0.674565
0.674552
0.674538
0.674523
0.674508
0.674493
0.674478
0.674462
0.674448
0.674434
0.674422
0.674411
0.674403
0.674398
0.674399
0.67441
0.674442
0.674519
0.684552
0.684475
0.684443
0.684432
0.684432
0.684437
0.684446
0.684458
0.684472
0.684486
0.684502
0.684519
0.684535
0.684552
0.684568
0.684584
0.684599
0.684614
0.684628
0.68464
0.684652
0.684663
0.684672
0.684681
0.684688
0.684694
0.684699
0.684702
0.684705
0.684706
0.684706
0.684705
0.684702
0.684699
0.684694
0.684688
0.684681
0.684672
0.684663
0.684652
0.68464
0.684628
0.684614
0.684599
0.684584
0.684568
0.684552
0.684535
0.684519
0.684502
0.684486
0.684472
0.684458
0.684446
0.684437
0.684432
0.684432
0.684443
0.684475
0.684552
0.694086
0.69401
0.693978
0.693968
0.693968
0.693974
0.693984
0.693996
0.694011
0.694027
0.694044
0.694062
0.69408
0.694098
0.694115
0.694133
0.694149
0.694165
0.69418
0.694194
0.694206
0.694218
0.694228
0.694237
0.694245
0.694251
0.694256
0.69426
0.694263
0.694264
0.694264
0.694263
0.69426
0.694256
0.694251
0.694245
0.694237
0.694228
0.694218
0.694206
0.694194
0.69418
0.694165
0.694149
0.694133
0.694115
0.694098
0.69408
0.694062
0.694044
0.694027
0.694011
0.693996
0.693984
0.693974
0.693968
0.693968
0.693978
0.69401
0.694086
0.703183
0.703108
0.703076
0.703066
0.703066
0.703073
0.703084
0.703097
0.703113
0.703131
0.703149
0.703168
0.703188
0.703207
0.703226
0.703244
0.703262
0.703279
0.703295
0.70331
0.703324
0.703336
0.703347
0.703357
0.703365
0.703372
0.703378
0.703382
0.703385
0.703386
0.703386
0.703385
0.703382
0.703378
0.703372
0.703365
0.703357
0.703347
0.703336
0.703324
0.70331
0.703295
0.703279
0.703262
0.703244
0.703226
0.703207
0.703188
0.703168
0.703149
0.703131
0.703113
0.703097
0.703084
0.703073
0.703066
0.703066
0.703076
0.703108
0.703183
0.711897
0.711823
0.711791
0.711781
0.711782
0.711789
0.711801
0.711816
0.711833
0.711852
0.711872
0.711892
0.711913
0.711934
0.711954
0.711974
0.711993
0.712011
0.712028
0.712044
0.712059
0.712072
0.712084
0.712094
0.712103
0.712111
0.712117
0.712121
0.712124
0.712126
0.712126
0.712124
0.712121
0.712117
0.712111
0.712103
0.712094
0.712084
0.712072
0.712059
0.712044
0.712028
0.712011
0.711993
0.711974
0.711954
0.711934
0.711913
0.711892
0.711872
0.711852
0.711833
0.711816
0.711801
0.711789
0.711782
0.711781
0.711791
0.711823
0.711897
0.720278
0.720206
0.720174
0.720164
0.720165
0.720173
0.720186
0.720202
0.720221
0.720241
0.720262
0.720284
0.720306
0.720328
0.72035
0.720371
0.720392
0.720411
0.72043
0.720447
0.720462
0.720477
0.720489
0.7205
0.72051
0.720518
0.720524
0.720529
0.720532
0.720534
0.720534
0.720532
0.720529
0.720524
0.720518
0.72051
0.7205
0.720489
0.720477
0.720462
0.720447
0.72043
0.720411
0.720392
0.720371
0.72035
0.720328
0.720306
0.720284
0.720262
0.720241
0.720221
0.720202
0.720186
0.720173
0.720165
0.720164
0.720174
0.720206
0.720278
0.728371
0.728301
0.728269
0.728259
0.728261
0.72827
0.728284
0.728301
0.728321
0.728342
0.728365
0.728389
0.728412
0.728436
0.72846
0.728482
0.728504
0.728525
0.728544
0.728563
0.728579
0.728594
0.728608
0.72862
0.72863
0.728639
0.728646
0.728651
0.728654
0.728656
0.728656
0.728654
0.728651
0.728646
0.728639
0.72863
0.72862
0.728608
0.728594
0.728579
0.728563
0.728544
0.728525
0.728504
0.728482
0.72846
0.728436
0.728412
0.728389
0.728365
0.728342
0.728321
0.728301
0.728284
0.72827
0.728261
0.728259
0.728269
0.728301
0.728371
0.73622
0.736151
0.736119
0.73611
0.736112
0.736122
0.736137
0.736155
0.736176
0.736199
0.736224
0.736249
0.736274
0.736299
0.736324
0.736348
0.736372
0.736394
0.736415
0.736434
0.736452
0.736468
0.736482
0.736495
0.736506
0.736515
0.736522
0.736528
0.736531
0.736533
0.736533
0.736531
0.736528
0.736522
0.736515
0.736506
0.736495
0.736482
0.736468
0.736452
0.736434
0.736415
0.736394
0.736372
0.736348
0.736324
0.736299
0.736274
0.736249
0.736224
0.736199
0.736176
0.736155
0.736137
0.736122
0.736112
0.73611
0.736119
0.736151
0.73622
0.743861
0.743794
0.743763
0.743754
0.743757
0.743768
0.743784
0.743803
0.743826
0.74385
0.743876
0.743902
0.743929
0.743956
0.743983
0.744009
0.744033
0.744057
0.744079
0.7441
0.744119
0.744136
0.744151
0.744165
0.744176
0.744186
0.744194
0.744199
0.744203
0.744205
0.744205
0.744203
0.744199
0.744194
0.744186
0.744176
0.744165
0.744151
0.744136
0.744119
0.7441
0.744079
0.744057
0.744033
0.744009
0.743983
0.743956
0.743929
0.743902
0.743876
0.74385
0.743826
0.743803
0.743784
0.743768
0.743757
0.743754
0.743763
0.743794
0.743861
0.751332
0.751266
0.751236
0.751227
0.751231
0.751242
0.751259
0.75128
0.751304
0.75133
0.751358
0.751386
0.751415
0.751443
0.751471
0.751499
0.751525
0.75155
0.751573
0.751595
0.751615
0.751634
0.75165
0.751664
0.751677
0.751687
0.751695
0.751701
0.751705
0.751707
0.751707
0.751705
0.751701
0.751695
0.751687
0.751677
0.751664
0.75165
0.751634
0.751615
0.751595
0.751573
0.75155
0.751525
0.751499
0.751471
0.751443
0.751415
0.751386
0.751358
0.75133
0.751304
0.75128
0.751259
0.751242
0.751231
0.751227
0.751236
0.751266
0.751332
0.758665
0.758601
0.758571
0.758563
0.758567
0.75858
0.758598
0.758621
0.758646
0.758673
0.758702
0.758732
0.758763
0.758793
0.758823
0.758852
0.75888
0.758906
0.758931
0.758954
0.758976
0.758995
0.759012
0.759027
0.75904
0.759051
0.75906
0.759067
0.759071
0.759073
0.759073
0.759071
0.759067
0.75906
0.759051
0.75904
0.759027
0.759012
0.758995
0.758976
0.758954
0.758931
0.758906
0.75888
0.758852
0.758823
0.758793
0.758763
0.758732
0.758702
0.758673
0.758646
0.758621
0.758598
0.75858
0.758567
0.758563
0.758571
0.758601
0.758665
0.765891
0.765829
0.7658
0.765792
0.765798
0.765811
0.765831
0.765854
0.765881
0.765911
0.765941
0.765973
0.766005
0.766037
0.766069
0.7661
0.766129
0.766157
0.766183
0.766208
0.766231
0.766251
0.766269
0.766285
0.766299
0.766311
0.76632
0.766327
0.766331
0.766334
0.766334
0.766331
0.766327
0.76632
0.766311
0.766299
0.766285
0.766269
0.766251
0.766231
0.766208
0.766183
0.766157
0.766129
0.7661
0.766069
0.766037
0.766005
0.765973
0.765941
0.765911
0.765881
0.765854
0.765831
0.765811
0.765798
0.765792
0.7658
0.765829
0.765891
0.77304
0.77298
0.772952
0.772945
0.772951
0.772965
0.772986
0.773011
0.77304
0.773071
0.773103
0.773137
0.773171
0.773205
0.773238
0.773271
0.773302
0.773331
0.773359
0.773385
0.773409
0.77343
0.77345
0.773467
0.773481
0.773493
0.773503
0.77351
0.773515
0.773518
0.773518
0.773515
0.77351
0.773503
0.773493
0.773481
0.773467
0.77345
0.77343
0.773409
0.773385
0.773359
0.773331
0.773302
0.773271
0.773238
0.773205
0.773171
0.773137
0.773103
0.773071
0.77304
0.773011
0.772986
0.772965
0.772951
0.772945
0.772952
0.77298
0.77304
0.780139
0.780081
0.780053
0.780047
0.780054
0.78007
0.780092
0.780118
0.780148
0.780181
0.780215
0.780251
0.780287
0.780323
0.780358
0.780392
0.780425
0.780456
0.780486
0.780513
0.780538
0.780561
0.780581
0.780599
0.780615
0.780627
0.780638
0.780645
0.78065
0.780653
0.780653
0.78065
0.780645
0.780638
0.780627
0.780615
0.780599
0.780581
0.780561
0.780538
0.780513
0.780486
0.780456
0.780425
0.780392
0.780358
0.780323
0.780287
0.780251
0.780215
0.780181
0.780148
0.780118
0.780092
0.78007
0.780054
0.780047
0.780053
0.780081
0.780139
0.787212
0.787157
0.78713
0.787125
0.787133
0.787149
0.787173
0.787201
0.787233
0.787267
0.787304
0.787341
0.787379
0.787417
0.787454
0.78749
0.787525
0.787558
0.787589
0.787617
0.787644
0.787668
0.787689
0.787708
0.787724
0.787738
0.787749
0.787757
0.787762
0.787765
0.787765
0.787762
0.787757
0.787749
0.787738
0.787724
0.787708
0.787689
0.787668
0.787644
0.787617
0.787589
0.787558
0.787525
0.78749
0.787454
0.787417
0.787379
0.787341
0.787304
0.787267
0.787233
0.787201
0.787173
0.787149
0.787133
0.787125
0.78713
0.787157
0.787212
0.794286
0.794233
0.794207
0.794202
0.794211
0.794229
0.794254
0.794284
0.794317
0.794354
0.794392
0.794431
0.794471
0.794511
0.79455
0.794588
0.794625
0.794659
0.794692
0.794722
0.79475
0.794775
0.794798
0.794818
0.794835
0.794849
0.79486
0.794869
0.794875
0.794877
0.794877
0.794875
0.794869
0.79486
0.794849
0.794835
0.794818
0.794798
0.794775
0.79475
0.794722
0.794692
0.794659
0.794625
0.794588
0.79455
0.794511
0.794471
0.794431
0.794392
0.794354
0.794317
0.794284
0.794254
0.794229
0.794211
0.794202
0.794207
0.794233
0.794286
0.801381
0.801331
0.801306
0.801302
0.801312
0.801331
0.801357
0.801389
0.801424
0.801462
0.801503
0.801544
0.801586
0.801628
0.801669
0.801709
0.801747
0.801784
0.801818
0.80185
0.801879
0.801906
0.80193
0.801951
0.801969
0.801984
0.801996
0.802004
0.80201
0.802013
0.802013
0.80201
0.802004
0.801996
0.801984
0.801969
0.801951
0.80193
0.801906
0.801879
0.80185
0.801818
0.801784
0.801747
0.801709
0.801669
0.801628
0.801586
0.801544
0.801503
0.801462
0.801424
0.801389
0.801357
0.801331
0.801312
0.801302
0.801306
0.801331
0.801381
0.808519
0.808472
0.808448
0.808445
0.808456
0.808477
0.808504
0.808538
0.808575
0.808615
0.808658
0.808701
0.808745
0.808789
0.808833
0.808875
0.808915
0.808953
0.808989
0.809023
0.809054
0.809082
0.809107
0.809128
0.809147
0.809163
0.809176
0.809185
0.809191
0.809194
0.809194
0.809191
0.809185
0.809176
0.809163
0.809147
0.809128
0.809107
0.809082
0.809054
0.809023
0.808989
0.808953
0.808915
0.808875
0.808833
0.808789
0.808745
0.808701
0.808658
0.808615
0.808575
0.808538
0.808504
0.808477
0.808456
0.808445
0.808448
0.808472
0.808519
0.815722
0.815677
0.815655
0.815653
0.815665
0.815686
0.815716
0.815751
0.81579
0.815832
0.815877
0.815923
0.815969
0.816015
0.816061
0.816105
0.816147
0.816188
0.816225
0.816261
0.816293
0.816322
0.816348
0.816371
0.816391
0.816408
0.816421
0.816431
0.816437
0.816441
0.816441
0.816437
0.816431
0.816421
0.816408
0.816391
0.816371
0.816348
0.816322
0.816293
0.816261
0.816225
0.816188
0.816147
0.816105
0.816061
0.816015
0.815969
0.815923
0.815877
0.815832
0.81579
0.815751
0.815716
0.815686
0.815665
0.815653
0.815655
0.815677
0.815722
0.823007
0.822965
0.822944
0.822943
0.822956
0.82298
0.82301
0.823047
0.823089
0.823133
0.82318
0.823228
0.823277
0.823325
0.823373
0.823419
0.823464
0.823506
0.823545
0.823582
0.823616
0.823647
0.823674
0.823699
0.823719
0.823737
0.82375
0.823761
0.823768
0.823771
0.823771
0.823768
0.823761
0.82375
0.823737
0.823719
0.823699
0.823674
0.823647
0.823616
0.823582
0.823545
0.823506
0.823464
0.823419
0.823373
0.823325
0.823277
0.823228
0.82318
0.823133
0.823089
0.823047
0.82301
0.82298
0.822956
0.822943
0.822944
0.822965
0.823007
0.830394
0.830354
0.830335
0.830335
0.830349
0.830374
0.830407
0.830445
0.830489
0.830535
0.830584
0.830635
0.830686
0.830737
0.830787
0.830835
0.830882
0.830926
0.830968
0.831007
0.831042
0.831074
0.831103
0.831128
0.83115
0.831168
0.831183
0.831194
0.831201
0.831204
0.831204
0.831201
0.831194
0.831183
0.831168
0.83115
0.831128
0.831103
0.831074
0.831042
0.831007
0.830968
0.830926
0.830882
0.830835
0.830787
0.830737
0.830686
0.830635
0.830584
0.830535
0.830489
0.830445
0.830407
0.830374
0.830349
0.830335
0.830335
0.830354
0.830394
0.837898
0.837862
0.837844
0.837845
0.837861
0.837887
0.837922
0.837962
0.838008
0.838057
0.838108
0.838161
0.838215
0.838268
0.83832
0.838371
0.83842
0.838466
0.83851
0.83855
0.838588
0.838621
0.838651
0.838678
0.838701
0.83872
0.838735
0.838746
0.838754
0.838758
0.838758
0.838754
0.838746
0.838735
0.83872
0.838701
0.838678
0.838651
0.838621
0.838588
0.83855
0.83851
0.838466
0.83842
0.838371
0.83832
0.838268
0.838215
0.838161
0.838108
0.838057
0.838008
0.837962
0.837922
0.837887
0.837861
0.837845
0.837844
0.837862
0.837898
0.845538
0.845504
0.845488
0.84549
0.845507
0.845535
0.845572
0.845614
0.845662
0.845713
0.845767
0.845823
0.845879
0.845934
0.845989
0.846043
0.846094
0.846142
0.846188
0.84623
0.846269
0.846304
0.846336
0.846364
0.846387
0.846407
0.846423
0.846435
0.846443
0.846447
0.846447
0.846443
0.846435
0.846423
0.846407
0.846387
0.846364
0.846336
0.846304
0.846269
0.84623
0.846188
0.846142
0.846094
0.846043
0.845989
0.845934
0.845879
0.845823
0.845767
0.845713
0.845662
0.845614
0.845572
0.845535
0.845507
0.84549
0.845488
0.845504
0.845538
0.853328
0.853297
0.853282
0.853286
0.853305
0.853334
0.853372
0.853417
0.853467
0.853521
0.853577
0.853635
0.853694
0.853752
0.85381
0.853865
0.853919
0.85397
0.854017
0.854062
0.854102
0.854139
0.854172
0.854201
0.854226
0.854247
0.854264
0.854276
0.854284
0.854288
0.854288
0.854284
0.854276
0.854264
0.854247
0.854226
0.854201
0.854172
0.854139
0.854102
0.854062
0.854017
0.85397
0.853919
0.853865
0.85381
0.853752
0.853694
0.853635
0.853577
0.853521
0.853467
0.853417
0.853372
0.853334
0.853305
0.853286
0.853282
0.853297
0.853328
0.861282
0.861254
0.861242
0.861247
0.861267
0.861298
0.861338
0.861385
0.861438
0.861494
0.861553
0.861614
0.861675
0.861736
0.861796
0.861855
0.861911
0.861964
0.862013
0.86206
0.862102
0.862141
0.862175
0.862206
0.862232
0.862253
0.862271
0.862284
0.862292
0.862297
0.862297
0.862292
0.862284
0.862271
0.862253
0.862232
0.862206
0.862175
0.862141
0.862102
0.86206
0.862013
0.861964
0.861911
0.861855
0.861796
0.861736
0.861675
0.861614
0.861553
0.861494
0.861438
0.861385
0.861338
0.861298
0.861267
0.861247
0.861242
0.861254
0.861282
0.869417
0.869391
0.869381
0.869388
0.869409
0.869442
0.869484
0.869534
0.869588
0.869647
0.869709
0.869773
0.869837
0.869901
0.869963
0.870024
0.870083
0.870138
0.87019
0.870239
0.870283
0.870323
0.870359
0.870391
0.870418
0.870441
0.870459
0.870473
0.870482
0.870486
0.870486
0.870482
0.870473
0.870459
0.870441
0.870418
0.870391
0.870359
0.870323
0.870283
0.870239
0.87019
0.870138
0.870083
0.870024
0.869963
0.869901
0.869837
0.869773
0.869709
0.869647
0.869588
0.869534
0.869484
0.869442
0.869409
0.869388
0.869381
0.869391
0.869417
0.877744
0.877721
0.877713
0.877721
0.877744
0.877779
0.877823
0.877875
0.877933
0.877994
0.878059
0.878125
0.878192
0.878259
0.878324
0.878388
0.878449
0.878507
0.878561
0.878612
0.878658
0.8787
0.878738
0.878771
0.878799
0.878823
0.878842
0.878856
0.878865
0.87887
0.87887
0.878865
0.878856
0.878842
0.878823
0.878799
0.878771
0.878738
0.8787
0.878658
0.878612
0.878561
0.878507
0.878449
0.878388
0.878324
0.878259
0.878192
0.878125
0.878059
0.877994
0.877933
0.877875
0.877823
0.877779
0.877744
0.877721
0.877713
0.877721
0.877744
0.886277
0.886257
0.886251
0.886261
0.886286
0.886322
0.886369
0.886423
0.886483
0.886548
0.886615
0.886684
0.886754
0.886824
0.886893
0.886959
0.887023
0.887083
0.88714
0.887193
0.887241
0.887285
0.887324
0.887359
0.887388
0.887413
0.887433
0.887447
0.887457
0.887462
0.887462
0.887457
0.887447
0.887433
0.887413
0.887388
0.887359
0.887324
0.887285
0.887241
0.887193
0.88714
0.887083
0.887023
0.886959
0.886893
0.886824
0.886754
0.886684
0.886615
0.886548
0.886483
0.886423
0.886369
0.886322
0.886286
0.886261
0.886251
0.886257
0.886277
0.895029
0.895012
0.895007
0.895019
0.895046
0.895085
0.895133
0.89519
0.895253
0.89532
0.895391
0.895463
0.895536
0.895609
0.89568
0.89575
0.895816
0.895879
0.895938
0.895993
0.896044
0.89609
0.896131
0.896166
0.896197
0.896223
0.896244
0.896259
0.896269
0.896274
0.896274
0.896269
0.896259
0.896244
0.896223
0.896197
0.896166
0.896131
0.89609
0.896044
0.895993
0.895938
0.895879
0.895816
0.89575
0.89568
0.895609
0.895536
0.895463
0.895391
0.89532
0.895253
0.89519
0.895133
0.895085
0.895046
0.895019
0.895007
0.895012
0.895029
0.904012
0.903997
0.903994
0.904008
0.904037
0.904078
0.904129
0.904188
0.904254
0.904324
0.904398
0.904473
0.90455
0.904626
0.9047
0.904772
0.904842
0.904907
0.904969
0.905026
0.905079
0.905127
0.905169
0.905207
0.905239
0.905266
0.905287
0.905303
0.905314
0.905319
0.905319
0.905314
0.905303
0.905287
0.905266
0.905239
0.905207
0.905169
0.905127
0.905079
0.905026
0.904969
0.904907
0.904842
0.904772
0.9047
0.904626
0.90455
0.904473
0.904398
0.904324
0.904254
0.904188
0.904129
0.904078
0.904037
0.904008
0.903994
0.903997
0.904012
0.913237
0.913224
0.913224
0.913239
0.91327
0.913313
0.913367
0.913429
0.913498
0.913571
0.913648
0.913727
0.913806
0.913886
0.913963
0.914039
0.914111
0.914179
0.914244
0.914304
0.914358
0.914408
0.914453
0.914492
0.914525
0.914553
0.914575
0.914592
0.914603
0.914609
0.914609
0.914603
0.914592
0.914575
0.914553
0.914525
0.914492
0.914453
0.914408
0.914358
0.914304
0.914244
0.914179
0.914111
0.914039
0.913963
0.913886
0.913806
0.913727
0.913648
0.913571
0.913498
0.913429
0.913367
0.913313
0.91327
0.913239
0.913224
0.913224
0.913237
0.922716
0.922706
0.922707
0.922725
0.922758
0.922803
0.922859
0.922924
0.922996
0.923073
0.923153
0.923235
0.923318
0.923401
0.923482
0.92356
0.923636
0.923707
0.923774
0.923836
0.923894
0.923945
0.923992
0.924032
0.924067
0.924096
0.924119
0.924137
0.924148
0.924154
0.924154
0.924148
0.924137
0.924119
0.924096
0.924067
0.924032
0.923992
0.923945
0.923894
0.923836
0.923774
0.923707
0.923636
0.92356
0.923482
0.923401
0.923318
0.923235
0.923153
0.923073
0.922996
0.922924
0.922859
0.922803
0.922758
0.922725
0.922707
0.922706
0.922716
0.93246
0.932452
0.932456
0.932476
0.932511
0.932559
0.932618
0.932685
0.93276
0.93284
0.932924
0.93301
0.933097
0.933183
0.933267
0.933349
0.933427
0.933502
0.933571
0.933636
0.933696
0.93375
0.933798
0.93384
0.933876
0.933907
0.933931
0.933949
0.933961
0.933967
0.933967
0.933961
0.933949
0.933931
0.933907
0.933876
0.93384
0.933798
0.93375
0.933696
0.933636
0.933571
0.933502
0.933427
0.933349
0.933267
0.933183
0.933097
0.93301
0.932924
0.93284
0.93276
0.932685
0.932618
0.932559
0.932511
0.932476
0.932456
0.932452
0.93246
0.94248
0.942475
0.942481
0.942503
0.94254
0.942591
0.942652
0.942723
0.942802
0.942885
0.942972
0.943062
0.943152
0.943242
0.94333
0.943415
0.943497
0.943574
0.943647
0.943714
0.943776
0.943832
0.943882
0.943926
0.943964
0.943996
0.944021
0.94404
0.944052
0.944058
0.944058
0.944052
0.94404
0.944021
0.943996
0.943964
0.943926
0.943882
0.943832
0.943776
0.943714
0.943647
0.943574
0.943497
0.943415
0.94333
0.943242
0.943152
0.943062
0.942972
0.942885
0.942802
0.942723
0.942652
0.942591
0.94254
0.942503
0.942481
0.942475
0.94248
0.952788
0.952785
0.952793
0.952818
0.952857
0.95291
0.952975
0.953049
0.953131
0.953218
0.953309
0.953402
0.953496
0.95359
0.953681
0.95377
0.953855
0.953936
0.954011
0.954081
0.954146
0.954204
0.954256
0.954302
0.954341
0.954374
0.9544
0.95442
0.954433
0.95444
0.95444
0.954433
0.95442
0.9544
0.954374
0.954341
0.954302
0.954256
0.954204
0.954146
0.954081
0.954011
0.953936
0.953855
0.95377
0.953681
0.95359
0.953496
0.953402
0.953309
0.953218
0.953131
0.953049
0.952975
0.95291
0.952857
0.952818
0.952793
0.952785
0.952788
0.963395
0.963393
0.963404
0.96343
0.963472
0.963528
0.963596
0.963673
0.963759
0.96385
0.963945
0.964042
0.96414
0.964237
0.964332
0.964425
0.964513
0.964597
0.964676
0.964749
0.964816
0.964877
0.964931
0.964978
0.965019
0.965053
0.96508
0.965101
0.965114
0.965121
0.965121
0.965114
0.965101
0.96508
0.965053
0.965019
0.964978
0.964931
0.964877
0.964816
0.964749
0.964676
0.964597
0.964513
0.964425
0.964332
0.964237
0.96414
0.964042
0.963945
0.96385
0.963759
0.963673
0.963596
0.963528
0.963472
0.96343
0.963404
0.963393
0.963395
0.97431
0.97431
0.974323
0.974352
0.974397
0.974456
0.974527
0.974607
0.974696
0.974791
0.97489
0.974991
0.975093
0.975195
0.975294
0.97539
0.975482
0.975569
0.975651
0.975727
0.975797
0.97586
0.975916
0.975966
0.976008
0.976044
0.976072
0.976093
0.976107
0.976114
0.976114
0.976107
0.976093
0.976072
0.976044
0.976008
0.975966
0.975916
0.97586
0.975797
0.975727
0.975651
0.975569
0.975482
0.97539
0.975294
0.975195
0.975093
0.974991
0.97489
0.974791
0.974696
0.974607
0.974527
0.974456
0.974397
0.974352
0.974323
0.97431
0.97431
0.985545
0.985548
0.985563
0.985594
0.985641
0.985703
0.985777
0.985862
0.985955
0.986054
0.986157
0.986262
0.986368
0.986474
0.986577
0.986677
0.986773
0.986864
0.986949
0.987028
0.9871
0.987166
0.987224
0.987276
0.98732
0.987357
0.987386
0.987408
0.987423
0.98743
0.98743
0.987423
0.987408
0.987386
0.987357
0.98732
0.987276
0.987224
0.987166
0.9871
0.987028
0.986949
0.986864
0.986773
0.986677
0.986577
0.986474
0.986368
0.986262
0.986157
0.986054
0.985955
0.985862
0.985777
0.985703
0.985641
0.985594
0.985563
0.985548
0.985545
0.997111
0.997115
0.997133
0.997167
0.997217
0.997282
0.997359
0.997448
0.997545
0.997648
0.997755
0.997865
0.997975
0.998085
0.998193
0.998297
0.998396
0.998491
0.998579
0.998662
0.998737
0.998805
0.998866
0.998919
0.998965
0.999003
0.999034
0.999056
0.999072
0.999079
0.999079
0.999072
0.999056
0.999034
0.999003
0.998965
0.998919
0.998866
0.998805
0.998737
0.998662
0.998579
0.998491
0.998396
0.998297
0.998193
0.998085
0.997975
0.997865
0.997755
0.997648
0.997545
0.997448
0.997359
0.997282
0.997217
0.997167
0.997133
0.997115
0.997111
1.00902
1.00903
1.00905
1.00908
1.00913
1.0092
1.00928
1.00938
1.00948
1.00958
1.0097
1.00981
1.00993
1.01004
1.01015
1.01026
1.01036
1.01046
1.01055
1.01064
1.01072
1.01079
1.01085
1.01091
1.01095
1.01099
1.01103
1.01105
1.01107
1.01107
1.01107
1.01107
1.01105
1.01103
1.01099
1.01095
1.01091
1.01085
1.01079
1.01072
1.01064
1.01055
1.01046
1.01036
1.01026
1.01015
1.01004
1.00993
1.00981
1.0097
1.00958
1.00948
1.00938
1.00928
1.0092
1.00913
1.00908
1.00905
1.00903
1.00902
1.02128
1.02129
1.02131
1.02135
1.02141
1.02148
1.02156
1.02166
1.02176
1.02188
1.02199
1.02211
1.02223
1.02235
1.02247
1.02258
1.02269
1.02279
1.02288
1.02297
1.02305
1.02313
1.02319
1.02325
1.0233
1.02334
1.02337
1.0234
1.02342
1.02342
1.02342
1.02342
1.0234
1.02337
1.02334
1.0233
1.02325
1.02319
1.02313
1.02305
1.02297
1.02288
1.02279
1.02269
1.02258
1.02247
1.02235
1.02223
1.02211
1.02199
1.02188
1.02176
1.02166
1.02156
1.02148
1.02141
1.02135
1.02131
1.02129
1.02128
1.03391
1.03392
1.03394
1.03398
1.03404
1.03412
1.0342
1.03431
1.03442
1.03453
1.03465
1.03478
1.0349
1.03503
1.03515
1.03526
1.03538
1.03548
1.03558
1.03567
1.03576
1.03583
1.0359
1.03596
1.03601
1.03606
1.03609
1.03612
1.03613
1.03614
1.03614
1.03613
1.03612
1.03609
1.03606
1.03601
1.03596
1.0359
1.03583
1.03576
1.03567
1.03558
1.03548
1.03538
1.03526
1.03515
1.03503
1.0349
1.03478
1.03465
1.03453
1.03442
1.03431
1.0342
1.03412
1.03404
1.03398
1.03394
1.03392
1.03391
1.04691
1.04692
1.04695
1.04699
1.04705
1.04713
1.04722
1.04733
1.04744
1.04757
1.04769
1.04782
1.04795
1.04808
1.04821
1.04833
1.04844
1.04855
1.04866
1.04875
1.04884
1.04892
1.04899
1.04905
1.04911
1.04915
1.04919
1.04921
1.04923
1.04924
1.04924
1.04923
1.04921
1.04919
1.04915
1.04911
1.04905
1.04899
1.04892
1.04884
1.04875
1.04866
1.04855
1.04844
1.04833
1.04821
1.04808
1.04795
1.04782
1.04769
1.04757
1.04744
1.04733
1.04722
1.04713
1.04705
1.04699
1.04695
1.04692
1.04691
1.0603
1.06031
1.06034
1.06039
1.06045
1.06053
1.06063
1.06074
1.06086
1.06099
1.06112
1.06125
1.06139
1.06152
1.06165
1.06178
1.0619
1.06202
1.06212
1.06222
1.06231
1.0624
1.06247
1.06253
1.06259
1.06263
1.06267
1.0627
1.06272
1.06273
1.06273
1.06272
1.0627
1.06267
1.06263
1.06259
1.06253
1.06247
1.0624
1.06231
1.06222
1.06212
1.06202
1.0619
1.06178
1.06165
1.06152
1.06139
1.06125
1.06112
1.06099
1.06086
1.06074
1.06063
1.06053
1.06045
1.06039
1.06034
1.06031
1.0603
1.07409
1.0741
1.07413
1.07418
1.07425
1.07434
1.07444
1.07456
1.07468
1.07481
1.07495
1.07509
1.07523
1.07537
1.07551
1.07564
1.07576
1.07588
1.07599
1.0761
1.07619
1.07628
1.07635
1.07642
1.07648
1.07652
1.07656
1.07659
1.07661
1.07662
1.07662
1.07661
1.07659
1.07656
1.07652
1.07648
1.07642
1.07635
1.07628
1.07619
1.0761
1.07599
1.07588
1.07576
1.07564
1.07551
1.07537
1.07523
1.07509
1.07495
1.07481
1.07468
1.07456
1.07444
1.07434
1.07425
1.07418
1.07413
1.0741
1.07409
1.08829
1.0883
1.08834
1.08839
1.08846
1.08855
1.08866
1.08878
1.08891
1.08905
1.08919
1.08934
1.08948
1.08963
1.08977
1.08991
1.09004
1.09016
1.09028
1.09038
1.09048
1.09057
1.09065
1.09072
1.09078
1.09083
1.09087
1.0909
1.09092
1.09093
1.09093
1.09092
1.0909
1.09087
1.09083
1.09078
1.09072
1.09065
1.09057
1.09048
1.09038
1.09028
1.09016
1.09004
1.08991
1.08977
1.08963
1.08948
1.08934
1.08919
1.08905
1.08891
1.08878
1.08866
1.08855
1.08846
1.08839
1.08834
1.0883
1.08829
1.10291
1.10293
1.10297
1.10302
1.1031
1.1032
1.10331
1.10343
1.10357
1.10371
1.10386
1.10401
1.10417
1.10432
1.10446
1.1046
1.10474
1.10487
1.10499
1.1051
1.1052
1.10529
1.10538
1.10545
1.10551
1.10556
1.1056
1.10563
1.10565
1.10566
1.10566
1.10565
1.10563
1.1056
1.10556
1.10551
1.10545
1.10538
1.10529
1.1052
1.1051
1.10499
1.10487
1.10474
1.1046
1.10446
1.10432
1.10417
1.10401
1.10386
1.10371
1.10357
1.10343
1.10331
1.1032
1.1031
1.10302
1.10297
1.10293
1.10291
1.11798
1.11799
1.11803
1.11809
1.11818
1.11828
1.11839
1.11852
1.11866
1.11881
1.11897
1.11913
1.11929
1.11944
1.1196
1.11974
1.11988
1.12002
1.12014
1.12026
1.12036
1.12046
1.12054
1.12062
1.12068
1.12073
1.12078
1.12081
1.12083
1.12084
1.12084
1.12083
1.12081
1.12078
1.12073
1.12068
1.12062
1.12054
1.12046
1.12036
1.12026
1.12014
1.12002
1.11988
1.11974
1.1196
1.11944
1.11929
1.11913
1.11897
1.11881
1.11866
1.11852
1.11839
1.11828
1.11818
1.11809
1.11803
1.11799
1.11798
1.13349
1.13351
1.13355
1.13362
1.1337
1.13381
1.13393
1.13407
1.13421
1.13437
1.13453
1.1347
1.13486
1.13502
1.13518
1.13534
1.13548
1.13562
1.13575
1.13587
1.13598
1.13608
1.13617
1.13624
1.13631
1.13636
1.13641
1.13644
1.13646
1.13647
1.13647
1.13646
1.13644
1.13641
1.13636
1.13631
1.13624
1.13617
1.13608
1.13598
1.13587
1.13575
1.13562
1.13548
1.13534
1.13518
1.13502
1.13486
1.1347
1.13453
1.13437
1.13421
1.13407
1.13393
1.13381
1.1337
1.13362
1.13355
1.13351
1.13349
1.14947
1.14949
1.14954
1.1496
1.14969
1.1498
1.14993
1.15007
1.15023
1.15039
1.15056
1.15073
1.1509
1.15107
1.15124
1.1514
1.15155
1.15169
1.15183
1.15195
1.15206
1.15217
1.15226
1.15234
1.15241
1.15246
1.15251
1.15254
1.15256
1.15258
1.15258
1.15256
1.15254
1.15251
1.15246
1.15241
1.15234
1.15226
1.15217
1.15206
1.15195
1.15183
1.15169
1.15155
1.1514
1.15124
1.15107
1.1509
1.15073
1.15056
1.15039
1.15023
1.15007
1.14993
1.1498
1.14969
1.1496
1.14954
1.14949
1.14947
1.16593
1.16595
1.166
1.16607
1.16616
1.16628
1.16641
1.16656
1.16672
1.16689
1.16707
1.16725
1.16742
1.1676
1.16777
1.16794
1.1681
1.16825
1.16838
1.16851
1.16863
1.16874
1.16883
1.16891
1.16898
1.16904
1.16909
1.16913
1.16915
1.16916
1.16916
1.16915
1.16913
1.16909
1.16904
1.16898
1.16891
1.16883
1.16874
1.16863
1.16851
1.16838
1.16825
1.1681
1.16794
1.16777
1.1676
1.16742
1.16725
1.16707
1.16689
1.16672
1.16656
1.16641
1.16628
1.16616
1.16607
1.166
1.16595
1.16593
1.18288
1.1829
1.18295
1.18303
1.18313
1.18325
1.18339
1.18354
1.18371
1.18389
1.18407
1.18426
1.18444
1.18463
1.18481
1.18498
1.18514
1.1853
1.18544
1.18557
1.1857
1.18581
1.1859
1.18599
1.18606
1.18612
1.18617
1.18621
1.18623
1.18625
1.18625
1.18623
1.18621
1.18617
1.18612
1.18606
1.18599
1.1859
1.18581
1.1857
1.18557
1.18544
1.1853
1.18514
1.18498
1.18481
1.18463
1.18444
1.18426
1.18407
1.18389
1.18371
1.18354
1.18339
1.18325
1.18313
1.18303
1.18295
1.1829
1.18288
1.20033
1.20036
1.20041
1.20049
1.2006
1.20072
1.20087
1.20103
1.20121
1.20139
1.20158
1.20178
1.20197
1.20216
1.20235
1.20253
1.2027
1.20286
1.20301
1.20315
1.20327
1.20339
1.20349
1.20358
1.20365
1.20372
1.20377
1.20381
1.20383
1.20384
1.20384
1.20383
1.20381
1.20377
1.20372
1.20365
1.20358
1.20349
1.20339
1.20327
1.20315
1.20301
1.20286
1.2027
1.20253
1.20235
1.20216
1.20197
1.20178
1.20158
1.20139
1.20121
1.20103
1.20087
1.20072
1.2006
1.20049
1.20041
1.20036
1.20033
1.21831
1.21834
1.2184
1.21848
1.21859
1.21872
1.21888
1.21905
1.21923
1.21942
1.21962
1.21983
1.22003
1.22023
1.22042
1.22061
1.22078
1.22095
1.22111
1.22125
1.22138
1.2215
1.2216
1.22169
1.22177
1.22184
1.22189
1.22193
1.22196
1.22197
1.22197
1.22196
1.22193
1.22189
1.22184
1.22177
1.22169
1.2216
1.2215
1.22138
1.22125
1.22111
1.22095
1.22078
1.22061
1.22042
1.22023
1.22003
1.21983
1.21962
1.21942
1.21923
1.21905
1.21888
1.21872
1.21859
1.21848
1.2184
1.21834
1.21831
1.23683
1.23686
1.23692
1.23701
1.23712
1.23726
1.23742
1.2376
1.23779
1.238
1.2382
1.23841
1.23862
1.23883
1.23903
1.23923
1.23941
1.23958
1.23975
1.23989
1.24003
1.24015
1.24026
1.24036
1.24044
1.2405
1.24056
1.2406
1.24063
1.24064
1.24064
1.24063
1.2406
1.24056
1.2405
1.24044
1.24036
1.24026
1.24015
1.24003
1.23989
1.23975
1.23958
1.23941
1.23923
1.23903
1.23883
1.23862
1.23841
1.2382
1.238
1.23779
1.2376
1.23742
1.23726
1.23712
1.23701
1.23692
1.23686
1.23683
1.2559
1.25593
1.256
1.25609
1.25621
1.25636
1.25653
1.25671
1.25691
1.25712
1.25734
1.25756
1.25778
1.258
1.25821
1.25841
1.2586
1.25878
1.25895
1.2591
1.25924
1.25937
1.25948
1.25958
1.25966
1.25973
1.25979
1.25983
1.25986
1.25987
1.25987
1.25986
1.25983
1.25979
1.25973
1.25966
1.25958
1.25948
1.25937
1.25924
1.2591
1.25895
1.25878
1.2586
1.25841
1.25821
1.258
1.25778
1.25756
1.25734
1.25712
1.25691
1.25671
1.25653
1.25636
1.25621
1.25609
1.256
1.25593
1.2559
1.27555
1.27558
1.27565
1.27574
1.27587
1.27603
1.2762
1.2764
1.27661
1.27683
1.27705
1.27728
1.27751
1.27774
1.27795
1.27816
1.27836
1.27855
1.27872
1.27888
1.27903
1.27916
1.27928
1.27938
1.27947
1.27954
1.2796
1.27964
1.27967
1.27968
1.27968
1.27967
1.27964
1.2796
1.27954
1.27947
1.27938
1.27928
1.27916
1.27903
1.27888
1.27872
1.27855
1.27836
1.27816
1.27795
1.27774
1.27751
1.27728
1.27705
1.27683
1.27661
1.2764
1.2762
1.27603
1.27587
1.27574
1.27565
1.27558
1.27555
1.29578
1.29581
1.29588
1.29599
1.29612
1.29628
1.29647
1.29667
1.29689
1.29712
1.29736
1.2976
1.29784
1.29807
1.2983
1.29851
1.29872
1.29892
1.2991
1.29926
1.29941
1.29955
1.29967
1.29977
1.29986
1.29994
1.3
1.30004
1.30007
1.30009
1.30009
1.30007
1.30004
1.3
1.29994
1.29986
1.29977
1.29967
1.29955
1.29941
1.29926
1.2991
1.29892
1.29872
1.29851
1.2983
1.29807
1.29784
1.2976
1.29736
1.29712
1.29689
1.29667
1.29647
1.29628
1.29612
1.29599
1.29588
1.29581
1.29578
1.31661
1.31665
1.31673
1.31683
1.31698
1.31715
1.31734
1.31755
1.31779
1.31803
1.31827
1.31852
1.31877
1.31902
1.31925
1.31948
1.31969
1.31989
1.32008
1.32025
1.32041
1.32055
1.32068
1.32078
1.32088
1.32095
1.32102
1.32106
1.32109
1.32111
1.32111
1.32109
1.32106
1.32102
1.32095
1.32088
1.32078
1.32068
1.32055
1.32041
1.32025
1.32008
1.31989
1.31969
1.31948
1.31925
1.31902
1.31877
1.31852
1.31827
1.31803
1.31779
1.31755
1.31734
1.31715
1.31698
1.31683
1.31673
1.31665
1.31661
1.33808
1.33811
1.33819
1.33831
1.33846
1.33863
1.33884
1.33906
1.33931
1.33956
1.33982
1.34008
1.34034
1.34059
1.34084
1.34107
1.34129
1.3415
1.3417
1.34188
1.34204
1.34218
1.34231
1.34243
1.34252
1.3426
1.34267
1.34271
1.34275
1.34276
1.34276
1.34275
1.34271
1.34267
1.3426
1.34252
1.34243
1.34231
1.34218
1.34204
1.34188
1.3417
1.3415
1.34129
1.34107
1.34084
1.34059
1.34034
1.34008
1.33982
1.33956
1.33931
1.33906
1.33884
1.33863
1.33846
1.33831
1.33819
1.33811
1.33808
1.36018
1.36022
1.3603
1.36042
1.36058
1.36077
1.36098
1.36122
1.36147
1.36174
1.36201
1.36228
1.36255
1.36281
1.36307
1.36332
1.36355
1.36376
1.36397
1.36415
1.36432
1.36447
1.3646
1.36472
1.36482
1.3649
1.36497
1.36502
1.36505
1.36507
1.36507
1.36505
1.36502
1.36497
1.3649
1.36482
1.36472
1.3646
1.36447
1.36432
1.36415
1.36397
1.36376
1.36355
1.36332
1.36307
1.36281
1.36255
1.36228
1.36201
1.36174
1.36147
1.36122
1.36098
1.36077
1.36058
1.36042
1.3603
1.36022
1.36018
1.38294
1.38299
1.38307
1.3832
1.38337
1.38356
1.38379
1.38404
1.3843
1.38458
1.38486
1.38515
1.38543
1.38571
1.38597
1.38623
1.38647
1.38669
1.3869
1.3871
1.38727
1.38743
1.38756
1.38769
1.38779
1.38787
1.38794
1.38799
1.38803
1.38804
1.38804
1.38803
1.38799
1.38794
1.38787
1.38779
1.38769
1.38756
1.38743
1.38727
1.3871
1.3869
1.38669
1.38647
1.38623
1.38597
1.38571
1.38543
1.38515
1.38486
1.38458
1.3843
1.38404
1.38379
1.38356
1.38337
1.3832
1.38307
1.38299
1.38294
1.40639
1.40643
1.40653
1.40666
1.40683
1.40704
1.40728
1.40754
1.40782
1.40811
1.40841
1.40871
1.409
1.40929
1.40957
1.40983
1.41008
1.41032
1.41053
1.41073
1.41091
1.41107
1.41122
1.41134
1.41145
1.41154
1.41161
1.41166
1.4117
1.41171
1.41171
1.4117
1.41166
1.41161
1.41154
1.41145
1.41134
1.41122
1.41107
1.41091
1.41073
1.41053
1.41032
1.41008
1.40983
1.40957
1.40929
1.409
1.40871
1.40841
1.40811
1.40782
1.40754
1.40728
1.40704
1.40683
1.40666
1.40653
1.40643
1.40639
1.43053
1.43058
1.43068
1.43082
1.43101
1.43123
1.43148
1.43175
1.43204
1.43235
1.43266
1.43297
1.43328
1.43358
1.43387
1.43415
1.43441
1.43465
1.43488
1.43508
1.43527
1.43544
1.43558
1.43571
1.43582
1.43591
1.43599
1.43604
1.43608
1.4361
1.4361
1.43608
1.43604
1.43599
1.43591
1.43582
1.43571
1.43558
1.43544
1.43527
1.43508
1.43488
1.43465
1.43441
1.43415
1.43387
1.43358
1.43328
1.43297
1.43266
1.43235
1.43204
1.43175
1.43148
1.43123
1.43101
1.43082
1.43068
1.43058
1.43053
1.4554
1.45545
1.45556
1.45571
1.4559
1.45613
1.4564
1.45669
1.457
1.45732
1.45764
1.45797
1.45829
1.45861
1.45891
1.4592
1.45947
1.45972
1.45995
1.46017
1.46036
1.46053
1.46069
1.46082
1.46093
1.46103
1.4611
1.46116
1.4612
1.46121
1.46121
1.4612
1.46116
1.4611
1.46103
1.46093
1.46082
1.46069
1.46053
1.46036
1.46017
1.45995
1.45972
1.45947
1.4592
1.45891
1.45861
1.45829
1.45797
1.45764
1.45732
1.457
1.45669
1.4564
1.45613
1.4559
1.45571
1.45556
1.45545
1.4554
1.48102
1.48107
1.48118
1.48134
1.48155
1.48179
1.48207
1.48238
1.4827
1.48304
1.48338
1.48372
1.48406
1.48439
1.4847
1.485
1.48528
1.48555
1.48579
1.48601
1.48621
1.48639
1.48655
1.48668
1.4868
1.4869
1.48698
1.48703
1.48707
1.48709
1.48709
1.48707
1.48703
1.48698
1.4869
1.4868
1.48668
1.48655
1.48639
1.48621
1.48601
1.48579
1.48555
1.48528
1.485
1.4847
1.48439
1.48406
1.48372
1.48338
1.48304
1.4827
1.48238
1.48207
1.48179
1.48155
1.48134
1.48118
1.48107
1.48102
1.5074
1.50745
1.50757
1.50774
1.50796
1.50822
1.50851
1.50883
1.50918
1.50953
1.50989
1.51025
1.5106
1.51094
1.51127
1.51159
1.51188
1.51215
1.5124
1.51263
1.51284
1.51302
1.51319
1.51333
1.51345
1.51355
1.51363
1.51369
1.51373
1.51375
1.51375
1.51373
1.51369
1.51363
1.51355
1.51345
1.51333
1.51319
1.51302
1.51284
1.51263
1.5124
1.51215
1.51188
1.51159
1.51127
1.51094
1.5106
1.51025
1.50989
1.50953
1.50918
1.50883
1.50851
1.50822
1.50796
1.50774
1.50757
1.50745
1.5074
1.53456
1.53463
1.53475
1.53493
1.53516
1.53544
1.53575
1.53609
1.53645
1.53682
1.5372
1.53758
1.53795
1.53831
1.53865
1.53897
1.53928
1.53956
1.53982
1.54006
1.54028
1.54047
1.54064
1.54078
1.54091
1.54101
1.54109
1.54115
1.54119
1.54121
1.54121
1.54119
1.54115
1.54109
1.54101
1.54091
1.54078
1.54064
1.54047
1.54028
1.54006
1.53982
1.53956
1.53928
1.53897
1.53865
1.53831
1.53795
1.53758
1.5372
1.53682
1.53645
1.53609
1.53575
1.53544
1.53516
1.53493
1.53475
1.53463
1.53456
1.56255
1.56261
1.56274
1.56293
1.56318
1.56347
1.5638
1.56416
1.56454
1.56494
1.56534
1.56573
1.56612
1.56649
1.56685
1.56719
1.56751
1.5678
1.56807
1.56832
1.56854
1.56874
1.56891
1.56907
1.56919
1.5693
1.56939
1.56945
1.56949
1.56951
1.56951
1.56949
1.56945
1.56939
1.5693
1.56919
1.56907
1.56891
1.56874
1.56854
1.56832
1.56807
1.5678
1.56751
1.56719
1.56685
1.56649
1.56612
1.56573
1.56534
1.56494
1.56454
1.56416
1.5638
1.56347
1.56318
1.56293
1.56274
1.56261
1.56255
1.59136
1.59144
1.59157
1.59178
1.59204
1.59235
1.5927
1.59308
1.59349
1.5939
1.59432
1.59474
1.59514
1.59554
1.59591
1.59626
1.59659
1.5969
1.59718
1.59744
1.59767
1.59787
1.59805
1.59821
1.59834
1.59845
1.59854
1.5986
1.59864
1.59867
1.59867
1.59864
1.5986
1.59854
1.59845
1.59834
1.59821
1.59805
1.59787
1.59767
1.59744
1.59718
1.5969
1.59659
1.59626
1.59591
1.59554
1.59514
1.59474
1.59432
1.5939
1.59349
1.59308
1.5927
1.59235
1.59204
1.59178
1.59157
1.59144
1.59136
1.62105
1.62112
1.62127
1.62149
1.62177
1.6221
1.62247
1.62288
1.6233
1.62374
1.62418
1.62462
1.62505
1.62546
1.62585
1.62622
1.62656
1.62688
1.62717
1.62743
1.62767
1.62788
1.62807
1.62823
1.62837
1.62848
1.62857
1.62864
1.62868
1.6287
1.6287
1.62868
1.62864
1.62857
1.62848
1.62837
1.62823
1.62807
1.62788
1.62767
1.62743
1.62717
1.62688
1.62656
1.62622
1.62585
1.62546
1.62505
1.62462
1.62418
1.62374
1.6233
1.62288
1.62247
1.6221
1.62177
1.62149
1.62127
1.62112
1.62105
1.65161
1.6517
1.65185
1.65209
1.65238
1.65274
1.65314
1.65357
1.65402
1.65448
1.65495
1.65541
1.65586
1.65629
1.6567
1.65708
1.65744
1.65777
1.65807
1.65835
1.65859
1.65881
1.659
1.65917
1.65931
1.65942
1.65952
1.65959
1.65963
1.65965
1.65965
1.65963
1.65959
1.65952
1.65942
1.65931
1.65917
1.659
1.65881
1.65859
1.65835
1.65807
1.65777
1.65744
1.65708
1.6567
1.65629
1.65586
1.65541
1.65495
1.65448
1.65402
1.65357
1.65314
1.65274
1.65238
1.65209
1.65185
1.6517
1.65161
1.6831
1.68318
1.68335
1.6836
1.68392
1.6843
1.68473
1.68518
1.68567
1.68616
1.68665
1.68714
1.68761
1.68806
1.68848
1.68889
1.68926
1.6896
1.68991
1.6902
1.69045
1.69068
1.69087
1.69105
1.69119
1.69131
1.6914
1.69147
1.69152
1.69154
1.69154
1.69152
1.69147
1.6914
1.69131
1.69119
1.69105
1.69087
1.69068
1.69045
1.6902
1.68991
1.6896
1.68926
1.68889
1.68848
1.68806
1.68761
1.68714
1.68665
1.68616
1.68567
1.68518
1.68473
1.6843
1.68392
1.6836
1.68335
1.68318
1.6831
1.71552
1.71561
1.71579
1.71606
1.71641
1.71681
1.71727
1.71776
1.71827
1.71879
1.71931
1.71982
1.72032
1.72079
1.72124
1.72166
1.72204
1.7224
1.72272
1.72302
1.72328
1.72351
1.72372
1.72389
1.72404
1.72416
1.72426
1.72433
1.72438
1.7244
1.7244
1.72438
1.72433
1.72426
1.72416
1.72404
1.72389
1.72372
1.72351
1.72328
1.72302
1.72272
1.7224
1.72204
1.72166
1.72124
1.72079
1.72032
1.71982
1.71931
1.71879
1.71827
1.71776
1.71727
1.71681
1.71641
1.71606
1.71579
1.71561
1.71552
1.7489
1.74901
1.7492
1.74949
1.74986
1.7503
1.75079
1.75131
1.75186
1.75241
1.75296
1.7535
1.75402
1.75452
1.75499
1.75542
1.75583
1.7562
1.75653
1.75684
1.75711
1.75735
1.75756
1.75774
1.75789
1.75802
1.75812
1.75819
1.75824
1.75826
1.75826
1.75824
1.75819
1.75812
1.75802
1.75789
1.75774
1.75756
1.75735
1.75711
1.75684
1.75653
1.7562
1.75583
1.75542
1.75499
1.75452
1.75402
1.7535
1.75296
1.75241
1.75186
1.75131
1.75079
1.7503
1.74986
1.74949
1.7492
1.74901
1.7489
1.78328
1.78339
1.78361
1.78392
1.78432
1.78479
1.78531
1.78588
1.78646
1.78705
1.78763
1.78821
1.78875
1.78928
1.78976
1.79022
1.79064
1.79102
1.79137
1.79169
1.79196
1.79221
1.79243
1.79261
1.79277
1.7929
1.793
1.79308
1.79313
1.79315
1.79315
1.79313
1.79308
1.793
1.7929
1.79277
1.79261
1.79243
1.79221
1.79196
1.79169
1.79137
1.79102
1.79064
1.79022
1.78976
1.78928
1.78875
1.78821
1.78763
1.78705
1.78646
1.78588
1.78531
1.78479
1.78432
1.78392
1.78361
1.78339
1.78328
1.81868
1.8188
1.81903
1.81937
1.8198
1.82031
1.82088
1.82148
1.82211
1.82274
1.82336
1.82396
1.82454
1.82509
1.8256
1.82607
1.82651
1.82691
1.82727
1.82759
1.82788
1.82814
1.82836
1.82855
1.82871
1.82884
1.82895
1.82902
1.82907
1.8291
1.8291
1.82907
1.82902
1.82895
1.82884
1.82871
1.82855
1.82836
1.82814
1.82788
1.82759
1.82727
1.82691
1.82651
1.82607
1.8256
1.82509
1.82454
1.82396
1.82336
1.82274
1.82211
1.82148
1.82088
1.82031
1.8198
1.81937
1.81903
1.8188
1.81868
1.85512
1.85524
1.8555
1.85587
1.85634
1.8569
1.85751
1.85816
1.85883
1.8595
1.86016
1.8608
1.86141
1.86199
1.86252
1.86302
1.86347
1.86388
1.86426
1.86459
1.86489
1.86515
1.86538
1.86557
1.86574
1.86587
1.86598
1.86606
1.86611
1.86614
1.86614
1.86611
1.86606
1.86598
1.86587
1.86574
1.86557
1.86538
1.86515
1.86489
1.86459
1.86426
1.86388
1.86347
1.86302
1.86252
1.86199
1.86141
1.8608
1.86016
1.8595
1.85883
1.85816
1.85751
1.8569
1.85634
1.85587
1.8555
1.85524
1.85512
1.89261
1.89276
1.89304
1.89345
1.89396
1.89456
1.89523
1.89593
1.89665
1.89737
1.89807
1.89875
1.8994
1.9
1.90056
1.90108
1.90155
1.90198
1.90236
1.90271
1.90301
1.90328
1.90352
1.90371
1.90388
1.90402
1.90413
1.90421
1.90426
1.90429
1.90429
1.90426
1.90421
1.90413
1.90402
1.90388
1.90371
1.90352
1.90328
1.90301
1.90271
1.90236
1.90198
1.90155
1.90108
1.90056
1.9
1.8994
1.89875
1.89807
1.89737
1.89665
1.89593
1.89523
1.89456
1.89396
1.89345
1.89304
1.89276
1.89261
1.9312
1.93135
1.93166
1.93211
1.93268
1.93334
1.93406
1.93482
1.9356
1.93637
1.93712
1.93784
1.93852
1.93916
1.93975
1.94028
1.94077
1.94122
1.94162
1.94197
1.94228
1.94256
1.9428
1.943
1.94317
1.94331
1.94342
1.94351
1.94356
1.94359
1.94359
1.94356
1.94351
1.94342
1.94331
1.94317
1.943
1.9428
1.94256
1.94228
1.94197
1.94162
1.94122
1.94077
1.94028
1.93975
1.93916
1.93852
1.93784
1.93712
1.93637
1.9356
1.93482
1.93406
1.93334
1.93268
1.93211
1.93166
1.93135
1.9312
1.97087
1.97105
1.97139
1.97189
1.97252
1.97324
1.97403
1.97486
1.9757
1.97653
1.97733
1.9781
1.97882
1.97948
1.9801
1.98066
1.98117
1.98163
1.98204
1.9824
1.98272
1.98301
1.98325
1.98346
1.98363
1.98377
1.98389
1.98397
1.98402
1.98405
1.98405
1.98402
1.98397
1.98389
1.98377
1.98363
1.98346
1.98325
1.98301
1.98272
1.9824
1.98204
1.98163
1.98117
1.98066
1.9801
1.97948
1.97882
1.9781
1.97733
1.97653
1.9757
1.97486
1.97403
1.97324
1.97252
1.97189
1.97139
1.97105
1.97087
2.01165
2.01185
2.01224
2.01279
2.01349
2.01429
2.01516
2.01606
2.01697
2.01787
2.01872
2.01954
2.0203
2.021
2.02164
2.02222
2.02275
2.02323
2.02365
2.02402
2.02435
2.02464
2.02489
2.0251
2.02528
2.02542
2.02554
2.02562
2.02568
2.0257
2.0257
2.02568
2.02562
2.02554
2.02542
2.02528
2.0251
2.02489
2.02464
2.02435
2.02402
2.02365
2.02323
2.02275
2.02222
2.02164
2.021
2.0203
2.01954
2.01872
2.01787
2.01697
2.01606
2.01516
2.01429
2.01349
2.01279
2.01224
2.01185
2.01165
2.05353
2.05376
2.0542
2.05482
2.0556
2.05649
2.05745
2.05844
2.05943
2.06039
2.06131
2.06218
2.06298
2.06371
2.06439
2.06499
2.06554
2.06603
2.06646
2.06685
2.06718
2.06748
2.06773
2.06794
2.06812
2.06827
2.06838
2.06847
2.06853
2.06855
2.06855
2.06853
2.06847
2.06838
2.06827
2.06812
2.06794
2.06773
2.06748
2.06718
2.06685
2.06646
2.06603
2.06554
2.06499
2.06439
2.06371
2.06298
2.06218
2.06131
2.06039
2.05943
2.05844
2.05745
2.05649
2.0556
2.05482
2.0542
2.05376
2.05353
2.09651
2.09676
2.09726
2.09797
2.09885
2.09985
2.10091
2.102
2.10307
2.10411
2.1051
2.10602
2.10687
2.10764
2.10834
2.10897
2.10954
2.11004
2.11049
2.11088
2.11122
2.11152
2.11177
2.11199
2.11217
2.11232
2.11244
2.11252
2.11258
2.11261
2.11261
2.11258
2.11252
2.11244
2.11232
2.11217
2.11199
2.11177
2.11152
2.11122
2.11088
2.11049
2.11004
2.10954
2.10897
2.10834
2.10764
2.10687
2.10602
2.1051
2.10411
2.10307
2.102
2.10091
2.09985
2.09885
2.09797
2.09726
2.09676
2.09651
2.14054
2.14083
2.14141
2.14222
2.14322
2.14434
2.14553
2.14673
2.1479
2.14903
2.15009
2.15106
2.15196
2.15277
2.1535
2.15416
2.15474
2.15525
2.15571
2.15611
2.15646
2.15676
2.15702
2.15724
2.15742
2.15757
2.15768
2.15777
2.15783
2.15785
2.15785
2.15783
2.15777
2.15768
2.15757
2.15742
2.15724
2.15702
2.15676
2.15646
2.15611
2.15571
2.15525
2.15474
2.15416
2.1535
2.15277
2.15196
2.15106
2.15009
2.14903
2.1479
2.14673
2.14553
2.14434
2.14322
2.14222
2.14141
2.14083
2.14054
2.18558
2.18593
2.1866
2.18754
2.18868
2.18995
2.19128
2.19261
2.1939
2.19512
2.19625
2.19729
2.19824
2.19909
2.19985
2.20052
2.20112
2.20165
2.20211
2.20252
2.20287
2.20317
2.20343
2.20365
2.20384
2.20399
2.2041
2.20419
2.20425
2.20427
2.20427
2.20425
2.20419
2.2041
2.20399
2.20384
2.20365
2.20343
2.20317
2.20287
2.20252
2.20211
2.20165
2.20112
2.20052
2.19985
2.19909
2.19824
2.19729
2.19625
2.19512
2.1939
2.19261
2.19128
2.18995
2.18868
2.18754
2.1866
2.18593
2.18558
2.23156
2.23197
2.23276
2.23386
2.23518
2.23663
2.23812
2.2396
2.24101
2.24234
2.24356
2.24466
2.24566
2.24655
2.24734
2.24803
2.24864
2.24918
2.24965
2.25006
2.25042
2.25072
2.25098
2.2512
2.25139
2.25153
2.25165
2.25174
2.25179
2.25182
2.25182
2.25179
2.25174
2.25165
2.25153
2.25139
2.2512
2.25098
2.25072
2.25042
2.25006
2.24965
2.24918
2.24864
2.24803
2.24734
2.24655
2.24566
2.24466
2.24356
2.24234
2.24101
2.2396
2.23812
2.23663
2.23518
2.23386
2.23276
2.23197
2.23156
2.27836
2.27886
2.2798
2.2811
2.28264
2.2843
2.28599
2.28764
2.2892
2.29064
2.29194
2.29312
2.29416
2.29509
2.2959
2.29662
2.29724
2.29779
2.29826
2.29868
2.29903
2.29934
2.2996
2.29981
2.3
2.30014
2.30026
2.30034
2.3004
2.30043
2.30043
2.3004
2.30034
2.30026
2.30014
2.3
2.29981
2.2996
2.29934
2.29903
2.29868
2.29826
2.29779
2.29724
2.29662
2.2959
2.29509
2.29416
2.29312
2.29194
2.29064
2.2892
2.28764
2.28599
2.2843
2.28264
2.2811
2.2798
2.27886
2.27836
2.32584
2.32644
2.32759
2.32914
2.33095
2.33287
2.3348
2.33664
2.33836
2.33992
2.34132
2.34256
2.34365
2.34461
2.34545
2.34618
2.34682
2.34737
2.34784
2.34826
2.34861
2.34891
2.34917
2.34939
2.34956
2.34971
2.34982
2.34991
2.34996
2.34999
2.34999
2.34996
2.34991
2.34982
2.34971
2.34956
2.34939
2.34917
2.34891
2.34861
2.34826
2.34784
2.34737
2.34682
2.34618
2.34545
2.34461
2.34365
2.34256
2.34132
2.33992
2.33836
2.33664
2.3348
2.33287
2.33095
2.32914
2.32759
2.32644
2.32584
2.37377
2.37452
2.37593
2.37782
2.37997
2.38221
2.38441
2.38648
2.38836
2.39006
2.39155
2.39286
2.394
2.39499
2.39585
2.39659
2.39723
2.39778
2.39825
2.39866
2.39901
2.39931
2.39956
2.39978
2.39995
2.40009
2.4002
2.40028
2.40034
2.40036
2.40036
2.40034
2.40028
2.4002
2.40009
2.39995
2.39978
2.39956
2.39931
2.39901
2.39866
2.39825
2.39778
2.39723
2.39659
2.39585
2.39499
2.394
2.39286
2.39155
2.39006
2.38836
2.38648
2.38441
2.38221
2.37997
2.37782
2.37593
2.37452
2.37377
2.42186
2.42283
2.4246
2.42692
2.42951
2.43214
2.43466
2.43698
2.43905
2.44088
2.44247
2.44384
2.44502
2.44603
2.4469
2.44765
2.44829
2.44883
2.4493
2.44971
2.45005
2.45034
2.45059
2.45079
2.45096
2.4511
2.45121
2.45128
2.45134
2.45136
2.45136
2.45134
2.45128
2.45121
2.4511
2.45096
2.45079
2.45059
2.45034
2.45005
2.44971
2.4493
2.44883
2.44829
2.44765
2.4469
2.44603
2.44502
2.44384
2.44247
2.44088
2.43905
2.43698
2.43466
2.43214
2.42951
2.42692
2.4246
2.42283
2.42186
2.46974
2.471
2.47328
2.47618
2.47932
2.48243
2.48533
2.48792
2.4902
2.49216
2.49384
2.49526
2.49647
2.4975
2.49837
2.49912
2.49975
2.50029
2.50074
2.50114
2.50147
2.50175
2.50199
2.50218
2.50235
2.50248
2.50258
2.50266
2.5027
2.50273
2.50273
2.5027
2.50266
2.50258
2.50248
2.50235
2.50218
2.50199
2.50175
2.50147
2.50114
2.50074
2.50029
2.49975
2.49912
2.49837
2.4975
2.49647
2.49526
2.49384
2.49216
2.4902
2.48792
2.48533
2.48243
2.47932
2.47618
2.47328
2.471
2.46974
2.51689
2.51859
2.52158
2.52526
2.52913
2.53281
2.53614
2.53904
2.54152
2.54361
2.54536
2.54682
2.54805
2.54908
2.54994
2.55067
2.55129
2.55181
2.55225
2.55263
2.55295
2.55322
2.55344
2.55363
2.55378
2.55391
2.554
2.55407
2.55412
2.55414
2.55414
2.55412
2.55407
2.554
2.55391
2.55378
2.55363
2.55344
2.55322
2.55295
2.55263
2.55225
2.55181
2.55129
2.55067
2.54994
2.54908
2.54805
2.54682
2.54536
2.54361
2.54152
2.53904
2.53614
2.53281
2.52913
2.52526
2.52158
2.51859
2.51689
2.56259
2.56497
2.56902
2.57379
2.57858
2.58297
2.58677
2.58999
2.59265
2.59485
2.59665
2.59813
2.59935
2.60037
2.60121
2.60191
2.60251
2.603
2.60342
2.60378
2.60408
2.60433
2.60454
2.60471
2.60486
2.60497
2.60506
2.60513
2.60517
2.60519
2.60519
2.60517
2.60513
2.60506
2.60497
2.60486
2.60471
2.60454
2.60433
2.60408
2.60378
2.60342
2.603
2.60251
2.60191
2.60121
2.60037
2.59935
2.59813
2.59665
2.59485
2.59265
2.58999
2.58677
2.58297
2.57858
2.57379
2.56902
2.56497
2.56259
2.60588
2.60938
2.61503
2.62134
2.62731
2.6325
2.63682
2.64033
2.64315
2.64541
2.64723
2.6487
2.64989
2.65087
2.65167
2.65234
2.65289
2.65335
2.65374
2.65407
2.65435
2.65458
2.65477
2.65493
2.65506
2.65517
2.65525
2.65531
2.65534
2.65536
2.65536
2.65534
2.65531
2.65525
2.65517
2.65506
2.65493
2.65477
2.65458
2.65435
2.65407
2.65374
2.65335
2.65289
2.65234
2.65167
2.65087
2.64989
2.6487
2.64723
2.64541
2.64315
2.64033
2.63682
2.6325
2.62731
2.62134
2.61503
2.60938
2.60588
2.64534
2.65081
2.65901
2.66746
2.67491
2.68101
2.68582
2.68956
2.69246
2.69473
2.6965
2.69792
2.69904
2.69996
2.7007
2.70131
2.70182
2.70224
2.70259
2.70288
2.70313
2.70334
2.70351
2.70365
2.70377
2.70386
2.70393
2.70398
2.70402
2.70403
2.70403
2.70402
2.70398
2.70393
2.70386
2.70377
2.70365
2.70351
2.70334
2.70313
2.70288
2.70259
2.70224
2.70182
2.70131
2.7007
2.69996
2.69904
2.69792
2.6965
2.69473
2.69246
2.68956
2.68582
2.68101
2.67491
2.66746
2.65901
2.65081
2.64534
2.67878
2.68803
2.70038
2.71182
2.72103
2.72801
2.73319
2.73703
2.7399
2.74208
2.74374
2.74504
2.74607
2.74689
2.74755
2.74809
2.74853
2.7489
2.7492
2.74945
2.74966
2.74984
2.74999
2.75011
2.75021
2.75029
2.75035
2.75039
2.75042
2.75044
2.75044
2.75042
2.75039
2.75035
2.75029
2.75021
2.75011
2.74999
2.74984
2.74966
2.74945
2.7492
2.7489
2.74853
2.74809
2.74755
2.74689
2.74607
2.74504
2.74374
2.74208
2.7399
2.73703
2.73319
2.72801
2.72103
2.71182
2.70038
2.68803
2.67878
2.7025
2.71971
2.739
2.75441
2.76542
2.77302
2.77829
2.78199
2.78465
2.7866
2.78807
2.78919
2.79007
2.79076
2.79131
2.79176
2.79212
2.79242
2.79267
2.79288
2.79305
2.79319
2.79331
2.79341
2.79349
2.79355
2.7936
2.79364
2.79366
2.79367
2.79367
2.79366
2.79364
2.7936
2.79355
2.79349
2.79341
2.79331
2.79319
2.79305
2.79288
2.79267
2.79242
2.79212
2.79176
2.79131
2.79076
2.79007
2.78919
2.78807
2.7866
2.78465
2.78199
2.77829
2.77302
2.76542
2.75441
2.739
2.71971
2.7025
2.71031
2.74637
2.77698
2.79681
2.80896
2.81648
2.82129
2.82449
2.8267
2.82828
2.82944
2.83032
2.83099
2.83152
2.83194
2.83228
2.83255
2.83278
2.83296
2.83311
2.83324
2.83335
2.83344
2.83351
2.83357
2.83361
2.83365
2.83368
2.83369
2.8337
2.8337
2.83369
2.83368
2.83365
2.83361
2.83357
2.83351
2.83344
2.83335
2.83324
2.83311
2.83296
2.83278
2.83255
2.83228
2.83194
2.83152
2.83099
2.83032
2.82944
2.82828
2.8267
2.82449
2.82129
2.81648
2.80896
2.79681
2.77698
2.74637
2.71031
2.74049
2.82602
2.87214
2.89419
2.90524
2.91124
2.91477
2.917
2.91849
2.91953
2.92029
2.92085
2.92128
2.92161
2.92187
2.92208
2.92225
2.92239
2.92251
2.9226
2.92268
2.92275
2.9228
2.92285
2.92288
2.92291
2.92293
2.92295
2.92296
2.92297
2.92297
2.92296
2.92295
2.92293
2.92291
2.92288
2.92285
2.9228
2.92275
2.92268
2.9226
2.92251
2.92239
2.92225
2.92208
2.92187
2.92161
2.92128
2.92085
2.92029
2.91953
2.91849
2.917
2.91477
2.91124
2.90524
2.89419
2.87214
2.82602
2.74049
4.70939
4.90813
4.95682
4.97044
4.97546
4.97778
4.97906
4.97983
4.98034
4.98069
4.98094
4.98113
4.98127
4.98138
4.98147
4.98154
4.9816
4.98164
4.98168
4.98171
4.98174
4.98176
4.98178
4.98179
4.9818
4.98181
4.98182
4.98182
4.98183
4.98183
4.98183
4.98183
4.98182
4.98182
4.98181
4.9818
4.98179
4.98178
4.98176
4.98174
4.98171
4.98168
4.98164
4.9816
4.98154
4.98147
4.98138
4.98127
4.98113
4.98094
4.98069
4.98034
4.97983
4.97906
4.97778
4.97546
4.97044
4.95682
4.90813
4.70939
)
;

boundaryField
{
    top
    {
        type            fixedValue;
        value           uniform 25;
    }
    bottom
    {
        type            fixedValue;
        value           uniform 0;
    }
    wall
    {
        type            zeroGradient;
    }
    frontAndBack
    {
        type            empty;
    }
}


// ************************************************************************* //
