/*--------------------------------*- C++ -*----------------------------------*\
| =========                 |                                                 |
| \\      /  F ield         | foam-extend: Open Source CFD                    |
|  \\    /   O peration     | Version:     4.0                                |
|   \\  /    A nd           | Web:         http://www.foam-extend.org         |
|    \\/     M anipulation  |                                                 |
\*---------------------------------------------------------------------------*/
FoamFile
{
    version     2.0;
    format      ascii;
    class       volScalarField;
    location    "1520";
    object      cMinus;
}
// * * * * * * * * * * * * * * * * * * * * * * * * * * * * * * * * * * * * * //

dimensions      [0 0 0 0 0 0 0];

internalField   nonuniform List<scalar> 
6960
(
1.56324e-23
1.5641e-23
1.56403e-23
1.56379e-23
1.56352e-23
1.56327e-23
1.56304e-23
1.56283e-23
1.56265e-23
1.56249e-23
1.56236e-23
1.56224e-23
1.56213e-23
1.56205e-23
1.56197e-23
1.5619e-23
1.56185e-23
1.5618e-23
1.56176e-23
1.56173e-23
1.5617e-23
1.56168e-23
1.56166e-23
1.56164e-23
1.56163e-23
1.56162e-23
1.56162e-23
1.56161e-23
1.56161e-23
1.5616e-23
1.5616e-23
1.56161e-23
1.56161e-23
1.56162e-23
1.56162e-23
1.56163e-23
1.56164e-23
1.56166e-23
1.56168e-23
1.5617e-23
1.56173e-23
1.56176e-23
1.5618e-23
1.56185e-23
1.5619e-23
1.56197e-23
1.56205e-23
1.56213e-23
1.56224e-23
1.56236e-23
1.56249e-23
1.56265e-23
1.56283e-23
1.56304e-23
1.56327e-23
1.56352e-23
1.56379e-23
1.56403e-23
1.5641e-23
1.56324e-23
6.51743e-23
6.52146e-23
6.52164e-23
6.52111e-23
6.52045e-23
6.5198e-23
6.5192e-23
6.51866e-23
6.51819e-23
6.51777e-23
6.51741e-23
6.5171e-23
6.51682e-23
6.51659e-23
6.51639e-23
6.51622e-23
6.51607e-23
6.51595e-23
6.51584e-23
6.51575e-23
6.51568e-23
6.51562e-23
6.51557e-23
6.51553e-23
6.5155e-23
6.51548e-23
6.51546e-23
6.51545e-23
6.51544e-23
6.51543e-23
6.51543e-23
6.51544e-23
6.51545e-23
6.51546e-23
6.51548e-23
6.5155e-23
6.51553e-23
6.51557e-23
6.51562e-23
6.51568e-23
6.51575e-23
6.51584e-23
6.51595e-23
6.51607e-23
6.51622e-23
6.51639e-23
6.51659e-23
6.51682e-23
6.5171e-23
6.51741e-23
6.51777e-23
6.51819e-23
6.51866e-23
6.5192e-23
6.5198e-23
6.52045e-23
6.52111e-23
6.52164e-23
6.52146e-23
6.51743e-23
1.98531e-22
1.98668e-22
1.98691e-22
1.98691e-22
1.98687e-22
1.98681e-22
1.98675e-22
1.9867e-22
1.98665e-22
1.98661e-22
1.98658e-22
1.98654e-22
1.98652e-22
1.98649e-22
1.98647e-22
1.98645e-22
1.98644e-22
1.98643e-22
1.98641e-22
1.98641e-22
1.9864e-22
1.98639e-22
1.98639e-22
1.98638e-22
1.98638e-22
1.98638e-22
1.98638e-22
1.98638e-22
1.98638e-22
1.98638e-22
1.98638e-22
1.98638e-22
1.98638e-22
1.98638e-22
1.98638e-22
1.98638e-22
1.98638e-22
1.98639e-22
1.98639e-22
1.9864e-22
1.98641e-22
1.98641e-22
1.98643e-22
1.98644e-22
1.98645e-22
1.98647e-22
1.98649e-22
1.98652e-22
1.98654e-22
1.98658e-22
1.98661e-22
1.98665e-22
1.9867e-22
1.98675e-22
1.98681e-22
1.98687e-22
1.98691e-22
1.98691e-22
1.98668e-22
1.98531e-22
5.60692e-22
5.61125e-22
5.61243e-22
5.613e-22
5.61338e-22
5.61368e-22
5.61393e-22
5.61415e-22
5.61434e-22
5.6145e-22
5.61464e-22
5.61476e-22
5.61486e-22
5.61494e-22
5.61502e-22
5.61508e-22
5.61513e-22
5.61518e-22
5.61522e-22
5.61525e-22
5.61528e-22
5.6153e-22
5.61532e-22
5.61534e-22
5.61536e-22
5.61537e-22
5.61538e-22
5.61538e-22
5.61539e-22
5.61539e-22
5.61539e-22
5.61539e-22
5.61538e-22
5.61538e-22
5.61537e-22
5.61536e-22
5.61534e-22
5.61532e-22
5.6153e-22
5.61528e-22
5.61525e-22
5.61522e-22
5.61518e-22
5.61513e-22
5.61508e-22
5.61502e-22
5.61494e-22
5.61486e-22
5.61476e-22
5.61464e-22
5.6145e-22
5.61434e-22
5.61415e-22
5.61393e-22
5.61368e-22
5.61338e-22
5.613e-22
5.61243e-22
5.61125e-22
5.60692e-22
1.56632e-21
1.56767e-21
1.56817e-21
1.5685e-21
1.56877e-21
1.56899e-21
1.56919e-21
1.56936e-21
1.56951e-21
1.56964e-21
1.56976e-21
1.56985e-21
1.56994e-21
1.57001e-21
1.57007e-21
1.57012e-21
1.57017e-21
1.57021e-21
1.57024e-21
1.57027e-21
1.57029e-21
1.57031e-21
1.57032e-21
1.57034e-21
1.57035e-21
1.57036e-21
1.57037e-21
1.57037e-21
1.57037e-21
1.57038e-21
1.57038e-21
1.57037e-21
1.57037e-21
1.57037e-21
1.57036e-21
1.57035e-21
1.57034e-21
1.57032e-21
1.57031e-21
1.57029e-21
1.57027e-21
1.57024e-21
1.57021e-21
1.57017e-21
1.57012e-21
1.57007e-21
1.57001e-21
1.56994e-21
1.56985e-21
1.56976e-21
1.56964e-21
1.56951e-21
1.56936e-21
1.56919e-21
1.56899e-21
1.56877e-21
1.5685e-21
1.56817e-21
1.56767e-21
1.56632e-21
4.42811e-21
4.43235e-21
4.43427e-21
4.4357e-21
4.43692e-21
4.43799e-21
4.43893e-21
4.43975e-21
4.44048e-21
4.44111e-21
4.44165e-21
4.44212e-21
4.44253e-21
4.44288e-21
4.44317e-21
4.44343e-21
4.44364e-21
4.44382e-21
4.44398e-21
4.44411e-21
4.44422e-21
4.44431e-21
4.44439e-21
4.44445e-21
4.44451e-21
4.44455e-21
4.44458e-21
4.4446e-21
4.44462e-21
4.44463e-21
4.44463e-21
4.44462e-21
4.4446e-21
4.44458e-21
4.44455e-21
4.44451e-21
4.44445e-21
4.44439e-21
4.44431e-21
4.44422e-21
4.44411e-21
4.44398e-21
4.44382e-21
4.44364e-21
4.44343e-21
4.44317e-21
4.44288e-21
4.44253e-21
4.44212e-21
4.44165e-21
4.44111e-21
4.44048e-21
4.43975e-21
4.43893e-21
4.43799e-21
4.43692e-21
4.4357e-21
4.43427e-21
4.43235e-21
4.42811e-21
1.27797e-20
1.27931e-20
1.28002e-20
1.28059e-20
1.28108e-20
1.28152e-20
1.2819e-20
1.28224e-20
1.28254e-20
1.2828e-20
1.28303e-20
1.28322e-20
1.28339e-20
1.28353e-20
1.28366e-20
1.28376e-20
1.28385e-20
1.28393e-20
1.28399e-20
1.28404e-20
1.28409e-20
1.28413e-20
1.28416e-20
1.28418e-20
1.28421e-20
1.28422e-20
1.28424e-20
1.28425e-20
1.28425e-20
1.28426e-20
1.28426e-20
1.28425e-20
1.28425e-20
1.28424e-20
1.28422e-20
1.28421e-20
1.28418e-20
1.28416e-20
1.28413e-20
1.28409e-20
1.28404e-20
1.28399e-20
1.28393e-20
1.28385e-20
1.28376e-20
1.28366e-20
1.28353e-20
1.28339e-20
1.28322e-20
1.28303e-20
1.2828e-20
1.28254e-20
1.28224e-20
1.2819e-20
1.28152e-20
1.28108e-20
1.28059e-20
1.28002e-20
1.27931e-20
1.27797e-20
3.77821e-20
3.78257e-20
3.78512e-20
3.78726e-20
3.78916e-20
3.79084e-20
3.79233e-20
3.79364e-20
3.7948e-20
3.7958e-20
3.79667e-20
3.79743e-20
3.79808e-20
3.79863e-20
3.79911e-20
3.79952e-20
3.79986e-20
3.80015e-20
3.8004e-20
3.80061e-20
3.80079e-20
3.80094e-20
3.80106e-20
3.80116e-20
3.80124e-20
3.80131e-20
3.80136e-20
3.8014e-20
3.80142e-20
3.80143e-20
3.80143e-20
3.80142e-20
3.8014e-20
3.80136e-20
3.80131e-20
3.80124e-20
3.80116e-20
3.80106e-20
3.80094e-20
3.80079e-20
3.80061e-20
3.8004e-20
3.80015e-20
3.79986e-20
3.79952e-20
3.79911e-20
3.79863e-20
3.79808e-20
3.79743e-20
3.79667e-20
3.7958e-20
3.7948e-20
3.79364e-20
3.79233e-20
3.79084e-20
3.78916e-20
3.78726e-20
3.78512e-20
3.78257e-20
3.77821e-20
1.14588e-19
1.14732e-19
1.14824e-19
1.14903e-19
1.14974e-19
1.15037e-19
1.15093e-19
1.15143e-19
1.15186e-19
1.15224e-19
1.15257e-19
1.15286e-19
1.1531e-19
1.15331e-19
1.15349e-19
1.15364e-19
1.15377e-19
1.15389e-19
1.15398e-19
1.15406e-19
1.15412e-19
1.15418e-19
1.15423e-19
1.15426e-19
1.1543e-19
1.15432e-19
1.15434e-19
1.15435e-19
1.15436e-19
1.15437e-19
1.15437e-19
1.15436e-19
1.15435e-19
1.15434e-19
1.15432e-19
1.1543e-19
1.15426e-19
1.15423e-19
1.15418e-19
1.15412e-19
1.15406e-19
1.15398e-19
1.15389e-19
1.15377e-19
1.15364e-19
1.15349e-19
1.15331e-19
1.1531e-19
1.15286e-19
1.15257e-19
1.15224e-19
1.15186e-19
1.15143e-19
1.15093e-19
1.15037e-19
1.14974e-19
1.14903e-19
1.14824e-19
1.14732e-19
1.14588e-19
3.56746e-19
3.57231e-19
3.57564e-19
3.57856e-19
3.5812e-19
3.58355e-19
3.58565e-19
3.58749e-19
3.58911e-19
3.59053e-19
3.59176e-19
3.59282e-19
3.59374e-19
3.59452e-19
3.59519e-19
3.59577e-19
3.59626e-19
3.59667e-19
3.59702e-19
3.59731e-19
3.59756e-19
3.59777e-19
3.59794e-19
3.59809e-19
3.5982e-19
3.59829e-19
3.59836e-19
3.59842e-19
3.59845e-19
3.59847e-19
3.59847e-19
3.59845e-19
3.59842e-19
3.59836e-19
3.59829e-19
3.5982e-19
3.59809e-19
3.59794e-19
3.59777e-19
3.59756e-19
3.59731e-19
3.59702e-19
3.59667e-19
3.59626e-19
3.59577e-19
3.59519e-19
3.59452e-19
3.59374e-19
3.59282e-19
3.59176e-19
3.59053e-19
3.58911e-19
3.58749e-19
3.58565e-19
3.58355e-19
3.5812e-19
3.57856e-19
3.57564e-19
3.57231e-19
3.56746e-19
1.14045e-18
1.14212e-18
1.14333e-18
1.14442e-18
1.1454e-18
1.14628e-18
1.14706e-18
1.14775e-18
1.14836e-18
1.14889e-18
1.14935e-18
1.14974e-18
1.15009e-18
1.15038e-18
1.15063e-18
1.15085e-18
1.15103e-18
1.15118e-18
1.15132e-18
1.15143e-18
1.15152e-18
1.1516e-18
1.15166e-18
1.15171e-18
1.15176e-18
1.15179e-18
1.15182e-18
1.15184e-18
1.15185e-18
1.15186e-18
1.15186e-18
1.15185e-18
1.15184e-18
1.15182e-18
1.15179e-18
1.15176e-18
1.15171e-18
1.15166e-18
1.1516e-18
1.15152e-18
1.15143e-18
1.15132e-18
1.15118e-18
1.15103e-18
1.15085e-18
1.15063e-18
1.15038e-18
1.15009e-18
1.14974e-18
1.14935e-18
1.14889e-18
1.14836e-18
1.14775e-18
1.14706e-18
1.14628e-18
1.1454e-18
1.14442e-18
1.14333e-18
1.14212e-18
1.14045e-18
3.74407e-18
3.74995e-18
3.75443e-18
3.75849e-18
3.76217e-18
3.76548e-18
3.76843e-18
3.77103e-18
3.77332e-18
3.77531e-18
3.77705e-18
3.77855e-18
3.77984e-18
3.78095e-18
3.78189e-18
3.7827e-18
3.78339e-18
3.78398e-18
3.78447e-18
3.78489e-18
3.78524e-18
3.78553e-18
3.78577e-18
3.78597e-18
3.78614e-18
3.78627e-18
3.78637e-18
3.78644e-18
3.78649e-18
3.78651e-18
3.78651e-18
3.78649e-18
3.78644e-18
3.78637e-18
3.78627e-18
3.78614e-18
3.78597e-18
3.78577e-18
3.78553e-18
3.78524e-18
3.78489e-18
3.78447e-18
3.78398e-18
3.78339e-18
3.7827e-18
3.78189e-18
3.78095e-18
3.77984e-18
3.77855e-18
3.77705e-18
3.77531e-18
3.77332e-18
3.77103e-18
3.76843e-18
3.76548e-18
3.76217e-18
3.75849e-18
3.75443e-18
3.74995e-18
3.74407e-18
1.26228e-17
1.2644e-17
1.26608e-17
1.26762e-17
1.26902e-17
1.27028e-17
1.27141e-17
1.2724e-17
1.27327e-17
1.27403e-17
1.27469e-17
1.27526e-17
1.27576e-17
1.27618e-17
1.27654e-17
1.27685e-17
1.27711e-17
1.27734e-17
1.27752e-17
1.27768e-17
1.27782e-17
1.27793e-17
1.27802e-17
1.2781e-17
1.27816e-17
1.27821e-17
1.27825e-17
1.27828e-17
1.27829e-17
1.2783e-17
1.2783e-17
1.27829e-17
1.27828e-17
1.27825e-17
1.27821e-17
1.27816e-17
1.2781e-17
1.27802e-17
1.27793e-17
1.27782e-17
1.27768e-17
1.27752e-17
1.27734e-17
1.27711e-17
1.27685e-17
1.27654e-17
1.27618e-17
1.27576e-17
1.27526e-17
1.27469e-17
1.27403e-17
1.27327e-17
1.2724e-17
1.27141e-17
1.27028e-17
1.26902e-17
1.26762e-17
1.26608e-17
1.2644e-17
1.26228e-17
4.36973e-17
4.37754e-17
4.38395e-17
4.38988e-17
4.3953e-17
4.40017e-17
4.40451e-17
4.40835e-17
4.41172e-17
4.41466e-17
4.41722e-17
4.41943e-17
4.42134e-17
4.42297e-17
4.42438e-17
4.42557e-17
4.42659e-17
4.42745e-17
4.42818e-17
4.4288e-17
4.42931e-17
4.42975e-17
4.43011e-17
4.4304e-17
4.43064e-17
4.43083e-17
4.43098e-17
4.43109e-17
4.43116e-17
4.43119e-17
4.43119e-17
4.43116e-17
4.43109e-17
4.43098e-17
4.43083e-17
4.43064e-17
4.4304e-17
4.43011e-17
4.42975e-17
4.42931e-17
4.4288e-17
4.42818e-17
4.42745e-17
4.42659e-17
4.42557e-17
4.42438e-17
4.42297e-17
4.42134e-17
4.41943e-17
4.41722e-17
4.41466e-17
4.41172e-17
4.40835e-17
4.40451e-17
4.40017e-17
4.3953e-17
4.38988e-17
4.38395e-17
4.37754e-17
4.36973e-17
1.5528e-16
1.55575e-16
1.55824e-16
1.56056e-16
1.56269e-16
1.5646e-16
1.56631e-16
1.56781e-16
1.56914e-16
1.5703e-16
1.5713e-16
1.57217e-16
1.57292e-16
1.57357e-16
1.57412e-16
1.57459e-16
1.57499e-16
1.57533e-16
1.57561e-16
1.57586e-16
1.57606e-16
1.57623e-16
1.57637e-16
1.57649e-16
1.57658e-16
1.57666e-16
1.57672e-16
1.57676e-16
1.57678e-16
1.5768e-16
1.5768e-16
1.57678e-16
1.57676e-16
1.57672e-16
1.57666e-16
1.57658e-16
1.57649e-16
1.57637e-16
1.57623e-16
1.57606e-16
1.57586e-16
1.57561e-16
1.57533e-16
1.57499e-16
1.57459e-16
1.57412e-16
1.57357e-16
1.57292e-16
1.57217e-16
1.5713e-16
1.5703e-16
1.56914e-16
1.56781e-16
1.56631e-16
1.5646e-16
1.56269e-16
1.56056e-16
1.55824e-16
1.55575e-16
1.5528e-16
5.66168e-16
5.67304e-16
5.68292e-16
5.69217e-16
5.70066e-16
5.70831e-16
5.71513e-16
5.72116e-16
5.72646e-16
5.73109e-16
5.73511e-16
5.73859e-16
5.74159e-16
5.74417e-16
5.74638e-16
5.74826e-16
5.74986e-16
5.75122e-16
5.75237e-16
5.75334e-16
5.75415e-16
5.75483e-16
5.7554e-16
5.75586e-16
5.75624e-16
5.75654e-16
5.75677e-16
5.75694e-16
5.75705e-16
5.7571e-16
5.7571e-16
5.75705e-16
5.75694e-16
5.75677e-16
5.75654e-16
5.75624e-16
5.75586e-16
5.7554e-16
5.75483e-16
5.75415e-16
5.75334e-16
5.75237e-16
5.75122e-16
5.74986e-16
5.74826e-16
5.74638e-16
5.74417e-16
5.74159e-16
5.73859e-16
5.73511e-16
5.73109e-16
5.72646e-16
5.72116e-16
5.71513e-16
5.70831e-16
5.70066e-16
5.69217e-16
5.68292e-16
5.67304e-16
5.66168e-16
2.11673e-15
2.12121e-15
2.1252e-15
2.12896e-15
2.13241e-15
2.13552e-15
2.13829e-15
2.14075e-15
2.14291e-15
2.14479e-15
2.14643e-15
2.14785e-15
2.14907e-15
2.15012e-15
2.15102e-15
2.15178e-15
2.15243e-15
2.15299e-15
2.15346e-15
2.15385e-15
2.15418e-15
2.15446e-15
2.15469e-15
2.15488e-15
2.15503e-15
2.15516e-15
2.15525e-15
2.15532e-15
2.15536e-15
2.15538e-15
2.15538e-15
2.15536e-15
2.15532e-15
2.15525e-15
2.15516e-15
2.15503e-15
2.15488e-15
2.15469e-15
2.15446e-15
2.15418e-15
2.15385e-15
2.15346e-15
2.15299e-15
2.15243e-15
2.15178e-15
2.15102e-15
2.15012e-15
2.14907e-15
2.14785e-15
2.14643e-15
2.14479e-15
2.14291e-15
2.14075e-15
2.13829e-15
2.13552e-15
2.13241e-15
2.12896e-15
2.1252e-15
2.12121e-15
2.11673e-15
8.10778e-15
8.12581e-15
8.14223e-15
8.15776e-15
8.17204e-15
8.18492e-15
8.19641e-15
8.20658e-15
8.21552e-15
8.22332e-15
8.23011e-15
8.23599e-15
8.24105e-15
8.2454e-15
8.24912e-15
8.25229e-15
8.255e-15
8.25729e-15
8.25923e-15
8.26087e-15
8.26225e-15
8.2634e-15
8.26435e-15
8.26514e-15
8.26577e-15
8.26628e-15
8.26667e-15
8.26695e-15
8.26714e-15
8.26723e-15
8.26723e-15
8.26714e-15
8.26695e-15
8.26667e-15
8.26628e-15
8.26577e-15
8.26514e-15
8.26435e-15
8.2634e-15
8.26225e-15
8.26087e-15
8.25923e-15
8.25729e-15
8.255e-15
8.25229e-15
8.24912e-15
8.2454e-15
8.24105e-15
8.23599e-15
8.23011e-15
8.22332e-15
8.21552e-15
8.20658e-15
8.19641e-15
8.18492e-15
8.17204e-15
8.15776e-15
8.14223e-15
8.12581e-15
8.10778e-15
3.17807e-14
3.18548e-14
3.19236e-14
3.19889e-14
3.2049e-14
3.21033e-14
3.21517e-14
3.21945e-14
3.22322e-14
3.22651e-14
3.22937e-14
3.23185e-14
3.23398e-14
3.23581e-14
3.23738e-14
3.23872e-14
3.23986e-14
3.24083e-14
3.24165e-14
3.24234e-14
3.24292e-14
3.2434e-14
3.2438e-14
3.24413e-14
3.2444e-14
3.24462e-14
3.24478e-14
3.2449e-14
3.24498e-14
3.24502e-14
3.24502e-14
3.24498e-14
3.2449e-14
3.24478e-14
3.24462e-14
3.2444e-14
3.24413e-14
3.2438e-14
3.2434e-14
3.24292e-14
3.24234e-14
3.24165e-14
3.24083e-14
3.23986e-14
3.23872e-14
3.23738e-14
3.23581e-14
3.23398e-14
3.23185e-14
3.22937e-14
3.22651e-14
3.22322e-14
3.21945e-14
3.21517e-14
3.21033e-14
3.2049e-14
3.19889e-14
3.19236e-14
3.18548e-14
3.17807e-14
1.273e-13
1.27611e-13
1.27904e-13
1.28183e-13
1.2844e-13
1.28673e-13
1.2888e-13
1.29063e-13
1.29224e-13
1.29365e-13
1.29488e-13
1.29594e-13
1.29685e-13
1.29764e-13
1.29831e-13
1.29888e-13
1.29937e-13
1.29979e-13
1.30014e-13
1.30043e-13
1.30068e-13
1.30089e-13
1.30106e-13
1.3012e-13
1.30132e-13
1.30141e-13
1.30148e-13
1.30153e-13
1.30156e-13
1.30158e-13
1.30158e-13
1.30156e-13
1.30153e-13
1.30148e-13
1.30141e-13
1.30132e-13
1.3012e-13
1.30106e-13
1.30089e-13
1.30068e-13
1.30043e-13
1.30014e-13
1.29979e-13
1.29937e-13
1.29888e-13
1.29831e-13
1.29764e-13
1.29685e-13
1.29594e-13
1.29488e-13
1.29365e-13
1.29224e-13
1.29063e-13
1.2888e-13
1.28673e-13
1.2844e-13
1.28183e-13
1.27904e-13
1.27611e-13
1.273e-13
5.20148e-13
5.21473e-13
5.2274e-13
5.23951e-13
5.25068e-13
5.26076e-13
5.26976e-13
5.27773e-13
5.28474e-13
5.29086e-13
5.29618e-13
5.30079e-13
5.30476e-13
5.30817e-13
5.31109e-13
5.31358e-13
5.31571e-13
5.31751e-13
5.31903e-13
5.32031e-13
5.32139e-13
5.3223e-13
5.32305e-13
5.32366e-13
5.32416e-13
5.32456e-13
5.32486e-13
5.32509e-13
5.32523e-13
5.3253e-13
5.3253e-13
5.32523e-13
5.32509e-13
5.32486e-13
5.32456e-13
5.32416e-13
5.32366e-13
5.32305e-13
5.3223e-13
5.32139e-13
5.32031e-13
5.31903e-13
5.31751e-13
5.31571e-13
5.31358e-13
5.31109e-13
5.30817e-13
5.30476e-13
5.30079e-13
5.29618e-13
5.29086e-13
5.28474e-13
5.27773e-13
5.26976e-13
5.26076e-13
5.25068e-13
5.23951e-13
5.2274e-13
5.21473e-13
5.20148e-13
2.16327e-12
2.169e-12
2.17455e-12
2.17987e-12
2.18478e-12
2.18922e-12
2.19318e-12
2.19668e-12
2.19976e-12
2.20245e-12
2.2048e-12
2.20682e-12
2.20857e-12
2.21007e-12
2.21136e-12
2.21245e-12
2.21339e-12
2.21418e-12
2.21485e-12
2.21542e-12
2.21589e-12
2.21629e-12
2.21662e-12
2.21689e-12
2.21711e-12
2.21728e-12
2.21742e-12
2.21752e-12
2.21758e-12
2.21761e-12
2.21761e-12
2.21758e-12
2.21752e-12
2.21742e-12
2.21728e-12
2.21711e-12
2.21689e-12
2.21662e-12
2.21629e-12
2.21589e-12
2.21542e-12
2.21485e-12
2.21418e-12
2.21339e-12
2.21245e-12
2.21136e-12
2.21007e-12
2.20857e-12
2.20682e-12
2.2048e-12
2.20245e-12
2.19976e-12
2.19668e-12
2.19318e-12
2.18922e-12
2.18478e-12
2.17987e-12
2.17455e-12
2.169e-12
2.16327e-12
9.1334e-12
9.15851e-12
9.18312e-12
9.20674e-12
9.22853e-12
9.24823e-12
9.26582e-12
9.28139e-12
9.29508e-12
9.30704e-12
9.31745e-12
9.32645e-12
9.33422e-12
9.34089e-12
9.3466e-12
9.35148e-12
9.35563e-12
9.35915e-12
9.36213e-12
9.36464e-12
9.36675e-12
9.36851e-12
9.36998e-12
9.37118e-12
9.37216e-12
9.37294e-12
9.37353e-12
9.37397e-12
9.37425e-12
9.37439e-12
9.37439e-12
9.37425e-12
9.37397e-12
9.37353e-12
9.37294e-12
9.37216e-12
9.37118e-12
9.36998e-12
9.36851e-12
9.36675e-12
9.36464e-12
9.36213e-12
9.35915e-12
9.35563e-12
9.35148e-12
9.3466e-12
9.34089e-12
9.33422e-12
9.32645e-12
9.31745e-12
9.30704e-12
9.29508e-12
9.28139e-12
9.26582e-12
9.24823e-12
9.22853e-12
9.20674e-12
9.18312e-12
9.15851e-12
9.1334e-12
3.90236e-11
3.91345e-11
3.92444e-11
3.93499e-11
3.94474e-11
3.95354e-11
3.96141e-11
3.96838e-11
3.9745e-11
3.97985e-11
3.9845e-11
3.98853e-11
3.99201e-11
3.99499e-11
3.99755e-11
3.99973e-11
4.00158e-11
4.00316e-11
4.00449e-11
4.00562e-11
4.00656e-11
4.00735e-11
4.00801e-11
4.00855e-11
4.00898e-11
4.00933e-11
4.0096e-11
4.00979e-11
4.00992e-11
4.00998e-11
4.00998e-11
4.00992e-11
4.00979e-11
4.0096e-11
4.00933e-11
4.00898e-11
4.00855e-11
4.00801e-11
4.00735e-11
4.00656e-11
4.00562e-11
4.00449e-11
4.00316e-11
4.00158e-11
3.99973e-11
3.99755e-11
3.99499e-11
3.99201e-11
3.98853e-11
3.9845e-11
3.97985e-11
3.9745e-11
3.96838e-11
3.96141e-11
3.95354e-11
3.94474e-11
3.93499e-11
3.92444e-11
3.91345e-11
3.90236e-11
1.68103e-10
1.68595e-10
1.69087e-10
1.69561e-10
1.69997e-10
1.70393e-10
1.70745e-10
1.71058e-10
1.71332e-10
1.71573e-10
1.71781e-10
1.71962e-10
1.72118e-10
1.72252e-10
1.72367e-10
1.72464e-10
1.72548e-10
1.72618e-10
1.72678e-10
1.72729e-10
1.72771e-10
1.72806e-10
1.72836e-10
1.7286e-10
1.7288e-10
1.72895e-10
1.72907e-10
1.72916e-10
1.72921e-10
1.72924e-10
1.72924e-10
1.72921e-10
1.72916e-10
1.72907e-10
1.72895e-10
1.7288e-10
1.7286e-10
1.72836e-10
1.72806e-10
1.72771e-10
1.72729e-10
1.72678e-10
1.72618e-10
1.72548e-10
1.72464e-10
1.72367e-10
1.72252e-10
1.72118e-10
1.71962e-10
1.71781e-10
1.71573e-10
1.71332e-10
1.71058e-10
1.70745e-10
1.70393e-10
1.69997e-10
1.69561e-10
1.69087e-10
1.68595e-10
1.68103e-10
7.26906e-10
7.29095e-10
7.31296e-10
7.33414e-10
7.35371e-10
7.3714e-10
7.3872e-10
7.40119e-10
7.41349e-10
7.42424e-10
7.43359e-10
7.44169e-10
7.44867e-10
7.45466e-10
7.4598e-10
7.46418e-10
7.46791e-10
7.47108e-10
7.47375e-10
7.47601e-10
7.47791e-10
7.4795e-10
7.48081e-10
7.4819e-10
7.48277e-10
7.48347e-10
7.48401e-10
7.4844e-10
7.48465e-10
7.48478e-10
7.48478e-10
7.48465e-10
7.4844e-10
7.48401e-10
7.48347e-10
7.48277e-10
7.4819e-10
7.48081e-10
7.4795e-10
7.47791e-10
7.47601e-10
7.47375e-10
7.47108e-10
7.46791e-10
7.46418e-10
7.4598e-10
7.45466e-10
7.44867e-10
7.44169e-10
7.43359e-10
7.42424e-10
7.41349e-10
7.40119e-10
7.3872e-10
7.3714e-10
7.35371e-10
7.33414e-10
7.31296e-10
7.29095e-10
7.26906e-10
3.13932e-09
3.14899e-09
3.15878e-09
3.1682e-09
3.17689e-09
3.18476e-09
3.19179e-09
3.19801e-09
3.20348e-09
3.20826e-09
3.21241e-09
3.21601e-09
3.21912e-09
3.22179e-09
3.22407e-09
3.22602e-09
3.22768e-09
3.22908e-09
3.23027e-09
3.23128e-09
3.23212e-09
3.23283e-09
3.23341e-09
3.23389e-09
3.23429e-09
3.2346e-09
3.23483e-09
3.23501e-09
3.23512e-09
3.23518e-09
3.23518e-09
3.23512e-09
3.23501e-09
3.23483e-09
3.2346e-09
3.23429e-09
3.23389e-09
3.23341e-09
3.23283e-09
3.23212e-09
3.23128e-09
3.23027e-09
3.22908e-09
3.22768e-09
3.22602e-09
3.22407e-09
3.22179e-09
3.21912e-09
3.21601e-09
3.21241e-09
3.20826e-09
3.20348e-09
3.19801e-09
3.19179e-09
3.18476e-09
3.17689e-09
3.1682e-09
3.15878e-09
3.14899e-09
3.13932e-09
1.34621e-08
1.35043e-08
1.35472e-08
1.35886e-08
1.36267e-08
1.36612e-08
1.36921e-08
1.37194e-08
1.37434e-08
1.37643e-08
1.37826e-08
1.37984e-08
1.3812e-08
1.38237e-08
1.38337e-08
1.38423e-08
1.38495e-08
1.38557e-08
1.38609e-08
1.38654e-08
1.38691e-08
1.38721e-08
1.38747e-08
1.38768e-08
1.38785e-08
1.38799e-08
1.38809e-08
1.38817e-08
1.38822e-08
1.38824e-08
1.38824e-08
1.38822e-08
1.38817e-08
1.38809e-08
1.38799e-08
1.38785e-08
1.38768e-08
1.38747e-08
1.38721e-08
1.38691e-08
1.38654e-08
1.38609e-08
1.38557e-08
1.38495e-08
1.38423e-08
1.38337e-08
1.38237e-08
1.3812e-08
1.37984e-08
1.37826e-08
1.37643e-08
1.37434e-08
1.37194e-08
1.36921e-08
1.36612e-08
1.36267e-08
1.35886e-08
1.35472e-08
1.35043e-08
1.34621e-08
5.69388e-08
5.712e-08
5.73046e-08
5.74823e-08
5.76464e-08
5.77948e-08
5.79272e-08
5.80446e-08
5.81477e-08
5.82379e-08
5.83163e-08
5.83842e-08
5.84427e-08
5.8493e-08
5.85361e-08
5.85728e-08
5.86041e-08
5.86307e-08
5.86531e-08
5.86721e-08
5.8688e-08
5.87013e-08
5.87123e-08
5.87214e-08
5.87287e-08
5.87346e-08
5.87391e-08
5.87423e-08
5.87445e-08
5.87455e-08
5.87455e-08
5.87445e-08
5.87423e-08
5.87391e-08
5.87346e-08
5.87287e-08
5.87214e-08
5.87123e-08
5.87013e-08
5.8688e-08
5.86721e-08
5.86531e-08
5.86307e-08
5.86041e-08
5.85728e-08
5.85361e-08
5.8493e-08
5.84427e-08
5.83842e-08
5.83163e-08
5.82379e-08
5.81477e-08
5.80446e-08
5.79272e-08
5.77948e-08
5.76464e-08
5.74823e-08
5.73046e-08
5.712e-08
5.69388e-08
2.35746e-07
2.36502e-07
2.37274e-07
2.38017e-07
2.38702e-07
2.39322e-07
2.39875e-07
2.40365e-07
2.40796e-07
2.41172e-07
2.415e-07
2.41783e-07
2.42028e-07
2.42238e-07
2.42418e-07
2.42571e-07
2.42702e-07
2.42813e-07
2.42907e-07
2.42986e-07
2.43052e-07
2.43108e-07
2.43154e-07
2.43192e-07
2.43222e-07
2.43247e-07
2.43265e-07
2.43279e-07
2.43288e-07
2.43292e-07
2.43292e-07
2.43288e-07
2.43279e-07
2.43265e-07
2.43247e-07
2.43222e-07
2.43192e-07
2.43154e-07
2.43108e-07
2.43052e-07
2.42986e-07
2.42907e-07
2.42813e-07
2.42702e-07
2.42571e-07
2.42418e-07
2.42238e-07
2.42028e-07
2.41783e-07
2.415e-07
2.41172e-07
2.40796e-07
2.40365e-07
2.39875e-07
2.39322e-07
2.38702e-07
2.38017e-07
2.37274e-07
2.36502e-07
2.35746e-07
9.47377e-07
9.50421e-07
9.53531e-07
9.56518e-07
9.59274e-07
9.61765e-07
9.6399e-07
9.65959e-07
9.67691e-07
9.69204e-07
9.70521e-07
9.7166e-07
9.72643e-07
9.73487e-07
9.74209e-07
9.74826e-07
9.75351e-07
9.75797e-07
9.76174e-07
9.76492e-07
9.76759e-07
9.76982e-07
9.77167e-07
9.77319e-07
9.77443e-07
9.77541e-07
9.77616e-07
9.77671e-07
9.77707e-07
9.77724e-07
9.77724e-07
9.77707e-07
9.77671e-07
9.77616e-07
9.77541e-07
9.77443e-07
9.77319e-07
9.77167e-07
9.76982e-07
9.76759e-07
9.76492e-07
9.76174e-07
9.75797e-07
9.75351e-07
9.74826e-07
9.74209e-07
9.73487e-07
9.72643e-07
9.7166e-07
9.70521e-07
9.69204e-07
9.67691e-07
9.65959e-07
9.6399e-07
9.61765e-07
9.59274e-07
9.56518e-07
9.53531e-07
9.50421e-07
9.47377e-07
3.6602e-06
3.67189e-06
3.68383e-06
3.69527e-06
3.70583e-06
3.71537e-06
3.72388e-06
3.73142e-06
3.73805e-06
3.74384e-06
3.74888e-06
3.75324e-06
3.757e-06
3.76024e-06
3.763e-06
3.76536e-06
3.76737e-06
3.76908e-06
3.77052e-06
3.77174e-06
3.77276e-06
3.77361e-06
3.77432e-06
3.7749e-06
3.77538e-06
3.77575e-06
3.77604e-06
3.77625e-06
3.77639e-06
3.77645e-06
3.77645e-06
3.77639e-06
3.77625e-06
3.77604e-06
3.77575e-06
3.77538e-06
3.7749e-06
3.77432e-06
3.77361e-06
3.77276e-06
3.77174e-06
3.77052e-06
3.76908e-06
3.76737e-06
3.76536e-06
3.763e-06
3.76024e-06
3.757e-06
3.75324e-06
3.74888e-06
3.74384e-06
3.73805e-06
3.73142e-06
3.72388e-06
3.71537e-06
3.70583e-06
3.69527e-06
3.68383e-06
3.67189e-06
3.6602e-06
1.34516e-05
1.34939e-05
1.3537e-05
1.35783e-05
1.36163e-05
1.36507e-05
1.36814e-05
1.37085e-05
1.37324e-05
1.37533e-05
1.37714e-05
1.37871e-05
1.38007e-05
1.38123e-05
1.38222e-05
1.38307e-05
1.3838e-05
1.38441e-05
1.38493e-05
1.38537e-05
1.38574e-05
1.38604e-05
1.3863e-05
1.38651e-05
1.38668e-05
1.38681e-05
1.38692e-05
1.38699e-05
1.38704e-05
1.38707e-05
1.38707e-05
1.38704e-05
1.38699e-05
1.38692e-05
1.38681e-05
1.38668e-05
1.38651e-05
1.3863e-05
1.38604e-05
1.38574e-05
1.38537e-05
1.38493e-05
1.38441e-05
1.3838e-05
1.38307e-05
1.38222e-05
1.38123e-05
1.38007e-05
1.37871e-05
1.37714e-05
1.37533e-05
1.37324e-05
1.37085e-05
1.36814e-05
1.36507e-05
1.36163e-05
1.35783e-05
1.3537e-05
1.34939e-05
1.34516e-05
4.64725e-05
4.66148e-05
4.67594e-05
4.68976e-05
4.70248e-05
4.71397e-05
4.72422e-05
4.73329e-05
4.74127e-05
4.74824e-05
4.7543e-05
4.75955e-05
4.76407e-05
4.76796e-05
4.77129e-05
4.77412e-05
4.77654e-05
4.77859e-05
4.78033e-05
4.78179e-05
4.78302e-05
4.78405e-05
4.7849e-05
4.7856e-05
4.78617e-05
4.78662e-05
4.78697e-05
4.78722e-05
4.78738e-05
4.78746e-05
4.78746e-05
4.78738e-05
4.78722e-05
4.78697e-05
4.78662e-05
4.78617e-05
4.7856e-05
4.7849e-05
4.78405e-05
4.78302e-05
4.78179e-05
4.78033e-05
4.77859e-05
4.77654e-05
4.77412e-05
4.77129e-05
4.76796e-05
4.76407e-05
4.75955e-05
4.7543e-05
4.74824e-05
4.74127e-05
4.73329e-05
4.72422e-05
4.71397e-05
4.70248e-05
4.68976e-05
4.67594e-05
4.66148e-05
4.64725e-05
0.00014897
0.000149408
0.000149851
0.000150274
0.000150662
0.000151013
0.000151326
0.000151603
0.000151846
0.000152059
0.000152244
0.000152404
0.000152542
0.000152661
0.000152762
0.000152849
0.000152923
0.000152985
0.000153038
0.000153083
0.00015312
0.000153152
0.000153178
0.000153199
0.000153216
0.00015323
0.000153241
0.000153248
0.000153253
0.000153256
0.000153256
0.000153253
0.000153248
0.000153241
0.00015323
0.000153216
0.000153199
0.000153178
0.000153152
0.00015312
0.000153083
0.000153038
0.000152985
0.000152923
0.000152849
0.000152762
0.000152661
0.000152542
0.000152404
0.000152244
0.000152059
0.000151846
0.000151603
0.000151326
0.000151013
0.000150662
0.000150274
0.000149851
0.000149408
0.00014897
0.000436841
0.000438054
0.000439273
0.000440432
0.000441498
0.000442459
0.000443316
0.000444075
0.000444741
0.000445324
0.00044583
0.000446268
0.000446646
0.00044697
0.000447248
0.000447485
0.000447687
0.000447859
0.000448003
0.000448126
0.000448228
0.000448314
0.000448385
0.000448444
0.000448491
0.000448529
0.000448558
0.000448579
0.000448593
0.000448599
0.000448599
0.000448593
0.000448579
0.000448558
0.000448529
0.000448491
0.000448444
0.000448385
0.000448314
0.000448228
0.000448126
0.000448003
0.000447859
0.000447687
0.000447485
0.000447248
0.00044697
0.000446646
0.000446268
0.00044583
0.000445324
0.000444741
0.000444075
0.000443316
0.000442459
0.000441498
0.000440432
0.000439273
0.000438054
0.000436841
0.00115478
0.00115774
0.0011607
0.0011635
0.00116607
0.00116839
0.00117046
0.00117229
0.0011739
0.0011753
0.00117652
0.00117758
0.00117849
0.00117927
0.00117994
0.00118051
0.001181
0.00118141
0.00118176
0.00118205
0.0011823
0.00118251
0.00118268
0.00118282
0.00118293
0.00118302
0.00118309
0.00118315
0.00118318
0.00118319
0.00118319
0.00118318
0.00118315
0.00118309
0.00118302
0.00118293
0.00118282
0.00118268
0.00118251
0.0011823
0.00118205
0.00118176
0.00118141
0.001181
0.00118051
0.00117994
0.00117927
0.00117849
0.00117758
0.00117652
0.0011753
0.0011739
0.00117229
0.00117046
0.00116839
0.00116607
0.0011635
0.0011607
0.00115774
0.00115478
0.00271494
0.0027212
0.0027274
0.00273327
0.00273864
0.00274348
0.00274779
0.00275161
0.00275496
0.00275789
0.00276043
0.00276264
0.00276454
0.00276617
0.00276756
0.00276875
0.00276977
0.00277063
0.00277136
0.00277197
0.00277249
0.00277292
0.00277328
0.00277357
0.00277381
0.002774
0.00277414
0.00277425
0.00277432
0.00277435
0.00277435
0.00277432
0.00277425
0.00277414
0.002774
0.00277381
0.00277357
0.00277328
0.00277292
0.00277249
0.00277197
0.00277136
0.00277063
0.00276977
0.00276875
0.00276756
0.00276617
0.00276454
0.00276264
0.00276043
0.00275789
0.00275496
0.00275161
0.00274779
0.00274348
0.00273864
0.00273327
0.0027274
0.0027212
0.00271494
0.00562365
0.00563501
0.00564615
0.00565664
0.00566624
0.00567489
0.00568259
0.0056894
0.00569538
0.0057006
0.00570514
0.00570907
0.00571246
0.00571537
0.00571786
0.00571999
0.00572179
0.00572333
0.00572463
0.00572573
0.00572665
0.00572742
0.00572806
0.00572858
0.00572901
0.00572934
0.0057296
0.00572979
0.00572992
0.00572998
0.00572998
0.00572992
0.00572979
0.0057296
0.00572934
0.00572901
0.00572858
0.00572806
0.00572742
0.00572665
0.00572573
0.00572463
0.00572333
0.00572179
0.00571999
0.00571786
0.00571537
0.00571246
0.00570907
0.00570514
0.0057006
0.00569538
0.0056894
0.00568259
0.00567489
0.00566624
0.00565664
0.00564615
0.00563501
0.00562365
0.0102457
0.0102634
0.0102805
0.0102966
0.0103113
0.0103245
0.0103363
0.0103467
0.0103559
0.0103638
0.0103708
0.0103768
0.010382
0.0103864
0.0103902
0.0103935
0.0103962
0.0103986
0.0104006
0.0104022
0.0104037
0.0104048
0.0104058
0.0104066
0.0104073
0.0104078
0.0104082
0.0104085
0.0104087
0.0104088
0.0104088
0.0104087
0.0104085
0.0104082
0.0104078
0.0104073
0.0104066
0.0104058
0.0104048
0.0104037
0.0104022
0.0104006
0.0103986
0.0103962
0.0103935
0.0103902
0.0103864
0.010382
0.0103768
0.0103708
0.0103638
0.0103559
0.0103467
0.0103363
0.0103245
0.0103113
0.0102966
0.0102805
0.0102634
0.0102457
0.0165551
0.0165792
0.0166022
0.0166237
0.0166433
0.016661
0.0166767
0.0166906
0.0167028
0.0167134
0.0167227
0.0167307
0.0167376
0.0167435
0.0167486
0.0167529
0.0167566
0.0167597
0.0167624
0.0167646
0.0167665
0.0167681
0.0167694
0.0167705
0.0167713
0.016772
0.0167726
0.016773
0.0167732
0.0167733
0.0167733
0.0167732
0.016773
0.0167726
0.016772
0.0167713
0.0167705
0.0167694
0.0167681
0.0167665
0.0167646
0.0167624
0.0167597
0.0167566
0.0167529
0.0167486
0.0167435
0.0167376
0.0167307
0.0167227
0.0167134
0.0167028
0.0166906
0.0166767
0.016661
0.0166433
0.0166237
0.0166022
0.0165792
0.0165551
0.0241359
0.0241654
0.0241933
0.0242192
0.0242428
0.024264
0.0242829
0.0242996
0.0243143
0.0243271
0.0243382
0.0243478
0.0243561
0.0243633
0.0243694
0.0243746
0.024379
0.0243828
0.024386
0.0243887
0.024391
0.0243929
0.0243944
0.0243957
0.0243968
0.0243976
0.0243983
0.0243987
0.024399
0.0243992
0.0243992
0.024399
0.0243987
0.0243983
0.0243976
0.0243968
0.0243957
0.0243944
0.0243929
0.024391
0.0243887
0.024386
0.0243828
0.024379
0.0243746
0.0243694
0.0243633
0.0243561
0.0243478
0.0243382
0.0243271
0.0243143
0.0242996
0.0242829
0.024264
0.0242428
0.0242192
0.0241933
0.0241654
0.0241359
0.0324485
0.0324823
0.0325139
0.0325431
0.0325697
0.0325936
0.0326148
0.0326336
0.0326501
0.0326645
0.0326771
0.0326879
0.0326973
0.0327053
0.0327122
0.0327181
0.0327231
0.0327274
0.032731
0.032734
0.0327366
0.0327387
0.0327405
0.032742
0.0327432
0.0327441
0.0327448
0.0327453
0.0327457
0.0327459
0.0327459
0.0327457
0.0327453
0.0327448
0.0327441
0.0327432
0.032742
0.0327405
0.0327387
0.0327366
0.032734
0.032731
0.0327274
0.0327231
0.0327181
0.0327122
0.0327053
0.0326973
0.0326879
0.0326771
0.0326645
0.0326501
0.0326336
0.0326148
0.0325936
0.0325697
0.0325431
0.0325139
0.0324823
0.0324485
0.0410905
0.0411278
0.0411624
0.0411943
0.0412233
0.0412492
0.0412724
0.0412928
0.0413108
0.0413264
0.0413401
0.0413519
0.0413621
0.0413709
0.0413784
0.0413848
0.0413903
0.0413949
0.0413989
0.0414022
0.041405
0.0414074
0.0414093
0.0414109
0.0414122
0.0414132
0.041414
0.0414146
0.041415
0.0414152
0.0414152
0.041415
0.0414146
0.041414
0.0414132
0.0414122
0.0414109
0.0414093
0.0414074
0.041405
0.0414022
0.0413989
0.0413949
0.0413903
0.0413848
0.0413784
0.0413709
0.0413621
0.0413519
0.0413401
0.0413264
0.0413108
0.0412928
0.0412724
0.0412492
0.0412233
0.0411943
0.0411624
0.0411278
0.0410905
0.0498675
0.0499081
0.0499454
0.0499797
0.0500107
0.0500386
0.0500634
0.0500853
0.0501046
0.0501215
0.0501361
0.0501488
0.0501598
0.0501692
0.0501773
0.0501842
0.0501901
0.0501951
0.0501994
0.050203
0.050206
0.0502085
0.0502106
0.0502124
0.0502138
0.0502149
0.0502157
0.0502164
0.0502168
0.050217
0.050217
0.0502168
0.0502164
0.0502157
0.0502149
0.0502138
0.0502124
0.0502106
0.0502085
0.050206
0.050203
0.0501994
0.0501951
0.0501901
0.0501842
0.0501773
0.0501692
0.0501598
0.0501488
0.0501361
0.0501215
0.0501046
0.0500853
0.0500634
0.0500386
0.0500107
0.0499797
0.0499454
0.0499081
0.0498675
0.0587273
0.0587711
0.0588111
0.0588477
0.0588809
0.0589106
0.0589371
0.0589605
0.0589811
0.0589991
0.0590148
0.0590284
0.0590401
0.0590502
0.0590589
0.0590663
0.0590726
0.059078
0.0590826
0.0590864
0.0590897
0.0590924
0.0590946
0.0590965
0.059098
0.0590992
0.0591001
0.0591008
0.0591012
0.0591015
0.0591015
0.0591012
0.0591008
0.0591001
0.0590992
0.059098
0.0590965
0.0590946
0.0590924
0.0590897
0.0590864
0.0590826
0.059078
0.0590726
0.0590663
0.0590589
0.0590502
0.0590401
0.0590284
0.0590148
0.0589991
0.0589811
0.0589605
0.0589371
0.0589106
0.0588809
0.0588477
0.0588111
0.0587711
0.0587273
0.0676773
0.0677243
0.0677671
0.0678061
0.0678414
0.067873
0.0679012
0.0679262
0.0679481
0.0679673
0.067984
0.0679985
0.068011
0.0680218
0.0680311
0.068039
0.0680458
0.0680515
0.0680564
0.0680606
0.0680641
0.068067
0.0680694
0.0680714
0.068073
0.0680743
0.0680753
0.068076
0.0680765
0.0680767
0.0680767
0.0680765
0.068076
0.0680753
0.0680743
0.068073
0.0680714
0.0680694
0.068067
0.0680641
0.0680606
0.0680564
0.0680515
0.0680458
0.068039
0.0680311
0.0680218
0.068011
0.0679985
0.067984
0.0679673
0.0679481
0.0679262
0.0679012
0.067873
0.0678414
0.0678061
0.0677671
0.0677243
0.0676773
0.0767366
0.0767868
0.0768323
0.0768738
0.0769113
0.076945
0.0769749
0.0770014
0.0770247
0.0770451
0.0770629
0.0770784
0.0770917
0.0771033
0.0771131
0.0771216
0.0771288
0.077135
0.0771402
0.0771447
0.0771484
0.0771515
0.0771541
0.0771562
0.077158
0.0771594
0.0771604
0.0771612
0.0771617
0.077162
0.077162
0.0771617
0.0771612
0.0771604
0.0771594
0.077158
0.0771562
0.0771541
0.0771515
0.0771484
0.0771447
0.0771402
0.077135
0.0771288
0.0771216
0.0771131
0.0771033
0.0770917
0.0770784
0.0770629
0.0770451
0.0770247
0.0770014
0.0769749
0.076945
0.0769113
0.0768738
0.0768323
0.0767868
0.0767366
0.0859198
0.0859732
0.0860216
0.0860656
0.0861053
0.0861409
0.0861727
0.0862008
0.0862255
0.0862472
0.0862661
0.0862825
0.0862967
0.086309
0.0863195
0.0863285
0.0863362
0.0863428
0.0863484
0.0863531
0.0863571
0.0863604
0.0863632
0.0863655
0.0863674
0.0863689
0.08637
0.0863708
0.0863714
0.0863716
0.0863716
0.0863714
0.0863708
0.08637
0.0863689
0.0863674
0.0863655
0.0863632
0.0863604
0.0863571
0.0863531
0.0863484
0.0863428
0.0863362
0.0863285
0.0863195
0.086309
0.0862967
0.0862825
0.0862661
0.0862472
0.0862255
0.0862008
0.0861727
0.0861409
0.0861053
0.0860656
0.0860216
0.0859732
0.0859198
0.0952351
0.0952917
0.0953429
0.0953894
0.0954314
0.095469
0.0955026
0.0955323
0.0955585
0.0955814
0.0956015
0.0956189
0.095634
0.095647
0.0956582
0.0956678
0.095676
0.095683
0.0956889
0.095694
0.0956982
0.0957018
0.0957048
0.0957072
0.0957092
0.0957108
0.095712
0.0957129
0.0957135
0.0957138
0.0957138
0.0957135
0.0957129
0.095712
0.0957108
0.0957092
0.0957072
0.0957048
0.0957018
0.0956982
0.095694
0.0956889
0.095683
0.095676
0.0956678
0.0956582
0.095647
0.095634
0.0956189
0.0956015
0.0955814
0.0955585
0.0955323
0.0955026
0.095469
0.0954314
0.0953894
0.0953429
0.0952917
0.0952351
0.104686
0.104746
0.1048
0.104849
0.104893
0.104933
0.104968
0.105
0.105027
0.105052
0.105073
0.105091
0.105107
0.105121
0.105133
0.105143
0.105152
0.105159
0.105165
0.105171
0.105175
0.105179
0.105182
0.105185
0.105187
0.105189
0.10519
0.105191
0.105192
0.105192
0.105192
0.105192
0.105191
0.10519
0.105189
0.105187
0.105185
0.105182
0.105179
0.105175
0.105171
0.105165
0.105159
0.105152
0.105143
0.105133
0.105121
0.105107
0.105091
0.105073
0.105052
0.105027
0.105
0.104968
0.104933
0.104893
0.104849
0.1048
0.104746
0.104686
0.114274
0.114337
0.114394
0.114445
0.114492
0.114534
0.114571
0.114604
0.114633
0.114659
0.114681
0.1147
0.114717
0.114732
0.114744
0.114755
0.114764
0.114772
0.114779
0.114785
0.11479
0.114794
0.114797
0.1148
0.114802
0.114804
0.114805
0.114806
0.114807
0.114807
0.114807
0.114807
0.114806
0.114805
0.114804
0.114802
0.1148
0.114797
0.114794
0.11479
0.114785
0.114779
0.114772
0.114764
0.114755
0.114744
0.114732
0.114717
0.1147
0.114681
0.114659
0.114633
0.114604
0.114571
0.114534
0.114492
0.114445
0.114394
0.114337
0.114274
0.123999
0.124065
0.124124
0.124178
0.124227
0.124271
0.12431
0.124345
0.124375
0.124402
0.124426
0.124446
0.124464
0.124479
0.124493
0.124504
0.124514
0.124522
0.124529
0.124535
0.124541
0.124545
0.124548
0.124551
0.124554
0.124556
0.124557
0.124558
0.124559
0.124559
0.124559
0.124559
0.124558
0.124557
0.124556
0.124554
0.124551
0.124548
0.124545
0.124541
0.124535
0.124529
0.124522
0.124514
0.124504
0.124493
0.124479
0.124464
0.124446
0.124426
0.124402
0.124375
0.124345
0.12431
0.124271
0.124227
0.124178
0.124124
0.124065
0.123999
0.133859
0.133928
0.13399
0.134047
0.134098
0.134144
0.134185
0.134221
0.134253
0.134281
0.134306
0.134328
0.134346
0.134363
0.134377
0.134389
0.134399
0.134408
0.134415
0.134422
0.134427
0.134432
0.134435
0.134439
0.134441
0.134443
0.134445
0.134446
0.134447
0.134447
0.134447
0.134447
0.134446
0.134445
0.134443
0.134441
0.134439
0.134435
0.134432
0.134427
0.134422
0.134415
0.134408
0.134399
0.134389
0.134377
0.134363
0.134346
0.134328
0.134306
0.134281
0.134253
0.134221
0.134185
0.134144
0.134098
0.134047
0.13399
0.133928
0.133859
0.143853
0.143925
0.14399
0.144049
0.144103
0.144151
0.144193
0.144231
0.144265
0.144295
0.144321
0.144343
0.144363
0.14438
0.144395
0.144407
0.144418
0.144427
0.144435
0.144442
0.144448
0.144453
0.144457
0.14446
0.144463
0.144465
0.144467
0.144468
0.144469
0.144469
0.144469
0.144469
0.144468
0.144467
0.144465
0.144463
0.14446
0.144457
0.144453
0.144448
0.144442
0.144435
0.144427
0.144418
0.144407
0.144395
0.14438
0.144363
0.144343
0.144321
0.144295
0.144265
0.144231
0.144193
0.144151
0.144103
0.144049
0.14399
0.143925
0.143853
0.153979
0.154054
0.154122
0.154184
0.15424
0.154289
0.154334
0.154374
0.154409
0.15444
0.154467
0.154491
0.154511
0.154529
0.154545
0.154558
0.154569
0.154579
0.154588
0.154595
0.154601
0.154606
0.15461
0.154614
0.154617
0.154619
0.154621
0.154622
0.154623
0.154623
0.154623
0.154623
0.154622
0.154621
0.154619
0.154617
0.154614
0.15461
0.154606
0.154601
0.154595
0.154588
0.154579
0.154569
0.154558
0.154545
0.154529
0.154511
0.154491
0.154467
0.15444
0.154409
0.154374
0.154334
0.154289
0.15424
0.154184
0.154122
0.154054
0.153979
0.164236
0.164314
0.164385
0.164449
0.164506
0.164558
0.164605
0.164646
0.164683
0.164715
0.164744
0.164768
0.16479
0.164809
0.164825
0.164839
0.164851
0.164861
0.16487
0.164878
0.164884
0.164889
0.164894
0.164898
0.164901
0.164903
0.164905
0.164906
0.164907
0.164908
0.164908
0.164907
0.164906
0.164905
0.164903
0.164901
0.164898
0.164894
0.164889
0.164884
0.164878
0.16487
0.164861
0.164851
0.164839
0.164825
0.164809
0.16479
0.164768
0.164744
0.164715
0.164683
0.164646
0.164605
0.164558
0.164506
0.164449
0.164385
0.164314
0.164236
0.174621
0.174702
0.174775
0.174841
0.174901
0.174955
0.175004
0.175047
0.175085
0.175119
0.175148
0.175174
0.175197
0.175216
0.175233
0.175248
0.175261
0.175271
0.175281
0.175289
0.175295
0.175301
0.175306
0.17531
0.175313
0.175315
0.175317
0.175319
0.17532
0.17532
0.17532
0.17532
0.175319
0.175317
0.175315
0.175313
0.17531
0.175306
0.175301
0.175295
0.175289
0.175281
0.175271
0.175261
0.175248
0.175233
0.175216
0.175197
0.175174
0.175148
0.175119
0.175085
0.175047
0.175004
0.174955
0.174901
0.174841
0.174775
0.174702
0.174621
0.185132
0.185215
0.185291
0.18536
0.185422
0.185478
0.185528
0.185573
0.185613
0.185648
0.185679
0.185706
0.185729
0.18575
0.185767
0.185783
0.185796
0.185807
0.185817
0.185825
0.185832
0.185838
0.185843
0.185847
0.185851
0.185853
0.185856
0.185857
0.185858
0.185859
0.185859
0.185858
0.185857
0.185856
0.185853
0.185851
0.185847
0.185843
0.185838
0.185832
0.185825
0.185817
0.185807
0.185796
0.185783
0.185767
0.18575
0.185729
0.185706
0.185679
0.185648
0.185613
0.185573
0.185528
0.185478
0.185422
0.18536
0.185291
0.185215
0.185132
0.195766
0.195852
0.195931
0.196002
0.196066
0.196124
0.196176
0.196223
0.196264
0.1963
0.196332
0.196361
0.196385
0.196406
0.196425
0.196441
0.196455
0.196467
0.196477
0.196486
0.196493
0.196499
0.196505
0.196509
0.196512
0.196515
0.196517
0.196519
0.19652
0.196521
0.196521
0.19652
0.196519
0.196517
0.196515
0.196512
0.196509
0.196505
0.196499
0.196493
0.196486
0.196477
0.196467
0.196455
0.196441
0.196425
0.196406
0.196385
0.196361
0.196332
0.1963
0.196264
0.196223
0.196176
0.196124
0.196066
0.196002
0.195931
0.195852
0.195766
0.206522
0.206611
0.206692
0.206765
0.206832
0.206892
0.206946
0.206994
0.207036
0.207074
0.207107
0.207137
0.207162
0.207184
0.207204
0.207221
0.207235
0.207247
0.207258
0.207267
0.207275
0.207282
0.207287
0.207292
0.207295
0.207298
0.207301
0.207302
0.207303
0.207304
0.207304
0.207303
0.207302
0.207301
0.207298
0.207295
0.207292
0.207287
0.207282
0.207275
0.207267
0.207258
0.207247
0.207235
0.207221
0.207204
0.207184
0.207162
0.207137
0.207107
0.207074
0.207036
0.206994
0.206946
0.206892
0.206832
0.206765
0.206692
0.206611
0.206522
0.217397
0.217488
0.217572
0.217648
0.217716
0.217778
0.217834
0.217883
0.217928
0.217967
0.218001
0.218032
0.218058
0.218081
0.218101
0.218119
0.218134
0.218147
0.218158
0.218168
0.218176
0.218183
0.218189
0.218193
0.218197
0.2182
0.218203
0.218205
0.218206
0.218206
0.218206
0.218206
0.218205
0.218203
0.2182
0.218197
0.218193
0.218189
0.218183
0.218176
0.218168
0.218158
0.218147
0.218134
0.218119
0.218101
0.218081
0.218058
0.218032
0.218001
0.217967
0.217928
0.217883
0.217834
0.217778
0.217716
0.217648
0.217572
0.217488
0.217397
0.228389
0.228483
0.228569
0.228647
0.228717
0.228781
0.228839
0.22889
0.228936
0.228976
0.229012
0.229043
0.229071
0.229095
0.229116
0.229134
0.22915
0.229163
0.229175
0.229185
0.229193
0.229201
0.229207
0.229212
0.229216
0.229219
0.229222
0.229224
0.229225
0.229225
0.229225
0.229225
0.229224
0.229222
0.229219
0.229216
0.229212
0.229207
0.229201
0.229193
0.229185
0.229175
0.229163
0.22915
0.229134
0.229116
0.229095
0.229071
0.229043
0.229012
0.228976
0.228936
0.22889
0.228839
0.228781
0.228717
0.228647
0.228569
0.228483
0.228389
0.239496
0.239592
0.23968
0.23976
0.239833
0.239899
0.239958
0.240011
0.240058
0.2401
0.240137
0.240169
0.240198
0.240223
0.240245
0.240263
0.24028
0.240294
0.240306
0.240317
0.240325
0.240333
0.240339
0.240345
0.240349
0.240352
0.240355
0.240357
0.240358
0.240359
0.240359
0.240358
0.240357
0.240355
0.240352
0.240349
0.240345
0.240339
0.240333
0.240325
0.240317
0.240306
0.240294
0.24028
0.240263
0.240245
0.240223
0.240198
0.240169
0.240137
0.2401
0.240058
0.240011
0.239958
0.239899
0.239833
0.23976
0.23968
0.239592
0.239496
0.250715
0.250813
0.250904
0.250986
0.251061
0.251128
0.251189
0.251244
0.251292
0.251335
0.251374
0.251407
0.251437
0.251463
0.251485
0.251505
0.251522
0.251537
0.25155
0.25156
0.25157
0.251578
0.251584
0.25159
0.251594
0.251598
0.251601
0.251603
0.251604
0.251605
0.251605
0.251604
0.251603
0.251601
0.251598
0.251594
0.25159
0.251584
0.251578
0.25157
0.25156
0.25155
0.251537
0.251522
0.251505
0.251485
0.251463
0.251437
0.251407
0.251374
0.251335
0.251292
0.251244
0.251189
0.251128
0.251061
0.250986
0.250904
0.250813
0.250715
0.262044
0.262145
0.262238
0.262322
0.262399
0.262468
0.262531
0.262587
0.262637
0.262681
0.262721
0.262756
0.262786
0.262813
0.262836
0.262857
0.262874
0.26289
0.262903
0.262914
0.262924
0.262932
0.262939
0.262945
0.26295
0.262953
0.262956
0.262958
0.26296
0.262961
0.262961
0.26296
0.262958
0.262956
0.262953
0.26295
0.262945
0.262939
0.262932
0.262924
0.262914
0.262903
0.26289
0.262874
0.262857
0.262836
0.262813
0.262786
0.262756
0.262721
0.262681
0.262637
0.262587
0.262531
0.262468
0.262399
0.262322
0.262238
0.262145
0.262044
0.273482
0.273585
0.27368
0.273766
0.273845
0.273916
0.27398
0.274038
0.274089
0.274135
0.274176
0.274212
0.274243
0.274271
0.274295
0.274316
0.274335
0.27435
0.274364
0.274376
0.274386
0.274395
0.274402
0.274408
0.274413
0.274417
0.27442
0.274422
0.274424
0.274424
0.274424
0.274424
0.274422
0.27442
0.274417
0.274413
0.274408
0.274402
0.274395
0.274386
0.274376
0.274364
0.27435
0.274335
0.274316
0.274295
0.274271
0.274243
0.274212
0.274176
0.274135
0.274089
0.274038
0.27398
0.273916
0.273845
0.273766
0.27368
0.273585
0.273482
0.285027
0.285132
0.285228
0.285317
0.285397
0.28547
0.285536
0.285595
0.285648
0.285695
0.285737
0.285774
0.285806
0.285835
0.28586
0.285882
0.285901
0.285917
0.285931
0.285944
0.285954
0.285963
0.285971
0.285977
0.285982
0.285986
0.285989
0.285992
0.285993
0.285994
0.285994
0.285993
0.285992
0.285989
0.285986
0.285982
0.285977
0.285971
0.285963
0.285954
0.285944
0.285931
0.285917
0.285901
0.285882
0.28586
0.285835
0.285806
0.285774
0.285737
0.285695
0.285648
0.285595
0.285536
0.28547
0.285397
0.285317
0.285228
0.285132
0.285027
0.296676
0.296783
0.296881
0.296971
0.297054
0.297128
0.297195
0.297256
0.29731
0.297358
0.297401
0.297439
0.297473
0.297503
0.297528
0.297551
0.297571
0.297588
0.297603
0.297615
0.297626
0.297636
0.297643
0.29765
0.297655
0.29766
0.297663
0.297665
0.297667
0.297668
0.297668
0.297667
0.297665
0.297663
0.29766
0.297655
0.29765
0.297643
0.297636
0.297626
0.297615
0.297603
0.297588
0.297571
0.297551
0.297528
0.297503
0.297473
0.297439
0.297401
0.297358
0.29731
0.297256
0.297195
0.297128
0.297054
0.296971
0.296881
0.296783
0.296676
0.308428
0.308537
0.308637
0.308729
0.308812
0.308888
0.308957
0.309019
0.309075
0.309124
0.309168
0.309208
0.309242
0.309273
0.309299
0.309323
0.309343
0.309361
0.309376
0.309389
0.309401
0.30941
0.309418
0.309425
0.309431
0.309435
0.309439
0.309441
0.309443
0.309444
0.309444
0.309443
0.309441
0.309439
0.309435
0.309431
0.309425
0.309418
0.30941
0.309401
0.309389
0.309376
0.309361
0.309343
0.309323
0.309299
0.309273
0.309242
0.309208
0.309168
0.309124
0.309075
0.309019
0.308957
0.308888
0.308812
0.308729
0.308637
0.308537
0.308428
0.320281
0.320391
0.320493
0.320587
0.320672
0.32075
0.32082
0.320883
0.32094
0.320991
0.321036
0.321076
0.321112
0.321143
0.321171
0.321195
0.321216
0.321234
0.32125
0.321264
0.321275
0.321285
0.321294
0.321301
0.321307
0.321311
0.321315
0.321318
0.321319
0.32132
0.32132
0.321319
0.321318
0.321315
0.321311
0.321307
0.321301
0.321294
0.321285
0.321275
0.321264
0.32125
0.321234
0.321216
0.321195
0.321171
0.321143
0.321112
0.321076
0.321036
0.320991
0.32094
0.320883
0.32082
0.32075
0.320672
0.320587
0.320493
0.320391
0.320281
0.332233
0.332345
0.332449
0.332544
0.332631
0.33271
0.332782
0.332846
0.332904
0.332956
0.333003
0.333044
0.33308
0.333112
0.333141
0.333166
0.333187
0.333206
0.333223
0.333237
0.333249
0.333259
0.333268
0.333275
0.333281
0.333286
0.33329
0.333293
0.333295
0.333296
0.333296
0.333295
0.333293
0.33329
0.333286
0.333281
0.333275
0.333268
0.333259
0.333249
0.333237
0.333223
0.333206
0.333187
0.333166
0.333141
0.333112
0.33308
0.333044
0.333003
0.332956
0.332904
0.332846
0.332782
0.33271
0.332631
0.332544
0.332449
0.332345
0.332233
0.344284
0.344398
0.344503
0.344599
0.344687
0.344768
0.344841
0.344907
0.344966
0.345019
0.345067
0.345109
0.345146
0.345179
0.345208
0.345234
0.345256
0.345276
0.345293
0.345307
0.34532
0.345331
0.34534
0.345347
0.345354
0.345359
0.345363
0.345366
0.345367
0.345368
0.345368
0.345367
0.345366
0.345363
0.345359
0.345354
0.345347
0.34534
0.345331
0.34532
0.345307
0.345293
0.345276
0.345256
0.345234
0.345208
0.345179
0.345146
0.345109
0.345067
0.345019
0.344966
0.344907
0.344841
0.344768
0.344687
0.344599
0.344503
0.344398
0.344284
0.356432
0.356547
0.356653
0.356751
0.356841
0.356923
0.356997
0.357064
0.357124
0.357179
0.357227
0.35727
0.357309
0.357342
0.357372
0.357399
0.357422
0.357442
0.357459
0.357474
0.357487
0.357498
0.357508
0.357516
0.357522
0.357527
0.357531
0.357534
0.357536
0.357537
0.357537
0.357536
0.357534
0.357531
0.357527
0.357522
0.357516
0.357508
0.357498
0.357487
0.357474
0.357459
0.357442
0.357422
0.357399
0.357372
0.357342
0.357309
0.35727
0.357227
0.357179
0.357124
0.357064
0.356997
0.356923
0.356841
0.356751
0.356653
0.356547
0.356432
0.368675
0.368792
0.3689
0.368999
0.36909
0.369173
0.369248
0.369316
0.369378
0.369433
0.369483
0.369527
0.369566
0.369601
0.369631
0.369658
0.369682
0.369703
0.36972
0.369736
0.369749
0.369761
0.369771
0.369779
0.369786
0.369791
0.369795
0.369798
0.3698
0.369801
0.369801
0.3698
0.369798
0.369795
0.369791
0.369786
0.369779
0.369771
0.369761
0.369749
0.369736
0.36972
0.369703
0.369682
0.369658
0.369631
0.369601
0.369566
0.369527
0.369483
0.369433
0.369378
0.369316
0.369248
0.369173
0.36909
0.368999
0.3689
0.368792
0.368675
0.381014
0.381132
0.381241
0.381341
0.381433
0.381517
0.381594
0.381663
0.381726
0.381782
0.381832
0.381877
0.381917
0.381953
0.381984
0.382012
0.382036
0.382058
0.382076
0.382092
0.382106
0.382118
0.382128
0.382136
0.382143
0.382149
0.382153
0.382156
0.382159
0.38216
0.38216
0.382159
0.382156
0.382153
0.382149
0.382143
0.382136
0.382128
0.382118
0.382106
0.382092
0.382076
0.382058
0.382036
0.382012
0.381984
0.381953
0.381917
0.381877
0.381832
0.381782
0.381726
0.381663
0.381594
0.381517
0.381433
0.381341
0.381241
0.381132
0.381014
0.393448
0.393566
0.393676
0.393777
0.393871
0.393956
0.394033
0.394104
0.394167
0.394224
0.394276
0.394322
0.394363
0.394399
0.394431
0.394459
0.394484
0.394506
0.394525
0.394541
0.394556
0.394568
0.394578
0.394587
0.394594
0.3946
0.394605
0.394608
0.39461
0.394611
0.394611
0.39461
0.394608
0.394605
0.3946
0.394594
0.394587
0.394578
0.394568
0.394556
0.394541
0.394525
0.394506
0.394484
0.394459
0.394431
0.394399
0.394363
0.394322
0.394276
0.394224
0.394167
0.394104
0.394033
0.393956
0.393871
0.393777
0.393676
0.393566
0.393448
0.405975
0.406094
0.406205
0.406307
0.406401
0.406488
0.406566
0.406637
0.406702
0.40676
0.406812
0.406859
0.406901
0.406938
0.40697
0.406999
0.407025
0.407047
0.407067
0.407084
0.407098
0.407111
0.407122
0.407131
0.407138
0.407144
0.407149
0.407152
0.407154
0.407155
0.407155
0.407154
0.407152
0.407149
0.407144
0.407138
0.407131
0.407122
0.407111
0.407098
0.407084
0.407067
0.407047
0.407025
0.406999
0.40697
0.406938
0.406901
0.406859
0.406812
0.40676
0.406702
0.406637
0.406566
0.406488
0.406401
0.406307
0.406205
0.406094
0.405975
0.418596
0.418716
0.418828
0.418931
0.419026
0.419113
0.419192
0.419264
0.419329
0.419388
0.419441
0.419489
0.419531
0.419569
0.419603
0.419632
0.419658
0.419681
0.419701
0.419718
0.419733
0.419746
0.419757
0.419767
0.419774
0.41978
0.419785
0.419789
0.419791
0.419792
0.419792
0.419791
0.419789
0.419785
0.41978
0.419774
0.419767
0.419757
0.419746
0.419733
0.419718
0.419701
0.419681
0.419658
0.419632
0.419603
0.419569
0.419531
0.419489
0.419441
0.419388
0.419329
0.419264
0.419192
0.419113
0.419026
0.418931
0.418828
0.418716
0.418596
0.431311
0.431432
0.431544
0.431648
0.431743
0.431831
0.431911
0.431984
0.43205
0.43211
0.432163
0.432212
0.432255
0.432293
0.432327
0.432357
0.432384
0.432407
0.432428
0.432446
0.432461
0.432474
0.432486
0.432495
0.432503
0.432509
0.432514
0.432518
0.43252
0.432522
0.432522
0.43252
0.432518
0.432514
0.432509
0.432503
0.432495
0.432486
0.432474
0.432461
0.432446
0.432428
0.432407
0.432384
0.432357
0.432327
0.432293
0.432255
0.432212
0.432163
0.43211
0.43205
0.431984
0.431911
0.431831
0.431743
0.431648
0.431544
0.431432
0.431311
0.44412
0.444241
0.444354
0.444458
0.444554
0.444642
0.444723
0.444797
0.444864
0.444924
0.444978
0.445027
0.445071
0.44511
0.445145
0.445176
0.445203
0.445227
0.445247
0.445266
0.445281
0.445295
0.445307
0.445316
0.445325
0.445331
0.445336
0.44534
0.445342
0.445344
0.445344
0.445342
0.44534
0.445336
0.445331
0.445325
0.445316
0.445307
0.445295
0.445281
0.445266
0.445247
0.445227
0.445203
0.445176
0.445145
0.44511
0.445071
0.445027
0.444978
0.444924
0.444864
0.444797
0.444723
0.444642
0.444554
0.444458
0.444354
0.444241
0.44412
0.457023
0.457145
0.457258
0.457362
0.457459
0.457548
0.457629
0.457703
0.457771
0.457832
0.457887
0.457936
0.457981
0.45802
0.458056
0.458087
0.458115
0.458139
0.45816
0.458179
0.458195
0.458209
0.458221
0.458231
0.458239
0.458246
0.458251
0.458255
0.458257
0.458259
0.458259
0.458257
0.458255
0.458251
0.458246
0.458239
0.458231
0.458221
0.458209
0.458195
0.458179
0.45816
0.458139
0.458115
0.458087
0.458056
0.45802
0.457981
0.457936
0.457887
0.457832
0.457771
0.457703
0.457629
0.457548
0.457459
0.457362
0.457258
0.457145
0.457023
0.470022
0.470144
0.470257
0.470362
0.470459
0.470548
0.47063
0.470705
0.470773
0.470834
0.47089
0.47094
0.470985
0.471025
0.471061
0.471092
0.47112
0.471145
0.471167
0.471186
0.471202
0.471217
0.471229
0.471239
0.471248
0.471255
0.47126
0.471264
0.471266
0.471268
0.471268
0.471266
0.471264
0.47126
0.471255
0.471248
0.471239
0.471229
0.471217
0.471202
0.471186
0.471167
0.471145
0.47112
0.471092
0.471061
0.471025
0.470985
0.47094
0.47089
0.470834
0.470773
0.470705
0.47063
0.470548
0.470459
0.470362
0.470257
0.470144
0.470022
0.483118
0.48324
0.483353
0.483458
0.483555
0.483644
0.483727
0.483802
0.48387
0.483932
0.483988
0.484038
0.484084
0.484124
0.484161
0.484193
0.484222
0.484247
0.484269
0.484288
0.484305
0.48432
0.484332
0.484342
0.484351
0.484358
0.484364
0.484368
0.48437
0.484372
0.484372
0.48437
0.484368
0.484364
0.484358
0.484351
0.484342
0.484332
0.48432
0.484305
0.484288
0.484269
0.484247
0.484222
0.484193
0.484161
0.484124
0.484084
0.484038
0.483988
0.483932
0.48387
0.483802
0.483727
0.483644
0.483555
0.483458
0.483353
0.48324
0.483118
0.496312
0.496433
0.496546
0.496651
0.496749
0.496838
0.49692
0.496996
0.497064
0.497127
0.497183
0.497234
0.49728
0.497321
0.497358
0.49739
0.497419
0.497445
0.497467
0.497487
0.497504
0.497519
0.497531
0.497542
0.497551
0.497558
0.497564
0.497568
0.497571
0.497572
0.497572
0.497571
0.497568
0.497564
0.497558
0.497551
0.497542
0.497531
0.497519
0.497504
0.497487
0.497467
0.497445
0.497419
0.49739
0.497358
0.497321
0.49728
0.497234
0.497183
0.497127
0.497064
0.496996
0.49692
0.496838
0.496749
0.496651
0.496546
0.496433
0.496312
0.509606
0.509727
0.50984
0.509945
0.510042
0.510131
0.510214
0.510289
0.510358
0.51042
0.510477
0.510528
0.510575
0.510616
0.510653
0.510686
0.510715
0.510741
0.510764
0.510784
0.510801
0.510816
0.510829
0.51084
0.510849
0.510857
0.510862
0.510867
0.510869
0.510871
0.510871
0.510869
0.510867
0.510862
0.510857
0.510849
0.51084
0.510829
0.510816
0.510801
0.510784
0.510764
0.510741
0.510715
0.510686
0.510653
0.510616
0.510575
0.510528
0.510477
0.51042
0.510358
0.510289
0.510214
0.510131
0.510042
0.509945
0.50984
0.509727
0.509606
0.523003
0.523123
0.523235
0.52334
0.523436
0.523526
0.523608
0.523684
0.523752
0.523815
0.523872
0.523924
0.52397
0.524012
0.524049
0.524082
0.524112
0.524138
0.524161
0.524182
0.524199
0.524214
0.524228
0.524239
0.524248
0.524255
0.524261
0.524265
0.524268
0.52427
0.52427
0.524268
0.524265
0.524261
0.524255
0.524248
0.524239
0.524228
0.524214
0.524199
0.524182
0.524161
0.524138
0.524112
0.524082
0.524049
0.524012
0.52397
0.523924
0.523872
0.523815
0.523752
0.523684
0.523608
0.523526
0.523436
0.52334
0.523235
0.523123
0.523003
0.536505
0.536624
0.536735
0.536839
0.536936
0.537025
0.537107
0.537182
0.537251
0.537314
0.537371
0.537422
0.537469
0.537511
0.537549
0.537582
0.537612
0.537638
0.537662
0.537682
0.5377
0.537716
0.537729
0.53774
0.537749
0.537757
0.537763
0.537767
0.53777
0.537772
0.537772
0.53777
0.537767
0.537763
0.537757
0.537749
0.53774
0.537729
0.537716
0.5377
0.537682
0.537662
0.537638
0.537612
0.537582
0.537549
0.537511
0.537469
0.537422
0.537371
0.537314
0.537251
0.537182
0.537107
0.537025
0.536936
0.536839
0.536735
0.536624
0.536505
0.550114
0.550233
0.550343
0.550446
0.550542
0.550631
0.550713
0.550788
0.550856
0.550919
0.550976
0.551028
0.551075
0.551117
0.551154
0.551188
0.551218
0.551245
0.551268
0.551289
0.551307
0.551323
0.551336
0.551348
0.551357
0.551365
0.551371
0.551375
0.551378
0.55138
0.55138
0.551378
0.551375
0.551371
0.551365
0.551357
0.551348
0.551336
0.551323
0.551307
0.551289
0.551268
0.551245
0.551218
0.551188
0.551154
0.551117
0.551075
0.551028
0.550976
0.550919
0.550856
0.550788
0.550713
0.550631
0.550542
0.550446
0.550343
0.550233
0.550114
0.563836
0.563953
0.564063
0.564165
0.56426
0.564348
0.564429
0.564504
0.564572
0.564635
0.564692
0.564743
0.56479
0.564832
0.56487
0.564904
0.564934
0.564961
0.564985
0.565006
0.565024
0.56504
0.565053
0.565065
0.565074
0.565082
0.565088
0.565093
0.565096
0.565097
0.565097
0.565096
0.565093
0.565088
0.565082
0.565074
0.565065
0.565053
0.56504
0.565024
0.565006
0.564985
0.564961
0.564934
0.564904
0.56487
0.564832
0.56479
0.564743
0.564692
0.564635
0.564572
0.564504
0.564429
0.564348
0.56426
0.564165
0.564063
0.563953
0.563836
0.577674
0.577789
0.577898
0.577999
0.578093
0.57818
0.578261
0.578335
0.578403
0.578465
0.578522
0.578573
0.57862
0.578662
0.5787
0.578734
0.578764
0.578791
0.578815
0.578836
0.578854
0.57887
0.578884
0.578895
0.578905
0.578913
0.578919
0.578924
0.578927
0.578928
0.578928
0.578927
0.578924
0.578919
0.578913
0.578905
0.578895
0.578884
0.57887
0.578854
0.578836
0.578815
0.578791
0.578764
0.578734
0.5787
0.578662
0.57862
0.578573
0.578522
0.578465
0.578403
0.578335
0.578261
0.57818
0.578093
0.577999
0.577898
0.577789
0.577674
0.591632
0.591746
0.591853
0.591953
0.592046
0.592132
0.592212
0.592285
0.592353
0.592414
0.592471
0.592522
0.592568
0.59261
0.592648
0.592682
0.592712
0.592739
0.592763
0.592784
0.592803
0.592819
0.592832
0.592844
0.592854
0.592862
0.592868
0.592873
0.592876
0.592877
0.592877
0.592876
0.592873
0.592868
0.592862
0.592854
0.592844
0.592832
0.592819
0.592803
0.592784
0.592763
0.592739
0.592712
0.592682
0.592648
0.59261
0.592568
0.592522
0.592471
0.592414
0.592353
0.592285
0.592212
0.592132
0.592046
0.591953
0.591853
0.591746
0.591632
0.605716
0.605828
0.605933
0.606032
0.606123
0.606208
0.606287
0.60636
0.606427
0.606488
0.606544
0.606595
0.606641
0.606683
0.60672
0.606754
0.606784
0.606811
0.606835
0.606856
0.606874
0.606891
0.606904
0.606916
0.606926
0.606934
0.60694
0.606945
0.606948
0.606949
0.606949
0.606948
0.606945
0.60694
0.606934
0.606926
0.606916
0.606904
0.606891
0.606874
0.606856
0.606835
0.606811
0.606784
0.606754
0.60672
0.606683
0.606641
0.606595
0.606544
0.606488
0.606427
0.60636
0.606287
0.606208
0.606123
0.606032
0.605933
0.605828
0.605716
0.619931
0.620042
0.620145
0.620242
0.620332
0.620416
0.620493
0.620565
0.620631
0.620692
0.620747
0.620797
0.620843
0.620884
0.620922
0.620955
0.620985
0.621012
0.621036
0.621057
0.621075
0.621091
0.621105
0.621117
0.621127
0.621135
0.621141
0.621146
0.621149
0.62115
0.62115
0.621149
0.621146
0.621141
0.621135
0.621127
0.621117
0.621105
0.621091
0.621075
0.621057
0.621036
0.621012
0.620985
0.620955
0.620922
0.620884
0.620843
0.620797
0.620747
0.620692
0.620631
0.620565
0.620493
0.620416
0.620332
0.620242
0.620145
0.620042
0.619931
0.634285
0.634393
0.634494
0.634589
0.634678
0.63476
0.634836
0.634907
0.634972
0.635032
0.635086
0.635136
0.635181
0.635222
0.635259
0.635293
0.635322
0.635349
0.635373
0.635394
0.635412
0.635428
0.635442
0.635453
0.635463
0.635471
0.635478
0.635482
0.635485
0.635487
0.635487
0.635485
0.635482
0.635478
0.635471
0.635463
0.635453
0.635442
0.635428
0.635412
0.635394
0.635373
0.635349
0.635322
0.635293
0.635259
0.635222
0.635181
0.635136
0.635086
0.635032
0.634972
0.634907
0.634836
0.63476
0.634678
0.634589
0.634494
0.634393
0.634285
0.648784
0.64889
0.648989
0.649081
0.649168
0.649249
0.649324
0.649393
0.649457
0.649515
0.649569
0.649618
0.649663
0.649703
0.64974
0.649773
0.649802
0.649829
0.649852
0.649873
0.649891
0.649907
0.649921
0.649932
0.649942
0.64995
0.649956
0.649961
0.649964
0.649966
0.649966
0.649964
0.649961
0.649956
0.64995
0.649942
0.649932
0.649921
0.649907
0.649891
0.649873
0.649852
0.649829
0.649802
0.649773
0.64974
0.649703
0.649663
0.649618
0.649569
0.649515
0.649457
0.649393
0.649324
0.649249
0.649168
0.649081
0.648989
0.64889
0.648784
0.663437
0.663539
0.663636
0.663726
0.663811
0.66389
0.663963
0.664031
0.664093
0.664151
0.664203
0.664252
0.664295
0.664335
0.664371
0.664404
0.664433
0.664459
0.664482
0.664503
0.664521
0.664536
0.66455
0.664562
0.664571
0.664579
0.664585
0.66459
0.664593
0.664595
0.664595
0.664593
0.66459
0.664585
0.664579
0.664571
0.664562
0.66455
0.664536
0.664521
0.664503
0.664482
0.664459
0.664433
0.664404
0.664371
0.664335
0.664295
0.664252
0.664203
0.664151
0.664093
0.664031
0.663963
0.66389
0.663811
0.663726
0.663636
0.663539
0.663437
0.678251
0.678351
0.678445
0.678533
0.678615
0.678692
0.678763
0.678829
0.67889
0.678946
0.678998
0.679045
0.679088
0.679127
0.679162
0.679194
0.679223
0.679249
0.679271
0.679292
0.679309
0.679325
0.679338
0.67935
0.679359
0.679367
0.679373
0.679378
0.679381
0.679383
0.679383
0.679381
0.679378
0.679373
0.679367
0.679359
0.67935
0.679338
0.679325
0.679309
0.679292
0.679271
0.679249
0.679223
0.679194
0.679162
0.679127
0.679088
0.679045
0.678998
0.678946
0.67889
0.678829
0.678763
0.678692
0.678615
0.678533
0.678445
0.678351
0.678251
0.693237
0.693334
0.693425
0.69351
0.69359
0.693664
0.693734
0.693798
0.693857
0.693912
0.693962
0.694008
0.69405
0.694088
0.694123
0.694154
0.694182
0.694207
0.69423
0.694249
0.694267
0.694282
0.694295
0.694307
0.694316
0.694324
0.69433
0.694334
0.694337
0.694339
0.694339
0.694337
0.694334
0.69433
0.694324
0.694316
0.694307
0.694295
0.694282
0.694267
0.694249
0.69423
0.694207
0.694182
0.694154
0.694123
0.694088
0.69405
0.694008
0.693962
0.693912
0.693857
0.693798
0.693734
0.693664
0.69359
0.69351
0.693425
0.693334
0.693237
0.708406
0.708499
0.708587
0.708669
0.708746
0.708818
0.708885
0.708947
0.709005
0.709058
0.709107
0.709151
0.709192
0.709229
0.709263
0.709293
0.709321
0.709345
0.709367
0.709387
0.709404
0.709419
0.709432
0.709443
0.709452
0.70946
0.709466
0.70947
0.709473
0.709474
0.709474
0.709473
0.70947
0.709466
0.70946
0.709452
0.709443
0.709432
0.709419
0.709404
0.709387
0.709367
0.709345
0.709321
0.709293
0.709263
0.709229
0.709192
0.709151
0.709107
0.709058
0.709005
0.708947
0.708885
0.708818
0.708746
0.708669
0.708587
0.708499
0.708406
0.723768
0.723858
0.723942
0.724021
0.724095
0.724165
0.724229
0.724289
0.724345
0.724396
0.724443
0.724486
0.724526
0.724562
0.724594
0.724624
0.72465
0.724674
0.724696
0.724715
0.724731
0.724746
0.724758
0.724769
0.724778
0.724786
0.724792
0.724796
0.724799
0.7248
0.7248
0.724799
0.724796
0.724792
0.724786
0.724778
0.724769
0.724758
0.724746
0.724731
0.724715
0.724696
0.724674
0.72465
0.724624
0.724594
0.724562
0.724526
0.724486
0.724443
0.724396
0.724345
0.724289
0.724229
0.724165
0.724095
0.724021
0.723942
0.723858
0.723768
0.739337
0.739423
0.739503
0.739579
0.73965
0.739716
0.739778
0.739836
0.739889
0.739938
0.739984
0.740025
0.740063
0.740098
0.74013
0.740158
0.740184
0.740207
0.740228
0.740246
0.740262
0.740276
0.740288
0.740299
0.740308
0.740315
0.740321
0.740325
0.740328
0.740329
0.740329
0.740328
0.740325
0.740321
0.740315
0.740308
0.740299
0.740288
0.740276
0.740262
0.740246
0.740228
0.740207
0.740184
0.740158
0.74013
0.740098
0.740063
0.740025
0.739984
0.739938
0.739889
0.739836
0.739778
0.739716
0.73965
0.739579
0.739503
0.739423
0.739337
0.755126
0.755208
0.755284
0.755356
0.755424
0.755487
0.755547
0.755601
0.755652
0.755699
0.755743
0.755783
0.755819
0.755852
0.755883
0.75591
0.755935
0.755957
0.755977
0.755994
0.75601
0.756024
0.756035
0.756046
0.756054
0.756061
0.756067
0.756071
0.756073
0.756075
0.756075
0.756073
0.756071
0.756067
0.756061
0.756054
0.756046
0.756035
0.756024
0.75601
0.755994
0.755977
0.755957
0.755935
0.75591
0.755883
0.755852
0.755819
0.755783
0.755743
0.755699
0.755652
0.755601
0.755547
0.755487
0.755424
0.755356
0.755284
0.755208
0.755126
0.771151
0.771228
0.7713
0.771369
0.771433
0.771493
0.771549
0.771601
0.771649
0.771694
0.771735
0.771773
0.771808
0.771839
0.771868
0.771894
0.771918
0.771939
0.771958
0.771975
0.77199
0.772003
0.772015
0.772024
0.772032
0.772039
0.772044
0.772048
0.772051
0.772052
0.772052
0.772051
0.772048
0.772044
0.772039
0.772032
0.772024
0.772015
0.772003
0.77199
0.771975
0.771958
0.771939
0.771918
0.771894
0.771868
0.771839
0.771808
0.771773
0.771735
0.771694
0.771649
0.771601
0.771549
0.771493
0.771433
0.771369
0.7713
0.771228
0.771151
0.787428
0.7875
0.787568
0.787632
0.787692
0.787749
0.787802
0.787851
0.787896
0.787938
0.787977
0.788013
0.788046
0.788076
0.788103
0.788128
0.78815
0.788171
0.788189
0.788205
0.788219
0.788231
0.788242
0.788251
0.788259
0.788265
0.78827
0.788274
0.788277
0.788278
0.788278
0.788277
0.788274
0.78827
0.788265
0.788259
0.788251
0.788242
0.788231
0.788219
0.788205
0.788189
0.788171
0.78815
0.788128
0.788103
0.788076
0.788046
0.788013
0.787977
0.787938
0.787896
0.787851
0.787802
0.787749
0.787692
0.787632
0.787568
0.7875
0.787428
0.803974
0.804041
0.804105
0.804165
0.804221
0.804274
0.804323
0.804369
0.804411
0.804451
0.804487
0.804521
0.804551
0.80458
0.804605
0.804628
0.804649
0.804668
0.804685
0.8047
0.804714
0.804726
0.804736
0.804744
0.804752
0.804758
0.804763
0.804766
0.804768
0.80477
0.80477
0.804768
0.804766
0.804763
0.804758
0.804752
0.804744
0.804736
0.804726
0.804714
0.8047
0.804685
0.804668
0.804649
0.804628
0.804605
0.80458
0.804551
0.804521
0.804487
0.804451
0.804411
0.804369
0.804323
0.804274
0.804221
0.804165
0.804105
0.804041
0.803974
0.82081
0.820872
0.82093
0.820986
0.821038
0.821086
0.821132
0.821174
0.821214
0.82125
0.821284
0.821315
0.821344
0.82137
0.821394
0.821415
0.821435
0.821452
0.821468
0.821482
0.821495
0.821506
0.821515
0.821523
0.82153
0.821536
0.82154
0.821544
0.821546
0.821547
0.821547
0.821546
0.821544
0.82154
0.821536
0.82153
0.821523
0.821515
0.821506
0.821495
0.821482
0.821468
0.821452
0.821435
0.821415
0.821394
0.82137
0.821344
0.821315
0.821284
0.82125
0.821214
0.821174
0.821132
0.821086
0.821038
0.820986
0.82093
0.820872
0.82081
0.837956
0.838013
0.838066
0.838116
0.838164
0.838208
0.83825
0.838289
0.838325
0.838358
0.838389
0.838418
0.838444
0.838468
0.83849
0.83851
0.838528
0.838544
0.838558
0.838571
0.838583
0.838593
0.838602
0.838609
0.838616
0.838621
0.838625
0.838628
0.83863
0.838631
0.838631
0.83863
0.838628
0.838625
0.838621
0.838616
0.838609
0.838602
0.838593
0.838583
0.838571
0.838558
0.838544
0.838528
0.83851
0.83849
0.838468
0.838444
0.838418
0.838389
0.838358
0.838325
0.838289
0.83825
0.838208
0.838164
0.838116
0.838066
0.838013
0.837956
0.855436
0.855487
0.855535
0.85558
0.855623
0.855663
0.8557
0.855735
0.855768
0.855798
0.855826
0.855852
0.855875
0.855897
0.855917
0.855935
0.855951
0.855966
0.855979
0.855991
0.856001
0.85601
0.856018
0.856025
0.856031
0.856035
0.856039
0.856042
0.856044
0.856045
0.856045
0.856044
0.856042
0.856039
0.856035
0.856031
0.856025
0.856018
0.85601
0.856001
0.855991
0.855979
0.855966
0.855951
0.855935
0.855917
0.855897
0.855875
0.855852
0.855826
0.855798
0.855768
0.855735
0.8557
0.855663
0.855623
0.85558
0.855535
0.855487
0.855436
0.873274
0.873319
0.873362
0.873402
0.873439
0.873475
0.873508
0.873539
0.873568
0.873594
0.873619
0.873642
0.873663
0.873682
0.8737
0.873716
0.87373
0.873743
0.873755
0.873765
0.873775
0.873783
0.87379
0.873796
0.873801
0.873805
0.873808
0.873811
0.873813
0.873813
0.873813
0.873813
0.873811
0.873808
0.873805
0.873801
0.873796
0.87379
0.873783
0.873775
0.873765
0.873755
0.873743
0.87373
0.873716
0.8737
0.873682
0.873663
0.873642
0.873619
0.873594
0.873568
0.873539
0.873508
0.873475
0.873439
0.873402
0.873362
0.873319
0.873274
0.891499
0.891538
0.891574
0.891609
0.891641
0.891672
0.8917
0.891727
0.891752
0.891775
0.891796
0.891816
0.891834
0.891851
0.891866
0.89188
0.891892
0.891903
0.891914
0.891923
0.891931
0.891938
0.891944
0.891949
0.891954
0.891957
0.89196
0.891962
0.891964
0.891964
0.891964
0.891964
0.891962
0.89196
0.891957
0.891954
0.891949
0.891944
0.891938
0.891931
0.891923
0.891914
0.891903
0.891892
0.89188
0.891866
0.891851
0.891834
0.891816
0.891796
0.891775
0.891752
0.891727
0.8917
0.891672
0.891641
0.891609
0.891574
0.891538
0.891499
0.910141
0.910172
0.910202
0.910231
0.910258
0.910283
0.910307
0.910329
0.91035
0.910369
0.910387
0.910403
0.910419
0.910433
0.910445
0.910457
0.910467
0.910477
0.910485
0.910493
0.9105
0.910505
0.910511
0.910515
0.910519
0.910522
0.910524
0.910526
0.910527
0.910528
0.910528
0.910527
0.910526
0.910524
0.910522
0.910519
0.910515
0.910511
0.910505
0.9105
0.910493
0.910485
0.910477
0.910467
0.910457
0.910445
0.910433
0.910419
0.910403
0.910387
0.910369
0.91035
0.910329
0.910307
0.910283
0.910258
0.910231
0.910202
0.910172
0.910141
0.929233
0.929255
0.929278
0.929301
0.929322
0.929342
0.929361
0.929379
0.929395
0.92941
0.929424
0.929437
0.929449
0.92946
0.929471
0.92948
0.929488
0.929496
0.929502
0.929508
0.929514
0.929518
0.929523
0.929526
0.929529
0.929531
0.929533
0.929535
0.929536
0.929536
0.929536
0.929536
0.929535
0.929533
0.929531
0.929529
0.929526
0.929523
0.929518
0.929514
0.929508
0.929502
0.929496
0.929488
0.92948
0.929471
0.92946
0.929449
0.929437
0.929424
0.92941
0.929395
0.929379
0.929361
0.929342
0.929322
0.929301
0.929278
0.929255
0.929233
0.948808
0.948822
0.948837
0.948853
0.948869
0.948883
0.948897
0.94891
0.948922
0.948933
0.948943
0.948952
0.948961
0.948969
0.948977
0.948983
0.948989
0.948995
0.949
0.949004
0.949008
0.949011
0.949014
0.949017
0.949019
0.949021
0.949022
0.949023
0.949024
0.949024
0.949024
0.949024
0.949023
0.949022
0.949021
0.949019
0.949017
0.949014
0.949011
0.949008
0.949004
0.949
0.948995
0.948989
0.948983
0.948977
0.948969
0.948961
0.948952
0.948943
0.948933
0.948922
0.94891
0.948897
0.948883
0.948869
0.948853
0.948837
0.948822
0.948808
0.968901
0.968906
0.968914
0.968923
0.968933
0.968941
0.96895
0.968958
0.968965
0.968972
0.968978
0.968984
0.968989
0.968994
0.968998
0.969003
0.969006
0.96901
0.969013
0.969015
0.969018
0.96902
0.969022
0.969023
0.969024
0.969026
0.969026
0.969027
0.969027
0.969028
0.969028
0.969027
0.969027
0.969026
0.969026
0.969024
0.969023
0.969022
0.96902
0.969018
0.969015
0.969013
0.96901
0.969006
0.969003
0.968998
0.968994
0.968989
0.968984
0.968978
0.968972
0.968965
0.968958
0.96895
0.968941
0.968933
0.968923
0.968914
0.968906
0.968901
0.98954
0.989541
0.989543
0.989546
0.989549
0.989552
0.989555
0.989558
0.98956
0.989562
0.989565
0.989567
0.989568
0.98957
0.989571
0.989573
0.989574
0.989575
0.989576
0.989577
0.989578
0.989579
0.989579
0.98958
0.98958
0.989581
0.989581
0.989581
0.989581
0.989581
0.989581
0.989581
0.989581
0.989581
0.989581
0.98958
0.98958
0.989579
0.989579
0.989578
0.989577
0.989576
0.989575
0.989574
0.989573
0.989571
0.98957
0.989568
0.989567
0.989565
0.989562
0.98956
0.989558
0.989555
0.989552
0.989549
0.989546
0.989543
0.989541
0.98954
)
;

boundaryField
{
    top
    {
        type            fixedValue;
        value           uniform 1;
    }
    bottom
    {
        type            zeroIonicFlux_nonD;
        gradient        nonuniform List<scalar> 
60
(
-7.57536e-21
-7.57968e-21
-7.57945e-21
-7.5784e-21
-7.57723e-21
-7.57611e-21
-7.57509e-21
-7.57417e-21
-7.57337e-21
-7.57266e-21
-7.57205e-21
-7.57152e-21
-7.57106e-21
-7.57066e-21
-7.57032e-21
-7.57004e-21
-7.56979e-21
-7.56958e-21
-7.5694e-21
-7.56926e-21
-7.56913e-21
-7.56903e-21
-7.56895e-21
-7.56888e-21
-7.56883e-21
-7.56878e-21
-7.56875e-21
-7.56873e-21
-7.56871e-21
-7.5687e-21
-7.5687e-21
-7.56871e-21
-7.56873e-21
-7.56875e-21
-7.56878e-21
-7.56883e-21
-7.56888e-21
-7.56895e-21
-7.56903e-21
-7.56913e-21
-7.56926e-21
-7.5694e-21
-7.56958e-21
-7.56979e-21
-7.57004e-21
-7.57032e-21
-7.57066e-21
-7.57106e-21
-7.57152e-21
-7.57205e-21
-7.57266e-21
-7.57337e-21
-7.57417e-21
-7.57509e-21
-7.57611e-21
-7.57723e-21
-7.5784e-21
-7.57945e-21
-7.57968e-21
-7.57536e-21
)
;
        value           nonuniform List<scalar> 
60
(
1.11071e-23
1.11131e-23
1.11125e-23
1.11107e-23
1.11087e-23
1.11068e-23
1.11051e-23
1.11036e-23
1.11022e-23
1.11011e-23
1.11e-23
1.10991e-23
1.10984e-23
1.10977e-23
1.10972e-23
1.10967e-23
1.10963e-23
1.10959e-23
1.10956e-23
1.10954e-23
1.10952e-23
1.1095e-23
1.10949e-23
1.10947e-23
1.10946e-23
1.10946e-23
1.10945e-23
1.10945e-23
1.10945e-23
1.10944e-23
1.10944e-23
1.10945e-23
1.10945e-23
1.10945e-23
1.10946e-23
1.10946e-23
1.10947e-23
1.10949e-23
1.1095e-23
1.10952e-23
1.10954e-23
1.10956e-23
1.10959e-23
1.10963e-23
1.10967e-23
1.10972e-23
1.10977e-23
1.10984e-23
1.10991e-23
1.11e-23
1.11011e-23
1.11022e-23
1.11036e-23
1.11051e-23
1.11068e-23
1.11087e-23
1.11107e-23
1.11125e-23
1.11131e-23
1.11071e-23
)
;
    }
    wall
    {
        type            zeroGradient;
    }
    frontAndBack
    {
        type            empty;
    }
}


// ************************************************************************* //
