/*--------------------------------*- C++ -*----------------------------------*\
| =========                 |                                                 |
| \\      /  F ield         | foam-extend: Open Source CFD                    |
|  \\    /   O peration     | Version:     4.0                                |
|   \\  /    A nd           | Web:         http://www.foam-extend.org         |
|    \\/     M anipulation  |                                                 |
\*---------------------------------------------------------------------------*/
FoamFile
{
    version     2.0;
    format      ascii;
    class       volScalarField;
    location    "620";
    object      cMinus;
}
// * * * * * * * * * * * * * * * * * * * * * * * * * * * * * * * * * * * * * //

dimensions      [0 0 0 0 0 0 0];

internalField   nonuniform List<scalar> 
6960
(
0.166442
0.166522
0.166538
0.166545
0.166548
0.16655
0.166552
0.166553
0.166553
0.166554
0.166554
0.166554
0.166555
0.166555
0.166555
0.166555
0.166555
0.166555
0.166556
0.166556
0.166556
0.166556
0.166556
0.166556
0.166556
0.166556
0.166556
0.166556
0.166556
0.166556
0.166556
0.166556
0.166556
0.166556
0.166556
0.166556
0.166556
0.166556
0.166556
0.166556
0.166556
0.166556
0.166555
0.166555
0.166555
0.166555
0.166555
0.166555
0.166554
0.166554
0.166554
0.166553
0.166553
0.166552
0.16655
0.166548
0.166545
0.166538
0.166522
0.166442
0.264952
0.265059
0.26508
0.265088
0.265092
0.265095
0.265096
0.265097
0.265098
0.265099
0.265099
0.2651
0.2651
0.2651
0.2651
0.265101
0.265101
0.265101
0.265101
0.265101
0.265101
0.265101
0.265101
0.265101
0.265101
0.265101
0.265101
0.265102
0.265102
0.265102
0.265102
0.265102
0.265102
0.265101
0.265101
0.265101
0.265101
0.265101
0.265101
0.265101
0.265101
0.265101
0.265101
0.265101
0.265101
0.2651
0.2651
0.2651
0.2651
0.265099
0.265099
0.265098
0.265097
0.265096
0.265095
0.265092
0.265088
0.26508
0.265059
0.264952
0.34266
0.342783
0.342805
0.342813
0.342817
0.342819
0.342821
0.342822
0.342823
0.342823
0.342824
0.342824
0.342824
0.342824
0.342825
0.342825
0.342825
0.342825
0.342825
0.342825
0.342825
0.342825
0.342826
0.342826
0.342826
0.342826
0.342826
0.342826
0.342826
0.342826
0.342826
0.342826
0.342826
0.342826
0.342826
0.342826
0.342826
0.342826
0.342825
0.342825
0.342825
0.342825
0.342825
0.342825
0.342825
0.342825
0.342824
0.342824
0.342824
0.342824
0.342823
0.342823
0.342822
0.342821
0.342819
0.342817
0.342813
0.342805
0.342783
0.34266
0.402601
0.402733
0.402755
0.402762
0.402766
0.402768
0.402769
0.40277
0.402771
0.402772
0.402772
0.402772
0.402773
0.402773
0.402773
0.402773
0.402773
0.402773
0.402773
0.402774
0.402774
0.402774
0.402774
0.402774
0.402774
0.402774
0.402774
0.402774
0.402774
0.402774
0.402774
0.402774
0.402774
0.402774
0.402774
0.402774
0.402774
0.402774
0.402774
0.402774
0.402774
0.402773
0.402773
0.402773
0.402773
0.402773
0.402773
0.402773
0.402772
0.402772
0.402772
0.402771
0.40277
0.402769
0.402768
0.402766
0.402762
0.402755
0.402733
0.402601
0.451594
0.451734
0.451756
0.451763
0.451766
0.451768
0.451769
0.45177
0.451771
0.451771
0.451771
0.451772
0.451772
0.451772
0.451772
0.451772
0.451773
0.451773
0.451773
0.451773
0.451773
0.451773
0.451773
0.451773
0.451773
0.451773
0.451773
0.451773
0.451773
0.451773
0.451773
0.451773
0.451773
0.451773
0.451773
0.451773
0.451773
0.451773
0.451773
0.451773
0.451773
0.451773
0.451773
0.451773
0.451772
0.451772
0.451772
0.451772
0.451772
0.451771
0.451771
0.451771
0.45177
0.451769
0.451768
0.451766
0.451763
0.451756
0.451734
0.451594
0.494437
0.494584
0.494606
0.494612
0.494615
0.494617
0.494618
0.494619
0.494619
0.49462
0.49462
0.49462
0.494621
0.494621
0.494621
0.494621
0.494621
0.494621
0.494621
0.494621
0.494621
0.494622
0.494622
0.494622
0.494622
0.494622
0.494622
0.494622
0.494622
0.494622
0.494622
0.494622
0.494622
0.494622
0.494622
0.494622
0.494622
0.494622
0.494622
0.494621
0.494621
0.494621
0.494621
0.494621
0.494621
0.494621
0.494621
0.494621
0.49462
0.49462
0.49462
0.494619
0.494619
0.494618
0.494617
0.494615
0.494612
0.494606
0.494584
0.494437
0.533609
0.533764
0.533785
0.533791
0.533794
0.533795
0.533796
0.533797
0.533798
0.533798
0.533798
0.533799
0.533799
0.533799
0.533799
0.533799
0.533799
0.533799
0.533799
0.533799
0.533799
0.5338
0.5338
0.5338
0.5338
0.5338
0.5338
0.5338
0.5338
0.5338
0.5338
0.5338
0.5338
0.5338
0.5338
0.5338
0.5338
0.5338
0.5338
0.533799
0.533799
0.533799
0.533799
0.533799
0.533799
0.533799
0.533799
0.533799
0.533799
0.533798
0.533798
0.533798
0.533797
0.533796
0.533795
0.533794
0.533791
0.533785
0.533764
0.533609
0.570204
0.570365
0.570386
0.570392
0.570394
0.570395
0.570396
0.570397
0.570397
0.570398
0.570398
0.570398
0.570398
0.570398
0.570399
0.570399
0.570399
0.570399
0.570399
0.570399
0.570399
0.570399
0.570399
0.570399
0.570399
0.570399
0.570399
0.570399
0.570399
0.570399
0.570399
0.570399
0.570399
0.570399
0.570399
0.570399
0.570399
0.570399
0.570399
0.570399
0.570399
0.570399
0.570399
0.570399
0.570399
0.570399
0.570398
0.570398
0.570398
0.570398
0.570398
0.570397
0.570397
0.570396
0.570395
0.570394
0.570392
0.570386
0.570365
0.570204
0.604658
0.604824
0.604846
0.604851
0.604853
0.604854
0.604855
0.604855
0.604856
0.604856
0.604856
0.604857
0.604857
0.604857
0.604857
0.604857
0.604857
0.604857
0.604857
0.604857
0.604857
0.604857
0.604857
0.604857
0.604857
0.604857
0.604857
0.604857
0.604858
0.604858
0.604858
0.604858
0.604857
0.604857
0.604857
0.604857
0.604857
0.604857
0.604857
0.604857
0.604857
0.604857
0.604857
0.604857
0.604857
0.604857
0.604857
0.604857
0.604857
0.604856
0.604856
0.604856
0.604855
0.604855
0.604854
0.604853
0.604851
0.604846
0.604824
0.604658
0.637143
0.637313
0.637334
0.637339
0.637341
0.637342
0.637343
0.637343
0.637344
0.637344
0.637344
0.637344
0.637344
0.637344
0.637344
0.637345
0.637345
0.637345
0.637345
0.637345
0.637345
0.637345
0.637345
0.637345
0.637345
0.637345
0.637345
0.637345
0.637345
0.637345
0.637345
0.637345
0.637345
0.637345
0.637345
0.637345
0.637345
0.637345
0.637345
0.637345
0.637345
0.637345
0.637345
0.637345
0.637345
0.637344
0.637344
0.637344
0.637344
0.637344
0.637344
0.637344
0.637343
0.637343
0.637342
0.637341
0.637339
0.637334
0.637313
0.637143
0.667733
0.667906
0.667927
0.667932
0.667933
0.667934
0.667935
0.667935
0.667936
0.667936
0.667936
0.667936
0.667936
0.667937
0.667937
0.667937
0.667937
0.667937
0.667937
0.667937
0.667937
0.667937
0.667937
0.667937
0.667937
0.667937
0.667937
0.667937
0.667937
0.667937
0.667937
0.667937
0.667937
0.667937
0.667937
0.667937
0.667937
0.667937
0.667937
0.667937
0.667937
0.667937
0.667937
0.667937
0.667937
0.667937
0.667937
0.667936
0.667936
0.667936
0.667936
0.667936
0.667935
0.667935
0.667934
0.667933
0.667932
0.667927
0.667906
0.667733
0.696475
0.69665
0.696672
0.696676
0.696677
0.696678
0.696679
0.696679
0.696679
0.69668
0.69668
0.69668
0.69668
0.69668
0.69668
0.69668
0.69668
0.69668
0.69668
0.69668
0.69668
0.69668
0.69668
0.696681
0.696681
0.696681
0.696681
0.696681
0.696681
0.696681
0.696681
0.696681
0.696681
0.696681
0.696681
0.696681
0.696681
0.69668
0.69668
0.69668
0.69668
0.69668
0.69668
0.69668
0.69668
0.69668
0.69668
0.69668
0.69668
0.69668
0.69668
0.696679
0.696679
0.696679
0.696678
0.696677
0.696676
0.696672
0.69665
0.696475
0.723411
0.723588
0.723609
0.723613
0.723614
0.723615
0.723616
0.723616
0.723616
0.723616
0.723616
0.723617
0.723617
0.723617
0.723617
0.723617
0.723617
0.723617
0.723617
0.723617
0.723617
0.723617
0.723617
0.723617
0.723617
0.723617
0.723617
0.723617
0.723617
0.723617
0.723617
0.723617
0.723617
0.723617
0.723617
0.723617
0.723617
0.723617
0.723617
0.723617
0.723617
0.723617
0.723617
0.723617
0.723617
0.723617
0.723617
0.723617
0.723617
0.723616
0.723616
0.723616
0.723616
0.723616
0.723615
0.723614
0.723613
0.723609
0.723588
0.723411
0.748586
0.748763
0.748784
0.748788
0.748789
0.74879
0.74879
0.74879
0.74879
0.748791
0.748791
0.748791
0.748791
0.748791
0.748791
0.748791
0.748791
0.748791
0.748791
0.748791
0.748791
0.748791
0.748791
0.748791
0.748791
0.748791
0.748791
0.748791
0.748791
0.748791
0.748791
0.748791
0.748791
0.748791
0.748791
0.748791
0.748791
0.748791
0.748791
0.748791
0.748791
0.748791
0.748791
0.748791
0.748791
0.748791
0.748791
0.748791
0.748791
0.748791
0.748791
0.74879
0.74879
0.74879
0.74879
0.748789
0.748788
0.748784
0.748763
0.748586
0.772048
0.772224
0.772245
0.772249
0.77225
0.77225
0.772251
0.772251
0.772251
0.772251
0.772251
0.772251
0.772251
0.772252
0.772252
0.772252
0.772252
0.772252
0.772252
0.772252
0.772252
0.772252
0.772252
0.772252
0.772252
0.772252
0.772252
0.772252
0.772252
0.772252
0.772252
0.772252
0.772252
0.772252
0.772252
0.772252
0.772252
0.772252
0.772252
0.772252
0.772252
0.772252
0.772252
0.772252
0.772252
0.772252
0.772252
0.772251
0.772251
0.772251
0.772251
0.772251
0.772251
0.772251
0.77225
0.77225
0.772249
0.772245
0.772224
0.772048
0.793851
0.794025
0.794046
0.794049
0.794051
0.794051
0.794051
0.794052
0.794052
0.794052
0.794052
0.794052
0.794052
0.794052
0.794052
0.794052
0.794052
0.794052
0.794052
0.794052
0.794052
0.794052
0.794052
0.794052
0.794052
0.794052
0.794052
0.794052
0.794053
0.794053
0.794053
0.794053
0.794052
0.794052
0.794052
0.794052
0.794052
0.794052
0.794052
0.794052
0.794052
0.794052
0.794052
0.794052
0.794052
0.794052
0.794052
0.794052
0.794052
0.794052
0.794052
0.794052
0.794052
0.794051
0.794051
0.794051
0.794049
0.794046
0.794025
0.793851
0.814053
0.814224
0.814246
0.814249
0.81425
0.81425
0.81425
0.814251
0.814251
0.814251
0.814251
0.814251
0.814251
0.814251
0.814251
0.814251
0.814251
0.814251
0.814251
0.814251
0.814251
0.814251
0.814251
0.814251
0.814251
0.814251
0.814251
0.814251
0.814251
0.814251
0.814251
0.814251
0.814251
0.814251
0.814251
0.814251
0.814251
0.814251
0.814251
0.814251
0.814251
0.814251
0.814251
0.814251
0.814251
0.814251
0.814251
0.814251
0.814251
0.814251
0.814251
0.814251
0.814251
0.81425
0.81425
0.81425
0.814249
0.814246
0.814224
0.814053
0.832716
0.832885
0.832906
0.832909
0.832909
0.83291
0.83291
0.83291
0.83291
0.83291
0.832911
0.832911
0.832911
0.832911
0.832911
0.832911
0.832911
0.832911
0.832911
0.832911
0.832911
0.832911
0.832911
0.832911
0.832911
0.832911
0.832911
0.832911
0.832911
0.832911
0.832911
0.832911
0.832911
0.832911
0.832911
0.832911
0.832911
0.832911
0.832911
0.832911
0.832911
0.832911
0.832911
0.832911
0.832911
0.832911
0.832911
0.832911
0.832911
0.832911
0.83291
0.83291
0.83291
0.83291
0.83291
0.832909
0.832909
0.832906
0.832885
0.832716
0.849906
0.850071
0.850092
0.850095
0.850095
0.850096
0.850096
0.850096
0.850096
0.850096
0.850096
0.850097
0.850097
0.850097
0.850097
0.850097
0.850097
0.850097
0.850097
0.850097
0.850097
0.850097
0.850097
0.850097
0.850097
0.850097
0.850097
0.850097
0.850097
0.850097
0.850097
0.850097
0.850097
0.850097
0.850097
0.850097
0.850097
0.850097
0.850097
0.850097
0.850097
0.850097
0.850097
0.850097
0.850097
0.850097
0.850097
0.850097
0.850097
0.850096
0.850096
0.850096
0.850096
0.850096
0.850096
0.850095
0.850095
0.850092
0.850071
0.849906
0.865692
0.865853
0.865873
0.865876
0.865877
0.865877
0.865877
0.865877
0.865877
0.865877
0.865877
0.865877
0.865877
0.865878
0.865878
0.865878
0.865878
0.865878
0.865878
0.865878
0.865878
0.865878
0.865878
0.865878
0.865878
0.865878
0.865878
0.865878
0.865878
0.865878
0.865878
0.865878
0.865878
0.865878
0.865878
0.865878
0.865878
0.865878
0.865878
0.865878
0.865878
0.865878
0.865878
0.865878
0.865878
0.865878
0.865878
0.865877
0.865877
0.865877
0.865877
0.865877
0.865877
0.865877
0.865877
0.865877
0.865876
0.865873
0.865853
0.865692
0.880144
0.8803
0.88032
0.880323
0.880323
0.880323
0.880324
0.880324
0.880324
0.880324
0.880324
0.880324
0.880324
0.880324
0.880324
0.880324
0.880324
0.880324
0.880324
0.880324
0.880324
0.880324
0.880324
0.880324
0.880324
0.880324
0.880324
0.880324
0.880324
0.880324
0.880324
0.880324
0.880324
0.880324
0.880324
0.880324
0.880324
0.880324
0.880324
0.880324
0.880324
0.880324
0.880324
0.880324
0.880324
0.880324
0.880324
0.880324
0.880324
0.880324
0.880324
0.880324
0.880324
0.880324
0.880323
0.880323
0.880323
0.88032
0.8803
0.880144
0.893335
0.893485
0.893504
0.893507
0.893508
0.893508
0.893508
0.893508
0.893508
0.893508
0.893508
0.893508
0.893508
0.893508
0.893508
0.893508
0.893508
0.893508
0.893508
0.893508
0.893509
0.893509
0.893509
0.893509
0.893509
0.893509
0.893509
0.893509
0.893509
0.893509
0.893509
0.893509
0.893509
0.893509
0.893509
0.893509
0.893509
0.893509
0.893509
0.893509
0.893508
0.893508
0.893508
0.893508
0.893508
0.893508
0.893508
0.893508
0.893508
0.893508
0.893508
0.893508
0.893508
0.893508
0.893508
0.893508
0.893507
0.893504
0.893485
0.893335
0.905336
0.90548
0.9055
0.905502
0.905503
0.905503
0.905503
0.905503
0.905503
0.905503
0.905503
0.905503
0.905503
0.905504
0.905504
0.905504
0.905504
0.905504
0.905504
0.905504
0.905504
0.905504
0.905504
0.905504
0.905504
0.905504
0.905504
0.905504
0.905504
0.905504
0.905504
0.905504
0.905504
0.905504
0.905504
0.905504
0.905504
0.905504
0.905504
0.905504
0.905504
0.905504
0.905504
0.905504
0.905504
0.905504
0.905504
0.905503
0.905503
0.905503
0.905503
0.905503
0.905503
0.905503
0.905503
0.905503
0.905502
0.9055
0.90548
0.905336
0.916222
0.91636
0.916379
0.916382
0.916382
0.916382
0.916382
0.916382
0.916382
0.916383
0.916383
0.916383
0.916383
0.916383
0.916383
0.916383
0.916383
0.916383
0.916383
0.916383
0.916383
0.916383
0.916383
0.916383
0.916383
0.916383
0.916383
0.916383
0.916383
0.916383
0.916383
0.916383
0.916383
0.916383
0.916383
0.916383
0.916383
0.916383
0.916383
0.916383
0.916383
0.916383
0.916383
0.916383
0.916383
0.916383
0.916383
0.916383
0.916383
0.916383
0.916383
0.916382
0.916382
0.916382
0.916382
0.916382
0.916382
0.916379
0.91636
0.916222
0.926065
0.926197
0.926215
0.926218
0.926218
0.926218
0.926218
0.926218
0.926218
0.926218
0.926219
0.926219
0.926219
0.926219
0.926219
0.926219
0.926219
0.926219
0.926219
0.926219
0.926219
0.926219
0.926219
0.926219
0.926219
0.926219
0.926219
0.926219
0.926219
0.926219
0.926219
0.926219
0.926219
0.926219
0.926219
0.926219
0.926219
0.926219
0.926219
0.926219
0.926219
0.926219
0.926219
0.926219
0.926219
0.926219
0.926219
0.926219
0.926219
0.926219
0.926218
0.926218
0.926218
0.926218
0.926218
0.926218
0.926218
0.926215
0.926197
0.926065
0.934937
0.935062
0.93508
0.935082
0.935083
0.935083
0.935083
0.935083
0.935083
0.935083
0.935083
0.935083
0.935083
0.935083
0.935083
0.935083
0.935083
0.935083
0.935083
0.935083
0.935083
0.935083
0.935083
0.935083
0.935083
0.935083
0.935083
0.935083
0.935083
0.935083
0.935083
0.935083
0.935083
0.935083
0.935083
0.935083
0.935083
0.935083
0.935083
0.935083
0.935083
0.935083
0.935083
0.935083
0.935083
0.935083
0.935083
0.935083
0.935083
0.935083
0.935083
0.935083
0.935083
0.935083
0.935083
0.935083
0.935082
0.93508
0.935062
0.934937
0.942908
0.943026
0.943044
0.943046
0.943047
0.943047
0.943047
0.943047
0.943047
0.943047
0.943047
0.943047
0.943047
0.943047
0.943047
0.943047
0.943047
0.943047
0.943047
0.943047
0.943047
0.943047
0.943047
0.943047
0.943047
0.943047
0.943047
0.943047
0.943047
0.943047
0.943047
0.943047
0.943047
0.943047
0.943047
0.943047
0.943047
0.943047
0.943047
0.943047
0.943047
0.943047
0.943047
0.943047
0.943047
0.943047
0.943047
0.943047
0.943047
0.943047
0.943047
0.943047
0.943047
0.943047
0.943047
0.943047
0.943046
0.943044
0.943026
0.942908
0.950048
0.950159
0.950176
0.950178
0.950179
0.950179
0.950179
0.950179
0.950179
0.950179
0.950179
0.950179
0.950179
0.950179
0.950179
0.950179
0.950179
0.950179
0.950179
0.950179
0.950179
0.950179
0.950179
0.950179
0.950179
0.950179
0.950179
0.950179
0.950179
0.950179
0.950179
0.950179
0.950179
0.950179
0.950179
0.950179
0.950179
0.950179
0.950179
0.950179
0.950179
0.950179
0.950179
0.950179
0.950179
0.950179
0.950179
0.950179
0.950179
0.950179
0.950179
0.950179
0.950179
0.950179
0.950179
0.950179
0.950178
0.950176
0.950159
0.950048
0.956421
0.956526
0.956542
0.956544
0.956545
0.956545
0.956545
0.956545
0.956545
0.956545
0.956545
0.956545
0.956545
0.956545
0.956545
0.956545
0.956545
0.956545
0.956545
0.956545
0.956545
0.956545
0.956545
0.956545
0.956545
0.956545
0.956545
0.956545
0.956545
0.956545
0.956545
0.956545
0.956545
0.956545
0.956545
0.956545
0.956545
0.956545
0.956545
0.956545
0.956545
0.956545
0.956545
0.956545
0.956545
0.956545
0.956545
0.956545
0.956545
0.956545
0.956545
0.956545
0.956545
0.956545
0.956545
0.956545
0.956544
0.956542
0.956526
0.956421
0.962093
0.96219
0.962206
0.962208
0.962209
0.962209
0.962209
0.962209
0.962209
0.962209
0.962209
0.962209
0.962209
0.962209
0.962209
0.962209
0.962209
0.962209
0.962209
0.962209
0.962209
0.962209
0.962209
0.962209
0.962209
0.962209
0.962209
0.962209
0.962209
0.962209
0.962209
0.962209
0.962209
0.962209
0.962209
0.962209
0.962209
0.962209
0.962209
0.962209
0.962209
0.962209
0.962209
0.962209
0.962209
0.962209
0.962209
0.962209
0.962209
0.962209
0.962209
0.962209
0.962209
0.962209
0.962209
0.962209
0.962208
0.962206
0.96219
0.962093
0.967124
0.967214
0.96723
0.967232
0.967232
0.967232
0.967232
0.967232
0.967232
0.967232
0.967232
0.967232
0.967232
0.967232
0.967232
0.967232
0.967232
0.967232
0.967232
0.967232
0.967232
0.967232
0.967232
0.967232
0.967232
0.967232
0.967232
0.967232
0.967232
0.967232
0.967232
0.967232
0.967232
0.967232
0.967232
0.967232
0.967232
0.967232
0.967232
0.967232
0.967232
0.967232
0.967232
0.967232
0.967232
0.967232
0.967232
0.967232
0.967232
0.967232
0.967232
0.967232
0.967232
0.967232
0.967232
0.967232
0.967232
0.96723
0.967214
0.967124
0.971571
0.971656
0.97167
0.971672
0.971672
0.971672
0.971672
0.971672
0.971672
0.971672
0.971672
0.971672
0.971672
0.971672
0.971672
0.971672
0.971672
0.971672
0.971672
0.971672
0.971672
0.971672
0.971672
0.971672
0.971672
0.971672
0.971672
0.971672
0.971672
0.971672
0.971672
0.971672
0.971672
0.971672
0.971672
0.971672
0.971672
0.971672
0.971672
0.971672
0.971672
0.971672
0.971672
0.971672
0.971672
0.971672
0.971672
0.971672
0.971672
0.971672
0.971672
0.971672
0.971672
0.971672
0.971672
0.971672
0.971672
0.97167
0.971656
0.971571
0.975491
0.975568
0.975582
0.975584
0.975584
0.975584
0.975584
0.975584
0.975584
0.975584
0.975584
0.975585
0.975585
0.975585
0.975585
0.975585
0.975585
0.975585
0.975585
0.975585
0.975585
0.975585
0.975585
0.975585
0.975585
0.975585
0.975585
0.975585
0.975585
0.975585
0.975585
0.975585
0.975585
0.975585
0.975585
0.975585
0.975585
0.975585
0.975585
0.975585
0.975585
0.975585
0.975585
0.975585
0.975585
0.975585
0.975585
0.975585
0.975585
0.975584
0.975584
0.975584
0.975584
0.975584
0.975584
0.975584
0.975584
0.975582
0.975568
0.975491
0.978933
0.979005
0.979018
0.97902
0.97902
0.97902
0.97902
0.97902
0.97902
0.97902
0.97902
0.97902
0.97902
0.97902
0.97902
0.97902
0.97902
0.97902
0.97902
0.97902
0.97902
0.97902
0.97902
0.97902
0.97902
0.97902
0.97902
0.97902
0.97902
0.97902
0.97902
0.97902
0.97902
0.97902
0.97902
0.97902
0.97902
0.97902
0.97902
0.97902
0.97902
0.97902
0.97902
0.97902
0.97902
0.97902
0.97902
0.97902
0.97902
0.97902
0.97902
0.97902
0.97902
0.97902
0.97902
0.97902
0.97902
0.979018
0.979005
0.978933
0.981947
0.982012
0.982025
0.982026
0.982027
0.982027
0.982027
0.982027
0.982027
0.982027
0.982027
0.982027
0.982027
0.982027
0.982027
0.982027
0.982027
0.982027
0.982027
0.982027
0.982027
0.982027
0.982027
0.982027
0.982027
0.982027
0.982027
0.982027
0.982027
0.982027
0.982027
0.982027
0.982027
0.982027
0.982027
0.982027
0.982027
0.982027
0.982027
0.982027
0.982027
0.982027
0.982027
0.982027
0.982027
0.982027
0.982027
0.982027
0.982027
0.982027
0.982027
0.982027
0.982027
0.982027
0.982027
0.982027
0.982026
0.982025
0.982012
0.981947
0.984577
0.984636
0.984648
0.98465
0.98465
0.98465
0.98465
0.98465
0.98465
0.98465
0.98465
0.98465
0.98465
0.98465
0.98465
0.98465
0.98465
0.98465
0.98465
0.98465
0.98465
0.98465
0.98465
0.98465
0.98465
0.98465
0.98465
0.98465
0.98465
0.98465
0.98465
0.98465
0.98465
0.98465
0.98465
0.98465
0.98465
0.98465
0.98465
0.98465
0.98465
0.98465
0.98465
0.98465
0.98465
0.98465
0.98465
0.98465
0.98465
0.98465
0.98465
0.98465
0.98465
0.98465
0.98465
0.98465
0.98465
0.984648
0.984636
0.984577
0.986863
0.986918
0.986928
0.98693
0.98693
0.98693
0.98693
0.98693
0.98693
0.98693
0.98693
0.98693
0.98693
0.98693
0.98693
0.98693
0.98693
0.98693
0.98693
0.98693
0.98693
0.98693
0.98693
0.98693
0.986931
0.986931
0.986931
0.986931
0.986931
0.986931
0.986931
0.986931
0.986931
0.986931
0.986931
0.986931
0.98693
0.98693
0.98693
0.98693
0.98693
0.98693
0.98693
0.98693
0.98693
0.98693
0.98693
0.98693
0.98693
0.98693
0.98693
0.98693
0.98693
0.98693
0.98693
0.98693
0.98693
0.986928
0.986918
0.986863
0.988846
0.988895
0.988905
0.988906
0.988907
0.988907
0.988907
0.988907
0.988907
0.988907
0.988907
0.988907
0.988907
0.988907
0.988907
0.988907
0.988907
0.988907
0.988907
0.988907
0.988907
0.988907
0.988907
0.988907
0.988907
0.988907
0.988907
0.988907
0.988907
0.988907
0.988907
0.988907
0.988907
0.988907
0.988907
0.988907
0.988907
0.988907
0.988907
0.988907
0.988907
0.988907
0.988907
0.988907
0.988907
0.988907
0.988907
0.988907
0.988907
0.988907
0.988907
0.988907
0.988907
0.988907
0.988907
0.988907
0.988906
0.988905
0.988895
0.988846
0.990558
0.990602
0.990612
0.990613
0.990613
0.990613
0.990613
0.990613
0.990613
0.990613
0.990613
0.990613
0.990613
0.990613
0.990613
0.990613
0.990613
0.990613
0.990613
0.990613
0.990613
0.990613
0.990613
0.990613
0.990613
0.990613
0.990613
0.990613
0.990613
0.990613
0.990613
0.990613
0.990613
0.990613
0.990613
0.990613
0.990613
0.990613
0.990613
0.990613
0.990613
0.990613
0.990613
0.990613
0.990613
0.990613
0.990613
0.990613
0.990613
0.990613
0.990613
0.990613
0.990613
0.990613
0.990613
0.990613
0.990613
0.990612
0.990602
0.990558
0.992032
0.992072
0.992081
0.992082
0.992082
0.992082
0.992082
0.992082
0.992082
0.992082
0.992082
0.992082
0.992082
0.992082
0.992082
0.992082
0.992082
0.992082
0.992082
0.992082
0.992082
0.992082
0.992082
0.992082
0.992082
0.992082
0.992082
0.992082
0.992082
0.992082
0.992082
0.992082
0.992082
0.992082
0.992082
0.992082
0.992082
0.992082
0.992082
0.992082
0.992082
0.992082
0.992082
0.992082
0.992082
0.992082
0.992082
0.992082
0.992082
0.992082
0.992082
0.992082
0.992082
0.992082
0.992082
0.992082
0.992082
0.992081
0.992072
0.992032
0.993297
0.993333
0.993341
0.993342
0.993342
0.993342
0.993342
0.993342
0.993342
0.993342
0.993342
0.993342
0.993342
0.993342
0.993342
0.993342
0.993342
0.993342
0.993342
0.993342
0.993342
0.993342
0.993342
0.993342
0.993342
0.993342
0.993342
0.993342
0.993342
0.993342
0.993342
0.993342
0.993342
0.993342
0.993342
0.993342
0.993342
0.993342
0.993342
0.993342
0.993342
0.993342
0.993342
0.993342
0.993342
0.993342
0.993342
0.993342
0.993342
0.993342
0.993342
0.993342
0.993342
0.993342
0.993342
0.993342
0.993342
0.993341
0.993333
0.993297
0.994379
0.994411
0.994418
0.994419
0.99442
0.99442
0.99442
0.99442
0.99442
0.99442
0.99442
0.99442
0.99442
0.99442
0.99442
0.99442
0.99442
0.99442
0.99442
0.99442
0.99442
0.99442
0.99442
0.99442
0.99442
0.99442
0.99442
0.99442
0.99442
0.99442
0.99442
0.99442
0.99442
0.99442
0.99442
0.99442
0.99442
0.99442
0.99442
0.99442
0.99442
0.99442
0.99442
0.99442
0.99442
0.99442
0.99442
0.99442
0.99442
0.99442
0.99442
0.99442
0.99442
0.99442
0.99442
0.99442
0.994419
0.994418
0.994411
0.994379
0.995301
0.995329
0.995336
0.995337
0.995337
0.995338
0.995338
0.995338
0.995338
0.995338
0.995338
0.995338
0.995338
0.995338
0.995338
0.995338
0.995338
0.995338
0.995338
0.995338
0.995338
0.995338
0.995338
0.995338
0.995338
0.995338
0.995338
0.995338
0.995338
0.995338
0.995338
0.995338
0.995338
0.995338
0.995338
0.995338
0.995338
0.995338
0.995338
0.995338
0.995338
0.995338
0.995338
0.995338
0.995338
0.995338
0.995338
0.995338
0.995338
0.995338
0.995338
0.995338
0.995338
0.995338
0.995338
0.995337
0.995337
0.995336
0.995329
0.995301
0.996084
0.996109
0.996115
0.996117
0.996117
0.996117
0.996117
0.996117
0.996117
0.996117
0.996117
0.996117
0.996117
0.996117
0.996117
0.996117
0.996117
0.996117
0.996117
0.996117
0.996117
0.996117
0.996117
0.996117
0.996117
0.996117
0.996117
0.996117
0.996117
0.996117
0.996117
0.996117
0.996117
0.996117
0.996117
0.996117
0.996117
0.996117
0.996117
0.996117
0.996117
0.996117
0.996117
0.996117
0.996117
0.996117
0.996117
0.996117
0.996117
0.996117
0.996117
0.996117
0.996117
0.996117
0.996117
0.996117
0.996117
0.996115
0.996109
0.996084
0.996748
0.996769
0.996775
0.996776
0.996776
0.996776
0.996776
0.996776
0.996776
0.996776
0.996776
0.996776
0.996776
0.996776
0.996776
0.996776
0.996776
0.996776
0.996776
0.996776
0.996776
0.996776
0.996776
0.996776
0.996776
0.996776
0.996776
0.996776
0.996776
0.996776
0.996776
0.996776
0.996776
0.996776
0.996776
0.996776
0.996776
0.996776
0.996776
0.996776
0.996776
0.996776
0.996776
0.996776
0.996776
0.996776
0.996776
0.996776
0.996776
0.996776
0.996776
0.996776
0.996776
0.996776
0.996776
0.996776
0.996776
0.996775
0.996769
0.996748
0.997307
0.997326
0.997331
0.997332
0.997332
0.997332
0.997332
0.997332
0.997332
0.997332
0.997332
0.997332
0.997332
0.997332
0.997332
0.997332
0.997332
0.997332
0.997332
0.997332
0.997332
0.997332
0.997332
0.997332
0.997332
0.997332
0.997332
0.997332
0.997332
0.997332
0.997332
0.997332
0.997332
0.997332
0.997332
0.997332
0.997332
0.997332
0.997332
0.997332
0.997332
0.997332
0.997332
0.997332
0.997332
0.997332
0.997332
0.997332
0.997332
0.997332
0.997332
0.997332
0.997332
0.997332
0.997332
0.997332
0.997332
0.997331
0.997326
0.997307
0.997777
0.997794
0.997799
0.9978
0.9978
0.9978
0.9978
0.9978
0.9978
0.9978
0.9978
0.9978
0.9978
0.9978
0.9978
0.9978
0.9978
0.9978
0.9978
0.9978
0.9978
0.9978
0.9978
0.9978
0.9978
0.9978
0.9978
0.9978
0.9978
0.9978
0.9978
0.9978
0.9978
0.9978
0.9978
0.9978
0.9978
0.9978
0.9978
0.9978
0.9978
0.9978
0.9978
0.9978
0.9978
0.9978
0.9978
0.9978
0.9978
0.9978
0.9978
0.9978
0.9978
0.9978
0.9978
0.9978
0.9978
0.997799
0.997794
0.997777
0.998171
0.998186
0.99819
0.998191
0.998191
0.998191
0.998191
0.998191
0.998191
0.998191
0.998191
0.998191
0.998191
0.998191
0.998191
0.998191
0.998191
0.998191
0.998191
0.998191
0.998191
0.998191
0.998191
0.998191
0.998191
0.998191
0.998191
0.998191
0.998191
0.998191
0.998191
0.998191
0.998191
0.998191
0.998191
0.998191
0.998191
0.998191
0.998191
0.998191
0.998191
0.998191
0.998191
0.998191
0.998191
0.998191
0.998191
0.998191
0.998191
0.998191
0.998191
0.998191
0.998191
0.998191
0.998191
0.998191
0.998191
0.99819
0.998186
0.998171
0.998501
0.998513
0.998517
0.998518
0.998518
0.998518
0.998518
0.998518
0.998518
0.998518
0.998518
0.998518
0.998518
0.998518
0.998518
0.998518
0.998518
0.998518
0.998518
0.998518
0.998518
0.998518
0.998518
0.998518
0.998518
0.998518
0.998518
0.998518
0.998518
0.998518
0.998518
0.998518
0.998518
0.998518
0.998518
0.998518
0.998518
0.998518
0.998518
0.998518
0.998518
0.998518
0.998518
0.998518
0.998518
0.998518
0.998518
0.998518
0.998518
0.998518
0.998518
0.998518
0.998518
0.998518
0.998518
0.998518
0.998518
0.998517
0.998513
0.998501
0.998774
0.998785
0.998788
0.998789
0.998789
0.998789
0.998789
0.998789
0.998789
0.998789
0.998789
0.998789
0.998789
0.998789
0.998789
0.998789
0.998789
0.998789
0.998789
0.998789
0.998789
0.998789
0.998789
0.998789
0.998789
0.998789
0.998789
0.998789
0.998789
0.998789
0.998789
0.998789
0.998789
0.998789
0.998789
0.998789
0.998789
0.998789
0.998789
0.998789
0.998789
0.998789
0.998789
0.998789
0.998789
0.998789
0.998789
0.998789
0.998789
0.998789
0.998789
0.998789
0.998789
0.998789
0.998789
0.998789
0.998789
0.998788
0.998785
0.998774
0.999002
0.999011
0.999014
0.999014
0.999015
0.999015
0.999015
0.999015
0.999015
0.999015
0.999015
0.999015
0.999015
0.999015
0.999015
0.999015
0.999015
0.999015
0.999015
0.999015
0.999015
0.999015
0.999015
0.999015
0.999015
0.999015
0.999015
0.999015
0.999015
0.999015
0.999015
0.999015
0.999015
0.999015
0.999015
0.999015
0.999015
0.999015
0.999015
0.999015
0.999015
0.999015
0.999015
0.999015
0.999015
0.999015
0.999015
0.999015
0.999015
0.999015
0.999015
0.999015
0.999015
0.999015
0.999015
0.999015
0.999014
0.999014
0.999011
0.999002
0.999189
0.999197
0.9992
0.9992
0.9992
0.999201
0.999201
0.999201
0.999201
0.999201
0.999201
0.999201
0.999201
0.999201
0.999201
0.999201
0.999201
0.999201
0.999201
0.999201
0.999201
0.999201
0.999201
0.999201
0.999201
0.999201
0.999201
0.999201
0.999201
0.999201
0.999201
0.999201
0.999201
0.999201
0.999201
0.999201
0.999201
0.999201
0.999201
0.999201
0.999201
0.999201
0.999201
0.999201
0.999201
0.999201
0.999201
0.999201
0.999201
0.999201
0.999201
0.999201
0.999201
0.999201
0.999201
0.9992
0.9992
0.9992
0.999197
0.999189
0.999344
0.999351
0.999353
0.999353
0.999354
0.999354
0.999354
0.999354
0.999354
0.999354
0.999354
0.999354
0.999354
0.999354
0.999354
0.999354
0.999354
0.999354
0.999354
0.999354
0.999354
0.999354
0.999354
0.999354
0.999354
0.999354
0.999354
0.999354
0.999354
0.999354
0.999354
0.999354
0.999354
0.999354
0.999354
0.999354
0.999354
0.999354
0.999354
0.999354
0.999354
0.999354
0.999354
0.999354
0.999354
0.999354
0.999354
0.999354
0.999354
0.999354
0.999354
0.999354
0.999354
0.999354
0.999354
0.999354
0.999353
0.999353
0.999351
0.999344
0.999471
0.999476
0.999478
0.999479
0.999479
0.999479
0.999479
0.999479
0.999479
0.999479
0.999479
0.999479
0.999479
0.999479
0.999479
0.999479
0.999479
0.999479
0.999479
0.999479
0.999479
0.999479
0.999479
0.999479
0.999479
0.999479
0.999479
0.999479
0.999479
0.999479
0.999479
0.999479
0.999479
0.999479
0.999479
0.999479
0.999479
0.999479
0.999479
0.999479
0.999479
0.999479
0.999479
0.999479
0.999479
0.999479
0.999479
0.999479
0.999479
0.999479
0.999479
0.999479
0.999479
0.999479
0.999479
0.999479
0.999479
0.999478
0.999476
0.999471
0.999574
0.999579
0.999581
0.999581
0.999582
0.999582
0.999582
0.999582
0.999582
0.999582
0.999582
0.999582
0.999582
0.999582
0.999582
0.999582
0.999582
0.999582
0.999582
0.999582
0.999582
0.999582
0.999582
0.999582
0.999582
0.999582
0.999582
0.999582
0.999582
0.999582
0.999582
0.999582
0.999582
0.999582
0.999582
0.999582
0.999582
0.999582
0.999582
0.999582
0.999582
0.999582
0.999582
0.999582
0.999582
0.999582
0.999582
0.999582
0.999582
0.999582
0.999582
0.999582
0.999582
0.999582
0.999582
0.999582
0.999581
0.999581
0.999579
0.999574
0.999659
0.999663
0.999665
0.999665
0.999665
0.999665
0.999665
0.999665
0.999665
0.999665
0.999665
0.999665
0.999665
0.999665
0.999665
0.999665
0.999665
0.999665
0.999665
0.999665
0.999665
0.999665
0.999665
0.999665
0.999665
0.999665
0.999665
0.999665
0.999665
0.999665
0.999665
0.999665
0.999665
0.999665
0.999665
0.999665
0.999665
0.999665
0.999665
0.999665
0.999665
0.999665
0.999665
0.999665
0.999665
0.999665
0.999665
0.999665
0.999665
0.999665
0.999665
0.999665
0.999665
0.999665
0.999665
0.999665
0.999665
0.999665
0.999663
0.999659
0.999728
0.999731
0.999732
0.999733
0.999733
0.999733
0.999733
0.999733
0.999733
0.999733
0.999733
0.999733
0.999733
0.999733
0.999733
0.999733
0.999733
0.999733
0.999733
0.999733
0.999733
0.999733
0.999733
0.999733
0.999733
0.999733
0.999733
0.999733
0.999733
0.999733
0.999733
0.999733
0.999733
0.999733
0.999733
0.999733
0.999733
0.999733
0.999733
0.999733
0.999733
0.999733
0.999733
0.999733
0.999733
0.999733
0.999733
0.999733
0.999733
0.999733
0.999733
0.999733
0.999733
0.999733
0.999733
0.999733
0.999733
0.999732
0.999731
0.999728
0.999783
0.999786
0.999787
0.999788
0.999788
0.999788
0.999788
0.999788
0.999788
0.999788
0.999788
0.999788
0.999788
0.999788
0.999788
0.999788
0.999788
0.999788
0.999788
0.999788
0.999788
0.999788
0.999788
0.999788
0.999788
0.999788
0.999788
0.999788
0.999788
0.999788
0.999788
0.999788
0.999788
0.999788
0.999788
0.999788
0.999788
0.999788
0.999788
0.999788
0.999788
0.999788
0.999788
0.999788
0.999788
0.999788
0.999788
0.999788
0.999788
0.999788
0.999788
0.999788
0.999788
0.999788
0.999788
0.999788
0.999788
0.999787
0.999786
0.999783
0.999828
0.999831
0.999831
0.999832
0.999832
0.999832
0.999832
0.999832
0.999832
0.999832
0.999832
0.999832
0.999832
0.999832
0.999832
0.999832
0.999832
0.999832
0.999832
0.999832
0.999832
0.999832
0.999832
0.999832
0.999832
0.999832
0.999832
0.999832
0.999832
0.999832
0.999832
0.999832
0.999832
0.999832
0.999832
0.999832
0.999832
0.999832
0.999832
0.999832
0.999832
0.999832
0.999832
0.999832
0.999832
0.999832
0.999832
0.999832
0.999832
0.999832
0.999832
0.999832
0.999832
0.999832
0.999832
0.999832
0.999832
0.999831
0.999831
0.999828
0.999864
0.999866
0.999867
0.999867
0.999867
0.999867
0.999867
0.999867
0.999867
0.999867
0.999867
0.999867
0.999867
0.999867
0.999867
0.999867
0.999867
0.999867
0.999867
0.999867
0.999867
0.999867
0.999867
0.999867
0.999867
0.999867
0.999867
0.999867
0.999867
0.999867
0.999867
0.999867
0.999867
0.999867
0.999867
0.999867
0.999867
0.999867
0.999867
0.999867
0.999867
0.999867
0.999867
0.999867
0.999867
0.999867
0.999867
0.999867
0.999867
0.999867
0.999867
0.999867
0.999867
0.999867
0.999867
0.999867
0.999867
0.999867
0.999866
0.999864
0.999893
0.999895
0.999895
0.999895
0.999896
0.999896
0.999896
0.999896
0.999896
0.999896
0.999896
0.999896
0.999896
0.999896
0.999896
0.999896
0.999896
0.999896
0.999896
0.999896
0.999896
0.999896
0.999896
0.999896
0.999896
0.999896
0.999896
0.999896
0.999896
0.999896
0.999896
0.999896
0.999896
0.999896
0.999896
0.999896
0.999896
0.999896
0.999896
0.999896
0.999896
0.999896
0.999896
0.999896
0.999896
0.999896
0.999896
0.999896
0.999896
0.999896
0.999896
0.999896
0.999896
0.999896
0.999896
0.999896
0.999895
0.999895
0.999895
0.999893
0.999916
0.999917
0.999918
0.999918
0.999918
0.999918
0.999918
0.999918
0.999918
0.999918
0.999918
0.999918
0.999918
0.999918
0.999918
0.999918
0.999918
0.999918
0.999918
0.999918
0.999918
0.999918
0.999918
0.999918
0.999918
0.999918
0.999918
0.999918
0.999918
0.999918
0.999918
0.999918
0.999918
0.999918
0.999918
0.999918
0.999918
0.999918
0.999918
0.999918
0.999918
0.999918
0.999918
0.999918
0.999918
0.999918
0.999918
0.999918
0.999918
0.999918
0.999918
0.999918
0.999918
0.999918
0.999918
0.999918
0.999918
0.999918
0.999917
0.999916
0.999934
0.999935
0.999936
0.999936
0.999936
0.999936
0.999936
0.999936
0.999936
0.999936
0.999936
0.999936
0.999936
0.999936
0.999936
0.999936
0.999936
0.999936
0.999936
0.999936
0.999936
0.999936
0.999936
0.999936
0.999936
0.999936
0.999936
0.999936
0.999936
0.999936
0.999936
0.999936
0.999936
0.999936
0.999936
0.999936
0.999936
0.999936
0.999936
0.999936
0.999936
0.999936
0.999936
0.999936
0.999936
0.999936
0.999936
0.999936
0.999936
0.999936
0.999936
0.999936
0.999936
0.999936
0.999936
0.999936
0.999936
0.999936
0.999935
0.999934
0.999949
0.99995
0.99995
0.99995
0.99995
0.99995
0.99995
0.99995
0.99995
0.99995
0.99995
0.99995
0.99995
0.99995
0.99995
0.99995
0.99995
0.99995
0.99995
0.99995
0.99995
0.99995
0.99995
0.99995
0.99995
0.99995
0.99995
0.99995
0.99995
0.99995
0.99995
0.99995
0.99995
0.99995
0.99995
0.99995
0.99995
0.99995
0.99995
0.99995
0.99995
0.99995
0.99995
0.99995
0.99995
0.99995
0.99995
0.99995
0.99995
0.99995
0.99995
0.99995
0.99995
0.99995
0.99995
0.99995
0.99995
0.99995
0.99995
0.999949
0.99996
0.999961
0.999961
0.999961
0.999961
0.999961
0.999961
0.999961
0.999961
0.999961
0.999961
0.999961
0.999961
0.999961
0.999961
0.999961
0.999961
0.999961
0.999961
0.999961
0.999961
0.999961
0.999961
0.999961
0.999961
0.999961
0.999961
0.999961
0.999961
0.999961
0.999961
0.999961
0.999961
0.999961
0.999961
0.999961
0.999961
0.999961
0.999961
0.999961
0.999961
0.999961
0.999961
0.999961
0.999961
0.999961
0.999961
0.999961
0.999961
0.999961
0.999961
0.999961
0.999961
0.999961
0.999961
0.999961
0.999961
0.999961
0.999961
0.99996
0.999969
0.99997
0.99997
0.99997
0.99997
0.99997
0.99997
0.99997
0.99997
0.99997
0.99997
0.99997
0.99997
0.99997
0.99997
0.99997
0.99997
0.99997
0.99997
0.99997
0.99997
0.99997
0.99997
0.99997
0.99997
0.99997
0.99997
0.99997
0.99997
0.99997
0.99997
0.99997
0.99997
0.99997
0.99997
0.99997
0.99997
0.99997
0.99997
0.99997
0.99997
0.99997
0.99997
0.99997
0.99997
0.99997
0.99997
0.99997
0.99997
0.99997
0.99997
0.99997
0.99997
0.99997
0.99997
0.99997
0.99997
0.99997
0.99997
0.999969
0.999976
0.999977
0.999977
0.999977
0.999977
0.999977
0.999977
0.999977
0.999977
0.999977
0.999977
0.999977
0.999977
0.999977
0.999977
0.999977
0.999977
0.999977
0.999977
0.999977
0.999977
0.999977
0.999977
0.999977
0.999977
0.999977
0.999977
0.999977
0.999977
0.999977
0.999977
0.999977
0.999977
0.999977
0.999977
0.999977
0.999977
0.999977
0.999977
0.999977
0.999977
0.999977
0.999977
0.999977
0.999977
0.999977
0.999977
0.999977
0.999977
0.999977
0.999977
0.999977
0.999977
0.999977
0.999977
0.999977
0.999977
0.999977
0.999977
0.999976
0.999982
0.999982
0.999982
0.999982
0.999982
0.999982
0.999982
0.999982
0.999982
0.999982
0.999982
0.999982
0.999982
0.999982
0.999982
0.999982
0.999982
0.999982
0.999982
0.999982
0.999982
0.999982
0.999982
0.999982
0.999982
0.999982
0.999982
0.999982
0.999982
0.999982
0.999982
0.999982
0.999982
0.999982
0.999982
0.999982
0.999982
0.999982
0.999982
0.999982
0.999982
0.999982
0.999982
0.999982
0.999982
0.999982
0.999982
0.999982
0.999982
0.999982
0.999982
0.999982
0.999982
0.999982
0.999982
0.999982
0.999982
0.999982
0.999982
0.999982
0.999986
0.999986
0.999986
0.999986
0.999986
0.999986
0.999986
0.999986
0.999986
0.999986
0.999986
0.999986
0.999986
0.999986
0.999986
0.999986
0.999986
0.999986
0.999986
0.999986
0.999986
0.999986
0.999986
0.999986
0.999986
0.999986
0.999986
0.999986
0.999986
0.999986
0.999986
0.999986
0.999986
0.999986
0.999986
0.999986
0.999986
0.999986
0.999986
0.999986
0.999986
0.999986
0.999986
0.999986
0.999986
0.999986
0.999986
0.999986
0.999986
0.999986
0.999986
0.999986
0.999986
0.999986
0.999986
0.999986
0.999986
0.999986
0.999986
0.999986
0.999989
0.99999
0.99999
0.99999
0.99999
0.99999
0.99999
0.99999
0.99999
0.99999
0.99999
0.99999
0.99999
0.99999
0.99999
0.99999
0.99999
0.99999
0.99999
0.99999
0.99999
0.99999
0.99999
0.99999
0.99999
0.99999
0.99999
0.99999
0.99999
0.99999
0.99999
0.99999
0.99999
0.99999
0.99999
0.99999
0.99999
0.99999
0.99999
0.99999
0.99999
0.99999
0.99999
0.99999
0.99999
0.99999
0.99999
0.99999
0.99999
0.99999
0.99999
0.99999
0.99999
0.99999
0.99999
0.99999
0.99999
0.99999
0.99999
0.999989
0.999992
0.999992
0.999992
0.999992
0.999992
0.999992
0.999992
0.999992
0.999992
0.999992
0.999992
0.999992
0.999992
0.999992
0.999992
0.999992
0.999992
0.999992
0.999992
0.999992
0.999992
0.999992
0.999992
0.999992
0.999992
0.999992
0.999992
0.999992
0.999992
0.999992
0.999992
0.999992
0.999992
0.999992
0.999992
0.999992
0.999992
0.999992
0.999992
0.999992
0.999992
0.999992
0.999992
0.999992
0.999992
0.999992
0.999992
0.999992
0.999992
0.999992
0.999992
0.999992
0.999992
0.999992
0.999992
0.999992
0.999992
0.999992
0.999992
0.999992
0.999994
0.999994
0.999994
0.999994
0.999994
0.999994
0.999994
0.999994
0.999994
0.999994
0.999994
0.999994
0.999994
0.999994
0.999994
0.999994
0.999994
0.999994
0.999994
0.999994
0.999994
0.999994
0.999994
0.999994
0.999994
0.999994
0.999994
0.999994
0.999994
0.999994
0.999994
0.999994
0.999994
0.999994
0.999994
0.999994
0.999994
0.999994
0.999994
0.999994
0.999994
0.999994
0.999994
0.999994
0.999994
0.999994
0.999994
0.999994
0.999994
0.999994
0.999994
0.999994
0.999994
0.999994
0.999994
0.999994
0.999994
0.999994
0.999994
0.999994
0.999995
0.999995
0.999995
0.999995
0.999995
0.999995
0.999995
0.999995
0.999995
0.999995
0.999995
0.999995
0.999995
0.999995
0.999995
0.999995
0.999995
0.999995
0.999995
0.999995
0.999995
0.999995
0.999995
0.999995
0.999995
0.999995
0.999995
0.999995
0.999995
0.999995
0.999995
0.999995
0.999995
0.999995
0.999995
0.999995
0.999995
0.999995
0.999995
0.999995
0.999995
0.999995
0.999995
0.999995
0.999995
0.999995
0.999995
0.999995
0.999995
0.999995
0.999995
0.999995
0.999995
0.999995
0.999995
0.999995
0.999995
0.999995
0.999995
0.999995
0.999996
0.999996
0.999996
0.999996
0.999996
0.999996
0.999996
0.999996
0.999996
0.999996
0.999996
0.999996
0.999996
0.999996
0.999996
0.999996
0.999996
0.999996
0.999996
0.999996
0.999996
0.999996
0.999996
0.999996
0.999996
0.999996
0.999996
0.999996
0.999996
0.999996
0.999996
0.999996
0.999996
0.999996
0.999996
0.999996
0.999996
0.999996
0.999996
0.999996
0.999996
0.999996
0.999996
0.999996
0.999996
0.999996
0.999996
0.999996
0.999996
0.999996
0.999996
0.999996
0.999996
0.999996
0.999996
0.999996
0.999996
0.999996
0.999996
0.999996
0.999997
0.999997
0.999997
0.999997
0.999997
0.999997
0.999997
0.999997
0.999997
0.999997
0.999997
0.999997
0.999997
0.999997
0.999997
0.999997
0.999997
0.999997
0.999997
0.999997
0.999997
0.999997
0.999997
0.999997
0.999997
0.999997
0.999997
0.999997
0.999997
0.999997
0.999997
0.999997
0.999997
0.999997
0.999997
0.999997
0.999997
0.999997
0.999997
0.999997
0.999997
0.999997
0.999997
0.999997
0.999997
0.999997
0.999997
0.999997
0.999997
0.999997
0.999997
0.999997
0.999997
0.999997
0.999997
0.999997
0.999997
0.999997
0.999997
0.999997
0.999998
0.999998
0.999998
0.999998
0.999998
0.999998
0.999998
0.999998
0.999998
0.999998
0.999998
0.999997
0.999997
0.999997
0.999997
0.999997
0.999997
0.999997
0.999997
0.999997
0.999997
0.999997
0.999997
0.999997
0.999997
0.999997
0.999997
0.999997
0.999997
0.999997
0.999997
0.999997
0.999997
0.999997
0.999997
0.999997
0.999997
0.999997
0.999997
0.999997
0.999997
0.999997
0.999997
0.999997
0.999997
0.999997
0.999997
0.999997
0.999997
0.999998
0.999998
0.999998
0.999998
0.999998
0.999998
0.999998
0.999998
0.999998
0.999998
0.999998
0.999998
0.999998
0.999998
0.999998
0.999998
0.999998
0.999998
0.999998
0.999998
0.999998
0.999998
0.999998
0.999998
0.999998
0.999998
0.999998
0.999998
0.999998
0.999998
0.999998
0.999998
0.999998
0.999998
0.999998
0.999998
0.999998
0.999998
0.999998
0.999998
0.999998
0.999998
0.999998
0.999998
0.999998
0.999998
0.999998
0.999998
0.999998
0.999998
0.999998
0.999998
0.999998
0.999998
0.999998
0.999998
0.999998
0.999998
0.999998
0.999998
0.999998
0.999998
0.999998
0.999998
0.999998
0.999998
0.999998
0.999998
0.999998
0.999998
0.999998
0.999998
0.999998
0.999998
0.999998
0.999998
0.999998
0.999998
0.999998
0.999998
0.999998
0.999998
0.999998
0.999998
0.999998
0.999998
0.999998
0.999998
0.999998
0.999998
0.999998
0.999998
0.999998
0.999998
0.999998
0.999998
0.999998
0.999998
0.999998
0.999998
0.999998
0.999998
0.999998
0.999998
0.999998
0.999998
0.999998
0.999998
0.999998
0.999998
0.999998
0.999998
0.999998
0.999998
0.999998
0.999998
0.999998
0.999998
0.999998
0.999998
0.999998
0.999998
0.999998
0.999998
0.999998
0.999998
0.999998
0.999998
0.999998
0.999998
0.999998
0.999998
0.999998
0.999998
0.999998
0.999998
0.999998
0.999998
0.999998
0.999998
0.999998
0.999998
0.999998
0.999998
0.999998
0.999998
0.999998
0.999998
0.999998
0.999998
0.999998
0.999998
0.999998
0.999998
0.999998
0.999998
0.999998
0.999998
0.999998
0.999998
0.999998
0.999998
0.999998
0.999998
0.999998
0.999998
0.999998
0.999998
0.999998
0.999998
0.999998
0.999998
0.999998
0.999998
0.999998
0.999998
0.999998
0.999998
0.999998
0.999998
0.999998
0.999998
0.999998
0.999998
0.999998
0.999998
0.999998
0.999998
0.999998
0.999998
0.999998
0.999998
0.999998
0.999998
0.999998
0.999998
0.999998
0.999998
0.999998
0.999998
0.999998
0.999998
0.999998
0.999998
0.999998
0.999998
0.999998
0.999998
0.999998
0.999998
0.999998
0.999998
0.999998
0.999998
0.999998
0.999998
0.999998
0.999998
0.999998
0.999998
0.999998
0.999998
0.999998
0.999998
0.999998
0.999998
0.999998
0.999998
0.999998
0.999998
0.999998
0.999998
0.999998
0.999998
0.999998
0.999998
0.999998
0.999998
0.999998
0.999998
0.999998
0.999998
0.999998
0.999998
0.999998
0.999998
0.999998
0.999998
0.999998
0.999998
0.999998
0.999998
0.999998
0.999998
0.999998
0.999998
0.999998
0.999998
0.999998
0.999998
0.999998
0.999998
0.999998
0.999998
0.999998
0.999998
0.999998
0.999998
0.999998
0.999998
0.999998
0.999998
0.999998
0.999998
0.999998
0.999998
0.999998
0.999998
0.999998
0.999998
0.999998
0.999998
0.999998
0.999998
0.999998
0.999998
0.999998
0.999998
0.999998
0.999998
0.999998
0.999998
0.999998
0.999998
0.999998
0.999998
0.999998
0.999998
0.999998
0.999998
0.999998
0.999998
0.999998
0.999998
0.999998
0.999998
0.999998
0.999998
0.999998
0.999998
0.999998
0.999998
0.999998
0.999998
0.999998
0.999998
0.999998
0.999998
0.999998
0.999998
0.999997
0.999997
0.999997
0.999997
0.999997
0.999997
0.999997
0.999997
0.999997
0.999997
0.999997
0.999997
0.999997
0.999997
0.999997
0.999997
0.999997
0.999997
0.999997
0.999997
0.999997
0.999997
0.999997
0.999997
0.999997
0.999997
0.999997
0.999997
0.999997
0.999997
0.999997
0.999997
0.999997
0.999997
0.999997
0.999997
0.999997
0.999997
0.999997
0.999997
0.999997
0.999997
0.999998
0.999998
0.999998
0.999998
0.999998
0.999998
0.999998
0.999998
0.999998
0.999998
0.999998
0.999998
0.999998
0.999998
0.999998
0.999997
0.999997
0.999997
0.999997
0.999997
0.999997
0.999997
0.999997
0.999997
0.999997
0.999997
0.999997
0.999997
0.999997
0.999997
0.999997
0.999997
0.999997
0.999997
0.999997
0.999997
0.999997
0.999997
0.999997
0.999997
0.999997
0.999997
0.999997
0.999997
0.999997
0.999997
0.999997
0.999997
0.999997
0.999997
0.999997
0.999997
0.999997
0.999997
0.999997
0.999997
0.999997
0.999997
0.999997
0.999997
0.999997
0.999997
0.999997
0.999998
0.999998
0.999998
0.999998
0.999998
0.999998
0.999997
0.999997
0.999997
0.999997
0.999997
0.999997
0.999997
0.999997
0.999997
0.999997
0.999997
0.999996
0.999996
0.999996
0.999996
0.999996
0.999996
0.999996
0.999996
0.999996
0.999996
0.999996
0.999996
0.999996
0.999996
0.999996
0.999996
0.999996
0.999996
0.999996
0.999996
0.999996
0.999996
0.999996
0.999996
0.999996
0.999996
0.999996
0.999996
0.999996
0.999996
0.999996
0.999996
0.999996
0.999996
0.999996
0.999996
0.999996
0.999996
0.999997
0.999997
0.999997
0.999997
0.999997
0.999997
0.999997
0.999997
0.999997
0.999997
0.999997
0.999997
0.999997
0.999997
0.999997
0.999997
0.999997
0.999996
0.999996
0.999996
0.999996
0.999996
0.999996
0.999996
0.999996
0.999996
0.999996
0.999996
0.999996
0.999996
0.999996
0.999996
0.999996
0.999996
0.999996
0.999996
0.999996
0.999996
0.999996
0.999996
0.999996
0.999996
0.999996
0.999996
0.999996
0.999996
0.999996
0.999996
0.999996
0.999996
0.999996
0.999996
0.999996
0.999996
0.999996
0.999996
0.999996
0.999996
0.999996
0.999996
0.999996
0.999996
0.999996
0.999996
0.999996
0.999997
0.999997
0.999997
0.999997
0.999997
0.999997
0.999996
0.999996
0.999996
0.999996
0.999996
0.999996
0.999996
0.999996
0.999996
0.999995
0.999995
0.999995
0.999995
0.999995
0.999995
0.999995
0.999995
0.999995
0.999995
0.999995
0.999995
0.999995
0.999995
0.999995
0.999995
0.999995
0.999995
0.999995
0.999995
0.999995
0.999995
0.999995
0.999995
0.999995
0.999995
0.999995
0.999995
0.999995
0.999995
0.999995
0.999995
0.999995
0.999995
0.999995
0.999995
0.999995
0.999995
0.999995
0.999995
0.999995
0.999995
0.999996
0.999996
0.999996
0.999996
0.999996
0.999996
0.999996
0.999996
0.999996
0.999996
0.999996
0.999996
0.999996
0.999995
0.999995
0.999995
0.999995
0.999995
0.999995
0.999994
0.999994
0.999994
0.999994
0.999994
0.999994
0.999994
0.999994
0.999994
0.999994
0.999994
0.999994
0.999994
0.999994
0.999994
0.999994
0.999994
0.999994
0.999994
0.999994
0.999994
0.999994
0.999994
0.999994
0.999994
0.999994
0.999994
0.999994
0.999994
0.999994
0.999994
0.999994
0.999994
0.999994
0.999994
0.999994
0.999994
0.999994
0.999994
0.999994
0.999995
0.999995
0.999995
0.999995
0.999995
0.999995
0.999996
0.999996
0.999996
0.999996
0.999995
0.999995
0.999995
0.999995
0.999995
0.999994
0.999994
0.999994
0.999994
0.999994
0.999994
0.999993
0.999993
0.999993
0.999993
0.999993
0.999993
0.999993
0.999993
0.999993
0.999993
0.999993
0.999993
0.999993
0.999993
0.999993
0.999993
0.999993
0.999993
0.999993
0.999993
0.999993
0.999993
0.999993
0.999993
0.999993
0.999993
0.999993
0.999993
0.999993
0.999993
0.999993
0.999993
0.999993
0.999993
0.999993
0.999993
0.999993
0.999993
0.999994
0.999994
0.999994
0.999994
0.999994
0.999994
0.999995
0.999995
0.999995
0.999995
0.999995
0.999994
0.999994
0.999994
0.999994
0.999994
0.999994
0.999993
0.999993
0.999993
0.999993
0.999993
0.999992
0.999992
0.999992
0.999992
0.999992
0.999992
0.999992
0.999992
0.999992
0.999992
0.999992
0.999992
0.999992
0.999992
0.999992
0.999992
0.999992
0.999992
0.999992
0.999992
0.999992
0.999992
0.999992
0.999992
0.999992
0.999992
0.999992
0.999992
0.999992
0.999992
0.999992
0.999992
0.999992
0.999992
0.999992
0.999992
0.999992
0.999992
0.999993
0.999993
0.999993
0.999993
0.999993
0.999994
0.999994
0.999994
0.999994
0.999994
0.999994
0.999993
0.999993
0.999993
0.999993
0.999993
0.999993
0.999992
0.999992
0.999992
0.999992
0.999991
0.999991
0.999991
0.999991
0.999991
0.999991
0.999991
0.999991
0.999991
0.999991
0.999991
0.999991
0.999991
0.999991
0.999991
0.999991
0.999991
0.999991
0.999991
0.999991
0.999991
0.999991
0.999991
0.999991
0.999991
0.999991
0.999991
0.999991
0.999991
0.999991
0.999991
0.999991
0.999991
0.999991
0.999991
0.999991
0.999991
0.999991
0.999991
0.999991
0.999992
0.999992
0.999992
0.999992
0.999993
0.999993
0.999993
0.999993
0.999993
0.999993
0.999992
0.999992
0.999992
0.999992
0.999992
0.999991
0.999991
0.999991
0.999991
0.99999
0.99999
0.99999
0.99999
0.99999
0.99999
0.99999
0.99999
0.99999
0.99999
0.99999
0.99999
0.99999
0.99999
0.99999
0.99999
0.99999
0.99999
0.99999
0.99999
0.99999
0.99999
0.99999
0.99999
0.99999
0.99999
0.99999
0.99999
0.99999
0.99999
0.99999
0.99999
0.99999
0.99999
0.99999
0.99999
0.99999
0.99999
0.99999
0.99999
0.99999
0.99999
0.999991
0.999991
0.999991
0.999991
0.999992
0.999992
0.999992
0.999992
0.999992
0.999991
0.999991
0.999991
0.999991
0.99999
0.99999
0.99999
0.99999
0.999989
0.999989
0.999989
0.999989
0.999989
0.999988
0.999988
0.999988
0.999988
0.999988
0.999988
0.999988
0.999988
0.999988
0.999988
0.999988
0.999988
0.999988
0.999988
0.999988
0.999988
0.999988
0.999988
0.999988
0.999988
0.999988
0.999988
0.999988
0.999988
0.999988
0.999988
0.999988
0.999988
0.999988
0.999988
0.999988
0.999988
0.999988
0.999988
0.999989
0.999989
0.999989
0.999989
0.999989
0.99999
0.99999
0.99999
0.99999
0.999991
0.999991
0.999991
0.999991
0.99999
0.99999
0.99999
0.999989
0.999989
0.999989
0.999989
0.999988
0.999988
0.999988
0.999987
0.999987
0.999987
0.999987
0.999987
0.999987
0.999987
0.999987
0.999987
0.999987
0.999987
0.999987
0.999987
0.999987
0.999987
0.999987
0.999987
0.999987
0.999987
0.999987
0.999987
0.999987
0.999987
0.999987
0.999987
0.999987
0.999987
0.999987
0.999987
0.999987
0.999987
0.999987
0.999987
0.999987
0.999987
0.999987
0.999987
0.999987
0.999987
0.999987
0.999988
0.999988
0.999988
0.999989
0.999989
0.999989
0.999989
0.99999
0.99999
0.99999
0.999988
0.999988
0.999988
0.999988
0.999988
0.999987
0.999987
0.999987
0.999986
0.999986
0.999986
0.999986
0.999985
0.999985
0.999985
0.999985
0.999985
0.999985
0.999985
0.999985
0.999985
0.999985
0.999985
0.999985
0.999985
0.999985
0.999985
0.999985
0.999985
0.999985
0.999985
0.999985
0.999985
0.999985
0.999985
0.999985
0.999985
0.999985
0.999985
0.999985
0.999985
0.999985
0.999985
0.999985
0.999985
0.999985
0.999985
0.999985
0.999986
0.999986
0.999986
0.999986
0.999987
0.999987
0.999987
0.999988
0.999988
0.999988
0.999988
0.999988
0.999987
0.999987
0.999987
0.999986
0.999986
0.999986
0.999986
0.999985
0.999985
0.999985
0.999984
0.999984
0.999984
0.999984
0.999984
0.999983
0.999983
0.999983
0.999983
0.999983
0.999983
0.999983
0.999983
0.999983
0.999983
0.999983
0.999983
0.999984
0.999984
0.999984
0.999984
0.999984
0.999984
0.999983
0.999983
0.999983
0.999983
0.999983
0.999983
0.999983
0.999983
0.999983
0.999983
0.999983
0.999983
0.999984
0.999984
0.999984
0.999984
0.999984
0.999985
0.999985
0.999985
0.999986
0.999986
0.999986
0.999986
0.999987
0.999987
0.999987
0.999985
0.999985
0.999985
0.999985
0.999985
0.999984
0.999984
0.999984
0.999983
0.999983
0.999983
0.999982
0.999982
0.999982
0.999982
0.999982
0.999982
0.999982
0.999982
0.999982
0.999982
0.999982
0.999982
0.999982
0.999982
0.999982
0.999982
0.999982
0.999982
0.999982
0.999982
0.999982
0.999982
0.999982
0.999982
0.999982
0.999982
0.999982
0.999982
0.999982
0.999982
0.999982
0.999982
0.999982
0.999982
0.999982
0.999982
0.999982
0.999982
0.999983
0.999983
0.999983
0.999984
0.999984
0.999984
0.999985
0.999985
0.999985
0.999985
0.999985
0.999984
0.999984
0.999984
0.999983
0.999983
0.999983
0.999982
0.999982
0.999982
0.999981
0.999981
0.999981
0.99998
0.99998
0.99998
0.99998
0.99998
0.99998
0.99998
0.99998
0.99998
0.99998
0.99998
0.99998
0.99998
0.99998
0.99998
0.99998
0.99998
0.99998
0.99998
0.99998
0.99998
0.99998
0.99998
0.99998
0.99998
0.99998
0.99998
0.99998
0.99998
0.99998
0.99998
0.99998
0.99998
0.99998
0.99998
0.99998
0.999981
0.999981
0.999981
0.999982
0.999982
0.999982
0.999983
0.999983
0.999983
0.999984
0.999984
0.999984
0.999982
0.999982
0.999982
0.999982
0.999981
0.999981
0.999981
0.99998
0.99998
0.999979
0.999979
0.999979
0.999979
0.999978
0.999978
0.999978
0.999978
0.999978
0.999978
0.999978
0.999978
0.999978
0.999978
0.999978
0.999978
0.999978
0.999978
0.999978
0.999978
0.999978
0.999978
0.999978
0.999978
0.999978
0.999978
0.999978
0.999978
0.999978
0.999978
0.999978
0.999978
0.999978
0.999978
0.999978
0.999978
0.999978
0.999978
0.999979
0.999979
0.999979
0.999979
0.99998
0.99998
0.999981
0.999981
0.999981
0.999982
0.999982
0.999982
0.999982
0.999981
0.999981
0.999981
0.99998
0.99998
0.999979
0.999979
0.999979
0.999978
0.999978
0.999977
0.999977
0.999977
0.999977
0.999976
0.999976
0.999976
0.999976
0.999976
0.999976
0.999976
0.999976
0.999976
0.999976
0.999976
0.999976
0.999976
0.999976
0.999976
0.999976
0.999976
0.999976
0.999976
0.999976
0.999976
0.999976
0.999976
0.999976
0.999976
0.999976
0.999976
0.999976
0.999976
0.999976
0.999976
0.999976
0.999977
0.999977
0.999977
0.999977
0.999978
0.999978
0.999979
0.999979
0.999979
0.99998
0.99998
0.999981
0.999981
0.999981
0.999979
0.999979
0.999979
0.999979
0.999978
0.999978
0.999977
0.999977
0.999977
0.999976
0.999976
0.999975
0.999975
0.999975
0.999975
0.999975
0.999975
0.999975
0.999974
0.999974
0.999974
0.999975
0.999975
0.999975
0.999975
0.999975
0.999975
0.999975
0.999975
0.999975
0.999975
0.999975
0.999975
0.999975
0.999975
0.999975
0.999975
0.999975
0.999975
0.999974
0.999974
0.999974
0.999975
0.999975
0.999975
0.999975
0.999975
0.999975
0.999975
0.999976
0.999976
0.999977
0.999977
0.999977
0.999978
0.999978
0.999979
0.999979
0.999979
0.999979
0.999978
0.999978
0.999978
0.999977
0.999977
0.999976
0.999976
0.999976
0.999975
0.999975
0.999974
0.999974
0.999974
0.999973
0.999973
0.999973
0.999973
0.999973
0.999973
0.999973
0.999973
0.999973
0.999973
0.999973
0.999973
0.999973
0.999973
0.999973
0.999973
0.999973
0.999973
0.999973
0.999973
0.999973
0.999973
0.999973
0.999973
0.999973
0.999973
0.999973
0.999973
0.999973
0.999973
0.999973
0.999973
0.999973
0.999973
0.999974
0.999974
0.999974
0.999975
0.999975
0.999976
0.999976
0.999976
0.999977
0.999977
0.999978
0.999978
0.999978
0.999977
0.999977
0.999976
0.999976
0.999976
0.999975
0.999975
0.999974
0.999974
0.999973
0.999973
0.999973
0.999972
0.999972
0.999972
0.999972
0.999972
0.999972
0.999972
0.999972
0.999972
0.999972
0.999972
0.999972
0.999972
0.999972
0.999972
0.999972
0.999972
0.999972
0.999972
0.999972
0.999972
0.999972
0.999972
0.999972
0.999972
0.999972
0.999972
0.999972
0.999972
0.999972
0.999972
0.999972
0.999972
0.999972
0.999972
0.999972
0.999973
0.999973
0.999973
0.999974
0.999974
0.999975
0.999975
0.999976
0.999976
0.999976
0.999977
0.999977
0.999976
0.999976
0.999975
0.999975
0.999975
0.999974
0.999974
0.999973
0.999973
0.999972
0.999972
0.999971
0.999971
0.999971
0.999971
0.999971
0.99997
0.99997
0.99997
0.99997
0.99997
0.99997
0.99997
0.99997
0.99997
0.99997
0.999971
0.999971
0.999971
0.999971
0.999971
0.999971
0.999971
0.999971
0.99997
0.99997
0.99997
0.99997
0.99997
0.99997
0.99997
0.99997
0.99997
0.99997
0.999971
0.999971
0.999971
0.999971
0.999971
0.999972
0.999972
0.999973
0.999973
0.999974
0.999974
0.999975
0.999975
0.999975
0.999976
0.999976
0.999975
0.999975
0.999975
0.999974
0.999974
0.999973
0.999973
0.999972
0.999972
0.999971
0.999971
0.999971
0.99997
0.99997
0.99997
0.99997
0.99997
0.99997
0.99997
0.999969
0.999969
0.99997
0.99997
0.99997
0.99997
0.99997
0.99997
0.99997
0.99997
0.99997
0.99997
0.99997
0.99997
0.99997
0.99997
0.99997
0.99997
0.99997
0.99997
0.999969
0.999969
0.99997
0.99997
0.99997
0.99997
0.99997
0.99997
0.99997
0.999971
0.999971
0.999971
0.999972
0.999972
0.999973
0.999973
0.999974
0.999974
0.999975
0.999975
0.999975
0.999975
0.999974
0.999974
0.999974
0.999973
0.999973
0.999972
0.999972
0.999971
0.999971
0.999971
0.99997
0.99997
0.99997
0.999969
0.999969
0.999969
0.999969
0.999969
0.999969
0.999969
0.999969
0.999969
0.999969
0.999969
0.999969
0.999969
0.999969
0.999969
0.999969
0.999969
0.999969
0.999969
0.999969
0.999969
0.999969
0.999969
0.999969
0.999969
0.999969
0.999969
0.999969
0.999969
0.999969
0.999969
0.999969
0.99997
0.99997
0.99997
0.999971
0.999971
0.999971
0.999972
0.999972
0.999973
0.999973
0.999974
0.999974
0.999974
0.999975
0.999974
0.999974
0.999974
0.999974
0.999973
0.999973
0.999972
0.999972
0.999971
0.999971
0.99997
0.99997
0.99997
0.99997
0.999969
0.999969
0.999969
0.999969
0.999969
0.999969
0.999969
0.999969
0.999969
0.999969
0.999969
0.999969
0.999969
0.999969
0.999969
0.999969
0.999969
0.999969
0.999969
0.999969
0.999969
0.999969
0.999969
0.999969
0.999969
0.999969
0.999969
0.999969
0.999969
0.999969
0.999969
0.999969
0.99997
0.99997
0.99997
0.99997
0.999971
0.999971
0.999972
0.999972
0.999973
0.999973
0.999974
0.999974
0.999974
0.999974
0.999975
0.999974
0.999974
0.999974
0.999973
0.999973
0.999973
0.999972
0.999972
0.999971
0.999971
0.99997
0.99997
0.99997
0.99997
0.99997
0.999969
0.999969
0.999969
0.999969
0.999969
0.999969
0.999969
0.999969
0.999969
0.999969
0.999969
0.999969
0.999969
0.999969
0.999969
0.999969
0.999969
0.999969
0.999969
0.999969
0.999969
0.999969
0.999969
0.999969
0.999969
0.999969
0.999969
0.999969
0.99997
0.99997
0.99997
0.99997
0.99997
0.999971
0.999971
0.999972
0.999972
0.999973
0.999973
0.999973
0.999974
0.999974
0.999974
0.999975
0.999975
0.999975
0.999975
0.999975
0.999974
0.999974
0.999973
0.999973
0.999972
0.999972
0.999972
0.999971
0.999971
0.999971
0.999971
0.99997
0.99997
0.99997
0.99997
0.99997
0.99997
0.99997
0.99997
0.99997
0.99997
0.99997
0.99997
0.99997
0.99997
0.99997
0.99997
0.99997
0.99997
0.99997
0.99997
0.99997
0.99997
0.99997
0.99997
0.99997
0.99997
0.99997
0.99997
0.99997
0.99997
0.999971
0.999971
0.999971
0.999971
0.999972
0.999972
0.999972
0.999973
0.999973
0.999974
0.999974
0.999975
0.999975
0.999975
0.999975
0.999977
0.999976
0.999976
0.999976
0.999975
0.999975
0.999975
0.999974
0.999974
0.999973
0.999973
0.999973
0.999972
0.999972
0.999972
0.999972
0.999972
0.999972
0.999972
0.999972
0.999972
0.999972
0.999972
0.999972
0.999972
0.999972
0.999972
0.999972
0.999972
0.999972
0.999972
0.999972
0.999972
0.999972
0.999972
0.999972
0.999972
0.999972
0.999972
0.999972
0.999972
0.999972
0.999972
0.999972
0.999972
0.999972
0.999972
0.999972
0.999973
0.999973
0.999973
0.999974
0.999974
0.999975
0.999975
0.999975
0.999976
0.999976
0.999976
0.999977
0.999978
0.999978
0.999978
0.999977
0.999977
0.999977
0.999976
0.999976
0.999976
0.999975
0.999975
0.999975
0.999974
0.999974
0.999974
0.999974
0.999974
0.999974
0.999974
0.999974
0.999974
0.999974
0.999974
0.999974
0.999974
0.999974
0.999974
0.999974
0.999974
0.999974
0.999974
0.999974
0.999974
0.999974
0.999974
0.999974
0.999974
0.999974
0.999974
0.999974
0.999974
0.999974
0.999974
0.999974
0.999974
0.999974
0.999974
0.999974
0.999975
0.999975
0.999975
0.999976
0.999976
0.999976
0.999977
0.999977
0.999977
0.999978
0.999978
0.999978
0.99998
0.99998
0.99998
0.99998
0.999979
0.999979
0.999979
0.999978
0.999978
0.999978
0.999978
0.999977
0.999977
0.999977
0.999977
0.999977
0.999976
0.999976
0.999976
0.999976
0.999976
0.999976
0.999976
0.999976
0.999976
0.999976
0.999976
0.999976
0.999976
0.999976
0.999976
0.999976
0.999976
0.999976
0.999976
0.999976
0.999976
0.999976
0.999976
0.999976
0.999976
0.999976
0.999976
0.999976
0.999977
0.999977
0.999977
0.999977
0.999977
0.999978
0.999978
0.999978
0.999978
0.999979
0.999979
0.999979
0.99998
0.99998
0.99998
0.99998
0.999983
0.999983
0.999983
0.999982
0.999982
0.999982
0.999982
0.999981
0.999981
0.999981
0.999981
0.99998
0.99998
0.99998
0.99998
0.99998
0.99998
0.99998
0.99998
0.99998
0.99998
0.99998
0.99998
0.99998
0.99998
0.99998
0.99998
0.99998
0.99998
0.99998
0.99998
0.99998
0.99998
0.99998
0.99998
0.99998
0.99998
0.99998
0.99998
0.99998
0.99998
0.99998
0.99998
0.99998
0.99998
0.99998
0.99998
0.99998
0.99998
0.999981
0.999981
0.999981
0.999981
0.999982
0.999982
0.999982
0.999982
0.999983
0.999983
0.999983
0.999986
0.999986
0.999986
0.999986
0.999985
0.999985
0.999985
0.999985
0.999985
0.999984
0.999984
0.999984
0.999984
0.999984
0.999984
0.999984
0.999983
0.999983
0.999983
0.999983
0.999983
0.999983
0.999983
0.999983
0.999983
0.999983
0.999983
0.999983
0.999983
0.999983
0.999983
0.999983
0.999983
0.999983
0.999983
0.999983
0.999983
0.999983
0.999983
0.999983
0.999983
0.999983
0.999983
0.999983
0.999984
0.999984
0.999984
0.999984
0.999984
0.999984
0.999984
0.999985
0.999985
0.999985
0.999985
0.999985
0.999986
0.999986
0.999986
0.999986
0.99999
0.99999
0.99999
0.999989
0.999989
0.999989
0.999989
0.999989
0.999989
0.999988
0.999988
0.999988
0.999988
0.999988
0.999988
0.999988
0.999988
0.999988
0.999988
0.999988
0.999988
0.999988
0.999988
0.999988
0.999988
0.999988
0.999988
0.999988
0.999988
0.999988
0.999988
0.999988
0.999988
0.999988
0.999988
0.999988
0.999988
0.999988
0.999988
0.999988
0.999988
0.999988
0.999988
0.999988
0.999988
0.999988
0.999988
0.999988
0.999988
0.999988
0.999988
0.999989
0.999989
0.999989
0.999989
0.999989
0.999989
0.99999
0.99999
0.99999
0.999994
0.999994
0.999994
0.999993
0.999993
0.999993
0.999993
0.999993
0.999993
0.999993
0.999993
0.999993
0.999993
0.999993
0.999992
0.999992
0.999992
0.999992
0.999992
0.999992
0.999992
0.999992
0.999992
0.999992
0.999992
0.999992
0.999992
0.999992
0.999992
0.999992
0.999992
0.999992
0.999992
0.999992
0.999992
0.999992
0.999992
0.999992
0.999992
0.999992
0.999992
0.999992
0.999992
0.999992
0.999992
0.999992
0.999993
0.999993
0.999993
0.999993
0.999993
0.999993
0.999993
0.999993
0.999993
0.999993
0.999993
0.999994
0.999994
0.999994
0.999998
0.999998
0.999998
0.999998
0.999998
0.999998
0.999998
0.999998
0.999998
0.999998
0.999998
0.999998
0.999997
0.999997
0.999997
0.999997
0.999997
0.999997
0.999997
0.999997
0.999997
0.999997
0.999997
0.999997
0.999997
0.999997
0.999997
0.999997
0.999997
0.999997
0.999997
0.999997
0.999997
0.999997
0.999997
0.999997
0.999997
0.999997
0.999997
0.999997
0.999997
0.999997
0.999997
0.999997
0.999997
0.999997
0.999997
0.999997
0.999998
0.999998
0.999998
0.999998
0.999998
0.999998
0.999998
0.999998
0.999998
0.999998
0.999998
0.999998
)
;

boundaryField
{
    top
    {
        type            fixedValue;
        value           uniform 1;
    }
    bottom
    {
        type            fixedIonicFlux;
        value           nonuniform List<scalar> 
60
(
0.135589
0.135656
0.135671
0.135676
0.135679
0.135681
0.135682
0.135683
0.135683
0.135684
0.135684
0.135684
0.135685
0.135685
0.135685
0.135685
0.135685
0.135685
0.135685
0.135685
0.135685
0.135685
0.135686
0.135686
0.135686
0.135686
0.135686
0.135686
0.135686
0.135686
0.135686
0.135686
0.135686
0.135686
0.135686
0.135686
0.135686
0.135686
0.135685
0.135685
0.135685
0.135685
0.135685
0.135685
0.135685
0.135685
0.135685
0.135685
0.135684
0.135684
0.135684
0.135683
0.135683
0.135682
0.135681
0.135679
0.135676
0.135671
0.135656
0.135589
)
;
    }
    wall
    {
        type            zeroGradient;
    }
    frontAndBack
    {
        type            empty;
    }
}


// ************************************************************************* //
