/*--------------------------------*- C++ -*----------------------------------*\
| =========                 |                                                 |
| \\      /  F ield         | foam-extend: Open Source CFD                    |
|  \\    /   O peration     | Version:     4.0                                |
|   \\  /    A nd           | Web:         http://www.foam-extend.org         |
|    \\/     M anipulation  |                                                 |
\*---------------------------------------------------------------------------*/
FoamFile
{
    version     2.0;
    format      ascii;
    class       volScalarField;
    location    "710";
    object      psiE;
}
// * * * * * * * * * * * * * * * * * * * * * * * * * * * * * * * * * * * * * //

dimensions      [0 0 0 0 0 0 0];

internalField   nonuniform List<scalar> 
6960
(
0.324921
0.324922
0.324924
0.324926
0.324928
0.324929
0.324931
0.324933
0.324934
0.324936
0.324937
0.324938
0.324939
0.324941
0.324942
0.324943
0.324944
0.324944
0.324945
0.324946
0.324946
0.324947
0.324948
0.324948
0.324948
0.324949
0.324949
0.324949
0.324949
0.324949
0.324949
0.324949
0.324949
0.324949
0.324949
0.324948
0.324948
0.324948
0.324947
0.324946
0.324946
0.324945
0.324944
0.324944
0.324943
0.324942
0.324941
0.324939
0.324938
0.324937
0.324936
0.324934
0.324933
0.324931
0.324929
0.324928
0.324926
0.324924
0.324922
0.324921
0.796586
0.796592
0.796598
0.796606
0.796613
0.79662
0.796627
0.796633
0.796639
0.796645
0.79665
0.796655
0.79666
0.796664
0.796669
0.796673
0.796676
0.796679
0.796682
0.796685
0.796688
0.79669
0.796692
0.796693
0.796695
0.796696
0.796697
0.796698
0.796698
0.796698
0.796698
0.796698
0.796698
0.796697
0.796696
0.796695
0.796693
0.796692
0.79669
0.796688
0.796685
0.796682
0.796679
0.796676
0.796673
0.796669
0.796664
0.79666
0.796655
0.79665
0.796645
0.796639
0.796633
0.796627
0.79662
0.796613
0.796606
0.796598
0.796592
0.796586
1.21093
1.21094
1.21095
1.21097
1.21098
1.21099
1.21101
1.21102
1.21103
1.21104
1.21105
1.21106
1.21107
1.21108
1.21109
1.2111
1.21111
1.21111
1.21112
1.21112
1.21113
1.21113
1.21114
1.21114
1.21114
1.21114
1.21115
1.21115
1.21115
1.21115
1.21115
1.21115
1.21115
1.21115
1.21114
1.21114
1.21114
1.21114
1.21113
1.21113
1.21112
1.21112
1.21111
1.21111
1.2111
1.21109
1.21108
1.21107
1.21106
1.21105
1.21104
1.21103
1.21102
1.21101
1.21099
1.21098
1.21097
1.21095
1.21094
1.21093
1.60554
1.60555
1.60558
1.6056
1.60562
1.60564
1.60567
1.60569
1.60571
1.60572
1.60574
1.60576
1.60577
1.60579
1.6058
1.60581
1.60582
1.60583
1.60584
1.60585
1.60586
1.60586
1.60587
1.60587
1.60588
1.60588
1.60588
1.60589
1.60589
1.60589
1.60589
1.60589
1.60589
1.60588
1.60588
1.60588
1.60587
1.60587
1.60586
1.60586
1.60585
1.60584
1.60583
1.60582
1.60581
1.6058
1.60579
1.60577
1.60576
1.60574
1.60572
1.60571
1.60569
1.60567
1.60564
1.60562
1.6056
1.60558
1.60555
1.60554
1.99606
1.99608
1.99611
1.99615
1.99618
1.99621
1.99624
1.99627
1.9963
1.99632
1.99634
1.99637
1.99639
1.99641
1.99643
1.99644
1.99646
1.99647
1.99649
1.9965
1.99651
1.99652
1.99652
1.99653
1.99654
1.99654
1.99655
1.99655
1.99655
1.99655
1.99655
1.99655
1.99655
1.99655
1.99654
1.99654
1.99653
1.99652
1.99652
1.99651
1.9965
1.99649
1.99647
1.99646
1.99644
1.99643
1.99641
1.99639
1.99637
1.99634
1.99632
1.9963
1.99627
1.99624
1.99621
1.99618
1.99615
1.99611
1.99608
1.99606
2.38955
2.38958
2.38962
2.38967
2.38971
2.38975
2.38979
2.38983
2.38986
2.3899
2.38993
2.38996
2.38998
2.39001
2.39003
2.39006
2.39008
2.39009
2.39011
2.39013
2.39014
2.39015
2.39016
2.39017
2.39018
2.39019
2.39019
2.3902
2.3902
2.3902
2.3902
2.3902
2.3902
2.39019
2.39019
2.39018
2.39017
2.39016
2.39015
2.39014
2.39013
2.39011
2.39009
2.39008
2.39006
2.39003
2.39001
2.38998
2.38996
2.38993
2.3899
2.38986
2.38983
2.38979
2.38975
2.38971
2.38967
2.38962
2.38958
2.38955
2.7893
2.78934
2.78939
2.78945
2.7895
2.78955
2.7896
2.78965
2.78969
2.78974
2.78977
2.78981
2.78985
2.78988
2.78991
2.78993
2.78996
2.78998
2.79
2.79002
2.79004
2.79005
2.79007
2.79008
2.79009
2.7901
2.7901
2.79011
2.79011
2.79011
2.79011
2.79011
2.79011
2.7901
2.7901
2.79009
2.79008
2.79007
2.79005
2.79004
2.79002
2.79
2.78998
2.78996
2.78993
2.78991
2.78988
2.78985
2.78981
2.78977
2.78974
2.78969
2.78965
2.7896
2.78955
2.7895
2.78945
2.78939
2.78934
2.7893
3.19687
3.19691
3.19697
3.19704
3.1971
3.19717
3.19722
3.19728
3.19733
3.19738
3.19743
3.19748
3.19752
3.19756
3.19759
3.19762
3.19765
3.19768
3.19771
3.19773
3.19775
3.19777
3.19778
3.1978
3.19781
3.19782
3.19783
3.19783
3.19784
3.19784
3.19784
3.19784
3.19783
3.19783
3.19782
3.19781
3.1978
3.19778
3.19777
3.19775
3.19773
3.19771
3.19768
3.19765
3.19762
3.19759
3.19756
3.19752
3.19748
3.19743
3.19738
3.19733
3.19728
3.19722
3.19717
3.1971
3.19704
3.19697
3.19691
3.19687
3.61297
3.61302
3.61309
3.61317
3.61325
3.61332
3.61339
3.61346
3.61352
3.61358
3.61363
3.61368
3.61373
3.61378
3.61382
3.61386
3.61389
3.61393
3.61396
3.61398
3.61401
3.61403
3.61405
3.61406
3.61408
3.61409
3.6141
3.6141
3.61411
3.61411
3.61411
3.61411
3.6141
3.6141
3.61409
3.61408
3.61406
3.61405
3.61403
3.61401
3.61398
3.61396
3.61393
3.61389
3.61386
3.61382
3.61378
3.61373
3.61368
3.61363
3.61358
3.61352
3.61346
3.61339
3.61332
3.61325
3.61317
3.61309
3.61302
3.61297
4.03796
4.03803
4.03811
4.0382
4.03828
4.03837
4.03845
4.03852
4.0386
4.03866
4.03873
4.03879
4.03884
4.03889
4.03894
4.03899
4.03903
4.03906
4.0391
4.03913
4.03916
4.03918
4.0392
4.03922
4.03924
4.03925
4.03926
4.03927
4.03927
4.03928
4.03928
4.03927
4.03927
4.03926
4.03925
4.03924
4.03922
4.0392
4.03918
4.03916
4.03913
4.0391
4.03906
4.03903
4.03899
4.03894
4.03889
4.03884
4.03879
4.03873
4.03866
4.0386
4.03852
4.03845
4.03837
4.03828
4.0382
4.03811
4.03803
4.03796
4.47202
4.47209
4.47219
4.47228
4.47238
4.47248
4.47257
4.47266
4.47274
4.47281
4.47289
4.47295
4.47302
4.47307
4.47313
4.47318
4.47323
4.47327
4.47331
4.47334
4.47337
4.4734
4.47342
4.47344
4.47346
4.47348
4.47349
4.4735
4.4735
4.47351
4.47351
4.4735
4.4735
4.47349
4.47348
4.47346
4.47344
4.47342
4.4734
4.47337
4.47334
4.47331
4.47327
4.47323
4.47318
4.47313
4.47307
4.47302
4.47295
4.47289
4.47281
4.47274
4.47266
4.47257
4.47248
4.47238
4.47228
4.47219
4.47209
4.47202
4.91522
4.9153
4.9154
4.91552
4.91563
4.91573
4.91583
4.91593
4.91602
4.91611
4.91619
4.91626
4.91633
4.9164
4.91646
4.91652
4.91657
4.91661
4.91666
4.9167
4.91673
4.91676
4.91679
4.91681
4.91683
4.91685
4.91686
4.91687
4.91688
4.91688
4.91688
4.91688
4.91687
4.91686
4.91685
4.91683
4.91681
4.91679
4.91676
4.91673
4.9167
4.91666
4.91661
4.91657
4.91652
4.91646
4.9164
4.91633
4.91626
4.91619
4.91611
4.91602
4.91593
4.91583
4.91573
4.91563
4.91552
4.9154
4.9153
4.91522
5.3676
5.36768
5.3678
5.36792
5.36804
5.36816
5.36827
5.36838
5.36848
5.36857
5.36866
5.36875
5.36882
5.3689
5.36896
5.36903
5.36908
5.36913
5.36918
5.36922
5.36926
5.3693
5.36933
5.36935
5.36938
5.36939
5.36941
5.36942
5.36943
5.36943
5.36943
5.36943
5.36942
5.36941
5.36939
5.36938
5.36935
5.36933
5.3693
5.36926
5.36922
5.36918
5.36913
5.36908
5.36903
5.36896
5.3689
5.36882
5.36875
5.36866
5.36857
5.36848
5.36838
5.36827
5.36816
5.36804
5.36792
5.3678
5.36768
5.3676
5.82914
5.82923
5.82936
5.82949
5.82962
5.82975
5.82988
5.82999
5.83011
5.83021
5.83031
5.8304
5.83048
5.83056
5.83064
5.8307
5.83077
5.83082
5.83088
5.83092
5.83097
5.831
5.83104
5.83106
5.83109
5.83111
5.83112
5.83114
5.83114
5.83115
5.83115
5.83114
5.83114
5.83112
5.83111
5.83109
5.83106
5.83104
5.831
5.83097
5.83092
5.83088
5.83082
5.83077
5.8307
5.83064
5.83056
5.83048
5.8304
5.83031
5.83021
5.83011
5.82999
5.82988
5.82975
5.82962
5.82949
5.82936
5.82923
5.82914
6.29981
6.29991
6.30005
6.3002
6.30034
6.30048
6.30062
6.30075
6.30087
6.30098
6.30109
6.30119
6.30128
6.30137
6.30145
6.30152
6.30159
6.30165
6.30171
6.30176
6.3018
6.30184
6.30188
6.30191
6.30194
6.30196
6.30198
6.30199
6.302
6.302
6.302
6.302
6.30199
6.30198
6.30196
6.30194
6.30191
6.30188
6.30184
6.3018
6.30176
6.30171
6.30165
6.30159
6.30152
6.30145
6.30137
6.30128
6.30119
6.30109
6.30098
6.30087
6.30075
6.30062
6.30048
6.30034
6.3002
6.30005
6.29991
6.29981
6.77956
6.77967
6.77982
6.77998
6.78014
6.78029
6.78044
6.78057
6.7807
6.78083
6.78094
6.78105
6.78115
6.78124
6.78133
6.78141
6.78148
6.78155
6.78161
6.78167
6.78172
6.78176
6.7818
6.78183
6.78186
6.78189
6.78191
6.78192
6.78193
6.78193
6.78193
6.78193
6.78192
6.78191
6.78189
6.78186
6.78183
6.7818
6.78176
6.78172
6.78167
6.78161
6.78155
6.78148
6.78141
6.78133
6.78124
6.78115
6.78105
6.78094
6.78083
6.7807
6.78057
6.78044
6.78029
6.78014
6.77998
6.77982
6.77967
6.77956
7.2683
7.26842
7.26858
7.26875
7.26892
7.26908
7.26924
7.26939
7.26953
7.26966
7.26978
7.2699
7.27001
7.27011
7.2702
7.27029
7.27037
7.27044
7.27051
7.27056
7.27062
7.27067
7.27071
7.27074
7.27077
7.2708
7.27082
7.27084
7.27085
7.27085
7.27085
7.27085
7.27084
7.27082
7.2708
7.27077
7.27074
7.27071
7.27067
7.27062
7.27056
7.27051
7.27044
7.27037
7.27029
7.2702
7.27011
7.27001
7.2699
7.26978
7.26966
7.26953
7.26939
7.26924
7.26908
7.26892
7.26875
7.26858
7.26842
7.2683
7.7659
7.76603
7.7662
7.76638
7.76656
7.76674
7.76691
7.76707
7.76722
7.76736
7.76749
7.76761
7.76773
7.76784
7.76794
7.76803
7.76811
7.76819
7.76826
7.76833
7.76838
7.76843
7.76848
7.76852
7.76855
7.76858
7.7686
7.76861
7.76863
7.76863
7.76863
7.76863
7.76861
7.7686
7.76858
7.76855
7.76852
7.76848
7.76843
7.76838
7.76833
7.76826
7.76819
7.76811
7.76803
7.76794
7.76784
7.76773
7.76761
7.76749
7.76736
7.76722
7.76707
7.76691
7.76674
7.76656
7.76638
7.7662
7.76603
7.7659
8.27221
8.27235
8.27253
8.27272
8.27291
8.2731
8.27328
8.27345
8.27361
8.27376
8.2739
8.27403
8.27416
8.27427
8.27438
8.27448
8.27457
8.27465
8.27472
8.27479
8.27485
8.27491
8.27496
8.275
8.27503
8.27506
8.27508
8.2751
8.27511
8.27512
8.27512
8.27511
8.2751
8.27508
8.27506
8.27503
8.275
8.27496
8.27491
8.27485
8.27479
8.27472
8.27465
8.27457
8.27448
8.27438
8.27427
8.27416
8.27403
8.2739
8.27376
8.27361
8.27345
8.27328
8.2731
8.27291
8.27272
8.27253
8.27235
8.27221
8.78703
8.78717
8.78736
8.78757
8.78777
8.78797
8.78816
8.78834
8.78851
8.78867
8.78882
8.78896
8.78909
8.78921
8.78933
8.78943
8.78953
8.78962
8.7897
8.78977
8.78983
8.78989
8.78994
8.78999
8.79002
8.79005
8.79008
8.7901
8.79011
8.79011
8.79011
8.79011
8.7901
8.79008
8.79005
8.79002
8.78999
8.78994
8.78989
8.78983
8.78977
8.7897
8.78962
8.78953
8.78943
8.78933
8.78921
8.78909
8.78896
8.78882
8.78867
8.78851
8.78834
8.78816
8.78797
8.78777
8.78757
8.78736
8.78717
8.78703
9.31011
9.31027
9.31047
9.31069
9.3109
9.31111
9.31131
9.3115
9.31168
9.31185
9.31201
9.31216
9.3123
9.31243
9.31255
9.31266
9.31276
9.31285
9.31293
9.31301
9.31308
9.31314
9.31319
9.31324
9.31328
9.31331
9.31334
9.31336
9.31337
9.31338
9.31338
9.31337
9.31336
9.31334
9.31331
9.31328
9.31324
9.31319
9.31314
9.31308
9.31301
9.31293
9.31285
9.31276
9.31266
9.31255
9.31243
9.3123
9.31216
9.31201
9.31185
9.31168
9.3115
9.31131
9.31111
9.3109
9.31069
9.31047
9.31027
9.31011
9.84118
9.84134
9.84155
9.84178
9.84201
9.84223
9.84244
9.84264
9.84283
9.84301
9.84317
9.84333
9.84348
9.84361
9.84374
9.84385
9.84396
9.84406
9.84415
9.84423
9.8443
9.84437
9.84442
9.84447
9.84451
9.84455
9.84457
9.84459
9.84461
9.84461
9.84461
9.84461
9.84459
9.84457
9.84455
9.84451
9.84447
9.84442
9.84437
9.8443
9.84423
9.84415
9.84406
9.84396
9.84385
9.84374
9.84361
9.84348
9.84333
9.84317
9.84301
9.84283
9.84264
9.84244
9.84223
9.84201
9.84178
9.84155
9.84134
9.84118
10.3799
10.38
10.3803
10.3805
10.3807
10.381
10.3812
10.3814
10.3816
10.3818
10.382
10.3821
10.3823
10.3824
10.3826
10.3827
10.3828
10.3829
10.383
10.3831
10.3832
10.3832
10.3833
10.3833
10.3834
10.3834
10.3834
10.3835
10.3835
10.3835
10.3835
10.3835
10.3835
10.3834
10.3834
10.3834
10.3833
10.3833
10.3832
10.3832
10.3831
10.383
10.3829
10.3828
10.3827
10.3826
10.3824
10.3823
10.3821
10.382
10.3818
10.3816
10.3814
10.3812
10.381
10.3807
10.3805
10.3803
10.38
10.3799
10.9258
10.926
10.9262
10.9264
10.9267
10.9269
10.9272
10.9274
10.9276
10.9278
10.928
10.9281
10.9283
10.9285
10.9286
10.9287
10.9288
10.9289
10.929
10.9291
10.9292
10.9293
10.9293
10.9294
10.9294
10.9295
10.9295
10.9295
10.9296
10.9296
10.9296
10.9296
10.9295
10.9295
10.9295
10.9294
10.9294
10.9293
10.9293
10.9292
10.9291
10.929
10.9289
10.9288
10.9287
10.9286
10.9285
10.9283
10.9281
10.928
10.9278
10.9276
10.9274
10.9272
10.9269
10.9267
10.9264
10.9262
10.926
10.9258
11.4784
11.4786
11.4789
11.4791
11.4794
11.4796
11.4799
11.4801
11.4803
11.4805
11.4807
11.4809
11.4811
11.4812
11.4814
11.4815
11.4816
11.4817
11.4818
11.4819
11.482
11.4821
11.4822
11.4822
11.4823
11.4823
11.4823
11.4824
11.4824
11.4824
11.4824
11.4824
11.4824
11.4823
11.4823
11.4823
11.4822
11.4822
11.4821
11.482
11.4819
11.4818
11.4817
11.4816
11.4815
11.4814
11.4812
11.4811
11.4809
11.4807
11.4805
11.4803
11.4801
11.4799
11.4796
11.4794
11.4791
11.4789
11.4786
11.4784
12.0373
12.0375
12.0377
12.038
12.0383
12.0385
12.0388
12.039
12.0392
12.0395
12.0397
12.0398
12.04
12.0402
12.0403
12.0405
12.0406
12.0407
12.0408
12.0409
12.041
12.0411
12.0411
12.0412
12.0413
12.0413
12.0413
12.0414
12.0414
12.0414
12.0414
12.0414
12.0414
12.0413
12.0413
12.0413
12.0412
12.0411
12.0411
12.041
12.0409
12.0408
12.0407
12.0406
12.0405
12.0403
12.0402
12.04
12.0398
12.0397
12.0395
12.0392
12.039
12.0388
12.0385
12.0383
12.038
12.0377
12.0375
12.0373
12.6016
12.6018
12.6021
12.6024
12.6027
12.6029
12.6032
12.6035
12.6037
12.6039
12.6041
12.6043
12.6045
12.6047
12.6048
12.605
12.6051
12.6052
12.6053
12.6054
12.6055
12.6056
12.6057
12.6057
12.6058
12.6058
12.6059
12.6059
12.6059
12.6059
12.6059
12.6059
12.6059
12.6059
12.6058
12.6058
12.6057
12.6057
12.6056
12.6055
12.6054
12.6053
12.6052
12.6051
12.605
12.6048
12.6047
12.6045
12.6043
12.6041
12.6039
12.6037
12.6035
12.6032
12.6029
12.6027
12.6024
12.6021
12.6018
12.6016
13.1708
13.171
13.1713
13.1716
13.1719
13.1721
13.1724
13.1727
13.1729
13.1731
13.1734
13.1736
13.1737
13.1739
13.1741
13.1742
13.1744
13.1745
13.1746
13.1747
13.1748
13.1749
13.175
13.175
13.1751
13.1751
13.1752
13.1752
13.1752
13.1752
13.1752
13.1752
13.1752
13.1752
13.1751
13.1751
13.175
13.175
13.1749
13.1748
13.1747
13.1746
13.1745
13.1744
13.1742
13.1741
13.1739
13.1737
13.1736
13.1734
13.1731
13.1729
13.1727
13.1724
13.1721
13.1719
13.1716
13.1713
13.171
13.1708
13.7439
13.7441
13.7444
13.7447
13.745
13.7453
13.7455
13.7458
13.7461
13.7463
13.7465
13.7467
13.7469
13.7471
13.7473
13.7474
13.7476
13.7477
13.7478
13.7479
13.748
13.7481
13.7482
13.7482
13.7483
13.7483
13.7484
13.7484
13.7484
13.7484
13.7484
13.7484
13.7484
13.7484
13.7483
13.7483
13.7482
13.7482
13.7481
13.748
13.7479
13.7478
13.7477
13.7476
13.7474
13.7473
13.7471
13.7469
13.7467
13.7465
13.7463
13.7461
13.7458
13.7455
13.7453
13.745
13.7447
13.7444
13.7441
13.7439
14.3199
14.3201
14.3204
14.3207
14.321
14.3213
14.3216
14.3219
14.3221
14.3224
14.3226
14.3228
14.323
14.3232
14.3234
14.3235
14.3237
14.3238
14.3239
14.324
14.3241
14.3242
14.3243
14.3244
14.3244
14.3245
14.3245
14.3245
14.3246
14.3246
14.3246
14.3246
14.3245
14.3245
14.3245
14.3244
14.3244
14.3243
14.3242
14.3241
14.324
14.3239
14.3238
14.3237
14.3235
14.3234
14.3232
14.323
14.3228
14.3226
14.3224
14.3221
14.3219
14.3216
14.3213
14.321
14.3207
14.3204
14.3201
14.3199
14.8977
14.8979
14.8982
14.8985
14.8989
14.8992
14.8994
14.8997
14.9
14.9002
14.9005
14.9007
14.9009
14.9011
14.9013
14.9014
14.9016
14.9017
14.9018
14.9019
14.902
14.9021
14.9022
14.9023
14.9023
14.9024
14.9024
14.9025
14.9025
14.9025
14.9025
14.9025
14.9025
14.9024
14.9024
14.9023
14.9023
14.9022
14.9021
14.902
14.9019
14.9018
14.9017
14.9016
14.9014
14.9013
14.9011
14.9009
14.9007
14.9005
14.9002
14.9
14.8997
14.8994
14.8992
14.8989
14.8985
14.8982
14.8979
14.8977
15.476
15.4762
15.4765
15.4768
15.4771
15.4775
15.4778
15.478
15.4783
15.4786
15.4788
15.479
15.4792
15.4794
15.4796
15.4798
15.4799
15.4801
15.4802
15.4803
15.4804
15.4805
15.4806
15.4806
15.4807
15.4808
15.4808
15.4808
15.4808
15.4809
15.4809
15.4808
15.4808
15.4808
15.4808
15.4807
15.4806
15.4806
15.4805
15.4804
15.4803
15.4802
15.4801
15.4799
15.4798
15.4796
15.4794
15.4792
15.479
15.4788
15.4786
15.4783
15.478
15.4778
15.4775
15.4771
15.4768
15.4765
15.4762
15.476
16.0532
16.0534
16.0537
16.0541
16.0544
16.0547
16.055
16.0553
16.0556
16.0558
16.0561
16.0563
16.0565
16.0567
16.0569
16.0571
16.0572
16.0574
16.0575
16.0576
16.0577
16.0578
16.0579
16.058
16.058
16.0581
16.0581
16.0581
16.0582
16.0582
16.0582
16.0582
16.0581
16.0581
16.0581
16.058
16.058
16.0579
16.0578
16.0577
16.0576
16.0575
16.0574
16.0572
16.0571
16.0569
16.0567
16.0565
16.0563
16.0561
16.0558
16.0556
16.0553
16.055
16.0547
16.0544
16.0541
16.0537
16.0534
16.0532
16.6276
16.6279
16.6282
16.6285
16.6289
16.6292
16.6295
16.6298
16.63
16.6303
16.6305
16.6308
16.631
16.6312
16.6314
16.6315
16.6317
16.6318
16.632
16.6321
16.6322
16.6323
16.6324
16.6325
16.6325
16.6326
16.6326
16.6326
16.6327
16.6327
16.6327
16.6327
16.6326
16.6326
16.6326
16.6325
16.6325
16.6324
16.6323
16.6322
16.6321
16.632
16.6318
16.6317
16.6315
16.6314
16.6312
16.631
16.6308
16.6305
16.6303
16.63
16.6298
16.6295
16.6292
16.6289
16.6285
16.6282
16.6279
16.6276
17.1973
17.1975
17.1978
17.1982
17.1985
17.1988
17.1991
17.1994
17.1997
17.1999
17.2002
17.2004
17.2006
17.2008
17.201
17.2012
17.2014
17.2015
17.2016
17.2018
17.2019
17.202
17.202
17.2021
17.2022
17.2022
17.2023
17.2023
17.2023
17.2023
17.2023
17.2023
17.2023
17.2023
17.2022
17.2022
17.2021
17.202
17.202
17.2019
17.2018
17.2016
17.2015
17.2014
17.2012
17.201
17.2008
17.2006
17.2004
17.2002
17.1999
17.1997
17.1994
17.1991
17.1988
17.1985
17.1982
17.1978
17.1975
17.1973
17.7598
17.76
17.7603
17.7606
17.761
17.7613
17.7616
17.7619
17.7622
17.7624
17.7627
17.7629
17.7631
17.7633
17.7635
17.7637
17.7638
17.764
17.7641
17.7642
17.7643
17.7644
17.7645
17.7646
17.7647
17.7647
17.7648
17.7648
17.7648
17.7648
17.7648
17.7648
17.7648
17.7648
17.7647
17.7647
17.7646
17.7645
17.7644
17.7643
17.7642
17.7641
17.764
17.7638
17.7637
17.7635
17.7633
17.7631
17.7629
17.7627
17.7624
17.7622
17.7619
17.7616
17.7613
17.761
17.7606
17.7603
17.76
17.7598
18.3123
18.3126
18.3129
18.3132
18.3136
18.3139
18.3142
18.3145
18.3147
18.315
18.3152
18.3155
18.3157
18.3159
18.3161
18.3162
18.3164
18.3165
18.3167
18.3168
18.3169
18.317
18.3171
18.3172
18.3172
18.3173
18.3173
18.3174
18.3174
18.3174
18.3174
18.3174
18.3174
18.3173
18.3173
18.3172
18.3172
18.3171
18.317
18.3169
18.3168
18.3167
18.3165
18.3164
18.3162
18.3161
18.3159
18.3157
18.3155
18.3152
18.315
18.3147
18.3145
18.3142
18.3139
18.3136
18.3132
18.3129
18.3126
18.3123
18.8518
18.8521
18.8524
18.8527
18.853
18.8533
18.8536
18.8539
18.8542
18.8544
18.8547
18.8549
18.8551
18.8553
18.8555
18.8557
18.8558
18.856
18.8561
18.8562
18.8563
18.8564
18.8565
18.8566
18.8567
18.8567
18.8568
18.8568
18.8568
18.8568
18.8568
18.8568
18.8568
18.8568
18.8567
18.8567
18.8566
18.8565
18.8564
18.8563
18.8562
18.8561
18.856
18.8558
18.8557
18.8555
18.8553
18.8551
18.8549
18.8547
18.8544
18.8542
18.8539
18.8536
18.8533
18.853
18.8527
18.8524
18.8521
18.8518
19.3744
19.3747
19.375
19.3753
19.3756
19.3759
19.3762
19.3765
19.3767
19.377
19.3772
19.3774
19.3777
19.3778
19.378
19.3782
19.3784
19.3785
19.3786
19.3787
19.3788
19.3789
19.379
19.3791
19.3792
19.3792
19.3793
19.3793
19.3793
19.3793
19.3793
19.3793
19.3793
19.3793
19.3792
19.3792
19.3791
19.379
19.3789
19.3788
19.3787
19.3786
19.3785
19.3784
19.3782
19.378
19.3778
19.3777
19.3774
19.3772
19.377
19.3767
19.3765
19.3762
19.3759
19.3756
19.3753
19.375
19.3747
19.3744
19.8757
19.8759
19.8762
19.8765
19.8768
19.8771
19.8774
19.8776
19.8779
19.8781
19.8784
19.8786
19.8788
19.879
19.8791
19.8793
19.8795
19.8796
19.8797
19.8798
19.8799
19.88
19.8801
19.8802
19.8802
19.8803
19.8803
19.8804
19.8804
19.8804
19.8804
19.8804
19.8804
19.8803
19.8803
19.8802
19.8802
19.8801
19.88
19.8799
19.8798
19.8797
19.8796
19.8795
19.8793
19.8791
19.879
19.8788
19.8786
19.8784
19.8781
19.8779
19.8776
19.8774
19.8771
19.8768
19.8765
19.8762
19.8759
19.8757
20.3503
20.3505
20.3508
20.3511
20.3513
20.3516
20.3519
20.3521
20.3524
20.3526
20.3528
20.353
20.3532
20.3534
20.3536
20.3537
20.3539
20.354
20.3541
20.3542
20.3543
20.3544
20.3545
20.3546
20.3546
20.3547
20.3547
20.3547
20.3547
20.3548
20.3548
20.3547
20.3547
20.3547
20.3547
20.3546
20.3546
20.3545
20.3544
20.3543
20.3542
20.3541
20.354
20.3539
20.3537
20.3536
20.3534
20.3532
20.353
20.3528
20.3526
20.3524
20.3521
20.3519
20.3516
20.3513
20.3511
20.3508
20.3505
20.3503
20.7921
20.7923
20.7926
20.7928
20.7931
20.7933
20.7936
20.7938
20.794
20.7943
20.7945
20.7947
20.7948
20.795
20.7952
20.7953
20.7954
20.7956
20.7957
20.7958
20.7959
20.796
20.796
20.7961
20.7961
20.7962
20.7962
20.7963
20.7963
20.7963
20.7963
20.7963
20.7963
20.7962
20.7962
20.7961
20.7961
20.796
20.796
20.7959
20.7958
20.7957
20.7956
20.7954
20.7953
20.7952
20.795
20.7948
20.7947
20.7945
20.7943
20.794
20.7938
20.7936
20.7933
20.7931
20.7928
20.7926
20.7923
20.7921
21.1945
21.1947
21.1949
21.1951
21.1954
21.1956
21.1958
21.196
21.1962
21.1964
21.1966
21.1968
21.1969
21.1971
21.1972
21.1974
21.1975
21.1976
21.1977
21.1978
21.1979
21.198
21.198
21.1981
21.1981
21.1982
21.1982
21.1982
21.1983
21.1983
21.1983
21.1983
21.1982
21.1982
21.1982
21.1981
21.1981
21.198
21.198
21.1979
21.1978
21.1977
21.1976
21.1975
21.1974
21.1972
21.1971
21.1969
21.1968
21.1966
21.1964
21.1962
21.196
21.1958
21.1956
21.1954
21.1951
21.1949
21.1947
21.1945
21.5509
21.551
21.5512
21.5514
21.5516
21.5518
21.552
21.5522
21.5524
21.5526
21.5527
21.5529
21.553
21.5531
21.5533
21.5534
21.5535
21.5536
21.5537
21.5538
21.5539
21.5539
21.554
21.554
21.5541
21.5541
21.5542
21.5542
21.5542
21.5542
21.5542
21.5542
21.5542
21.5542
21.5541
21.5541
21.554
21.554
21.5539
21.5539
21.5538
21.5537
21.5536
21.5535
21.5534
21.5533
21.5531
21.553
21.5529
21.5527
21.5526
21.5524
21.5522
21.552
21.5518
21.5516
21.5514
21.5512
21.551
21.5509
21.8564
21.8565
21.8567
21.8569
21.857
21.8572
21.8573
21.8575
21.8576
21.8578
21.8579
21.858
21.8582
21.8583
21.8584
21.8585
21.8586
21.8587
21.8587
21.8588
21.8589
21.859
21.859
21.8591
21.8591
21.8591
21.8592
21.8592
21.8592
21.8592
21.8592
21.8592
21.8592
21.8592
21.8591
21.8591
21.8591
21.859
21.859
21.8589
21.8588
21.8587
21.8587
21.8586
21.8585
21.8584
21.8583
21.8582
21.858
21.8579
21.8578
21.8576
21.8575
21.8573
21.8572
21.857
21.8569
21.8567
21.8565
21.8564
22.1094
22.1095
22.1096
22.1098
22.1099
22.11
22.1102
22.1103
22.1104
22.1105
22.1106
22.1107
22.1108
22.1109
22.111
22.1111
22.1112
22.1112
22.1113
22.1114
22.1114
22.1115
22.1115
22.1116
22.1116
22.1116
22.1117
22.1117
22.1117
22.1117
22.1117
22.1117
22.1117
22.1117
22.1116
22.1116
22.1116
22.1115
22.1115
22.1114
22.1114
22.1113
22.1112
22.1112
22.1111
22.111
22.1109
22.1108
22.1107
22.1106
22.1105
22.1104
22.1103
22.1102
22.11
22.1099
22.1098
22.1096
22.1095
22.1094
22.3128
22.3128
22.3129
22.313
22.3131
22.3132
22.3133
22.3134
22.3135
22.3136
22.3137
22.3137
22.3138
22.3139
22.314
22.314
22.3141
22.3142
22.3142
22.3143
22.3143
22.3144
22.3144
22.3145
22.3145
22.3145
22.3145
22.3146
22.3146
22.3146
22.3146
22.3146
22.3146
22.3145
22.3145
22.3145
22.3145
22.3144
22.3144
22.3143
22.3143
22.3142
22.3142
22.3141
22.314
22.314
22.3139
22.3138
22.3137
22.3137
22.3136
22.3135
22.3134
22.3133
22.3132
22.3131
22.313
22.3129
22.3128
22.3128
22.4732
22.4732
22.4733
22.4733
22.4734
22.4735
22.4735
22.4736
22.4737
22.4737
22.4738
22.4739
22.4739
22.474
22.4741
22.4741
22.4742
22.4742
22.4743
22.4743
22.4744
22.4744
22.4744
22.4745
22.4745
22.4745
22.4745
22.4745
22.4746
22.4746
22.4746
22.4746
22.4745
22.4745
22.4745
22.4745
22.4745
22.4744
22.4744
22.4744
22.4743
22.4743
22.4742
22.4742
22.4741
22.4741
22.474
22.4739
22.4739
22.4738
22.4737
22.4737
22.4736
22.4735
22.4735
22.4734
22.4733
22.4733
22.4732
22.4732
22.5993
22.5993
22.5994
22.5994
22.5995
22.5995
22.5996
22.5996
22.5997
22.5997
22.5998
22.5998
22.5999
22.5999
22.6
22.6
22.6001
22.6001
22.6002
22.6002
22.6003
22.6003
22.6003
22.6003
22.6004
22.6004
22.6004
22.6004
22.6004
22.6004
22.6004
22.6004
22.6004
22.6004
22.6004
22.6004
22.6003
22.6003
22.6003
22.6003
22.6002
22.6002
22.6001
22.6001
22.6
22.6
22.5999
22.5999
22.5998
22.5998
22.5997
22.5997
22.5996
22.5996
22.5995
22.5995
22.5994
22.5994
22.5993
22.5993
22.6998
22.6999
22.6999
22.6999
22.6999
22.7
22.7
22.7
22.7001
22.7001
22.7002
22.7002
22.7003
22.7003
22.7003
22.7004
22.7004
22.7005
22.7005
22.7006
22.7006
22.7006
22.7006
22.7007
22.7007
22.7007
22.7007
22.7007
22.7007
22.7008
22.7008
22.7007
22.7007
22.7007
22.7007
22.7007
22.7007
22.7006
22.7006
22.7006
22.7006
22.7005
22.7005
22.7004
22.7004
22.7003
22.7003
22.7003
22.7002
22.7002
22.7001
22.7001
22.7
22.7
22.7
22.6999
22.6999
22.6999
22.6999
22.6998
22.7818
22.7818
22.7818
22.7818
22.7819
22.7819
22.7819
22.7819
22.782
22.782
22.782
22.7821
22.7821
22.7822
22.7822
22.7822
22.7823
22.7823
22.7824
22.7824
22.7824
22.7825
22.7825
22.7825
22.7825
22.7825
22.7826
22.7826
22.7826
22.7826
22.7826
22.7826
22.7826
22.7826
22.7825
22.7825
22.7825
22.7825
22.7825
22.7824
22.7824
22.7824
22.7823
22.7823
22.7822
22.7822
22.7822
22.7821
22.7821
22.782
22.782
22.782
22.7819
22.7819
22.7819
22.7819
22.7818
22.7818
22.7818
22.7818
22.8504
22.8504
22.8504
22.8504
22.8504
22.8504
22.8504
22.8504
22.8505
22.8505
22.8505
22.8506
22.8506
22.8506
22.8507
22.8507
22.8507
22.8508
22.8508
22.8509
22.8509
22.8509
22.8509
22.851
22.851
22.851
22.851
22.851
22.851
22.851
22.851
22.851
22.851
22.851
22.851
22.851
22.851
22.8509
22.8509
22.8509
22.8509
22.8508
22.8508
22.8507
22.8507
22.8507
22.8506
22.8506
22.8506
22.8505
22.8505
22.8505
22.8504
22.8504
22.8504
22.8504
22.8504
22.8504
22.8504
22.8504
22.909
22.909
22.909
22.909
22.909
22.909
22.909
22.909
22.909
22.9091
22.9091
22.9091
22.9092
22.9092
22.9092
22.9093
22.9093
22.9094
22.9094
22.9094
22.9095
22.9095
22.9095
22.9095
22.9096
22.9096
22.9096
22.9096
22.9096
22.9096
22.9096
22.9096
22.9096
22.9096
22.9096
22.9096
22.9095
22.9095
22.9095
22.9095
22.9094
22.9094
22.9094
22.9093
22.9093
22.9092
22.9092
22.9092
22.9091
22.9091
22.9091
22.909
22.909
22.909
22.909
22.909
22.909
22.909
22.909
22.909
22.96
22.96
22.96
22.96
22.96
22.96
22.96
22.96
22.9601
22.9601
22.9601
22.9601
22.9602
22.9602
22.9602
22.9603
22.9603
22.9604
22.9604
22.9604
22.9605
22.9605
22.9605
22.9605
22.9606
22.9606
22.9606
22.9606
22.9606
22.9606
22.9606
22.9606
22.9606
22.9606
22.9606
22.9606
22.9605
22.9605
22.9605
22.9605
22.9604
22.9604
22.9604
22.9603
22.9603
22.9602
22.9602
22.9602
22.9601
22.9601
22.9601
22.9601
22.96
22.96
22.96
22.96
22.96
22.96
22.96
22.96
23.005
23.005
23.005
23.005
23.005
23.005
23.005
23.005
23.0051
23.0051
23.0051
23.0051
23.0052
23.0052
23.0052
23.0053
23.0053
23.0053
23.0054
23.0054
23.0055
23.0055
23.0055
23.0055
23.0056
23.0056
23.0056
23.0056
23.0056
23.0056
23.0056
23.0056
23.0056
23.0056
23.0056
23.0056
23.0055
23.0055
23.0055
23.0055
23.0054
23.0054
23.0053
23.0053
23.0053
23.0052
23.0052
23.0052
23.0051
23.0051
23.0051
23.0051
23.005
23.005
23.005
23.005
23.005
23.005
23.005
23.005
23.0451
23.0451
23.0451
23.0451
23.0451
23.0451
23.0451
23.0451
23.0451
23.0451
23.0452
23.0452
23.0452
23.0453
23.0453
23.0453
23.0454
23.0454
23.0454
23.0455
23.0455
23.0455
23.0456
23.0456
23.0456
23.0456
23.0456
23.0457
23.0457
23.0457
23.0457
23.0457
23.0457
23.0456
23.0456
23.0456
23.0456
23.0456
23.0455
23.0455
23.0455
23.0454
23.0454
23.0454
23.0453
23.0453
23.0453
23.0452
23.0452
23.0452
23.0451
23.0451
23.0451
23.0451
23.0451
23.0451
23.0451
23.0451
23.0451
23.0451
23.0811
23.081
23.081
23.081
23.081
23.081
23.081
23.081
23.081
23.081
23.0811
23.0811
23.0811
23.0812
23.0812
23.0812
23.0813
23.0813
23.0814
23.0814
23.0814
23.0815
23.0815
23.0815
23.0815
23.0816
23.0816
23.0816
23.0816
23.0816
23.0816
23.0816
23.0816
23.0816
23.0816
23.0815
23.0815
23.0815
23.0815
23.0814
23.0814
23.0814
23.0813
23.0813
23.0812
23.0812
23.0812
23.0811
23.0811
23.0811
23.081
23.081
23.081
23.081
23.081
23.081
23.081
23.081
23.081
23.0811
23.1134
23.1134
23.1134
23.1134
23.1134
23.1133
23.1133
23.1134
23.1134
23.1134
23.1134
23.1134
23.1135
23.1135
23.1136
23.1136
23.1136
23.1137
23.1137
23.1138
23.1138
23.1138
23.1139
23.1139
23.1139
23.1139
23.1139
23.1139
23.114
23.114
23.114
23.114
23.1139
23.1139
23.1139
23.1139
23.1139
23.1139
23.1138
23.1138
23.1138
23.1137
23.1137
23.1136
23.1136
23.1136
23.1135
23.1135
23.1134
23.1134
23.1134
23.1134
23.1134
23.1133
23.1133
23.1134
23.1134
23.1134
23.1134
23.1134
23.1427
23.1426
23.1426
23.1426
23.1426
23.1426
23.1426
23.1426
23.1426
23.1426
23.1427
23.1427
23.1427
23.1428
23.1428
23.1428
23.1429
23.1429
23.143
23.143
23.143
23.1431
23.1431
23.1431
23.1432
23.1432
23.1432
23.1432
23.1432
23.1432
23.1432
23.1432
23.1432
23.1432
23.1432
23.1432
23.1431
23.1431
23.1431
23.143
23.143
23.143
23.1429
23.1429
23.1428
23.1428
23.1428
23.1427
23.1427
23.1427
23.1426
23.1426
23.1426
23.1426
23.1426
23.1426
23.1426
23.1426
23.1426
23.1427
23.1691
23.1691
23.1691
23.1691
23.1691
23.1691
23.1691
23.1691
23.1691
23.1691
23.1691
23.1692
23.1692
23.1692
23.1693
23.1693
23.1694
23.1694
23.1695
23.1695
23.1695
23.1696
23.1696
23.1696
23.1696
23.1697
23.1697
23.1697
23.1697
23.1697
23.1697
23.1697
23.1697
23.1697
23.1697
23.1696
23.1696
23.1696
23.1696
23.1695
23.1695
23.1695
23.1694
23.1694
23.1693
23.1693
23.1692
23.1692
23.1692
23.1691
23.1691
23.1691
23.1691
23.1691
23.1691
23.1691
23.1691
23.1691
23.1691
23.1691
23.1931
23.1931
23.1931
23.1931
23.1931
23.1931
23.1931
23.1931
23.1931
23.1931
23.1931
23.1932
23.1932
23.1932
23.1933
23.1933
23.1934
23.1934
23.1935
23.1935
23.1935
23.1936
23.1936
23.1936
23.1937
23.1937
23.1937
23.1937
23.1937
23.1937
23.1937
23.1937
23.1937
23.1937
23.1937
23.1937
23.1936
23.1936
23.1936
23.1935
23.1935
23.1935
23.1934
23.1934
23.1933
23.1933
23.1932
23.1932
23.1932
23.1931
23.1931
23.1931
23.1931
23.1931
23.1931
23.1931
23.1931
23.1931
23.1931
23.1931
23.2149
23.2149
23.2149
23.2148
23.2148
23.2148
23.2148
23.2148
23.2148
23.2149
23.2149
23.2149
23.215
23.215
23.2151
23.2151
23.2151
23.2152
23.2152
23.2153
23.2153
23.2154
23.2154
23.2154
23.2154
23.2155
23.2155
23.2155
23.2155
23.2155
23.2155
23.2155
23.2155
23.2155
23.2155
23.2154
23.2154
23.2154
23.2154
23.2153
23.2153
23.2152
23.2152
23.2151
23.2151
23.2151
23.215
23.215
23.2149
23.2149
23.2149
23.2148
23.2148
23.2148
23.2148
23.2148
23.2148
23.2149
23.2149
23.2149
23.2346
23.2346
23.2346
23.2345
23.2345
23.2345
23.2345
23.2345
23.2345
23.2345
23.2346
23.2346
23.2347
23.2347
23.2348
23.2348
23.2349
23.2349
23.235
23.235
23.235
23.2351
23.2351
23.2351
23.2352
23.2352
23.2352
23.2352
23.2352
23.2352
23.2352
23.2352
23.2352
23.2352
23.2352
23.2352
23.2351
23.2351
23.2351
23.235
23.235
23.235
23.2349
23.2349
23.2348
23.2348
23.2347
23.2347
23.2346
23.2346
23.2345
23.2345
23.2345
23.2345
23.2345
23.2345
23.2345
23.2346
23.2346
23.2346
23.2524
23.2524
23.2524
23.2523
23.2523
23.2523
23.2523
23.2523
23.2523
23.2523
23.2524
23.2524
23.2525
23.2525
23.2526
23.2526
23.2527
23.2527
23.2528
23.2528
23.2528
23.2529
23.2529
23.253
23.253
23.253
23.253
23.253
23.253
23.2531
23.2531
23.253
23.253
23.253
23.253
23.253
23.253
23.2529
23.2529
23.2528
23.2528
23.2528
23.2527
23.2527
23.2526
23.2526
23.2525
23.2525
23.2524
23.2524
23.2523
23.2523
23.2523
23.2523
23.2523
23.2523
23.2523
23.2524
23.2524
23.2524
23.2684
23.2684
23.2684
23.2683
23.2683
23.2683
23.2683
23.2683
23.2683
23.2683
23.2684
23.2684
23.2685
23.2685
23.2686
23.2686
23.2687
23.2687
23.2688
23.2688
23.2689
23.2689
23.269
23.269
23.269
23.269
23.2691
23.2691
23.2691
23.2691
23.2691
23.2691
23.2691
23.2691
23.269
23.269
23.269
23.269
23.2689
23.2689
23.2688
23.2688
23.2687
23.2687
23.2686
23.2686
23.2685
23.2685
23.2684
23.2684
23.2683
23.2683
23.2683
23.2683
23.2683
23.2683
23.2683
23.2684
23.2684
23.2684
23.2828
23.2827
23.2827
23.2827
23.2826
23.2826
23.2826
23.2826
23.2827
23.2827
23.2827
23.2828
23.2828
23.2829
23.2829
23.283
23.283
23.2831
23.2831
23.2832
23.2832
23.2833
23.2833
23.2834
23.2834
23.2834
23.2834
23.2835
23.2835
23.2835
23.2835
23.2835
23.2835
23.2834
23.2834
23.2834
23.2834
23.2833
23.2833
23.2832
23.2832
23.2831
23.2831
23.283
23.283
23.2829
23.2829
23.2828
23.2828
23.2827
23.2827
23.2827
23.2826
23.2826
23.2826
23.2826
23.2827
23.2827
23.2827
23.2828
23.2955
23.2955
23.2955
23.2954
23.2954
23.2954
23.2954
23.2954
23.2954
23.2954
23.2955
23.2955
23.2956
23.2956
23.2957
23.2957
23.2958
23.2959
23.2959
23.296
23.296
23.2961
23.2961
23.2961
23.2962
23.2962
23.2962
23.2962
23.2963
23.2963
23.2963
23.2963
23.2962
23.2962
23.2962
23.2962
23.2961
23.2961
23.2961
23.296
23.296
23.2959
23.2959
23.2958
23.2957
23.2957
23.2956
23.2956
23.2955
23.2955
23.2954
23.2954
23.2954
23.2954
23.2954
23.2954
23.2954
23.2955
23.2955
23.2955
23.3068
23.3067
23.3067
23.3067
23.3066
23.3066
23.3066
23.3066
23.3066
23.3067
23.3067
23.3068
23.3068
23.3069
23.3069
23.307
23.3071
23.3071
23.3072
23.3072
23.3073
23.3073
23.3074
23.3074
23.3075
23.3075
23.3075
23.3075
23.3075
23.3075
23.3075
23.3075
23.3075
23.3075
23.3075
23.3075
23.3074
23.3074
23.3073
23.3073
23.3072
23.3072
23.3071
23.3071
23.307
23.3069
23.3069
23.3068
23.3068
23.3067
23.3067
23.3066
23.3066
23.3066
23.3066
23.3066
23.3067
23.3067
23.3067
23.3068
23.3165
23.3165
23.3165
23.3164
23.3164
23.3164
23.3164
23.3164
23.3164
23.3165
23.3165
23.3166
23.3166
23.3167
23.3167
23.3168
23.3169
23.3169
23.317
23.3171
23.3171
23.3172
23.3172
23.3173
23.3173
23.3173
23.3173
23.3174
23.3174
23.3174
23.3174
23.3174
23.3174
23.3173
23.3173
23.3173
23.3173
23.3172
23.3172
23.3171
23.3171
23.317
23.3169
23.3169
23.3168
23.3167
23.3167
23.3166
23.3166
23.3165
23.3165
23.3164
23.3164
23.3164
23.3164
23.3164
23.3164
23.3165
23.3165
23.3165
23.3249
23.3249
23.3249
23.3248
23.3248
23.3248
23.3248
23.3248
23.3248
23.3248
23.3249
23.325
23.325
23.3251
23.3251
23.3252
23.3253
23.3254
23.3254
23.3255
23.3255
23.3256
23.3256
23.3257
23.3257
23.3257
23.3258
23.3258
23.3258
23.3258
23.3258
23.3258
23.3258
23.3258
23.3257
23.3257
23.3257
23.3256
23.3256
23.3255
23.3255
23.3254
23.3254
23.3253
23.3252
23.3251
23.3251
23.325
23.325
23.3249
23.3248
23.3248
23.3248
23.3248
23.3248
23.3248
23.3248
23.3249
23.3249
23.3249
23.332
23.3319
23.3319
23.3319
23.3318
23.3318
23.3318
23.3318
23.3318
23.3319
23.3319
23.332
23.332
23.3321
23.3322
23.3323
23.3323
23.3324
23.3325
23.3325
23.3326
23.3327
23.3327
23.3327
23.3328
23.3328
23.3328
23.3329
23.3329
23.3329
23.3329
23.3329
23.3329
23.3328
23.3328
23.3328
23.3327
23.3327
23.3327
23.3326
23.3325
23.3325
23.3324
23.3323
23.3323
23.3322
23.3321
23.332
23.332
23.3319
23.3319
23.3318
23.3318
23.3318
23.3318
23.3318
23.3319
23.3319
23.3319
23.332
23.3377
23.3376
23.3376
23.3375
23.3375
23.3375
23.3375
23.3375
23.3375
23.3376
23.3376
23.3377
23.3378
23.3378
23.3379
23.338
23.3381
23.3381
23.3382
23.3383
23.3383
23.3384
23.3384
23.3385
23.3385
23.3386
23.3386
23.3386
23.3386
23.3386
23.3386
23.3386
23.3386
23.3386
23.3386
23.3385
23.3385
23.3384
23.3384
23.3383
23.3383
23.3382
23.3381
23.3381
23.338
23.3379
23.3378
23.3378
23.3377
23.3376
23.3376
23.3375
23.3375
23.3375
23.3375
23.3375
23.3375
23.3376
23.3376
23.3377
23.3421
23.342
23.342
23.3419
23.3419
23.3419
23.3419
23.3419
23.3419
23.3419
23.342
23.3421
23.3421
23.3422
23.3423
23.3424
23.3425
23.3425
23.3426
23.3427
23.3428
23.3428
23.3429
23.3429
23.343
23.343
23.343
23.343
23.3431
23.3431
23.3431
23.3431
23.343
23.343
23.343
23.343
23.3429
23.3429
23.3428
23.3428
23.3427
23.3426
23.3425
23.3425
23.3424
23.3423
23.3422
23.3421
23.3421
23.342
23.3419
23.3419
23.3419
23.3419
23.3419
23.3419
23.3419
23.342
23.342
23.3421
23.3452
23.3451
23.3451
23.345
23.345
23.345
23.3449
23.345
23.345
23.345
23.3451
23.3452
23.3453
23.3453
23.3454
23.3455
23.3456
23.3457
23.3458
23.3458
23.3459
23.346
23.346
23.3461
23.3461
23.3461
23.3462
23.3462
23.3462
23.3462
23.3462
23.3462
23.3462
23.3462
23.3461
23.3461
23.3461
23.346
23.346
23.3459
23.3458
23.3458
23.3457
23.3456
23.3455
23.3454
23.3453
23.3453
23.3452
23.3451
23.345
23.345
23.345
23.3449
23.345
23.345
23.345
23.3451
23.3451
23.3452
23.347
23.3469
23.3469
23.3468
23.3468
23.3468
23.3468
23.3468
23.3468
23.3469
23.3469
23.347
23.3471
23.3472
23.3473
23.3474
23.3474
23.3475
23.3476
23.3477
23.3478
23.3478
23.3479
23.3479
23.348
23.348
23.348
23.3481
23.3481
23.3481
23.3481
23.3481
23.3481
23.348
23.348
23.348
23.3479
23.3479
23.3478
23.3478
23.3477
23.3476
23.3475
23.3474
23.3474
23.3473
23.3472
23.3471
23.347
23.3469
23.3469
23.3468
23.3468
23.3468
23.3468
23.3468
23.3468
23.3469
23.3469
23.347
23.3476
23.3475
23.3474
23.3474
23.3473
23.3473
23.3473
23.3473
23.3473
23.3474
23.3475
23.3475
23.3476
23.3477
23.3478
23.3479
23.348
23.3481
23.3482
23.3483
23.3483
23.3484
23.3485
23.3485
23.3486
23.3486
23.3486
23.3487
23.3487
23.3487
23.3487
23.3487
23.3487
23.3486
23.3486
23.3486
23.3485
23.3485
23.3484
23.3483
23.3483
23.3482
23.3481
23.348
23.3479
23.3478
23.3477
23.3476
23.3475
23.3475
23.3474
23.3473
23.3473
23.3473
23.3473
23.3473
23.3474
23.3474
23.3475
23.3476
23.3468
23.3468
23.3467
23.3466
23.3465
23.3465
23.3465
23.3465
23.3466
23.3466
23.3467
23.3468
23.3469
23.347
23.3471
23.3472
23.3473
23.3474
23.3475
23.3476
23.3476
23.3477
23.3478
23.3478
23.3479
23.3479
23.348
23.348
23.348
23.348
23.348
23.348
23.348
23.348
23.3479
23.3479
23.3478
23.3478
23.3477
23.3476
23.3476
23.3475
23.3474
23.3473
23.3472
23.3471
23.347
23.3469
23.3468
23.3467
23.3466
23.3466
23.3465
23.3465
23.3465
23.3465
23.3466
23.3467
23.3468
23.3468
23.3448
23.3447
23.3446
23.3445
23.3445
23.3445
23.3445
23.3445
23.3445
23.3446
23.3447
23.3448
23.3449
23.345
23.3451
23.3452
23.3453
23.3454
23.3455
23.3456
23.3457
23.3457
23.3458
23.3459
23.3459
23.3459
23.346
23.346
23.346
23.346
23.346
23.346
23.346
23.346
23.3459
23.3459
23.3459
23.3458
23.3457
23.3457
23.3456
23.3455
23.3454
23.3453
23.3452
23.3451
23.345
23.3449
23.3448
23.3447
23.3446
23.3445
23.3445
23.3445
23.3445
23.3445
23.3445
23.3446
23.3447
23.3448
23.3415
23.3414
23.3413
23.3412
23.3411
23.3411
23.3411
23.3411
23.3412
23.3412
23.3413
23.3414
23.3415
23.3416
23.3418
23.3419
23.342
23.3421
23.3422
23.3423
23.3424
23.3424
23.3425
23.3426
23.3426
23.3427
23.3427
23.3427
23.3427
23.3427
23.3427
23.3427
23.3427
23.3427
23.3427
23.3426
23.3426
23.3425
23.3424
23.3424
23.3423
23.3422
23.3421
23.342
23.3419
23.3418
23.3416
23.3415
23.3414
23.3413
23.3412
23.3412
23.3411
23.3411
23.3411
23.3411
23.3412
23.3413
23.3414
23.3415
23.3368
23.3367
23.3366
23.3365
23.3364
23.3364
23.3364
23.3364
23.3365
23.3365
23.3366
23.3367
23.3369
23.337
23.3371
23.3372
23.3373
23.3374
23.3375
23.3376
23.3377
23.3378
23.3379
23.3379
23.338
23.338
23.3381
23.3381
23.3381
23.3381
23.3381
23.3381
23.3381
23.3381
23.338
23.338
23.3379
23.3379
23.3378
23.3377
23.3376
23.3375
23.3374
23.3373
23.3372
23.3371
23.337
23.3369
23.3367
23.3366
23.3365
23.3365
23.3364
23.3364
23.3364
23.3364
23.3365
23.3366
23.3367
23.3368
23.3308
23.3306
23.3305
23.3304
23.3303
23.3303
23.3303
23.3303
23.3304
23.3305
23.3306
23.3307
23.3308
23.3309
23.3311
23.3312
23.3313
23.3314
23.3315
23.3316
23.3317
23.3318
23.3319
23.3319
23.332
23.332
23.3321
23.3321
23.3321
23.3321
23.3321
23.3321
23.3321
23.3321
23.332
23.332
23.3319
23.3319
23.3318
23.3317
23.3316
23.3315
23.3314
23.3313
23.3312
23.3311
23.3309
23.3308
23.3307
23.3306
23.3305
23.3304
23.3303
23.3303
23.3303
23.3303
23.3304
23.3305
23.3306
23.3308
23.3233
23.3231
23.323
23.3229
23.3228
23.3228
23.3228
23.3228
23.3229
23.323
23.3231
23.3232
23.3233
23.3235
23.3236
23.3237
23.3239
23.324
23.3241
23.3242
23.3243
23.3244
23.3245
23.3245
23.3246
23.3246
23.3247
23.3247
23.3247
23.3247
23.3247
23.3247
23.3247
23.3247
23.3246
23.3246
23.3245
23.3245
23.3244
23.3243
23.3242
23.3241
23.324
23.3239
23.3237
23.3236
23.3235
23.3233
23.3232
23.3231
23.323
23.3229
23.3228
23.3228
23.3228
23.3228
23.3229
23.323
23.3231
23.3233
23.3143
23.3142
23.314
23.3139
23.3138
23.3137
23.3137
23.3138
23.3139
23.314
23.3141
23.3142
23.3144
23.3145
23.3147
23.3148
23.3149
23.3151
23.3152
23.3153
23.3154
23.3155
23.3156
23.3156
23.3157
23.3157
23.3158
23.3158
23.3158
23.3158
23.3158
23.3158
23.3158
23.3158
23.3157
23.3157
23.3156
23.3156
23.3155
23.3154
23.3153
23.3152
23.3151
23.3149
23.3148
23.3147
23.3145
23.3144
23.3142
23.3141
23.314
23.3139
23.3138
23.3137
23.3137
23.3138
23.3139
23.314
23.3142
23.3143
23.3038
23.3036
23.3034
23.3033
23.3032
23.3032
23.3032
23.3032
23.3033
23.3034
23.3035
23.3037
23.3038
23.304
23.3042
23.3043
23.3044
23.3046
23.3047
23.3048
23.3049
23.305
23.3051
23.3052
23.3052
23.3053
23.3053
23.3054
23.3054
23.3054
23.3054
23.3054
23.3054
23.3053
23.3053
23.3052
23.3052
23.3051
23.305
23.3049
23.3048
23.3047
23.3046
23.3044
23.3043
23.3042
23.304
23.3038
23.3037
23.3035
23.3034
23.3033
23.3032
23.3032
23.3032
23.3032
23.3033
23.3034
23.3036
23.3038
23.2917
23.2914
23.2912
23.2911
23.291
23.2909
23.2909
23.291
23.2911
23.2912
23.2914
23.2915
23.2917
23.2918
23.292
23.2922
23.2923
23.2925
23.2926
23.2927
23.2928
23.2929
23.293
23.2931
23.2931
23.2932
23.2932
23.2933
23.2933
23.2933
23.2933
23.2933
23.2933
23.2932
23.2932
23.2931
23.2931
23.293
23.2929
23.2928
23.2927
23.2926
23.2925
23.2923
23.2922
23.292
23.2918
23.2917
23.2915
23.2914
23.2912
23.2911
23.291
23.2909
23.2909
23.291
23.2911
23.2912
23.2914
23.2917
23.2777
23.2775
23.2772
23.2771
23.277
23.2769
23.2769
23.277
23.2771
23.2772
23.2774
23.2776
23.2777
23.2779
23.2781
23.2783
23.2784
23.2786
23.2787
23.2788
23.279
23.2791
23.2791
23.2792
23.2793
23.2793
23.2794
23.2794
23.2794
23.2795
23.2795
23.2794
23.2794
23.2794
23.2793
23.2793
23.2792
23.2791
23.2791
23.279
23.2788
23.2787
23.2786
23.2784
23.2783
23.2781
23.2779
23.2777
23.2776
23.2774
23.2772
23.2771
23.277
23.2769
23.2769
23.277
23.2771
23.2772
23.2775
23.2777
23.2619
23.2616
23.2613
23.2611
23.261
23.261
23.261
23.2611
23.2612
23.2614
23.2615
23.2617
23.2619
23.2621
23.2623
23.2625
23.2626
23.2628
23.2629
23.2631
23.2632
23.2633
23.2634
23.2635
23.2636
23.2636
23.2637
23.2637
23.2637
23.2637
23.2637
23.2637
23.2637
23.2637
23.2636
23.2636
23.2635
23.2634
23.2633
23.2632
23.2631
23.2629
23.2628
23.2626
23.2625
23.2623
23.2621
23.2619
23.2617
23.2615
23.2614
23.2612
23.2611
23.261
23.261
23.261
23.2611
23.2613
23.2616
23.2619
23.244
23.2437
23.2434
23.2432
23.2431
23.243
23.2431
23.2432
23.2433
23.2435
23.2436
23.2438
23.244
23.2442
23.2444
23.2446
23.2448
23.245
23.2451
23.2453
23.2454
23.2455
23.2456
23.2457
23.2458
23.2458
23.2459
23.2459
23.2459
23.2459
23.2459
23.2459
23.2459
23.2459
23.2458
23.2458
23.2457
23.2456
23.2455
23.2454
23.2453
23.2451
23.245
23.2448
23.2446
23.2444
23.2442
23.244
23.2438
23.2436
23.2435
23.2433
23.2432
23.2431
23.243
23.2431
23.2432
23.2434
23.2437
23.244
23.2238
23.2235
23.2232
23.223
23.2228
23.2228
23.2229
23.223
23.2231
23.2233
23.2235
23.2237
23.224
23.2242
23.2244
23.2246
23.2248
23.2249
23.2251
23.2253
23.2254
23.2255
23.2256
23.2257
23.2258
23.2258
23.2259
23.2259
23.2259
23.226
23.226
23.2259
23.2259
23.2259
23.2258
23.2258
23.2257
23.2256
23.2255
23.2254
23.2253
23.2251
23.2249
23.2248
23.2246
23.2244
23.2242
23.224
23.2237
23.2235
23.2233
23.2231
23.223
23.2229
23.2228
23.2228
23.223
23.2232
23.2235
23.2238
23.2012
23.2008
23.2005
23.2003
23.2002
23.2002
23.2002
23.2004
23.2005
23.2007
23.201
23.2012
23.2014
23.2017
23.2019
23.2021
23.2023
23.2025
23.2027
23.2028
23.2029
23.2031
23.2032
23.2033
23.2033
23.2034
23.2035
23.2035
23.2035
23.2035
23.2035
23.2035
23.2035
23.2035
23.2034
23.2033
23.2033
23.2032
23.2031
23.2029
23.2028
23.2027
23.2025
23.2023
23.2021
23.2019
23.2017
23.2014
23.2012
23.201
23.2007
23.2005
23.2004
23.2002
23.2002
23.2002
23.2003
23.2005
23.2008
23.2012
23.1759
23.1755
23.1751
23.1749
23.1748
23.1748
23.1749
23.1751
23.1753
23.1755
23.1757
23.176
23.1763
23.1765
23.1767
23.177
23.1772
23.1774
23.1776
23.1777
23.1779
23.178
23.1781
23.1782
23.1783
23.1783
23.1784
23.1784
23.1785
23.1785
23.1785
23.1785
23.1784
23.1784
23.1783
23.1783
23.1782
23.1781
23.178
23.1779
23.1777
23.1776
23.1774
23.1772
23.177
23.1767
23.1765
23.1763
23.176
23.1757
23.1755
23.1753
23.1751
23.1749
23.1748
23.1748
23.1749
23.1751
23.1755
23.1759
23.1476
23.1472
23.1468
23.1466
23.1465
23.1465
23.1466
23.1468
23.1471
23.1473
23.1476
23.1479
23.1482
23.1484
23.1487
23.1489
23.1491
23.1493
23.1495
23.1497
23.1499
23.15
23.1501
23.1502
23.1503
23.1504
23.1504
23.1504
23.1505
23.1505
23.1505
23.1505
23.1504
23.1504
23.1504
23.1503
23.1502
23.1501
23.15
23.1499
23.1497
23.1495
23.1493
23.1491
23.1489
23.1487
23.1484
23.1482
23.1479
23.1476
23.1473
23.1471
23.1468
23.1466
23.1465
23.1465
23.1466
23.1468
23.1472
23.1476
23.1161
23.1156
23.1153
23.115
23.115
23.115
23.1152
23.1154
23.1156
23.1159
23.1162
23.1165
23.1168
23.1171
23.1174
23.1177
23.1179
23.1181
23.1183
23.1185
23.1186
23.1188
23.1189
23.119
23.1191
23.1192
23.1192
23.1193
23.1193
23.1193
23.1193
23.1193
23.1193
23.1192
23.1192
23.1191
23.119
23.1189
23.1188
23.1186
23.1185
23.1183
23.1181
23.1179
23.1177
23.1174
23.1171
23.1168
23.1165
23.1162
23.1159
23.1156
23.1154
23.1152
23.115
23.115
23.115
23.1153
23.1156
23.1161
23.081
23.0805
23.0801
23.0799
23.0798
23.0799
23.0801
23.0804
23.0807
23.081
23.0813
23.0817
23.082
23.0823
23.0826
23.0829
23.0831
23.0834
23.0836
23.0837
23.0839
23.084
23.0842
23.0843
23.0844
23.0844
23.0845
23.0845
23.0846
23.0846
23.0846
23.0846
23.0845
23.0845
23.0844
23.0844
23.0843
23.0842
23.084
23.0839
23.0837
23.0836
23.0834
23.0831
23.0829
23.0826
23.0823
23.082
23.0817
23.0813
23.081
23.0807
23.0804
23.0801
23.0799
23.0798
23.0799
23.0801
23.0805
23.081
23.0419
23.0414
23.041
23.0408
23.0408
23.0409
23.0411
23.0414
23.0418
23.0421
23.0425
23.0429
23.0433
23.0436
23.0439
23.0442
23.0445
23.0447
23.0449
23.0451
23.0453
23.0454
23.0456
23.0457
23.0458
23.0458
23.0459
23.0459
23.046
23.046
23.046
23.046
23.0459
23.0459
23.0458
23.0458
23.0457
23.0456
23.0454
23.0453
23.0451
23.0449
23.0447
23.0445
23.0442
23.0439
23.0436
23.0433
23.0429
23.0425
23.0421
23.0418
23.0414
23.0411
23.0409
23.0408
23.0408
23.041
23.0414
23.0419
22.9984
22.9979
22.9975
22.9973
22.9974
22.9975
22.9978
22.9982
22.9986
22.999
22.9994
22.9999
23.0002
23.0006
23.001
23.0013
23.0015
23.0018
23.002
23.0022
23.0024
23.0025
23.0027
23.0028
23.0029
23.003
23.003
23.0031
23.0031
23.0031
23.0031
23.0031
23.0031
23.003
23.003
23.0029
23.0028
23.0027
23.0025
23.0024
23.0022
23.002
23.0018
23.0015
23.0013
23.001
23.0006
23.0002
22.9999
22.9994
22.999
22.9986
22.9982
22.9978
22.9975
22.9974
22.9973
22.9975
22.9979
22.9984
22.9501
22.9496
22.9492
22.9491
22.9492
22.9494
22.9498
22.9502
22.9507
22.9512
22.9517
22.9521
22.9525
22.9529
22.9533
22.9536
22.9539
22.9542
22.9544
22.9546
22.9548
22.955
22.9551
22.9552
22.9553
22.9554
22.9555
22.9555
22.9555
22.9555
22.9555
22.9555
22.9555
22.9555
22.9554
22.9553
22.9552
22.9551
22.955
22.9548
22.9546
22.9544
22.9542
22.9539
22.9536
22.9533
22.9529
22.9525
22.9521
22.9517
22.9512
22.9507
22.9502
22.9498
22.9494
22.9492
22.9491
22.9492
22.9496
22.9501
22.8965
22.896
22.8957
22.8956
22.8958
22.8961
22.8966
22.8971
22.8976
22.8982
22.8987
22.8992
22.8997
22.9001
22.9005
22.9008
22.9011
22.9014
22.9017
22.9019
22.9021
22.9022
22.9024
22.9025
22.9026
22.9027
22.9027
22.9028
22.9028
22.9028
22.9028
22.9028
22.9028
22.9027
22.9027
22.9026
22.9025
22.9024
22.9022
22.9021
22.9019
22.9017
22.9014
22.9011
22.9008
22.9005
22.9001
22.8997
22.8992
22.8987
22.8982
22.8976
22.8971
22.8966
22.8961
22.8958
22.8956
22.8957
22.896
22.8965
22.8371
22.8366
22.8363
22.8364
22.8366
22.8371
22.8376
22.8382
22.8389
22.8395
22.8401
22.8406
22.8411
22.8416
22.842
22.8424
22.8427
22.843
22.8432
22.8435
22.8437
22.8438
22.844
22.8441
22.8442
22.8443
22.8443
22.8444
22.8444
22.8444
22.8444
22.8444
22.8444
22.8443
22.8443
22.8442
22.8441
22.844
22.8438
22.8437
22.8435
22.8432
22.843
22.8427
22.8424
22.842
22.8416
22.8411
22.8406
22.8401
22.8395
22.8389
22.8382
22.8376
22.8371
22.8366
22.8364
22.8363
22.8366
22.8371
22.7713
22.7708
22.7707
22.7708
22.7712
22.7718
22.7724
22.7732
22.7739
22.7746
22.7752
22.7758
22.7764
22.7769
22.7773
22.7777
22.7781
22.7784
22.7786
22.7789
22.7791
22.7792
22.7794
22.7795
22.7796
22.7797
22.7797
22.7798
22.7798
22.7798
22.7798
22.7798
22.7798
22.7797
22.7797
22.7796
22.7795
22.7794
22.7792
22.7791
22.7789
22.7786
22.7784
22.7781
22.7777
22.7773
22.7769
22.7764
22.7758
22.7752
22.7746
22.7739
22.7732
22.7724
22.7718
22.7712
22.7708
22.7707
22.7708
22.7713
22.6985
22.6981
22.698
22.6983
22.6988
22.6996
22.7004
22.7013
22.7021
22.7029
22.7036
22.7043
22.7049
22.7054
22.7059
22.7063
22.7067
22.707
22.7072
22.7075
22.7077
22.7079
22.708
22.7081
22.7082
22.7083
22.7084
22.7084
22.7085
22.7085
22.7085
22.7085
22.7084
22.7084
22.7083
22.7082
22.7081
22.708
22.7079
22.7077
22.7075
22.7072
22.707
22.7067
22.7063
22.7059
22.7054
22.7049
22.7043
22.7036
22.7029
22.7021
22.7013
22.7004
22.6996
22.6988
22.6983
22.698
22.6981
22.6985
22.618
22.6177
22.6177
22.6182
22.619
22.6199
22.6209
22.622
22.6229
22.6238
22.6246
22.6254
22.626
22.6266
22.6271
22.6275
22.6279
22.6282
22.6285
22.6287
22.6289
22.6291
22.6292
22.6294
22.6295
22.6296
22.6296
22.6297
22.6297
22.6297
22.6297
22.6297
22.6297
22.6296
22.6296
22.6295
22.6294
22.6292
22.6291
22.6289
22.6287
22.6285
22.6282
22.6279
22.6275
22.6271
22.6266
22.626
22.6254
22.6246
22.6238
22.6229
22.622
22.6209
22.6199
22.619
22.6182
22.6177
22.6177
22.618
22.5291
22.5289
22.5292
22.5299
22.5309
22.5321
22.5334
22.5346
22.5357
22.5367
22.5376
22.5384
22.5391
22.5397
22.5402
22.5406
22.541
22.5414
22.5416
22.5419
22.5421
22.5423
22.5424
22.5426
22.5427
22.5427
22.5428
22.5429
22.5429
22.5429
22.5429
22.5429
22.5429
22.5428
22.5427
22.5427
22.5426
22.5424
22.5423
22.5421
22.5419
22.5416
22.5414
22.541
22.5406
22.5402
22.5397
22.5391
22.5384
22.5376
22.5367
22.5357
22.5346
22.5334
22.5321
22.5309
22.5299
22.5292
22.5289
22.5291
22.431
22.431
22.4315
22.4326
22.434
22.4355
22.437
22.4384
22.4397
22.4408
22.4418
22.4426
22.4434
22.444
22.4446
22.445
22.4454
22.4458
22.446
22.4463
22.4465
22.4467
22.4468
22.447
22.4471
22.4471
22.4472
22.4473
22.4473
22.4473
22.4473
22.4473
22.4473
22.4472
22.4471
22.4471
22.447
22.4468
22.4467
22.4465
22.4463
22.446
22.4458
22.4454
22.445
22.4446
22.444
22.4434
22.4426
22.4418
22.4408
22.4397
22.4384
22.437
22.4355
22.434
22.4326
22.4315
22.431
22.431
22.3229
22.323
22.324
22.3255
22.3273
22.3292
22.331
22.3327
22.3341
22.3354
22.3365
22.3374
22.3382
22.3388
22.3394
22.3399
22.3403
22.3406
22.3409
22.3412
22.3414
22.3415
22.3417
22.3418
22.3419
22.342
22.3421
22.3421
22.3421
22.3422
22.3422
22.3421
22.3421
22.3421
22.342
22.3419
22.3418
22.3417
22.3415
22.3414
22.3412
22.3409
22.3406
22.3403
22.3399
22.3394
22.3388
22.3382
22.3374
22.3365
22.3354
22.3341
22.3327
22.331
22.3292
22.3273
22.3255
22.324
22.323
22.3229
22.2036
22.2041
22.2056
22.2078
22.2102
22.2126
22.2147
22.2166
22.2183
22.2197
22.2209
22.2218
22.2227
22.2233
22.2239
22.2244
22.2248
22.2251
22.2254
22.2257
22.2259
22.2261
22.2262
22.2263
22.2264
22.2265
22.2266
22.2266
22.2266
22.2266
22.2266
22.2266
22.2266
22.2266
22.2265
22.2264
22.2263
22.2262
22.2261
22.2259
22.2257
22.2254
22.2251
22.2248
22.2244
22.2239
22.2233
22.2227
22.2218
22.2209
22.2197
22.2183
22.2166
22.2147
22.2126
22.2102
22.2078
22.2056
22.2041
22.2036
22.0723
22.0733
22.0756
22.0786
22.0818
22.0847
22.0873
22.0895
22.0913
22.0928
22.0941
22.0951
22.0959
22.0966
22.0972
22.0977
22.0981
22.0984
22.0987
22.099
22.0992
22.0993
22.0995
22.0996
22.0997
22.0998
22.0998
22.0999
22.0999
22.0999
22.0999
22.0999
22.0999
22.0998
22.0998
22.0997
22.0996
22.0995
22.0993
22.0992
22.099
22.0987
22.0984
22.0981
22.0977
22.0972
22.0966
22.0959
22.0951
22.0941
22.0928
22.0913
22.0895
22.0873
22.0847
22.0818
22.0786
22.0756
22.0733
22.0723
21.9274
21.9293
21.9328
21.937
21.9411
21.9448
21.9478
21.9503
21.9523
21.9539
21.9552
21.9563
21.9571
21.9578
21.9584
21.9589
21.9593
21.9596
21.9599
21.9601
21.9603
21.9605
21.9606
21.9607
21.9608
21.9609
21.9609
21.961
21.961
21.961
21.961
21.961
21.961
21.9609
21.9609
21.9608
21.9607
21.9606
21.9605
21.9603
21.9601
21.9599
21.9596
21.9593
21.9589
21.9584
21.9578
21.9571
21.9563
21.9552
21.9539
21.9523
21.9503
21.9478
21.9448
21.9411
21.937
21.9328
21.9293
21.9274
21.7676
21.7709
21.7764
21.7822
21.7875
21.7919
21.7954
21.7982
21.8004
21.802
21.8034
21.8044
21.8053
21.806
21.8065
21.807
21.8073
21.8077
21.8079
21.8081
21.8083
21.8085
21.8086
21.8087
21.8088
21.8088
21.8089
21.8089
21.8089
21.8089
21.8089
21.8089
21.8089
21.8089
21.8088
21.8088
21.8087
21.8086
21.8085
21.8083
21.8081
21.8079
21.8077
21.8073
21.807
21.8065
21.806
21.8053
21.8044
21.8034
21.802
21.8004
21.7982
21.7954
21.7919
21.7875
21.7822
21.7764
21.7709
21.7676
21.5909
21.5969
21.6054
21.6136
21.6203
21.6255
21.6295
21.6324
21.6347
21.6364
21.6377
21.6387
21.6395
21.6402
21.6407
21.6411
21.6415
21.6417
21.642
21.6422
21.6423
21.6425
21.6426
21.6427
21.6427
21.6428
21.6428
21.6429
21.6429
21.6429
21.6429
21.6429
21.6429
21.6428
21.6428
21.6427
21.6427
21.6426
21.6425
21.6423
21.6422
21.642
21.6417
21.6415
21.6411
21.6407
21.6402
21.6395
21.6387
21.6377
21.6364
21.6347
21.6324
21.6295
21.6255
21.6203
21.6136
21.6054
21.5969
21.5909
21.3957
21.4069
21.4205
21.4318
21.4401
21.446
21.4502
21.4533
21.4555
21.4571
21.4583
21.4593
21.46
21.4606
21.4611
21.4615
21.4618
21.462
21.4622
21.4624
21.4625
21.4626
21.4627
21.4628
21.4629
21.4629
21.463
21.463
21.463
21.463
21.463
21.463
21.463
21.463
21.4629
21.4629
21.4628
21.4627
21.4626
21.4625
21.4624
21.4622
21.462
21.4618
21.4615
21.4611
21.4606
21.46
21.4593
21.4583
21.4571
21.4555
21.4533
21.4502
21.446
21.4401
21.4318
21.4205
21.4069
21.3957
21.1849
21.2068
21.2286
21.2437
21.2533
21.2595
21.2636
21.2665
21.2685
21.27
21.2711
21.2719
21.2725
21.273
21.2734
21.2737
21.274
21.2742
21.2743
21.2745
21.2746
21.2747
21.2748
21.2748
21.2749
21.2749
21.2749
21.275
21.275
21.275
21.275
21.275
21.275
21.2749
21.2749
21.2749
21.2748
21.2748
21.2747
21.2746
21.2745
21.2743
21.2742
21.274
21.2737
21.2734
21.273
21.2725
21.2719
21.2711
21.27
21.2685
21.2665
21.2636
21.2595
21.2533
21.2437
21.2286
21.2068
21.1849
20.9857
21.0297
21.064
21.0824
21.0921
21.0977
21.1013
21.1037
21.1053
21.1065
21.1073
21.108
21.1084
21.1088
21.1091
21.1093
21.1095
21.1097
21.1098
21.1099
21.11
21.11
21.1101
21.1101
21.1102
21.1102
21.1102
21.1102
21.1103
21.1103
21.1103
21.1103
21.1102
21.1102
21.1102
21.1102
21.1101
21.1101
21.11
21.11
21.1099
21.1098
21.1097
21.1095
21.1093
21.1091
21.1088
21.1084
21.108
21.1073
21.1065
21.1053
21.1037
21.1013
21.0977
21.0921
21.0824
21.064
21.0297
20.9857
20.9172
21.0049
21.0545
21.072
21.0788
21.0825
21.0849
21.0864
21.0875
21.0882
21.0888
21.0892
21.0895
21.0897
21.0899
21.09
21.0901
21.0902
21.0903
21.0903
21.0904
21.0904
21.0905
21.0905
21.0905
21.0905
21.0905
21.0905
21.0906
21.0906
21.0906
21.0906
21.0905
21.0905
21.0905
21.0905
21.0905
21.0905
21.0904
21.0904
21.0903
21.0903
21.0902
21.0901
21.09
21.0899
21.0897
21.0895
21.0892
21.0888
21.0882
21.0875
21.0864
21.0849
21.0825
21.0788
21.072
21.0545
21.0049
20.9172
21.327
21.4891
21.5469
21.552
21.5514
21.5519
21.5527
21.5533
21.5536
21.5539
21.5541
21.5542
21.5543
21.5544
21.5544
21.5545
21.5545
21.5545
21.5546
21.5546
21.5546
21.5546
21.5546
21.5546
21.5546
21.5546
21.5546
21.5546
21.5546
21.5546
21.5546
21.5546
21.5546
21.5546
21.5546
21.5546
21.5546
21.5546
21.5546
21.5546
21.5546
21.5546
21.5545
21.5545
21.5545
21.5544
21.5544
21.5543
21.5542
21.5541
21.5539
21.5536
21.5533
21.5527
21.5519
21.5514
21.552
21.5469
21.4891
21.327
22.9318
23.1557
23.1878
23.1687
23.1603
23.1588
23.1585
23.1583
23.1581
23.1579
23.1578
23.1578
23.1577
23.1577
23.1576
23.1576
23.1576
23.1576
23.1576
23.1575
23.1575
23.1575
23.1575
23.1575
23.1575
23.1575
23.1575
23.1575
23.1575
23.1575
23.1575
23.1575
23.1575
23.1575
23.1575
23.1575
23.1575
23.1575
23.1575
23.1575
23.1575
23.1576
23.1576
23.1576
23.1576
23.1576
23.1577
23.1577
23.1578
23.1578
23.1579
23.1581
23.1583
23.1585
23.1588
23.1603
23.1687
23.1878
23.1557
22.9318
)
;

boundaryField
{
    top
    {
        type            fixedValue;
        value           uniform 25;
    }
    bottom
    {
        type            fixedValue;
        value           uniform 0;
    }
    wall
    {
        type            zeroGradient;
    }
    frontAndBack
    {
        type            empty;
    }
}


// ************************************************************************* //
