/*--------------------------------*- C++ -*----------------------------------*\
| =========                 |                                                 |
| \\      /  F ield         | foam-extend: Open Source CFD                    |
|  \\    /   O peration     | Version:     4.0                                |
|   \\  /    A nd           | Web:         http://www.foam-extend.org         |
|    \\/     M anipulation  |                                                 |
\*---------------------------------------------------------------------------*/
FoamFile
{
    version     2.0;
    format      ascii;
    class       volScalarField;
    location    "710";
    object      cPlus;
}
// * * * * * * * * * * * * * * * * * * * * * * * * * * * * * * * * * * * * * //

dimensions      [0 0 0 0 0 0 0];

internalField   nonuniform List<scalar> 
6960
(
0.277014
0.276983
0.276978
0.276978
0.276979
0.276981
0.276983
0.276984
0.276986
0.276987
0.276988
0.276989
0.27699
0.276991
0.276992
0.276993
0.276994
0.276994
0.276995
0.276996
0.276996
0.276996
0.276997
0.276997
0.276997
0.276998
0.276998
0.276998
0.276998
0.276998
0.276998
0.276998
0.276998
0.276998
0.276998
0.276997
0.276997
0.276997
0.276996
0.276996
0.276996
0.276995
0.276994
0.276994
0.276993
0.276992
0.276991
0.27699
0.276989
0.276988
0.276987
0.276986
0.276984
0.276983
0.276981
0.276979
0.276978
0.276978
0.276983
0.277014
0.110222
0.110228
0.11023
0.110232
0.110233
0.110234
0.110235
0.110236
0.110237
0.110238
0.110239
0.11024
0.11024
0.110241
0.110241
0.110242
0.110242
0.110243
0.110243
0.110243
0.110243
0.110244
0.110244
0.110244
0.110244
0.110244
0.110245
0.110245
0.110245
0.110245
0.110245
0.110245
0.110245
0.110245
0.110244
0.110244
0.110244
0.110244
0.110244
0.110243
0.110243
0.110243
0.110243
0.110242
0.110242
0.110241
0.110241
0.11024
0.11024
0.110239
0.110238
0.110237
0.110236
0.110235
0.110234
0.110233
0.110232
0.11023
0.110228
0.110222
0.0784646
0.07849
0.0784961
0.0784983
0.0784996
0.0785006
0.0785014
0.0785021
0.0785028
0.0785033
0.0785038
0.0785043
0.0785047
0.0785051
0.0785054
0.0785057
0.078506
0.0785062
0.0785065
0.0785067
0.0785069
0.078507
0.0785072
0.0785073
0.0785074
0.0785075
0.0785076
0.0785076
0.0785077
0.0785077
0.0785077
0.0785077
0.0785076
0.0785076
0.0785075
0.0785074
0.0785073
0.0785072
0.078507
0.0785069
0.0785067
0.0785065
0.0785062
0.078506
0.0785057
0.0785054
0.0785051
0.0785047
0.0785043
0.0785038
0.0785033
0.0785028
0.0785021
0.0785014
0.0785006
0.0784996
0.0784983
0.0784961
0.07849
0.0784646
0.0742179
0.0742532
0.0742614
0.0742642
0.0742655
0.0742664
0.0742672
0.0742678
0.0742684
0.0742688
0.0742693
0.0742697
0.07427
0.0742703
0.0742706
0.0742709
0.0742711
0.0742713
0.0742715
0.0742717
0.0742719
0.074272
0.0742721
0.0742722
0.0742723
0.0742724
0.0742725
0.0742725
0.0742725
0.0742725
0.0742725
0.0742725
0.0742725
0.0742725
0.0742724
0.0742723
0.0742722
0.0742721
0.074272
0.0742719
0.0742717
0.0742715
0.0742713
0.0742711
0.0742709
0.0742706
0.0742703
0.07427
0.0742697
0.0742693
0.0742688
0.0742684
0.0742678
0.0742672
0.0742664
0.0742655
0.0742642
0.0742614
0.0742532
0.0742179
0.0772641
0.0773066
0.0773165
0.0773197
0.0773212
0.0773222
0.077323
0.0773237
0.0773243
0.0773248
0.0773252
0.0773257
0.077326
0.0773264
0.0773267
0.0773269
0.0773272
0.0773274
0.0773276
0.0773278
0.077328
0.0773281
0.0773282
0.0773284
0.0773284
0.0773285
0.0773286
0.0773286
0.0773287
0.0773287
0.0773287
0.0773287
0.0773286
0.0773286
0.0773285
0.0773284
0.0773284
0.0773282
0.0773281
0.077328
0.0773278
0.0773276
0.0773274
0.0773272
0.0773269
0.0773267
0.0773264
0.077326
0.0773257
0.0773252
0.0773248
0.0773243
0.0773237
0.077323
0.0773222
0.0773212
0.0773197
0.0773165
0.0773066
0.0772641
0.0833022
0.0833524
0.0833641
0.0833679
0.0833697
0.0833709
0.0833718
0.0833726
0.0833733
0.0833739
0.0833744
0.0833749
0.0833754
0.0833757
0.0833761
0.0833764
0.0833767
0.083377
0.0833772
0.0833774
0.0833776
0.0833778
0.083378
0.0833781
0.0833782
0.0833783
0.0833784
0.0833784
0.0833785
0.0833785
0.0833785
0.0833785
0.0833784
0.0833784
0.0833783
0.0833782
0.0833781
0.083378
0.0833778
0.0833776
0.0833774
0.0833772
0.083377
0.0833767
0.0833764
0.0833761
0.0833757
0.0833754
0.0833749
0.0833744
0.0833739
0.0833733
0.0833726
0.0833718
0.0833709
0.0833697
0.0833679
0.0833641
0.0833524
0.0833022
0.0916888
0.0917487
0.0917627
0.0917673
0.0917694
0.0917709
0.091772
0.091773
0.0917739
0.0917746
0.0917753
0.0917758
0.0917764
0.0917769
0.0917773
0.0917777
0.0917781
0.0917784
0.0917787
0.091779
0.0917792
0.0917794
0.0917796
0.0917798
0.0917799
0.09178
0.0917801
0.0917802
0.0917802
0.0917802
0.0917802
0.0917802
0.0917802
0.0917801
0.09178
0.0917799
0.0917798
0.0917796
0.0917794
0.0917792
0.091779
0.0917787
0.0917784
0.0917781
0.0917777
0.0917773
0.0917769
0.0917764
0.0917758
0.0917753
0.0917746
0.0917739
0.091773
0.091772
0.0917709
0.0917694
0.0917673
0.0917627
0.0917487
0.0916888
0.102774
0.102847
0.102864
0.10287
0.102872
0.102874
0.102875
0.102877
0.102878
0.102879
0.102879
0.10288
0.102881
0.102881
0.102882
0.102882
0.102883
0.102883
0.102884
0.102884
0.102884
0.102885
0.102885
0.102885
0.102885
0.102885
0.102885
0.102886
0.102886
0.102886
0.102886
0.102886
0.102886
0.102885
0.102885
0.102885
0.102885
0.102885
0.102885
0.102884
0.102884
0.102884
0.102883
0.102883
0.102882
0.102882
0.102881
0.102881
0.10288
0.102879
0.102879
0.102878
0.102877
0.102875
0.102874
0.102872
0.10287
0.102864
0.102847
0.102774
0.117194
0.117284
0.117305
0.117312
0.117315
0.117317
0.117319
0.117321
0.117322
0.117323
0.117324
0.117325
0.117326
0.117327
0.117327
0.117328
0.117328
0.117329
0.117329
0.11733
0.11733
0.117331
0.117331
0.117331
0.117331
0.117331
0.117332
0.117332
0.117332
0.117332
0.117332
0.117332
0.117332
0.117332
0.117331
0.117331
0.117331
0.117331
0.117331
0.11733
0.11733
0.117329
0.117329
0.117328
0.117328
0.117327
0.117327
0.117326
0.117325
0.117324
0.117323
0.117322
0.117321
0.117319
0.117317
0.117315
0.117312
0.117305
0.117284
0.117194
0.135537
0.135647
0.135673
0.135682
0.135686
0.135689
0.135691
0.135692
0.135694
0.135695
0.135697
0.135698
0.135699
0.1357
0.135701
0.135701
0.135702
0.135703
0.135703
0.135704
0.135704
0.135705
0.135705
0.135705
0.135705
0.135706
0.135706
0.135706
0.135706
0.135706
0.135706
0.135706
0.135706
0.135706
0.135706
0.135705
0.135705
0.135705
0.135705
0.135704
0.135704
0.135703
0.135703
0.135702
0.135701
0.135701
0.1357
0.135699
0.135698
0.135697
0.135695
0.135694
0.135692
0.135691
0.135689
0.135686
0.135682
0.135673
0.135647
0.135537
0.158064
0.158197
0.15823
0.15824
0.158245
0.158248
0.158251
0.158253
0.158255
0.158256
0.158258
0.158259
0.15826
0.158261
0.158262
0.158263
0.158264
0.158265
0.158265
0.158266
0.158266
0.158267
0.158267
0.158268
0.158268
0.158268
0.158268
0.158268
0.158269
0.158269
0.158269
0.158269
0.158268
0.158268
0.158268
0.158268
0.158268
0.158267
0.158267
0.158266
0.158266
0.158265
0.158265
0.158264
0.158263
0.158262
0.158261
0.15826
0.158259
0.158258
0.158256
0.158255
0.158253
0.158251
0.158248
0.158245
0.15824
0.15823
0.158197
0.158064
0.184529
0.184687
0.184725
0.184738
0.184743
0.184747
0.18475
0.184752
0.184754
0.184756
0.184758
0.184759
0.18476
0.184762
0.184763
0.184764
0.184764
0.184765
0.184766
0.184767
0.184767
0.184768
0.184768
0.184769
0.184769
0.184769
0.184769
0.18477
0.18477
0.18477
0.18477
0.18477
0.18477
0.184769
0.184769
0.184769
0.184769
0.184768
0.184768
0.184767
0.184767
0.184766
0.184765
0.184764
0.184764
0.184763
0.184762
0.18476
0.184759
0.184758
0.184756
0.184754
0.184752
0.18475
0.184747
0.184743
0.184738
0.184725
0.184687
0.184529
0.214191
0.214373
0.214418
0.214432
0.214438
0.214442
0.214445
0.214447
0.21445
0.214451
0.214453
0.214455
0.214456
0.214457
0.214459
0.21446
0.214461
0.214461
0.214462
0.214463
0.214463
0.214464
0.214465
0.214465
0.214465
0.214466
0.214466
0.214466
0.214466
0.214466
0.214466
0.214466
0.214466
0.214466
0.214466
0.214465
0.214465
0.214465
0.214464
0.214463
0.214463
0.214462
0.214461
0.214461
0.21446
0.214459
0.214457
0.214456
0.214455
0.214453
0.214451
0.21445
0.214447
0.214445
0.214442
0.214438
0.214432
0.214418
0.214373
0.214191
0.246027
0.24623
0.246281
0.246296
0.246303
0.246307
0.24631
0.246313
0.246315
0.246317
0.246319
0.246321
0.246322
0.246323
0.246325
0.246326
0.246327
0.246327
0.246328
0.246329
0.24633
0.24633
0.246331
0.246331
0.246331
0.246332
0.246332
0.246332
0.246332
0.246332
0.246332
0.246332
0.246332
0.246332
0.246332
0.246331
0.246331
0.246331
0.24633
0.24633
0.246329
0.246328
0.246327
0.246327
0.246326
0.246325
0.246323
0.246322
0.246321
0.246319
0.246317
0.246315
0.246313
0.24631
0.246307
0.246303
0.246296
0.246281
0.24623
0.246027
0.279006
0.279227
0.279283
0.279301
0.279308
0.279312
0.279315
0.279318
0.27932
0.279322
0.279324
0.279325
0.279327
0.279328
0.279329
0.27933
0.279331
0.279332
0.279333
0.279334
0.279334
0.279335
0.279335
0.279336
0.279336
0.279336
0.279337
0.279337
0.279337
0.279337
0.279337
0.279337
0.279337
0.279337
0.279336
0.279336
0.279336
0.279335
0.279335
0.279334
0.279334
0.279333
0.279332
0.279331
0.27933
0.279329
0.279328
0.279327
0.279325
0.279324
0.279322
0.27932
0.279318
0.279315
0.279312
0.279308
0.279301
0.279283
0.279227
0.279006
0.312284
0.312522
0.312583
0.312602
0.312609
0.312613
0.312617
0.312619
0.312621
0.312623
0.312625
0.312626
0.312628
0.312629
0.31263
0.312631
0.312632
0.312633
0.312634
0.312634
0.312635
0.312636
0.312636
0.312636
0.312637
0.312637
0.312637
0.312638
0.312638
0.312638
0.312638
0.312638
0.312638
0.312637
0.312637
0.312637
0.312636
0.312636
0.312636
0.312635
0.312634
0.312634
0.312633
0.312632
0.312631
0.31263
0.312629
0.312628
0.312626
0.312625
0.312623
0.312621
0.312619
0.312617
0.312613
0.312609
0.312602
0.312583
0.312522
0.312284
0.345272
0.345523
0.345589
0.345609
0.345617
0.345621
0.345624
0.345627
0.345629
0.34563
0.345632
0.345634
0.345635
0.345636
0.345637
0.345638
0.345639
0.34564
0.34564
0.345641
0.345642
0.345642
0.345643
0.345643
0.345643
0.345644
0.345644
0.345644
0.345644
0.345644
0.345644
0.345644
0.345644
0.345644
0.345644
0.345643
0.345643
0.345643
0.345642
0.345642
0.345641
0.34564
0.34564
0.345639
0.345638
0.345637
0.345636
0.345635
0.345634
0.345632
0.34563
0.345629
0.345627
0.345624
0.345621
0.345617
0.345609
0.345589
0.345523
0.345272
0.377599
0.377862
0.377932
0.377953
0.377961
0.377965
0.377968
0.377971
0.377973
0.377974
0.377976
0.377977
0.377979
0.37798
0.377981
0.377982
0.377982
0.377983
0.377984
0.377985
0.377985
0.377986
0.377986
0.377986
0.377987
0.377987
0.377987
0.377987
0.377987
0.377988
0.377988
0.377987
0.377987
0.377987
0.377987
0.377987
0.377986
0.377986
0.377986
0.377985
0.377985
0.377984
0.377983
0.377982
0.377982
0.377981
0.37798
0.377979
0.377977
0.377976
0.377974
0.377973
0.377971
0.377968
0.377965
0.377961
0.377953
0.377932
0.377862
0.377599
0.409051
0.409325
0.409399
0.409422
0.40943
0.409434
0.409437
0.409439
0.409441
0.409443
0.409444
0.409445
0.409447
0.409448
0.409449
0.409449
0.40945
0.409451
0.409452
0.409452
0.409453
0.409453
0.409454
0.409454
0.409454
0.409455
0.409455
0.409455
0.409455
0.409455
0.409455
0.409455
0.409455
0.409455
0.409455
0.409454
0.409454
0.409454
0.409453
0.409453
0.409452
0.409452
0.409451
0.40945
0.409449
0.409449
0.409448
0.409447
0.409445
0.409444
0.409443
0.409441
0.409439
0.409437
0.409434
0.40943
0.409422
0.409399
0.409325
0.409051
0.439516
0.439798
0.439877
0.4399
0.439908
0.439912
0.439915
0.439917
0.439919
0.439921
0.439922
0.439923
0.439924
0.439925
0.439926
0.439927
0.439928
0.439928
0.439929
0.43993
0.43993
0.439931
0.439931
0.439931
0.439932
0.439932
0.439932
0.439932
0.439932
0.439932
0.439932
0.439932
0.439932
0.439932
0.439932
0.439932
0.439931
0.439931
0.439931
0.43993
0.43993
0.439929
0.439928
0.439928
0.439927
0.439926
0.439925
0.439924
0.439923
0.439922
0.439921
0.439919
0.439917
0.439915
0.439912
0.439908
0.4399
0.439877
0.439798
0.439516
0.468934
0.469224
0.469306
0.469331
0.469339
0.469343
0.469346
0.469348
0.46935
0.469351
0.469352
0.469354
0.469355
0.469356
0.469356
0.469357
0.469358
0.469358
0.469359
0.46936
0.46936
0.46936
0.469361
0.469361
0.469361
0.469362
0.469362
0.469362
0.469362
0.469362
0.469362
0.469362
0.469362
0.469362
0.469362
0.469361
0.469361
0.469361
0.46936
0.46936
0.46936
0.469359
0.469358
0.469358
0.469357
0.469356
0.469356
0.469355
0.469354
0.469352
0.469351
0.46935
0.469348
0.469346
0.469343
0.469339
0.469331
0.469306
0.469224
0.468934
0.497282
0.497578
0.497663
0.497689
0.497698
0.497702
0.497705
0.497706
0.497708
0.497709
0.497711
0.497712
0.497713
0.497713
0.497714
0.497715
0.497716
0.497716
0.497717
0.497717
0.497718
0.497718
0.497718
0.497719
0.497719
0.497719
0.497719
0.497719
0.49772
0.49772
0.49772
0.49772
0.497719
0.497719
0.497719
0.497719
0.497719
0.497718
0.497718
0.497718
0.497717
0.497717
0.497716
0.497716
0.497715
0.497714
0.497713
0.497713
0.497712
0.497711
0.497709
0.497708
0.497706
0.497705
0.497702
0.497698
0.497689
0.497663
0.497578
0.497282
0.524552
0.524853
0.524942
0.524969
0.524978
0.524982
0.524985
0.524986
0.524988
0.524989
0.52499
0.524991
0.524992
0.524993
0.524994
0.524994
0.524995
0.524996
0.524996
0.524996
0.524997
0.524997
0.524998
0.524998
0.524998
0.524998
0.524998
0.524999
0.524999
0.524999
0.524999
0.524999
0.524999
0.524998
0.524998
0.524998
0.524998
0.524998
0.524997
0.524997
0.524996
0.524996
0.524996
0.524995
0.524994
0.524994
0.524993
0.524992
0.524991
0.52499
0.524989
0.524988
0.524986
0.524985
0.524982
0.524978
0.524969
0.524942
0.524853
0.524552
0.550751
0.551055
0.551147
0.551176
0.551185
0.551189
0.551191
0.551193
0.551194
0.551196
0.551197
0.551198
0.551198
0.551199
0.5512
0.5512
0.551201
0.551202
0.551202
0.551202
0.551203
0.551203
0.551203
0.551204
0.551204
0.551204
0.551204
0.551204
0.551204
0.551204
0.551204
0.551204
0.551204
0.551204
0.551204
0.551204
0.551204
0.551203
0.551203
0.551203
0.551202
0.551202
0.551202
0.551201
0.5512
0.5512
0.551199
0.551198
0.551198
0.551197
0.551196
0.551194
0.551193
0.551191
0.551189
0.551185
0.551176
0.551147
0.551055
0.550751
0.575888
0.576196
0.576291
0.57632
0.57633
0.576334
0.576336
0.576338
0.576339
0.57634
0.576341
0.576342
0.576343
0.576344
0.576344
0.576345
0.576345
0.576346
0.576346
0.576347
0.576347
0.576347
0.576348
0.576348
0.576348
0.576348
0.576348
0.576349
0.576349
0.576349
0.576349
0.576349
0.576349
0.576348
0.576348
0.576348
0.576348
0.576348
0.576347
0.576347
0.576347
0.576346
0.576346
0.576345
0.576345
0.576344
0.576344
0.576343
0.576342
0.576341
0.57634
0.576339
0.576338
0.576336
0.576334
0.57633
0.57632
0.576291
0.576196
0.575888
0.599982
0.600291
0.600389
0.60042
0.60043
0.600434
0.600436
0.600437
0.600439
0.60044
0.600441
0.600441
0.600442
0.600443
0.600443
0.600444
0.600444
0.600445
0.600445
0.600446
0.600446
0.600446
0.600446
0.600447
0.600447
0.600447
0.600447
0.600447
0.600447
0.600447
0.600447
0.600447
0.600447
0.600447
0.600447
0.600447
0.600447
0.600446
0.600446
0.600446
0.600446
0.600445
0.600445
0.600444
0.600444
0.600443
0.600443
0.600442
0.600441
0.600441
0.60044
0.600439
0.600437
0.600436
0.600434
0.60043
0.60042
0.600389
0.600291
0.599982
0.62305
0.62336
0.623461
0.623493
0.623503
0.623507
0.623509
0.623511
0.623512
0.623513
0.623513
0.623514
0.623515
0.623515
0.623516
0.623517
0.623517
0.623517
0.623518
0.623518
0.623518
0.623519
0.623519
0.623519
0.623519
0.62352
0.62352
0.62352
0.62352
0.62352
0.62352
0.62352
0.62352
0.62352
0.62352
0.623519
0.623519
0.623519
0.623519
0.623518
0.623518
0.623518
0.623517
0.623517
0.623517
0.623516
0.623515
0.623515
0.623514
0.623513
0.623513
0.623512
0.623511
0.623509
0.623507
0.623503
0.623493
0.623461
0.62336
0.62305
0.645114
0.645424
0.645527
0.64556
0.645571
0.645575
0.645577
0.645578
0.645579
0.64558
0.645581
0.645582
0.645582
0.645583
0.645583
0.645584
0.645584
0.645585
0.645585
0.645585
0.645586
0.645586
0.645586
0.645586
0.645587
0.645587
0.645587
0.645587
0.645587
0.645587
0.645587
0.645587
0.645587
0.645587
0.645587
0.645587
0.645586
0.645586
0.645586
0.645586
0.645585
0.645585
0.645585
0.645584
0.645584
0.645583
0.645583
0.645582
0.645582
0.645581
0.64558
0.645579
0.645578
0.645577
0.645575
0.645571
0.64556
0.645527
0.645424
0.645114
0.666196
0.666505
0.666611
0.666645
0.666656
0.66666
0.666662
0.666663
0.666664
0.666665
0.666666
0.666666
0.666667
0.666668
0.666668
0.666668
0.666669
0.666669
0.66667
0.66667
0.66667
0.66667
0.666671
0.666671
0.666671
0.666671
0.666671
0.666671
0.666671
0.666671
0.666671
0.666671
0.666671
0.666671
0.666671
0.666671
0.666671
0.666671
0.66667
0.66667
0.66667
0.66667
0.666669
0.666669
0.666668
0.666668
0.666668
0.666667
0.666666
0.666666
0.666665
0.666664
0.666663
0.666662
0.66666
0.666656
0.666645
0.666611
0.666505
0.666196
0.686319
0.686628
0.686735
0.68677
0.686781
0.686786
0.686788
0.686789
0.68679
0.686791
0.686791
0.686792
0.686792
0.686793
0.686793
0.686794
0.686794
0.686794
0.686795
0.686795
0.686795
0.686795
0.686796
0.686796
0.686796
0.686796
0.686796
0.686796
0.686796
0.686796
0.686796
0.686796
0.686796
0.686796
0.686796
0.686796
0.686796
0.686796
0.686795
0.686795
0.686795
0.686795
0.686794
0.686794
0.686794
0.686793
0.686793
0.686792
0.686792
0.686791
0.686791
0.68679
0.686789
0.686788
0.686786
0.686781
0.68677
0.686735
0.686628
0.686319
0.705509
0.705815
0.705924
0.70596
0.705972
0.705976
0.705978
0.70598
0.70598
0.705981
0.705982
0.705982
0.705983
0.705983
0.705984
0.705984
0.705984
0.705985
0.705985
0.705985
0.705985
0.705986
0.705986
0.705986
0.705986
0.705986
0.705986
0.705986
0.705986
0.705986
0.705986
0.705986
0.705986
0.705986
0.705986
0.705986
0.705986
0.705986
0.705986
0.705985
0.705985
0.705985
0.705985
0.705984
0.705984
0.705984
0.705983
0.705983
0.705982
0.705982
0.705981
0.70598
0.70598
0.705978
0.705976
0.705972
0.70596
0.705924
0.705815
0.705509
0.723789
0.724093
0.724203
0.72424
0.724252
0.724257
0.724259
0.72426
0.724261
0.724261
0.724262
0.724262
0.724263
0.724263
0.724264
0.724264
0.724264
0.724265
0.724265
0.724265
0.724265
0.724266
0.724266
0.724266
0.724266
0.724266
0.724266
0.724266
0.724266
0.724266
0.724266
0.724266
0.724266
0.724266
0.724266
0.724266
0.724266
0.724266
0.724266
0.724265
0.724265
0.724265
0.724265
0.724264
0.724264
0.724264
0.724263
0.724263
0.724262
0.724262
0.724261
0.724261
0.72426
0.724259
0.724257
0.724252
0.72424
0.724203
0.724093
0.723789
0.741186
0.741485
0.741597
0.741635
0.741648
0.741652
0.741654
0.741656
0.741656
0.741657
0.741657
0.741658
0.741658
0.741659
0.741659
0.741659
0.74166
0.74166
0.74166
0.74166
0.741661
0.741661
0.741661
0.741661
0.741661
0.741661
0.741661
0.741661
0.741662
0.741662
0.741662
0.741662
0.741661
0.741661
0.741661
0.741661
0.741661
0.741661
0.741661
0.741661
0.74166
0.74166
0.74166
0.74166
0.741659
0.741659
0.741659
0.741658
0.741658
0.741657
0.741657
0.741656
0.741656
0.741654
0.741652
0.741648
0.741635
0.741597
0.741485
0.741186
0.757724
0.75802
0.758132
0.758171
0.758184
0.758189
0.758191
0.758192
0.758193
0.758193
0.758194
0.758194
0.758195
0.758195
0.758195
0.758196
0.758196
0.758196
0.758196
0.758197
0.758197
0.758197
0.758197
0.758197
0.758197
0.758197
0.758198
0.758198
0.758198
0.758198
0.758198
0.758198
0.758198
0.758198
0.758197
0.758197
0.758197
0.758197
0.758197
0.758197
0.758197
0.758196
0.758196
0.758196
0.758196
0.758195
0.758195
0.758195
0.758194
0.758194
0.758193
0.758193
0.758192
0.758191
0.758189
0.758184
0.758171
0.758132
0.75802
0.757724
0.77343
0.773721
0.773834
0.773874
0.773888
0.773892
0.773895
0.773896
0.773896
0.773897
0.773897
0.773898
0.773898
0.773898
0.773899
0.773899
0.773899
0.773899
0.7739
0.7739
0.7739
0.7739
0.7739
0.7739
0.7739
0.773901
0.773901
0.773901
0.773901
0.773901
0.773901
0.773901
0.773901
0.773901
0.773901
0.7739
0.7739
0.7739
0.7739
0.7739
0.7739
0.7739
0.773899
0.773899
0.773899
0.773899
0.773898
0.773898
0.773898
0.773897
0.773897
0.773896
0.773896
0.773895
0.773892
0.773888
0.773874
0.773834
0.773721
0.77343
0.78833
0.788615
0.788729
0.78877
0.788784
0.788789
0.788791
0.788792
0.788793
0.788793
0.788794
0.788794
0.788794
0.788795
0.788795
0.788795
0.788795
0.788796
0.788796
0.788796
0.788796
0.788796
0.788796
0.788796
0.788797
0.788797
0.788797
0.788797
0.788797
0.788797
0.788797
0.788797
0.788797
0.788797
0.788797
0.788797
0.788796
0.788796
0.788796
0.788796
0.788796
0.788796
0.788796
0.788795
0.788795
0.788795
0.788795
0.788794
0.788794
0.788794
0.788793
0.788793
0.788792
0.788791
0.788789
0.788784
0.78877
0.788729
0.788615
0.78833
0.80245
0.802729
0.802843
0.802885
0.8029
0.802905
0.802907
0.802908
0.802909
0.802909
0.802909
0.80291
0.80291
0.80291
0.802911
0.802911
0.802911
0.802911
0.802911
0.802912
0.802912
0.802912
0.802912
0.802912
0.802912
0.802912
0.802912
0.802912
0.802912
0.802912
0.802912
0.802912
0.802912
0.802912
0.802912
0.802912
0.802912
0.802912
0.802912
0.802912
0.802912
0.802911
0.802911
0.802911
0.802911
0.802911
0.80291
0.80291
0.80291
0.802909
0.802909
0.802909
0.802908
0.802907
0.802905
0.8029
0.802885
0.802843
0.802729
0.80245
0.815816
0.81609
0.816203
0.816246
0.816261
0.816266
0.816269
0.81627
0.81627
0.816271
0.816271
0.816271
0.816271
0.816272
0.816272
0.816272
0.816272
0.816273
0.816273
0.816273
0.816273
0.816273
0.816273
0.816273
0.816273
0.816273
0.816274
0.816274
0.816274
0.816274
0.816274
0.816274
0.816274
0.816274
0.816273
0.816273
0.816273
0.816273
0.816273
0.816273
0.816273
0.816273
0.816273
0.816272
0.816272
0.816272
0.816272
0.816271
0.816271
0.816271
0.816271
0.81627
0.81627
0.816269
0.816266
0.816261
0.816246
0.816203
0.81609
0.815816
0.828455
0.828722
0.828836
0.828879
0.828894
0.8289
0.828902
0.828903
0.828904
0.828904
0.828905
0.828905
0.828905
0.828905
0.828906
0.828906
0.828906
0.828906
0.828906
0.828906
0.828907
0.828907
0.828907
0.828907
0.828907
0.828907
0.828907
0.828907
0.828907
0.828907
0.828907
0.828907
0.828907
0.828907
0.828907
0.828907
0.828907
0.828907
0.828907
0.828907
0.828906
0.828906
0.828906
0.828906
0.828906
0.828906
0.828905
0.828905
0.828905
0.828905
0.828904
0.828904
0.828903
0.828902
0.8289
0.828894
0.828879
0.828836
0.828722
0.828455
0.840394
0.840654
0.840767
0.84081
0.840827
0.840832
0.840835
0.840836
0.840836
0.840837
0.840837
0.840837
0.840838
0.840838
0.840838
0.840838
0.840838
0.840838
0.840839
0.840839
0.840839
0.840839
0.840839
0.840839
0.840839
0.840839
0.840839
0.840839
0.840839
0.840839
0.840839
0.840839
0.840839
0.840839
0.840839
0.840839
0.840839
0.840839
0.840839
0.840839
0.840839
0.840839
0.840838
0.840838
0.840838
0.840838
0.840838
0.840838
0.840837
0.840837
0.840837
0.840836
0.840836
0.840835
0.840832
0.840827
0.84081
0.840767
0.840654
0.840394
0.851658
0.851911
0.852023
0.852067
0.852084
0.85209
0.852092
0.852093
0.852094
0.852094
0.852094
0.852094
0.852095
0.852095
0.852095
0.852095
0.852095
0.852096
0.852096
0.852096
0.852096
0.852096
0.852096
0.852096
0.852096
0.852096
0.852096
0.852096
0.852096
0.852096
0.852096
0.852096
0.852096
0.852096
0.852096
0.852096
0.852096
0.852096
0.852096
0.852096
0.852096
0.852096
0.852096
0.852095
0.852095
0.852095
0.852095
0.852095
0.852094
0.852094
0.852094
0.852094
0.852093
0.852092
0.85209
0.852084
0.852067
0.852023
0.851911
0.851658
0.862273
0.862519
0.86263
0.862675
0.862692
0.862698
0.8627
0.862701
0.862702
0.862702
0.862703
0.862703
0.862703
0.862703
0.862703
0.862703
0.862704
0.862704
0.862704
0.862704
0.862704
0.862704
0.862704
0.862704
0.862704
0.862704
0.862704
0.862704
0.862704
0.862704
0.862704
0.862704
0.862704
0.862704
0.862704
0.862704
0.862704
0.862704
0.862704
0.862704
0.862704
0.862704
0.862704
0.862704
0.862703
0.862703
0.862703
0.862703
0.862703
0.862703
0.862702
0.862702
0.862701
0.8627
0.862698
0.862692
0.862675
0.86263
0.862519
0.862273
0.872267
0.872505
0.872614
0.872659
0.872677
0.872683
0.872686
0.872687
0.872687
0.872688
0.872688
0.872688
0.872688
0.872688
0.872689
0.872689
0.872689
0.872689
0.872689
0.872689
0.872689
0.872689
0.872689
0.872689
0.872689
0.87269
0.87269
0.87269
0.87269
0.87269
0.87269
0.87269
0.87269
0.87269
0.87269
0.872689
0.872689
0.872689
0.872689
0.872689
0.872689
0.872689
0.872689
0.872689
0.872689
0.872689
0.872688
0.872688
0.872688
0.872688
0.872688
0.872687
0.872687
0.872686
0.872683
0.872677
0.872659
0.872614
0.872505
0.872267
0.881663
0.881893
0.882001
0.882047
0.882064
0.882071
0.882074
0.882075
0.882076
0.882076
0.882076
0.882076
0.882076
0.882077
0.882077
0.882077
0.882077
0.882077
0.882077
0.882077
0.882077
0.882077
0.882077
0.882077
0.882077
0.882077
0.882078
0.882078
0.882078
0.882078
0.882078
0.882078
0.882078
0.882078
0.882077
0.882077
0.882077
0.882077
0.882077
0.882077
0.882077
0.882077
0.882077
0.882077
0.882077
0.882077
0.882077
0.882076
0.882076
0.882076
0.882076
0.882076
0.882075
0.882074
0.882071
0.882064
0.882047
0.882001
0.881893
0.881663
0.890488
0.890711
0.890817
0.890862
0.89088
0.890887
0.89089
0.890891
0.890892
0.890892
0.890892
0.890893
0.890893
0.890893
0.890893
0.890893
0.890893
0.890893
0.890893
0.890893
0.890893
0.890893
0.890894
0.890894
0.890894
0.890894
0.890894
0.890894
0.890894
0.890894
0.890894
0.890894
0.890894
0.890894
0.890894
0.890894
0.890894
0.890894
0.890893
0.890893
0.890893
0.890893
0.890893
0.890893
0.890893
0.890893
0.890893
0.890893
0.890893
0.890892
0.890892
0.890892
0.890891
0.89089
0.890887
0.89088
0.890862
0.890817
0.890711
0.890488
0.898767
0.898981
0.899086
0.899131
0.89915
0.899157
0.89916
0.899161
0.899162
0.899162
0.899162
0.899162
0.899162
0.899162
0.899162
0.899163
0.899163
0.899163
0.899163
0.899163
0.899163
0.899163
0.899163
0.899163
0.899163
0.899163
0.899163
0.899163
0.899163
0.899163
0.899163
0.899163
0.899163
0.899163
0.899163
0.899163
0.899163
0.899163
0.899163
0.899163
0.899163
0.899163
0.899163
0.899163
0.899163
0.899162
0.899162
0.899162
0.899162
0.899162
0.899162
0.899162
0.899161
0.89916
0.899157
0.89915
0.899131
0.899086
0.898981
0.898767
0.906524
0.90673
0.906833
0.906878
0.906897
0.906905
0.906908
0.906909
0.906909
0.90691
0.90691
0.90691
0.90691
0.90691
0.90691
0.90691
0.90691
0.90691
0.90691
0.90691
0.906911
0.906911
0.906911
0.906911
0.906911
0.906911
0.906911
0.906911
0.906911
0.906911
0.906911
0.906911
0.906911
0.906911
0.906911
0.906911
0.906911
0.906911
0.906911
0.906911
0.90691
0.90691
0.90691
0.90691
0.90691
0.90691
0.90691
0.90691
0.90691
0.90691
0.90691
0.906909
0.906909
0.906908
0.906905
0.906897
0.906878
0.906833
0.90673
0.906524
0.913784
0.913982
0.914082
0.914127
0.914147
0.914154
0.914157
0.914159
0.914159
0.91416
0.91416
0.91416
0.91416
0.91416
0.91416
0.91416
0.91416
0.91416
0.91416
0.91416
0.91416
0.91416
0.91416
0.914161
0.914161
0.914161
0.914161
0.914161
0.914161
0.914161
0.914161
0.914161
0.914161
0.914161
0.914161
0.914161
0.914161
0.91416
0.91416
0.91416
0.91416
0.91416
0.91416
0.91416
0.91416
0.91416
0.91416
0.91416
0.91416
0.91416
0.91416
0.914159
0.914159
0.914157
0.914154
0.914147
0.914127
0.914082
0.913982
0.913784
0.920571
0.92076
0.920858
0.920903
0.920922
0.92093
0.920934
0.920935
0.920935
0.920936
0.920936
0.920936
0.920936
0.920936
0.920936
0.920936
0.920936
0.920936
0.920936
0.920936
0.920936
0.920936
0.920936
0.920937
0.920937
0.920937
0.920937
0.920937
0.920937
0.920937
0.920937
0.920937
0.920937
0.920937
0.920937
0.920937
0.920937
0.920936
0.920936
0.920936
0.920936
0.920936
0.920936
0.920936
0.920936
0.920936
0.920936
0.920936
0.920936
0.920936
0.920936
0.920935
0.920935
0.920934
0.92093
0.920922
0.920903
0.920858
0.92076
0.920571
0.926907
0.927088
0.927183
0.927228
0.927248
0.927256
0.927259
0.92726
0.927261
0.927261
0.927261
0.927262
0.927262
0.927262
0.927262
0.927262
0.927262
0.927262
0.927262
0.927262
0.927262
0.927262
0.927262
0.927262
0.927262
0.927262
0.927262
0.927262
0.927262
0.927262
0.927262
0.927262
0.927262
0.927262
0.927262
0.927262
0.927262
0.927262
0.927262
0.927262
0.927262
0.927262
0.927262
0.927262
0.927262
0.927262
0.927262
0.927262
0.927262
0.927261
0.927261
0.927261
0.92726
0.927259
0.927256
0.927248
0.927228
0.927183
0.927088
0.926907
0.932815
0.932989
0.933081
0.933125
0.933145
0.933153
0.933157
0.933158
0.933159
0.933159
0.933159
0.933159
0.933159
0.933159
0.933159
0.933159
0.933159
0.93316
0.93316
0.93316
0.93316
0.93316
0.93316
0.93316
0.93316
0.93316
0.93316
0.93316
0.93316
0.93316
0.93316
0.93316
0.93316
0.93316
0.93316
0.93316
0.93316
0.93316
0.93316
0.93316
0.93316
0.93316
0.93316
0.933159
0.933159
0.933159
0.933159
0.933159
0.933159
0.933159
0.933159
0.933159
0.933158
0.933157
0.933153
0.933145
0.933125
0.933081
0.932989
0.932815
0.938319
0.938484
0.938573
0.938617
0.938637
0.938645
0.938649
0.93865
0.938651
0.938651
0.938651
0.938651
0.938652
0.938652
0.938652
0.938652
0.938652
0.938652
0.938652
0.938652
0.938652
0.938652
0.938652
0.938652
0.938652
0.938652
0.938652
0.938652
0.938652
0.938652
0.938652
0.938652
0.938652
0.938652
0.938652
0.938652
0.938652
0.938652
0.938652
0.938652
0.938652
0.938652
0.938652
0.938652
0.938652
0.938652
0.938652
0.938652
0.938651
0.938651
0.938651
0.938651
0.93865
0.938649
0.938645
0.938637
0.938617
0.938573
0.938484
0.938319
0.943438
0.943595
0.943682
0.943725
0.943745
0.943753
0.943757
0.943759
0.943759
0.94376
0.94376
0.94376
0.94376
0.94376
0.94376
0.94376
0.94376
0.94376
0.94376
0.94376
0.94376
0.94376
0.94376
0.94376
0.94376
0.94376
0.94376
0.94376
0.94376
0.94376
0.94376
0.94376
0.94376
0.94376
0.94376
0.94376
0.94376
0.94376
0.94376
0.94376
0.94376
0.94376
0.94376
0.94376
0.94376
0.94376
0.94376
0.94376
0.94376
0.94376
0.94376
0.943759
0.943759
0.943757
0.943753
0.943745
0.943725
0.943682
0.943595
0.943438
0.948194
0.948344
0.948427
0.948469
0.948489
0.948498
0.948502
0.948504
0.948504
0.948505
0.948505
0.948505
0.948505
0.948505
0.948505
0.948505
0.948505
0.948505
0.948505
0.948505
0.948505
0.948505
0.948505
0.948505
0.948505
0.948505
0.948505
0.948505
0.948505
0.948505
0.948505
0.948505
0.948505
0.948505
0.948505
0.948505
0.948505
0.948505
0.948505
0.948505
0.948505
0.948505
0.948505
0.948505
0.948505
0.948505
0.948505
0.948505
0.948505
0.948505
0.948505
0.948504
0.948504
0.948502
0.948498
0.948489
0.948469
0.948427
0.948344
0.948194
0.952608
0.952749
0.95283
0.952872
0.952891
0.9529
0.952904
0.952906
0.952907
0.952907
0.952907
0.952907
0.952907
0.952907
0.952907
0.952907
0.952907
0.952907
0.952907
0.952907
0.952907
0.952907
0.952907
0.952907
0.952907
0.952907
0.952907
0.952907
0.952907
0.952907
0.952907
0.952907
0.952907
0.952907
0.952907
0.952907
0.952907
0.952907
0.952907
0.952907
0.952907
0.952907
0.952907
0.952907
0.952907
0.952907
0.952907
0.952907
0.952907
0.952907
0.952907
0.952907
0.952906
0.952904
0.9529
0.952891
0.952872
0.95283
0.952749
0.952608
0.956698
0.956833
0.95691
0.956951
0.95697
0.95698
0.956984
0.956985
0.956986
0.956986
0.956986
0.956986
0.956986
0.956986
0.956986
0.956986
0.956986
0.956986
0.956986
0.956986
0.956986
0.956986
0.956986
0.956986
0.956986
0.956986
0.956986
0.956986
0.956986
0.956986
0.956986
0.956986
0.956986
0.956986
0.956986
0.956986
0.956986
0.956986
0.956986
0.956986
0.956986
0.956986
0.956986
0.956986
0.956986
0.956986
0.956986
0.956986
0.956986
0.956986
0.956986
0.956986
0.956985
0.956984
0.95698
0.95697
0.956951
0.95691
0.956833
0.956698
0.960485
0.960612
0.960686
0.960725
0.960745
0.960754
0.960759
0.96076
0.960761
0.960761
0.960762
0.960762
0.960762
0.960761
0.960761
0.960761
0.960761
0.960761
0.960761
0.960761
0.960761
0.960761
0.960761
0.960761
0.960761
0.960761
0.960761
0.960761
0.960761
0.960761
0.960761
0.960761
0.960761
0.960761
0.960761
0.960761
0.960761
0.960761
0.960761
0.960761
0.960761
0.960761
0.960761
0.960761
0.960761
0.960761
0.960761
0.960762
0.960762
0.960762
0.960761
0.960761
0.96076
0.960759
0.960754
0.960745
0.960725
0.960686
0.960612
0.960485
0.963985
0.964105
0.964176
0.964215
0.964234
0.964243
0.964248
0.96425
0.96425
0.964251
0.964251
0.964251
0.964251
0.964251
0.964251
0.964251
0.96425
0.96425
0.96425
0.96425
0.96425
0.96425
0.96425
0.96425
0.96425
0.96425
0.96425
0.96425
0.96425
0.96425
0.96425
0.96425
0.96425
0.96425
0.96425
0.96425
0.96425
0.96425
0.96425
0.96425
0.96425
0.96425
0.96425
0.96425
0.964251
0.964251
0.964251
0.964251
0.964251
0.964251
0.964251
0.96425
0.96425
0.964248
0.964243
0.964234
0.964215
0.964176
0.964105
0.963985
0.967217
0.96733
0.967398
0.967435
0.967455
0.967464
0.967468
0.96747
0.967471
0.967471
0.967472
0.967472
0.967472
0.967471
0.967471
0.967471
0.967471
0.967471
0.967471
0.967471
0.967471
0.967471
0.967471
0.967471
0.967471
0.967471
0.967471
0.967471
0.967471
0.967471
0.967471
0.967471
0.967471
0.967471
0.967471
0.967471
0.967471
0.967471
0.967471
0.967471
0.967471
0.967471
0.967471
0.967471
0.967471
0.967471
0.967471
0.967472
0.967472
0.967472
0.967471
0.967471
0.96747
0.967468
0.967464
0.967455
0.967435
0.967398
0.96733
0.967217
0.970198
0.970304
0.970369
0.970405
0.970424
0.970433
0.970438
0.97044
0.97044
0.970441
0.970441
0.970441
0.970441
0.970441
0.970441
0.970441
0.97044
0.97044
0.97044
0.97044
0.97044
0.97044
0.97044
0.97044
0.97044
0.97044
0.97044
0.97044
0.97044
0.97044
0.97044
0.97044
0.97044
0.97044
0.97044
0.97044
0.97044
0.97044
0.97044
0.97044
0.97044
0.97044
0.97044
0.97044
0.970441
0.970441
0.970441
0.970441
0.970441
0.970441
0.970441
0.97044
0.97044
0.970438
0.970433
0.970424
0.970405
0.970369
0.970304
0.970198
0.972943
0.973042
0.973104
0.973139
0.973158
0.973167
0.973171
0.973174
0.973174
0.973175
0.973175
0.973175
0.973175
0.973175
0.973175
0.973174
0.973174
0.973174
0.973174
0.973174
0.973174
0.973174
0.973174
0.973174
0.973174
0.973174
0.973174
0.973174
0.973174
0.973174
0.973174
0.973174
0.973174
0.973174
0.973174
0.973174
0.973174
0.973174
0.973174
0.973174
0.973174
0.973174
0.973174
0.973174
0.973174
0.973175
0.973175
0.973175
0.973175
0.973175
0.973175
0.973174
0.973174
0.973171
0.973167
0.973158
0.973139
0.973104
0.973042
0.972943
0.975468
0.975561
0.975619
0.975653
0.975671
0.975681
0.975685
0.975687
0.975688
0.975689
0.975689
0.975689
0.975689
0.975689
0.975688
0.975688
0.975688
0.975688
0.975688
0.975688
0.975688
0.975688
0.975688
0.975688
0.975688
0.975688
0.975688
0.975688
0.975688
0.975688
0.975688
0.975688
0.975688
0.975688
0.975688
0.975688
0.975688
0.975688
0.975688
0.975688
0.975688
0.975688
0.975688
0.975688
0.975688
0.975688
0.975689
0.975689
0.975689
0.975689
0.975689
0.975688
0.975687
0.975685
0.975681
0.975671
0.975653
0.975619
0.975561
0.975468
0.977787
0.977874
0.97793
0.977962
0.97798
0.977989
0.977994
0.977996
0.977997
0.977997
0.977997
0.977997
0.977997
0.977997
0.977997
0.977997
0.977997
0.977997
0.977997
0.977997
0.977997
0.977996
0.977996
0.977996
0.977996
0.977996
0.977996
0.977996
0.977996
0.977996
0.977996
0.977996
0.977996
0.977996
0.977996
0.977996
0.977996
0.977996
0.977996
0.977997
0.977997
0.977997
0.977997
0.977997
0.977997
0.977997
0.977997
0.977997
0.977997
0.977997
0.977997
0.977997
0.977996
0.977994
0.977989
0.97798
0.977962
0.97793
0.977874
0.977787
0.979915
0.979997
0.980049
0.98008
0.980098
0.980107
0.980111
0.980114
0.980115
0.980115
0.980115
0.980115
0.980115
0.980115
0.980114
0.980114
0.980114
0.980114
0.980114
0.980114
0.980114
0.980114
0.980114
0.980114
0.980114
0.980114
0.980114
0.980114
0.980114
0.980114
0.980114
0.980114
0.980114
0.980114
0.980114
0.980114
0.980114
0.980114
0.980114
0.980114
0.980114
0.980114
0.980114
0.980114
0.980114
0.980114
0.980115
0.980115
0.980115
0.980115
0.980115
0.980115
0.980114
0.980111
0.980107
0.980098
0.98008
0.980049
0.979997
0.979915
0.981865
0.981941
0.98199
0.98202
0.982037
0.982046
0.982051
0.982053
0.982054
0.982054
0.982054
0.982054
0.982054
0.982054
0.982054
0.982054
0.982054
0.982054
0.982053
0.982053
0.982053
0.982053
0.982053
0.982053
0.982053
0.982053
0.982053
0.982053
0.982053
0.982053
0.982053
0.982053
0.982053
0.982053
0.982053
0.982053
0.982053
0.982053
0.982053
0.982053
0.982053
0.982053
0.982054
0.982054
0.982054
0.982054
0.982054
0.982054
0.982054
0.982054
0.982054
0.982054
0.982053
0.982051
0.982046
0.982037
0.98202
0.98199
0.981941
0.981865
0.983649
0.98372
0.983767
0.983795
0.983811
0.98382
0.983825
0.983827
0.983828
0.983829
0.983829
0.983829
0.983828
0.983828
0.983828
0.983828
0.983828
0.983828
0.983828
0.983827
0.983827
0.983827
0.983827
0.983827
0.983827
0.983827
0.983827
0.983827
0.983827
0.983827
0.983827
0.983827
0.983827
0.983827
0.983827
0.983827
0.983827
0.983827
0.983827
0.983827
0.983827
0.983828
0.983828
0.983828
0.983828
0.983828
0.983828
0.983828
0.983829
0.983829
0.983829
0.983828
0.983827
0.983825
0.98382
0.983811
0.983795
0.983767
0.98372
0.983649
0.98528
0.985346
0.98539
0.985417
0.985433
0.985441
0.985446
0.985448
0.985449
0.98545
0.98545
0.98545
0.985449
0.985449
0.985449
0.985449
0.985449
0.985448
0.985448
0.985448
0.985448
0.985448
0.985448
0.985448
0.985448
0.985448
0.985448
0.985448
0.985448
0.985448
0.985448
0.985448
0.985448
0.985448
0.985448
0.985448
0.985448
0.985448
0.985448
0.985448
0.985448
0.985448
0.985448
0.985449
0.985449
0.985449
0.985449
0.985449
0.98545
0.98545
0.98545
0.985449
0.985448
0.985446
0.985441
0.985433
0.985417
0.98539
0.985346
0.98528
0.986769
0.98683
0.986871
0.986896
0.986912
0.98692
0.986925
0.986927
0.986928
0.986928
0.986928
0.986928
0.986928
0.986928
0.986928
0.986928
0.986927
0.986927
0.986927
0.986927
0.986927
0.986927
0.986927
0.986927
0.986927
0.986926
0.986926
0.986926
0.986926
0.986926
0.986926
0.986926
0.986926
0.986926
0.986926
0.986927
0.986927
0.986927
0.986927
0.986927
0.986927
0.986927
0.986927
0.986927
0.986928
0.986928
0.986928
0.986928
0.986928
0.986928
0.986928
0.986928
0.986927
0.986925
0.98692
0.986912
0.986896
0.986871
0.98683
0.986769
0.988126
0.988182
0.98822
0.988245
0.988259
0.988268
0.988272
0.988275
0.988276
0.988276
0.988276
0.988276
0.988276
0.988276
0.988275
0.988275
0.988275
0.988275
0.988275
0.988274
0.988274
0.988274
0.988274
0.988274
0.988274
0.988274
0.988274
0.988274
0.988274
0.988274
0.988274
0.988274
0.988274
0.988274
0.988274
0.988274
0.988274
0.988274
0.988274
0.988274
0.988274
0.988275
0.988275
0.988275
0.988275
0.988275
0.988276
0.988276
0.988276
0.988276
0.988276
0.988276
0.988275
0.988272
0.988268
0.988259
0.988245
0.98822
0.988182
0.988126
0.989361
0.989413
0.989449
0.989472
0.989486
0.989494
0.989499
0.989501
0.989502
0.989502
0.989502
0.989502
0.989502
0.989502
0.989502
0.989501
0.989501
0.989501
0.989501
0.989501
0.9895
0.9895
0.9895
0.9895
0.9895
0.9895
0.9895
0.9895
0.9895
0.9895
0.9895
0.9895
0.9895
0.9895
0.9895
0.9895
0.9895
0.9895
0.9895
0.9895
0.989501
0.989501
0.989501
0.989501
0.989501
0.989502
0.989502
0.989502
0.989502
0.989502
0.989502
0.989502
0.989501
0.989499
0.989494
0.989486
0.989472
0.989449
0.989413
0.989361
0.990485
0.990532
0.990566
0.990588
0.990601
0.990609
0.990613
0.990615
0.990616
0.990617
0.990617
0.990617
0.990617
0.990616
0.990616
0.990616
0.990616
0.990615
0.990615
0.990615
0.990615
0.990615
0.990614
0.990614
0.990614
0.990614
0.990614
0.990614
0.990614
0.990614
0.990614
0.990614
0.990614
0.990614
0.990614
0.990614
0.990614
0.990614
0.990615
0.990615
0.990615
0.990615
0.990615
0.990616
0.990616
0.990616
0.990616
0.990617
0.990617
0.990617
0.990617
0.990616
0.990615
0.990613
0.990609
0.990601
0.990588
0.990566
0.990532
0.990485
0.991505
0.991549
0.99158
0.9916
0.991613
0.99162
0.991625
0.991627
0.991628
0.991628
0.991628
0.991628
0.991628
0.991628
0.991628
0.991627
0.991627
0.991627
0.991627
0.991626
0.991626
0.991626
0.991626
0.991626
0.991626
0.991626
0.991626
0.991625
0.991625
0.991625
0.991625
0.991625
0.991625
0.991626
0.991626
0.991626
0.991626
0.991626
0.991626
0.991626
0.991626
0.991627
0.991627
0.991627
0.991627
0.991628
0.991628
0.991628
0.991628
0.991628
0.991628
0.991628
0.991627
0.991625
0.99162
0.991613
0.9916
0.99158
0.991549
0.991505
0.99243
0.99247
0.992499
0.992518
0.99253
0.992538
0.992542
0.992544
0.992545
0.992545
0.992545
0.992545
0.992545
0.992545
0.992544
0.992544
0.992544
0.992544
0.992543
0.992543
0.992543
0.992543
0.992543
0.992542
0.992542
0.992542
0.992542
0.992542
0.992542
0.992542
0.992542
0.992542
0.992542
0.992542
0.992542
0.992542
0.992542
0.992543
0.992543
0.992543
0.992543
0.992543
0.992544
0.992544
0.992544
0.992544
0.992545
0.992545
0.992545
0.992545
0.992545
0.992545
0.992544
0.992542
0.992538
0.99253
0.992518
0.992499
0.99247
0.99243
0.993268
0.993305
0.993331
0.993349
0.993361
0.993368
0.993372
0.993374
0.993375
0.993376
0.993376
0.993375
0.993375
0.993375
0.993374
0.993374
0.993374
0.993374
0.993373
0.993373
0.993373
0.993373
0.993373
0.993372
0.993372
0.993372
0.993372
0.993372
0.993372
0.993372
0.993372
0.993372
0.993372
0.993372
0.993372
0.993372
0.993372
0.993373
0.993373
0.993373
0.993373
0.993373
0.993374
0.993374
0.993374
0.993374
0.993375
0.993375
0.993375
0.993376
0.993376
0.993375
0.993374
0.993372
0.993368
0.993361
0.993349
0.993331
0.993305
0.993268
0.994026
0.99406
0.994084
0.994101
0.994112
0.994119
0.994123
0.994125
0.994126
0.994126
0.994126
0.994126
0.994126
0.994125
0.994125
0.994125
0.994124
0.994124
0.994124
0.994123
0.994123
0.994123
0.994123
0.994123
0.994123
0.994122
0.994122
0.994122
0.994122
0.994122
0.994122
0.994122
0.994122
0.994122
0.994122
0.994123
0.994123
0.994123
0.994123
0.994123
0.994123
0.994124
0.994124
0.994124
0.994125
0.994125
0.994125
0.994126
0.994126
0.994126
0.994126
0.994126
0.994125
0.994123
0.994119
0.994112
0.994101
0.994084
0.99406
0.994026
0.994711
0.994742
0.994764
0.99478
0.99479
0.994797
0.9948
0.994802
0.994803
0.994804
0.994804
0.994804
0.994803
0.994803
0.994803
0.994802
0.994802
0.994802
0.994801
0.994801
0.994801
0.994801
0.9948
0.9948
0.9948
0.9948
0.9948
0.9948
0.9948
0.9948
0.9948
0.9948
0.9948
0.9948
0.9948
0.9948
0.9948
0.9948
0.994801
0.994801
0.994801
0.994801
0.994802
0.994802
0.994802
0.994803
0.994803
0.994803
0.994804
0.994804
0.994804
0.994803
0.994802
0.9948
0.994797
0.99479
0.99478
0.994764
0.994742
0.994711
0.995329
0.995357
0.995378
0.995392
0.995402
0.995408
0.995412
0.995414
0.995415
0.995415
0.995415
0.995415
0.995414
0.995414
0.995414
0.995413
0.995413
0.995413
0.995412
0.995412
0.995412
0.995411
0.995411
0.995411
0.995411
0.995411
0.995411
0.995411
0.995411
0.995411
0.995411
0.995411
0.995411
0.995411
0.995411
0.995411
0.995411
0.995411
0.995411
0.995412
0.995412
0.995412
0.995413
0.995413
0.995413
0.995414
0.995414
0.995414
0.995415
0.995415
0.995415
0.995415
0.995414
0.995412
0.995408
0.995402
0.995392
0.995378
0.995357
0.995329
0.995886
0.995912
0.995931
0.995944
0.995953
0.995959
0.995962
0.995964
0.995965
0.995965
0.995965
0.995965
0.995965
0.995964
0.995964
0.995964
0.995963
0.995963
0.995963
0.995962
0.995962
0.995962
0.995962
0.995961
0.995961
0.995961
0.995961
0.995961
0.995961
0.995961
0.995961
0.995961
0.995961
0.995961
0.995961
0.995961
0.995961
0.995962
0.995962
0.995962
0.995962
0.995963
0.995963
0.995963
0.995964
0.995964
0.995964
0.995965
0.995965
0.995965
0.995965
0.995965
0.995964
0.995962
0.995959
0.995953
0.995944
0.995931
0.995912
0.995886
0.996387
0.996411
0.996428
0.996441
0.996449
0.996454
0.996458
0.996459
0.99646
0.996461
0.996461
0.99646
0.99646
0.99646
0.996459
0.996459
0.996458
0.996458
0.996458
0.996457
0.996457
0.996457
0.996456
0.996456
0.996456
0.996456
0.996456
0.996456
0.996456
0.996456
0.996456
0.996456
0.996456
0.996456
0.996456
0.996456
0.996456
0.996456
0.996457
0.996457
0.996457
0.996458
0.996458
0.996458
0.996459
0.996459
0.99646
0.99646
0.99646
0.996461
0.996461
0.99646
0.996459
0.996458
0.996454
0.996449
0.996441
0.996428
0.996411
0.996387
0.996838
0.996859
0.996875
0.996887
0.996894
0.9969
0.996903
0.996904
0.996905
0.996906
0.996906
0.996905
0.996905
0.996904
0.996904
0.996904
0.996903
0.996903
0.996902
0.996902
0.996902
0.996901
0.996901
0.996901
0.996901
0.996901
0.9969
0.9969
0.9969
0.9969
0.9969
0.9969
0.9969
0.9969
0.996901
0.996901
0.996901
0.996901
0.996901
0.996902
0.996902
0.996902
0.996903
0.996903
0.996904
0.996904
0.996904
0.996905
0.996905
0.996906
0.996906
0.996905
0.996904
0.996903
0.9969
0.996894
0.996887
0.996875
0.996859
0.996838
0.997243
0.997262
0.997277
0.997287
0.997294
0.997299
0.997302
0.997304
0.997305
0.997305
0.997305
0.997304
0.997304
0.997304
0.997303
0.997303
0.997302
0.997302
0.997301
0.997301
0.997301
0.9973
0.9973
0.9973
0.9973
0.9973
0.997299
0.997299
0.997299
0.997299
0.997299
0.997299
0.997299
0.997299
0.9973
0.9973
0.9973
0.9973
0.9973
0.997301
0.997301
0.997301
0.997302
0.997302
0.997303
0.997303
0.997304
0.997304
0.997304
0.997305
0.997305
0.997305
0.997304
0.997302
0.997299
0.997294
0.997287
0.997277
0.997262
0.997243
0.997606
0.997623
0.997636
0.997646
0.997653
0.997657
0.99766
0.997662
0.997662
0.997663
0.997662
0.997662
0.997662
0.997661
0.997661
0.99766
0.99766
0.997659
0.997659
0.997659
0.997658
0.997658
0.997658
0.997657
0.997657
0.997657
0.997657
0.997657
0.997657
0.997657
0.997657
0.997657
0.997657
0.997657
0.997657
0.997657
0.997657
0.997658
0.997658
0.997658
0.997659
0.997659
0.997659
0.99766
0.99766
0.997661
0.997661
0.997662
0.997662
0.997662
0.997663
0.997662
0.997662
0.99766
0.997657
0.997653
0.997646
0.997636
0.997623
0.997606
0.997931
0.997946
0.997959
0.997967
0.997974
0.997978
0.99798
0.997982
0.997983
0.997983
0.997983
0.997982
0.997982
0.997981
0.997981
0.99798
0.99798
0.997979
0.997979
0.997979
0.997978
0.997978
0.997978
0.997977
0.997977
0.997977
0.997977
0.997977
0.997977
0.997977
0.997977
0.997977
0.997977
0.997977
0.997977
0.997977
0.997977
0.997978
0.997978
0.997978
0.997979
0.997979
0.997979
0.99798
0.99798
0.997981
0.997981
0.997982
0.997982
0.997983
0.997983
0.997983
0.997982
0.99798
0.997978
0.997974
0.997967
0.997959
0.997946
0.997931
0.998222
0.998236
0.998247
0.998255
0.99826
0.998264
0.998267
0.998268
0.998269
0.998269
0.998269
0.998269
0.998268
0.998268
0.998267
0.998266
0.998266
0.998265
0.998265
0.998265
0.998264
0.998264
0.998263
0.998263
0.998263
0.998263
0.998263
0.998263
0.998263
0.998262
0.998262
0.998263
0.998263
0.998263
0.998263
0.998263
0.998263
0.998263
0.998264
0.998264
0.998265
0.998265
0.998265
0.998266
0.998266
0.998267
0.998268
0.998268
0.998269
0.998269
0.998269
0.998269
0.998268
0.998267
0.998264
0.99826
0.998255
0.998247
0.998236
0.998222
0.998481
0.998494
0.998504
0.998511
0.998517
0.99852
0.998522
0.998524
0.998524
0.998524
0.998524
0.998524
0.998523
0.998523
0.998522
0.998522
0.998521
0.998521
0.99852
0.99852
0.998519
0.998519
0.998519
0.998518
0.998518
0.998518
0.998518
0.998518
0.998518
0.998518
0.998518
0.998518
0.998518
0.998518
0.998518
0.998518
0.998518
0.998519
0.998519
0.998519
0.99852
0.99852
0.998521
0.998521
0.998522
0.998522
0.998523
0.998523
0.998524
0.998524
0.998524
0.998524
0.998524
0.998522
0.99852
0.998517
0.998511
0.998504
0.998494
0.998481
0.998713
0.998725
0.998733
0.99874
0.998745
0.998748
0.99875
0.998752
0.998752
0.998752
0.998752
0.998752
0.998751
0.998751
0.99875
0.998749
0.998749
0.998748
0.998748
0.998747
0.998747
0.998747
0.998746
0.998746
0.998746
0.998746
0.998745
0.998745
0.998745
0.998745
0.998745
0.998745
0.998745
0.998745
0.998746
0.998746
0.998746
0.998746
0.998747
0.998747
0.998747
0.998748
0.998748
0.998749
0.998749
0.99875
0.998751
0.998751
0.998752
0.998752
0.998752
0.998752
0.998752
0.99875
0.998748
0.998745
0.99874
0.998733
0.998725
0.998713
0.99892
0.99893
0.998938
0.998944
0.998948
0.998951
0.998953
0.998954
0.998955
0.998955
0.998955
0.998954
0.998954
0.998953
0.998953
0.998952
0.998952
0.998951
0.99895
0.99895
0.99895
0.998949
0.998949
0.998948
0.998948
0.998948
0.998948
0.998948
0.998948
0.998948
0.998948
0.998948
0.998948
0.998948
0.998948
0.998948
0.998948
0.998949
0.998949
0.99895
0.99895
0.99895
0.998951
0.998952
0.998952
0.998953
0.998953
0.998954
0.998954
0.998955
0.998955
0.998955
0.998954
0.998953
0.998951
0.998948
0.998944
0.998938
0.99893
0.99892
0.999103
0.999112
0.99912
0.999125
0.999129
0.999132
0.999134
0.999135
0.999135
0.999135
0.999135
0.999135
0.999134
0.999133
0.999133
0.999132
0.999132
0.999131
0.99913
0.99913
0.99913
0.999129
0.999129
0.999128
0.999128
0.999128
0.999128
0.999128
0.999128
0.999127
0.999127
0.999128
0.999128
0.999128
0.999128
0.999128
0.999128
0.999129
0.999129
0.99913
0.99913
0.99913
0.999131
0.999132
0.999132
0.999133
0.999133
0.999134
0.999135
0.999135
0.999135
0.999135
0.999135
0.999134
0.999132
0.999129
0.999125
0.99912
0.999112
0.999103
0.999266
0.999274
0.999281
0.999286
0.999289
0.999292
0.999294
0.999295
0.999295
0.999295
0.999295
0.999294
0.999294
0.999293
0.999293
0.999292
0.999291
0.999291
0.99929
0.99929
0.999289
0.999289
0.999288
0.999288
0.999288
0.999288
0.999287
0.999287
0.999287
0.999287
0.999287
0.999287
0.999287
0.999287
0.999288
0.999288
0.999288
0.999288
0.999289
0.999289
0.99929
0.99929
0.999291
0.999291
0.999292
0.999293
0.999293
0.999294
0.999294
0.999295
0.999295
0.999295
0.999295
0.999294
0.999292
0.999289
0.999286
0.999281
0.999274
0.999266
0.99941
0.999418
0.999424
0.999428
0.999432
0.999434
0.999435
0.999436
0.999436
0.999436
0.999436
0.999436
0.999435
0.999435
0.999434
0.999433
0.999433
0.999432
0.999432
0.999431
0.999431
0.99943
0.99943
0.999429
0.999429
0.999429
0.999429
0.999428
0.999428
0.999428
0.999428
0.999428
0.999428
0.999429
0.999429
0.999429
0.999429
0.99943
0.99943
0.999431
0.999431
0.999432
0.999432
0.999433
0.999433
0.999434
0.999435
0.999435
0.999436
0.999436
0.999436
0.999436
0.999436
0.999435
0.999434
0.999432
0.999428
0.999424
0.999418
0.99941
0.999538
0.999545
0.99955
0.999554
0.999557
0.999559
0.99956
0.999561
0.999561
0.999561
0.999561
0.999561
0.99956
0.99956
0.999559
0.999558
0.999558
0.999557
0.999556
0.999556
0.999555
0.999555
0.999555
0.999554
0.999554
0.999554
0.999553
0.999553
0.999553
0.999553
0.999553
0.999553
0.999553
0.999553
0.999554
0.999554
0.999554
0.999555
0.999555
0.999555
0.999556
0.999556
0.999557
0.999558
0.999558
0.999559
0.99956
0.99956
0.999561
0.999561
0.999561
0.999561
0.999561
0.99956
0.999559
0.999557
0.999554
0.99955
0.999545
0.999538
0.999651
0.999656
0.999661
0.999665
0.999668
0.999669
0.999671
0.999671
0.999672
0.999672
0.999671
0.999671
0.99967
0.99967
0.999669
0.999668
0.999668
0.999667
0.999666
0.999666
0.999665
0.999665
0.999664
0.999664
0.999664
0.999664
0.999663
0.999663
0.999663
0.999663
0.999663
0.999663
0.999663
0.999663
0.999664
0.999664
0.999664
0.999664
0.999665
0.999665
0.999666
0.999666
0.999667
0.999668
0.999668
0.999669
0.99967
0.99967
0.999671
0.999671
0.999672
0.999672
0.999671
0.999671
0.999669
0.999668
0.999665
0.999661
0.999656
0.999651
0.999749
0.999755
0.999759
0.999762
0.999765
0.999766
0.999767
0.999768
0.999768
0.999768
0.999768
0.999767
0.999767
0.999766
0.999766
0.999765
0.999764
0.999764
0.999763
0.999762
0.999762
0.999761
0.999761
0.999761
0.99976
0.99976
0.99976
0.99976
0.99976
0.999759
0.999759
0.99976
0.99976
0.99976
0.99976
0.99976
0.999761
0.999761
0.999761
0.999762
0.999762
0.999763
0.999764
0.999764
0.999765
0.999766
0.999766
0.999767
0.999767
0.999768
0.999768
0.999768
0.999768
0.999767
0.999766
0.999765
0.999762
0.999759
0.999755
0.999749
0.999836
0.999841
0.999844
0.999847
0.99985
0.999851
0.999852
0.999853
0.999853
0.999853
0.999852
0.999852
0.999851
0.999851
0.99985
0.999849
0.999849
0.999848
0.999847
0.999847
0.999846
0.999846
0.999845
0.999845
0.999845
0.999844
0.999844
0.999844
0.999844
0.999844
0.999844
0.999844
0.999844
0.999844
0.999844
0.999845
0.999845
0.999845
0.999846
0.999846
0.999847
0.999847
0.999848
0.999849
0.999849
0.99985
0.999851
0.999851
0.999852
0.999852
0.999853
0.999853
0.999853
0.999852
0.999851
0.99985
0.999847
0.999844
0.999841
0.999836
0.999911
0.999915
0.999919
0.999921
0.999923
0.999925
0.999926
0.999926
0.999926
0.999926
0.999926
0.999925
0.999925
0.999924
0.999923
0.999923
0.999922
0.999921
0.999921
0.99992
0.99992
0.999919
0.999919
0.999918
0.999918
0.999918
0.999918
0.999917
0.999917
0.999917
0.999917
0.999917
0.999917
0.999918
0.999918
0.999918
0.999918
0.999919
0.999919
0.99992
0.99992
0.999921
0.999921
0.999922
0.999923
0.999923
0.999924
0.999925
0.999925
0.999926
0.999926
0.999926
0.999926
0.999926
0.999925
0.999923
0.999921
0.999919
0.999915
0.999911
0.999976
0.99998
0.999983
0.999985
0.999987
0.999988
0.999989
0.99999
0.99999
0.99999
0.999989
0.999989
0.999988
0.999988
0.999987
0.999986
0.999986
0.999985
0.999984
0.999984
0.999983
0.999983
0.999982
0.999982
0.999982
0.999981
0.999981
0.999981
0.999981
0.999981
0.999981
0.999981
0.999981
0.999981
0.999981
0.999982
0.999982
0.999982
0.999983
0.999983
0.999984
0.999984
0.999985
0.999986
0.999986
0.999987
0.999988
0.999988
0.999989
0.999989
0.99999
0.99999
0.99999
0.999989
0.999988
0.999987
0.999985
0.999983
0.99998
0.999976
1.00003
1.00004
1.00004
1.00004
1.00004
1.00004
1.00004
1.00004
1.00004
1.00004
1.00004
1.00004
1.00004
1.00004
1.00004
1.00004
1.00004
1.00004
1.00004
1.00004
1.00004
1.00004
1.00004
1.00004
1.00004
1.00004
1.00004
1.00004
1.00004
1.00004
1.00004
1.00004
1.00004
1.00004
1.00004
1.00004
1.00004
1.00004
1.00004
1.00004
1.00004
1.00004
1.00004
1.00004
1.00004
1.00004
1.00004
1.00004
1.00004
1.00004
1.00004
1.00004
1.00004
1.00004
1.00004
1.00004
1.00004
1.00004
1.00004
1.00003
1.00008
1.00008
1.00008
1.00009
1.00009
1.00009
1.00009
1.00009
1.00009
1.00009
1.00009
1.00009
1.00009
1.00009
1.00009
1.00009
1.00009
1.00009
1.00008
1.00008
1.00008
1.00008
1.00008
1.00008
1.00008
1.00008
1.00008
1.00008
1.00008
1.00008
1.00008
1.00008
1.00008
1.00008
1.00008
1.00008
1.00008
1.00008
1.00008
1.00008
1.00008
1.00008
1.00009
1.00009
1.00009
1.00009
1.00009
1.00009
1.00009
1.00009
1.00009
1.00009
1.00009
1.00009
1.00009
1.00009
1.00009
1.00008
1.00008
1.00008
1.00012
1.00012
1.00012
1.00013
1.00013
1.00013
1.00013
1.00013
1.00013
1.00013
1.00013
1.00013
1.00013
1.00013
1.00013
1.00013
1.00012
1.00012
1.00012
1.00012
1.00012
1.00012
1.00012
1.00012
1.00012
1.00012
1.00012
1.00012
1.00012
1.00012
1.00012
1.00012
1.00012
1.00012
1.00012
1.00012
1.00012
1.00012
1.00012
1.00012
1.00012
1.00012
1.00012
1.00012
1.00013
1.00013
1.00013
1.00013
1.00013
1.00013
1.00013
1.00013
1.00013
1.00013
1.00013
1.00013
1.00013
1.00012
1.00012
1.00012
1.00015
1.00015
1.00016
1.00016
1.00016
1.00016
1.00016
1.00016
1.00016
1.00016
1.00016
1.00016
1.00016
1.00016
1.00016
1.00016
1.00016
1.00016
1.00016
1.00015
1.00015
1.00015
1.00015
1.00015
1.00015
1.00015
1.00015
1.00015
1.00015
1.00015
1.00015
1.00015
1.00015
1.00015
1.00015
1.00015
1.00015
1.00015
1.00015
1.00015
1.00015
1.00016
1.00016
1.00016
1.00016
1.00016
1.00016
1.00016
1.00016
1.00016
1.00016
1.00016
1.00016
1.00016
1.00016
1.00016
1.00016
1.00016
1.00015
1.00015
1.00018
1.00018
1.00018
1.00018
1.00018
1.00018
1.00019
1.00019
1.00019
1.00019
1.00018
1.00018
1.00018
1.00018
1.00018
1.00018
1.00018
1.00018
1.00018
1.00018
1.00018
1.00018
1.00018
1.00018
1.00018
1.00018
1.00018
1.00018
1.00018
1.00018
1.00018
1.00018
1.00018
1.00018
1.00018
1.00018
1.00018
1.00018
1.00018
1.00018
1.00018
1.00018
1.00018
1.00018
1.00018
1.00018
1.00018
1.00018
1.00018
1.00018
1.00019
1.00019
1.00019
1.00019
1.00018
1.00018
1.00018
1.00018
1.00018
1.00018
1.0002
1.0002
1.0002
1.0002
1.0002
1.0002
1.0002
1.0002
1.0002
1.0002
1.0002
1.0002
1.0002
1.0002
1.0002
1.0002
1.0002
1.0002
1.0002
1.0002
1.0002
1.0002
1.0002
1.0002
1.0002
1.0002
1.0002
1.0002
1.0002
1.0002
1.0002
1.0002
1.0002
1.0002
1.0002
1.0002
1.0002
1.0002
1.0002
1.0002
1.0002
1.0002
1.0002
1.0002
1.0002
1.0002
1.0002
1.0002
1.0002
1.0002
1.0002
1.0002
1.0002
1.0002
1.0002
1.0002
1.0002
1.0002
1.0002
1.0002
1.00021
1.00021
1.00021
1.00022
1.00022
1.00022
1.00022
1.00022
1.00022
1.00022
1.00022
1.00022
1.00022
1.00022
1.00022
1.00021
1.00021
1.00021
1.00021
1.00021
1.00021
1.00021
1.00021
1.00021
1.00021
1.00021
1.00021
1.00021
1.00021
1.00021
1.00021
1.00021
1.00021
1.00021
1.00021
1.00021
1.00021
1.00021
1.00021
1.00021
1.00021
1.00021
1.00021
1.00021
1.00021
1.00022
1.00022
1.00022
1.00022
1.00022
1.00022
1.00022
1.00022
1.00022
1.00022
1.00022
1.00022
1.00021
1.00021
1.00021
1.00022
1.00022
1.00022
1.00022
1.00022
1.00023
1.00023
1.00023
1.00023
1.00023
1.00023
1.00023
1.00022
1.00022
1.00022
1.00022
1.00022
1.00022
1.00022
1.00022
1.00022
1.00022
1.00022
1.00022
1.00022
1.00022
1.00022
1.00022
1.00022
1.00022
1.00022
1.00022
1.00022
1.00022
1.00022
1.00022
1.00022
1.00022
1.00022
1.00022
1.00022
1.00022
1.00022
1.00022
1.00022
1.00022
1.00022
1.00022
1.00023
1.00023
1.00023
1.00023
1.00023
1.00023
1.00023
1.00022
1.00022
1.00022
1.00022
1.00022
1.00022
1.00023
1.00023
1.00023
1.00023
1.00023
1.00023
1.00023
1.00023
1.00023
1.00023
1.00023
1.00023
1.00023
1.00023
1.00023
1.00023
1.00023
1.00022
1.00022
1.00022
1.00022
1.00022
1.00022
1.00022
1.00022
1.00022
1.00022
1.00022
1.00022
1.00022
1.00022
1.00022
1.00022
1.00022
1.00022
1.00022
1.00022
1.00022
1.00022
1.00022
1.00022
1.00023
1.00023
1.00023
1.00023
1.00023
1.00023
1.00023
1.00023
1.00023
1.00023
1.00023
1.00023
1.00023
1.00023
1.00023
1.00023
1.00023
1.00022
1.00022
1.00022
1.00023
1.00023
1.00023
1.00023
1.00023
1.00023
1.00023
1.00023
1.00023
1.00023
1.00023
1.00023
1.00023
1.00023
1.00022
1.00022
1.00022
1.00022
1.00022
1.00022
1.00022
1.00022
1.00022
1.00022
1.00022
1.00022
1.00022
1.00022
1.00022
1.00022
1.00022
1.00022
1.00022
1.00022
1.00022
1.00022
1.00022
1.00022
1.00022
1.00022
1.00022
1.00022
1.00023
1.00023
1.00023
1.00023
1.00023
1.00023
1.00023
1.00023
1.00023
1.00023
1.00023
1.00023
1.00023
1.00023
1.00022
1.00022
1.00022
1.00022
1.00022
1.00022
1.00022
1.00022
1.00022
1.00022
1.00022
1.00022
1.00022
1.00022
1.00022
1.00022
1.00022
1.00022
1.00022
1.00022
1.00022
1.00022
1.00022
1.00022
1.00022
1.00022
1.00022
1.00022
1.00022
1.00022
1.00022
1.00022
1.00022
1.00022
1.00022
1.00022
1.00022
1.00022
1.00022
1.00022
1.00022
1.00022
1.00022
1.00022
1.00022
1.00022
1.00022
1.00022
1.00022
1.00022
1.00022
1.00022
1.00022
1.00022
1.00022
1.00022
1.00022
1.00022
1.00022
1.00022
1.00022
1.00022
1.00021
1.00021
1.00021
1.00021
1.00021
1.00021
1.00021
1.00021
1.00021
1.00021
1.00021
1.00021
1.00021
1.00021
1.00021
1.00021
1.00021
1.00021
1.00021
1.00021
1.00021
1.00021
1.00021
1.00021
1.00021
1.00021
1.00021
1.00021
1.00021
1.00021
1.00021
1.00021
1.00021
1.00021
1.00021
1.00021
1.00021
1.00021
1.00021
1.00021
1.00021
1.00021
1.00021
1.00021
1.00021
1.00021
1.00021
1.00021
1.00021
1.00021
1.00021
1.00021
1.00021
1.00021
1.00021
1.00021
1.00021
1.00021
1.00021
1.00021
1.0002
1.0002
1.0002
1.0002
1.0002
1.0002
1.0002
1.0002
1.0002
1.0002
1.0002
1.0002
1.0002
1.0002
1.0002
1.0002
1.0002
1.0002
1.0002
1.0002
1.00019
1.00019
1.00019
1.00019
1.00019
1.00019
1.00019
1.00019
1.00019
1.00019
1.00019
1.00019
1.00019
1.00019
1.00019
1.00019
1.00019
1.00019
1.00019
1.00019
1.0002
1.0002
1.0002
1.0002
1.0002
1.0002
1.0002
1.0002
1.0002
1.0002
1.0002
1.0002
1.0002
1.0002
1.0002
1.0002
1.0002
1.0002
1.0002
1.0002
1.00018
1.00018
1.00018
1.00018
1.00018
1.00018
1.00018
1.00018
1.00018
1.00018
1.00018
1.00018
1.00018
1.00018
1.00018
1.00018
1.00018
1.00018
1.00018
1.00018
1.00018
1.00018
1.00018
1.00018
1.00018
1.00018
1.00018
1.00018
1.00018
1.00018
1.00018
1.00018
1.00018
1.00018
1.00018
1.00018
1.00018
1.00018
1.00018
1.00018
1.00018
1.00018
1.00018
1.00018
1.00018
1.00018
1.00018
1.00018
1.00018
1.00018
1.00018
1.00018
1.00018
1.00018
1.00018
1.00018
1.00018
1.00018
1.00018
1.00018
1.00016
1.00016
1.00016
1.00016
1.00016
1.00016
1.00016
1.00016
1.00016
1.00016
1.00016
1.00016
1.00016
1.00016
1.00016
1.00016
1.00016
1.00016
1.00016
1.00016
1.00016
1.00016
1.00016
1.00016
1.00016
1.00016
1.00016
1.00016
1.00016
1.00016
1.00016
1.00016
1.00016
1.00016
1.00016
1.00016
1.00016
1.00016
1.00016
1.00016
1.00016
1.00016
1.00016
1.00016
1.00016
1.00016
1.00016
1.00016
1.00016
1.00016
1.00016
1.00016
1.00016
1.00016
1.00016
1.00016
1.00016
1.00016
1.00016
1.00016
1.00013
1.00013
1.00014
1.00014
1.00014
1.00014
1.00014
1.00014
1.00014
1.00014
1.00014
1.00014
1.00014
1.00014
1.00014
1.00014
1.00013
1.00013
1.00013
1.00013
1.00013
1.00013
1.00013
1.00013
1.00013
1.00013
1.00013
1.00013
1.00013
1.00013
1.00013
1.00013
1.00013
1.00013
1.00013
1.00013
1.00013
1.00013
1.00013
1.00013
1.00013
1.00013
1.00013
1.00013
1.00014
1.00014
1.00014
1.00014
1.00014
1.00014
1.00014
1.00014
1.00014
1.00014
1.00014
1.00014
1.00014
1.00014
1.00013
1.00013
1.0001
1.00011
1.00011
1.00011
1.00011
1.00011
1.00011
1.00011
1.00011
1.00011
1.00011
1.00011
1.00011
1.00011
1.00011
1.00011
1.00011
1.00011
1.00011
1.00011
1.00011
1.00011
1.00011
1.00011
1.00011
1.00011
1.00011
1.00011
1.00011
1.00011
1.00011
1.00011
1.00011
1.00011
1.00011
1.00011
1.00011
1.00011
1.00011
1.00011
1.00011
1.00011
1.00011
1.00011
1.00011
1.00011
1.00011
1.00011
1.00011
1.00011
1.00011
1.00011
1.00011
1.00011
1.00011
1.00011
1.00011
1.00011
1.00011
1.0001
1.00006
1.00007
1.00007
1.00007
1.00007
1.00007
1.00007
1.00008
1.00007
1.00007
1.00007
1.00007
1.00007
1.00007
1.00007
1.00007
1.00007
1.00007
1.00007
1.00007
1.00007
1.00007
1.00007
1.00007
1.00007
1.00007
1.00007
1.00007
1.00007
1.00007
1.00007
1.00007
1.00007
1.00007
1.00007
1.00007
1.00007
1.00007
1.00007
1.00007
1.00007
1.00007
1.00007
1.00007
1.00007
1.00007
1.00007
1.00007
1.00007
1.00007
1.00007
1.00007
1.00008
1.00007
1.00007
1.00007
1.00007
1.00007
1.00007
1.00006
1.00002
1.00003
1.00004
1.00004
1.00004
1.00004
1.00004
1.00004
1.00004
1.00004
1.00004
1.00004
1.00004
1.00004
1.00004
1.00004
1.00004
1.00004
1.00004
1.00004
1.00004
1.00004
1.00004
1.00004
1.00004
1.00004
1.00004
1.00004
1.00004
1.00004
1.00004
1.00004
1.00004
1.00004
1.00004
1.00004
1.00004
1.00004
1.00004
1.00004
1.00004
1.00004
1.00004
1.00004
1.00004
1.00004
1.00004
1.00004
1.00004
1.00004
1.00004
1.00004
1.00004
1.00004
1.00004
1.00004
1.00004
1.00004
1.00003
1.00002
0.999993
1.00001
1.00001
1.00001
1.00001
1.00001
1.00001
1.00001
1.00001
1.00001
1.00001
1.00001
1.00001
1.00001
1.00001
1.00001
1.00001
1.00001
1.00001
1.00001
1.00001
1.00001
1.00001
1.00001
1.00001
1.00001
1.00001
1.00001
1.00001
1.00001
1.00001
1.00001
1.00001
1.00001
1.00001
1.00001
1.00001
1.00001
1.00001
1.00001
1.00001
1.00001
1.00001
1.00001
1.00001
1.00001
1.00001
1.00001
1.00001
1.00001
1.00001
1.00001
1.00001
1.00001
1.00001
1.00001
1.00001
1.00001
1.00001
0.999993
)
;

boundaryField
{
    top
    {
        type            fixedValue;
        value           uniform 1;
    }
    bottom
    {
        type            fixedValue;
        value           uniform 1;
    }
    wall
    {
        type            zeroGradient;
    }
    frontAndBack
    {
        type            empty;
    }
}


// ************************************************************************* //
