/*--------------------------------*- C++ -*----------------------------------*\
| =========                 |                                                 |
| \\      /  F ield         | foam-extend: Open Source CFD                    |
|  \\    /   O peration     | Version:     4.0                                |
|   \\  /    A nd           | Web:         http://www.foam-extend.org         |
|    \\/     M anipulation  |                                                 |
\*---------------------------------------------------------------------------*/
FoamFile
{
    version     2.0;
    format      ascii;
    class       volScalarField;
    location    "960";
    object      psiE;
}
// * * * * * * * * * * * * * * * * * * * * * * * * * * * * * * * * * * * * * //

dimensions      [0 0 0 0 0 0 0];

internalField   nonuniform List<scalar> 
6960
(
0.371402
0.371424
0.371445
0.371462
0.371476
0.371486
0.371493
0.371499
0.371503
0.371506
0.371508
0.37151
0.371511
0.371512
0.371513
0.371514
0.371514
0.371515
0.371515
0.371515
0.371516
0.371516
0.371516
0.371516
0.371516
0.371517
0.371517
0.371517
0.371517
0.371517
0.371517
0.371517
0.371517
0.371517
0.371517
0.371516
0.371516
0.371516
0.371516
0.371516
0.371515
0.371515
0.371515
0.371514
0.371514
0.371513
0.371512
0.371511
0.37151
0.371508
0.371506
0.371503
0.371499
0.371493
0.371486
0.371476
0.371462
0.371445
0.371424
0.371402
0.983786
0.983873
0.983959
0.984029
0.984083
0.984123
0.984153
0.984175
0.984191
0.984203
0.984211
0.984218
0.984223
0.984227
0.98423
0.984232
0.984234
0.984236
0.984237
0.984238
0.984239
0.98424
0.984241
0.984241
0.984242
0.984242
0.984243
0.984243
0.984243
0.984243
0.984243
0.984243
0.984243
0.984243
0.984242
0.984242
0.984241
0.984241
0.98424
0.984239
0.984238
0.984237
0.984236
0.984234
0.984232
0.98423
0.984227
0.984223
0.984218
0.984211
0.984203
0.984191
0.984175
0.984153
0.984123
0.984083
0.984029
0.983959
0.983873
0.983786
1.57479
1.57496
1.57512
1.57526
1.57536
1.57544
1.57549
1.57553
1.57557
1.57559
1.5756
1.57562
1.57563
1.57563
1.57564
1.57564
1.57565
1.57565
1.57565
1.57565
1.57566
1.57566
1.57566
1.57566
1.57566
1.57566
1.57566
1.57566
1.57566
1.57566
1.57566
1.57566
1.57566
1.57566
1.57566
1.57566
1.57566
1.57566
1.57566
1.57566
1.57565
1.57565
1.57565
1.57565
1.57564
1.57564
1.57563
1.57563
1.57562
1.5756
1.57559
1.57557
1.57553
1.57549
1.57544
1.57536
1.57526
1.57512
1.57496
1.57479
2.16807
2.16832
2.16856
2.16877
2.16892
2.16904
2.16912
2.16919
2.16923
2.16926
2.16929
2.16931
2.16932
2.16933
2.16934
2.16935
2.16935
2.16936
2.16936
2.16936
2.16937
2.16937
2.16937
2.16937
2.16937
2.16937
2.16937
2.16938
2.16938
2.16938
2.16938
2.16938
2.16938
2.16937
2.16937
2.16937
2.16937
2.16937
2.16937
2.16937
2.16936
2.16936
2.16936
2.16935
2.16935
2.16934
2.16933
2.16932
2.16931
2.16929
2.16926
2.16923
2.16919
2.16912
2.16904
2.16892
2.16877
2.16856
2.16832
2.16807
2.76977
2.77011
2.77044
2.77071
2.77092
2.77108
2.77119
2.77128
2.77134
2.77138
2.77142
2.77144
2.77146
2.77147
2.77148
2.77149
2.7715
2.77151
2.77151
2.77152
2.77152
2.77152
2.77152
2.77153
2.77153
2.77153
2.77153
2.77153
2.77153
2.77153
2.77153
2.77153
2.77153
2.77153
2.77153
2.77153
2.77153
2.77152
2.77152
2.77152
2.77152
2.77151
2.77151
2.7715
2.77149
2.77148
2.77147
2.77146
2.77144
2.77142
2.77138
2.77134
2.77128
2.77119
2.77108
2.77092
2.77071
2.77044
2.77011
2.76977
3.38139
3.38182
3.38223
3.38257
3.38284
3.38304
3.38318
3.38329
3.38337
3.38342
3.38347
3.3835
3.38352
3.38354
3.38355
3.38356
3.38357
3.38358
3.38358
3.38359
3.38359
3.3836
3.3836
3.3836
3.38361
3.38361
3.38361
3.38361
3.38361
3.38361
3.38361
3.38361
3.38361
3.38361
3.38361
3.38361
3.3836
3.3836
3.3836
3.38359
3.38359
3.38358
3.38358
3.38357
3.38356
3.38355
3.38354
3.38352
3.3835
3.38347
3.38342
3.38337
3.38329
3.38318
3.38304
3.38284
3.38257
3.38223
3.38182
3.38139
4.00313
4.00364
4.00414
4.00456
4.00487
4.00511
4.00529
4.00542
4.00551
4.00558
4.00563
4.00567
4.0057
4.00572
4.00574
4.00575
4.00576
4.00577
4.00578
4.00578
4.00579
4.00579
4.0058
4.0058
4.0058
4.0058
4.0058
4.00581
4.00581
4.00581
4.00581
4.00581
4.00581
4.0058
4.0058
4.0058
4.0058
4.0058
4.00579
4.00579
4.00578
4.00578
4.00577
4.00576
4.00575
4.00574
4.00572
4.0057
4.00567
4.00563
4.00558
4.00551
4.00542
4.00529
4.00511
4.00487
4.00456
4.00414
4.00364
4.00313
4.6348
4.6354
4.63599
4.63647
4.63685
4.63713
4.63733
4.63748
4.63759
4.63767
4.63773
4.63778
4.63781
4.63784
4.63786
4.63787
4.63788
4.63789
4.6379
4.63791
4.63792
4.63792
4.63793
4.63793
4.63793
4.63793
4.63794
4.63794
4.63794
4.63794
4.63794
4.63794
4.63794
4.63794
4.63793
4.63793
4.63793
4.63793
4.63792
4.63792
4.63791
4.6379
4.63789
4.63788
4.63787
4.63786
4.63784
4.63781
4.63778
4.63773
4.63767
4.63759
4.63748
4.63733
4.63713
4.63685
4.63647
4.63599
4.6354
4.6348
5.27609
5.27677
5.27745
5.278
5.27843
5.27875
5.27899
5.27916
5.27929
5.27938
5.27945
5.2795
5.27954
5.27957
5.27959
5.27961
5.27962
5.27963
5.27964
5.27965
5.27966
5.27966
5.27967
5.27967
5.27968
5.27968
5.27968
5.27968
5.27968
5.27968
5.27968
5.27968
5.27968
5.27968
5.27968
5.27968
5.27967
5.27967
5.27966
5.27966
5.27965
5.27964
5.27963
5.27962
5.27961
5.27959
5.27957
5.27954
5.2795
5.27945
5.27938
5.27929
5.27916
5.27899
5.27875
5.27843
5.278
5.27745
5.27677
5.27609
5.92659
5.92735
5.92811
5.92874
5.92922
5.92958
5.92985
5.93004
5.93019
5.93029
5.93037
5.93042
5.93047
5.9305
5.93053
5.93055
5.93056
5.93058
5.93059
5.9306
5.9306
5.93061
5.93062
5.93062
5.93062
5.93063
5.93063
5.93063
5.93063
5.93063
5.93063
5.93063
5.93063
5.93063
5.93063
5.93062
5.93062
5.93062
5.93061
5.9306
5.9306
5.93059
5.93058
5.93056
5.93055
5.93053
5.9305
5.93047
5.93042
5.93037
5.93029
5.93019
5.93004
5.92985
5.92958
5.92922
5.92874
5.92811
5.92735
5.92659
6.5858
6.58665
6.58749
6.58819
6.58872
6.58913
6.58942
6.58964
6.5898
6.58991
6.59
6.59006
6.59011
6.59015
6.59018
6.5902
6.59022
6.59023
6.59024
6.59025
6.59026
6.59027
6.59028
6.59028
6.59029
6.59029
6.59029
6.59029
6.5903
6.5903
6.5903
6.5903
6.59029
6.59029
6.59029
6.59029
6.59028
6.59028
6.59027
6.59026
6.59025
6.59024
6.59023
6.59022
6.5902
6.59018
6.59015
6.59011
6.59006
6.59
6.58991
6.5898
6.58964
6.58942
6.58913
6.58872
6.58819
6.58749
6.58665
6.5858
7.25316
7.25409
7.25502
7.25578
7.25637
7.25681
7.25714
7.25737
7.25755
7.25768
7.25777
7.25784
7.25789
7.25793
7.25796
7.25799
7.25801
7.25803
7.25804
7.25805
7.25806
7.25807
7.25808
7.25808
7.25809
7.25809
7.25809
7.2581
7.2581
7.2581
7.2581
7.2581
7.2581
7.25809
7.25809
7.25809
7.25808
7.25808
7.25807
7.25806
7.25805
7.25804
7.25803
7.25801
7.25799
7.25796
7.25793
7.25789
7.25784
7.25777
7.25768
7.25755
7.25737
7.25714
7.25681
7.25637
7.25578
7.25502
7.25409
7.25316
7.928
7.92901
7.93002
7.93084
7.93148
7.93196
7.93232
7.93258
7.93277
7.93291
7.93301
7.93309
7.93314
7.93319
7.93322
7.93325
7.93327
7.93329
7.93331
7.93332
7.93333
7.93334
7.93335
7.93335
7.93336
7.93336
7.93337
7.93337
7.93337
7.93337
7.93337
7.93337
7.93337
7.93337
7.93336
7.93336
7.93335
7.93335
7.93334
7.93333
7.93332
7.93331
7.93329
7.93327
7.93325
7.93322
7.93319
7.93314
7.93309
7.93301
7.93291
7.93277
7.93258
7.93232
7.93196
7.93148
7.93084
7.93002
7.92901
7.928
8.60954
8.61063
8.61171
8.61261
8.6133
8.61381
8.6142
8.61448
8.61468
8.61483
8.61494
8.61503
8.61509
8.61514
8.61518
8.61521
8.61523
8.61525
8.61527
8.61528
8.61529
8.6153
8.61531
8.61532
8.61532
8.61533
8.61533
8.61533
8.61533
8.61534
8.61534
8.61533
8.61533
8.61533
8.61533
8.61532
8.61532
8.61531
8.6153
8.61529
8.61528
8.61527
8.61525
8.61523
8.61521
8.61518
8.61514
8.61509
8.61503
8.61494
8.61483
8.61468
8.61448
8.6142
8.61381
8.6133
8.61261
8.61171
8.61063
8.60954
9.29688
9.29805
9.29921
9.30017
9.30091
9.30146
9.30187
9.30217
9.30239
9.30256
9.30267
9.30276
9.30283
9.30288
9.30292
9.30295
9.30298
9.303
9.30302
9.30304
9.30305
9.30306
9.30307
9.30308
9.30308
9.30309
9.30309
9.30309
9.3031
9.3031
9.3031
9.3031
9.30309
9.30309
9.30309
9.30308
9.30308
9.30307
9.30306
9.30305
9.30304
9.30302
9.303
9.30298
9.30295
9.30292
9.30288
9.30283
9.30276
9.30267
9.30256
9.30239
9.30217
9.30187
9.30146
9.30091
9.30017
9.29921
9.29805
9.29688
9.98901
9.99025
9.99148
9.9925
9.99329
9.99388
9.99431
9.99463
9.99487
9.99504
9.99517
9.99526
9.99533
9.99539
9.99543
9.99547
9.99549
9.99552
9.99554
9.99555
9.99557
9.99558
9.99559
9.99559
9.9956
9.99561
9.99561
9.99561
9.99562
9.99562
9.99562
9.99562
9.99561
9.99561
9.99561
9.9956
9.99559
9.99559
9.99558
9.99557
9.99555
9.99554
9.99552
9.99549
9.99547
9.99543
9.99539
9.99533
9.99526
9.99517
9.99504
9.99487
9.99463
9.99431
9.99388
9.99329
9.9925
9.99148
9.99025
9.98901
10.6847
10.686
10.6873
10.6884
10.6892
10.6899
10.6903
10.6907
10.6909
10.6911
10.6912
10.6913
10.6914
10.6915
10.6915
10.6915
10.6916
10.6916
10.6916
10.6916
10.6917
10.6917
10.6917
10.6917
10.6917
10.6917
10.6917
10.6917
10.6917
10.6917
10.6917
10.6917
10.6917
10.6917
10.6917
10.6917
10.6917
10.6917
10.6917
10.6917
10.6916
10.6916
10.6916
10.6916
10.6915
10.6915
10.6915
10.6914
10.6913
10.6912
10.6911
10.6909
10.6907
10.6903
10.6899
10.6892
10.6884
10.6873
10.686
10.6847
11.3826
11.384
11.3854
11.3865
11.3874
11.388
11.3885
11.3889
11.3892
11.3893
11.3895
11.3896
11.3897
11.3897
11.3898
11.3898
11.3899
11.3899
11.3899
11.3899
11.3899
11.3899
11.39
11.39
11.39
11.39
11.39
11.39
11.39
11.39
11.39
11.39
11.39
11.39
11.39
11.39
11.39
11.39
11.3899
11.3899
11.3899
11.3899
11.3899
11.3899
11.3898
11.3898
11.3897
11.3897
11.3896
11.3895
11.3893
11.3892
11.3889
11.3885
11.388
11.3874
11.3865
11.3854
11.384
11.3826
12.0812
12.0827
12.0841
12.0853
12.0862
12.0869
12.0874
12.0877
12.088
12.0882
12.0884
12.0885
12.0886
12.0886
12.0887
12.0887
12.0887
12.0888
12.0888
12.0888
12.0888
12.0889
12.0889
12.0889
12.0889
12.0889
12.0889
12.0889
12.0889
12.0889
12.0889
12.0889
12.0889
12.0889
12.0889
12.0889
12.0889
12.0889
12.0889
12.0888
12.0888
12.0888
12.0888
12.0887
12.0887
12.0887
12.0886
12.0886
12.0885
12.0884
12.0882
12.088
12.0877
12.0874
12.0869
12.0862
12.0853
12.0841
12.0827
12.0812
12.7786
12.7801
12.7816
12.7828
12.7838
12.7845
12.785
12.7854
12.7857
12.7859
12.786
12.7862
12.7862
12.7863
12.7864
12.7864
12.7864
12.7865
12.7865
12.7865
12.7865
12.7866
12.7866
12.7866
12.7866
12.7866
12.7866
12.7866
12.7866
12.7866
12.7866
12.7866
12.7866
12.7866
12.7866
12.7866
12.7866
12.7866
12.7866
12.7865
12.7865
12.7865
12.7865
12.7864
12.7864
12.7864
12.7863
12.7862
12.7862
12.786
12.7859
12.7857
12.7854
12.785
12.7845
12.7838
12.7828
12.7816
12.7801
12.7786
13.4728
13.4743
13.4759
13.4771
13.4781
13.4788
13.4794
13.4798
13.48
13.4803
13.4804
13.4805
13.4806
13.4807
13.4808
13.4808
13.4808
13.4809
13.4809
13.4809
13.4809
13.481
13.481
13.481
13.481
13.481
13.481
13.481
13.481
13.481
13.481
13.481
13.481
13.481
13.481
13.481
13.481
13.481
13.481
13.4809
13.4809
13.4809
13.4809
13.4808
13.4808
13.4808
13.4807
13.4806
13.4805
13.4804
13.4803
13.48
13.4798
13.4794
13.4788
13.4781
13.4771
13.4759
13.4743
13.4728
14.1612
14.1628
14.1644
14.1657
14.1667
14.1674
14.168
14.1684
14.1687
14.1689
14.1691
14.1692
14.1693
14.1694
14.1694
14.1695
14.1695
14.1696
14.1696
14.1696
14.1696
14.1696
14.1697
14.1697
14.1697
14.1697
14.1697
14.1697
14.1697
14.1697
14.1697
14.1697
14.1697
14.1697
14.1697
14.1697
14.1697
14.1697
14.1696
14.1696
14.1696
14.1696
14.1696
14.1695
14.1695
14.1694
14.1694
14.1693
14.1692
14.1691
14.1689
14.1687
14.1684
14.168
14.1674
14.1667
14.1657
14.1644
14.1628
14.1612
14.8412
14.8428
14.8444
14.8457
14.8467
14.8475
14.8481
14.8485
14.8488
14.849
14.8492
14.8493
14.8494
14.8495
14.8496
14.8496
14.8496
14.8497
14.8497
14.8497
14.8498
14.8498
14.8498
14.8498
14.8498
14.8498
14.8498
14.8498
14.8498
14.8498
14.8498
14.8498
14.8498
14.8498
14.8498
14.8498
14.8498
14.8498
14.8498
14.8498
14.8497
14.8497
14.8497
14.8496
14.8496
14.8496
14.8495
14.8494
14.8493
14.8492
14.849
14.8488
14.8485
14.8481
14.8475
14.8467
14.8457
14.8444
14.8428
14.8412
15.5094
15.511
15.5126
15.514
15.515
15.5158
15.5163
15.5168
15.5171
15.5173
15.5175
15.5176
15.5177
15.5178
15.5178
15.5179
15.5179
15.518
15.518
15.518
15.518
15.5181
15.5181
15.5181
15.5181
15.5181
15.5181
15.5181
15.5181
15.5181
15.5181
15.5181
15.5181
15.5181
15.5181
15.5181
15.5181
15.5181
15.5181
15.518
15.518
15.518
15.518
15.5179
15.5179
15.5178
15.5178
15.5177
15.5176
15.5175
15.5173
15.5171
15.5168
15.5163
15.5158
15.515
15.514
15.5126
15.511
15.5094
16.162
16.1636
16.1652
16.1665
16.1675
16.1683
16.1689
16.1693
16.1696
16.1698
16.17
16.1702
16.1703
16.1703
16.1704
16.1705
16.1705
16.1705
16.1706
16.1706
16.1706
16.1706
16.1706
16.1707
16.1707
16.1707
16.1707
16.1707
16.1707
16.1707
16.1707
16.1707
16.1707
16.1707
16.1707
16.1707
16.1707
16.1706
16.1706
16.1706
16.1706
16.1706
16.1705
16.1705
16.1705
16.1704
16.1703
16.1703
16.1702
16.17
16.1698
16.1696
16.1693
16.1689
16.1683
16.1675
16.1665
16.1652
16.1636
16.162
16.7943
16.7959
16.7975
16.7988
16.7998
16.8006
16.8011
16.8016
16.8019
16.8021
16.8023
16.8024
16.8025
16.8026
16.8027
16.8027
16.8027
16.8028
16.8028
16.8028
16.8029
16.8029
16.8029
16.8029
16.8029
16.8029
16.8029
16.803
16.803
16.803
16.803
16.803
16.803
16.8029
16.8029
16.8029
16.8029
16.8029
16.8029
16.8029
16.8028
16.8028
16.8028
16.8027
16.8027
16.8027
16.8026
16.8025
16.8024
16.8023
16.8021
16.8019
16.8016
16.8011
16.8006
16.7998
16.7988
16.7975
16.7959
16.7943
17.4009
17.4025
17.4041
17.4053
17.4063
17.4071
17.4076
17.408
17.4083
17.4086
17.4087
17.4089
17.409
17.409
17.4091
17.4092
17.4092
17.4092
17.4093
17.4093
17.4093
17.4094
17.4094
17.4094
17.4094
17.4094
17.4094
17.4094
17.4094
17.4094
17.4094
17.4094
17.4094
17.4094
17.4094
17.4094
17.4094
17.4094
17.4094
17.4093
17.4093
17.4093
17.4092
17.4092
17.4092
17.4091
17.409
17.409
17.4089
17.4087
17.4086
17.4083
17.408
17.4076
17.4071
17.4063
17.4053
17.4041
17.4025
17.4009
17.9753
17.9769
17.9783
17.9795
17.9805
17.9812
17.9817
17.9821
17.9824
17.9826
17.9828
17.9829
17.983
17.9831
17.9832
17.9832
17.9833
17.9833
17.9834
17.9834
17.9834
17.9834
17.9835
17.9835
17.9835
17.9835
17.9835
17.9835
17.9835
17.9835
17.9835
17.9835
17.9835
17.9835
17.9835
17.9835
17.9835
17.9835
17.9834
17.9834
17.9834
17.9834
17.9833
17.9833
17.9832
17.9832
17.9831
17.983
17.9829
17.9828
17.9826
17.9824
17.9821
17.9817
17.9812
17.9805
17.9795
17.9783
17.9769
17.9753
18.5097
18.5111
18.5125
18.5136
18.5145
18.5152
18.5157
18.516
18.5163
18.5165
18.5167
18.5168
18.5169
18.517
18.5171
18.5171
18.5172
18.5172
18.5172
18.5173
18.5173
18.5173
18.5173
18.5174
18.5174
18.5174
18.5174
18.5174
18.5174
18.5174
18.5174
18.5174
18.5174
18.5174
18.5174
18.5174
18.5174
18.5173
18.5173
18.5173
18.5173
18.5172
18.5172
18.5172
18.5171
18.5171
18.517
18.5169
18.5168
18.5167
18.5165
18.5163
18.516
18.5157
18.5152
18.5145
18.5136
18.5125
18.5111
18.5097
18.9952
18.9964
18.9977
18.9987
18.9995
19.0001
19.0006
19.0009
19.0012
19.0013
19.0015
19.0016
19.0017
19.0018
19.0019
19.0019
19.002
19.002
19.002
19.0021
19.0021
19.0021
19.0021
19.0021
19.0022
19.0022
19.0022
19.0022
19.0022
19.0022
19.0022
19.0022
19.0022
19.0022
19.0022
19.0022
19.0021
19.0021
19.0021
19.0021
19.0021
19.002
19.002
19.002
19.0019
19.0019
19.0018
19.0017
19.0016
19.0015
19.0013
19.0012
19.0009
19.0006
19.0001
18.9995
18.9987
18.9977
18.9964
18.9952
19.4227
19.4238
19.4249
19.4258
19.4265
19.427
19.4274
19.4277
19.4279
19.4281
19.4283
19.4284
19.4285
19.4285
19.4286
19.4286
19.4287
19.4287
19.4288
19.4288
19.4288
19.4288
19.4289
19.4289
19.4289
19.4289
19.4289
19.4289
19.4289
19.4289
19.4289
19.4289
19.4289
19.4289
19.4289
19.4289
19.4289
19.4289
19.4288
19.4288
19.4288
19.4288
19.4287
19.4287
19.4286
19.4286
19.4285
19.4285
19.4284
19.4283
19.4281
19.4279
19.4277
19.4274
19.427
19.4265
19.4258
19.4249
19.4238
19.4227
19.7856
19.7865
19.7873
19.7881
19.7886
19.7891
19.7894
19.7897
19.7899
19.79
19.7901
19.7902
19.7903
19.7904
19.7904
19.7905
19.7905
19.7906
19.7906
19.7906
19.7907
19.7907
19.7907
19.7907
19.7907
19.7908
19.7908
19.7908
19.7908
19.7908
19.7908
19.7908
19.7908
19.7908
19.7908
19.7907
19.7907
19.7907
19.7907
19.7907
19.7906
19.7906
19.7906
19.7905
19.7905
19.7904
19.7904
19.7903
19.7902
19.7901
19.79
19.7899
19.7897
19.7894
19.7891
19.7886
19.7881
19.7873
19.7865
19.7856
20.0818
20.0825
20.0832
20.0837
20.0842
20.0845
20.0848
20.085
20.0852
20.0853
20.0854
20.0855
20.0856
20.0856
20.0857
20.0857
20.0858
20.0858
20.0859
20.0859
20.0859
20.0859
20.086
20.086
20.086
20.086
20.086
20.086
20.086
20.086
20.086
20.086
20.086
20.086
20.086
20.086
20.086
20.086
20.0859
20.0859
20.0859
20.0859
20.0858
20.0858
20.0857
20.0857
20.0856
20.0856
20.0855
20.0854
20.0853
20.0852
20.085
20.0848
20.0845
20.0842
20.0837
20.0832
20.0825
20.0818
20.3164
20.3169
20.3173
20.3178
20.3181
20.3184
20.3186
20.3187
20.3189
20.319
20.3191
20.3192
20.3192
20.3193
20.3194
20.3194
20.3194
20.3195
20.3195
20.3195
20.3196
20.3196
20.3196
20.3196
20.3197
20.3197
20.3197
20.3197
20.3197
20.3197
20.3197
20.3197
20.3197
20.3197
20.3197
20.3197
20.3196
20.3196
20.3196
20.3196
20.3195
20.3195
20.3195
20.3194
20.3194
20.3194
20.3193
20.3192
20.3192
20.3191
20.319
20.3189
20.3187
20.3186
20.3184
20.3181
20.3178
20.3173
20.3169
20.3164
20.4997
20.5
20.5004
20.5007
20.5009
20.5011
20.5013
20.5014
20.5016
20.5016
20.5017
20.5018
20.5019
20.5019
20.502
20.502
20.5021
20.5021
20.5021
20.5022
20.5022
20.5022
20.5022
20.5023
20.5023
20.5023
20.5023
20.5023
20.5023
20.5023
20.5023
20.5023
20.5023
20.5023
20.5023
20.5023
20.5023
20.5022
20.5022
20.5022
20.5022
20.5021
20.5021
20.5021
20.502
20.502
20.5019
20.5019
20.5018
20.5017
20.5016
20.5016
20.5014
20.5013
20.5011
20.5009
20.5007
20.5004
20.5
20.4997
20.6444
20.6446
20.6448
20.645
20.6452
20.6454
20.6455
20.6456
20.6457
20.6458
20.6459
20.6459
20.646
20.6461
20.6461
20.6462
20.6462
20.6462
20.6463
20.6463
20.6463
20.6464
20.6464
20.6464
20.6464
20.6464
20.6464
20.6464
20.6465
20.6465
20.6465
20.6465
20.6464
20.6464
20.6464
20.6464
20.6464
20.6464
20.6464
20.6463
20.6463
20.6463
20.6462
20.6462
20.6462
20.6461
20.6461
20.646
20.6459
20.6459
20.6458
20.6457
20.6456
20.6455
20.6454
20.6452
20.645
20.6448
20.6446
20.6444
20.7616
20.7617
20.7619
20.7621
20.7622
20.7623
20.7624
20.7625
20.7626
20.7627
20.7627
20.7628
20.7629
20.7629
20.763
20.763
20.7631
20.7631
20.7631
20.7632
20.7632
20.7632
20.7633
20.7633
20.7633
20.7633
20.7633
20.7633
20.7633
20.7633
20.7633
20.7633
20.7633
20.7633
20.7633
20.7633
20.7633
20.7633
20.7632
20.7632
20.7632
20.7631
20.7631
20.7631
20.763
20.763
20.7629
20.7629
20.7628
20.7627
20.7627
20.7626
20.7625
20.7624
20.7623
20.7622
20.7621
20.7619
20.7617
20.7616
20.8599
20.86
20.8601
20.8602
20.8603
20.8604
20.8605
20.8606
20.8606
20.8607
20.8608
20.8608
20.8609
20.861
20.861
20.8611
20.8611
20.8611
20.8612
20.8612
20.8613
20.8613
20.8613
20.8613
20.8613
20.8614
20.8614
20.8614
20.8614
20.8614
20.8614
20.8614
20.8614
20.8614
20.8614
20.8613
20.8613
20.8613
20.8613
20.8613
20.8612
20.8612
20.8611
20.8611
20.8611
20.861
20.861
20.8609
20.8608
20.8608
20.8607
20.8606
20.8606
20.8605
20.8604
20.8603
20.8602
20.8601
20.86
20.8599
20.945
20.945
20.9451
20.9451
20.9452
20.9453
20.9454
20.9455
20.9455
20.9456
20.9457
20.9457
20.9458
20.9459
20.9459
20.946
20.946
20.946
20.9461
20.9461
20.9461
20.9462
20.9462
20.9462
20.9462
20.9463
20.9463
20.9463
20.9463
20.9463
20.9463
20.9463
20.9463
20.9463
20.9463
20.9462
20.9462
20.9462
20.9462
20.9461
20.9461
20.9461
20.946
20.946
20.946
20.9459
20.9459
20.9458
20.9457
20.9457
20.9456
20.9455
20.9455
20.9454
20.9453
20.9452
20.9451
20.9451
20.945
20.945
21.0205
21.0205
21.0205
21.0206
21.0207
21.0207
21.0208
21.0209
21.0209
21.021
21.0211
21.0211
21.0212
21.0212
21.0213
21.0213
21.0214
21.0214
21.0215
21.0215
21.0215
21.0216
21.0216
21.0216
21.0216
21.0217
21.0217
21.0217
21.0217
21.0217
21.0217
21.0217
21.0217
21.0217
21.0217
21.0216
21.0216
21.0216
21.0216
21.0215
21.0215
21.0215
21.0214
21.0214
21.0213
21.0213
21.0212
21.0212
21.0211
21.0211
21.021
21.0209
21.0209
21.0208
21.0207
21.0207
21.0206
21.0205
21.0205
21.0205
21.0888
21.0888
21.0888
21.0889
21.0889
21.089
21.0891
21.0891
21.0892
21.0893
21.0893
21.0894
21.0895
21.0895
21.0896
21.0896
21.0897
21.0897
21.0897
21.0898
21.0898
21.0899
21.0899
21.0899
21.0899
21.0899
21.09
21.09
21.09
21.09
21.09
21.09
21.09
21.09
21.0899
21.0899
21.0899
21.0899
21.0899
21.0898
21.0898
21.0897
21.0897
21.0897
21.0896
21.0896
21.0895
21.0895
21.0894
21.0893
21.0893
21.0892
21.0891
21.0891
21.089
21.0889
21.0889
21.0888
21.0888
21.0888
21.1516
21.1516
21.1516
21.1516
21.1517
21.1517
21.1518
21.1518
21.1519
21.152
21.152
21.1521
21.1522
21.1522
21.1523
21.1523
21.1524
21.1524
21.1525
21.1525
21.1525
21.1526
21.1526
21.1526
21.1526
21.1527
21.1527
21.1527
21.1527
21.1527
21.1527
21.1527
21.1527
21.1527
21.1527
21.1526
21.1526
21.1526
21.1526
21.1525
21.1525
21.1525
21.1524
21.1524
21.1523
21.1523
21.1522
21.1522
21.1521
21.152
21.152
21.1519
21.1518
21.1518
21.1517
21.1517
21.1516
21.1516
21.1516
21.1516
21.2099
21.2099
21.2099
21.2099
21.21
21.21
21.2101
21.2101
21.2102
21.2102
21.2103
21.2104
21.2104
21.2105
21.2106
21.2106
21.2107
21.2107
21.2108
21.2108
21.2108
21.2109
21.2109
21.2109
21.2109
21.211
21.211
21.211
21.211
21.211
21.211
21.211
21.211
21.211
21.211
21.2109
21.2109
21.2109
21.2109
21.2108
21.2108
21.2108
21.2107
21.2107
21.2106
21.2106
21.2105
21.2104
21.2104
21.2103
21.2102
21.2102
21.2101
21.2101
21.21
21.21
21.2099
21.2099
21.2099
21.2099
21.2646
21.2646
21.2646
21.2646
21.2646
21.2647
21.2647
21.2648
21.2648
21.2649
21.265
21.265
21.2651
21.2651
21.2652
21.2653
21.2653
21.2654
21.2654
21.2655
21.2655
21.2655
21.2656
21.2656
21.2656
21.2656
21.2656
21.2656
21.2657
21.2657
21.2657
21.2657
21.2656
21.2656
21.2656
21.2656
21.2656
21.2656
21.2655
21.2655
21.2655
21.2654
21.2654
21.2653
21.2653
21.2652
21.2651
21.2651
21.265
21.265
21.2649
21.2648
21.2648
21.2647
21.2647
21.2646
21.2646
21.2646
21.2646
21.2646
21.3162
21.3162
21.3162
21.3162
21.3163
21.3163
21.3163
21.3164
21.3165
21.3165
21.3166
21.3167
21.3167
21.3168
21.3168
21.3169
21.317
21.317
21.3171
21.3171
21.3171
21.3172
21.3172
21.3172
21.3173
21.3173
21.3173
21.3173
21.3173
21.3173
21.3173
21.3173
21.3173
21.3173
21.3173
21.3173
21.3172
21.3172
21.3172
21.3171
21.3171
21.3171
21.317
21.317
21.3169
21.3168
21.3168
21.3167
21.3167
21.3166
21.3165
21.3165
21.3164
21.3163
21.3163
21.3163
21.3162
21.3162
21.3162
21.3162
21.3654
21.3653
21.3653
21.3653
21.3654
21.3654
21.3654
21.3655
21.3656
21.3656
21.3657
21.3658
21.3658
21.3659
21.366
21.366
21.3661
21.3661
21.3662
21.3662
21.3663
21.3663
21.3663
21.3664
21.3664
21.3664
21.3664
21.3664
21.3664
21.3664
21.3664
21.3664
21.3664
21.3664
21.3664
21.3664
21.3664
21.3663
21.3663
21.3663
21.3662
21.3662
21.3661
21.3661
21.366
21.366
21.3659
21.3658
21.3658
21.3657
21.3656
21.3656
21.3655
21.3654
21.3654
21.3654
21.3653
21.3653
21.3653
21.3654
21.4123
21.4123
21.4123
21.4123
21.4123
21.4124
21.4124
21.4125
21.4125
21.4126
21.4127
21.4127
21.4128
21.4129
21.4129
21.413
21.413
21.4131
21.4131
21.4132
21.4132
21.4133
21.4133
21.4133
21.4134
21.4134
21.4134
21.4134
21.4134
21.4134
21.4134
21.4134
21.4134
21.4134
21.4134
21.4134
21.4133
21.4133
21.4133
21.4132
21.4132
21.4131
21.4131
21.413
21.413
21.4129
21.4129
21.4128
21.4127
21.4127
21.4126
21.4125
21.4125
21.4124
21.4124
21.4123
21.4123
21.4123
21.4123
21.4123
21.4575
21.4574
21.4574
21.4574
21.4574
21.4575
21.4575
21.4576
21.4576
21.4577
21.4578
21.4578
21.4579
21.458
21.458
21.4581
21.4582
21.4582
21.4583
21.4583
21.4584
21.4584
21.4584
21.4585
21.4585
21.4585
21.4585
21.4585
21.4586
21.4586
21.4586
21.4586
21.4585
21.4585
21.4585
21.4585
21.4585
21.4584
21.4584
21.4584
21.4583
21.4583
21.4582
21.4582
21.4581
21.458
21.458
21.4579
21.4578
21.4578
21.4577
21.4576
21.4576
21.4575
21.4575
21.4574
21.4574
21.4574
21.4574
21.4575
21.501
21.501
21.501
21.501
21.501
21.501
21.5011
21.5011
21.5012
21.5012
21.5013
21.5014
21.5015
21.5015
21.5016
21.5017
21.5017
21.5018
21.5018
21.5019
21.5019
21.502
21.502
21.502
21.5021
21.5021
21.5021
21.5021
21.5021
21.5021
21.5021
21.5021
21.5021
21.5021
21.5021
21.5021
21.502
21.502
21.502
21.5019
21.5019
21.5018
21.5018
21.5017
21.5017
21.5016
21.5015
21.5015
21.5014
21.5013
21.5012
21.5012
21.5011
21.5011
21.501
21.501
21.501
21.501
21.501
21.501
21.5432
21.5432
21.5431
21.5431
21.5432
21.5432
21.5432
21.5433
21.5434
21.5434
21.5435
21.5436
21.5436
21.5437
21.5438
21.5439
21.5439
21.544
21.544
21.5441
21.5441
21.5442
21.5442
21.5442
21.5443
21.5443
21.5443
21.5443
21.5443
21.5443
21.5443
21.5443
21.5443
21.5443
21.5443
21.5443
21.5442
21.5442
21.5442
21.5441
21.5441
21.544
21.544
21.5439
21.5439
21.5438
21.5437
21.5436
21.5436
21.5435
21.5434
21.5434
21.5433
21.5432
21.5432
21.5432
21.5431
21.5431
21.5432
21.5432
21.5842
21.5842
21.5841
21.5841
21.5841
21.5842
21.5842
21.5843
21.5843
21.5844
21.5845
21.5846
21.5846
21.5847
21.5848
21.5849
21.5849
21.585
21.585
21.5851
21.5851
21.5852
21.5852
21.5853
21.5853
21.5853
21.5853
21.5853
21.5854
21.5854
21.5854
21.5854
21.5853
21.5853
21.5853
21.5853
21.5853
21.5852
21.5852
21.5851
21.5851
21.585
21.585
21.5849
21.5849
21.5848
21.5847
21.5846
21.5846
21.5845
21.5844
21.5843
21.5843
21.5842
21.5842
21.5841
21.5841
21.5841
21.5842
21.5842
21.6241
21.6241
21.6241
21.6241
21.6241
21.6242
21.6242
21.6243
21.6243
21.6244
21.6245
21.6245
21.6246
21.6247
21.6248
21.6248
21.6249
21.625
21.625
21.6251
21.6251
21.6252
21.6252
21.6253
21.6253
21.6253
21.6253
21.6253
21.6254
21.6254
21.6254
21.6254
21.6253
21.6253
21.6253
21.6253
21.6253
21.6252
21.6252
21.6251
21.6251
21.625
21.625
21.6249
21.6248
21.6248
21.6247
21.6246
21.6245
21.6245
21.6244
21.6243
21.6243
21.6242
21.6242
21.6241
21.6241
21.6241
21.6241
21.6241
21.6632
21.6632
21.6632
21.6632
21.6632
21.6632
21.6633
21.6633
21.6634
21.6635
21.6636
21.6636
21.6637
21.6638
21.6639
21.6639
21.664
21.6641
21.6641
21.6642
21.6642
21.6643
21.6643
21.6644
21.6644
21.6644
21.6644
21.6645
21.6645
21.6645
21.6645
21.6645
21.6645
21.6644
21.6644
21.6644
21.6644
21.6643
21.6643
21.6642
21.6642
21.6641
21.6641
21.664
21.6639
21.6639
21.6638
21.6637
21.6636
21.6636
21.6635
21.6634
21.6633
21.6633
21.6632
21.6632
21.6632
21.6632
21.6632
21.6632
21.7015
21.7015
21.7015
21.7015
21.7015
21.7015
21.7016
21.7016
21.7017
21.7018
21.7019
21.7019
21.702
21.7021
21.7022
21.7023
21.7023
21.7024
21.7025
21.7025
21.7026
21.7026
21.7027
21.7027
21.7027
21.7028
21.7028
21.7028
21.7028
21.7028
21.7028
21.7028
21.7028
21.7028
21.7028
21.7027
21.7027
21.7027
21.7026
21.7026
21.7025
21.7025
21.7024
21.7023
21.7023
21.7022
21.7021
21.702
21.7019
21.7019
21.7018
21.7017
21.7016
21.7016
21.7015
21.7015
21.7015
21.7015
21.7015
21.7015
21.7392
21.7391
21.7391
21.7391
21.7391
21.7392
21.7392
21.7393
21.7393
21.7394
21.7395
21.7396
21.7397
21.7398
21.7398
21.7399
21.74
21.7401
21.7401
21.7402
21.7402
21.7403
21.7403
21.7404
21.7404
21.7404
21.7405
21.7405
21.7405
21.7405
21.7405
21.7405
21.7405
21.7405
21.7404
21.7404
21.7404
21.7403
21.7403
21.7402
21.7402
21.7401
21.7401
21.74
21.7399
21.7398
21.7398
21.7397
21.7396
21.7395
21.7394
21.7393
21.7393
21.7392
21.7392
21.7391
21.7391
21.7391
21.7391
21.7392
21.7762
21.7762
21.7762
21.7762
21.7762
21.7762
21.7763
21.7763
21.7764
21.7765
21.7766
21.7767
21.7767
21.7768
21.7769
21.777
21.7771
21.7771
21.7772
21.7773
21.7773
21.7774
21.7774
21.7775
21.7775
21.7775
21.7776
21.7776
21.7776
21.7776
21.7776
21.7776
21.7776
21.7776
21.7775
21.7775
21.7775
21.7774
21.7774
21.7773
21.7773
21.7772
21.7771
21.7771
21.777
21.7769
21.7768
21.7767
21.7767
21.7766
21.7765
21.7764
21.7763
21.7763
21.7762
21.7762
21.7762
21.7762
21.7762
21.7762
21.8128
21.8128
21.8127
21.8127
21.8128
21.8128
21.8128
21.8129
21.813
21.8131
21.8131
21.8132
21.8133
21.8134
21.8135
21.8136
21.8137
21.8137
21.8138
21.8139
21.8139
21.814
21.814
21.8141
21.8141
21.8141
21.8142
21.8142
21.8142
21.8142
21.8142
21.8142
21.8142
21.8142
21.8141
21.8141
21.8141
21.814
21.814
21.8139
21.8139
21.8138
21.8137
21.8137
21.8136
21.8135
21.8134
21.8133
21.8132
21.8131
21.8131
21.813
21.8129
21.8128
21.8128
21.8128
21.8127
21.8127
21.8128
21.8128
21.8489
21.8489
21.8489
21.8489
21.8489
21.8489
21.849
21.8491
21.8491
21.8492
21.8493
21.8494
21.8495
21.8496
21.8497
21.8498
21.8498
21.8499
21.85
21.8501
21.8501
21.8502
21.8502
21.8503
21.8503
21.8503
21.8504
21.8504
21.8504
21.8504
21.8504
21.8504
21.8504
21.8504
21.8503
21.8503
21.8503
21.8502
21.8502
21.8501
21.8501
21.85
21.8499
21.8498
21.8498
21.8497
21.8496
21.8495
21.8494
21.8493
21.8492
21.8491
21.8491
21.849
21.8489
21.8489
21.8489
21.8489
21.8489
21.8489
21.8847
21.8847
21.8847
21.8847
21.8847
21.8847
21.8848
21.8849
21.8849
21.885
21.8851
21.8852
21.8853
21.8854
21.8855
21.8856
21.8857
21.8857
21.8858
21.8859
21.8859
21.886
21.8861
21.8861
21.8861
21.8862
21.8862
21.8862
21.8862
21.8862
21.8862
21.8862
21.8862
21.8862
21.8862
21.8861
21.8861
21.8861
21.886
21.8859
21.8859
21.8858
21.8857
21.8857
21.8856
21.8855
21.8854
21.8853
21.8852
21.8851
21.885
21.8849
21.8849
21.8848
21.8847
21.8847
21.8847
21.8847
21.8847
21.8847
21.9202
21.9202
21.9202
21.9202
21.9202
21.9202
21.9203
21.9204
21.9204
21.9205
21.9206
21.9207
21.9208
21.9209
21.921
21.9211
21.9212
21.9213
21.9213
21.9214
21.9215
21.9215
21.9216
21.9216
21.9217
21.9217
21.9217
21.9218
21.9218
21.9218
21.9218
21.9218
21.9218
21.9217
21.9217
21.9217
21.9216
21.9216
21.9215
21.9215
21.9214
21.9213
21.9213
21.9212
21.9211
21.921
21.9209
21.9208
21.9207
21.9206
21.9205
21.9204
21.9204
21.9203
21.9202
21.9202
21.9202
21.9202
21.9202
21.9202
21.9554
21.9554
21.9554
21.9554
21.9555
21.9555
21.9556
21.9556
21.9557
21.9558
21.9559
21.956
21.9561
21.9562
21.9563
21.9564
21.9565
21.9566
21.9567
21.9567
21.9568
21.9569
21.9569
21.957
21.957
21.957
21.9571
21.9571
21.9571
21.9571
21.9571
21.9571
21.9571
21.9571
21.957
21.957
21.957
21.9569
21.9569
21.9568
21.9567
21.9567
21.9566
21.9565
21.9564
21.9563
21.9562
21.9561
21.956
21.9559
21.9558
21.9557
21.9556
21.9556
21.9555
21.9555
21.9554
21.9554
21.9554
21.9554
21.9905
21.9905
21.9905
21.9905
21.9905
21.9906
21.9906
21.9907
21.9908
21.9909
21.991
21.9911
21.9912
21.9913
21.9914
21.9915
21.9916
21.9917
21.9918
21.9918
21.9919
21.992
21.992
21.9921
21.9921
21.9922
21.9922
21.9922
21.9922
21.9922
21.9922
21.9922
21.9922
21.9922
21.9922
21.9921
21.9921
21.992
21.992
21.9919
21.9918
21.9918
21.9917
21.9916
21.9915
21.9914
21.9913
21.9912
21.9911
21.991
21.9909
21.9908
21.9907
21.9906
21.9906
21.9905
21.9905
21.9905
21.9905
21.9905
22.0255
22.0254
22.0254
22.0255
22.0255
22.0255
22.0256
22.0257
22.0258
22.0259
22.026
22.0261
22.0262
22.0263
22.0264
22.0265
22.0266
22.0267
22.0268
22.0268
22.0269
22.027
22.027
22.0271
22.0271
22.0272
22.0272
22.0272
22.0272
22.0272
22.0272
22.0272
22.0272
22.0272
22.0272
22.0271
22.0271
22.027
22.027
22.0269
22.0268
22.0268
22.0267
22.0266
22.0265
22.0264
22.0263
22.0262
22.0261
22.026
22.0259
22.0258
22.0257
22.0256
22.0255
22.0255
22.0255
22.0254
22.0254
22.0255
22.0603
22.0603
22.0603
22.0603
22.0603
22.0604
22.0605
22.0605
22.0606
22.0607
22.0608
22.0609
22.0611
22.0612
22.0613
22.0614
22.0615
22.0616
22.0617
22.0617
22.0618
22.0619
22.0619
22.062
22.062
22.0621
22.0621
22.0621
22.0621
22.0622
22.0622
22.0621
22.0621
22.0621
22.0621
22.062
22.062
22.0619
22.0619
22.0618
22.0617
22.0617
22.0616
22.0615
22.0614
22.0613
22.0612
22.0611
22.0609
22.0608
22.0607
22.0606
22.0605
22.0605
22.0604
22.0603
22.0603
22.0603
22.0603
22.0603
22.0951
22.0951
22.0951
22.0951
22.0951
22.0952
22.0953
22.0954
22.0954
22.0956
22.0957
22.0958
22.0959
22.096
22.0961
22.0962
22.0963
22.0964
22.0965
22.0966
22.0967
22.0968
22.0968
22.0969
22.0969
22.097
22.097
22.097
22.097
22.097
22.097
22.097
22.097
22.097
22.097
22.0969
22.0969
22.0968
22.0968
22.0967
22.0966
22.0965
22.0964
22.0963
22.0962
22.0961
22.096
22.0959
22.0958
22.0957
22.0956
22.0954
22.0954
22.0953
22.0952
22.0951
22.0951
22.0951
22.0951
22.0951
22.1299
22.1299
22.1299
22.1299
22.13
22.13
22.1301
22.1302
22.1303
22.1304
22.1305
22.1306
22.1307
22.1308
22.131
22.1311
22.1312
22.1313
22.1314
22.1315
22.1315
22.1316
22.1317
22.1317
22.1318
22.1318
22.1319
22.1319
22.1319
22.1319
22.1319
22.1319
22.1319
22.1319
22.1318
22.1318
22.1317
22.1317
22.1316
22.1315
22.1315
22.1314
22.1313
22.1312
22.1311
22.131
22.1308
22.1307
22.1306
22.1305
22.1304
22.1303
22.1302
22.1301
22.13
22.13
22.1299
22.1299
22.1299
22.1299
22.1647
22.1647
22.1647
22.1647
22.1648
22.1648
22.1649
22.165
22.1651
22.1652
22.1653
22.1655
22.1656
22.1657
22.1658
22.166
22.1661
22.1662
22.1663
22.1664
22.1664
22.1665
22.1666
22.1666
22.1667
22.1667
22.1668
22.1668
22.1668
22.1668
22.1668
22.1668
22.1668
22.1668
22.1667
22.1667
22.1666
22.1666
22.1665
22.1664
22.1664
22.1663
22.1662
22.1661
22.166
22.1658
22.1657
22.1656
22.1655
22.1653
22.1652
22.1651
22.165
22.1649
22.1648
22.1648
22.1647
22.1647
22.1647
22.1647
22.1996
22.1996
22.1996
22.1996
22.1997
22.1998
22.1998
22.1999
22.2
22.2002
22.2003
22.2004
22.2005
22.2007
22.2008
22.2009
22.201
22.2011
22.2012
22.2013
22.2014
22.2015
22.2016
22.2016
22.2017
22.2017
22.2017
22.2018
22.2018
22.2018
22.2018
22.2018
22.2018
22.2017
22.2017
22.2017
22.2016
22.2016
22.2015
22.2014
22.2013
22.2012
22.2011
22.201
22.2009
22.2008
22.2007
22.2005
22.2004
22.2003
22.2002
22.2
22.1999
22.1998
22.1998
22.1997
22.1996
22.1996
22.1996
22.1996
22.2346
22.2346
22.2346
22.2347
22.2347
22.2348
22.2348
22.2349
22.2351
22.2352
22.2353
22.2354
22.2356
22.2357
22.2358
22.236
22.2361
22.2362
22.2363
22.2364
22.2365
22.2366
22.2366
22.2367
22.2367
22.2368
22.2368
22.2369
22.2369
22.2369
22.2369
22.2369
22.2369
22.2368
22.2368
22.2367
22.2367
22.2366
22.2366
22.2365
22.2364
22.2363
22.2362
22.2361
22.236
22.2358
22.2357
22.2356
22.2354
22.2353
22.2352
22.2351
22.2349
22.2348
22.2348
22.2347
22.2347
22.2346
22.2346
22.2346
22.2698
22.2698
22.2698
22.2698
22.2698
22.2699
22.27
22.2701
22.2702
22.2703
22.2705
22.2706
22.2708
22.2709
22.271
22.2712
22.2713
22.2714
22.2715
22.2716
22.2717
22.2718
22.2719
22.2719
22.272
22.272
22.2721
22.2721
22.2721
22.2721
22.2721
22.2721
22.2721
22.2721
22.272
22.272
22.2719
22.2719
22.2718
22.2717
22.2716
22.2715
22.2714
22.2713
22.2712
22.271
22.2709
22.2708
22.2706
22.2705
22.2703
22.2702
22.2701
22.27
22.2699
22.2698
22.2698
22.2698
22.2698
22.2698
22.3051
22.3051
22.3051
22.3051
22.3052
22.3052
22.3053
22.3054
22.3056
22.3057
22.3058
22.306
22.3061
22.3063
22.3064
22.3065
22.3067
22.3068
22.3069
22.307
22.3071
22.3072
22.3072
22.3073
22.3074
22.3074
22.3074
22.3075
22.3075
22.3075
22.3075
22.3075
22.3075
22.3074
22.3074
22.3074
22.3073
22.3072
22.3072
22.3071
22.307
22.3069
22.3068
22.3067
22.3065
22.3064
22.3063
22.3061
22.306
22.3058
22.3057
22.3056
22.3054
22.3053
22.3052
22.3052
22.3051
22.3051
22.3051
22.3051
22.3406
22.3406
22.3406
22.3406
22.3407
22.3407
22.3408
22.341
22.3411
22.3412
22.3414
22.3415
22.3417
22.3418
22.342
22.3421
22.3422
22.3424
22.3425
22.3426
22.3427
22.3428
22.3428
22.3429
22.343
22.343
22.3431
22.3431
22.3431
22.3431
22.3431
22.3431
22.3431
22.3431
22.343
22.343
22.3429
22.3428
22.3428
22.3427
22.3426
22.3425
22.3424
22.3422
22.3421
22.342
22.3418
22.3417
22.3415
22.3414
22.3412
22.3411
22.341
22.3408
22.3407
22.3407
22.3406
22.3406
22.3406
22.3406
22.3763
22.3763
22.3763
22.3764
22.3764
22.3765
22.3766
22.3767
22.3769
22.377
22.3771
22.3773
22.3775
22.3776
22.3778
22.3779
22.378
22.3782
22.3783
22.3784
22.3785
22.3786
22.3787
22.3787
22.3788
22.3789
22.3789
22.3789
22.3789
22.379
22.379
22.3789
22.3789
22.3789
22.3789
22.3788
22.3787
22.3787
22.3786
22.3785
22.3784
22.3783
22.3782
22.378
22.3779
22.3778
22.3776
22.3775
22.3773
22.3771
22.377
22.3769
22.3767
22.3766
22.3765
22.3764
22.3764
22.3763
22.3763
22.3763
22.4123
22.4123
22.4123
22.4124
22.4124
22.4125
22.4126
22.4127
22.4129
22.413
22.4132
22.4134
22.4135
22.4137
22.4138
22.414
22.4141
22.4143
22.4144
22.4145
22.4146
22.4147
22.4148
22.4148
22.4149
22.415
22.415
22.415
22.4151
22.4151
22.4151
22.4151
22.415
22.415
22.415
22.4149
22.4148
22.4148
22.4147
22.4146
22.4145
22.4144
22.4143
22.4141
22.414
22.4138
22.4137
22.4135
22.4134
22.4132
22.413
22.4129
22.4127
22.4126
22.4125
22.4124
22.4124
22.4123
22.4123
22.4123
22.4486
22.4486
22.4486
22.4486
22.4487
22.4488
22.4489
22.4491
22.4492
22.4494
22.4495
22.4497
22.4499
22.45
22.4502
22.4503
22.4505
22.4506
22.4508
22.4509
22.451
22.4511
22.4512
22.4512
22.4513
22.4514
22.4514
22.4514
22.4515
22.4515
22.4515
22.4515
22.4514
22.4514
22.4514
22.4513
22.4512
22.4512
22.4511
22.451
22.4509
22.4508
22.4506
22.4505
22.4503
22.4502
22.45
22.4499
22.4497
22.4495
22.4494
22.4492
22.4491
22.4489
22.4488
22.4487
22.4486
22.4486
22.4486
22.4486
22.4852
22.4852
22.4852
22.4853
22.4853
22.4854
22.4856
22.4857
22.4859
22.486
22.4862
22.4864
22.4865
22.4867
22.4869
22.487
22.4872
22.4873
22.4875
22.4876
22.4877
22.4878
22.4879
22.488
22.488
22.4881
22.4881
22.4882
22.4882
22.4882
22.4882
22.4882
22.4882
22.4881
22.4881
22.488
22.488
22.4879
22.4878
22.4877
22.4876
22.4875
22.4873
22.4872
22.487
22.4869
22.4867
22.4865
22.4864
22.4862
22.486
22.4859
22.4857
22.4856
22.4854
22.4853
22.4853
22.4852
22.4852
22.4852
22.5221
22.5221
22.5222
22.5222
22.5223
22.5224
22.5225
22.5227
22.5228
22.523
22.5232
22.5234
22.5236
22.5237
22.5239
22.5241
22.5242
22.5244
22.5245
22.5247
22.5248
22.5249
22.525
22.525
22.5251
22.5252
22.5252
22.5252
22.5253
22.5253
22.5253
22.5253
22.5252
22.5252
22.5252
22.5251
22.525
22.525
22.5249
22.5248
22.5247
22.5245
22.5244
22.5242
22.5241
22.5239
22.5237
22.5236
22.5234
22.5232
22.523
22.5228
22.5227
22.5225
22.5224
22.5223
22.5222
22.5222
22.5221
22.5221
22.5594
22.5595
22.5595
22.5596
22.5596
22.5598
22.5599
22.56
22.5602
22.5604
22.5606
22.5608
22.561
22.5612
22.5613
22.5615
22.5617
22.5618
22.562
22.5621
22.5622
22.5623
22.5624
22.5625
22.5626
22.5626
22.5627
22.5627
22.5627
22.5627
22.5627
22.5627
22.5627
22.5627
22.5626
22.5626
22.5625
22.5624
22.5623
22.5622
22.5621
22.562
22.5618
22.5617
22.5615
22.5613
22.5612
22.561
22.5608
22.5606
22.5604
22.5602
22.56
22.5599
22.5598
22.5596
22.5596
22.5595
22.5595
22.5594
22.5972
22.5972
22.5972
22.5973
22.5974
22.5975
22.5977
22.5978
22.598
22.5982
22.5984
22.5986
22.5988
22.599
22.5992
22.5993
22.5995
22.5997
22.5998
22.6
22.6001
22.6002
22.6003
22.6004
22.6004
22.6005
22.6006
22.6006
22.6006
22.6006
22.6006
22.6006
22.6006
22.6006
22.6005
22.6004
22.6004
22.6003
22.6002
22.6001
22.6
22.5998
22.5997
22.5995
22.5993
22.5992
22.599
22.5988
22.5986
22.5984
22.5982
22.598
22.5978
22.5977
22.5975
22.5974
22.5973
22.5972
22.5972
22.5972
22.6353
22.6353
22.6354
22.6355
22.6356
22.6357
22.6358
22.636
22.6362
22.6364
22.6366
22.6368
22.637
22.6372
22.6374
22.6376
22.6378
22.638
22.6381
22.6383
22.6384
22.6385
22.6386
22.6387
22.6388
22.6388
22.6389
22.6389
22.6389
22.6389
22.6389
22.6389
22.6389
22.6389
22.6388
22.6388
22.6387
22.6386
22.6385
22.6384
22.6383
22.6381
22.638
22.6378
22.6376
22.6374
22.6372
22.637
22.6368
22.6366
22.6364
22.6362
22.636
22.6358
22.6357
22.6356
22.6355
22.6354
22.6353
22.6353
22.6739
22.674
22.674
22.6741
22.6742
22.6743
22.6745
22.6747
22.6749
22.6751
22.6753
22.6755
22.6757
22.676
22.6762
22.6764
22.6765
22.6767
22.6769
22.677
22.6771
22.6773
22.6774
22.6775
22.6775
22.6776
22.6777
22.6777
22.6777
22.6777
22.6777
22.6777
22.6777
22.6777
22.6776
22.6775
22.6775
22.6774
22.6773
22.6771
22.677
22.6769
22.6767
22.6765
22.6764
22.6762
22.676
22.6757
22.6755
22.6753
22.6751
22.6749
22.6747
22.6745
22.6743
22.6742
22.6741
22.674
22.674
22.6739
22.713
22.7131
22.7131
22.7132
22.7133
22.7135
22.7136
22.7138
22.714
22.7143
22.7145
22.7147
22.715
22.7152
22.7154
22.7156
22.7158
22.716
22.7161
22.7163
22.7164
22.7165
22.7166
22.7167
22.7168
22.7169
22.7169
22.717
22.717
22.717
22.717
22.717
22.717
22.7169
22.7169
22.7168
22.7167
22.7166
22.7165
22.7164
22.7163
22.7161
22.716
22.7158
22.7156
22.7154
22.7152
22.715
22.7147
22.7145
22.7143
22.714
22.7138
22.7136
22.7135
22.7133
22.7132
22.7131
22.7131
22.713
22.7526
22.7527
22.7527
22.7528
22.7529
22.7531
22.7533
22.7535
22.7537
22.754
22.7542
22.7544
22.7547
22.7549
22.7551
22.7553
22.7555
22.7557
22.7559
22.7561
22.7562
22.7563
22.7564
22.7565
22.7566
22.7567
22.7567
22.7568
22.7568
22.7568
22.7568
22.7568
22.7568
22.7567
22.7567
22.7566
22.7565
22.7564
22.7563
22.7562
22.7561
22.7559
22.7557
22.7555
22.7553
22.7551
22.7549
22.7547
22.7544
22.7542
22.754
22.7537
22.7535
22.7533
22.7531
22.7529
22.7528
22.7527
22.7527
22.7526
22.7928
22.7928
22.7929
22.793
22.7931
22.7933
22.7935
22.7937
22.794
22.7942
22.7945
22.7947
22.795
22.7952
22.7954
22.7956
22.7959
22.796
22.7962
22.7964
22.7965
22.7967
22.7968
22.7969
22.797
22.797
22.7971
22.7971
22.7972
22.7972
22.7972
22.7972
22.7971
22.7971
22.797
22.797
22.7969
22.7968
22.7967
22.7965
22.7964
22.7962
22.796
22.7959
22.7956
22.7954
22.7952
22.795
22.7947
22.7945
22.7942
22.794
22.7937
22.7935
22.7933
22.7931
22.793
22.7929
22.7928
22.7928
22.8335
22.8335
22.8336
22.8337
22.8339
22.834
22.8343
22.8345
22.8348
22.835
22.8353
22.8355
22.8358
22.8361
22.8363
22.8365
22.8367
22.8369
22.8371
22.8373
22.8374
22.8376
22.8377
22.8378
22.8379
22.838
22.838
22.8381
22.8381
22.8381
22.8381
22.8381
22.8381
22.838
22.838
22.8379
22.8378
22.8377
22.8376
22.8374
22.8373
22.8371
22.8369
22.8367
22.8365
22.8363
22.8361
22.8358
22.8355
22.8353
22.835
22.8348
22.8345
22.8343
22.834
22.8339
22.8337
22.8336
22.8335
22.8335
22.8748
22.8748
22.8749
22.875
22.8752
22.8754
22.8756
22.8759
22.8762
22.8764
22.8767
22.877
22.8773
22.8775
22.8778
22.878
22.8782
22.8785
22.8786
22.8788
22.879
22.8791
22.8792
22.8793
22.8794
22.8795
22.8796
22.8796
22.8796
22.8796
22.8796
22.8796
22.8796
22.8796
22.8795
22.8794
22.8793
22.8792
22.8791
22.879
22.8788
22.8786
22.8785
22.8782
22.878
22.8778
22.8775
22.8773
22.877
22.8767
22.8764
22.8762
22.8759
22.8756
22.8754
22.8752
22.875
22.8749
22.8748
22.8748
22.9167
22.9168
22.9168
22.917
22.9172
22.9174
22.9176
22.9179
22.9182
22.9185
22.9188
22.9191
22.9194
22.9196
22.9199
22.9201
22.9204
22.9206
22.9208
22.921
22.9211
22.9213
22.9214
22.9215
22.9216
22.9217
22.9217
22.9218
22.9218
22.9218
22.9218
22.9218
22.9218
22.9217
22.9217
22.9216
22.9215
22.9214
22.9213
22.9211
22.921
22.9208
22.9206
22.9204
22.9201
22.9199
22.9196
22.9194
22.9191
22.9188
22.9185
22.9182
22.9179
22.9176
22.9174
22.9172
22.917
22.9168
22.9168
22.9167
22.9593
22.9593
22.9594
22.9596
22.9598
22.96
22.9603
22.9606
22.9609
22.9612
22.9615
22.9618
22.9621
22.9624
22.9627
22.9629
22.9632
22.9634
22.9636
22.9638
22.964
22.9641
22.9642
22.9643
22.9644
22.9645
22.9646
22.9646
22.9647
22.9647
22.9647
22.9647
22.9646
22.9646
22.9645
22.9644
22.9643
22.9642
22.9641
22.964
22.9638
22.9636
22.9634
22.9632
22.9629
22.9627
22.9624
22.9621
22.9618
22.9615
22.9612
22.9609
22.9606
22.9603
22.96
22.9598
22.9596
22.9594
22.9593
22.9593
23.0025
23.0026
23.0027
23.0028
23.0031
23.0033
23.0036
23.0039
23.0042
23.0046
23.0049
23.0052
23.0056
23.0059
23.0062
23.0064
23.0067
23.0069
23.0071
23.0073
23.0075
23.0076
23.0078
23.0079
23.008
23.0081
23.0081
23.0082
23.0082
23.0082
23.0082
23.0082
23.0082
23.0081
23.0081
23.008
23.0079
23.0078
23.0076
23.0075
23.0073
23.0071
23.0069
23.0067
23.0064
23.0062
23.0059
23.0056
23.0052
23.0049
23.0046
23.0042
23.0039
23.0036
23.0033
23.0031
23.0028
23.0027
23.0026
23.0025
23.0465
23.0465
23.0466
23.0468
23.047
23.0473
23.0476
23.048
23.0483
23.0487
23.049
23.0494
23.0497
23.05
23.0503
23.0506
23.0509
23.0511
23.0513
23.0515
23.0517
23.0519
23.052
23.0521
23.0522
23.0523
23.0524
23.0524
23.0525
23.0525
23.0525
23.0525
23.0524
23.0524
23.0523
23.0522
23.0521
23.052
23.0519
23.0517
23.0515
23.0513
23.0511
23.0509
23.0506
23.0503
23.05
23.0497
23.0494
23.049
23.0487
23.0483
23.048
23.0476
23.0473
23.047
23.0468
23.0466
23.0465
23.0465
23.0911
23.0912
23.0913
23.0915
23.0918
23.0921
23.0924
23.0928
23.0931
23.0935
23.0939
23.0943
23.0946
23.095
23.0953
23.0956
23.0959
23.0961
23.0963
23.0965
23.0967
23.0969
23.097
23.0971
23.0972
23.0973
23.0974
23.0974
23.0975
23.0975
23.0975
23.0975
23.0974
23.0974
23.0973
23.0972
23.0971
23.097
23.0969
23.0967
23.0965
23.0963
23.0961
23.0959
23.0956
23.0953
23.095
23.0946
23.0943
23.0939
23.0935
23.0931
23.0928
23.0924
23.0921
23.0918
23.0915
23.0913
23.0912
23.0911
23.1366
23.1366
23.1368
23.137
23.1373
23.1376
23.1379
23.1383
23.1387
23.1392
23.1396
23.14
23.1403
23.1407
23.141
23.1413
23.1416
23.1419
23.1421
23.1423
23.1425
23.1427
23.1428
23.1429
23.143
23.1431
23.1432
23.1433
23.1433
23.1433
23.1433
23.1433
23.1433
23.1432
23.1431
23.143
23.1429
23.1428
23.1427
23.1425
23.1423
23.1421
23.1419
23.1416
23.1413
23.141
23.1407
23.1403
23.14
23.1396
23.1392
23.1387
23.1383
23.1379
23.1376
23.1373
23.137
23.1368
23.1366
23.1366
23.1827
23.1828
23.183
23.1832
23.1835
23.1839
23.1843
23.1847
23.1852
23.1856
23.186
23.1864
23.1868
23.1872
23.1876
23.1879
23.1882
23.1884
23.1887
23.1889
23.1891
23.1893
23.1894
23.1895
23.1897
23.1897
23.1898
23.1899
23.1899
23.1899
23.1899
23.1899
23.1899
23.1898
23.1897
23.1897
23.1895
23.1894
23.1893
23.1891
23.1889
23.1887
23.1884
23.1882
23.1879
23.1876
23.1872
23.1868
23.1864
23.186
23.1856
23.1852
23.1847
23.1843
23.1839
23.1835
23.1832
23.183
23.1828
23.1827
23.2297
23.2298
23.23
23.2303
23.2306
23.231
23.2315
23.2319
23.2324
23.2329
23.2333
23.2338
23.2342
23.2346
23.2349
23.2353
23.2356
23.2359
23.2361
23.2363
23.2365
23.2367
23.2369
23.237
23.2371
23.2372
23.2373
23.2373
23.2374
23.2374
23.2374
23.2374
23.2373
23.2373
23.2372
23.2371
23.237
23.2369
23.2367
23.2365
23.2363
23.2361
23.2359
23.2356
23.2353
23.2349
23.2346
23.2342
23.2338
23.2333
23.2329
23.2324
23.2319
23.2315
23.231
23.2306
23.2303
23.23
23.2298
23.2297
23.2776
23.2777
23.2779
23.2782
23.2785
23.279
23.2795
23.28
23.2805
23.281
23.2815
23.282
23.2824
23.2828
23.2832
23.2836
23.2839
23.2842
23.2844
23.2847
23.2849
23.285
23.2852
23.2853
23.2854
23.2855
23.2856
23.2857
23.2857
23.2857
23.2857
23.2857
23.2857
23.2856
23.2855
23.2854
23.2853
23.2852
23.285
23.2849
23.2847
23.2844
23.2842
23.2839
23.2836
23.2832
23.2828
23.2824
23.282
23.2815
23.281
23.2805
23.28
23.2795
23.279
23.2785
23.2782
23.2779
23.2777
23.2776
23.3263
23.3264
23.3266
23.3269
23.3274
23.3278
23.3284
23.3289
23.3295
23.33
23.3306
23.3311
23.3315
23.332
23.3324
23.3327
23.3331
23.3334
23.3336
23.3339
23.3341
23.3343
23.3344
23.3346
23.3347
23.3348
23.3348
23.3349
23.3349
23.335
23.335
23.3349
23.3349
23.3348
23.3348
23.3347
23.3346
23.3344
23.3343
23.3341
23.3339
23.3336
23.3334
23.3331
23.3327
23.3324
23.332
23.3315
23.3311
23.3306
23.33
23.3295
23.3289
23.3284
23.3278
23.3274
23.3269
23.3266
23.3264
23.3263
23.3758
23.3759
23.3762
23.3766
23.3771
23.3776
23.3782
23.3788
23.3794
23.38
23.3806
23.3811
23.3816
23.3821
23.3825
23.3829
23.3832
23.3835
23.3838
23.384
23.3843
23.3844
23.3846
23.3847
23.3849
23.385
23.385
23.3851
23.3851
23.3851
23.3851
23.3851
23.3851
23.385
23.385
23.3849
23.3847
23.3846
23.3844
23.3843
23.384
23.3838
23.3835
23.3832
23.3829
23.3825
23.3821
23.3816
23.3811
23.3806
23.38
23.3794
23.3788
23.3782
23.3776
23.3771
23.3766
23.3762
23.3759
23.3758
23.4263
23.4264
23.4267
23.4272
23.4277
23.4283
23.429
23.4296
23.4303
23.4309
23.4315
23.4321
23.4326
23.4331
23.4336
23.434
23.4343
23.4346
23.4349
23.4352
23.4354
23.4356
23.4358
23.4359
23.436
23.4361
23.4362
23.4362
23.4363
23.4363
23.4363
23.4363
23.4362
23.4362
23.4361
23.436
23.4359
23.4358
23.4356
23.4354
23.4352
23.4349
23.4346
23.4343
23.434
23.4336
23.4331
23.4326
23.4321
23.4315
23.4309
23.4303
23.4296
23.429
23.4283
23.4277
23.4272
23.4267
23.4264
23.4263
23.4777
23.4778
23.4782
23.4787
23.4793
23.48
23.4807
23.4814
23.4822
23.4829
23.4835
23.4841
23.4847
23.4852
23.4857
23.4861
23.4864
23.4868
23.4871
23.4873
23.4875
23.4877
23.4879
23.488
23.4882
23.4883
23.4883
23.4884
23.4884
23.4885
23.4885
23.4884
23.4884
23.4883
23.4883
23.4882
23.488
23.4879
23.4877
23.4875
23.4873
23.4871
23.4868
23.4864
23.4861
23.4857
23.4852
23.4847
23.4841
23.4835
23.4829
23.4822
23.4814
23.4807
23.48
23.4793
23.4787
23.4782
23.4778
23.4777
23.53
23.5302
23.5306
23.5312
23.5319
23.5327
23.5335
23.5343
23.5351
23.5358
23.5365
23.5372
23.5378
23.5383
23.5388
23.5392
23.5396
23.5399
23.5402
23.5405
23.5407
23.5409
23.5411
23.5412
23.5414
23.5415
23.5415
23.5416
23.5416
23.5416
23.5416
23.5416
23.5416
23.5415
23.5415
23.5414
23.5412
23.5411
23.5409
23.5407
23.5405
23.5402
23.5399
23.5396
23.5392
23.5388
23.5383
23.5378
23.5372
23.5365
23.5358
23.5351
23.5343
23.5335
23.5327
23.5319
23.5312
23.5306
23.5302
23.53
23.5833
23.5835
23.584
23.5847
23.5855
23.5864
23.5873
23.5882
23.5891
23.5899
23.5906
23.5913
23.5919
23.5925
23.593
23.5935
23.5938
23.5942
23.5945
23.5948
23.595
23.5952
23.5954
23.5955
23.5956
23.5957
23.5958
23.5959
23.5959
23.5959
23.5959
23.5959
23.5959
23.5958
23.5957
23.5956
23.5955
23.5954
23.5952
23.595
23.5948
23.5945
23.5942
23.5938
23.5935
23.593
23.5925
23.5919
23.5913
23.5906
23.5899
23.5891
23.5882
23.5873
23.5864
23.5855
23.5847
23.584
23.5835
23.5833
23.6375
23.6378
23.6384
23.6392
23.6401
23.6411
23.6422
23.6432
23.6441
23.645
23.6458
23.6466
23.6472
23.6478
23.6483
23.6488
23.6492
23.6496
23.6499
23.6501
23.6504
23.6506
23.6507
23.6509
23.651
23.6511
23.6512
23.6512
23.6513
23.6513
23.6513
23.6513
23.6512
23.6512
23.6511
23.651
23.6509
23.6507
23.6506
23.6504
23.6501
23.6499
23.6496
23.6492
23.6488
23.6483
23.6478
23.6472
23.6466
23.6458
23.645
23.6441
23.6432
23.6422
23.6411
23.6401
23.6392
23.6384
23.6378
23.6375
23.6928
23.6931
23.6938
23.6947
23.6958
23.697
23.6982
23.6993
23.7003
23.7013
23.7022
23.703
23.7037
23.7043
23.7048
23.7053
23.7057
23.7061
23.7064
23.7066
23.7069
23.7071
23.7072
23.7074
23.7075
23.7076
23.7077
23.7077
23.7078
23.7078
23.7078
23.7078
23.7077
23.7077
23.7076
23.7075
23.7074
23.7072
23.7071
23.7069
23.7066
23.7064
23.7061
23.7057
23.7053
23.7048
23.7043
23.7037
23.703
23.7022
23.7013
23.7003
23.6993
23.6982
23.697
23.6958
23.6947
23.6938
23.6931
23.6928
23.749
23.7494
23.7502
23.7514
23.7526
23.754
23.7553
23.7566
23.7578
23.7588
23.7597
23.7606
23.7613
23.7619
23.7625
23.763
23.7634
23.7637
23.7641
23.7643
23.7646
23.7648
23.7649
23.7651
23.7652
23.7653
23.7653
23.7654
23.7654
23.7655
23.7655
23.7654
23.7654
23.7653
23.7653
23.7652
23.7651
23.7649
23.7648
23.7646
23.7643
23.7641
23.7637
23.7634
23.763
23.7625
23.7619
23.7613
23.7606
23.7597
23.7588
23.7578
23.7566
23.7553
23.754
23.7526
23.7514
23.7502
23.7494
23.749
23.8061
23.8066
23.8077
23.8091
23.8106
23.8122
23.8137
23.8151
23.8164
23.8175
23.8185
23.8194
23.8201
23.8208
23.8214
23.8219
23.8223
23.8226
23.8229
23.8232
23.8234
23.8236
23.8238
23.8239
23.8241
23.8242
23.8242
23.8243
23.8243
23.8243
23.8243
23.8243
23.8243
23.8242
23.8242
23.8241
23.8239
23.8238
23.8236
23.8234
23.8232
23.8229
23.8226
23.8223
23.8219
23.8214
23.8208
23.8201
23.8194
23.8185
23.8175
23.8164
23.8151
23.8137
23.8122
23.8106
23.8091
23.8077
23.8066
23.8061
23.8641
23.8649
23.8662
23.8679
23.8697
23.8716
23.8733
23.8749
23.8763
23.8775
23.8786
23.8795
23.8803
23.8809
23.8815
23.882
23.8824
23.8828
23.8831
23.8834
23.8836
23.8838
23.8839
23.8841
23.8842
23.8843
23.8843
23.8844
23.8844
23.8844
23.8844
23.8844
23.8844
23.8843
23.8843
23.8842
23.8841
23.8839
23.8838
23.8836
23.8834
23.8831
23.8828
23.8824
23.882
23.8815
23.8809
23.8803
23.8795
23.8786
23.8775
23.8763
23.8749
23.8733
23.8716
23.8697
23.8679
23.8662
23.8649
23.8641
23.923
23.924
23.9257
23.9278
23.9301
23.9323
23.9343
23.936
23.9376
23.9389
23.94
23.9409
23.9417
23.9424
23.943
23.9435
23.9439
23.9442
23.9445
23.9448
23.945
23.9452
23.9453
23.9455
23.9456
23.9457
23.9457
23.9458
23.9458
23.9458
23.9458
23.9458
23.9458
23.9457
23.9457
23.9456
23.9455
23.9453
23.9452
23.945
23.9448
23.9445
23.9442
23.9439
23.9435
23.943
23.9424
23.9417
23.9409
23.94
23.9389
23.9376
23.936
23.9343
23.9323
23.9301
23.9278
23.9257
23.924
23.923
23.9826
23.9839
23.9862
23.989
23.9917
23.9943
23.9966
23.9985
24.0002
24.0016
24.0027
24.0037
24.0045
24.0052
24.0058
24.0062
24.0066
24.007
24.0073
24.0075
24.0077
24.0079
24.008
24.0082
24.0083
24.0084
24.0084
24.0085
24.0085
24.0085
24.0085
24.0085
24.0085
24.0084
24.0084
24.0083
24.0082
24.008
24.0079
24.0077
24.0075
24.0073
24.007
24.0066
24.0062
24.0058
24.0052
24.0045
24.0037
24.0027
24.0016
24.0002
23.9985
23.9966
23.9943
23.9917
23.989
23.9862
23.9839
23.9826
24.0426
24.0446
24.0478
24.0513
24.0548
24.0578
24.0604
24.0625
24.0643
24.0657
24.0669
24.0679
24.0687
24.0694
24.0699
24.0704
24.0708
24.0711
24.0714
24.0716
24.0718
24.072
24.0721
24.0722
24.0723
24.0724
24.0724
24.0725
24.0725
24.0725
24.0725
24.0725
24.0725
24.0724
24.0724
24.0723
24.0722
24.0721
24.072
24.0718
24.0716
24.0714
24.0711
24.0708
24.0704
24.0699
24.0694
24.0687
24.0679
24.0669
24.0657
24.0643
24.0625
24.0604
24.0578
24.0548
24.0513
24.0478
24.0446
24.0426
24.1028
24.1059
24.1104
24.1151
24.1194
24.1229
24.1258
24.1281
24.13
24.1314
24.1326
24.1336
24.1344
24.135
24.1355
24.136
24.1363
24.1366
24.1369
24.1371
24.1373
24.1374
24.1375
24.1377
24.1377
24.1378
24.1379
24.1379
24.1379
24.1379
24.1379
24.1379
24.1379
24.1379
24.1378
24.1377
24.1377
24.1375
24.1374
24.1373
24.1371
24.1369
24.1366
24.1363
24.136
24.1355
24.135
24.1344
24.1336
24.1326
24.1314
24.13
24.1281
24.1258
24.1229
24.1194
24.1151
24.1104
24.1059
24.1028
24.1628
24.1679
24.1745
24.1807
24.1859
24.19
24.1932
24.1956
24.1975
24.199
24.2001
24.201
24.2017
24.2023
24.2028
24.2032
24.2035
24.2038
24.2041
24.2042
24.2044
24.2045
24.2046
24.2047
24.2048
24.2049
24.2049
24.205
24.205
24.205
24.205
24.205
24.205
24.2049
24.2049
24.2048
24.2047
24.2046
24.2045
24.2044
24.2042
24.2041
24.2038
24.2035
24.2032
24.2028
24.2023
24.2017
24.201
24.2001
24.199
24.1975
24.1956
24.1932
24.19
24.1859
24.1807
24.1745
24.1679
24.1628
24.2229
24.2316
24.2414
24.2496
24.2558
24.2604
24.2637
24.2661
24.2679
24.2693
24.2704
24.2712
24.2719
24.2724
24.2728
24.2732
24.2735
24.2737
24.2739
24.2741
24.2742
24.2743
24.2744
24.2745
24.2746
24.2746
24.2746
24.2747
24.2747
24.2747
24.2747
24.2747
24.2747
24.2746
24.2746
24.2746
24.2745
24.2744
24.2743
24.2742
24.2741
24.2739
24.2737
24.2735
24.2732
24.2728
24.2724
24.2719
24.2712
24.2704
24.2693
24.2679
24.2661
24.2637
24.2604
24.2558
24.2496
24.2414
24.2316
24.2229
24.2869
24.3017
24.316
24.3264
24.3334
24.3382
24.3414
24.3437
24.3454
24.3466
24.3475
24.3482
24.3488
24.3492
24.3496
24.3498
24.3501
24.3503
24.3504
24.3506
24.3507
24.3508
24.3508
24.3509
24.351
24.351
24.351
24.3511
24.3511
24.3511
24.3511
24.3511
24.3511
24.351
24.351
24.351
24.3509
24.3508
24.3508
24.3507
24.3506
24.3504
24.3503
24.3501
24.3498
24.3496
24.3492
24.3488
24.3482
24.3475
24.3466
24.3454
24.3437
24.3414
24.3382
24.3334
24.3264
24.316
24.3017
24.2869
24.3714
24.3945
24.4134
24.4254
24.4325
24.4369
24.4397
24.4416
24.443
24.4439
24.4446
24.4452
24.4456
24.4459
24.4462
24.4464
24.4466
24.4467
24.4468
24.4469
24.447
24.4471
24.4471
24.4472
24.4472
24.4473
24.4473
24.4473
24.4473
24.4473
24.4473
24.4473
24.4473
24.4473
24.4473
24.4472
24.4472
24.4471
24.4471
24.447
24.4469
24.4468
24.4467
24.4466
24.4464
24.4462
24.4459
24.4456
24.4452
24.4446
24.4439
24.443
24.4416
24.4397
24.4369
24.4325
24.4254
24.4134
24.3945
24.3714
24.5207
24.5487
24.5687
24.5796
24.5853
24.5885
24.5905
24.5918
24.5926
24.5932
24.5937
24.594
24.5943
24.5945
24.5947
24.5948
24.5949
24.595
24.5951
24.5951
24.5952
24.5952
24.5952
24.5953
24.5953
24.5953
24.5953
24.5953
24.5953
24.5954
24.5954
24.5953
24.5953
24.5953
24.5953
24.5953
24.5953
24.5952
24.5952
24.5952
24.5951
24.5951
24.595
24.5949
24.5948
24.5947
24.5945
24.5943
24.594
24.5937
24.5932
24.5926
24.5918
24.5905
24.5885
24.5853
24.5796
24.5687
24.5487
24.5207
24.802
24.8188
24.8293
24.8343
24.8366
24.8377
24.8384
24.8389
24.8392
24.8394
24.8395
24.8397
24.8397
24.8398
24.8399
24.8399
24.8399
24.84
24.84
24.84
24.84
24.84
24.8401
24.8401
24.8401
24.8401
24.8401
24.8401
24.8401
24.8401
24.8401
24.8401
24.8401
24.8401
24.8401
24.8401
24.8401
24.8401
24.84
24.84
24.84
24.84
24.84
24.8399
24.8399
24.8399
24.8398
24.8397
24.8397
24.8395
24.8394
24.8392
24.8389
24.8384
24.8377
24.8366
24.8343
24.8293
24.8188
24.802
)
;

boundaryField
{
    top
    {
        type            fixedValue;
        value           uniform 25;
    }
    bottom
    {
        type            fixedValue;
        value           uniform 0;
    }
    wall
    {
        type            zeroGradient;
    }
    frontAndBack
    {
        type            empty;
    }
}


// ************************************************************************* //
