/*--------------------------------*- C++ -*----------------------------------*\
| =========                 |                                                 |
| \\      /  F ield         | foam-extend: Open Source CFD                    |
|  \\    /   O peration     | Version:     4.0                                |
|   \\  /    A nd           | Web:         http://www.foam-extend.org         |
|    \\/     M anipulation  |                                                 |
\*---------------------------------------------------------------------------*/
FoamFile
{
    version     2.0;
    format      ascii;
    class       volScalarField;
    location    "320";
    object      cMinus;
}
// * * * * * * * * * * * * * * * * * * * * * * * * * * * * * * * * * * * * * //

dimensions      [0 0 0 0 0 0 0];

internalField   nonuniform List<scalar> 
6960
(
1.32798e-15
1.31499e-15
1.31752e-15
1.32004e-15
1.32206e-15
1.3236e-15
1.32474e-15
1.32554e-15
1.32608e-15
1.32642e-15
1.32659e-15
1.32664e-15
1.32661e-15
1.32652e-15
1.32639e-15
1.32623e-15
1.32605e-15
1.32587e-15
1.3257e-15
1.32552e-15
1.32536e-15
1.32521e-15
1.32507e-15
1.32495e-15
1.32484e-15
1.32475e-15
1.32468e-15
1.32463e-15
1.32459e-15
1.32458e-15
1.32458e-15
1.32459e-15
1.32463e-15
1.32468e-15
1.32475e-15
1.32484e-15
1.32495e-15
1.32507e-15
1.32521e-15
1.32536e-15
1.32552e-15
1.3257e-15
1.32587e-15
1.32605e-15
1.32623e-15
1.32639e-15
1.32652e-15
1.32661e-15
1.32664e-15
1.32659e-15
1.32642e-15
1.32608e-15
1.32554e-15
1.32474e-15
1.3236e-15
1.32206e-15
1.32004e-15
1.31752e-15
1.31499e-15
1.32798e-15
1.66446e-15
1.64839e-15
1.65159e-15
1.65476e-15
1.6573e-15
1.65925e-15
1.66068e-15
1.6617e-15
1.66239e-15
1.66281e-15
1.66304e-15
1.66311e-15
1.66308e-15
1.66297e-15
1.66281e-15
1.66261e-15
1.6624e-15
1.66218e-15
1.66196e-15
1.66174e-15
1.66154e-15
1.66135e-15
1.66118e-15
1.66103e-15
1.6609e-15
1.66079e-15
1.6607e-15
1.66063e-15
1.66059e-15
1.66057e-15
1.66057e-15
1.66059e-15
1.66063e-15
1.6607e-15
1.66079e-15
1.6609e-15
1.66103e-15
1.66118e-15
1.66135e-15
1.66154e-15
1.66174e-15
1.66196e-15
1.66218e-15
1.6624e-15
1.66261e-15
1.66281e-15
1.66297e-15
1.66308e-15
1.66311e-15
1.66304e-15
1.66281e-15
1.66239e-15
1.6617e-15
1.66068e-15
1.65925e-15
1.6573e-15
1.65476e-15
1.65159e-15
1.64839e-15
1.66446e-15
2.94472e-15
2.91677e-15
2.92243e-15
2.92802e-15
2.93249e-15
2.93592e-15
2.93845e-15
2.94024e-15
2.94145e-15
2.9422e-15
2.94259e-15
2.94272e-15
2.94266e-15
2.94247e-15
2.94218e-15
2.94183e-15
2.94146e-15
2.94106e-15
2.94067e-15
2.94029e-15
2.93994e-15
2.9396e-15
2.9393e-15
2.93904e-15
2.9388e-15
2.93861e-15
2.93845e-15
2.93834e-15
2.93826e-15
2.93822e-15
2.93822e-15
2.93826e-15
2.93834e-15
2.93845e-15
2.93861e-15
2.9388e-15
2.93904e-15
2.9393e-15
2.9396e-15
2.93994e-15
2.94029e-15
2.94067e-15
2.94106e-15
2.94146e-15
2.94183e-15
2.94218e-15
2.94247e-15
2.94266e-15
2.94272e-15
2.94259e-15
2.9422e-15
2.94145e-15
2.94024e-15
2.93845e-15
2.93592e-15
2.93249e-15
2.92802e-15
2.92243e-15
2.91677e-15
2.94472e-15
5.70792e-15
5.65458e-15
5.66557e-15
5.67636e-15
5.68499e-15
5.6916e-15
5.69648e-15
5.69994e-15
5.70226e-15
5.7037e-15
5.70445e-15
5.7047e-15
5.70458e-15
5.7042e-15
5.70363e-15
5.70296e-15
5.70222e-15
5.70146e-15
5.7007e-15
5.69997e-15
5.69927e-15
5.69863e-15
5.69804e-15
5.69753e-15
5.69708e-15
5.6967e-15
5.6964e-15
5.69617e-15
5.69602e-15
5.69594e-15
5.69594e-15
5.69602e-15
5.69617e-15
5.6964e-15
5.6967e-15
5.69708e-15
5.69753e-15
5.69804e-15
5.69863e-15
5.69927e-15
5.69997e-15
5.7007e-15
5.70146e-15
5.70222e-15
5.70296e-15
5.70363e-15
5.7042e-15
5.70458e-15
5.7047e-15
5.70445e-15
5.7037e-15
5.70226e-15
5.69994e-15
5.69648e-15
5.6916e-15
5.68499e-15
5.67636e-15
5.66557e-15
5.65458e-15
5.70792e-15
1.12326e-14
1.11293e-14
1.1151e-14
1.11722e-14
1.11891e-14
1.12021e-14
1.12117e-14
1.12185e-14
1.1223e-14
1.12258e-14
1.12273e-14
1.12278e-14
1.12276e-14
1.12268e-14
1.12257e-14
1.12244e-14
1.12229e-14
1.12214e-14
1.12199e-14
1.12185e-14
1.12171e-14
1.12158e-14
1.12147e-14
1.12136e-14
1.12128e-14
1.1212e-14
1.12114e-14
1.1211e-14
1.12107e-14
1.12105e-14
1.12105e-14
1.12107e-14
1.1211e-14
1.12114e-14
1.1212e-14
1.12128e-14
1.12136e-14
1.12147e-14
1.12158e-14
1.12171e-14
1.12185e-14
1.12199e-14
1.12214e-14
1.12229e-14
1.12244e-14
1.12257e-14
1.12268e-14
1.12276e-14
1.12278e-14
1.12273e-14
1.12258e-14
1.1223e-14
1.12185e-14
1.12117e-14
1.12021e-14
1.11891e-14
1.11722e-14
1.1151e-14
1.11293e-14
1.12326e-14
2.21234e-14
2.19234e-14
2.19662e-14
2.20079e-14
2.20413e-14
2.20668e-14
2.20857e-14
2.20991e-14
2.2108e-14
2.21136e-14
2.21165e-14
2.21174e-14
2.21169e-14
2.21154e-14
2.21132e-14
2.21106e-14
2.21077e-14
2.21048e-14
2.21018e-14
2.2099e-14
2.20963e-14
2.20938e-14
2.20915e-14
2.20895e-14
2.20877e-14
2.20863e-14
2.20851e-14
2.20842e-14
2.20836e-14
2.20833e-14
2.20833e-14
2.20836e-14
2.20842e-14
2.20851e-14
2.20863e-14
2.20877e-14
2.20895e-14
2.20915e-14
2.20938e-14
2.20963e-14
2.2099e-14
2.21018e-14
2.21048e-14
2.21077e-14
2.21106e-14
2.21132e-14
2.21154e-14
2.21169e-14
2.21174e-14
2.21165e-14
2.21136e-14
2.2108e-14
2.20991e-14
2.20857e-14
2.20668e-14
2.20413e-14
2.20079e-14
2.19662e-14
2.19234e-14
2.21234e-14
4.35485e-14
4.31619e-14
4.32465e-14
4.33287e-14
4.33944e-14
4.34447e-14
4.34818e-14
4.35082e-14
4.35258e-14
4.35367e-14
4.35425e-14
4.35443e-14
4.35433e-14
4.35404e-14
4.35361e-14
4.35309e-14
4.35253e-14
4.35194e-14
4.35136e-14
4.3508e-14
4.35027e-14
4.34978e-14
4.34933e-14
4.34893e-14
4.34859e-14
4.3483e-14
4.34807e-14
4.34789e-14
4.34777e-14
4.34772e-14
4.34772e-14
4.34777e-14
4.34789e-14
4.34807e-14
4.3483e-14
4.34859e-14
4.34893e-14
4.34933e-14
4.34978e-14
4.35027e-14
4.3508e-14
4.35136e-14
4.35194e-14
4.35253e-14
4.35309e-14
4.35361e-14
4.35404e-14
4.35433e-14
4.35443e-14
4.35425e-14
4.35367e-14
4.35258e-14
4.35082e-14
4.34818e-14
4.34447e-14
4.33944e-14
4.33287e-14
4.32465e-14
4.31619e-14
4.35485e-14
8.57068e-14
8.49611e-14
8.51285e-14
8.52904e-14
8.54197e-14
8.55188e-14
8.5592e-14
8.56439e-14
8.56787e-14
8.57002e-14
8.57115e-14
8.57152e-14
8.57133e-14
8.57075e-14
8.5699e-14
8.56889e-14
8.56778e-14
8.56663e-14
8.56548e-14
8.56438e-14
8.56333e-14
8.56236e-14
8.56148e-14
8.56069e-14
8.56002e-14
8.55945e-14
8.55899e-14
8.55865e-14
8.55842e-14
8.5583e-14
8.5583e-14
8.55842e-14
8.55865e-14
8.55899e-14
8.55945e-14
8.56002e-14
8.56069e-14
8.56148e-14
8.56236e-14
8.56333e-14
8.56438e-14
8.56548e-14
8.56663e-14
8.56778e-14
8.56889e-14
8.5699e-14
8.57075e-14
8.57133e-14
8.57152e-14
8.57115e-14
8.57002e-14
8.56787e-14
8.56439e-14
8.5592e-14
8.55188e-14
8.54197e-14
8.52904e-14
8.51285e-14
8.49611e-14
8.57068e-14
1.6871e-13
1.67274e-13
1.67606e-13
1.67925e-13
1.68179e-13
1.68374e-13
1.68519e-13
1.68621e-13
1.6869e-13
1.68732e-13
1.68755e-13
1.68762e-13
1.68758e-13
1.68747e-13
1.6873e-13
1.6871e-13
1.68688e-13
1.68666e-13
1.68643e-13
1.68621e-13
1.68601e-13
1.68582e-13
1.68564e-13
1.68549e-13
1.68536e-13
1.68524e-13
1.68515e-13
1.68509e-13
1.68504e-13
1.68502e-13
1.68502e-13
1.68504e-13
1.68509e-13
1.68515e-13
1.68524e-13
1.68536e-13
1.68549e-13
1.68564e-13
1.68582e-13
1.68601e-13
1.68621e-13
1.68643e-13
1.68666e-13
1.68688e-13
1.6871e-13
1.6873e-13
1.68747e-13
1.68758e-13
1.68762e-13
1.68755e-13
1.68732e-13
1.6869e-13
1.68621e-13
1.68519e-13
1.68374e-13
1.68179e-13
1.67925e-13
1.67606e-13
1.67274e-13
1.6871e-13
3.32234e-13
3.29471e-13
3.30128e-13
3.30757e-13
3.31259e-13
3.31644e-13
3.31929e-13
3.32131e-13
3.32266e-13
3.3235e-13
3.32395e-13
3.32409e-13
3.32402e-13
3.3238e-13
3.32347e-13
3.32308e-13
3.32265e-13
3.3222e-13
3.32176e-13
3.32133e-13
3.32092e-13
3.32054e-13
3.3202e-13
3.3199e-13
3.31964e-13
3.31942e-13
3.31924e-13
3.3191e-13
3.31902e-13
3.31897e-13
3.31897e-13
3.31902e-13
3.3191e-13
3.31924e-13
3.31942e-13
3.31964e-13
3.3199e-13
3.3202e-13
3.32054e-13
3.32092e-13
3.32133e-13
3.32176e-13
3.3222e-13
3.32265e-13
3.32308e-13
3.32347e-13
3.3238e-13
3.32402e-13
3.32409e-13
3.32395e-13
3.3235e-13
3.32266e-13
3.32131e-13
3.31929e-13
3.31644e-13
3.31259e-13
3.30757e-13
3.30128e-13
3.29471e-13
3.32234e-13
6.54598e-13
6.49294e-13
6.50597e-13
6.51838e-13
6.52828e-13
6.53588e-13
6.5415e-13
6.54549e-13
6.54817e-13
6.54983e-13
6.5507e-13
6.55099e-13
6.55086e-13
6.55042e-13
6.54978e-13
6.549e-13
6.54815e-13
6.54728e-13
6.5464e-13
6.54556e-13
6.54476e-13
6.54401e-13
6.54334e-13
6.54274e-13
6.54222e-13
6.54179e-13
6.54144e-13
6.54118e-13
6.541e-13
6.54091e-13
6.54091e-13
6.541e-13
6.54118e-13
6.54144e-13
6.54179e-13
6.54222e-13
6.54274e-13
6.54334e-13
6.54401e-13
6.54476e-13
6.54556e-13
6.5464e-13
6.54728e-13
6.54815e-13
6.549e-13
6.54978e-13
6.55042e-13
6.55086e-13
6.55099e-13
6.5507e-13
6.54983e-13
6.54817e-13
6.54549e-13
6.5415e-13
6.53588e-13
6.52828e-13
6.51838e-13
6.50597e-13
6.49294e-13
6.54598e-13
1.29055e-12
1.28039e-12
1.28297e-12
1.28542e-12
1.28738e-12
1.28888e-12
1.28999e-12
1.29078e-12
1.29131e-12
1.29163e-12
1.29181e-12
1.29187e-12
1.29184e-12
1.29175e-12
1.29163e-12
1.29148e-12
1.29131e-12
1.29114e-12
1.29096e-12
1.2908e-12
1.29064e-12
1.29049e-12
1.29036e-12
1.29024e-12
1.29014e-12
1.29005e-12
1.28998e-12
1.28993e-12
1.2899e-12
1.28988e-12
1.28988e-12
1.2899e-12
1.28993e-12
1.28998e-12
1.29005e-12
1.29014e-12
1.29024e-12
1.29036e-12
1.29049e-12
1.29064e-12
1.2908e-12
1.29096e-12
1.29114e-12
1.29131e-12
1.29148e-12
1.29163e-12
1.29175e-12
1.29184e-12
1.29187e-12
1.29181e-12
1.29163e-12
1.29131e-12
1.29078e-12
1.28999e-12
1.28888e-12
1.28738e-12
1.28542e-12
1.28297e-12
1.28039e-12
1.29055e-12
2.54615e-12
2.5267e-12
2.53184e-12
2.53668e-12
2.54055e-12
2.54351e-12
2.54571e-12
2.54727e-12
2.54832e-12
2.54897e-12
2.54931e-12
2.54943e-12
2.54938e-12
2.54921e-12
2.54896e-12
2.54866e-12
2.54833e-12
2.54799e-12
2.54765e-12
2.54732e-12
2.54701e-12
2.54672e-12
2.54646e-12
2.54623e-12
2.54603e-12
2.54586e-12
2.54572e-12
2.54562e-12
2.54555e-12
2.54552e-12
2.54552e-12
2.54555e-12
2.54562e-12
2.54572e-12
2.54586e-12
2.54603e-12
2.54623e-12
2.54646e-12
2.54672e-12
2.54701e-12
2.54732e-12
2.54765e-12
2.54799e-12
2.54833e-12
2.54866e-12
2.54896e-12
2.54921e-12
2.54938e-12
2.54943e-12
2.54931e-12
2.54897e-12
2.54832e-12
2.54727e-12
2.54571e-12
2.54351e-12
2.54055e-12
2.53668e-12
2.53184e-12
2.5267e-12
2.54615e-12
5.02739e-12
4.99027e-12
5.00049e-12
5.01007e-12
5.01772e-12
5.02359e-12
5.02793e-12
5.03102e-12
5.0331e-12
5.03439e-12
5.03508e-12
5.03531e-12
5.03522e-12
5.03489e-12
5.0344e-12
5.03381e-12
5.03316e-12
5.03248e-12
5.03181e-12
5.03116e-12
5.03055e-12
5.02998e-12
5.02946e-12
5.029e-12
5.0286e-12
5.02827e-12
5.028e-12
5.0278e-12
5.02766e-12
5.0276e-12
5.0276e-12
5.02766e-12
5.0278e-12
5.028e-12
5.02827e-12
5.0286e-12
5.029e-12
5.02946e-12
5.02998e-12
5.03055e-12
5.03116e-12
5.03181e-12
5.03248e-12
5.03316e-12
5.03381e-12
5.0344e-12
5.03489e-12
5.03522e-12
5.03531e-12
5.03508e-12
5.03439e-12
5.0331e-12
5.03102e-12
5.02793e-12
5.02359e-12
5.01772e-12
5.01007e-12
5.00049e-12
4.99027e-12
5.02739e-12
9.9359e-12
9.86524e-12
9.8856e-12
9.90457e-12
9.91971e-12
9.93134e-12
9.93996e-12
9.94608e-12
9.95021e-12
9.95277e-12
9.95414e-12
9.95461e-12
9.95443e-12
9.95378e-12
9.95282e-12
9.95166e-12
9.95038e-12
9.94905e-12
9.94773e-12
9.94644e-12
9.94523e-12
9.9441e-12
9.94308e-12
9.94217e-12
9.94138e-12
9.94072e-12
9.94019e-12
9.93979e-12
9.93952e-12
9.93939e-12
9.93939e-12
9.93952e-12
9.93979e-12
9.94019e-12
9.94072e-12
9.94138e-12
9.94217e-12
9.94308e-12
9.9441e-12
9.94523e-12
9.94644e-12
9.94773e-12
9.94905e-12
9.95038e-12
9.95166e-12
9.95282e-12
9.95378e-12
9.95443e-12
9.95461e-12
9.95414e-12
9.95277e-12
9.95021e-12
9.94608e-12
9.93996e-12
9.93134e-12
9.91971e-12
9.90457e-12
9.8856e-12
9.86524e-12
9.9359e-12
1.96591e-11
1.9525e-11
1.95656e-11
1.96032e-11
1.96332e-11
1.96563e-11
1.96734e-11
1.96856e-11
1.96938e-11
1.96989e-11
1.97016e-11
1.97026e-11
1.97022e-11
1.9701e-11
1.96991e-11
1.96968e-11
1.96942e-11
1.96916e-11
1.9689e-11
1.96865e-11
1.96841e-11
1.96818e-11
1.96798e-11
1.9678e-11
1.96765e-11
1.96751e-11
1.96741e-11
1.96733e-11
1.96728e-11
1.96725e-11
1.96725e-11
1.96728e-11
1.96733e-11
1.96741e-11
1.96751e-11
1.96765e-11
1.9678e-11
1.96798e-11
1.96818e-11
1.96841e-11
1.96865e-11
1.9689e-11
1.96916e-11
1.96942e-11
1.96968e-11
1.96991e-11
1.9701e-11
1.97022e-11
1.97026e-11
1.97016e-11
1.96989e-11
1.96938e-11
1.96856e-11
1.96734e-11
1.96563e-11
1.96332e-11
1.96032e-11
1.95656e-11
1.9525e-11
1.96591e-11
3.8955e-11
3.87014e-11
3.87826e-11
3.88573e-11
3.8917e-11
3.89629e-11
3.89969e-11
3.90211e-11
3.90375e-11
3.90477e-11
3.90532e-11
3.90551e-11
3.90545e-11
3.9052e-11
3.90483e-11
3.90437e-11
3.90388e-11
3.90336e-11
3.90284e-11
3.90234e-11
3.90186e-11
3.90142e-11
3.90102e-11
3.90067e-11
3.90036e-11
3.9001e-11
3.89989e-11
3.89974e-11
3.89963e-11
3.89958e-11
3.89958e-11
3.89963e-11
3.89974e-11
3.89989e-11
3.9001e-11
3.90036e-11
3.90067e-11
3.90102e-11
3.90142e-11
3.90186e-11
3.90234e-11
3.90284e-11
3.90336e-11
3.90388e-11
3.90437e-11
3.90483e-11
3.9052e-11
3.90545e-11
3.90551e-11
3.90532e-11
3.90477e-11
3.90375e-11
3.90211e-11
3.89969e-11
3.89629e-11
3.8917e-11
3.88573e-11
3.87826e-11
3.87014e-11
3.8955e-11
7.7364e-11
7.68868e-11
7.70496e-11
7.71985e-11
7.73174e-11
7.74089e-11
7.74768e-11
7.75252e-11
7.75579e-11
7.75784e-11
7.75895e-11
7.75935e-11
7.75924e-11
7.75876e-11
7.75803e-11
7.75713e-11
7.75615e-11
7.75513e-11
7.7541e-11
7.75311e-11
7.75217e-11
7.7513e-11
7.75051e-11
7.7498e-11
7.74919e-11
7.74868e-11
7.74827e-11
7.74796e-11
7.74775e-11
7.74764e-11
7.74764e-11
7.74775e-11
7.74796e-11
7.74827e-11
7.74868e-11
7.74919e-11
7.7498e-11
7.75051e-11
7.7513e-11
7.75217e-11
7.75311e-11
7.7541e-11
7.75513e-11
7.75615e-11
7.75713e-11
7.75803e-11
7.75876e-11
7.75924e-11
7.75935e-11
7.75895e-11
7.75784e-11
7.75579e-11
7.75252e-11
7.74768e-11
7.74089e-11
7.73174e-11
7.71985e-11
7.70496e-11
7.68868e-11
7.7364e-11
1.54266e-10
1.53374e-10
1.53703e-10
1.54001e-10
1.5424e-10
1.54423e-10
1.5456e-10
1.54657e-10
1.54723e-10
1.54765e-10
1.54788e-10
1.54796e-10
1.54794e-10
1.54785e-10
1.54771e-10
1.54753e-10
1.54734e-10
1.54714e-10
1.54694e-10
1.54674e-10
1.54655e-10
1.54638e-10
1.54623e-10
1.54609e-10
1.54596e-10
1.54586e-10
1.54578e-10
1.54572e-10
1.54568e-10
1.54566e-10
1.54566e-10
1.54568e-10
1.54572e-10
1.54578e-10
1.54586e-10
1.54596e-10
1.54609e-10
1.54623e-10
1.54638e-10
1.54655e-10
1.54674e-10
1.54694e-10
1.54714e-10
1.54734e-10
1.54753e-10
1.54771e-10
1.54785e-10
1.54794e-10
1.54796e-10
1.54788e-10
1.54765e-10
1.54723e-10
1.54657e-10
1.5456e-10
1.54423e-10
1.5424e-10
1.54001e-10
1.53703e-10
1.53374e-10
1.54266e-10
3.10244e-10
3.08596e-10
3.09266e-10
3.09872e-10
3.10357e-10
3.10731e-10
3.11009e-10
3.11209e-10
3.11346e-10
3.11432e-10
3.11481e-10
3.115e-10
3.11499e-10
3.11482e-10
3.11455e-10
3.11421e-10
3.11383e-10
3.11344e-10
3.11304e-10
3.11265e-10
3.11229e-10
3.11195e-10
3.11164e-10
3.11136e-10
3.11112e-10
3.11092e-10
3.11076e-10
3.11063e-10
3.11055e-10
3.11051e-10
3.11051e-10
3.11055e-10
3.11063e-10
3.11076e-10
3.11092e-10
3.11112e-10
3.11136e-10
3.11164e-10
3.11195e-10
3.11229e-10
3.11265e-10
3.11304e-10
3.11344e-10
3.11383e-10
3.11421e-10
3.11455e-10
3.11482e-10
3.11499e-10
3.115e-10
3.11481e-10
3.11432e-10
3.11346e-10
3.11209e-10
3.11009e-10
3.10731e-10
3.10357e-10
3.09872e-10
3.09266e-10
3.08596e-10
3.10244e-10
6.36302e-10
6.33325e-10
6.34738e-10
6.36006e-10
6.37025e-10
6.37814e-10
6.38406e-10
6.38834e-10
6.39131e-10
6.39323e-10
6.39435e-10
6.39486e-10
6.39493e-10
6.39467e-10
6.39419e-10
6.39356e-10
6.39285e-10
6.39209e-10
6.39132e-10
6.39057e-10
6.38985e-10
6.38918e-10
6.38857e-10
6.38802e-10
6.38755e-10
6.38715e-10
6.38683e-10
6.38659e-10
6.38643e-10
6.38635e-10
6.38635e-10
6.38643e-10
6.38659e-10
6.38683e-10
6.38715e-10
6.38755e-10
6.38802e-10
6.38857e-10
6.38918e-10
6.38985e-10
6.39057e-10
6.39132e-10
6.39209e-10
6.39285e-10
6.39356e-10
6.39419e-10
6.39467e-10
6.39493e-10
6.39486e-10
6.39435e-10
6.39323e-10
6.39131e-10
6.38834e-10
6.38406e-10
6.37814e-10
6.37025e-10
6.36006e-10
6.34738e-10
6.33325e-10
6.36302e-10
1.36606e-09
1.361e-09
1.3642e-09
1.36706e-09
1.36937e-09
1.37118e-09
1.37256e-09
1.37357e-09
1.37429e-09
1.37477e-09
1.37507e-09
1.37524e-09
1.3753e-09
1.37529e-09
1.37523e-09
1.37513e-09
1.375e-09
1.37487e-09
1.37472e-09
1.37458e-09
1.37445e-09
1.37432e-09
1.3742e-09
1.37409e-09
1.374e-09
1.37392e-09
1.37386e-09
1.37381e-09
1.37378e-09
1.37377e-09
1.37377e-09
1.37378e-09
1.37381e-09
1.37386e-09
1.37392e-09
1.374e-09
1.37409e-09
1.3742e-09
1.37432e-09
1.37445e-09
1.37458e-09
1.37472e-09
1.37487e-09
1.375e-09
1.37513e-09
1.37523e-09
1.37529e-09
1.3753e-09
1.37524e-09
1.37507e-09
1.37477e-09
1.37429e-09
1.37357e-09
1.37256e-09
1.37118e-09
1.36937e-09
1.36706e-09
1.3642e-09
1.361e-09
1.36606e-09
3.23361e-09
3.22659e-09
3.23497e-09
3.24243e-09
3.24855e-09
3.25341e-09
3.25719e-09
3.26004e-09
3.26215e-09
3.26366e-09
3.26469e-09
3.26536e-09
3.26575e-09
3.26593e-09
3.26596e-09
3.26588e-09
3.26573e-09
3.26554e-09
3.26531e-09
3.26507e-09
3.26483e-09
3.2646e-09
3.26439e-09
3.26419e-09
3.26402e-09
3.26387e-09
3.26375e-09
3.26366e-09
3.2636e-09
3.26357e-09
3.26357e-09
3.2636e-09
3.26366e-09
3.26375e-09
3.26387e-09
3.26402e-09
3.26419e-09
3.26439e-09
3.2646e-09
3.26483e-09
3.26507e-09
3.26531e-09
3.26554e-09
3.26573e-09
3.26588e-09
3.26596e-09
3.26593e-09
3.26575e-09
3.26536e-09
3.26469e-09
3.26366e-09
3.26215e-09
3.26004e-09
3.25719e-09
3.25341e-09
3.24855e-09
3.24243e-09
3.23497e-09
3.22659e-09
3.23361e-09
9.06213e-09
9.06105e-09
9.08821e-09
9.11235e-09
9.13247e-09
9.14878e-09
9.16173e-09
9.17183e-09
9.17957e-09
9.18539e-09
9.18968e-09
9.19277e-09
9.19492e-09
9.19636e-09
9.19726e-09
9.19775e-09
9.19795e-09
9.19795e-09
9.19779e-09
9.19755e-09
9.19725e-09
9.19692e-09
9.1966e-09
9.19628e-09
9.196e-09
9.19575e-09
9.19554e-09
9.19538e-09
9.19527e-09
9.19522e-09
9.19522e-09
9.19527e-09
9.19538e-09
9.19554e-09
9.19575e-09
9.196e-09
9.19628e-09
9.1966e-09
9.19692e-09
9.19725e-09
9.19755e-09
9.19779e-09
9.19795e-09
9.19795e-09
9.19775e-09
9.19726e-09
9.19636e-09
9.19492e-09
9.19277e-09
9.18968e-09
9.18539e-09
9.17957e-09
9.17183e-09
9.16173e-09
9.14878e-09
9.13247e-09
9.11235e-09
9.08821e-09
9.06105e-09
9.06213e-09
3.11871e-08
3.12449e-08
3.13525e-08
3.14482e-08
3.15289e-08
3.15953e-08
3.16488e-08
3.16915e-08
3.17249e-08
3.17509e-08
3.17708e-08
3.17859e-08
3.17972e-08
3.18055e-08
3.18115e-08
3.18158e-08
3.18188e-08
3.18207e-08
3.18219e-08
3.18226e-08
3.18229e-08
3.1823e-08
3.18228e-08
3.18226e-08
3.18223e-08
3.1822e-08
3.18218e-08
3.18216e-08
3.18214e-08
3.18214e-08
3.18214e-08
3.18214e-08
3.18216e-08
3.18218e-08
3.1822e-08
3.18223e-08
3.18226e-08
3.18228e-08
3.1823e-08
3.18229e-08
3.18226e-08
3.18219e-08
3.18207e-08
3.18188e-08
3.18158e-08
3.18115e-08
3.18055e-08
3.17972e-08
3.17859e-08
3.17708e-08
3.17509e-08
3.17249e-08
3.16915e-08
3.16488e-08
3.15953e-08
3.15289e-08
3.14482e-08
3.13525e-08
3.12449e-08
3.11871e-08
1.25966e-07
1.26365e-07
1.26843e-07
1.27268e-07
1.27628e-07
1.27927e-07
1.2817e-07
1.28365e-07
1.2852e-07
1.28643e-07
1.28738e-07
1.28812e-07
1.28868e-07
1.28912e-07
1.28944e-07
1.28969e-07
1.28987e-07
1.29001e-07
1.29011e-07
1.29018e-07
1.29023e-07
1.29026e-07
1.29028e-07
1.2903e-07
1.29031e-07
1.29031e-07
1.29031e-07
1.29031e-07
1.29032e-07
1.29032e-07
1.29032e-07
1.29032e-07
1.29031e-07
1.29031e-07
1.29031e-07
1.29031e-07
1.2903e-07
1.29028e-07
1.29026e-07
1.29023e-07
1.29018e-07
1.29011e-07
1.29001e-07
1.28987e-07
1.28969e-07
1.28944e-07
1.28912e-07
1.28868e-07
1.28812e-07
1.28738e-07
1.28643e-07
1.2852e-07
1.28365e-07
1.2817e-07
1.27927e-07
1.27628e-07
1.27268e-07
1.26843e-07
1.26365e-07
1.25966e-07
5.47907e-07
5.50004e-07
5.52187e-07
5.54127e-07
5.55777e-07
5.57145e-07
5.58263e-07
5.59164e-07
5.59883e-07
5.60453e-07
5.609e-07
5.61249e-07
5.6152e-07
5.61729e-07
5.6189e-07
5.62014e-07
5.62108e-07
5.62179e-07
5.62233e-07
5.62273e-07
5.62303e-07
5.62325e-07
5.62342e-07
5.62353e-07
5.62362e-07
5.62368e-07
5.62372e-07
5.62375e-07
5.62376e-07
5.62377e-07
5.62377e-07
5.62376e-07
5.62375e-07
5.62372e-07
5.62368e-07
5.62362e-07
5.62353e-07
5.62342e-07
5.62325e-07
5.62303e-07
5.62273e-07
5.62233e-07
5.62179e-07
5.62108e-07
5.62014e-07
5.6189e-07
5.61729e-07
5.6152e-07
5.61249e-07
5.609e-07
5.60453e-07
5.59883e-07
5.59164e-07
5.58263e-07
5.57145e-07
5.55777e-07
5.54127e-07
5.52187e-07
5.50004e-07
5.47907e-07
2.39428e-06
2.4041e-06
2.41379e-06
2.4224e-06
2.42972e-06
2.4358e-06
2.44076e-06
2.44477e-06
2.44797e-06
2.45051e-06
2.45251e-06
2.45408e-06
2.4553e-06
2.45625e-06
2.45698e-06
2.45755e-06
2.45798e-06
2.45831e-06
2.45857e-06
2.45876e-06
2.45891e-06
2.45902e-06
2.4591e-06
2.45916e-06
2.45921e-06
2.45924e-06
2.45926e-06
2.45928e-06
2.45929e-06
2.4593e-06
2.4593e-06
2.45929e-06
2.45928e-06
2.45926e-06
2.45924e-06
2.45921e-06
2.45916e-06
2.4591e-06
2.45902e-06
2.45891e-06
2.45876e-06
2.45857e-06
2.45831e-06
2.45798e-06
2.45755e-06
2.45698e-06
2.45625e-06
2.4553e-06
2.45408e-06
2.45251e-06
2.45051e-06
2.44797e-06
2.44477e-06
2.44076e-06
2.4358e-06
2.42972e-06
2.4224e-06
2.41379e-06
2.4041e-06
2.39428e-06
1.00692e-05
1.01112e-05
1.01517e-05
1.01877e-05
1.02182e-05
1.02435e-05
1.02642e-05
1.02809e-05
1.02943e-05
1.03049e-05
1.03132e-05
1.03198e-05
1.03249e-05
1.03288e-05
1.03319e-05
1.03343e-05
1.03361e-05
1.03375e-05
1.03386e-05
1.03394e-05
1.03401e-05
1.03406e-05
1.03409e-05
1.03412e-05
1.03414e-05
1.03415e-05
1.03417e-05
1.03417e-05
1.03418e-05
1.03418e-05
1.03418e-05
1.03418e-05
1.03417e-05
1.03417e-05
1.03415e-05
1.03414e-05
1.03412e-05
1.03409e-05
1.03406e-05
1.03401e-05
1.03394e-05
1.03386e-05
1.03375e-05
1.03361e-05
1.03343e-05
1.03319e-05
1.03288e-05
1.03249e-05
1.03198e-05
1.03132e-05
1.03049e-05
1.02943e-05
1.02809e-05
1.02642e-05
1.02435e-05
1.02182e-05
1.01877e-05
1.01517e-05
1.01112e-05
1.00692e-05
3.96561e-05
3.98192e-05
3.9975e-05
4.01128e-05
4.02297e-05
4.03266e-05
4.04058e-05
4.04697e-05
4.05207e-05
4.05612e-05
4.05931e-05
4.06181e-05
4.06377e-05
4.06529e-05
4.06646e-05
4.06738e-05
4.06808e-05
4.06862e-05
4.06904e-05
4.06936e-05
4.06961e-05
4.06979e-05
4.06994e-05
4.07004e-05
4.07012e-05
4.07018e-05
4.07022e-05
4.07025e-05
4.07027e-05
4.07028e-05
4.07028e-05
4.07027e-05
4.07025e-05
4.07022e-05
4.07018e-05
4.07012e-05
4.07004e-05
4.06994e-05
4.06979e-05
4.06961e-05
4.06936e-05
4.06904e-05
4.06862e-05
4.06808e-05
4.06738e-05
4.06646e-05
4.06529e-05
4.06377e-05
4.06181e-05
4.05931e-05
4.05612e-05
4.05207e-05
4.04697e-05
4.04058e-05
4.03266e-05
4.02297e-05
4.01128e-05
3.9975e-05
3.98192e-05
3.96561e-05
0.000143273
0.000143842
0.000144381
0.000144856
0.000145259
0.000145592
0.000145865
0.000146084
0.00014626
0.000146399
0.000146509
0.000146595
0.000146662
0.000146714
0.000146755
0.000146786
0.00014681
0.000146829
0.000146843
0.000146854
0.000146863
0.000146869
0.000146874
0.000146878
0.000146881
0.000146883
0.000146884
0.000146885
0.000146886
0.000146886
0.000146886
0.000146886
0.000146885
0.000146884
0.000146883
0.000146881
0.000146878
0.000146874
0.000146869
0.000146863
0.000146854
0.000146843
0.000146829
0.00014681
0.000146786
0.000146755
0.000146714
0.000146662
0.000146595
0.000146509
0.000146399
0.00014626
0.000146084
0.000145865
0.000145592
0.000145259
0.000144856
0.000144381
0.000143842
0.000143273
0.00046628
0.000468027
0.00046967
0.000471115
0.000472338
0.000473351
0.000474177
0.000474843
0.000475374
0.000475796
0.000476128
0.000476388
0.000476592
0.00047675
0.000476873
0.000476968
0.000477041
0.000477098
0.000477142
0.000477175
0.000477201
0.000477221
0.000477236
0.000477247
0.000477256
0.000477262
0.000477267
0.00047727
0.000477272
0.000477273
0.000477273
0.000477272
0.00047727
0.000477267
0.000477262
0.000477256
0.000477247
0.000477236
0.000477221
0.000477201
0.000477175
0.000477142
0.000477098
0.000477041
0.000476968
0.000476873
0.00047675
0.000476592
0.000476388
0.000476128
0.000475796
0.000475374
0.000474843
0.000474177
0.000473351
0.000472338
0.000471115
0.00046967
0.000468027
0.00046628
0.00134389
0.00134852
0.00135284
0.00135663
0.00135984
0.00136249
0.00136465
0.0013664
0.00136779
0.00136889
0.00136976
0.00137044
0.00137097
0.00137138
0.0013717
0.00137195
0.00137215
0.00137229
0.00137241
0.0013725
0.00137256
0.00137262
0.00137266
0.00137269
0.00137271
0.00137272
0.00137274
0.00137275
0.00137275
0.00137275
0.00137275
0.00137275
0.00137275
0.00137274
0.00137272
0.00137271
0.00137269
0.00137266
0.00137262
0.00137256
0.0013725
0.00137241
0.00137229
0.00137215
0.00137195
0.0013717
0.00137138
0.00137097
0.00137044
0.00136976
0.00136889
0.00136779
0.0013664
0.00136465
0.00136249
0.00135984
0.00135663
0.00135284
0.00134852
0.00134389
0.00337991
0.00339033
0.00339997
0.0034084
0.00341551
0.0034214
0.00342619
0.00343005
0.00343313
0.00343558
0.0034375
0.00343901
0.00344019
0.00344111
0.00344182
0.00344237
0.0034428
0.00344313
0.00344338
0.00344358
0.00344373
0.00344384
0.00344393
0.003444
0.00344405
0.00344409
0.00344411
0.00344413
0.00344414
0.00344415
0.00344415
0.00344414
0.00344413
0.00344411
0.00344409
0.00344405
0.003444
0.00344393
0.00344384
0.00344373
0.00344358
0.00344338
0.00344313
0.0034428
0.00344237
0.00344182
0.00344111
0.00344019
0.00343901
0.0034375
0.00343558
0.00343313
0.00343005
0.00342619
0.0034214
0.00341551
0.0034084
0.00339997
0.00339033
0.00337991
0.00734895
0.0073686
0.0073866
0.00740229
0.00741552
0.00742645
0.00743535
0.00744253
0.00744825
0.00745279
0.00745637
0.00745917
0.00746136
0.00746307
0.00746439
0.00746542
0.00746622
0.00746683
0.00746731
0.00746767
0.00746796
0.00746817
0.00746834
0.00746846
0.00746856
0.00746863
0.00746868
0.00746871
0.00746873
0.00746874
0.00746874
0.00746873
0.00746871
0.00746868
0.00746863
0.00746856
0.00746846
0.00746834
0.00746817
0.00746796
0.00746767
0.00746731
0.00746683
0.00746622
0.00746542
0.00746439
0.00746307
0.00746136
0.00745917
0.00745637
0.00745279
0.00744825
0.00744253
0.00743535
0.00742645
0.00741552
0.00740229
0.0073866
0.0073686
0.00734895
0.0138156
0.0138468
0.013875
0.0138996
0.0139203
0.0139374
0.0139513
0.0139625
0.0139714
0.0139785
0.0139841
0.0139885
0.0139919
0.0139946
0.0139967
0.0139983
0.0139996
0.0140005
0.0140013
0.0140019
0.0140023
0.0140026
0.0140029
0.0140031
0.0140032
0.0140034
0.0140034
0.0140035
0.0140035
0.0140035
0.0140035
0.0140035
0.0140035
0.0140034
0.0140034
0.0140032
0.0140031
0.0140029
0.0140026
0.0140023
0.0140019
0.0140013
0.0140005
0.0139996
0.0139983
0.0139967
0.0139946
0.0139919
0.0139885
0.0139841
0.0139785
0.0139714
0.0139625
0.0139513
0.0139374
0.0139203
0.0138996
0.013875
0.0138468
0.0138156
0.0227227
0.0227653
0.0228036
0.0228367
0.0228645
0.0228875
0.0229062
0.0229213
0.0229334
0.0229429
0.0229505
0.0229564
0.022961
0.0229646
0.0229674
0.0229696
0.0229713
0.0229726
0.0229736
0.0229744
0.022975
0.0229755
0.0229759
0.0229761
0.0229763
0.0229765
0.0229766
0.0229767
0.0229767
0.0229767
0.0229767
0.0229767
0.0229767
0.0229766
0.0229765
0.0229763
0.0229761
0.0229759
0.0229755
0.022975
0.0229744
0.0229736
0.0229726
0.0229713
0.0229696
0.0229674
0.0229646
0.022961
0.0229564
0.0229505
0.0229429
0.0229334
0.0229213
0.0229062
0.0228875
0.0228645
0.0228367
0.0228036
0.0227653
0.0227227
0.0334085
0.0334607
0.0335069
0.0335468
0.0335804
0.033608
0.0336306
0.0336488
0.0336633
0.0336749
0.033684
0.0336912
0.0336968
0.0337011
0.0337046
0.0337072
0.0337093
0.0337109
0.0337121
0.0337131
0.0337138
0.0337144
0.0337148
0.0337151
0.0337154
0.0337156
0.0337157
0.0337158
0.0337159
0.0337159
0.0337159
0.0337159
0.0337158
0.0337157
0.0337156
0.0337154
0.0337151
0.0337148
0.0337144
0.0337138
0.0337131
0.0337121
0.0337109
0.0337093
0.0337072
0.0337046
0.0337011
0.0336968
0.0336912
0.033684
0.0336749
0.0336633
0.0336488
0.0336306
0.033608
0.0335804
0.0335468
0.0335069
0.0334607
0.0334085
0.0450534
0.045113
0.0451653
0.0452103
0.045248
0.0452791
0.0453046
0.0453251
0.0453415
0.0453545
0.0453648
0.0453729
0.0453793
0.0453842
0.0453881
0.0453911
0.0453935
0.0453953
0.0453967
0.0453978
0.0453986
0.0453993
0.0453998
0.0454002
0.0454005
0.0454007
0.0454008
0.0454009
0.045401
0.0454011
0.0454011
0.045401
0.0454009
0.0454008
0.0454007
0.0454005
0.0454002
0.0453998
0.0453993
0.0453986
0.0453978
0.0453967
0.0453953
0.0453935
0.0453911
0.0453881
0.0453842
0.0453793
0.0453729
0.0453648
0.0453545
0.0453415
0.0453251
0.0453046
0.0452791
0.045248
0.0452103
0.0451653
0.045113
0.0450534
0.0570791
0.0571448
0.0572019
0.0572508
0.0572919
0.0573258
0.0573535
0.0573758
0.0573937
0.057408
0.0574193
0.0574281
0.0574351
0.0574406
0.0574448
0.0574482
0.0574508
0.0574528
0.0574543
0.0574555
0.0574565
0.0574572
0.0574578
0.0574582
0.0574585
0.0574587
0.0574589
0.057459
0.0574591
0.0574592
0.0574592
0.0574591
0.057459
0.0574589
0.0574587
0.0574585
0.0574582
0.0574578
0.0574572
0.0574565
0.0574555
0.0574543
0.0574528
0.0574508
0.0574482
0.0574448
0.0574406
0.0574351
0.0574281
0.0574193
0.057408
0.0573937
0.0573758
0.0573535
0.0573258
0.0572919
0.0572508
0.0572019
0.0571448
0.0570791
0.069225
0.0692962
0.0693578
0.0694103
0.0694544
0.0694908
0.0695206
0.0695447
0.069564
0.0695794
0.0695915
0.0696011
0.0696087
0.0696146
0.0696193
0.0696229
0.0696257
0.0696279
0.0696296
0.0696309
0.069632
0.0696327
0.0696334
0.0696338
0.0696342
0.0696345
0.0696346
0.0696348
0.0696349
0.0696349
0.0696349
0.0696349
0.0696348
0.0696346
0.0696345
0.0696342
0.0696338
0.0696334
0.0696327
0.069632
0.0696309
0.0696296
0.0696279
0.0696257
0.0696229
0.0696193
0.0696146
0.0696087
0.0696011
0.0695915
0.0695794
0.069564
0.0695447
0.0695206
0.0694908
0.0694544
0.0694103
0.0693578
0.0692962
0.069225
0.0814299
0.0815066
0.0815724
0.0816286
0.0816757
0.0817147
0.0817466
0.0817724
0.0817931
0.0818096
0.0818227
0.081833
0.0818412
0.0818476
0.0818526
0.0818565
0.0818596
0.081862
0.0818638
0.0818653
0.0818664
0.0818673
0.081868
0.0818685
0.0818689
0.0818692
0.0818694
0.0818695
0.0818696
0.0818697
0.0818697
0.0818696
0.0818695
0.0818694
0.0818692
0.0818689
0.0818685
0.081868
0.0818673
0.0818664
0.0818653
0.0818638
0.081862
0.0818596
0.0818565
0.0818526
0.0818476
0.0818412
0.081833
0.0818227
0.0818096
0.0817931
0.0817724
0.0817466
0.0817147
0.0816757
0.0816286
0.0815724
0.0815066
0.0814299
0.0937072
0.0937894
0.0938597
0.0939195
0.0939697
0.0940113
0.0940453
0.0940729
0.0940951
0.0941128
0.0941269
0.094138
0.0941468
0.0941537
0.0941591
0.0941634
0.0941667
0.0941693
0.0941713
0.0941729
0.0941741
0.094175
0.0941758
0.0941763
0.0941768
0.0941771
0.0941773
0.0941775
0.0941776
0.0941776
0.0941776
0.0941776
0.0941775
0.0941773
0.0941771
0.0941768
0.0941763
0.0941758
0.094175
0.0941741
0.0941729
0.0941713
0.0941693
0.0941667
0.0941634
0.0941591
0.0941537
0.0941468
0.094138
0.0941269
0.0941128
0.0940951
0.0940729
0.0940453
0.0940113
0.0939697
0.0939195
0.0938597
0.0937894
0.0937072
0.106081
0.106169
0.106244
0.106307
0.106361
0.106405
0.106441
0.10647
0.106494
0.106513
0.106528
0.10654
0.10655
0.106557
0.106563
0.106567
0.106571
0.106574
0.106576
0.106578
0.106579
0.10658
0.106581
0.106582
0.106582
0.106582
0.106583
0.106583
0.106583
0.106583
0.106583
0.106583
0.106583
0.106583
0.106582
0.106582
0.106582
0.106581
0.10658
0.106579
0.106578
0.106576
0.106574
0.106571
0.106567
0.106563
0.106557
0.10655
0.10654
0.106528
0.106513
0.106494
0.10647
0.106441
0.106405
0.106361
0.106307
0.106244
0.106169
0.106081
0.118567
0.11866
0.11874
0.118807
0.118864
0.118911
0.118949
0.11898
0.119006
0.119026
0.119042
0.119055
0.119065
0.119073
0.119079
0.119084
0.119088
0.119091
0.119093
0.119095
0.119097
0.119098
0.119099
0.119099
0.1191
0.1191
0.119101
0.119101
0.119101
0.119101
0.119101
0.119101
0.119101
0.119101
0.1191
0.1191
0.119099
0.119099
0.119098
0.119097
0.119095
0.119093
0.119091
0.119088
0.119084
0.119079
0.119073
0.119065
0.119055
0.119042
0.119026
0.119006
0.11898
0.118949
0.118911
0.118864
0.118807
0.11874
0.11866
0.118567
0.131172
0.131271
0.131354
0.131426
0.131485
0.131535
0.131576
0.131609
0.131636
0.131658
0.131675
0.131688
0.131699
0.131708
0.131715
0.13172
0.131724
0.131727
0.13173
0.131732
0.131733
0.131735
0.131736
0.131736
0.131737
0.131737
0.131738
0.131738
0.131738
0.131738
0.131738
0.131738
0.131738
0.131738
0.131737
0.131737
0.131736
0.131736
0.131735
0.131733
0.131732
0.13173
0.131727
0.131724
0.13172
0.131715
0.131708
0.131699
0.131688
0.131675
0.131658
0.131636
0.131609
0.131576
0.131535
0.131485
0.131426
0.131354
0.131271
0.131172
0.143896
0.144
0.144088
0.144163
0.144226
0.144279
0.144322
0.144357
0.144386
0.144408
0.144427
0.144441
0.144453
0.144462
0.144469
0.144475
0.144479
0.144483
0.144486
0.144488
0.14449
0.144491
0.144492
0.144493
0.144493
0.144494
0.144494
0.144494
0.144495
0.144495
0.144495
0.144495
0.144494
0.144494
0.144494
0.144493
0.144493
0.144492
0.144491
0.14449
0.144488
0.144486
0.144483
0.144479
0.144475
0.144469
0.144462
0.144453
0.144441
0.144427
0.144408
0.144386
0.144357
0.144322
0.144279
0.144226
0.144163
0.144088
0.144
0.143896
0.156737
0.156845
0.156938
0.157017
0.157083
0.157139
0.157184
0.157221
0.157251
0.157276
0.157295
0.157311
0.157323
0.157333
0.15734
0.157347
0.157351
0.157355
0.157358
0.157361
0.157362
0.157364
0.157365
0.157366
0.157366
0.157367
0.157367
0.157368
0.157368
0.157368
0.157368
0.157368
0.157368
0.157367
0.157367
0.157366
0.157366
0.157365
0.157364
0.157362
0.157361
0.157358
0.157355
0.157351
0.157347
0.15734
0.157333
0.157323
0.157311
0.157295
0.157276
0.157251
0.157221
0.157184
0.157139
0.157083
0.157017
0.156938
0.156845
0.156737
0.169689
0.169802
0.1699
0.169982
0.170052
0.17011
0.170158
0.170197
0.170229
0.170255
0.170275
0.170292
0.170305
0.170315
0.170323
0.17033
0.170335
0.170339
0.170342
0.170345
0.170347
0.170349
0.17035
0.170351
0.170351
0.170352
0.170352
0.170353
0.170353
0.170353
0.170353
0.170353
0.170353
0.170352
0.170352
0.170351
0.170351
0.17035
0.170349
0.170347
0.170345
0.170342
0.170339
0.170335
0.17033
0.170323
0.170315
0.170305
0.170292
0.170275
0.170255
0.170229
0.170197
0.170158
0.17011
0.170052
0.169982
0.1699
0.169802
0.169689
0.182747
0.182866
0.182967
0.183054
0.183127
0.183188
0.183238
0.183279
0.183313
0.18334
0.183361
0.183379
0.183393
0.183404
0.183413
0.18342
0.183425
0.18343
0.183433
0.183436
0.183438
0.18344
0.183441
0.183442
0.183443
0.183443
0.183444
0.183444
0.183444
0.183444
0.183444
0.183444
0.183444
0.183444
0.183443
0.183443
0.183442
0.183441
0.18344
0.183438
0.183436
0.183433
0.18343
0.183425
0.18342
0.183413
0.183404
0.183393
0.183379
0.183361
0.18334
0.183313
0.183279
0.183238
0.183188
0.183127
0.183054
0.182967
0.182866
0.182747
0.195905
0.196029
0.196135
0.196225
0.196301
0.196365
0.196417
0.196461
0.196496
0.196524
0.196547
0.196566
0.196581
0.196592
0.196602
0.196609
0.196615
0.19662
0.196624
0.196626
0.196629
0.196631
0.196632
0.196633
0.196634
0.196635
0.196635
0.196635
0.196636
0.196636
0.196636
0.196636
0.196635
0.196635
0.196635
0.196634
0.196633
0.196632
0.196631
0.196629
0.196626
0.196624
0.19662
0.196615
0.196609
0.196602
0.196592
0.196581
0.196566
0.196547
0.196524
0.196496
0.196461
0.196417
0.196365
0.196301
0.196225
0.196135
0.196029
0.195905
0.209157
0.209285
0.209395
0.209489
0.209569
0.209635
0.20969
0.209735
0.209772
0.209803
0.209827
0.209846
0.209862
0.209874
0.209884
0.209892
0.209898
0.209903
0.209907
0.209911
0.209913
0.209915
0.209916
0.209918
0.209919
0.209919
0.20992
0.20992
0.20992
0.20992
0.20992
0.20992
0.20992
0.20992
0.209919
0.209919
0.209918
0.209916
0.209915
0.209913
0.209911
0.209907
0.209903
0.209898
0.209892
0.209884
0.209874
0.209862
0.209846
0.209827
0.209803
0.209772
0.209735
0.20969
0.209635
0.209569
0.209489
0.209395
0.209285
0.209157
0.222495
0.222628
0.222742
0.22284
0.222922
0.222992
0.223049
0.223097
0.223135
0.223167
0.223192
0.223213
0.223229
0.223243
0.223253
0.223262
0.223268
0.223274
0.223278
0.223281
0.223284
0.223286
0.223288
0.223289
0.22329
0.223291
0.223291
0.223291
0.223292
0.223292
0.223292
0.223292
0.223291
0.223291
0.223291
0.22329
0.223289
0.223288
0.223286
0.223284
0.223281
0.223278
0.223274
0.223268
0.223262
0.223253
0.223243
0.223229
0.223213
0.223192
0.223167
0.223135
0.223097
0.223049
0.222992
0.222922
0.22284
0.222742
0.222628
0.222495
0.235913
0.23605
0.236168
0.23627
0.236355
0.236427
0.236487
0.236537
0.236578
0.236611
0.236637
0.236659
0.236676
0.23669
0.236702
0.236711
0.236718
0.236723
0.236728
0.236731
0.236734
0.236736
0.236738
0.23674
0.236741
0.236741
0.236742
0.236742
0.236743
0.236743
0.236743
0.236743
0.236742
0.236742
0.236741
0.236741
0.23674
0.236738
0.236736
0.236734
0.236731
0.236728
0.236723
0.236718
0.236711
0.236702
0.23669
0.236676
0.236659
0.236637
0.236611
0.236578
0.236537
0.236487
0.236427
0.236355
0.23627
0.236168
0.23605
0.235913
0.249403
0.249545
0.249667
0.249772
0.249861
0.249936
0.249998
0.25005
0.250092
0.250127
0.250155
0.250177
0.250196
0.250211
0.250222
0.250232
0.250239
0.250245
0.25025
0.250254
0.250257
0.250259
0.250261
0.250263
0.250264
0.250265
0.250265
0.250266
0.250266
0.250266
0.250266
0.250266
0.250266
0.250265
0.250265
0.250264
0.250263
0.250261
0.250259
0.250257
0.250254
0.25025
0.250245
0.250239
0.250232
0.250222
0.250211
0.250196
0.250177
0.250155
0.250127
0.250092
0.25005
0.249998
0.249936
0.249861
0.249772
0.249667
0.249545
0.249403
0.262959
0.263105
0.263231
0.263339
0.263431
0.263509
0.263573
0.263627
0.263671
0.263708
0.263737
0.263761
0.26378
0.263796
0.263808
0.263818
0.263826
0.263833
0.263838
0.263842
0.263845
0.263848
0.26385
0.263851
0.263853
0.263854
0.263854
0.263855
0.263855
0.263855
0.263855
0.263855
0.263855
0.263854
0.263854
0.263853
0.263851
0.26385
0.263848
0.263845
0.263842
0.263838
0.263833
0.263826
0.263818
0.263808
0.263796
0.26378
0.263761
0.263737
0.263708
0.263671
0.263627
0.263573
0.263509
0.263431
0.263339
0.263231
0.263105
0.262959
0.276573
0.276723
0.276853
0.276964
0.277059
0.27714
0.277207
0.277263
0.277309
0.277347
0.277378
0.277403
0.277423
0.277439
0.277452
0.277463
0.277472
0.277478
0.277484
0.277488
0.277492
0.277494
0.277496
0.277498
0.277499
0.2775
0.277501
0.277502
0.277502
0.277502
0.277502
0.277502
0.277502
0.277501
0.2775
0.277499
0.277498
0.277496
0.277494
0.277492
0.277488
0.277484
0.277478
0.277472
0.277463
0.277452
0.277439
0.277423
0.277403
0.277378
0.277347
0.277309
0.277263
0.277207
0.27714
0.277059
0.276964
0.276853
0.276723
0.276573
0.290239
0.290392
0.290526
0.290641
0.290739
0.290822
0.290891
0.290949
0.290997
0.291037
0.291069
0.291095
0.291116
0.291134
0.291147
0.291159
0.291168
0.291175
0.291181
0.291185
0.291189
0.291192
0.291194
0.291196
0.291197
0.291198
0.291199
0.2912
0.2912
0.2912
0.2912
0.2912
0.2912
0.291199
0.291198
0.291197
0.291196
0.291194
0.291192
0.291189
0.291185
0.291181
0.291175
0.291168
0.291159
0.291147
0.291134
0.291116
0.291095
0.291069
0.291037
0.290997
0.290949
0.290891
0.290822
0.290739
0.290641
0.290526
0.290392
0.290239
0.303948
0.304106
0.304242
0.304361
0.304462
0.304547
0.304619
0.304679
0.304729
0.30477
0.304804
0.304831
0.304854
0.304872
0.304886
0.304898
0.304908
0.304915
0.304921
0.304926
0.30493
0.304933
0.304936
0.304938
0.304939
0.30494
0.304941
0.304942
0.304942
0.304942
0.304942
0.304942
0.304942
0.304941
0.30494
0.304939
0.304938
0.304936
0.304933
0.30493
0.304926
0.304921
0.304915
0.304908
0.304898
0.304886
0.304872
0.304854
0.304831
0.304804
0.30477
0.304729
0.304679
0.304619
0.304547
0.304462
0.304361
0.304242
0.304106
0.303948
0.317695
0.317856
0.317996
0.318117
0.318221
0.31831
0.318384
0.318446
0.318498
0.318541
0.318576
0.318604
0.318628
0.318647
0.318662
0.318674
0.318684
0.318693
0.318699
0.318704
0.318708
0.318712
0.318714
0.318716
0.318718
0.318719
0.31872
0.318721
0.318721
0.318722
0.318722
0.318721
0.318721
0.31872
0.318719
0.318718
0.318716
0.318714
0.318712
0.318708
0.318704
0.318699
0.318693
0.318684
0.318674
0.318662
0.318647
0.318628
0.318604
0.318576
0.318541
0.318498
0.318446
0.318384
0.31831
0.318221
0.318117
0.317996
0.317856
0.317695
0.331472
0.331636
0.33178
0.331904
0.332011
0.332102
0.332179
0.332243
0.332296
0.332341
0.332377
0.332407
0.332431
0.332451
0.332468
0.332481
0.332491
0.3325
0.332507
0.332512
0.332517
0.33252
0.332523
0.332525
0.332527
0.332528
0.332529
0.33253
0.33253
0.332531
0.332531
0.33253
0.33253
0.332529
0.332528
0.332527
0.332525
0.332523
0.33252
0.332517
0.332512
0.332507
0.3325
0.332491
0.332481
0.332468
0.332451
0.332431
0.332407
0.332377
0.332341
0.332296
0.332243
0.332179
0.332102
0.332011
0.331904
0.33178
0.331636
0.331472
0.345273
0.34544
0.345587
0.345714
0.345824
0.345917
0.345996
0.346062
0.346118
0.346164
0.346202
0.346233
0.346258
0.346279
0.346296
0.34631
0.346321
0.34633
0.346337
0.346343
0.346348
0.346352
0.346355
0.346357
0.346359
0.34636
0.346361
0.346362
0.346363
0.346363
0.346363
0.346363
0.346362
0.346361
0.34636
0.346359
0.346357
0.346355
0.346352
0.346348
0.346343
0.346337
0.34633
0.346321
0.34631
0.346296
0.346279
0.346258
0.346233
0.346202
0.346164
0.346118
0.346062
0.345996
0.345917
0.345824
0.345714
0.345587
0.34544
0.345273
0.35909
0.35926
0.35941
0.35954
0.359652
0.359748
0.35983
0.359898
0.359955
0.360003
0.360042
0.360075
0.360101
0.360123
0.360141
0.360155
0.360167
0.360177
0.360184
0.36019
0.360195
0.360199
0.360203
0.360205
0.360207
0.360209
0.36021
0.360211
0.360211
0.360211
0.360211
0.360211
0.360211
0.36021
0.360209
0.360207
0.360205
0.360203
0.360199
0.360195
0.36019
0.360184
0.360177
0.360167
0.360155
0.360141
0.360123
0.360101
0.360075
0.360042
0.360003
0.359955
0.359898
0.35983
0.359748
0.359652
0.35954
0.35941
0.35926
0.35909
0.372917
0.373091
0.373243
0.373376
0.373491
0.373589
0.373673
0.373743
0.373802
0.373852
0.373892
0.373926
0.373954
0.373977
0.373995
0.37401
0.374023
0.374033
0.374041
0.374047
0.374053
0.374057
0.37406
0.374063
0.374065
0.374067
0.374068
0.374069
0.374069
0.37407
0.37407
0.374069
0.374069
0.374068
0.374067
0.374065
0.374063
0.37406
0.374057
0.374053
0.374047
0.374041
0.374033
0.374023
0.37401
0.373995
0.373977
0.373954
0.373926
0.373892
0.373852
0.373802
0.373743
0.373673
0.373589
0.373491
0.373376
0.373243
0.373091
0.372917
0.386749
0.386925
0.38708
0.387215
0.387333
0.387433
0.387519
0.387591
0.387652
0.387703
0.387746
0.387781
0.387809
0.387833
0.387853
0.387868
0.387881
0.387892
0.387901
0.387907
0.387913
0.387918
0.387921
0.387924
0.387926
0.387928
0.387929
0.38793
0.387931
0.387931
0.387931
0.387931
0.38793
0.387929
0.387928
0.387926
0.387924
0.387921
0.387918
0.387913
0.387907
0.387901
0.387892
0.387881
0.387868
0.387853
0.387833
0.387809
0.387781
0.387746
0.387703
0.387652
0.387591
0.387519
0.387433
0.387333
0.387215
0.38708
0.386925
0.386749
0.400577
0.400756
0.400914
0.401051
0.401171
0.401274
0.401362
0.401436
0.401499
0.401552
0.401595
0.401632
0.401662
0.401686
0.401707
0.401723
0.401737
0.401748
0.401757
0.401764
0.40177
0.401775
0.401779
0.401782
0.401784
0.401786
0.401787
0.401788
0.401789
0.401789
0.401789
0.401789
0.401788
0.401787
0.401786
0.401784
0.401782
0.401779
0.401775
0.40177
0.401764
0.401757
0.401748
0.401737
0.401723
0.401707
0.401686
0.401662
0.401632
0.401595
0.401552
0.401499
0.401436
0.401362
0.401274
0.401171
0.401051
0.400914
0.400756
0.400577
0.414397
0.414578
0.414738
0.414878
0.415
0.415105
0.415195
0.415272
0.415336
0.41539
0.415436
0.415473
0.415504
0.41553
0.415551
0.415569
0.415583
0.415595
0.415604
0.415612
0.415618
0.415623
0.415627
0.41563
0.415633
0.415635
0.415636
0.415637
0.415638
0.415638
0.415638
0.415638
0.415637
0.415636
0.415635
0.415633
0.41563
0.415627
0.415623
0.415618
0.415612
0.415604
0.415595
0.415583
0.415569
0.415551
0.41553
0.415504
0.415473
0.415436
0.41539
0.415336
0.415272
0.415195
0.415105
0.415
0.414878
0.414738
0.414578
0.414397
0.428202
0.428385
0.428548
0.42869
0.428814
0.428921
0.429013
0.429092
0.429158
0.429214
0.42926
0.429299
0.429332
0.429358
0.42938
0.429399
0.429414
0.429426
0.429436
0.429444
0.42945
0.429456
0.42946
0.429463
0.429466
0.429468
0.42947
0.429471
0.429472
0.429472
0.429472
0.429472
0.429471
0.42947
0.429468
0.429466
0.429463
0.42946
0.429456
0.42945
0.429444
0.429436
0.429426
0.429414
0.429399
0.42938
0.429358
0.429332
0.429299
0.42926
0.429214
0.429158
0.429092
0.429013
0.428921
0.428814
0.42869
0.428548
0.428385
0.428202
0.441987
0.442172
0.442336
0.442481
0.442607
0.442716
0.44281
0.44289
0.442958
0.443016
0.443064
0.443104
0.443137
0.443165
0.443188
0.443207
0.443223
0.443236
0.443246
0.443255
0.443261
0.443267
0.443272
0.443275
0.443278
0.44328
0.443282
0.443283
0.443284
0.443284
0.443284
0.443284
0.443283
0.443282
0.44328
0.443278
0.443275
0.443272
0.443267
0.443261
0.443255
0.443246
0.443236
0.443223
0.443207
0.443188
0.443165
0.443137
0.443104
0.443064
0.443016
0.442958
0.44289
0.44281
0.442716
0.442607
0.442481
0.442336
0.442172
0.441987
0.455745
0.455932
0.456098
0.456245
0.456373
0.456484
0.45658
0.456662
0.456732
0.45679
0.45684
0.456882
0.456916
0.456945
0.456969
0.456989
0.457005
0.457018
0.457029
0.457038
0.457046
0.457051
0.457056
0.45706
0.457063
0.457065
0.457067
0.457068
0.457069
0.45707
0.45707
0.457069
0.457068
0.457067
0.457065
0.457063
0.45706
0.457056
0.457051
0.457046
0.457038
0.457029
0.457018
0.457005
0.456989
0.456969
0.456945
0.456916
0.456882
0.45684
0.45679
0.456732
0.456662
0.45658
0.456484
0.456373
0.456245
0.456098
0.455932
0.455745
0.469472
0.469661
0.469828
0.469977
0.470107
0.47022
0.470317
0.470401
0.470472
0.470533
0.470584
0.470627
0.470662
0.470692
0.470717
0.470738
0.470755
0.470769
0.47078
0.470789
0.470797
0.470803
0.470808
0.470812
0.470816
0.470818
0.47082
0.470821
0.470822
0.470823
0.470823
0.470822
0.470821
0.47082
0.470818
0.470816
0.470812
0.470808
0.470803
0.470797
0.470789
0.47078
0.470769
0.470755
0.470738
0.470717
0.470692
0.470662
0.470627
0.470584
0.470533
0.470472
0.470401
0.470317
0.47022
0.470107
0.469977
0.469828
0.469661
0.469472
0.483162
0.483352
0.483521
0.483671
0.483803
0.483918
0.484017
0.484102
0.484175
0.484237
0.48429
0.484334
0.484371
0.484402
0.484427
0.484449
0.484466
0.484481
0.484493
0.484503
0.484511
0.484517
0.484523
0.484527
0.48453
0.484533
0.484535
0.484536
0.484537
0.484538
0.484538
0.484537
0.484536
0.484535
0.484533
0.48453
0.484527
0.484523
0.484517
0.484511
0.484503
0.484493
0.484481
0.484466
0.484449
0.484427
0.484402
0.484371
0.484334
0.48429
0.484237
0.484175
0.484102
0.484017
0.483918
0.483803
0.483671
0.483521
0.483352
0.483162
0.496811
0.497002
0.497172
0.497324
0.497457
0.497573
0.497674
0.497761
0.497836
0.497899
0.497953
0.497998
0.498036
0.498068
0.498095
0.498117
0.498135
0.498151
0.498163
0.498173
0.498182
0.498189
0.498194
0.498199
0.498202
0.498205
0.498207
0.498209
0.49821
0.49821
0.49821
0.49821
0.498209
0.498207
0.498205
0.498202
0.498199
0.498194
0.498189
0.498182
0.498173
0.498163
0.498151
0.498135
0.498117
0.498095
0.498068
0.498036
0.497998
0.497953
0.497899
0.497836
0.497761
0.497674
0.497573
0.497457
0.497324
0.497172
0.497002
0.496811
0.510412
0.510604
0.510776
0.510929
0.511063
0.511181
0.511284
0.511372
0.511448
0.511513
0.511568
0.511615
0.511654
0.511687
0.511715
0.511737
0.511757
0.511772
0.511785
0.511796
0.511805
0.511812
0.511818
0.511823
0.511827
0.51183
0.511832
0.511833
0.511834
0.511835
0.511835
0.511834
0.511833
0.511832
0.51183
0.511827
0.511823
0.511818
0.511812
0.511805
0.511796
0.511785
0.511772
0.511757
0.511737
0.511715
0.511687
0.511654
0.511615
0.511568
0.511513
0.511448
0.511372
0.511284
0.511181
0.511063
0.510929
0.510776
0.510604
0.510412
0.523963
0.524156
0.524328
0.524482
0.524618
0.524737
0.524841
0.524931
0.525009
0.525075
0.525131
0.525179
0.525219
0.525253
0.525282
0.525305
0.525325
0.525342
0.525355
0.525367
0.525376
0.525383
0.52539
0.525395
0.525399
0.525402
0.525404
0.525406
0.525407
0.525407
0.525407
0.525407
0.525406
0.525404
0.525402
0.525399
0.525395
0.52539
0.525383
0.525376
0.525367
0.525355
0.525342
0.525325
0.525305
0.525282
0.525253
0.525219
0.525179
0.525131
0.525075
0.525009
0.524931
0.524841
0.524737
0.524618
0.524482
0.524328
0.524156
0.523963
0.537458
0.537651
0.537824
0.537979
0.538116
0.538237
0.538342
0.538433
0.538512
0.538579
0.538637
0.538686
0.538728
0.538762
0.538792
0.538816
0.538837
0.538854
0.538868
0.53888
0.53889
0.538898
0.538904
0.538909
0.538913
0.538917
0.538919
0.538921
0.538922
0.538923
0.538923
0.538922
0.538921
0.538919
0.538917
0.538913
0.538909
0.538904
0.538898
0.53889
0.53888
0.538868
0.538854
0.538837
0.538816
0.538792
0.538762
0.538728
0.538686
0.538637
0.538579
0.538512
0.538433
0.538342
0.538237
0.538116
0.537979
0.537824
0.537651
0.537458
0.550892
0.551086
0.55126
0.551416
0.551554
0.551675
0.551782
0.551874
0.551954
0.552023
0.552082
0.552132
0.552174
0.55221
0.552241
0.552266
0.552287
0.552305
0.55232
0.552332
0.552342
0.55235
0.552357
0.552362
0.552367
0.55237
0.552373
0.552375
0.552376
0.552377
0.552377
0.552376
0.552375
0.552373
0.55237
0.552367
0.552362
0.552357
0.55235
0.552342
0.552332
0.55232
0.552305
0.552287
0.552266
0.552241
0.55221
0.552174
0.552132
0.552082
0.552023
0.551954
0.551874
0.551782
0.551675
0.551554
0.551416
0.55126
0.551086
0.550892
0.564263
0.564457
0.564631
0.564787
0.564926
0.565049
0.565156
0.56525
0.565331
0.565401
0.565461
0.565512
0.565556
0.565593
0.565624
0.56565
0.565672
0.56569
0.565706
0.565718
0.565729
0.565738
0.565745
0.56575
0.565755
0.565758
0.565761
0.565763
0.565764
0.565765
0.565765
0.565764
0.565763
0.565761
0.565758
0.565755
0.56575
0.565745
0.565738
0.565729
0.565718
0.565706
0.56569
0.565672
0.56565
0.565624
0.565593
0.565556
0.565512
0.565461
0.565401
0.565331
0.56525
0.565156
0.565049
0.564926
0.564787
0.564631
0.564457
0.564263
0.577566
0.57776
0.577934
0.578091
0.57823
0.578354
0.578462
0.578557
0.578639
0.57871
0.578771
0.578824
0.578868
0.578906
0.578938
0.578965
0.578988
0.579007
0.579022
0.579036
0.579047
0.579056
0.579063
0.579069
0.579074
0.579077
0.57908
0.579082
0.579084
0.579084
0.579084
0.579084
0.579082
0.57908
0.579077
0.579074
0.579069
0.579063
0.579056
0.579047
0.579036
0.579022
0.579007
0.578988
0.578965
0.578938
0.578906
0.578868
0.578824
0.578771
0.57871
0.578639
0.578557
0.578462
0.578354
0.57823
0.578091
0.577934
0.57776
0.577566
0.590798
0.590991
0.591166
0.591322
0.591463
0.591587
0.591696
0.591792
0.591875
0.591947
0.592009
0.592062
0.592108
0.592147
0.592179
0.592207
0.59223
0.59225
0.592266
0.59228
0.592291
0.592301
0.592308
0.592315
0.59232
0.592324
0.592327
0.592329
0.59233
0.592331
0.592331
0.59233
0.592329
0.592327
0.592324
0.59232
0.592315
0.592308
0.592301
0.592291
0.59228
0.592266
0.59225
0.59223
0.592207
0.592179
0.592147
0.592108
0.592062
0.592009
0.591947
0.591875
0.591792
0.591696
0.591587
0.591463
0.591322
0.591166
0.590991
0.590798
0.603955
0.604148
0.604322
0.604479
0.60462
0.604744
0.604854
0.604951
0.605035
0.605108
0.605171
0.605225
0.605272
0.605311
0.605345
0.605373
0.605397
0.605417
0.605434
0.605449
0.60546
0.60547
0.605478
0.605484
0.60549
0.605494
0.605497
0.605499
0.605501
0.605501
0.605501
0.605501
0.605499
0.605497
0.605494
0.60549
0.605484
0.605478
0.60547
0.60546
0.605449
0.605434
0.605417
0.605397
0.605373
0.605345
0.605311
0.605272
0.605225
0.605171
0.605108
0.605035
0.604951
0.604854
0.604744
0.60462
0.604479
0.604322
0.604148
0.603955
0.617036
0.617227
0.617401
0.617558
0.617699
0.617824
0.617934
0.618031
0.618116
0.61819
0.618254
0.618309
0.618357
0.618397
0.618431
0.618461
0.618485
0.618506
0.618523
0.618538
0.61855
0.61856
0.618569
0.618575
0.618581
0.618585
0.618588
0.618591
0.618592
0.618593
0.618593
0.618592
0.618591
0.618588
0.618585
0.618581
0.618575
0.618569
0.61856
0.61855
0.618538
0.618523
0.618506
0.618485
0.618461
0.618431
0.618397
0.618357
0.618309
0.618254
0.61819
0.618116
0.618031
0.617934
0.617824
0.617699
0.617558
0.617401
0.617227
0.617036
0.630036
0.630227
0.6304
0.630557
0.630697
0.630823
0.630934
0.631031
0.631117
0.631191
0.631256
0.631312
0.63136
0.631401
0.631436
0.631466
0.631492
0.631513
0.631531
0.631546
0.631558
0.631569
0.631577
0.631584
0.63159
0.631595
0.631598
0.6316
0.631602
0.631603
0.631603
0.631602
0.6316
0.631598
0.631595
0.63159
0.631584
0.631577
0.631569
0.631558
0.631546
0.631531
0.631513
0.631492
0.631466
0.631436
0.631401
0.63136
0.631312
0.631256
0.631191
0.631117
0.631031
0.630934
0.630823
0.630697
0.630557
0.6304
0.630227
0.630036
0.642955
0.643144
0.643317
0.643473
0.643613
0.643738
0.64385
0.643948
0.644034
0.644109
0.644175
0.644231
0.64428
0.644322
0.644358
0.644388
0.644414
0.644436
0.644454
0.64447
0.644483
0.644494
0.644502
0.64451
0.644516
0.64452
0.644524
0.644526
0.644528
0.644529
0.644529
0.644528
0.644526
0.644524
0.64452
0.644516
0.64451
0.644502
0.644494
0.644483
0.64447
0.644454
0.644436
0.644414
0.644388
0.644358
0.644322
0.64428
0.644231
0.644175
0.644109
0.644034
0.643948
0.64385
0.643738
0.643613
0.643473
0.643317
0.643144
0.642955
0.655789
0.655978
0.656149
0.656304
0.656444
0.656569
0.656681
0.656779
0.656866
0.656941
0.657007
0.657065
0.657114
0.657157
0.657193
0.657224
0.657251
0.657273
0.657292
0.657308
0.657321
0.657332
0.657342
0.657349
0.657355
0.65736
0.657364
0.657366
0.657368
0.657369
0.657369
0.657368
0.657366
0.657364
0.65736
0.657355
0.657349
0.657342
0.657332
0.657321
0.657308
0.657292
0.657273
0.657251
0.657224
0.657193
0.657157
0.657114
0.657065
0.657007
0.656941
0.656866
0.656779
0.656681
0.656569
0.656444
0.656304
0.656149
0.655978
0.655789
0.668539
0.668725
0.668895
0.66905
0.669189
0.669314
0.669425
0.669524
0.669611
0.669687
0.669753
0.669811
0.669861
0.669904
0.669941
0.669973
0.67
0.670023
0.670042
0.670058
0.670072
0.670084
0.670093
0.670101
0.670107
0.670112
0.670116
0.670118
0.67012
0.670121
0.670121
0.67012
0.670118
0.670116
0.670112
0.670107
0.670101
0.670093
0.670084
0.670072
0.670058
0.670042
0.670023
0.67
0.669973
0.669941
0.669904
0.669861
0.669811
0.669753
0.669687
0.669611
0.669524
0.669425
0.669314
0.669189
0.66905
0.668895
0.668725
0.668539
0.681201
0.681386
0.681555
0.681708
0.681846
0.681971
0.682082
0.68218
0.682267
0.682344
0.682411
0.682469
0.682519
0.682563
0.6826
0.682633
0.68266
0.682683
0.682703
0.68272
0.682734
0.682746
0.682755
0.682763
0.68277
0.682775
0.682779
0.682782
0.682784
0.682785
0.682785
0.682784
0.682782
0.682779
0.682775
0.68277
0.682763
0.682755
0.682746
0.682734
0.68272
0.682703
0.682683
0.68266
0.682633
0.6826
0.682563
0.682519
0.682469
0.682411
0.682344
0.682267
0.68218
0.682082
0.681971
0.681846
0.681708
0.681555
0.681386
0.681201
0.693776
0.693959
0.694126
0.694278
0.694415
0.694539
0.69465
0.694748
0.694835
0.694912
0.694979
0.695037
0.695088
0.695132
0.69517
0.695203
0.695231
0.695254
0.695275
0.695292
0.695306
0.695318
0.695328
0.695336
0.695343
0.695348
0.695352
0.695355
0.695357
0.695358
0.695358
0.695357
0.695355
0.695352
0.695348
0.695343
0.695336
0.695328
0.695318
0.695306
0.695292
0.695275
0.695254
0.695231
0.695203
0.69517
0.695132
0.695088
0.695037
0.694979
0.694912
0.694835
0.694748
0.69465
0.694539
0.694415
0.694278
0.694126
0.693959
0.693776
0.706263
0.706444
0.706609
0.706759
0.706896
0.707018
0.707128
0.707226
0.707313
0.70739
0.707457
0.707516
0.707567
0.707611
0.70765
0.707683
0.707711
0.707735
0.707756
0.707773
0.707788
0.7078
0.70781
0.707819
0.707825
0.707831
0.707835
0.707838
0.70784
0.707841
0.707841
0.70784
0.707838
0.707835
0.707831
0.707825
0.707819
0.70781
0.7078
0.707788
0.707773
0.707756
0.707735
0.707711
0.707683
0.70765
0.707611
0.707567
0.707516
0.707457
0.70739
0.707313
0.707226
0.707128
0.707018
0.706896
0.706759
0.706609
0.706444
0.706263
0.718663
0.718841
0.719003
0.719152
0.719287
0.719409
0.719518
0.719615
0.719702
0.719778
0.719846
0.719904
0.719956
0.720001
0.720039
0.720072
0.720101
0.720126
0.720146
0.720164
0.720179
0.720192
0.720202
0.720211
0.720218
0.720223
0.720227
0.72023
0.720232
0.720233
0.720233
0.720232
0.72023
0.720227
0.720223
0.720218
0.720211
0.720202
0.720192
0.720179
0.720164
0.720146
0.720126
0.720101
0.720072
0.720039
0.720001
0.719956
0.719904
0.719846
0.719778
0.719702
0.719615
0.719518
0.719409
0.719287
0.719152
0.719003
0.718841
0.718663
0.730974
0.731149
0.73131
0.731457
0.73159
0.73171
0.731819
0.731915
0.732001
0.732078
0.732145
0.732204
0.732255
0.7323
0.732339
0.732372
0.732401
0.732426
0.732447
0.732465
0.73248
0.732493
0.732503
0.732512
0.732519
0.732525
0.732529
0.732532
0.732534
0.732536
0.732536
0.732534
0.732532
0.732529
0.732525
0.732519
0.732512
0.732503
0.732493
0.73248
0.732465
0.732447
0.732426
0.732401
0.732372
0.732339
0.7323
0.732255
0.732204
0.732145
0.732078
0.732001
0.731915
0.731819
0.73171
0.73159
0.731457
0.73131
0.731149
0.730974
0.743199
0.743371
0.743529
0.743674
0.743805
0.743924
0.744031
0.744127
0.744213
0.744288
0.744355
0.744414
0.744465
0.74451
0.744549
0.744583
0.744612
0.744637
0.744658
0.744676
0.744691
0.744704
0.744715
0.744724
0.744731
0.744737
0.744742
0.744745
0.744747
0.744748
0.744748
0.744747
0.744745
0.744742
0.744737
0.744731
0.744724
0.744715
0.744704
0.744691
0.744676
0.744658
0.744637
0.744612
0.744583
0.744549
0.74451
0.744465
0.744414
0.744355
0.744288
0.744213
0.744127
0.744031
0.743924
0.743805
0.743674
0.743529
0.743371
0.743199
0.755339
0.755508
0.755663
0.755805
0.755935
0.756052
0.756157
0.756252
0.756337
0.756412
0.756478
0.756537
0.756588
0.756633
0.756672
0.756705
0.756734
0.75676
0.756781
0.756799
0.756815
0.756828
0.756839
0.756848
0.756855
0.756861
0.756866
0.756869
0.756871
0.756872
0.756872
0.756871
0.756869
0.756866
0.756861
0.756855
0.756848
0.756839
0.756828
0.756815
0.756799
0.756781
0.75676
0.756734
0.756705
0.756672
0.756633
0.756588
0.756537
0.756478
0.756412
0.756337
0.756252
0.756157
0.756052
0.755935
0.755805
0.755663
0.755508
0.755339
0.767395
0.767561
0.767713
0.767852
0.767979
0.768095
0.768199
0.768292
0.768376
0.76845
0.768516
0.768574
0.768625
0.768669
0.768708
0.768742
0.768771
0.768796
0.768818
0.768836
0.768852
0.768865
0.768876
0.768885
0.768893
0.768898
0.768903
0.768906
0.768909
0.76891
0.76891
0.768909
0.768906
0.768903
0.768898
0.768893
0.768885
0.768876
0.768865
0.768852
0.768836
0.768818
0.768796
0.768771
0.768742
0.768708
0.768669
0.768625
0.768574
0.768516
0.76845
0.768376
0.768292
0.768199
0.768095
0.767979
0.767852
0.767713
0.767561
0.767395
0.77937
0.779532
0.779681
0.779818
0.779942
0.780055
0.780158
0.780249
0.780332
0.780405
0.78047
0.780527
0.780578
0.780622
0.780661
0.780694
0.780724
0.780749
0.78077
0.780789
0.780804
0.780818
0.780829
0.780838
0.780845
0.780851
0.780856
0.78086
0.780862
0.780863
0.780863
0.780862
0.78086
0.780856
0.780851
0.780845
0.780838
0.780829
0.780818
0.780804
0.780789
0.78077
0.780749
0.780724
0.780694
0.780661
0.780622
0.780578
0.780527
0.78047
0.780405
0.780332
0.780249
0.780158
0.780055
0.779942
0.779818
0.779681
0.779532
0.77937
0.791267
0.791425
0.791571
0.791704
0.791826
0.791937
0.792037
0.792127
0.792208
0.79228
0.792344
0.792401
0.792451
0.792494
0.792533
0.792566
0.792595
0.79262
0.792642
0.79266
0.792676
0.792689
0.7927
0.792709
0.792717
0.792723
0.792728
0.792731
0.792733
0.792734
0.792734
0.792733
0.792731
0.792728
0.792723
0.792717
0.792709
0.7927
0.792689
0.792676
0.79266
0.792642
0.79262
0.792595
0.792566
0.792533
0.792494
0.792451
0.792401
0.792344
0.79228
0.792208
0.792127
0.792037
0.791937
0.791826
0.791704
0.791571
0.791425
0.791267
0.80309
0.803244
0.803385
0.803516
0.803634
0.803743
0.80384
0.803929
0.804008
0.804079
0.804141
0.804197
0.804246
0.80429
0.804327
0.80436
0.804389
0.804414
0.804435
0.804454
0.804469
0.804483
0.804494
0.804503
0.804511
0.804517
0.804521
0.804525
0.804527
0.804528
0.804528
0.804527
0.804525
0.804521
0.804517
0.804511
0.804503
0.804494
0.804483
0.804469
0.804454
0.804435
0.804414
0.804389
0.80436
0.804327
0.80429
0.804246
0.804197
0.804141
0.804079
0.804008
0.803929
0.80384
0.803743
0.803634
0.803516
0.803385
0.803244
0.80309
0.814843
0.814992
0.81513
0.815256
0.815372
0.815477
0.815572
0.815658
0.815736
0.815805
0.815866
0.815921
0.815969
0.816012
0.816049
0.816082
0.81611
0.816134
0.816156
0.816174
0.816189
0.816203
0.816214
0.816223
0.81623
0.816236
0.816241
0.816245
0.816247
0.816248
0.816248
0.816247
0.816245
0.816241
0.816236
0.81623
0.816223
0.816214
0.816203
0.816189
0.816174
0.816156
0.816134
0.81611
0.816082
0.816049
0.816012
0.815969
0.815921
0.815866
0.815805
0.815736
0.815658
0.815572
0.815477
0.815372
0.815256
0.81513
0.814992
0.814843
0.82653
0.826675
0.826808
0.826931
0.827043
0.827145
0.827238
0.827321
0.827397
0.827464
0.827524
0.827577
0.827624
0.827666
0.827703
0.827734
0.827762
0.827786
0.827807
0.827825
0.827841
0.827854
0.827865
0.827874
0.827881
0.827887
0.827892
0.827895
0.827898
0.827899
0.827899
0.827898
0.827895
0.827892
0.827887
0.827881
0.827874
0.827865
0.827854
0.827841
0.827825
0.827807
0.827786
0.827762
0.827734
0.827703
0.827666
0.827624
0.827577
0.827524
0.827464
0.827397
0.827321
0.827238
0.827145
0.827043
0.826931
0.826808
0.826675
0.82653
0.838159
0.838298
0.838427
0.838545
0.838654
0.838753
0.838842
0.838923
0.838996
0.839061
0.83912
0.839172
0.839217
0.839258
0.839294
0.839325
0.839352
0.839376
0.839396
0.839414
0.839429
0.839442
0.839453
0.839462
0.839469
0.839475
0.83948
0.839483
0.839485
0.839486
0.839486
0.839485
0.839483
0.83948
0.839475
0.839469
0.839462
0.839453
0.839442
0.839429
0.839414
0.839396
0.839376
0.839352
0.839325
0.839294
0.839258
0.839217
0.839172
0.83912
0.839061
0.838996
0.838923
0.838842
0.838753
0.838654
0.838545
0.838427
0.838298
0.838159
0.849734
0.849869
0.849993
0.850107
0.850211
0.850306
0.850393
0.850471
0.850541
0.850604
0.85066
0.850711
0.850755
0.850794
0.850829
0.850859
0.850886
0.850909
0.850929
0.850946
0.850961
0.850973
0.850984
0.850993
0.851
0.851006
0.85101
0.851014
0.851016
0.851017
0.851017
0.851016
0.851014
0.85101
0.851006
0.851
0.850993
0.850984
0.850973
0.850961
0.850946
0.850929
0.850909
0.850886
0.850859
0.850829
0.850794
0.850755
0.850711
0.85066
0.850604
0.850541
0.850471
0.850393
0.850306
0.850211
0.850107
0.849993
0.849869
0.849734
0.861265
0.861394
0.861513
0.861622
0.861722
0.861813
0.861896
0.861971
0.862039
0.862099
0.862153
0.862202
0.862244
0.862282
0.862316
0.862345
0.862371
0.862393
0.862412
0.862429
0.862443
0.862456
0.862466
0.862475
0.862482
0.862487
0.862492
0.862495
0.862497
0.862498
0.862498
0.862497
0.862495
0.862492
0.862487
0.862482
0.862475
0.862466
0.862456
0.862443
0.862429
0.862412
0.862393
0.862371
0.862345
0.862316
0.862282
0.862244
0.862202
0.862153
0.862099
0.862039
0.861971
0.861896
0.861813
0.861722
0.861622
0.861513
0.861394
0.861265
0.87276
0.872883
0.872997
0.873101
0.873196
0.873283
0.873362
0.873433
0.873498
0.873556
0.873607
0.873653
0.873694
0.873731
0.873763
0.873791
0.873815
0.873837
0.873855
0.873872
0.873885
0.873897
0.873907
0.873916
0.873923
0.873928
0.873932
0.873936
0.873938
0.873939
0.873939
0.873938
0.873936
0.873932
0.873928
0.873923
0.873916
0.873907
0.873897
0.873885
0.873872
0.873855
0.873837
0.873815
0.873791
0.873763
0.873731
0.873694
0.873653
0.873607
0.873556
0.873498
0.873433
0.873362
0.873283
0.873196
0.873101
0.872997
0.872883
0.87276
0.884228
0.884346
0.884453
0.884552
0.884642
0.884724
0.884799
0.884867
0.884928
0.884983
0.885032
0.885075
0.885114
0.885149
0.885179
0.885206
0.885229
0.88525
0.885268
0.885283
0.885297
0.885308
0.885318
0.885326
0.885332
0.885338
0.885342
0.885345
0.885347
0.885348
0.885348
0.885347
0.885345
0.885342
0.885338
0.885332
0.885326
0.885318
0.885308
0.885297
0.885283
0.885268
0.88525
0.885229
0.885206
0.885179
0.885149
0.885114
0.885075
0.885032
0.884983
0.884928
0.884867
0.884799
0.884724
0.884642
0.884552
0.884453
0.884346
0.884228
0.895681
0.895792
0.895893
0.895986
0.896071
0.896148
0.896219
0.896282
0.89634
0.896391
0.896437
0.896479
0.896515
0.896548
0.896576
0.896602
0.896624
0.896643
0.89666
0.896675
0.896687
0.896698
0.896707
0.896715
0.896721
0.896727
0.89673
0.896733
0.896735
0.896736
0.896736
0.896735
0.896733
0.89673
0.896727
0.896721
0.896715
0.896707
0.896698
0.896687
0.896675
0.89666
0.896643
0.896624
0.896602
0.896576
0.896548
0.896515
0.896479
0.896437
0.896391
0.89634
0.896282
0.896219
0.896148
0.896071
0.895986
0.895893
0.895792
0.895681
0.907132
0.907235
0.907329
0.907416
0.907495
0.907567
0.907633
0.907692
0.907746
0.907794
0.907836
0.907875
0.907909
0.907939
0.907966
0.90799
0.90801
0.908029
0.908044
0.908058
0.90807
0.90808
0.908089
0.908096
0.908102
0.908107
0.908111
0.908113
0.908115
0.908116
0.908116
0.908115
0.908113
0.908111
0.908107
0.908102
0.908096
0.908089
0.90808
0.90807
0.908058
0.908044
0.908029
0.90801
0.90799
0.907966
0.907939
0.907909
0.907875
0.907836
0.907794
0.907746
0.907692
0.907633
0.907567
0.907495
0.907416
0.907329
0.907235
0.907132
0.918593
0.918689
0.918776
0.918855
0.918928
0.918995
0.919055
0.91911
0.919159
0.919203
0.919243
0.919278
0.919309
0.919337
0.919362
0.919383
0.919403
0.91942
0.919434
0.919447
0.919458
0.919468
0.919476
0.919482
0.919488
0.919492
0.919496
0.919499
0.9195
0.919501
0.919501
0.9195
0.919499
0.919496
0.919492
0.919488
0.919482
0.919476
0.919468
0.919458
0.919447
0.919434
0.91942
0.919403
0.919383
0.919362
0.919337
0.919309
0.919278
0.919243
0.919203
0.919159
0.91911
0.919055
0.918995
0.918928
0.918855
0.918776
0.918689
0.918593
0.930081
0.930168
0.930246
0.930318
0.930385
0.930446
0.930501
0.930551
0.930595
0.930635
0.930671
0.930703
0.930731
0.930756
0.930779
0.930798
0.930816
0.930831
0.930845
0.930856
0.930867
0.930875
0.930883
0.930889
0.930894
0.930898
0.930901
0.930904
0.930905
0.930906
0.930906
0.930905
0.930904
0.930901
0.930898
0.930894
0.930889
0.930883
0.930875
0.930867
0.930856
0.930845
0.930831
0.930816
0.930798
0.930779
0.930756
0.930731
0.930703
0.930671
0.930635
0.930595
0.930551
0.930501
0.930446
0.930385
0.930318
0.930246
0.930168
0.930081
0.941615
0.941691
0.941759
0.941823
0.941883
0.941937
0.941987
0.942031
0.942071
0.942106
0.942138
0.942166
0.942191
0.942214
0.942234
0.942251
0.942267
0.942281
0.942293
0.942303
0.942312
0.94232
0.942327
0.942332
0.942337
0.942341
0.942344
0.942346
0.942347
0.942348
0.942348
0.942347
0.942346
0.942344
0.942341
0.942337
0.942332
0.942327
0.94232
0.942312
0.942303
0.942293
0.942281
0.942267
0.942251
0.942234
0.942214
0.942191
0.942166
0.942138
0.942106
0.942071
0.942031
0.941987
0.941937
0.941883
0.941823
0.941759
0.941691
0.941615
0.953216
0.953276
0.953331
0.953386
0.95344
0.953489
0.953532
0.953571
0.953605
0.953636
0.953663
0.953687
0.953709
0.953728
0.953746
0.953761
0.953775
0.953787
0.953797
0.953806
0.953814
0.953821
0.953827
0.953832
0.953836
0.953839
0.953842
0.953844
0.953845
0.953846
0.953846
0.953845
0.953844
0.953842
0.953839
0.953836
0.953832
0.953827
0.953821
0.953814
0.953806
0.953797
0.953787
0.953775
0.953761
0.953746
0.953728
0.953709
0.953687
0.953663
0.953636
0.953605
0.953571
0.953532
0.953489
0.95344
0.953386
0.953331
0.953276
0.953216
0.964911
0.964945
0.964983
0.965031
0.965079
0.965122
0.965159
0.965192
0.96522
0.965245
0.965268
0.965288
0.965306
0.965322
0.965336
0.965349
0.965361
0.965371
0.96538
0.965387
0.965394
0.9654
0.965405
0.965409
0.965413
0.965416
0.965418
0.96542
0.965421
0.965421
0.965421
0.965421
0.96542
0.965418
0.965416
0.965413
0.965409
0.965405
0.9654
0.965394
0.965387
0.96538
0.965371
0.965361
0.965349
0.965336
0.965322
0.965306
0.965288
0.965268
0.965245
0.96522
0.965192
0.965159
0.965122
0.965079
0.965031
0.964983
0.964945
0.964911
0.976748
0.976726
0.976744
0.976789
0.976835
0.976873
0.976903
0.976929
0.97695
0.97697
0.976987
0.977002
0.977017
0.977029
0.977041
0.977051
0.97706
0.977068
0.977076
0.977082
0.977087
0.977092
0.977096
0.9771
0.977103
0.977105
0.977107
0.977108
0.977109
0.977109
0.977109
0.977109
0.977108
0.977107
0.977105
0.977103
0.9771
0.977096
0.977092
0.977087
0.977082
0.977076
0.977068
0.97706
0.977051
0.977041
0.977029
0.977017
0.977002
0.976987
0.97697
0.97695
0.976929
0.976903
0.976873
0.976835
0.976789
0.976744
0.976726
0.976748
0.988901
0.988728
0.98873
0.98879
0.988839
0.988871
0.988893
0.98891
0.988924
0.988937
0.988949
0.98896
0.98897
0.988979
0.988988
0.988995
0.989002
0.989008
0.989014
0.989018
0.989022
0.989026
0.989029
0.989032
0.989034
0.989036
0.989037
0.989038
0.989039
0.989039
0.989039
0.989039
0.989038
0.989037
0.989036
0.989034
0.989032
0.989029
0.989026
0.989022
0.989018
0.989014
0.989008
0.989002
0.988995
0.988988
0.988979
0.98897
0.98896
0.988949
0.988937
0.988924
0.98891
0.988893
0.988871
0.988839
0.98879
0.98873
0.988728
0.988901
1.00215
1.00145
1.0015
1.00162
1.00168
1.0017
1.00172
1.00172
1.00173
1.00174
1.00174
1.00175
1.00175
1.00176
1.00177
1.00177
1.00178
1.00178
1.00178
1.00179
1.00179
1.00179
1.00179
1.0018
1.0018
1.0018
1.0018
1.0018
1.0018
1.0018
1.0018
1.0018
1.0018
1.0018
1.0018
1.0018
1.0018
1.00179
1.00179
1.00179
1.00179
1.00178
1.00178
1.00178
1.00177
1.00177
1.00176
1.00175
1.00175
1.00174
1.00174
1.00173
1.00172
1.00172
1.0017
1.00168
1.00162
1.0015
1.00145
1.00215
1.01765
1.01462
1.01518
1.01555
1.01563
1.01563
1.01564
1.01564
1.01564
1.01564
1.01564
1.01565
1.01565
1.01565
1.01565
1.01566
1.01566
1.01566
1.01566
1.01567
1.01567
1.01567
1.01567
1.01567
1.01567
1.01567
1.01567
1.01567
1.01567
1.01567
1.01567
1.01567
1.01567
1.01567
1.01567
1.01567
1.01567
1.01567
1.01567
1.01567
1.01567
1.01566
1.01566
1.01566
1.01566
1.01565
1.01565
1.01565
1.01565
1.01564
1.01564
1.01564
1.01564
1.01564
1.01563
1.01563
1.01555
1.01518
1.01462
1.01765
1.00715
1.00124
1.00352
1.00414
1.00416
1.00415
1.00415
1.00415
1.00415
1.00415
1.00415
1.00415
1.00415
1.00415
1.00416
1.00416
1.00416
1.00416
1.00416
1.00416
1.00416
1.00416
1.00416
1.00416
1.00416
1.00416
1.00416
1.00416
1.00416
1.00416
1.00416
1.00416
1.00416
1.00416
1.00416
1.00416
1.00416
1.00416
1.00416
1.00416
1.00416
1.00416
1.00416
1.00416
1.00416
1.00416
1.00415
1.00415
1.00415
1.00415
1.00415
1.00415
1.00415
1.00415
1.00415
1.00416
1.00414
1.00352
1.00124
1.00715
)
;

boundaryField
{
    top
    {
        type            fixedValue;
        value           uniform 1;
    }
    bottom
    {
        type            fixedIonicFlux;
        value           nonuniform List<scalar> 
60
(
9.81363e-16
9.71753e-16
9.73615e-16
9.7547e-16
9.7695e-16
9.78083e-16
9.78918e-16
9.79508e-16
9.79903e-16
9.80145e-16
9.80271e-16
9.80309e-16
9.80284e-16
9.80215e-16
9.80115e-16
9.79996e-16
9.79867e-16
9.79733e-16
9.79601e-16
9.79472e-16
9.79351e-16
9.79238e-16
9.79136e-16
9.79046e-16
9.78968e-16
9.78902e-16
9.78849e-16
9.78809e-16
9.78783e-16
9.78769e-16
9.78769e-16
9.78783e-16
9.78809e-16
9.78849e-16
9.78902e-16
9.78968e-16
9.79046e-16
9.79136e-16
9.79238e-16
9.79351e-16
9.79472e-16
9.79601e-16
9.79733e-16
9.79867e-16
9.79996e-16
9.80115e-16
9.80215e-16
9.80284e-16
9.80309e-16
9.80271e-16
9.80145e-16
9.79903e-16
9.79508e-16
9.78918e-16
9.78083e-16
9.7695e-16
9.7547e-16
9.73615e-16
9.71753e-16
9.81363e-16
)
;
    }
    wall
    {
        type            zeroGradient;
    }
    frontAndBack
    {
        type            empty;
    }
}


// ************************************************************************* //
