/*--------------------------------*- C++ -*----------------------------------*\
| =========                 |                                                 |
| \\      /  F ield         | foam-extend: Open Source CFD                    |
|  \\    /   O peration     | Version:     4.0                                |
|   \\  /    A nd           | Web:         http://www.foam-extend.org         |
|    \\/     M anipulation  |                                                 |
\*---------------------------------------------------------------------------*/
FoamFile
{
    version     2.0;
    format      ascii;
    class       volScalarField;
    location    "16";
    object      dC2;
}
// * * * * * * * * * * * * * * * * * * * * * * * * * * * * * * * * * * * * * //

dimensions      [0 -1 0 0 0 0 0];

internalField   nonuniform List<scalar> 
6960
(
5.01876e-14
5.01876e-14
5.01876e-14
5.01876e-14
5.01876e-14
5.01876e-14
5.01876e-14
5.01876e-14
5.01876e-14
5.01876e-14
5.01876e-14
5.01876e-14
5.01876e-14
5.01876e-14
5.01876e-14
5.01876e-14
5.01876e-14
5.01876e-14
5.01876e-14
5.01876e-14
5.01876e-14
5.01876e-14
5.01876e-14
5.01876e-14
5.01876e-14
5.01876e-14
5.01876e-14
5.01876e-14
5.01876e-14
5.01876e-14
5.01876e-14
5.01876e-14
5.01876e-14
5.01876e-14
5.01876e-14
5.01876e-14
5.01876e-14
5.01876e-14
5.01876e-14
5.01876e-14
5.01876e-14
5.01876e-14
5.01876e-14
5.01876e-14
5.01876e-14
5.01876e-14
5.01876e-14
5.01876e-14
5.01876e-14
5.01876e-14
5.01876e-14
5.01876e-14
5.01876e-14
5.01876e-14
5.01876e-14
5.01876e-14
5.01876e-14
5.01876e-14
5.01876e-14
5.01876e-14
1.35105e-13
1.35105e-13
1.35105e-13
1.35105e-13
1.35105e-13
1.35105e-13
1.35105e-13
1.35105e-13
1.35105e-13
1.35105e-13
1.35105e-13
1.35105e-13
1.35105e-13
1.35105e-13
1.35105e-13
1.35105e-13
1.35105e-13
1.35105e-13
1.35105e-13
1.35105e-13
1.35105e-13
1.35105e-13
1.35105e-13
1.35105e-13
1.35105e-13
1.35105e-13
1.35105e-13
1.35105e-13
1.35105e-13
1.35105e-13
1.35105e-13
1.35105e-13
1.35105e-13
1.35105e-13
1.35105e-13
1.35105e-13
1.35105e-13
1.35105e-13
1.35105e-13
1.35105e-13
1.35105e-13
1.35105e-13
1.35105e-13
1.35105e-13
1.35105e-13
1.35105e-13
1.35105e-13
1.35105e-13
1.35105e-13
1.35105e-13
1.35105e-13
1.35105e-13
1.35105e-13
1.35105e-13
1.35105e-13
1.35105e-13
1.35105e-13
1.35105e-13
1.35105e-13
1.35105e-13
2.81933e-13
2.81933e-13
2.81933e-13
2.81933e-13
2.81933e-13
2.81933e-13
2.81933e-13
2.81933e-13
2.81933e-13
2.81933e-13
2.81933e-13
2.81933e-13
2.81933e-13
2.81933e-13
2.81933e-13
2.81933e-13
2.81933e-13
2.81933e-13
2.81933e-13
2.81933e-13
2.81933e-13
2.81933e-13
2.81933e-13
2.81933e-13
2.81933e-13
2.81933e-13
2.81933e-13
2.81933e-13
2.81933e-13
2.81933e-13
2.81933e-13
2.81933e-13
2.81933e-13
2.81933e-13
2.81933e-13
2.81933e-13
2.81933e-13
2.81933e-13
2.81933e-13
2.81933e-13
2.81933e-13
2.81933e-13
2.81933e-13
2.81933e-13
2.81933e-13
2.81933e-13
2.81933e-13
2.81933e-13
2.81933e-13
2.81933e-13
2.81933e-13
2.81933e-13
2.81933e-13
2.81933e-13
2.81933e-13
2.81933e-13
2.81933e-13
2.81933e-13
2.81933e-13
2.81933e-13
5.00282e-13
5.00282e-13
5.00282e-13
5.00283e-13
5.00282e-13
5.00282e-13
5.00282e-13
5.00282e-13
5.00282e-13
5.00283e-13
5.00283e-13
5.00282e-13
5.00282e-13
5.00282e-13
5.00282e-13
5.00282e-13
5.00282e-13
5.00282e-13
5.00282e-13
5.00282e-13
5.00282e-13
5.00282e-13
5.00283e-13
5.00282e-13
5.00282e-13
5.00282e-13
5.00282e-13
5.00282e-13
5.00282e-13
5.00282e-13
5.00282e-13
5.00283e-13
5.00282e-13
5.00282e-13
5.00282e-13
5.00282e-13
5.00282e-13
5.00282e-13
5.00282e-13
5.00282e-13
5.00282e-13
5.00283e-13
5.00282e-13
5.00282e-13
5.00282e-13
5.00283e-13
5.00282e-13
5.00282e-13
5.00282e-13
5.00282e-13
5.00282e-13
5.00283e-13
5.00282e-13
5.00282e-13
5.00282e-13
5.00282e-13
5.00282e-13
5.00282e-13
5.00282e-13
5.00282e-13
8.044e-13
8.044e-13
8.044e-13
8.044e-13
8.044e-13
8.044e-13
8.044e-13
8.044e-13
8.044e-13
8.044e-13
8.04399e-13
8.044e-13
8.044e-13
8.044e-13
8.044e-13
8.044e-13
8.044e-13
8.044e-13
8.044e-13
8.044e-13
8.044e-13
8.044e-13
8.04399e-13
8.044e-13
8.044e-13
8.04399e-13
8.044e-13
8.044e-13
8.044e-13
8.044e-13
8.044e-13
8.044e-13
8.044e-13
8.04399e-13
8.044e-13
8.044e-13
8.044e-13
8.044e-13
8.044e-13
8.044e-13
8.044e-13
8.044e-13
8.044e-13
8.044e-13
8.044e-13
8.044e-13
8.044e-13
8.044e-13
8.044e-13
8.044e-13
8.044e-13
8.044e-13
8.044e-13
8.044e-13
8.044e-13
8.044e-13
8.044e-13
8.044e-13
8.044e-13
8.044e-13
1.19753e-12
1.19753e-12
1.19753e-12
1.19753e-12
1.19753e-12
1.19753e-12
1.19753e-12
1.19753e-12
1.19753e-12
1.19753e-12
1.19753e-12
1.19753e-12
1.19753e-12
1.19753e-12
1.19753e-12
1.19753e-12
1.19753e-12
1.19753e-12
1.19753e-12
1.19753e-12
1.19753e-12
1.19753e-12
1.19753e-12
1.19753e-12
1.19753e-12
1.19753e-12
1.19753e-12
1.19753e-12
1.19753e-12
1.19753e-12
1.19753e-12
1.19753e-12
1.19753e-12
1.19753e-12
1.19753e-12
1.19753e-12
1.19753e-12
1.19753e-12
1.19753e-12
1.19753e-12
1.19753e-12
1.19753e-12
1.19753e-12
1.19753e-12
1.19753e-12
1.19753e-12
1.19753e-12
1.19753e-12
1.19753e-12
1.19753e-12
1.19753e-12
1.19753e-12
1.19753e-12
1.19753e-12
1.19753e-12
1.19753e-12
1.19753e-12
1.19753e-12
1.19753e-12
1.19753e-12
1.60331e-12
1.60331e-12
1.60331e-12
1.60331e-12
1.60331e-12
1.60331e-12
1.60331e-12
1.60331e-12
1.60331e-12
1.60331e-12
1.60331e-12
1.60331e-12
1.60331e-12
1.60331e-12
1.60331e-12
1.60331e-12
1.60331e-12
1.60331e-12
1.60331e-12
1.60331e-12
1.60331e-12
1.60331e-12
1.60331e-12
1.60331e-12
1.60331e-12
1.60331e-12
1.60331e-12
1.60331e-12
1.60331e-12
1.60331e-12
1.60331e-12
1.60331e-12
1.60331e-12
1.60331e-12
1.60331e-12
1.60331e-12
1.60331e-12
1.60331e-12
1.60331e-12
1.60331e-12
1.60331e-12
1.60331e-12
1.60331e-12
1.60331e-12
1.60331e-12
1.60331e-12
1.60331e-12
1.60331e-12
1.60331e-12
1.60331e-12
1.60331e-12
1.60331e-12
1.60331e-12
1.60331e-12
1.60331e-12
1.60331e-12
1.60331e-12
1.60331e-12
1.60331e-12
1.60331e-12
1.70088e-12
1.70087e-12
1.70087e-12
1.70087e-12
1.70088e-12
1.70087e-12
1.70088e-12
1.70087e-12
1.70087e-12
1.70087e-12
1.70087e-12
1.70087e-12
1.70088e-12
1.70087e-12
1.70088e-12
1.70087e-12
1.70087e-12
1.70088e-12
1.70087e-12
1.70087e-12
1.70087e-12
1.70087e-12
1.70087e-12
1.70087e-12
1.70087e-12
1.70087e-12
1.70087e-12
1.70087e-12
1.70087e-12
1.70087e-12
1.70087e-12
1.70087e-12
1.70088e-12
1.70087e-12
1.70087e-12
1.70087e-12
1.70087e-12
1.70087e-12
1.70087e-12
1.70088e-12
1.70087e-12
1.70087e-12
1.70087e-12
1.70087e-12
1.70087e-12
1.70087e-12
1.70087e-12
1.70087e-12
1.70087e-12
1.70087e-12
1.70088e-12
1.70087e-12
1.70088e-12
1.70087e-12
1.70087e-12
1.70087e-12
1.70087e-12
1.70087e-12
1.70087e-12
1.70087e-12
8.13342e-13
8.13345e-13
8.13345e-13
8.13344e-13
8.13344e-13
8.13346e-13
8.13343e-13
8.13346e-13
8.13344e-13
8.13347e-13
8.13349e-13
8.13345e-13
8.13347e-13
8.13346e-13
8.13345e-13
8.13345e-13
8.13347e-13
8.13342e-13
8.13344e-13
8.13346e-13
8.13348e-13
8.13345e-13
8.13347e-13
8.13346e-13
8.13347e-13
8.13345e-13
8.13345e-13
8.13345e-13
8.13347e-13
8.13344e-13
8.13346e-13
8.13346e-13
8.13342e-13
8.13346e-13
8.13342e-13
8.13346e-13
8.13347e-13
8.13346e-13
8.13346e-13
8.13344e-13
8.13343e-13
8.13344e-13
8.13346e-13
8.13343e-13
8.13345e-13
8.13346e-13
8.13344e-13
8.13348e-13
8.13344e-13
8.13343e-13
8.13345e-13
8.13347e-13
8.13346e-13
8.13345e-13
8.13345e-13
8.13345e-13
8.13345e-13
8.13348e-13
8.13346e-13
8.13342e-13
-1.61353e-12
-1.61353e-12
-1.61353e-12
-1.61353e-12
-1.61353e-12
-1.61353e-12
-1.61352e-12
-1.61353e-12
-1.61353e-12
-1.61353e-12
-1.61353e-12
-1.61353e-12
-1.61353e-12
-1.61353e-12
-1.61353e-12
-1.61353e-12
-1.61353e-12
-1.61352e-12
-1.61353e-12
-1.61353e-12
-1.61353e-12
-1.61353e-12
-1.61354e-12
-1.61353e-12
-1.61353e-12
-1.61353e-12
-1.61353e-12
-1.61353e-12
-1.61353e-12
-1.61353e-12
-1.61353e-12
-1.61353e-12
-1.61353e-12
-1.61352e-12
-1.61353e-12
-1.61353e-12
-1.61353e-12
-1.61353e-12
-1.61353e-12
-1.61353e-12
-1.61352e-12
-1.61353e-12
-1.61353e-12
-1.61352e-12
-1.61353e-12
-1.61353e-12
-1.61353e-12
-1.61353e-12
-1.61352e-12
-1.61352e-12
-1.61353e-12
-1.61353e-12
-1.61353e-12
-1.61353e-12
-1.61353e-12
-1.61353e-12
-1.61353e-12
-1.61353e-12
-1.61353e-12
-1.61353e-12
-4.60554e-12
-4.60553e-12
-4.60553e-12
-4.60554e-12
-4.60553e-12
-4.60553e-12
-4.60554e-12
-4.60554e-12
-4.60554e-12
-4.60554e-12
-4.60553e-12
-4.60553e-12
-4.60553e-12
-4.60553e-12
-4.60554e-12
-4.60553e-12
-4.60553e-12
-4.60554e-12
-4.60554e-12
-4.60554e-12
-4.60553e-12
-4.60554e-12
-4.60552e-12
-4.60553e-12
-4.60553e-12
-4.60554e-12
-4.60554e-12
-4.60554e-12
-4.60554e-12
-4.60554e-12
-4.60554e-12
-4.60553e-12
-4.60554e-12
-4.60554e-12
-4.60553e-12
-4.60554e-12
-4.60554e-12
-4.60554e-12
-4.60554e-12
-4.60553e-12
-4.60554e-12
-4.60554e-12
-4.60553e-12
-4.60554e-12
-4.60554e-12
-4.60553e-12
-4.60553e-12
-4.60553e-12
-4.60553e-12
-4.60554e-12
-4.60553e-12
-4.60553e-12
-4.60553e-12
-4.60553e-12
-4.60554e-12
-4.60554e-12
-4.60554e-12
-4.60554e-12
-4.60554e-12
-4.60554e-12
-4.96169e-12
-4.96171e-12
-4.9617e-12
-4.9617e-12
-4.96171e-12
-4.96171e-12
-4.96171e-12
-4.96171e-12
-4.96169e-12
-4.96171e-12
-4.96171e-12
-4.96171e-12
-4.96171e-12
-4.96171e-12
-4.9617e-12
-4.96171e-12
-4.96171e-12
-4.9617e-12
-4.9617e-12
-4.9617e-12
-4.96171e-12
-4.9617e-12
-4.96171e-12
-4.96171e-12
-4.9617e-12
-4.96171e-12
-4.9617e-12
-4.96171e-12
-4.9617e-12
-4.9617e-12
-4.9617e-12
-4.96171e-12
-4.9617e-12
-4.96171e-12
-4.96171e-12
-4.96171e-12
-4.9617e-12
-4.9617e-12
-4.9617e-12
-4.96171e-12
-4.9617e-12
-4.9617e-12
-4.96172e-12
-4.96171e-12
-4.9617e-12
-4.96171e-12
-4.96171e-12
-4.96171e-12
-4.96171e-12
-4.96172e-12
-4.9617e-12
-4.9617e-12
-4.9617e-12
-4.96171e-12
-4.9617e-12
-4.9617e-12
-4.96169e-12
-4.96169e-12
-4.96171e-12
-4.96169e-12
-3.54193e-13
-3.54178e-13
-3.54203e-13
-3.54214e-13
-3.54208e-13
-3.54209e-13
-3.54203e-13
-3.54189e-13
-3.54214e-13
-3.54205e-13
-3.54216e-13
-3.54195e-13
-3.54201e-13
-3.54187e-13
-3.54206e-13
-3.54199e-13
-3.54199e-13
-3.54195e-13
-3.54193e-13
-3.54215e-13
-3.54199e-13
-3.54226e-13
-3.54198e-13
-3.54211e-13
-3.54219e-13
-3.54221e-13
-3.54205e-13
-3.54196e-13
-3.542e-13
-3.54211e-13
-3.54213e-13
-3.54212e-13
-3.54213e-13
-3.54213e-13
-3.54189e-13
-3.54198e-13
-3.54224e-13
-3.54204e-13
-3.5422e-13
-3.54201e-13
-3.54211e-13
-3.54212e-13
-3.54182e-13
-3.54197e-13
-3.54195e-13
-3.5421e-13
-3.54201e-13
-3.5421e-13
-3.54204e-13
-3.54188e-13
-3.54236e-13
-3.54187e-13
-3.54208e-13
-3.54202e-13
-3.54209e-13
-3.54203e-13
-3.54206e-13
-3.54209e-13
-3.54191e-13
-3.54201e-13
5.90167e-12
5.90167e-12
5.90166e-12
5.90168e-12
5.90168e-12
5.90167e-12
5.90171e-12
5.90166e-12
5.90167e-12
5.9017e-12
5.90171e-12
5.90167e-12
5.90167e-12
5.90166e-12
5.90166e-12
5.90166e-12
5.90168e-12
5.90167e-12
5.90167e-12
5.9017e-12
5.90167e-12
5.90169e-12
5.90167e-12
5.9017e-12
5.9017e-12
5.90171e-12
5.90168e-12
5.90169e-12
5.90166e-12
5.90168e-12
5.9017e-12
5.90168e-12
5.9017e-12
5.9017e-12
5.90165e-12
5.90166e-12
5.90173e-12
5.9017e-12
5.9017e-12
5.90168e-12
5.90167e-12
5.90169e-12
5.90168e-12
5.90168e-12
5.90166e-12
5.90171e-12
5.90166e-12
5.90171e-12
5.90168e-12
5.90168e-12
5.90171e-12
5.90167e-12
5.90167e-12
5.90168e-12
5.90169e-12
5.90167e-12
5.90168e-12
5.90169e-12
5.90171e-12
5.90166e-12
7.22653e-12
7.22649e-12
7.22652e-12
7.22651e-12
7.22652e-12
7.22649e-12
7.22648e-12
7.22652e-12
7.22654e-12
7.22647e-12
7.22648e-12
7.2265e-12
7.22651e-12
7.22655e-12
7.22652e-12
7.22649e-12
7.22651e-12
7.2265e-12
7.22648e-12
7.22648e-12
7.22653e-12
7.22653e-12
7.22647e-12
7.22647e-12
7.22652e-12
7.22649e-12
7.22648e-12
7.22647e-12
7.2265e-12
7.22651e-12
7.22648e-12
7.22652e-12
7.22651e-12
7.22651e-12
7.22651e-12
7.2265e-12
7.22643e-12
7.22647e-12
7.22651e-12
7.2265e-12
7.22653e-12
7.22647e-12
7.22645e-12
7.22649e-12
7.22653e-12
7.22646e-12
7.22654e-12
7.22649e-12
7.22649e-12
7.22651e-12
7.2265e-12
7.22648e-12
7.22652e-12
7.22648e-12
7.2265e-12
7.2265e-12
7.2265e-12
7.22649e-12
7.22646e-12
7.22655e-12
2.62864e-12
2.62869e-12
2.62869e-12
2.62867e-12
2.62862e-12
2.62872e-12
2.62869e-12
2.62874e-12
2.62869e-12
2.62868e-12
2.62868e-12
2.62872e-12
2.6287e-12
2.62866e-12
2.62864e-12
2.62869e-12
2.62867e-12
2.62871e-12
2.6287e-12
2.62868e-12
2.62866e-12
2.62866e-12
2.62871e-12
2.6287e-12
2.62863e-12
2.62869e-12
2.62873e-12
2.62868e-12
2.62871e-12
2.62866e-12
2.62873e-12
2.62866e-12
2.62867e-12
2.62867e-12
2.62871e-12
2.6287e-12
2.62872e-12
2.62867e-12
2.62868e-12
2.62868e-12
2.62868e-12
2.62872e-12
2.62871e-12
2.62865e-12
2.62866e-12
2.6287e-12
2.62865e-12
2.62873e-12
2.62868e-12
2.62867e-12
2.62865e-12
2.62868e-12
2.62867e-12
2.62874e-12
2.62867e-12
2.62872e-12
2.62869e-12
2.62865e-12
2.62871e-12
2.62862e-12
-2.25276e-12
-2.25273e-12
-2.25285e-12
-2.25271e-12
-2.25272e-12
-2.25282e-12
-2.25282e-12
-2.25281e-12
-2.25279e-12
-2.25277e-12
-2.25275e-12
-2.2528e-12
-2.25273e-12
-2.25274e-12
-2.25273e-12
-2.25274e-12
-2.25271e-12
-2.25279e-12
-2.25271e-12
-2.25273e-12
-2.25275e-12
-2.25278e-12
-2.25276e-12
-2.25276e-12
-2.25271e-12
-2.25274e-12
-2.25286e-12
-2.25276e-12
-2.25277e-12
-2.25275e-12
-2.25285e-12
-2.25268e-12
-2.25275e-12
-2.25279e-12
-2.25277e-12
-2.25276e-12
-2.25274e-12
-2.25273e-12
-2.25284e-12
-2.25272e-12
-2.25276e-12
-2.25279e-12
-2.25276e-12
-2.25276e-12
-2.25274e-12
-2.25278e-12
-2.25279e-12
-2.25279e-12
-2.25277e-12
-2.25282e-12
-2.25273e-12
-2.25265e-12
-2.25269e-12
-2.2528e-12
-2.25277e-12
-2.25275e-12
-2.25276e-12
-2.2527e-12
-2.2528e-12
-2.25273e-12
-3.46086e-12
-3.461e-12
-3.4609e-12
-3.46097e-12
-3.46098e-12
-3.4609e-12
-3.46081e-12
-3.46088e-12
-3.46092e-12
-3.46099e-12
-3.46098e-12
-3.46096e-12
-3.46102e-12
-3.46091e-12
-3.46102e-12
-3.46107e-12
-3.461e-12
-3.46096e-12
-3.46099e-12
-3.46098e-12
-3.4609e-12
-3.46092e-12
-3.46099e-12
-3.46096e-12
-3.46103e-12
-3.46101e-12
-3.46084e-12
-3.46099e-12
-3.46091e-12
-3.46092e-12
-3.46083e-12
-3.46106e-12
-3.46098e-12
-3.46091e-12
-3.46086e-12
-3.46091e-12
-3.46093e-12
-3.461e-12
-3.46082e-12
-3.46107e-12
-3.46088e-12
-3.46091e-12
-3.46089e-12
-3.46089e-12
-3.46094e-12
-3.46093e-12
-3.46089e-12
-3.46089e-12
-3.46095e-12
-3.46082e-12
-3.46099e-12
-3.46112e-12
-3.461e-12
-3.46095e-12
-3.46095e-12
-3.461e-12
-3.46102e-12
-3.4609e-12
-3.46089e-12
-3.46097e-12
-2.22814e-12
-2.22804e-12
-2.22805e-12
-2.22809e-12
-2.2281e-12
-2.22804e-12
-2.2282e-12
-2.22807e-12
-2.22816e-12
-2.22805e-12
-2.22804e-12
-2.22815e-12
-2.22808e-12
-2.22812e-12
-2.22782e-12
-2.22794e-12
-2.22807e-12
-2.2281e-12
-2.22808e-12
-2.22805e-12
-2.22812e-12
-2.22818e-12
-2.22792e-12
-2.22803e-12
-2.22795e-12
-2.22791e-12
-2.22808e-12
-2.22812e-12
-2.22816e-12
-2.2281e-12
-2.2281e-12
-2.2281e-12
-2.22805e-12
-2.22818e-12
-2.22824e-12
-2.22816e-12
-2.22819e-12
-2.22801e-12
-2.22817e-12
-2.22793e-12
-2.22809e-12
-2.22815e-12
-2.22813e-12
-2.22814e-12
-2.22806e-12
-2.22807e-12
-2.2282e-12
-2.22813e-12
-2.22796e-12
-2.22816e-12
-2.22811e-12
-2.22801e-12
-2.22799e-12
-2.22808e-12
-2.22804e-12
-2.22804e-12
-2.22813e-12
-2.22813e-12
-2.22819e-12
-2.2281e-12
-1.00884e-12
-1.00885e-12
-1.00894e-12
-1.00887e-12
-1.00889e-12
-1.00892e-12
-1.00887e-12
-1.00897e-12
-1.00876e-12
-1.00874e-12
-1.00896e-12
-1.00882e-12
-1.00884e-12
-1.00878e-12
-1.00907e-12
-1.00901e-12
-1.00875e-12
-1.00883e-12
-1.00891e-12
-1.00907e-12
-1.00893e-12
-1.00891e-12
-1.00911e-12
-1.00894e-12
-1.00897e-12
-1.00902e-12
-1.00894e-12
-1.00881e-12
-1.00883e-12
-1.0089e-12
-1.00894e-12
-1.00885e-12
-1.00886e-12
-1.00876e-12
-1.00878e-12
-1.00882e-12
-1.00875e-12
-1.0089e-12
-1.00883e-12
-1.00891e-12
-1.00892e-12
-1.00877e-12
-1.0088e-12
-1.00893e-12
-1.00898e-12
-1.00886e-12
-1.00884e-12
-1.00878e-12
-1.00897e-12
-1.00885e-12
-1.00874e-12
-1.00881e-12
-1.00898e-12
-1.00891e-12
-1.00891e-12
-1.00893e-12
-1.00877e-12
-1.00895e-12
-1.00874e-12
-1.00896e-12
-5.58695e-13
-5.58772e-13
-5.58532e-13
-5.58626e-13
-5.58517e-13
-5.58676e-13
-5.58602e-13
-5.58664e-13
-5.58699e-13
-5.58723e-13
-5.58666e-13
-5.5864e-13
-5.58553e-13
-5.58753e-13
-5.58599e-13
-5.58572e-13
-5.58876e-13
-5.58558e-13
-5.58621e-13
-5.58441e-13
-5.58426e-13
-5.58489e-13
-5.5837e-13
-5.58603e-13
-5.58669e-13
-5.58701e-13
-5.58621e-13
-5.58737e-13
-5.58624e-13
-5.58636e-13
-5.58744e-13
-5.5868e-13
-5.58638e-13
-5.58623e-13
-5.58651e-13
-5.58589e-13
-5.58755e-13
-5.58749e-13
-5.58518e-13
-5.58632e-13
-5.58483e-13
-5.58711e-13
-5.58653e-13
-5.58455e-13
-5.58648e-13
-5.58724e-13
-5.58702e-13
-5.58702e-13
-5.58649e-13
-5.58643e-13
-5.58667e-13
-5.58687e-13
-5.58555e-13
-5.58575e-13
-5.58594e-13
-5.58591e-13
-5.58767e-13
-5.58454e-13
-5.58824e-13
-5.58575e-13
-5.05926e-13
-5.05876e-13
-5.06117e-13
-5.05973e-13
-5.0585e-13
-5.06008e-13
-5.06001e-13
-5.05831e-13
-5.05945e-13
-5.05964e-13
-5.06038e-13
-5.06003e-13
-5.06079e-13
-5.05834e-13
-5.05748e-13
-5.0601e-13
-5.05802e-13
-5.05924e-13
-5.05903e-13
-5.06016e-13
-5.06323e-13
-5.05847e-13
-5.05994e-13
-5.05966e-13
-5.06092e-13
-5.05812e-13
-5.05933e-13
-5.05891e-13
-5.05821e-13
-5.05888e-13
-5.05922e-13
-5.05956e-13
-5.06024e-13
-5.06047e-13
-5.05925e-13
-5.06143e-13
-5.05789e-13
-5.05775e-13
-5.061e-13
-5.05954e-13
-5.0613e-13
-5.05823e-13
-5.05845e-13
-5.05938e-13
-5.05814e-13
-5.05998e-13
-5.05813e-13
-5.05883e-13
-5.0585e-13
-5.05987e-13
-5.0595e-13
-5.05908e-13
-5.0588e-13
-5.05795e-13
-5.05863e-13
-5.05901e-13
-5.05825e-13
-5.05945e-13
-5.05839e-13
-5.05776e-13
-4.79048e-13
-4.79094e-13
-4.79181e-13
-4.791e-13
-4.7927e-13
-4.79185e-13
-4.78992e-13
-4.79207e-13
-4.79119e-13
-4.79149e-13
-4.78879e-13
-4.7892e-13
-4.79127e-13
-4.79003e-13
-4.79217e-13
-4.79045e-13
-4.79168e-13
-4.79102e-13
-4.79052e-13
-4.79128e-13
-4.78737e-13
-4.79411e-13
-4.79268e-13
-4.79233e-13
-4.78809e-13
-4.79192e-13
-4.79221e-13
-4.79137e-13
-4.79389e-13
-4.79149e-13
-4.78979e-13
-4.79054e-13
-4.79009e-13
-4.79049e-13
-4.79104e-13
-4.78943e-13
-4.79214e-13
-4.79153e-13
-4.79185e-13
-4.79074e-13
-4.79025e-13
-4.79214e-13
-4.79236e-13
-4.79213e-13
-4.79215e-13
-4.79174e-13
-4.79263e-13
-4.79166e-13
-4.79356e-13
-4.79028e-13
-4.79114e-13
-4.79251e-13
-4.79161e-13
-4.79284e-13
-4.79399e-13
-4.7903e-13
-4.79254e-13
-4.79327e-13
-4.79276e-13
-4.79262e-13
-3.8538e-13
-3.85541e-13
-3.85147e-13
-3.85521e-13
-3.85466e-13
-3.85316e-13
-3.85561e-13
-3.85319e-13
-3.85444e-13
-3.85555e-13
-3.85578e-13
-3.85455e-13
-3.85218e-13
-3.85413e-13
-3.85407e-13
-3.85279e-13
-3.85371e-13
-3.8537e-13
-3.85476e-13
-3.85343e-13
-3.85515e-13
-3.85234e-13
-3.85431e-13
-3.85194e-13
-3.85606e-13
-3.85317e-13
-3.85227e-13
-3.8541e-13
-3.85102e-13
-3.85529e-13
-3.85444e-13
-3.8548e-13
-3.85345e-13
-3.85466e-13
-3.85491e-13
-3.85401e-13
-3.85401e-13
-3.85437e-13
-3.85378e-13
-3.85261e-13
-3.85519e-13
-3.85423e-13
-3.85459e-13
-3.85214e-13
-3.85414e-13
-3.85096e-13
-3.85337e-13
-3.85273e-13
-3.85316e-13
-3.85504e-13
-3.85355e-13
-3.85203e-13
-3.8534e-13
-3.85367e-13
-3.85153e-13
-3.85427e-13
-3.85261e-13
-3.85285e-13
-3.8511e-13
-3.85288e-13
-2.63723e-13
-2.63429e-13
-2.63643e-13
-2.63371e-13
-2.63289e-13
-2.63678e-13
-2.63602e-13
-2.63608e-13
-2.6344e-13
-2.63233e-13
-2.63427e-13
-2.63509e-13
-2.63512e-13
-2.63677e-13
-2.63317e-13
-2.63757e-13
-2.63294e-13
-2.63555e-13
-2.63539e-13
-2.63536e-13
-2.6334e-13
-2.63636e-13
-2.63288e-13
-2.63621e-13
-2.63367e-13
-2.63498e-13
-2.63537e-13
-2.63466e-13
-2.63564e-13
-2.633e-13
-2.63595e-13
-2.63505e-13
-2.63316e-13
-2.63447e-13
-2.63428e-13
-2.63549e-13
-2.6337e-13
-2.63506e-13
-2.63401e-13
-2.63692e-13
-2.63209e-13
-2.63488e-13
-2.63382e-13
-2.63505e-13
-2.63289e-13
-2.63782e-13
-2.63436e-13
-2.63411e-13
-2.63568e-13
-2.63489e-13
-2.63324e-13
-2.63484e-13
-2.63438e-13
-2.6351e-13
-2.63632e-13
-2.63593e-13
-2.63593e-13
-2.6343e-13
-2.63767e-13
-2.63638e-13
-1.57137e-13
-1.57315e-13
-1.572e-13
-1.57373e-13
-1.5752e-13
-1.57255e-13
-1.56965e-13
-1.5705e-13
-1.57379e-13
-1.57333e-13
-1.57581e-13
-1.57461e-13
-1.5751e-13
-1.56974e-13
-1.57343e-13
-1.5701e-13
-1.57551e-13
-1.57225e-13
-1.57179e-13
-1.57255e-13
-1.57262e-13
-1.57212e-13
-1.57352e-13
-1.57265e-13
-1.5745e-13
-1.57335e-13
-1.57564e-13
-1.57327e-13
-1.57306e-13
-1.5712e-13
-1.5721e-13
-1.57005e-13
-1.57516e-13
-1.57262e-13
-1.57282e-13
-1.57245e-13
-1.57366e-13
-1.57339e-13
-1.57236e-13
-1.57331e-13
-1.5737e-13
-1.57362e-13
-1.5725e-13
-1.57503e-13
-1.57435e-13
-1.57111e-13
-1.57283e-13
-1.57476e-13
-1.572e-13
-1.57445e-13
-1.57415e-13
-1.57303e-13
-1.57198e-13
-1.57013e-13
-1.57257e-13
-1.5745e-13
-1.57207e-13
-1.57413e-13
-1.57009e-13
-1.57337e-13
-8.28676e-14
-8.29209e-14
-8.27212e-14
-8.29044e-14
-8.27274e-14
-8.26997e-14
-8.30858e-14
-8.31155e-14
-8.25693e-14
-8.30698e-14
-8.27275e-14
-8.26291e-14
-8.2864e-14
-8.3339e-14
-8.30504e-14
-8.31971e-14
-8.30226e-14
-8.28075e-14
-8.30682e-14
-8.26999e-14
-8.31115e-14
-8.3055e-14
-8.29347e-14
-8.28617e-14
-8.27642e-14
-8.29924e-14
-8.24683e-14
-8.26423e-14
-8.27413e-14
-8.31312e-14
-8.30587e-14
-8.30572e-14
-8.26304e-14
-8.27694e-14
-8.29136e-14
-8.26835e-14
-8.28457e-14
-8.26563e-14
-8.30439e-14
-8.27455e-14
-8.30069e-14
-8.2926e-14
-8.30319e-14
-8.2561e-14
-8.26955e-14
-8.30813e-14
-8.30598e-14
-8.26896e-14
-8.29621e-14
-8.27816e-14
-8.28533e-14
-8.31458e-14
-8.30163e-14
-8.31378e-14
-8.301e-14
-8.28113e-14
-8.28469e-14
-8.27137e-14
-8.29248e-14
-8.26986e-14
-3.76875e-14
-3.76048e-14
-3.76944e-14
-3.75617e-14
-3.75671e-14
-3.77417e-14
-3.76683e-14
-3.73773e-14
-3.78128e-14
-3.75085e-14
-3.74733e-14
-3.77214e-14
-3.76171e-14
-3.74513e-14
-3.7345e-14
-3.7459e-14
-3.74438e-14
-3.75597e-14
-3.73185e-14
-3.78221e-14
-3.73347e-14
-3.74314e-14
-3.75417e-14
-3.75112e-14
-3.75839e-14
-3.754e-14
-3.79278e-14
-3.76591e-14
-3.76417e-14
-3.75326e-14
-3.73634e-14
-3.76057e-14
-3.74746e-14
-3.7552e-14
-3.75293e-14
-3.75001e-14
-3.74513e-14
-3.79421e-14
-3.73759e-14
-3.77348e-14
-3.76545e-14
-3.76005e-14
-3.75239e-14
-3.7889e-14
-3.77581e-14
-3.73847e-14
-3.74892e-14
-3.78157e-14
-3.7522e-14
-3.78303e-14
-3.74344e-14
-3.73416e-14
-3.76277e-14
-3.7667e-14
-3.72713e-14
-3.74638e-14
-3.77189e-14
-3.78873e-14
-3.78526e-14
-3.76822e-14
-1.23458e-14
-1.24746e-14
-1.28253e-14
-1.21786e-14
-1.2752e-14
-1.2476e-14
-1.2345e-14
-1.28981e-14
-1.25121e-14
-1.25572e-14
-1.25796e-14
-1.2498e-14
-1.27687e-14
-1.23663e-14
-1.26132e-14
-1.24478e-14
-1.27645e-14
-1.28469e-14
-1.24117e-14
-1.25986e-14
-1.27686e-14
-1.27103e-14
-1.29609e-14
-1.26035e-14
-1.23152e-14
-1.27946e-14
-1.24331e-14
-1.25695e-14
-1.2742e-14
-1.2351e-14
-1.26007e-14
-1.26133e-14
-1.28449e-14
-1.26155e-14
-1.28205e-14
-1.26284e-14
-1.27966e-14
-1.24137e-14
-1.25737e-14
-1.29125e-14
-1.24264e-14
-1.262e-14
-1.25884e-14
-1.24662e-14
-1.24459e-14
-1.2641e-14
-1.26026e-14
-1.22531e-14
-1.24913e-14
-1.23786e-14
-1.29053e-14
-1.27666e-14
-1.26257e-14
-1.24509e-14
-1.28167e-14
-1.24764e-14
-1.25402e-14
-1.24072e-14
-1.23554e-14
-1.25306e-14
-9.1359e-17
-3.1767e-17
3.78539e-16
-4.38644e-16
3.71719e-16
5.96558e-17
-5.28531e-17
2.18868e-16
2.03923e-16
2.26087e-16
2.48815e-17
-5.03919e-18
3.11252e-16
7.05426e-17
8.79698e-17
-1.31846e-17
3.92085e-16
2.06262e-16
-1.59346e-16
2.13786e-16
2.90632e-16
6.35972e-16
5.04861e-16
-1.07262e-16
-1.69499e-16
6.16926e-16
-3.4489e-17
4.10348e-16
-2.32545e-17
4.47753e-19
1.53839e-16
5.31166e-16
3.50527e-16
-2.94231e-17
9.23771e-17
2.68836e-16
2.41169e-16
1.50594e-16
4.10756e-18
8.13044e-16
1.28311e-16
5.53325e-17
-1.59045e-16
-1.2619e-16
2.47191e-16
-2.16066e-16
1.34634e-16
-3.75486e-17
5.53359e-17
-5.87204e-17
2.76876e-16
4.06099e-16
3.89315e-16
1.09484e-16
1.67414e-16
-5.08595e-17
9.14973e-17
6.81603e-17
-2.24912e-16
2.63719e-16
6.05445e-15
6.31516e-15
6.25556e-15
6.42729e-15
6.20211e-15
6.32204e-15
6.1218e-15
6.09982e-15
6.15066e-15
6.0611e-15
6.27916e-15
6.27219e-15
6.00961e-15
6.21661e-15
6.32221e-15
6.37686e-15
6.21927e-15
6.50032e-15
6.01229e-15
6.05584e-15
5.97877e-15
5.61136e-15
6.1025e-15
5.99908e-15
6.41887e-15
5.6561e-15
6.17355e-15
5.8198e-15
6.43274e-15
6.11205e-15
6.00813e-15
5.68107e-15
6.12542e-15
5.9205e-15
6.27667e-15
6.34225e-15
6.32204e-15
5.96189e-15
6.07635e-15
5.49252e-15
6.23266e-15
6.30863e-15
6.73275e-15
6.34424e-15
5.97744e-15
6.33376e-15
5.87707e-15
6.16636e-15
6.20741e-15
6.30536e-15
6.13642e-15
5.98723e-15
6.14587e-15
5.93007e-15
5.94828e-15
6.39688e-15
5.9763e-15
6.22179e-15
6.58067e-15
6.15236e-15
8.82093e-15
8.45181e-15
8.52727e-15
8.36e-15
8.54382e-15
8.40011e-15
9.17016e-15
8.77524e-15
8.40332e-15
8.54231e-15
8.55635e-15
8.50244e-15
8.52241e-15
8.50396e-15
8.35837e-15
8.24636e-15
8.51237e-15
8.29368e-15
8.88958e-15
8.61951e-15
8.52194e-15
8.92923e-15
8.51595e-15
8.94674e-15
8.29396e-15
8.74314e-15
8.65361e-15
8.86256e-15
8.36558e-15
8.82897e-15
8.92969e-15
8.69376e-15
8.51426e-15
8.94894e-15
8.69772e-15
8.75985e-15
8.24787e-15
8.73269e-15
8.90386e-15
8.95153e-15
8.55586e-15
8.58223e-15
8.2259e-15
8.62076e-15
8.77612e-15
8.82303e-15
8.95168e-15
8.58194e-15
8.65228e-15
8.82228e-15
8.53532e-15
8.85823e-15
8.62424e-15
8.99677e-15
8.86413e-15
8.50347e-15
8.79132e-15
8.61548e-15
8.11615e-15
8.64087e-15
9.16553e-15
9.50944e-15
9.26686e-15
9.54653e-15
9.30801e-15
9.49722e-15
9.0555e-15
9.26765e-15
9.61905e-15
9.63566e-15
9.51271e-15
9.68997e-15
9.27615e-15
9.53586e-15
9.43291e-15
9.70862e-15
9.32783e-15
9.50908e-15
9.38741e-15
9.44841e-15
9.32174e-15
9.47516e-15
9.37376e-15
9.41731e-15
9.5656e-15
9.45527e-15
9.27978e-15
9.36118e-15
9.55907e-15
9.21232e-15
9.14469e-15
9.79695e-15
9.40908e-15
9.43191e-15
9.27029e-15
8.97924e-15
9.88743e-15
9.64417e-15
9.21678e-15
9.19888e-15
9.59424e-15
9.42609e-15
9.43228e-15
9.31641e-15
9.531e-15
8.96525e-15
9.55717e-15
9.68776e-15
9.34607e-15
9.38276e-15
9.5556e-15
9.34704e-15
9.42411e-15
9.27795e-15
9.39713e-15
9.58027e-15
9.04661e-15
9.63535e-15
9.86899e-15
9.29363e-15
9.34507e-15
9.51109e-15
9.32405e-15
9.41239e-15
9.31729e-15
9.47646e-15
9.24124e-15
9.25833e-15
9.1802e-15
9.00995e-15
9.29675e-15
8.93572e-15
9.57433e-15
9.30295e-15
9.07947e-15
9.18491e-15
9.30991e-15
9.50045e-15
8.93965e-15
8.93323e-15
9.44223e-15
9.22929e-15
9.55002e-15
9.03597e-15
9.31041e-15
9.2867e-15
9.38817e-15
9.31328e-15
9.20815e-15
9.46997e-15
9.15014e-15
9.11637e-15
9.21811e-15
9.39438e-15
9.3374e-15
9.57931e-15
8.86012e-15
8.96802e-15
9.40986e-15
9.08931e-15
8.97212e-15
9.17831e-15
9.40597e-15
9.19434e-15
9.28208e-15
9.28933e-15
8.95643e-15
9.39447e-15
9.21213e-15
9.36936e-15
9.16486e-15
9.59062e-15
9.4297e-15
9.32814e-15
9.45405e-15
9.10397e-15
9.66326e-15
9.11382e-15
9.10969e-15
9.60297e-15
8.70557e-15
8.36221e-15
8.52208e-15
8.6094e-15
9.01708e-15
8.26439e-15
8.78702e-15
8.91751e-15
8.76536e-15
9.23856e-15
8.77683e-15
8.60396e-15
8.54287e-15
8.99736e-15
9.08804e-15
8.62083e-15
8.99071e-15
8.50581e-15
9.1617e-15
9.1845e-15
8.922e-15
8.34141e-15
8.38974e-15
8.61209e-15
9.04229e-15
8.89669e-15
8.85439e-15
8.51517e-15
8.97142e-15
8.79705e-15
8.88056e-15
8.77927e-15
8.70194e-15
8.66313e-15
8.64859e-15
8.74317e-15
8.61554e-15
9.28465e-15
8.80658e-15
8.91171e-15
9.12959e-15
9.06282e-15
8.76504e-15
8.77205e-15
9.14855e-15
8.97251e-15
9.06984e-15
8.63754e-15
9.18992e-15
8.50172e-15
8.97738e-15
8.55626e-15
8.75643e-15
8.72625e-15
8.28449e-15
8.85055e-15
8.50246e-15
9.02547e-15
8.85964e-15
8.62928e-15
8.03032e-15
8.40627e-15
8.4239e-15
8.00589e-15
7.78549e-15
8.41088e-15
8.14155e-15
7.91621e-15
8.14209e-15
8.04802e-15
8.22923e-15
8.17408e-15
7.96419e-15
7.53115e-15
7.87867e-15
8.39897e-15
8.12614e-15
8.64958e-15
8.06243e-15
7.71285e-15
7.66437e-15
8.55914e-15
8.36979e-15
8.49359e-15
7.6979e-15
7.81195e-15
8.28303e-15
8.42173e-15
8.38478e-15
7.81899e-15
7.883e-15
8.15332e-15
7.87099e-15
8.2908e-15
8.04116e-15
8.25655e-15
8.26128e-15
7.85773e-15
8.17072e-15
7.89163e-15
8.02565e-15
7.77345e-15
7.98788e-15
7.79621e-15
7.73211e-15
8.16123e-15
7.81391e-15
8.06404e-15
7.7113e-15
8.50069e-15
8.19959e-15
8.1292e-15
7.82188e-15
8.11201e-15
8.24925e-15
8.18251e-15
8.31124e-15
7.87366e-15
7.75433e-15
7.97604e-15
7.39951e-15
7.20505e-15
6.944e-15
7.52049e-15
7.65668e-15
7.39399e-15
7.26273e-15
7.24738e-15
7.25436e-15
7.37062e-15
7.28056e-15
7.17437e-15
7.35797e-15
7.72167e-15
7.51512e-15
7.23944e-15
7.55002e-15
6.84276e-15
7.3237e-15
7.98464e-15
7.40781e-15
7.36581e-15
7.25663e-15
6.91623e-15
7.94754e-15
7.50815e-15
7.14235e-15
7.27842e-15
6.94344e-15
7.48161e-15
7.37553e-15
7.39435e-15
7.62049e-15
7.08718e-15
7.54771e-15
7.12165e-15
7.49876e-15
7.55666e-15
7.56807e-15
7.38523e-15
7.29684e-15
7.44945e-15
7.55286e-15
7.73449e-15
7.47435e-15
7.08941e-15
7.33717e-15
7.23101e-15
7.62335e-15
7.07675e-15
7.08136e-15
7.44222e-15
7.59405e-15
7.4178e-15
7.23136e-15
7.14313e-15
7.70786e-15
7.23301e-15
7.64115e-15
7.41372e-15
6.32765e-15
6.88783e-15
7.07834e-15
6.6276e-15
6.32682e-15
6.36034e-15
6.41861e-15
6.97545e-15
6.76182e-15
6.94823e-15
6.72151e-15
6.54751e-15
6.8235e-15
6.34646e-15
6.33967e-15
6.58999e-15
6.67213e-15
7.1752e-15
6.69569e-15
6.13432e-15
7.25498e-15
6.48394e-15
6.71459e-15
7.22895e-15
6.33059e-15
6.86088e-15
6.84131e-15
6.64299e-15
6.90158e-15
6.64521e-15
7.12918e-15
6.53061e-15
6.52139e-15
6.81973e-15
6.53735e-15
6.98394e-15
6.46011e-15
6.48503e-15
6.4377e-15
6.42188e-15
6.91889e-15
6.78528e-15
6.483e-15
6.60995e-15
6.82207e-15
6.93961e-15
6.95471e-15
6.73126e-15
6.67705e-15
6.80895e-15
6.77687e-15
6.63437e-15
6.85298e-15
6.5478e-15
6.78061e-15
7.28198e-15
6.18906e-15
7.10628e-15
6.37938e-15
6.80302e-15
6.2074e-15
5.68536e-15
6.0894e-15
5.85582e-15
6.17241e-15
5.99244e-15
6.03663e-15
6.30076e-15
5.71809e-15
5.7376e-15
5.87083e-15
5.9717e-15
6.32875e-15
6.13012e-15
6.46605e-15
6.07341e-15
5.80966e-15
5.81635e-15
6.029e-15
6.41546e-15
5.63087e-15
5.72741e-15
6.08469e-15
5.67137e-15
6.30852e-15
5.69884e-15
5.87313e-15
6.43255e-15
5.75627e-15
5.90161e-15
5.79363e-15
5.92292e-15
6.21191e-15
5.77958e-15
5.8827e-15
5.72987e-15
5.80173e-15
5.9706e-15
5.7813e-15
6.09593e-15
5.86459e-15
5.71751e-15
5.71985e-15
5.87107e-15
5.69242e-15
5.80163e-15
5.98575e-15
5.65623e-15
5.68707e-15
5.67167e-15
6.03089e-15
6.10997e-15
5.94745e-15
6.33348e-15
5.70063e-15
5.68333e-15
5.89882e-15
6.06097e-15
6.17257e-15
5.76352e-15
5.25187e-15
5.71173e-15
5.01008e-15
5.5412e-15
5.68304e-15
5.67824e-15
5.65903e-15
4.61494e-15
5.45352e-15
5.53195e-15
5.51822e-15
5.63367e-15
4.88607e-15
5.14559e-15
4.83233e-15
5.2648e-15
5.59174e-15
5.48672e-15
5.5585e-15
4.99972e-15
5.71026e-15
5.4757e-15
5.09821e-15
5.32154e-15
4.93445e-15
5.44109e-15
5.08465e-15
5.02649e-15
5.36831e-15
6.10042e-15
5.3721e-15
5.72185e-15
5.30825e-15
5.55271e-15
5.68543e-15
5.54243e-15
5.37129e-15
5.70146e-15
5.51633e-15
5.48407e-15
5.48506e-15
5.72422e-15
5.74934e-15
5.32736e-15
5.37755e-15
5.60617e-15
5.05871e-15
5.60764e-15
5.79719e-15
5.41364e-15
5.19309e-15
5.38006e-15
5.7515e-15
5.31039e-15
5.30727e-15
5.07276e-15
5.46087e-15
4.79394e-15
5.74164e-15
5.74414e-15
4.75775e-15
4.53039e-15
4.82635e-15
4.35493e-15
4.34505e-15
4.80017e-15
4.495e-15
5.38364e-15
5.20207e-15
4.71998e-15
4.75215e-15
4.48278e-15
4.88443e-15
5.02397e-15
5.16706e-15
5.26143e-15
4.5812e-15
4.40756e-15
4.66013e-15
5.10958e-15
4.23291e-15
5.24067e-15
5.28131e-15
4.77705e-15
5.30724e-15
4.92206e-15
5.16772e-15
4.92586e-15
4.83714e-15
3.83095e-15
4.88447e-15
4.60935e-15
4.68383e-15
4.50633e-15
4.58367e-15
4.48283e-15
5.15674e-15
4.66341e-15
4.74788e-15
4.82904e-15
4.83681e-15
4.39202e-15
4.24089e-15
5.18897e-15
4.82954e-15
4.76556e-15
4.98615e-15
4.69658e-15
4.40436e-15
4.67897e-15
5.03913e-15
4.72905e-15
4.48521e-15
4.09382e-15
5.10806e-15
4.9667e-15
4.68975e-15
5.43983e-15
4.63688e-15
4.68266e-15
4.44775e-15
4.01667e-15
4.49465e-15
4.92172e-15
4.40453e-15
4.2443e-15
4.0502e-15
3.75323e-15
3.78711e-15
4.26187e-15
4.3291e-15
4.45061e-15
4.36932e-15
4.18108e-15
4.02483e-15
3.84507e-15
4.51451e-15
4.83483e-15
4.14073e-15
4.33204e-15
4.43834e-15
3.50646e-15
4.25871e-15
4.43865e-15
3.48031e-15
3.91053e-15
4.27863e-15
4.16203e-15
4.46734e-15
4.88259e-15
4.17283e-15
4.66934e-15
4.52657e-15
4.77819e-15
4.2928e-15
4.48952e-15
4.44021e-15
3.94526e-15
4.04725e-15
3.98827e-15
4.32157e-15
4.98661e-15
4.69073e-15
4.20553e-15
4.17209e-15
3.91879e-15
4.23911e-15
4.45338e-15
4.49899e-15
4.45427e-15
4.25956e-15
4.14434e-15
4.56608e-15
5.2596e-15
4.40881e-15
4.4564e-15
4.04056e-15
3.90389e-15
4.16594e-15
4.23807e-15
3.88261e-15
3.95289e-15
3.49156e-15
3.52465e-15
4.374e-15
3.64044e-15
4.12817e-15
4.11954e-15
4.10615e-15
3.92674e-15
3.74802e-15
3.46744e-15
3.91301e-15
3.71065e-15
4.12374e-15
3.92015e-15
3.97945e-15
3.84112e-15
3.66906e-15
3.87746e-15
3.68746e-15
4.25766e-15
4.07292e-15
3.67047e-15
4.36843e-15
4.21568e-15
3.78503e-15
4.21673e-15
3.53463e-15
3.48284e-15
3.70405e-15
3.4224e-15
3.73011e-15
3.61846e-15
3.66068e-15
3.69085e-15
3.21187e-15
4.0068e-15
4.06309e-15
3.68142e-15
4.05165e-15
3.14663e-15
3.83585e-15
3.71145e-15
4.14582e-15
3.8558e-15
4.09361e-15
3.67983e-15
3.7736e-15
3.67011e-15
3.65295e-15
4.01929e-15
3.54216e-15
2.79042e-15
3.82735e-15
3.50325e-15
4.29722e-15
3.856e-15
3.57802e-15
3.98951e-15
3.14967e-15
3.40545e-15
3.48538e-15
4.20804e-15
2.78237e-15
3.34962e-15
3.64017e-15
3.26238e-15
3.38703e-15
3.7589e-15
3.34177e-15
4.19978e-15
3.18628e-15
3.48512e-15
3.32634e-15
3.68429e-15
3.27005e-15
3.23179e-15
3.603e-15
3.25294e-15
3.43337e-15
3.40738e-15
3.46609e-15
3.72775e-15
3.32915e-15
3.16812e-15
3.74193e-15
3.24413e-15
3.78458e-15
3.1552e-15
3.71345e-15
3.17842e-15
3.52876e-15
3.53997e-15
3.85137e-15
3.37883e-15
3.46643e-15
3.8249e-15
2.8106e-15
4.16651e-15
3.44874e-15
3.99851e-15
3.50403e-15
3.38015e-15
2.78762e-15
3.82762e-15
3.53856e-15
3.78642e-15
3.84218e-15
3.90691e-15
3.38484e-15
3.60161e-15
3.60637e-15
4.07834e-15
3.31751e-15
3.742e-15
3.26377e-15
3.84117e-15
3.74968e-15
3.56873e-15
3.69415e-15
2.88489e-15
2.97757e-15
2.49183e-15
3.47292e-15
3.49086e-15
2.97731e-15
2.94269e-15
3.42808e-15
2.82942e-15
3.79646e-15
2.5716e-15
3.18043e-15
2.97842e-15
2.71657e-15
2.79238e-15
2.81422e-15
3.31648e-15
2.91764e-15
3.0279e-15
2.93979e-15
2.98666e-15
3.0228e-15
2.66862e-15
2.6752e-15
3.28997e-15
2.74803e-15
3.51029e-15
3.00902e-15
3.44442e-15
3.40145e-15
3.29208e-15
3.09467e-15
3.05207e-15
2.78724e-15
3.24309e-15
3.05741e-15
2.77763e-15
3.46582e-15
2.40955e-15
3.06714e-15
3.16992e-15
3.35611e-15
3.03281e-15
3.4993e-15
2.7642e-15
3.24826e-15
3.26411e-15
3.1361e-15
2.63468e-15
2.91107e-15
2.86324e-15
3.2944e-15
3.14213e-15
3.10395e-15
2.79517e-15
3.23921e-15
2.84071e-15
3.12315e-15
2.89982e-15
2.55815e-15
2.66076e-15
2.70735e-15
2.60775e-15
3.10371e-15
2.50052e-15
2.67657e-15
2.7598e-15
2.656e-15
2.85453e-15
2.38664e-15
2.98941e-15
2.56356e-15
2.42938e-15
3.49456e-15
3.05619e-15
2.74698e-15
2.69631e-15
3.1174e-15
2.87862e-15
2.90339e-15
2.16417e-15
2.8357e-15
2.99453e-15
3.1001e-15
2.98038e-15
2.52744e-15
2.33398e-15
2.81747e-15
2.64458e-15
2.6515e-15
2.64375e-15
2.31176e-15
3.20825e-15
2.90317e-15
2.50821e-15
2.83409e-15
2.68644e-15
2.46547e-15
2.84507e-15
2.99174e-15
2.3105e-15
2.94909e-15
3.07036e-15
2.7576e-15
2.88821e-15
2.14747e-15
2.51231e-15
2.31906e-15
3.15421e-15
2.5999e-15
2.95494e-15
2.16189e-15
2.44427e-15
2.99847e-15
2.90629e-15
2.58501e-15
2.46418e-15
2.56466e-15
3.17404e-15
2.95226e-15
2.58809e-15
2.39892e-15
2.82918e-15
1.79525e-15
2.61216e-15
2.4836e-15
2.85845e-15
2.39056e-15
2.22287e-15
2.77389e-15
2.15899e-15
2.4671e-15
2.76215e-15
2.25054e-15
2.39876e-15
2.4124e-15
2.27331e-15
2.12284e-15
2.11265e-15
2.5481e-15
2.68685e-15
2.45006e-15
2.30094e-15
2.41454e-15
2.23539e-15
2.89459e-15
2.5821e-15
1.86044e-15
2.72643e-15
2.32135e-15
2.80076e-15
3.3388e-15
2.4786e-15
2.31781e-15
2.46169e-15
2.5533e-15
2.26425e-15
2.86911e-15
3.2608e-15
2.44225e-15
3.04058e-15
2.4004e-15
2.65268e-15
2.68908e-15
2.33401e-15
2.96955e-15
2.81406e-15
2.72356e-15
2.22385e-15
2.8213e-15
1.94408e-15
3.10086e-15
2.89913e-15
2.2851e-15
2.53655e-15
2.51364e-15
2.80871e-15
2.86219e-15
1.65662e-15
1.92403e-15
2.0331e-15
2.77474e-15
1.98918e-15
3.02837e-15
1.97803e-15
2.6979e-15
1.86956e-15
2.34177e-15
2.34717e-15
2.13955e-15
2.27666e-15
1.97389e-15
1.88341e-15
1.71179e-15
2.0213e-15
2.46386e-15
2.68341e-15
2.11628e-15
2.26931e-15
2.13924e-15
2.18173e-15
2.33243e-15
2.55448e-15
2.52267e-15
2.30985e-15
2.21624e-15
2.59646e-15
2.39621e-15
2.02757e-15
2.42449e-15
1.53483e-15
1.46099e-15
2.00981e-15
2.30912e-15
2.40489e-15
1.96198e-15
2.57995e-15
2.32787e-15
1.70204e-15
1.79783e-15
2.00405e-15
1.7807e-15
1.98415e-15
1.83099e-15
2.28745e-15
2.11043e-15
2.16014e-15
2.52528e-15
2.07786e-15
2.19326e-15
1.87391e-15
1.94752e-15
1.67436e-15
2.08239e-15
1.95239e-15
2.09246e-15
2.00327e-15
1.96067e-15
2.9799e-15
2.01613e-15
1.71282e-15
9.13479e-16
1.81607e-15
1.56197e-15
2.16858e-15
1.28707e-15
1.79997e-15
1.80529e-15
1.9024e-15
1.99093e-15
2.11833e-15
2.17197e-15
2.07117e-15
2.31009e-15
2.63207e-15
1.94508e-15
1.90025e-15
2.3087e-15
2.12509e-15
2.00253e-15
1.98184e-15
2.49308e-15
2.09955e-15
1.82541e-15
1.8971e-15
1.3751e-15
1.55281e-15
2.43738e-15
1.74337e-15
2.00778e-15
2.20316e-15
2.2261e-15
2.15827e-15
2.25987e-15
1.75557e-15
2.50853e-15
1.67003e-15
1.5871e-15
1.91673e-15
2.01833e-15
1.44419e-15
2.28776e-15
1.60238e-15
2.13574e-15
1.93687e-15
1.98194e-15
1.12368e-15
1.98943e-15
2.00928e-15
1.98901e-15
2.3741e-15
1.82001e-15
2.43167e-15
1.85436e-15
2.14564e-15
2.02513e-15
2.18225e-15
1.90202e-15
1.68241e-15
1.45973e-15
2.11228e-15
2.20172e-15
1.94169e-15
2.00291e-15
1.59432e-15
1.75651e-15
1.68426e-15
1.79371e-15
1.63061e-15
1.62258e-15
2.04463e-15
1.19628e-15
1.72414e-15
1.56858e-15
9.88488e-16
1.98986e-15
1.61557e-15
1.24736e-15
1.31137e-15
1.69442e-15
1.85855e-15
1.22159e-15
1.92165e-15
2.59399e-15
1.92134e-15
2.09047e-15
1.70252e-15
1.12848e-15
2.1335e-15
1.97432e-15
1.7478e-15
2.02841e-15
2.07861e-15
1.53769e-15
1.92638e-15
1.60357e-15
2.14652e-15
1.69993e-15
1.91411e-15
1.85782e-15
2.28616e-15
2.0302e-15
2.10229e-15
1.45463e-15
2.22057e-15
1.40914e-15
2.63728e-15
1.89069e-15
1.95023e-15
2.14167e-15
1.67289e-15
1.8362e-15
1.55763e-15
1.51781e-15
1.7241e-15
2.25054e-15
2.19931e-15
2.05691e-15
1.95789e-15
1.87159e-15
1.35921e-15
9.5978e-16
1.45269e-15
1.8981e-15
1.83575e-15
1.60434e-15
2.08163e-15
1.80571e-15
1.55853e-15
2.48998e-15
9.46817e-16
2.08465e-15
1.4163e-15
1.66488e-15
1.85015e-15
1.22644e-15
1.74293e-15
1.53593e-15
2.00278e-15
1.83915e-15
1.30015e-15
2.23231e-15
1.38788e-15
1.21968e-15
1.56892e-15
1.80048e-15
1.66314e-15
1.85032e-15
1.92227e-15
1.6818e-15
1.94603e-15
1.41349e-15
1.4578e-15
1.0253e-15
1.22547e-15
1.4525e-15
9.00971e-16
1.51846e-15
1.69826e-15
1.3988e-15
1.59223e-15
1.50966e-15
1.5722e-15
2.25421e-15
8.53779e-16
2.14355e-15
1.36846e-15
1.25272e-15
1.54215e-15
1.48402e-15
1.65717e-15
1.73913e-15
1.67297e-15
1.50161e-15
1.37513e-15
8.57119e-16
1.57096e-15
1.29734e-15
1.5008e-15
1.51545e-15
1.5771e-15
2.4458e-15
1.47818e-15
9.77496e-16
1.7204e-15
1.68471e-15
1.10668e-15
1.68988e-15
1.89417e-15
7.49959e-16
2.23733e-15
1.22715e-15
1.88933e-15
1.18738e-15
2.0226e-15
1.66272e-15
1.2492e-15
1.79414e-15
1.03846e-15
1.62828e-15
1.18814e-15
1.28175e-15
1.8546e-15
1.72729e-15
1.96366e-15
1.17324e-15
1.58398e-15
1.50177e-15
1.35988e-15
1.68778e-15
1.58763e-15
1.24121e-15
1.36277e-15
1.8802e-15
1.87489e-15
1.85751e-15
2.06164e-15
1.31764e-15
1.1611e-15
1.77943e-15
1.09804e-15
1.56737e-15
1.35113e-15
9.30127e-16
1.77465e-15
1.1956e-15
1.98141e-15
1.84125e-15
2.34175e-15
1.53565e-15
1.54241e-15
1.42079e-15
1.32302e-15
1.23066e-15
1.56616e-15
1.93576e-15
9.74046e-16
1.11216e-15
1.94601e-15
1.63971e-15
1.0794e-15
5.65167e-16
1.13503e-15
2.05773e-15
1.27381e-15
1.24772e-15
1.65367e-15
1.2453e-15
1.28906e-15
1.74747e-15
1.13076e-15
1.58267e-15
5.169e-16
1.65631e-15
8.6938e-16
1.76685e-15
1.28078e-15
1.20112e-15
1.5395e-15
1.13553e-15
1.74276e-15
1.25051e-15
9.05715e-16
1.32521e-15
1.11176e-15
8.60232e-16
1.17387e-15
9.20561e-16
1.46926e-15
5.83212e-16
1.52512e-15
1.5458e-15
1.68715e-15
9.38458e-16
8.8864e-16
9.78248e-16
8.72326e-16
1.69994e-15
1.29922e-15
1.39608e-15
1.75091e-15
1.20219e-15
1.50761e-15
1.73656e-15
1.75961e-15
1.10451e-15
8.82466e-16
1.2046e-15
3.69878e-16
1.57283e-15
7.58256e-16
1.0625e-15
1.44849e-15
1.91446e-15
1.33859e-15
8.57984e-16
1.47775e-15
1.2078e-15
6.01583e-16
1.1185e-15
1.70734e-15
1.57835e-15
1.14527e-15
5.76845e-16
1.45238e-15
1.23099e-15
1.25473e-15
1.4821e-15
1.17626e-15
1.28877e-15
1.03936e-15
9.01577e-16
1.60867e-15
1.48725e-15
1.43219e-15
5.73098e-16
1.11923e-15
8.68028e-16
1.28445e-15
1.02435e-15
1.12842e-15
1.62035e-15
1.11079e-15
1.22664e-15
9.16811e-16
1.70732e-15
1.34434e-15
1.50557e-15
1.01243e-15
2.1129e-15
1.04205e-15
1.09995e-15
5.07872e-16
1.30065e-15
1.49402e-15
2.08265e-15
1.25403e-15
1.07718e-15
1.23286e-15
1.18275e-15
1.2294e-15
1.11727e-15
1.44812e-15
6.35111e-16
6.23571e-16
1.84692e-15
1.4635e-15
1.62149e-15
1.86004e-15
1.35516e-15
1.44367e-15
1.47661e-15
1.4486e-15
6.62054e-16
1.33137e-15
1.08892e-15
1.35694e-15
1.84561e-15
2.16506e-15
5.47097e-16
7.08431e-16
6.04485e-16
1.38626e-15
1.45372e-15
1.49191e-15
1.07565e-15
1.01908e-15
9.06419e-16
1.11991e-15
1.23392e-15
1.22189e-15
1.50087e-15
1.18305e-15
7.43376e-16
7.16612e-16
1.07379e-15
1.89582e-15
1.1218e-15
8.57451e-16
1.0218e-15
6.26013e-16
9.17087e-16
1.64794e-15
4.44122e-16
1.60584e-15
7.04539e-16
8.92937e-16
1.30086e-15
1.35094e-15
2.73754e-16
8.60784e-16
1.24451e-15
1.52624e-15
1.07714e-15
1.17644e-15
-3.22501e-17
1.81669e-15
8.06034e-16
1.20389e-15
9.99375e-16
7.69798e-16
1.67157e-15
8.73814e-16
1.14211e-15
1.36662e-15
7.49716e-16
1.63402e-15
4.51663e-16
7.61538e-16
8.46966e-16
7.6812e-16
1.07199e-15
7.49339e-16
1.38157e-15
1.20852e-15
1.22961e-15
8.88743e-16
1.20289e-15
4.97491e-16
1.58188e-15
1.38596e-15
1.37117e-15
1.06961e-15
1.03443e-15
9.19002e-16
1.10158e-15
1.11196e-15
5.88178e-16
1.31893e-15
6.40598e-16
1.33511e-15
1.0778e-15
6.37425e-16
9.84773e-16
8.89954e-16
7.64597e-16
7.62323e-16
1.40184e-15
1.28033e-15
1.69163e-15
1.73238e-15
1.08381e-15
5.77898e-16
1.66374e-15
8.55492e-16
1.65614e-15
9.8063e-16
5.25124e-16
5.79579e-16
1.31698e-15
1.47471e-15
8.39806e-16
7.16965e-16
1.75882e-15
7.70773e-16
9.48212e-16
4.78796e-16
1.14278e-15
8.35341e-16
1.18419e-15
1.26911e-15
6.08931e-16
1.47498e-15
8.77082e-16
1.1588e-15
1.36933e-15
1.72867e-16
1.58704e-15
1.0733e-15
5.51947e-16
9.44414e-16
8.64836e-16
1.73544e-15
1.11787e-15
1.44484e-15
1.20231e-15
1.06498e-15
4.49708e-16
1.40298e-15
5.04022e-16
1.38299e-16
8.53232e-16
9.37788e-16
9.08919e-16
1.06808e-15
1.01197e-15
6.28078e-16
1.2469e-15
8.661e-16
1.09097e-15
6.19287e-16
1.5135e-16
6.34533e-16
7.72564e-16
1.58952e-15
1.4249e-15
2.21105e-16
4.05232e-16
4.65099e-17
4.79561e-16
3.52882e-16
1.19809e-15
4.91599e-16
5.15191e-16
9.73266e-16
1.91753e-16
1.37349e-15
1.43065e-15
8.33318e-16
9.27688e-16
9.16961e-16
5.4013e-16
1.17244e-15
-7.62531e-17
9.68808e-16
1.2933e-15
1.48103e-15
6.72216e-16
8.11271e-16
1.0203e-15
7.40182e-16
7.49787e-16
7.50845e-16
1.37842e-15
8.12509e-16
3.07542e-16
1.62835e-15
1.05455e-15
1.85422e-15
1.12901e-15
1.13883e-15
7.91718e-16
6.18993e-16
4.43421e-16
3.93462e-17
8.85322e-16
8.42774e-16
1.58799e-15
9.37884e-16
3.12664e-16
1.16732e-15
4.00447e-16
6.34381e-16
5.05151e-16
7.23196e-17
8.80547e-16
6.03507e-16
3.20372e-16
1.1681e-15
5.43701e-16
9.61096e-16
1.63786e-15
1.47027e-15
9.14846e-16
1.78237e-16
7.84666e-16
1.19592e-15
1.28028e-15
1.33666e-15
7.52912e-16
1.00909e-15
6.80131e-16
1.15963e-15
1.01578e-15
7.40594e-16
9.74814e-16
7.34947e-16
3.9251e-16
1.01077e-15
4.00818e-16
1.03391e-15
1.43904e-15
5.83205e-16
1.25741e-15
2.30924e-16
7.45013e-16
3.33111e-16
1.15861e-15
4.50892e-16
1.09879e-15
7.1327e-16
1.23167e-15
5.87056e-16
4.24134e-16
9.62943e-16
1.21675e-15
6.68949e-16
2.37327e-16
2.57364e-16
7.52844e-16
9.33424e-16
7.52631e-16
9.01603e-16
1.10291e-15
1.51071e-15
8.5805e-16
6.6883e-16
1.35652e-15
4.91422e-16
1.37054e-15
1.13091e-15
8.55519e-16
7.83776e-16
5.3237e-16
8.76374e-16
3.74798e-16
8.17329e-16
8.5882e-16
4.16593e-17
1.32006e-15
8.76538e-16
-1.40818e-16
3.0342e-16
4.82383e-16
8.2279e-16
-7.68069e-18
6.22263e-16
3.73664e-16
7.5126e-16
1.08293e-15
2.93605e-16
5.55304e-16
1.29289e-15
2.10795e-16
5.57034e-16
9.07546e-16
6.45714e-16
7.32515e-16
6.04674e-16
1.13315e-15
3.10324e-16
3.86806e-16
8.08192e-16
7.54605e-16
1.21733e-15
2.40643e-16
9.87013e-16
3.87041e-16
1.20763e-15
7.04524e-16
1.02433e-15
5.07647e-17
4.26056e-16
1.52585e-15
6.65437e-16
8.37854e-16
2.13352e-16
9.41216e-16
3.30523e-16
7.78053e-16
6.35481e-16
5.72581e-16
5.35567e-16
4.51549e-16
1.7047e-16
1.19841e-15
4.29302e-16
3.14537e-16
8.6876e-16
-9.12841e-17
-1.61529e-16
1.02114e-15
3.39966e-16
9.7854e-16
8.74609e-16
1.72183e-15
1.04591e-16
8.09556e-16
6.72777e-16
2.72526e-16
4.0178e-16
1.09745e-15
5.18358e-16
6.50311e-16
6.0304e-16
1.52577e-15
3.63213e-16
8.17051e-16
1.04245e-15
1.20746e-17
1.26505e-15
5.04114e-16
4.84906e-16
9.63431e-16
1.33229e-15
7.25323e-16
5.26529e-16
8.07964e-16
6.06647e-16
1.1549e-15
1.46824e-15
1.09637e-15
2.57096e-16
7.03294e-16
2.80052e-16
8.64084e-16
4.93234e-16
4.7454e-16
9.24353e-16
2.18154e-16
5.40211e-16
9.08604e-16
1.06712e-15
2.3706e-16
3.67824e-16
6.94869e-16
1.25015e-15
1.16697e-15
1.22832e-15
4.18254e-16
8.9961e-16
9.23683e-16
1.11527e-15
4.59378e-16
1.11133e-15
5.95612e-16
1.30891e-15
1.34441e-17
2.21953e-16
7.64718e-16
9.25695e-16
5.73786e-16
1.00344e-15
3.12686e-16
-2.05782e-16
1.15339e-16
1.53729e-15
8.22153e-16
6.65218e-16
5.31799e-16
1.19107e-15
8.71177e-16
4.70539e-16
5.10201e-16
1.08618e-15
-3.68675e-16
6.41006e-16
-2.68738e-16
-6.15875e-17
1.13806e-15
1.7758e-16
4.20317e-16
5.43106e-16
1.04834e-16
1.15379e-16
9.70429e-19
6.11568e-16
9.03437e-16
1.96498e-16
1.93963e-16
-3.14961e-16
4.65828e-17
9.07457e-16
8.88595e-16
1.35346e-15
4.61815e-16
2.56206e-16
8.70579e-16
-5.89555e-18
7.55245e-16
1.15416e-16
4.32594e-16
3.52079e-16
1.72476e-16
7.6617e-16
6.85618e-16
3.55922e-16
2.19724e-16
1.74516e-16
1.09843e-15
-1.97801e-17
4.57289e-16
2.58091e-16
7.10793e-16
2.16104e-16
4.69334e-16
4.32651e-17
9.72176e-16
1.29118e-15
6.51976e-16
8.17746e-16
5.14535e-16
8.09889e-16
7.00504e-16
1.61759e-15
1.05436e-15
3.16255e-16
3.91878e-16
6.777e-16
3.89619e-16
1.86347e-16
5.25252e-16
9.20918e-16
3.49602e-16
2.01287e-16
1.16861e-15
5.68071e-16
1.71804e-15
8.98009e-16
2.69141e-16
3.66623e-16
5.01229e-16
3.54753e-16
1.32144e-15
1.03046e-15
2.04023e-15
8.12879e-16
-1.27776e-16
8.29459e-16
6.77935e-16
1.17412e-15
1.00262e-15
1.39374e-15
2.59158e-16
6.65713e-16
5.91706e-16
1.01989e-15
3.51669e-16
3.21328e-16
2.8603e-16
9.75389e-16
8.53594e-16
5.91843e-16
9.93329e-16
2.31346e-16
7.62749e-16
6.18662e-16
7.56963e-16
3.1423e-17
3.32057e-16
9.13929e-16
6.57154e-16
8.02409e-16
8.95338e-16
6.41819e-16
1.23563e-15
4.74373e-16
2.15976e-16
4.55047e-16
4.53092e-16
5.85469e-16
2.66323e-16
2.38527e-16
3.95017e-16
-1.18639e-16
2.17306e-16
4.83036e-16
3.87419e-16
5.22478e-16
4.5201e-16
3.94481e-16
4.81188e-16
5.1886e-16
1.52319e-16
5.61961e-16
6.24447e-16
8.91251e-16
2.77403e-16
4.00637e-16
9.76682e-16
4.51474e-16
6.46982e-16
1.14717e-15
5.7176e-16
3.06543e-18
-1.06515e-16
1.1651e-16
1.1808e-15
8.37573e-16
5.99309e-16
5.70884e-16
8.32064e-16
5.62799e-16
-8.25908e-17
1.91929e-16
3.83152e-16
-4.00705e-16
5.04424e-16
1.16598e-15
1.61312e-15
5.31822e-16
-1.19551e-16
7.53935e-16
2.41193e-16
5.78214e-16
2.62998e-16
1.12336e-15
3.62938e-16
8.09441e-16
3.2209e-16
4.81591e-16
5.24784e-16
-2.53269e-16
6.06148e-16
2.69583e-16
4.54294e-16
4.61653e-16
7.35866e-16
6.31266e-16
5.51547e-16
-1.48681e-17
7.77152e-16
3.75967e-16
3.7422e-16
8.70892e-16
2.4519e-16
1.14654e-15
3.21291e-16
6.52663e-16
6.66425e-16
5.37372e-16
5.00385e-16
5.50092e-17
1.42222e-15
4.16663e-16
3.44557e-16
2.57206e-16
4.88081e-16
4.47006e-16
-1.27463e-17
7.51075e-16
5.2052e-16
4.27976e-16
4.90432e-16
6.51073e-16
2.30552e-16
8.70255e-16
2.09305e-16
5.48305e-16
4.57267e-16
3.24738e-17
6.14787e-17
-5.66601e-16
9.22746e-16
7.16055e-16
3.63706e-16
1.27939e-15
5.51504e-16
-7.19046e-17
1.32358e-16
4.42719e-16
7.31458e-16
5.98591e-16
5.77118e-16
-1.0116e-16
3.58052e-16
-6.24986e-17
1.78965e-16
7.57377e-16
7.0502e-16
6.38859e-16
5.43507e-16
1.01691e-15
-1.69377e-17
4.16421e-16
-2.4045e-16
6.84229e-16
4.11006e-16
1.2566e-16
-2.37162e-16
1.16032e-15
-3.02647e-16
3.234e-16
5.44018e-16
1.24442e-16
7.48402e-16
-2.40703e-16
2.6675e-16
3.25999e-17
2.70884e-17
1.11957e-16
5.52701e-16
2.5834e-16
1.76268e-16
1.84198e-16
2.71397e-16
-1.23216e-16
-1.25473e-16
3.63464e-16
5.92432e-16
1.68135e-16
3.30577e-16
4.98162e-16
3.43967e-16
9.82398e-16
5.14426e-16
2.95664e-16
9.49847e-16
-1.15882e-16
4.92833e-16
1.08739e-15
8.20737e-16
1.4819e-15
9.94296e-16
1.54365e-16
2.72384e-16
3.74489e-16
3.64062e-16
5.66759e-16
8.42298e-16
1.29511e-16
6.89515e-16
2.29196e-16
4.69995e-16
8.40999e-16
1.08161e-15
7.76278e-16
1.1318e-15
-5.78614e-16
7.39487e-16
-2.57935e-17
8.06359e-16
5.6324e-16
7.42795e-16
6.57019e-16
9.64106e-16
-3.16459e-16
4.38207e-16
6.96676e-16
6.55331e-16
-4.88133e-16
8.05141e-16
1.7623e-16
3.25135e-17
5.94889e-17
-8.6271e-19
4.92123e-16
1.20239e-15
8.87335e-16
6.56945e-16
6.0205e-16
3.60532e-16
7.05394e-16
-1.66323e-16
4.66389e-16
9.5132e-16
8.23482e-16
8.69439e-16
7.77112e-16
4.0695e-16
8.96524e-16
8.23613e-16
2.72982e-16
3.68661e-16
5.57737e-17
5.30892e-17
2.00234e-16
3.46476e-16
3.97092e-16
1.80456e-16
-9.64593e-17
2.07831e-16
7.89411e-17
-3.95842e-16
5.00436e-16
3.24202e-17
1.62636e-17
4.51829e-16
6.78808e-16
3.82287e-17
1.03432e-15
6.61387e-16
1.60498e-16
7.78387e-16
1.81574e-16
2.20204e-16
-1.54565e-16
-6.25593e-17
1.2314e-15
5.08055e-16
1.51235e-15
3.86054e-16
7.62028e-16
4.85666e-16
5.33068e-17
1.01301e-16
4.35266e-16
8.66557e-16
6.13415e-16
6.7934e-17
1.05854e-15
4.67186e-16
3.32745e-16
1.00044e-15
1.07992e-15
1.1664e-15
4.92394e-16
-1.98553e-16
-5.70194e-16
2.98518e-16
3.57338e-16
2.70758e-16
3.59184e-16
1.04901e-15
-2.62448e-16
-1.55497e-16
-3.69185e-16
6.30786e-17
3.40829e-16
5.57543e-16
-1.92389e-16
7.58485e-16
-1.54775e-16
6.04285e-16
5.41798e-16
1.30874e-16
1.61332e-16
1.62145e-16
3.4544e-16
5.43952e-16
6.83834e-16
-2.46277e-16
7.45336e-16
-2.80208e-16
-1.75382e-16
4.97647e-16
3.38773e-17
7.93319e-16
-8.91263e-17
4.46993e-16
-1.30953e-16
4.86823e-16
1.88001e-16
5.72769e-17
9.63689e-16
3.39432e-16
4.16178e-16
5.76093e-16
2.04632e-16
3.6213e-16
-4.4883e-16
3.18942e-16
-1.5487e-16
6.4161e-16
4.05317e-16
4.66184e-16
7.29173e-16
2.5679e-16
2.80078e-16
1.14648e-16
2.68803e-16
4.42707e-16
3.95252e-16
-8.72931e-18
-3.17929e-16
-6.7935e-17
8.46324e-17
6.40635e-16
5.02625e-16
5.42101e-16
2.89471e-16
1.64856e-16
1.08459e-16
-2.13286e-16
8.09144e-16
7e-16
8.90029e-16
-7.88271e-17
7.75559e-17
4.10667e-16
1.44829e-16
5.62655e-16
5.00096e-16
2.16081e-16
-2.91289e-16
4.33086e-16
1.58752e-16
4.48764e-16
7.93762e-16
3.90257e-16
4.85542e-16
1.2959e-15
2.94064e-16
6.551e-16
1.82926e-16
7.34358e-16
9.6149e-16
-7.95737e-16
1.0181e-16
1.79262e-16
1.4308e-16
-4.34889e-16
2.09192e-16
1.59537e-16
-1.00748e-16
-1.01913e-16
3.72322e-16
2.89022e-16
5.92606e-17
1.13269e-16
1.01158e-15
-1.75301e-17
7.36388e-16
-1.63886e-17
2.62478e-16
2.66377e-16
-6.78983e-17
3.13521e-16
5.80425e-16
3.75031e-16
9.81031e-17
-1.0131e-16
4.65419e-16
1.13682e-16
1.03387e-15
1.58071e-16
4.36717e-16
6.79149e-16
-3.73078e-18
3.85426e-16
5.0369e-16
6.36848e-16
6.1957e-16
8.39652e-16
-2.94675e-16
-1.91431e-16
1.20128e-16
9.08984e-16
5.97982e-16
5.40756e-17
7.00584e-16
-5.35474e-17
3.17263e-16
8.4434e-16
3.41025e-16
9.1844e-16
-1.39921e-16
4.58711e-16
-7.26945e-17
3.14225e-16
1.00673e-16
-3.6435e-16
2.90904e-16
8.56817e-16
9.88203e-16
-2.29658e-18
-4.42949e-16
1.11295e-15
3.79062e-16
2.88419e-16
9.42312e-17
8.94065e-16
8.20657e-17
2.70193e-16
1.35023e-16
7.40809e-16
1.81945e-17
1.08566e-16
4.48563e-16
9.76305e-16
2.07415e-16
7.26575e-16
2.79986e-16
7.31764e-16
-1.29448e-16
1.11624e-15
4.81837e-16
3.02935e-16
-1.73279e-16
3.33209e-16
8.63166e-16
-1.11436e-16
2.63528e-16
3.72899e-16
-3.91618e-16
4.9354e-16
3.01565e-16
-2.80379e-16
7.53682e-16
8.54796e-16
5.39364e-16
-6.96488e-16
1.50701e-16
-7.98173e-17
6.82083e-16
4.46548e-17
6.75965e-16
-5.45681e-16
-2.77789e-16
3.96446e-16
-1.26684e-16
6.91361e-16
3.53847e-16
-6.93275e-16
8.32005e-16
6.16503e-17
5.84916e-16
-2.5728e-16
2.92282e-16
-4.38638e-17
4.44444e-16
5.94158e-16
4.63948e-16
-5.08166e-17
-3.78342e-16
8.66562e-16
8.54708e-16
3.16509e-16
-3.6261e-17
1.3085e-16
7.67019e-16
-8.30259e-17
3.16785e-16
8.8703e-16
5.47636e-16
1.90107e-16
1.16501e-15
6.85945e-16
1.01525e-16
2.8694e-16
-3.10722e-16
9.82994e-17
2.07256e-16
-6.65046e-17
6.07891e-16
-8.35409e-16
1.95896e-16
4.63063e-17
1.32069e-15
6.717e-16
-3.92926e-16
9.02731e-16
-8.77403e-16
1.8441e-16
6.0756e-16
6.72467e-16
-1.06741e-16
6.71215e-16
-2.25219e-16
-7.00569e-16
5.44364e-16
8.57151e-16
4.2771e-16
6.99997e-16
-2.04363e-16
3.64164e-16
1.33779e-17
1.3216e-15
3.45738e-16
1.0226e-16
8.07364e-16
-2.45899e-16
1.18459e-16
5.29249e-16
-6.24824e-16
4.05338e-16
8.59595e-17
8.43392e-16
5.23057e-16
3.6204e-16
8.89882e-17
1.06898e-15
3.18357e-16
-3.25945e-16
1.00916e-16
-4.16916e-16
-1.65433e-16
1.97793e-17
7.84444e-16
4.95486e-16
5.81915e-16
8.19988e-16
3.7896e-16
3.6683e-16
-2.16033e-16
2.88598e-16
-3.44688e-16
-2.06746e-17
6.358e-16
-3.46213e-17
9.89355e-16
-2.06635e-17
-8.64891e-17
7.36329e-17
1.45408e-16
3.47813e-16
1.48312e-16
1.05493e-15
6.79489e-17
-6.30368e-16
2.183e-16
-1.83632e-16
1.29404e-15
4.71146e-16
-7.3247e-16
-3.10336e-16
4.31121e-16
-8.10298e-17
1.97302e-16
1.25707e-15
-3.5369e-16
2.48265e-16
5.29837e-17
-5.55961e-16
1.34867e-16
-2.37199e-16
7.0493e-16
-7.51262e-16
1.51442e-16
3.1958e-16
-1.75215e-16
2.68553e-16
-3.13098e-17
2.12459e-16
6.06324e-16
4.3709e-16
2.12252e-16
1.22333e-16
-5.66955e-16
3.08421e-16
-9.53165e-17
-7.84933e-16
-7.79746e-17
1.14545e-15
4.23901e-16
6.05108e-16
3.13191e-16
7.2349e-16
-8.72398e-17
-1.11235e-16
-7.92023e-16
5.40722e-17
2.44805e-16
3.43457e-17
1.05565e-16
-6.01396e-17
9.69844e-16
6.67586e-16
2.76026e-16
4.14932e-16
-2.95579e-16
6.42123e-16
3.81835e-16
4.25023e-16
2.1456e-16
7.04498e-16
2.99399e-16
-8.57832e-16
2.60684e-16
4.0807e-16
1.64952e-16
7.00693e-16
-6.54603e-16
7.90256e-16
1.14979e-15
5.58928e-17
-6.50206e-16
5.66108e-16
5.00925e-16
-2.22419e-16
7.1346e-16
-5.68042e-16
4.25102e-16
9.44904e-16
2.57463e-16
9.13636e-16
-3.85599e-16
5.39017e-16
1.36208e-16
6.4831e-16
-9.06828e-17
6.12861e-16
6.53021e-16
-2.42412e-17
6.67355e-16
3.58255e-17
-3.35568e-16
2.90129e-16
1.72524e-15
7.05248e-17
2.12941e-16
9.05039e-16
5.55009e-16
2.36312e-16
-4.01337e-16
3.25913e-16
2.84276e-16
-4.424e-16
8.21211e-16
2.22334e-16
8.75292e-16
-2.04823e-16
3.34412e-16
1.6892e-17
7.67092e-16
-1.68939e-16
-3.87974e-16
1.20823e-16
7.67063e-17
8.68934e-16
1.10303e-15
-8.74584e-17
6.58716e-16
4.8261e-16
3.37576e-16
-2.28798e-16
-3.30556e-16
1.32618e-15
2.22313e-16
7.86847e-16
8.51121e-16
-1.64871e-16
3.84345e-16
-6.13867e-16
-1.40383e-16
1.18309e-16
8.76769e-16
3.96693e-16
-2.0345e-16
8.34151e-16
4.48587e-16
9.98942e-16
-4.13233e-17
-3.36989e-16
5.41309e-16
-5.00779e-16
8.07496e-16
1.16999e-15
4.68395e-16
-4.1194e-16
7.84401e-16
-2.9701e-16
7.21884e-16
5.01267e-16
-2.41791e-16
-2.25485e-16
8.63542e-16
-1.78465e-16
-3.31974e-16
-8.42061e-17
2.44687e-16
-4.53583e-16
6.00581e-17
8.25559e-16
1.04861e-15
2.80544e-16
7.64329e-16
2.70896e-16
-5.86213e-16
3.42003e-16
-6.2054e-16
5.564e-16
3.5073e-17
5.054e-16
-7.6127e-16
9.15841e-16
5.06373e-16
-3.07496e-16
3.84495e-16
-8.30179e-16
-6.8501e-16
3.86032e-16
6.90381e-18
-7.74556e-16
2.1071e-16
2.52619e-16
7.28745e-16
-4.88738e-16
1.01554e-15
6.41889e-17
4.97102e-18
5.52756e-17
-4.02044e-16
1.09616e-15
4.18571e-16
5.46807e-16
3.35896e-17
-5.11779e-16
4.31257e-17
-1.31137e-16
-3.76799e-16
-5.43986e-16
-4.15303e-17
3.82941e-16
-6.98804e-17
-3.03716e-16
-1.26087e-16
-9.12327e-16
6.18648e-17
3.43705e-16
-1.16734e-16
6.01312e-16
-2.05567e-16
-2.44958e-16
4.04992e-17
5.5795e-16
-3.05981e-16
7.98964e-16
6.54898e-17
3.18711e-16
8.25185e-17
6.37789e-16
1.37102e-16
-5.12631e-16
-9.15173e-16
2.38254e-16
-6.18699e-16
4.90375e-16
7.25801e-16
-2.21215e-16
5.22152e-16
6.61102e-16
-6.35569e-16
5.54083e-17
7.46947e-16
-5.51861e-16
-5.37466e-17
5.35932e-16
-1.06087e-15
7.26395e-16
4.53419e-16
-7.5365e-18
3.97814e-16
9.41414e-16
1.13729e-17
4.33807e-16
2.74132e-16
9.4292e-16
-5.6989e-16
2.43889e-16
9.42321e-16
1.45807e-16
8.50363e-16
-1.03325e-15
-8.2491e-17
6.95531e-16
1.39163e-16
4.32286e-16
2.50095e-16
2.08419e-16
6.41075e-16
7.21213e-17
2.19927e-16
3.04408e-16
5.95484e-16
3.98595e-16
-5.70207e-16
9.04796e-16
2.68052e-16
2.25424e-16
-7.03263e-17
-3.33984e-16
-2.6337e-16
3.96198e-16
4.80727e-16
7.015e-17
4.59639e-16
-8.80038e-16
1.10235e-15
2.92419e-16
8.5032e-16
4.54965e-16
3.00024e-16
5.18584e-16
5.43034e-16
-3.84966e-16
2.00953e-16
-3.40858e-18
6.79508e-16
1.30324e-16
9.18009e-16
-4.51731e-16
5.59721e-16
3.13705e-16
-2.1213e-16
6.95438e-16
5.26457e-17
-4.4953e-17
7.18386e-16
-3.06818e-16
-9.38445e-17
-3.56762e-16
2.66623e-16
1.29131e-16
-1.92943e-16
-1.55996e-16
2.57793e-16
2.33826e-16
-3.74413e-16
-1.04006e-16
1.68236e-18
4.21869e-16
-4.06663e-16
1.29886e-15
4.0017e-16
1.06618e-16
6.0507e-17
7.90714e-16
5.12662e-17
-1.01619e-16
-1.87089e-16
-3.74608e-17
3.70345e-16
7.76279e-17
-8.44718e-16
4.627e-17
1.29837e-15
-1.01215e-15
-6.58102e-17
3.50678e-16
8.18874e-16
9.43337e-16
3.59093e-16
-1.09555e-16
-7.70131e-16
2.03377e-16
4.60205e-16
2.77236e-16
-5.32647e-16
-1.06327e-15
-8.94113e-17
-6.16008e-16
-8.37167e-18
3.44442e-16
-6.42381e-16
6.58276e-16
1.99404e-17
-2.4737e-16
-6.29367e-16
1.05893e-16
-8.10029e-16
1.27233e-15
7.51973e-17
8.74194e-16
3.8582e-16
-3.67578e-16
6.48451e-16
7.63165e-16
-1.98838e-16
5.94594e-16
1.02874e-15
3.12457e-17
-1.64133e-16
4.23455e-16
6.61997e-16
4.5195e-16
2.29977e-16
-2.96772e-16
8.58829e-16
3.61941e-16
6.75343e-17
-3.05405e-16
4.50415e-16
-7.13415e-16
-1.88529e-16
-5.23712e-16
2.49094e-16
-1.44843e-16
1.13964e-15
-3.27038e-16
3.30451e-16
1.29441e-16
-9.26551e-16
6.36754e-16
9.8251e-16
-7.09987e-17
-9.81553e-17
9.39433e-16
8.43502e-17
-2.83345e-16
8.26265e-17
-6.83534e-16
4.93117e-17
5.30532e-16
5.08939e-16
1.71595e-16
-4.03202e-16
1.46183e-16
1.37971e-16
6.804e-16
-2.91503e-16
7.32994e-16
7.08646e-16
7.59043e-17
1.17605e-15
-3.12297e-17
7.11232e-16
4.38937e-16
7.25741e-16
4.09175e-16
1.0846e-15
-5.05366e-16
1.13474e-16
-4.40205e-16
-7.67913e-17
3.43461e-16
-4.31818e-16
-5.14153e-16
-7.23659e-17
-5.83314e-16
1.77009e-16
6.80508e-17
4.04855e-16
-3.10336e-16
1.31443e-16
-5.57106e-17
3.59438e-16
8.34859e-16
-4.34779e-16
4.57282e-16
-8.3622e-17
4.37725e-16
-1.31562e-17
7.82108e-16
2.46362e-16
-6.91135e-18
4.1569e-16
-4.72879e-16
-6.8728e-16
5.45254e-16
2.6866e-16
3.49479e-16
3.80738e-16
-5.03378e-16
1.41324e-16
9.08329e-16
8.05438e-16
-1.37239e-16
-4.44213e-16
1.13131e-15
-5.13678e-16
2.18513e-16
-4.85719e-16
2.22923e-17
8.12945e-16
2.08703e-17
2.44498e-16
-3.19039e-16
8.02201e-17
-5.13377e-16
3.351e-16
1.81925e-16
3.69158e-16
-2.45926e-16
-4.58151e-16
-1.09643e-16
-6.15954e-16
3.52308e-16
3.99783e-17
-7.42815e-16
-1.80599e-16
4.73104e-16
3.06703e-16
-3.66778e-17
7.69492e-16
5.98939e-17
3.93191e-17
8.66147e-16
1.01548e-15
2.12823e-16
1.03497e-16
2.49744e-16
-5.97124e-16
-3.10438e-16
3.35946e-16
3.23183e-16
3.38271e-16
3.71849e-16
1.71864e-16
5.88996e-16
3.60089e-16
1.42784e-19
1.48516e-16
-1.6366e-16
-4.65096e-16
5.11359e-16
-4.03673e-16
4.24232e-16
7.31456e-16
-4.90977e-16
-9.79159e-17
-4.80886e-16
8.83276e-16
-2.42958e-16
-3.53519e-16
-1.10751e-15
-4.62943e-17
9.39948e-16
5.31925e-16
-5.04725e-16
8.51075e-16
5.62066e-16
8.23212e-16
4.34121e-16
-7.59309e-16
7.38367e-16
1.00991e-15
-2.18834e-16
7.34971e-17
6.39956e-17
1.27244e-16
1.96358e-16
-3.65927e-16
1.88125e-16
6.14639e-16
9.20207e-16
4.99165e-16
-1.961e-16
-7.34682e-16
6.68852e-16
-9.96503e-17
-1.08658e-17
5.86751e-16
1.65691e-16
-2.13604e-16
1.26734e-16
6.58471e-16
-2.79238e-16
-9.21703e-16
-4.55468e-16
-1.49435e-16
7.66708e-17
1.07481e-16
3.64209e-16
-3.10825e-16
3.96181e-16
-3.04663e-16
-5.56271e-16
-3.4719e-16
-6.66248e-16
6.89366e-17
-4.22835e-16
3.82494e-16
1.04826e-15
2.46101e-16
-1.75761e-16
7.16457e-16
3.95454e-16
-6.18984e-16
-7.28187e-16
-4.29416e-16
-1.93777e-16
-5.00109e-16
-2.03062e-16
4.57297e-16
1.94675e-16
3.80655e-17
-5.08893e-16
-3.97369e-16
-1.93596e-16
-5.26029e-16
1.34004e-16
-5.88757e-16
7.28641e-17
6.48672e-16
-5.71317e-16
-1.38851e-15
1.08969e-15
-8.30573e-17
4.28373e-16
-5.52434e-16
1.9092e-16
8.67101e-16
-7.93442e-17
-6.24135e-17
-6.65294e-17
-3.82659e-16
7.73308e-16
1.07957e-15
-6.65102e-16
6.94353e-16
5.92045e-17
-6.10334e-16
3.6276e-16
4.74644e-16
-7.12876e-17
-6.52174e-16
-3.11777e-16
2.32223e-16
5.95132e-16
3.40839e-16
7.89826e-16
-4.06983e-17
1.6513e-16
4.05733e-16
-3.93573e-16
5.50846e-16
8.2465e-17
5.9459e-16
7.00232e-16
8.38549e-17
-4.40275e-17
-4.37664e-17
-1.753e-15
-1.31336e-16
7.28188e-17
4.812e-16
-2.90946e-16
4.55985e-16
-6.58934e-17
8.47148e-16
3.63594e-16
1.32992e-16
5.3904e-16
1.549e-16
2.25525e-16
5.45044e-16
-4.47912e-16
8.44818e-17
-1.12345e-16
4.466e-16
-1.89537e-16
-6.90905e-16
4.38977e-16
-3.13773e-16
1.1064e-15
8.02373e-16
-2.46403e-16
9.91516e-17
-4.60789e-16
3.52599e-16
-7.674e-17
-8.98268e-16
-5.95849e-16
2.90566e-16
-2.70395e-16
1.02338e-15
1.78892e-16
-7.60022e-16
3.10366e-16
-2.53367e-16
3.78066e-16
-3.27284e-17
-2.25343e-16
-1.48984e-16
-3.20628e-17
-5.04687e-17
2.23705e-16
-4.53313e-17
-2.00755e-16
3.00993e-16
-2.70988e-16
3.67343e-16
1.30044e-16
-1.30249e-16
2.11675e-16
-8.53425e-17
4.94272e-16
4.59529e-16
1.52267e-16
4.7366e-16
3.37519e-16
-3.86235e-17
1.24521e-15
6.55803e-16
-9.28051e-17
-7.27559e-16
7.43847e-16
-5.61458e-17
8.71475e-16
-8.71133e-16
1.7796e-16
3.47873e-16
4.78514e-16
8.59523e-16
-3.81501e-16
-5.45557e-16
2.62325e-16
2.41521e-16
8.83323e-17
1.06461e-16
-1.00878e-16
9.16137e-16
-8.27652e-16
3.37315e-17
-8.25876e-16
-2.19814e-16
7.49163e-16
6.25604e-16
3.40742e-16
4.23987e-16
3.63866e-16
8.70724e-16
1.30674e-16
-6.28963e-16
3.03823e-16
-1.92305e-16
8.49494e-17
2.00452e-16
6.81081e-16
8.90073e-16
3.11564e-16
6.84754e-16
1.55854e-17
7.03709e-17
1.55677e-16
7.7146e-16
1.91522e-16
7.0467e-16
2.02076e-16
-2.82382e-16
8.65714e-16
3.53229e-16
-3.11574e-16
-9.71166e-17
6.9752e-17
-1.74824e-16
1.69703e-16
-1.09027e-15
1.40601e-17
1.04111e-16
1.27115e-16
-5.99161e-16
1.17615e-16
1.31431e-16
1.21502e-16
7.30299e-16
-2.28107e-16
2.10875e-16
-6.08184e-16
4.52199e-16
-1.03075e-16
4.21072e-16
-6.24306e-16
-3.76034e-16
9.9041e-16
6.21159e-16
2.83292e-16
-1.44933e-16
-2.82223e-16
-2.81519e-16
2.83896e-16
-4.60718e-16
4.30246e-16
4.02341e-16
3.97303e-16
4.39544e-16
-5.67846e-16
-5.86789e-16
2.37114e-16
-4.33685e-16
1.3304e-16
2.5111e-16
-1.65876e-16
1.00561e-16
5.58467e-18
-1.15307e-15
-1.53404e-16
7.02889e-16
-2.24905e-16
-5.175e-16
2.84041e-16
2.00353e-16
1.55098e-16
2.47382e-16
6.17169e-16
-1.02388e-15
-8.06456e-17
-6.97664e-16
-2.18258e-17
-9.15722e-17
4.54209e-17
-4.15368e-16
3.1645e-16
2.64413e-16
1.2869e-16
1.72365e-16
2.9023e-16
8.09805e-16
-4.08372e-16
3.65761e-16
1.59726e-16
3.22462e-16
-2.05112e-16
-2.17858e-16
-7.12652e-17
-6.78674e-17
4.22201e-16
-1.50933e-16
3.40215e-16
2.66024e-16
-5.38492e-16
2.53617e-16
1.09211e-16
2.45894e-16
-1.29448e-16
-3.74934e-16
-3.45843e-16
4.3205e-16
9.45508e-16
7.44653e-17
3.06333e-17
1.66768e-16
1.09487e-16
6.3954e-16
-1.39186e-16
-2.65834e-16
9.1515e-16
3.09033e-16
4.07931e-17
1.90858e-16
-1.3014e-16
2.88881e-16
-2.32599e-16
-1.19788e-16
-3.50328e-18
1.4223e-15
4.76498e-16
-4.91263e-16
-2.46634e-17
4.02022e-16
-1.9116e-16
-3.28767e-16
3.24223e-16
3.67924e-16
-3.96997e-16
3.54688e-16
1.99328e-16
-1.8259e-18
1.02502e-15
2.95045e-16
-4.6613e-16
2.61943e-17
2.55473e-16
-2.59497e-16
6.00729e-17
1.13628e-17
-3.22853e-16
-6.38565e-16
1.75778e-16
2.06141e-16
7.57842e-17
1.50278e-16
3.50922e-16
-1.66143e-17
-1.19993e-16
-3.83642e-17
-3.94666e-16
4.9191e-16
-1.19986e-16
-3.19412e-16
6.9317e-16
2.27122e-16
8.05422e-17
-2.37026e-16
3.93516e-16
2.63556e-16
6.31715e-16
-5.38453e-16
2.07892e-17
-1.55355e-16
-3.42217e-16
3.15599e-16
2.16266e-16
-5.3776e-17
2.17869e-16
-5.021e-16
-8.27851e-16
-2.28239e-16
-4.13663e-16
2.5749e-16
6.36499e-16
1.75999e-16
1.12085e-15
-1.99008e-16
1.0299e-16
-2.51176e-16
-2.66479e-16
6.84253e-16
2.97334e-16
-1.20945e-16
-3.98879e-16
3.05749e-16
-2.09668e-16
-4.5406e-17
2.24184e-16
1.34625e-16
1.78479e-17
-1.36329e-16
-7.98525e-16
-1.008e-16
5.9219e-16
-4.30876e-16
-5.54205e-16
6.4682e-16
3.17755e-16
2.66244e-16
2.90362e-16
7.01371e-16
5.20561e-16
-1.23517e-16
-2.69595e-16
1.68568e-16
-6.45591e-16
1.72696e-16
6.78275e-16
6.15663e-16
5.72614e-16
-3.49349e-16
1.75331e-17
5.34883e-16
-3.94138e-16
-5.32004e-16
5.07299e-17
3.44319e-17
5.14565e-17
1.54225e-16
-4.76473e-16
9.12261e-17
3.00462e-17
2.59302e-16
4.88831e-16
-1.14854e-16
2.52772e-16
-2.46713e-16
5.65705e-17
4.7024e-16
-1.49069e-16
5.2216e-16
3.70368e-16
-2.20198e-16
-1.82757e-16
1.65004e-16
-4.05835e-17
-2.39487e-16
-4.76038e-16
-4.00077e-16
2.06326e-16
1.9851e-17
-4.10494e-16
-9.47154e-17
3.73566e-16
1.15351e-16
5.41117e-16
1.97259e-16
1.37471e-16
-3.72687e-16
-3.62848e-18
5.67848e-16
1.84751e-16
3.72967e-16
-8.70072e-17
2.96028e-16
3.64363e-16
-5.29499e-16
1.32217e-16
4.87639e-16
3.9717e-16
-3.61141e-16
-1.42701e-17
2.02731e-16
-5.56028e-16
-3.03393e-16
4.09942e-16
3.77591e-16
1.00056e-16
-3.13538e-16
-9.21221e-16
2.29455e-16
6.84593e-16
-6.04204e-16
5.7087e-16
-1.5291e-16
-4.204e-16
5.87901e-16
7.88436e-16
3.11789e-16
1.02223e-15
-1.71835e-16
2.0323e-16
-6.09797e-16
-1.60355e-17
-6.29247e-18
-2.1797e-16
8.66525e-16
1.5819e-16
5.07499e-16
9.99546e-16
-4.40542e-16
3.31467e-16
1.03874e-16
-1.31967e-16
-2.61873e-16
-4.0166e-16
5.18393e-16
3.92038e-16
2.73355e-16
8.8723e-18
-4.99868e-16
6.79347e-16
2.98271e-16
-1.8027e-16
4.97471e-16
4.21938e-16
3.18583e-18
8.1763e-16
-7.10067e-17
4.53044e-16
-3.66304e-16
4.58993e-17
2.96858e-16
4.26812e-16
4.68172e-16
6.61815e-17
3.74643e-16
3.4878e-16
-2.93068e-16
3.99872e-16
2.79133e-16
-1.62183e-16
3.18802e-16
1.40278e-16
5.60651e-16
-3.18847e-16
-5.15057e-16
-3.88444e-16
5.84201e-16
5.14881e-16
3.50526e-17
-7.13256e-16
6.28041e-16
-1.1184e-16
1.82033e-16
7.34548e-16
7.67771e-16
-3.06743e-16
1.46821e-17
-2.92199e-16
3.11115e-16
-1.81541e-16
-1.15957e-16
-1.02836e-16
3.56379e-16
3.87593e-16
-4.28733e-16
-6.95882e-17
5.37716e-16
-7.77278e-16
2.98857e-16
3.92863e-16
-3.72983e-16
2.82859e-16
2.10297e-16
-3.14457e-17
-3.65383e-16
6.35221e-16
-1.70734e-16
3.53997e-16
5.10688e-16
-1.7391e-16
2.88744e-16
3.99847e-16
-3.10826e-16
-2.7707e-16
-5.11041e-16
-2.79326e-16
-4.27694e-16
-3.73279e-16
-5.13022e-17
4.46829e-16
-8.7414e-16
3.02922e-16
-7.56686e-16
4.62608e-16
-4.81772e-16
-2.31596e-16
1.00597e-15
-6.25709e-16
5.47655e-16
5.69026e-16
1.90677e-16
-2.0332e-16
-4.09791e-16
-1.38449e-16
1.40265e-16
1.47195e-16
-1.85618e-16
-4.17213e-16
-7.19703e-16
1.26081e-15
2.77088e-16
1.50316e-16
2.47782e-16
-4.3478e-16
-4.08468e-16
-1.96512e-16
5.23467e-17
9.88878e-17
4.1491e-16
3.65833e-16
-4.51779e-17
2.14395e-16
-3.61516e-16
-2.94605e-16
4.30881e-16
-2.01218e-16
-4.90128e-16
5.71555e-16
-1.6853e-16
-1.73544e-16
-5.51495e-17
-3.08791e-16
3.98458e-16
2.40482e-16
6.33171e-16
2.03323e-16
-1.7911e-16
1.31808e-16
2.54619e-16
3.70678e-16
-1.01711e-16
-3.37637e-16
1.74084e-16
2.39694e-16
7.20623e-16
4.66475e-16
6.25354e-16
-7.15354e-16
5.18104e-16
-3.75831e-16
6.37005e-16
-8.9896e-17
-3.41857e-17
-2.12348e-16
6.26782e-16
2.32759e-16
-8.87962e-17
-1.02819e-16
6.27842e-16
-2.59304e-16
-1.86933e-16
3.26198e-16
-2.75273e-17
-1.19554e-16
-1.67398e-17
8.86514e-16
-7.00584e-16
-3.75398e-16
8.54901e-16
3.976e-16
-2.55301e-16
-3.53728e-18
-5.15824e-16
3.30603e-16
-1.30966e-16
6.63233e-16
2.84715e-16
8.71338e-17
-5.83723e-16
-2.54067e-16
-7.65129e-17
-6.94896e-16
2.48181e-16
-6.61403e-17
-5.35219e-16
1.81129e-16
2.43983e-16
-1.0743e-16
-3.67116e-16
5.03308e-16
5.46312e-16
2.53098e-16
3.86139e-16
-6.22303e-17
-1.07308e-16
-8.95295e-16
1.75393e-16
-3.25917e-16
-2.62257e-16
-1.08378e-15
4.9352e-16
2.90542e-16
8.433e-16
-7.29174e-16
9.23178e-17
-1.40509e-16
1.78674e-16
5.41493e-16
-2.07292e-16
3.86054e-16
-1.22949e-15
4.90278e-16
6.25793e-16
1.38076e-16
-2.93206e-16
1.49604e-17
5.43709e-16
-5.5596e-16
-7.11417e-16
-2.46527e-16
7.90017e-16
-1.56278e-16
3.13386e-16
1.63178e-16
8.99801e-17
-7.20861e-16
7.46345e-16
2.07297e-16
-1.3474e-15
5.21189e-16
-2.78082e-16
5.52871e-16
-2.62058e-17
7.28458e-16
4.17436e-16
-5.6588e-16
3.24761e-16
-3.21673e-17
-6.05188e-16
5.09581e-16
2.71907e-16
1.45714e-15
-2.14072e-16
-4.19705e-17
5.58564e-16
4.26371e-16
-4.6737e-16
3.04606e-16
3.70236e-17
-4.65348e-16
4.77583e-16
-6.39307e-16
2.01045e-16
2.70816e-17
1.66904e-16
1.26746e-15
-6.55383e-16
1.90354e-16
2.8597e-16
9.88901e-16
7.74251e-18
1.41941e-16
-8.151e-16
3.28604e-16
-4.75612e-16
-3.99485e-16
-7.03918e-16
2.87566e-16
2.41154e-17
-2.90886e-17
3.08333e-16
-4.46666e-16
2.44558e-16
-4.93772e-17
-1.39454e-16
2.07006e-16
-2.73687e-16
7.36139e-16
7.32634e-16
2.86435e-17
5.26757e-17
-9.03484e-16
1.72253e-16
5.65724e-17
-1.3459e-16
-7.61553e-17
-2.93497e-16
8.46334e-18
4.30032e-16
-9.84119e-17
-2.01932e-16
-3.71116e-16
4.93116e-16
5.73769e-16
-1.631e-16
-8.5953e-17
-3.42921e-16
1.22071e-16
7.14855e-16
-7.48942e-16
2.00303e-16
-7.03569e-16
-4.4961e-16
8.6895e-16
-2.49713e-16
7.65588e-16
5.8462e-16
-3.40815e-16
-6.91479e-17
5.22229e-16
-1.12301e-15
8.41634e-16
-1.08666e-15
-3.91401e-16
2.10547e-16
-4.71445e-16
-5.42082e-16
6.42048e-16
-3.52511e-16
-6.16905e-16
-3.1008e-16
6.01584e-16
3.99293e-16
-5.29787e-16
8.22262e-16
-5.34102e-17
7.07896e-16
-3.5913e-16
-6.55128e-16
9.41598e-17
1.39362e-16
9.77661e-17
-8.29336e-16
3.58203e-16
5.05658e-16
-3.55779e-16
-1.03654e-16
-5.45471e-16
5.24415e-18
4.46421e-17
-4.66323e-17
1.1848e-15
-9.1175e-16
8.5543e-17
5.89218e-16
-2.26505e-16
3.99768e-16
6.19988e-17
-7.65748e-17
-1.21208e-15
2.08155e-16
7.11471e-16
-8.81021e-16
-4.24049e-16
4.03232e-16
-6.15852e-16
9.71938e-16
8.39627e-16
1.93993e-16
7.03644e-17
-7.37428e-17
-1.43131e-16
5.50128e-16
-1.00797e-15
-3.45292e-17
-5.38798e-16
5.98774e-16
-8.21292e-17
3.63951e-16
-8.43172e-17
2.86609e-16
-4.74167e-16
5.0281e-16
7.2779e-16
-5.39548e-16
-6.30768e-16
1.2101e-16
-2.35968e-16
-3.79001e-16
4.31775e-16
4.12898e-16
-3.91969e-16
3.90857e-16
-2.19055e-16
-6.98558e-16
6.42745e-16
3.86898e-16
-3.1581e-17
3.82538e-17
5.40261e-16
-9.76575e-16
-7.86957e-16
7.78666e-16
4.44913e-16
6.35049e-17
3.51962e-16
-1.05874e-15
-4.02575e-16
2.15154e-16
3.74921e-16
4.3388e-16
-6.90231e-16
4.88371e-16
-6.20122e-16
3.1745e-16
2.34464e-16
-6.94177e-17
1.21882e-15
-2.90791e-16
6.44798e-16
4.95358e-16
-3.46564e-16
7.3881e-16
2.44709e-16
-4.26763e-16
1.64041e-16
-1.14218e-15
-1.72063e-16
2.35008e-16
3.50897e-16
4.64954e-16
-5.17709e-16
-2.23358e-17
1.74744e-16
-6.78526e-17
-2.92831e-16
-7.83173e-17
3.95973e-17
5.21147e-17
8.44718e-16
-5.06517e-16
4.09897e-16
-2.58782e-16
-1.15155e-16
-6.4314e-17
-2.3269e-16
-7.53885e-16
-7.40216e-16
1.53545e-16
-3.39959e-16
-5.35344e-16
1.52031e-16
-2.7048e-16
8.61345e-17
1.0393e-15
-4.42436e-16
-1.40007e-16
3.50693e-16
4.489e-16
5.17052e-16
6.26512e-16
7.46245e-16
-6.28301e-16
6.65546e-16
5.13183e-16
-2.32541e-16
5.92999e-16
-1.07387e-16
-2.41059e-16
4.80785e-16
1.20319e-16
-1.44031e-16
-5.01507e-17
-7.72631e-16
6.15415e-16
-2.49498e-16
-3.4753e-16
-8.84319e-16
-1.22274e-15
-5.3227e-16
-2.38545e-16
1.26458e-15
1.50515e-16
-3.88129e-16
5.37457e-16
2.68917e-16
1.1231e-15
6.24737e-16
-9.98919e-16
-2.71161e-16
1.48837e-16
2.40432e-16
6.70858e-16
-2.53079e-16
-2.64812e-16
7.83699e-18
3.79229e-16
4.16974e-18
2.53312e-16
-5.04188e-16
1.50877e-16
-4.38558e-16
-2.34806e-16
-1.98301e-16
1.05407e-16
1.8027e-16
1.75912e-16
-2.00888e-16
-7.17786e-16
7.03778e-16
-5.30786e-16
7.50333e-16
-6.15685e-16
7.74037e-16
-6.84448e-16
3.08959e-16
6.64476e-17
1.77279e-16
-5.92171e-16
-8.6982e-16
-2.95839e-16
-1.35987e-15
7.84648e-16
-8.53067e-16
-9.0947e-17
-8.71774e-16
-3.55293e-16
1.69305e-16
5.26727e-17
-4.11103e-16
-4.53381e-16
4.62542e-16
-8.86983e-16
1.64489e-15
-5.44947e-16
-1.52507e-16
-5.54677e-16
4.40999e-16
1.1645e-15
3.26205e-16
6.77313e-16
-6.70477e-16
5.1157e-16
-2.10437e-16
-2.24076e-16
-2.42169e-16
-1.40547e-17
1.33963e-16
5.99497e-16
6.16671e-16
-3.20032e-16
1.01682e-15
2.93034e-16
5.37266e-16
1.69712e-16
-1.51356e-16
9.47635e-17
-1.16696e-16
-1.40647e-16
-7.56914e-16
2.69703e-16
-5.47975e-16
6.01654e-16
2.57953e-17
-8.51093e-17
-3.83674e-16
1.18562e-16
6.11364e-16
1.39712e-15
-6.93366e-16
2.05022e-16
4.68904e-16
9.61392e-16
3.77452e-16
2.74523e-16
8.40368e-17
4.79189e-16
-6.49156e-16
1.19393e-15
8.44474e-17
4.55195e-16
1.16608e-15
2.47189e-16
3.29364e-16
5.17441e-16
8.28252e-17
-2.50064e-16
1.68782e-15
3.44691e-17
2.13695e-16
5.67969e-16
4.64823e-16
7.99048e-16
-1.65844e-15
9.3592e-16
-6.84576e-17
7.89611e-17
-8.52654e-16
6.33551e-18
3.17853e-17
-2.95335e-16
1.18719e-15
-6.8188e-16
-1.05234e-16
5.6261e-16
3.00979e-17
1.5036e-16
1.23139e-16
3.8153e-16
2.67513e-17
-9.31221e-17
-1.26998e-15
4.15806e-16
2.64589e-16
-1.21733e-16
2.44903e-16
3.45144e-16
-2.28088e-16
-5.24091e-17
5.31625e-16
-3.97004e-16
9.0129e-16
-1.82273e-16
-4.9826e-17
-3.96316e-16
-6.6074e-16
-6.28082e-17
-1.3957e-15
-2.38794e-16
4.22112e-16
5.11345e-16
-5.8617e-16
6.04643e-17
-1.27512e-15
-3.80513e-16
-8.49874e-16
6.71347e-16
1.38962e-15
-1.17404e-15
3.85878e-16
-2.43131e-16
-1.01945e-16
1.92776e-16
3.55333e-16
1.0374e-16
2.0111e-16
8.05818e-16
-7.56086e-16
-1.73603e-16
2.34306e-16
1.32964e-16
9.84389e-17
1.71234e-16
1.02062e-15
4.39438e-19
-4.46635e-16
-8.40589e-16
8.1628e-16
4.69814e-16
-1.03038e-15
-5.85278e-16
-3.87413e-16
6.47337e-16
2.1707e-16
4.72079e-16
-2.29003e-16
-1.48646e-16
1.04849e-15
-3.89553e-16
2.5082e-16
1.73903e-16
1.15599e-15
-2.83616e-16
8.81403e-17
6.8224e-16
-4.79172e-16
4.8768e-16
2.49106e-16
7.06506e-17
-3.41634e-16
6.7717e-17
-1.063e-16
2.15279e-16
4.3228e-16
6.56852e-16
1.06099e-15
-2.33883e-16
1.69857e-15
-6.16967e-16
-2.14671e-16
-1.1828e-15
7.66069e-17
9.11185e-16
1.12151e-15
1.78774e-16
6.23213e-16
-1.26955e-16
-1.34271e-15
8.08047e-16
1.61618e-16
-2.71205e-16
-4.20795e-16
1.17233e-16
3.53511e-16
-3.21692e-16
-1.08703e-16
-4.35219e-16
9.17435e-16
-1.49718e-16
4.43604e-16
-8.22205e-16
2.91747e-16
-3.86262e-16
-4.84952e-16
-4.0422e-17
-1.22707e-16
-2.10135e-17
-4.45201e-16
2.05474e-16
8.11879e-16
8.0659e-16
8.76085e-16
-4.88071e-17
-4.88421e-16
4.07466e-16
-3.75075e-16
-7.11813e-16
-1.19831e-17
1.81249e-16
3.28626e-16
-1.14292e-15
3.03934e-16
4.39498e-17
3.88666e-17
8.90285e-18
-1.25589e-16
1.3981e-16
6.28371e-16
2.85212e-16
1.72756e-16
2.32007e-16
-2.84931e-16
-5.81074e-16
-1.14998e-15
-3.13675e-16
-5.0272e-16
4.26719e-16
-1.12248e-15
1.02453e-15
1.4185e-16
8.34918e-16
1.1461e-16
-1.09969e-15
-2.06189e-16
-6.54478e-16
-3.18885e-16
3.494e-16
9.44346e-16
-4.21621e-16
-8.52999e-16
6.54744e-17
-1.59079e-16
5.51618e-16
-1.15697e-16
-4.56211e-16
4.82564e-16
-6.14294e-16
4.52791e-16
4.6116e-16
-5.29355e-16
1.204e-15
-3.55515e-16
-6.4213e-17
9.76841e-16
-9.04897e-16
-2.60054e-16
1.44515e-16
-2.32736e-16
-1.16365e-16
-1.18762e-15
-2.7193e-16
-6.39593e-16
4.24875e-16
5.54674e-16
2.55219e-16
-6.43241e-16
1.06953e-15
1.45784e-16
1.365e-16
-4.14925e-16
8.44615e-16
8.35451e-16
4.25426e-16
3.07897e-16
-8.44979e-17
-1.39209e-16
2.12235e-16
-4.34422e-16
-4.98823e-16
-2.63862e-16
-1.85701e-16
-1.10605e-15
8.56302e-16
7.10768e-16
-1.62961e-17
-1.51889e-16
-7.65711e-16
3.59187e-16
-4.50855e-16
3.25072e-17
-8.28075e-16
-9.33816e-17
2.67914e-16
6.76667e-17
1.28417e-15
-5.40241e-16
-2.44633e-16
-3.08762e-16
6.2127e-16
7.22289e-16
5.91361e-17
5.70412e-16
-9.41361e-17
-3.97426e-16
7.3163e-16
-3.18488e-16
4.59983e-16
-3.4354e-17
5.06869e-17
-3.98033e-17
-9.34581e-16
8.02256e-16
-6.81891e-16
2.41372e-17
9.5391e-16
1.02253e-16
6.44343e-16
-8.89888e-16
-5.83477e-17
3.81526e-16
2.40189e-16
9.50746e-16
-2.66015e-17
4.78106e-16
-1.93808e-16
6.22724e-16
-9.89523e-16
-3.0013e-16
1.04808e-15
5.39153e-16
-4.5009e-16
-5.47769e-16
-6.43838e-16
7.26065e-17
-4.65181e-16
4.42348e-16
-5.07973e-16
1.69774e-16
-6.20792e-17
4.89481e-17
-1.65659e-16
-2.66742e-16
-8.1008e-17
-6.41162e-16
-5.62634e-16
2.08956e-16
4.50629e-16
-4.84253e-16
8.09367e-16
1.63876e-16
1.22238e-15
3.74077e-16
3.84738e-16
1.26861e-16
-1.23578e-16
-1.67882e-16
-4.80428e-16
1.06077e-16
-6.25289e-16
2.2323e-16
1.26131e-16
2.32077e-16
-9.90922e-16
6.81155e-16
-6.45823e-17
5.7208e-17
2.29084e-16
-1.86934e-16
-4.94221e-16
4.27297e-16
4.15871e-16
-3.02424e-16
3.96232e-16
4.22069e-16
-6.42883e-16
-3.83347e-16
-3.89745e-16
2.81149e-16
1.23045e-16
-4.07551e-16
-5.63204e-18
-3.08835e-16
-2.13256e-16
-2.75829e-16
4.46315e-16
-1.06e-15
1.16695e-15
-2.38982e-16
1.63024e-16
-3.05517e-16
4.08064e-16
7.61711e-16
3.13702e-16
1.19103e-16
-3.65957e-16
1.47701e-16
4.53738e-16
-4.11742e-16
1.56211e-15
3.09943e-16
-5.60272e-16
3.30494e-18
-3.50129e-16
2.80181e-16
5.49907e-16
-1.9941e-16
-3.82916e-17
-3.28411e-17
-4.31574e-16
9.39047e-17
-7.4966e-16
9.90441e-17
7.99354e-16
-1.41381e-15
-4.65035e-17
4.01969e-16
4.88457e-16
-5.13199e-16
5.71136e-16
-6.53575e-17
-1.32999e-16
-5.65979e-16
1.19994e-15
-3.68983e-16
-5.18966e-16
-5.83422e-16
2.8065e-16
-1.05656e-15
3.11725e-16
-3.12556e-16
4.81206e-16
-7.84818e-16
3.08412e-16
-2.9267e-16
1.10133e-15
-1.77919e-17
-3.59028e-16
-3.51588e-16
3.13775e-16
5.55271e-16
3.87058e-17
2.077e-16
3.00975e-16
3.4872e-17
7.98053e-17
6.1104e-16
-3.44717e-16
3.97576e-16
6.47233e-17
9.06826e-17
-1.47773e-16
3.08676e-16
-1.77123e-16
1.17103e-16
4.67223e-16
-3.24593e-16
-2.66188e-16
5.48028e-16
-7.3089e-16
-3.48588e-16
5.77189e-18
-1.04564e-16
5.35694e-16
-2.41119e-16
6.84159e-16
-3.21958e-16
2.37993e-16
-6.94392e-16
5.31858e-16
2.78813e-17
1.05309e-15
-3.59663e-16
-3.17525e-16
2.9064e-16
1.43672e-16
-3.91392e-16
4.43957e-16
-9.94989e-17
3.39577e-17
-2.92433e-17
2.9507e-16
-1.52663e-16
-2.89335e-16
4.57199e-16
5.96123e-16
-8.13528e-18
3.8328e-17
8.94949e-16
-3.99462e-16
4.69544e-16
-9.27476e-16
1.15102e-15
-3.92004e-16
1.30053e-16
-1.61475e-15
-8.86267e-17
6.98999e-16
-3.12863e-18
1.82075e-16
1.65252e-16
-3.50191e-16
3.56612e-16
-4.32937e-16
2.32173e-16
-1.78921e-16
-1.69307e-16
-6.15219e-16
-9.13748e-17
7.15159e-17
2.08596e-16
2.48158e-16
1.9481e-16
-8.05044e-16
-6.24016e-17
-3.46529e-17
7.25538e-18
-6.31172e-16
3.33051e-17
4.32556e-16
1.0075e-16
-2.09342e-16
9.26477e-17
-8.17277e-17
1.63966e-16
-2.20906e-16
5.54375e-16
-4.3562e-16
1.02901e-15
-5.89072e-16
4.159e-16
-7.07758e-16
1.11047e-16
1.4818e-16
2.82795e-16
6.0613e-16
-1.67432e-16
-1.07204e-15
1.30809e-15
-7.1602e-16
7.85466e-16
-8.52298e-16
1.93564e-16
-3.11354e-16
5.44768e-16
5.28775e-16
8.8768e-16
-8.10024e-17
6.65346e-16
-2.916e-16
-4.33302e-16
4.25567e-16
-4.56447e-16
2.69354e-16
-7.60958e-16
4.40793e-16
-2.91362e-16
-4.02564e-16
5.08865e-16
2.59001e-16
-4.26575e-16
-2.86937e-16
5.69513e-16
-1.47342e-16
-3.38325e-16
2.2833e-16
6.02485e-16
5.58543e-16
2.30516e-16
8.53015e-16
-1.98345e-16
-9.40737e-16
4.22321e-17
2.80862e-16
3.12132e-16
-7.92481e-16
8.90556e-17
-4.48535e-17
4.9201e-16
4.09748e-16
2.1861e-16
-1.50489e-16
-2.49008e-16
-8.67944e-17
-3.157e-16
-4.67273e-16
-1.88901e-16
-6.02298e-16
-6.74647e-16
-6.38183e-16
-1.41287e-16
-2.19431e-16
-8.114e-17
3.75209e-16
6.12167e-16
-1.20679e-16
-4.21963e-16
4.72712e-16
-1.02765e-15
1.0657e-15
-2.58807e-16
7.0083e-16
1.42443e-16
2.51715e-16
3.31034e-17
8.68514e-17
-6.50578e-16
1.44649e-15
-7.10106e-16
-4.34336e-17
3.80987e-16
-5.71579e-16
4.28768e-16
-3.66734e-17
3.74899e-16
-2.10205e-16
4.25482e-17
-5.54685e-16
5.24466e-16
-3.44795e-16
7.83824e-16
-1.83879e-16
-1.90849e-16
2.05814e-16
-1.63369e-16
3.53184e-17
-6.7798e-16
-6.53424e-16
5.52286e-17
-3.91766e-16
4.0709e-16
8.56453e-16
7.47911e-17
-1.65299e-16
5.82329e-17
9.85881e-16
-5.28297e-16
4.23323e-16
-3.59202e-16
2.7482e-16
-3.46661e-16
-2.28279e-18
3.1786e-16
1.71563e-16
-2.33887e-16
3.71147e-16
-6.13439e-16
1.96136e-16
3.14607e-16
5.94573e-17
4.89822e-17
6.61405e-16
1.97343e-16
-2.02214e-16
-5.61423e-16
-3.87264e-16
-5.81928e-16
1.00839e-15
5.88232e-16
-1.02999e-15
6.47528e-16
-3.94682e-16
-1.87186e-16
-1.09394e-15
-3.86669e-16
-1.74815e-17
6.51874e-16
-1.079e-15
5.75334e-17
4.44031e-16
-3.92212e-16
4.58057e-16
3.56814e-16
2.99988e-16
1.76751e-17
-3.02322e-16
-2.88517e-16
3.33796e-16
-2.37188e-16
-4.54525e-16
-2.2371e-16
1.78247e-16
1.90199e-16
-1.3048e-16
-1.28995e-16
-8.47106e-16
4.89411e-16
8.16873e-16
-1.36564e-16
3.0047e-16
-5.22017e-16
3.04277e-17
3.86698e-16
-9.23365e-16
-3.43303e-17
4.32691e-16
-9.46719e-16
3.24512e-16
2.91618e-16
4.30619e-16
6.83966e-16
-3.50572e-16
9.46853e-17
-1.76092e-16
2.13675e-16
6.5095e-17
6.93417e-16
-2.54685e-16
1.79548e-16
6.04243e-17
-4.12515e-16
-9.35716e-16
-3.01419e-16
-6.54845e-17
4.17589e-16
4.03211e-16
-2.76654e-16
-3.31924e-16
-1.70382e-16
-1.58947e-16
-1.43263e-17
3.94718e-18
6.77055e-17
1.3646e-18
8.30204e-16
2.74859e-16
2.80755e-16
4.08542e-17
-9.90681e-17
-4.12383e-16
-3.13954e-16
6.97789e-17
2.43527e-16
-5.93253e-16
-3.38256e-16
-7.86476e-16
1.11571e-15
-2.94092e-16
5.70914e-16
-9.7818e-17
-1.72115e-16
-7.94406e-17
-2.59077e-16
-1.58928e-16
8.80874e-16
-1.14729e-16
1.2326e-16
-1.63737e-16
1.16467e-17
-8.39887e-17
4.3118e-16
1.26068e-16
8.03332e-17
3.19293e-16
2.06179e-16
-1.06337e-15
9.16513e-16
-5.41864e-17
-3.93291e-16
3.12961e-16
-4.86298e-16
4.49254e-17
-4.9134e-16
-1.32166e-16
4.21472e-16
5.89208e-17
-2.63229e-16
5.35122e-16
3.38654e-16
-1.8141e-16
6.06408e-16
7.08704e-16
4.99437e-16
-2.27204e-17
8.12145e-17
-3.60693e-16
7.15722e-16
-3.90423e-16
4.01253e-16
2.78796e-16
1.28618e-15
-3.18358e-16
1.42925e-16
-2.061e-17
-4.66919e-16
5.24969e-16
-3.90804e-16
-1.35787e-16
5.62252e-16
3.83729e-16
2.49461e-16
-5.56392e-16
5.16543e-16
1.21612e-15
8.52889e-17
1.01529e-15
-2.98613e-16
-1.25785e-16
9.8779e-17
-4.30739e-16
5.44633e-16
-1.27927e-16
1.10067e-16
1.30762e-16
-7.79814e-16
9.48944e-16
-5.22954e-16
3.20408e-16
7.59395e-17
-3.65365e-16
7.37093e-16
2.9093e-17
1.54972e-16
-4.70154e-17
1.21435e-16
8.59619e-16
2.016e-16
-7.01693e-16
5.45116e-16
-6.37409e-17
-4.38956e-17
-2.33118e-16
1.0022e-15
1.25168e-16
-2.40404e-16
8.85259e-16
-4.12817e-16
-3.53848e-16
-3.57603e-16
5.95512e-16
-8.00311e-17
-6.85612e-16
4.31244e-17
-5.17327e-16
-2.97771e-17
-3.42033e-16
-1.24285e-16
1.1502e-16
-5.64916e-16
2.20569e-16
-3.25866e-16
-3.61407e-17
-5.45332e-17
-4.18438e-16
-5.81943e-16
-2.67204e-16
6.25919e-17
1.5035e-16
6.192e-17
-2.19587e-16
-2.40788e-16
4.21435e-16
-4.35821e-16
6.39163e-17
-8.84618e-16
-8.18917e-16
3.5445e-16
-1.23422e-16
-4.691e-16
9.08896e-16
-4.48431e-16
2.26473e-16
-6.26566e-16
7.23484e-16
5.98084e-16
-4.71047e-16
9.95678e-16
-5.53474e-16
7.35983e-16
4.81068e-17
-1.54908e-16
-9.08231e-17
-6.33608e-16
5.32364e-16
-6.89275e-16
7.7412e-17
-2.95743e-16
3.04855e-16
3.375e-16
-7.20334e-16
6.63846e-16
7.2051e-17
5.44811e-18
3.92078e-16
8.67974e-16
-1.37035e-16
1.05158e-16
-1.53979e-16
1.63531e-16
-7.31829e-17
-3.73281e-16
3.34655e-16
4.65237e-16
1.06182e-15
1.36862e-16
-2.30311e-16
-6.05649e-17
-3.89297e-16
6.8473e-16
1.84186e-16
-6.44503e-16
1.19007e-15
-9.01706e-16
9.15262e-17
1.13014e-16
-5.20984e-16
9.39105e-17
6.44751e-16
-5.71264e-16
3.3036e-16
2.7827e-16
7.25145e-18
1.84882e-17
-3.33871e-17
5.58289e-16
4.42146e-16
1.95017e-16
-3.28537e-16
2.6188e-17
-2.24603e-16
3.79771e-16
2.95946e-17
1.1321e-15
8.48555e-17
2.80336e-16
1.08775e-16
-6.49555e-16
-1.46134e-16
6.61232e-16
-6.76858e-16
-9.688e-17
-2.77184e-16
1.21646e-15
-1.23958e-15
4.83808e-16
-3.08194e-16
-3.00337e-16
7.19126e-16
2.53506e-16
6.5377e-17
-2.30737e-16
-2.83107e-16
-1.1838e-16
6.50299e-16
-5.45696e-16
1.43401e-16
-6.24387e-17
-2.21321e-17
-2.87776e-16
-5.58685e-16
1.879e-16
-2.62186e-16
1.46725e-16
-2.08991e-17
-3.17538e-16
-1.80647e-16
2.44374e-16
3.4356e-16
7.09847e-16
-2.41842e-16
1.01237e-16
-6.28075e-16
-3.81679e-16
4.21901e-16
-1.7176e-16
3.33848e-16
-1.21918e-16
-6.66941e-16
5.90128e-16
-4.80869e-16
1.94155e-16
3.15679e-16
2.00924e-16
-1.24193e-16
-3.73039e-16
-1.33092e-16
1.13809e-16
-3.01567e-16
-4.68166e-16
-1.98256e-16
-6.14459e-16
7.78913e-16
2.78078e-16
2.71628e-16
-3.27255e-17
1.96474e-16
-8.05215e-16
6.39454e-16
-1.0019e-16
-5.55135e-16
3.37229e-16
7.25044e-16
-8.78607e-16
7.8993e-16
-6.66524e-17
4.97495e-16
2.10038e-16
3.01606e-16
-9.87134e-17
6.57155e-16
-1.20738e-16
-1.18692e-16
-5.34771e-18
-4.09862e-16
3.01973e-16
-8.91306e-16
5.35831e-18
3.5375e-16
1.89653e-16
6.55841e-16
-5.87262e-16
5.17107e-17
7.3823e-16
6.43844e-17
8.92079e-17
-8.85329e-17
-6.87291e-16
-4.6198e-16
-1.3303e-16
3.52109e-16
2.6154e-16
-2.91699e-16
3.80129e-16
-1.07618e-16
-7.84744e-17
2.94449e-16
-1.66466e-16
-4.50518e-16
1.71979e-16
-5.53706e-16
2.31336e-16
5.79289e-17
2.12202e-16
-3.81394e-16
3.01965e-16
1.70241e-16
5.04753e-16
5.51636e-16
4.99172e-16
4.25337e-16
-4.16351e-16
-4.31681e-16
-8.80023e-17
3.32685e-16
-1.15961e-16
6.56316e-16
3.12942e-16
-5.64757e-17
-1.36914e-16
1.48922e-16
-1.99361e-16
-3.52082e-16
2.57396e-16
1.25557e-16
-3.59455e-17
1.95562e-16
-7.85939e-16
-5.7415e-16
-1.57338e-16
-2.77202e-17
-6.51732e-16
6.4336e-16
-9.31738e-16
6.61118e-16
-3.02274e-17
1.86179e-16
1.60037e-16
2.46665e-16
-9.55931e-19
2.30025e-16
-4.49242e-16
2.94528e-16
-4.58579e-16
-2.6707e-16
3.40884e-16
4.396e-16
7.38475e-17
4.96493e-16
1.03742e-16
-9.00584e-16
-1.21011e-15
6.40245e-16
-7.04941e-16
-2.80295e-16
3.46008e-16
3.65434e-16
-5.52889e-16
3.48099e-16
1.03387e-16
3.72833e-16
-4.48167e-17
1.90178e-16
-1.95145e-16
1.69483e-16
-8.7433e-17
3.62181e-16
-4.67856e-17
-3.25478e-16
6.43043e-16
-1.96113e-16
3.73174e-18
5.61612e-16
3.89295e-16
-2.8092e-16
7.39339e-16
-4.3209e-16
-1.38487e-16
1.35077e-16
-5.04036e-17
4.48099e-16
1.32885e-16
2.61251e-16
-7.73563e-17
2.14823e-16
-3.73332e-16
5.18562e-16
1.86109e-16
-4.44595e-16
4.0049e-16
-4.87384e-17
-3.92362e-16
-2.59028e-17
4.49935e-16
6.7232e-16
-1.25345e-16
9.86278e-17
2.77692e-16
2.56057e-16
-8.37226e-17
-1.05059e-15
3.34781e-16
-7.36447e-16
4.68707e-16
1.19969e-16
-4.4767e-16
-1.12675e-16
-1.89048e-16
9.51757e-17
-2.39877e-16
5.48334e-16
2.83022e-16
6.80876e-16
-8.46002e-17
-3.33416e-17
-2.03075e-16
1.56534e-16
7.78539e-17
3.90152e-16
2.18352e-16
2.88798e-16
-4.44636e-17
-3.87034e-16
1.68491e-16
-1.83708e-16
4.32503e-16
-3.31167e-16
7.45307e-16
8.17988e-16
4.69538e-16
-3.67886e-16
2.65687e-18
-1.41305e-16
-1.49202e-16
4.6144e-16
-7.53564e-16
-3.33385e-16
4.0586e-16
-5.67316e-16
-6.43396e-16
-6.08677e-19
-4.23988e-16
-4.08719e-16
1.21156e-16
-4.76801e-16
6.05554e-16
7.46259e-17
1.01476e-16
-4.21557e-16
2.33746e-17
2.53763e-16
2.0285e-17
-4.58615e-17
6.66708e-17
2.12737e-16
-4.79744e-16
4.23507e-16
1.12195e-16
-1.65841e-16
3.40856e-17
9.32105e-16
5.73508e-17
9.4828e-16
3.64589e-16
-2.87096e-16
8.0597e-16
6.75605e-16
2.2161e-16
-3.76644e-16
-6.73223e-17
-3.85524e-16
-3.61789e-18
6.24969e-16
3.27305e-17
-6.50993e-16
-8.54393e-16
1.60545e-16
5.02727e-16
3.93904e-16
-4.28482e-16
5.85468e-16
)
;

boundaryField
{
    top
    {
        type            calculated;
        value           uniform -0;
    }
    bottom
    {
        type            calculated;
        value           uniform 0;
    }
    wall
    {
        type            calculated;
        value           uniform 0;
    }
    frontAndBack
    {
        type            empty;
    }
}


// ************************************************************************* //
